Temperature (K)	Pressure (bar)	Density (mol/l)	Volume (l/mol)	Internal Energy (kJ/mol)	Enthalpy (kJ/mol)	Entropy (J/mol*K)	Cv (J/mol*K)	Cp (J/mol*K)	Sound Spd. (m/s)	Joule-Thomson (K/bar)	Viscosity (uPa*s)	Therm. Cond. (W/m*K)	Phase
300.00	1000.0	20.755	0.048181	3.3950	8.2131	15.969	18.781	36.811	690.23	-0.077003	268.65	0.060779	supercritical
300.00	1010.0	20.786	0.048109	3.3825	8.2415	15.904	18.798	36.773	692.58	-0.077285	270.13	0.061004	supercritical
300.00	1020.0	20.817	0.048037	3.3702	8.2700	15.838	18.816	36.735	694.92	-0.077561	271.62	0.061227	supercritical
300.00	1030.0	20.848	0.047967	3.3580	8.2985	15.773	18.833	36.699	697.24	-0.077832	273.10	0.061449	supercritical
300.00	1040.0	20.878	0.047897	3.3458	8.3271	15.709	18.850	36.663	699.55	-0.078097	274.57	0.061670	supercritical
300.00	1050.0	20.908	0.047828	3.3339	8.3558	15.645	18.867	36.628	701.84	-0.078356	276.05	0.061890	supercritical
300.00	1060.0	20.938	0.047759	3.3220	8.3845	15.581	18.884	36.593	704.12	-0.078610	277.52	0.062109	supercritical
300.00	1070.0	20.968	0.047692	3.3103	8.4133	15.518	18.901	36.559	706.38	-0.078859	278.99	0.062327	supercritical
300.00	1080.0	20.997	0.047625	3.2987	8.4422	15.456	18.917	36.526	708.63	-0.079103	280.46	0.062544	supercritical
300.00	1090.0	21.026	0.047559	3.2872	8.4711	15.393	18.934	36.493	710.87	-0.079342	281.93	0.062760	supercritical
300.00	1100.0	21.055	0.047494	3.2758	8.5001	15.331	18.951	36.461	713.09	-0.079576	283.40	0.062975	supercritical
300.00	1110.0	21.084	0.047429	3.2645	8.5291	15.270	18.967	36.430	715.30	-0.079805	284.86	0.063188	supercritical
300.00	1120.0	21.113	0.047365	3.2533	8.5582	15.209	18.984	36.399	717.50	-0.080030	286.32	0.063401	supercritical
300.00	1130.0	21.141	0.047302	3.2423	8.5874	15.149	19.000	36.369	719.69	-0.080251	287.78	0.063613	supercritical
300.00	1140.0	21.169	0.047239	3.2313	8.6166	15.088	19.017	36.340	721.86	-0.080467	289.24	0.063823	supercritical
300.00	1150.0	21.197	0.047177	3.2205	8.6459	15.029	19.033	36.310	724.02	-0.080679	290.70	0.064033	supercritical
300.00	1160.0	21.224	0.047116	3.2098	8.6752	14.969	19.049	36.282	726.17	-0.080887	292.16	0.064242	supercritical
300.00	1170.0	21.252	0.047055	3.1991	8.7046	14.910	19.065	36.254	728.31	-0.081090	293.61	0.064449	supercritical
300.00	1180.0	21.279	0.046995	3.1886	8.7340	14.851	19.081	36.226	730.44	-0.081290	295.07	0.064656	supercritical
300.00	1190.0	21.306	0.046935	3.1782	8.7635	14.793	19.097	36.199	732.55	-0.081486	296.52	0.064861	supercritical
300.00	1200.0	21.333	0.046876	3.1678	8.7930	14.735	19.113	36.173	734.66	-0.081679	297.97	0.065064	supercritical
300.00	1210.0	21.359	0.046818	3.1576	8.8225	14.678	19.129	36.147	736.75	-0.081867	299.42	0.065268	supercritical
300.00	1220.0	21.386	0.046760	3.1474	8.8522	14.620	19.145	36.121	738.83	-0.082052	300.87	0.065472	supercritical
300.00	1230.0	21.412	0.046703	3.1374	8.8818	14.563	19.161	36.096	740.90	-0.082234	302.31	0.065676	supercritical
300.00	1240.0	21.438	0.046646	3.1274	8.9115	14.507	19.176	36.071	742.96	-0.082412	303.76	0.065879	supercritical
300.00	1250.0	21.464	0.046590	3.1176	8.9413	14.451	19.192	36.047	745.01	-0.082587	305.20	0.066081	supercritical
300.00	1260.0	21.490	0.046534	3.1078	8.9711	14.395	19.207	36.023	747.05	-0.082759	306.65	0.066282	supercritical
300.00	1270.0	21.515	0.046479	3.0981	9.0009	14.339	19.223	36.000	749.08	-0.082928	308.09	0.066483	supercritical
300.00	1280.0	21.540	0.046424	3.0885	9.0308	14.284	19.238	35.977	751.10	-0.083093	309.53	0.066682	supercritical
300.00	1290.0	21.566	0.046370	3.0790	9.0607	14.229	19.254	35.954	753.11	-0.083256	310.97	0.066881	supercritical
300.00	1300.0	21.591	0.046316	3.0695	9.0906	14.174	19.269	35.932	755.11	-0.083415	312.41	0.067079	supercritical
300.00	1310.0	21.615	0.046263	3.0602	9.1206	14.120	19.284	35.910	757.10	-0.083572	313.85	0.067276	supercritical
300.00	1320.0	21.640	0.046210	3.0509	9.1507	14.066	19.299	35.888	759.08	-0.083726	315.28	0.067473	supercritical
300.00	1330.0	21.665	0.046158	3.0417	9.1807	14.012	19.314	35.867	761.05	-0.083877	316.72	0.067669	supercritical
300.00	1340.0	21.689	0.046106	3.0326	9.2108	13.959	19.329	35.846	763.01	-0.084025	318.15	0.067864	supercritical
300.00	1350.0	21.713	0.046055	3.0235	9.2410	13.906	19.344	35.826	764.96	-0.084171	319.59	0.068058	supercritical
300.00	1360.0	21.737	0.046004	3.0146	9.2711	13.853	19.359	35.806	766.90	-0.084314	321.02	0.068251	supercritical
300.00	1370.0	21.761	0.045954	3.0057	9.3014	13.800	19.374	35.786	768.84	-0.084454	322.45	0.068444	supercritical
300.00	1380.0	21.785	0.045904	2.9969	9.3316	13.748	19.389	35.767	770.76	-0.084592	323.88	0.068636	supercritical
300.00	1390.0	21.808	0.045854	2.9882	9.3619	13.696	19.404	35.747	772.68	-0.084728	325.31	0.068828	supercritical
300.00	1400.0	21.832	0.045805	2.9795	9.3922	13.644	19.418	35.729	774.59	-0.084861	326.74	0.069018	supercritical
300.00	1410.0	21.855	0.045756	2.9709	9.4225	13.593	19.433	35.710	776.49	-0.084992	328.17	0.069208	supercritical
300.00	1420.0	21.878	0.045708	2.9624	9.4529	13.541	19.448	35.692	778.38	-0.085121	329.60	0.069398	supercritical
300.00	1430.0	21.901	0.045660	2.9539	9.4833	13.490	19.462	35.674	780.27	-0.085247	331.03	0.069586	supercritical
300.00	1440.0	21.924	0.045612	2.9456	9.5137	13.440	19.477	35.656	782.14	-0.085372	332.45	0.069774	supercritical
300.00	1450.0	21.947	0.045565	2.9373	9.5441	13.389	19.491	35.639	784.01	-0.085494	333.88	0.069962	supercritical
300.00	1460.0	21.969	0.045518	2.9290	9.5746	13.339	19.505	35.622	785.87	-0.085614	335.30	0.070148	supercritical
300.00	1470.0	21.992	0.045471	2.9208	9.6051	13.289	19.520	35.605	787.72	-0.085732	336.73	0.070335	supercritical
300.00	1480.0	22.014	0.045425	2.9127	9.6357	13.240	19.534	35.588	789.56	-0.085848	338.15	0.070520	supercritical
300.00	1490.0	22.036	0.045380	2.9047	9.6662	13.190	19.548	35.572	791.40	-0.085962	339.57	0.070705	supercritical
300.00	1500.0	22.058	0.045334	2.8967	9.6968	13.141	19.562	35.556	793.23	-0.086074	340.99	0.070889	supercritical
300.00	1510.0	22.080	0.045289	2.8888	9.7275	13.092	19.576	35.540	795.05	-0.086184	342.42	0.071072	supercritical
300.00	1520.0	22.102	0.045244	2.8809	9.7581	13.043	19.590	35.525	796.86	-0.086292	343.84	0.071255	supercritical
300.00	1530.0	22.124	0.045200	2.8732	9.7888	12.995	19.604	35.510	798.67	-0.086398	345.26	0.071438	supercritical
300.00	1540.0	22.145	0.045156	2.8654	9.8195	12.946	19.618	35.495	800.47	-0.086503	346.68	0.071619	supercritical
300.00	1550.0	22.167	0.045112	2.8578	9.8502	12.898	19.632	35.480	802.26	-0.086606	348.09	0.071801	supercritical
300.00	1560.0	22.188	0.045069	2.8501	9.8809	12.850	19.646	35.465	804.04	-0.086707	349.51	0.071981	supercritical
300.00	1570.0	22.209	0.045026	2.8426	9.9117	12.803	19.660	35.451	805.82	-0.086806	350.93	0.072161	supercritical
300.00	1580.0	22.231	0.044983	2.8351	9.9425	12.755	19.674	35.437	807.59	-0.086904	352.35	0.072341	supercritical
300.00	1590.0	22.251	0.044941	2.8277	9.9733	12.708	19.687	35.423	809.35	-0.087000	353.76	0.072519	supercritical
300.00	1600.0	22.272	0.044899	2.8203	10.004	12.661	19.701	35.409	811.11	-0.087095	355.18	0.072698	supercritical
300.00	1610.0	22.293	0.044857	2.8130	10.035	12.614	19.715	35.395	812.86	-0.087188	356.60	0.072875	supercritical
300.00	1620.0	22.314	0.044815	2.8057	10.066	12.568	19.728	35.382	814.61	-0.087279	358.01	0.073053	supercritical
300.00	1630.0	22.334	0.044774	2.7985	10.097	12.522	19.742	35.369	816.34	-0.087369	359.43	0.073229	supercritical
300.00	1640.0	22.355	0.044733	2.7913	10.128	12.475	19.755	35.356	818.07	-0.087457	360.84	0.073405	supercritical
300.00	1650.0	22.375	0.044693	2.7842	10.159	12.429	19.769	35.343	819.80	-0.087544	362.25	0.073581	supercritical
300.00	1660.0	22.395	0.044652	2.7772	10.189	12.384	19.782	35.331	821.52	-0.087630	363.67	0.073756	supercritical
300.00	1670.0	22.415	0.044612	2.7702	10.220	12.338	19.795	35.319	823.23	-0.087714	365.08	0.073930	supercritical
300.00	1680.0	22.435	0.044573	2.7633	10.251	12.293	19.809	35.306	824.93	-0.087797	366.49	0.074104	supercritical
300.00	1690.0	22.455	0.044533	2.7564	10.282	12.248	19.822	35.295	826.63	-0.087878	367.90	0.074278	supercritical
300.00	1700.0	22.475	0.044494	2.7495	10.313	12.203	19.835	35.283	828.33	-0.087958	369.32	0.074451	supercritical
300.00	1710.0	22.495	0.044455	2.7427	10.345	12.158	19.848	35.271	830.01	-0.088037	370.73	0.074623	supercritical
300.00	1720.0	22.514	0.044416	2.7360	10.376	12.113	19.861	35.260	831.69	-0.088114	372.14	0.074795	supercritical
300.00	1730.0	22.534	0.044378	2.7293	10.407	12.069	19.874	35.248	833.37	-0.088191	373.55	0.074966	supercritical
300.00	1740.0	22.553	0.044340	2.7227	10.438	12.025	19.887	35.237	835.04	-0.088265	374.96	0.075137	supercritical
300.00	1750.0	22.573	0.044302	2.7161	10.469	11.981	19.900	35.226	836.70	-0.088339	376.37	0.075308	supercritical
300.00	1760.0	22.592	0.044264	2.7095	10.500	11.937	19.913	35.216	838.36	-0.088412	377.78	0.075478	supercritical
300.00	1770.0	22.611	0.044227	2.7030	10.531	11.893	19.926	35.205	840.01	-0.088483	379.19	0.075647	supercritical
300.00	1780.0	22.630	0.044189	2.6966	10.562	11.850	19.939	35.195	841.66	-0.088553	380.60	0.075816	supercritical
300.00	1790.0	22.649	0.044152	2.6902	10.593	11.806	19.952	35.184	843.30	-0.088622	382.00	0.075985	supercritical
300.00	1800.0	22.668	0.044116	2.6838	10.625	11.763	19.965	35.174	844.93	-0.088690	383.41	0.076153	supercritical
300.00	1810.0	22.686	0.044079	2.6775	10.656	11.720	19.977	35.164	846.56	-0.088757	384.82	0.076320	supercritical
300.00	1820.0	22.705	0.044043	2.6712	10.687	11.677	19.990	35.154	848.19	-0.088823	386.23	0.076487	supercritical
300.00	1830.0	22.724	0.044007	2.6650	10.718	11.635	20.003	35.145	849.81	-0.088887	387.64	0.076654	supercritical
300.00	1840.0	22.742	0.043971	2.6588	10.750	11.592	20.015	35.135	851.42	-0.088951	389.04	0.076820	supercritical
300.00	1850.0	22.761	0.043936	2.6527	10.781	11.550	20.028	35.126	853.03	-0.089013	390.45	0.076986	supercritical
300.00	1860.0	22.779	0.043900	2.6466	10.812	11.508	20.040	35.116	854.63	-0.089075	391.86	0.077151	supercritical
300.00	1870.0	22.797	0.043865	2.6406	10.843	11.466	20.053	35.107	856.23	-0.089135	393.26	0.077316	supercritical
300.00	1880.0	22.815	0.043830	2.6346	10.875	11.424	20.065	35.098	857.82	-0.089195	394.67	0.077481	supercritical
300.00	1890.0	22.833	0.043796	2.6286	10.906	11.382	20.078	35.089	859.41	-0.089253	396.07	0.077645	supercritical
300.00	1900.0	22.851	0.043761	2.6227	10.937	11.341	20.090	35.081	861.00	-0.089311	397.48	0.077808	supercritical
300.00	1910.0	22.869	0.043727	2.6168	10.969	11.300	20.102	35.072	862.57	-0.089368	398.88	0.077972	supercritical
300.00	1920.0	22.887	0.043693	2.6110	11.000	11.258	20.115	35.064	864.15	-0.089424	400.29	0.078134	supercritical
300.00	1930.0	22.905	0.043659	2.6052	11.031	11.217	20.127	35.055	865.71	-0.089478	401.69	0.078297	supercritical
300.00	1940.0	22.922	0.043625	2.5994	11.063	11.176	20.139	35.047	867.28	-0.089532	403.10	0.078459	supercritical
300.00	1950.0	22.940	0.043592	2.5937	11.094	11.136	20.151	35.039	868.84	-0.089585	404.50	0.078620	supercritical
300.00	1960.0	22.957	0.043559	2.5880	11.126	11.095	20.163	35.031	870.39	-0.089638	405.91	0.078781	supercritical
300.00	1970.0	22.975	0.043526	2.5823	11.157	11.055	20.176	35.023	871.94	-0.089689	407.31	0.078942	supercritical
300.00	1980.0	22.992	0.043493	2.5767	11.188	11.014	20.188	35.015	873.48	-0.089740	408.72	0.079102	supercritical
300.00	1990.0	23.010	0.043460	2.5712	11.220	10.974	20.200	35.008	875.02	-0.089789	410.12	0.079262	supercritical
300.00	2000.0	23.027	0.043428	2.5656	11.251	10.934	20.212	35.000	876.56	-0.089838	411.52	0.079421	supercritical
300.00	2010.0	23.044	0.043396	2.5602	11.283	10.894	20.224	34.993	878.09	-0.089886	412.93	0.079580	supercritical
300.00	2020.0	23.061	0.043363	2.5547	11.314	10.854	20.236	34.985	879.61	-0.089933	414.33	0.079739	supercritical
300.00	2030.0	23.078	0.043331	2.5493	11.346	10.815	20.248	34.978	881.13	-0.089980	415.73	0.079897	supercritical
300.00	2040.0	23.095	0.043300	2.5439	11.377	10.775	20.259	34.971	882.65	-0.090026	417.14	0.080055	supercritical
300.00	2050.0	23.112	0.043268	2.5386	11.409	10.736	20.271	34.964	884.16	-0.090071	418.54	0.080213	supercritical
300.00	2060.0	23.128	0.043237	2.5333	11.440	10.697	20.283	34.957	885.67	-0.090115	419.94	0.080370	supercritical
300.00	2070.0	23.145	0.043206	2.5280	11.472	10.658	20.295	34.950	887.18	-0.090159	421.34	0.080527	supercritical
300.00	2080.0	23.162	0.043175	2.5227	11.503	10.619	20.307	34.944	888.67	-0.090201	422.75	0.080683	supercritical
300.00	2090.0	23.178	0.043144	2.5175	11.535	10.580	20.318	34.937	890.17	-0.090243	424.15	0.080839	supercritical
300.00	2100.0	23.195	0.043113	2.5124	11.566	10.541	20.330	34.930	891.66	-0.090285	425.55	0.080995	supercritical
300.00	2110.0	23.211	0.043083	2.5072	11.598	10.503	20.342	34.924	893.15	-0.090326	426.95	0.081150	supercritical
300.00	2120.0	23.228	0.043052	2.5021	11.629	10.465	20.353	34.918	894.63	-0.090366	428.36	0.081305	supercritical
300.00	2130.0	23.244	0.043022	2.4971	11.661	10.426	20.365	34.911	896.11	-0.090405	429.76	0.081460	supercritical
300.00	2140.0	23.260	0.042992	2.4920	11.692	10.388	20.376	34.905	897.58	-0.090444	431.16	0.081614	supercritical
300.00	2150.0	23.276	0.042962	2.4870	11.724	10.350	20.388	34.899	899.05	-0.090482	432.56	0.081768	supercritical
300.00	2160.0	23.292	0.042933	2.4821	11.755	10.312	20.399	34.893	900.52	-0.090519	433.96	0.081921	supercritical
300.00	2170.0	23.308	0.042903	2.4771	11.787	10.275	20.411	34.888	901.98	-0.090556	435.37	0.082074	supercritical
300.00	2180.0	23.324	0.042874	2.4722	11.819	10.237	20.422	34.882	903.44	-0.090592	436.77	0.082227	supercritical
300.00	2190.0	23.340	0.042844	2.4674	11.850	10.199	20.433	34.876	904.89	-0.090628	438.17	0.082379	supercritical
300.00	2200.0	23.356	0.042815	2.4625	11.882	10.162	20.445	34.870	906.34	-0.090662	439.57	0.082532	supercritical
300.00	2210.0	23.372	0.042786	2.4577	11.914	10.125	20.456	34.865	907.79	-0.090697	440.97	0.082683	supercritical
300.00	2220.0	23.388	0.042758	2.4529	11.945	10.088	20.467	34.860	909.23	-0.090731	442.37	0.082835	supercritical
300.00	2230.0	23.403	0.042729	2.4482	11.977	10.050	20.479	34.854	910.67	-0.090764	443.78	0.082986	supercritical
300.00	2240.0	23.419	0.042701	2.4435	12.008	10.014	20.490	34.849	912.11	-0.090796	445.18	0.083137	supercritical
300.00	2250.0	23.434	0.042672	2.4388	12.040	9.9768	20.501	34.844	913.54	-0.090828	446.58	0.083287	supercritical
300.00	2260.0	23.450	0.042644	2.4341	12.072	9.9401	20.512	34.839	914.97	-0.090860	447.98	0.083437	supercritical
300.00	2270.0	23.465	0.042616	2.4295	12.103	9.9035	20.523	34.834	916.39	-0.090891	449.38	0.083587	supercritical
300.00	2280.0	23.481	0.042588	2.4249	12.135	9.8670	20.534	34.829	917.81	-0.090921	450.78	0.083736	supercritical
300.00	2290.0	23.496	0.042560	2.4204	12.167	9.8307	20.546	34.824	919.23	-0.090951	452.18	0.083886	supercritical
300.00	2300.0	23.511	0.042533	2.4158	12.198	9.7944	20.557	34.819	920.64	-0.090980	453.59	0.084034	supercritical
300.00	2310.0	23.526	0.042505	2.4113	12.230	9.7583	20.568	34.814	922.05	-0.091009	454.99	0.084183	supercritical
300.00	2320.0	23.542	0.042478	2.4068	12.262	9.7223	20.579	34.810	923.45	-0.091038	456.39	0.084331	supercritical
300.00	2330.0	23.557	0.042451	2.4024	12.293	9.6864	20.590	34.805	924.86	-0.091065	457.79	0.084479	supercritical
300.00	2340.0	23.572	0.042424	2.3980	12.325	9.6506	20.601	34.801	926.25	-0.091093	459.19	0.084627	supercritical
300.00	2350.0	23.587	0.042397	2.3936	12.357	9.6149	20.611	34.796	927.65	-0.091120	460.59	0.084774	supercritical
300.00	2360.0	23.602	0.042370	2.3892	12.389	9.5793	20.622	34.792	929.04	-0.091146	461.99	0.084921	supercritical
300.00	2370.0	23.616	0.042343	2.3849	12.420	9.5439	20.633	34.787	930.43	-0.091172	463.39	0.085067	supercritical
300.00	2380.0	23.631	0.042317	2.3806	12.452	9.5085	20.644	34.783	931.81	-0.091197	464.80	0.085214	supercritical
300.00	2390.0	23.646	0.042290	2.3763	12.484	9.4732	20.655	34.779	933.19	-0.091222	466.20	0.085360	supercritical
300.00	2400.0	23.661	0.042264	2.3720	12.515	9.4381	20.666	34.775	934.57	-0.091247	467.60	0.085505	supercritical
300.00	2410.0	23.675	0.042238	2.3678	12.547	9.4030	20.676	34.771	935.95	-0.091271	469.00	0.085651	supercritical
300.00	2420.0	23.690	0.042212	2.3636	12.579	9.3680	20.687	34.767	937.32	-0.091294	470.40	0.085796	supercritical
300.00	2430.0	23.704	0.042186	2.3594	12.611	9.3332	20.698	34.763	938.69	-0.091317	471.80	0.085941	supercritical
300.00	2440.0	23.719	0.042160	2.3553	12.642	9.2984	20.708	34.759	940.05	-0.091340	473.20	0.086085	supercritical
300.00	2450.0	23.733	0.042135	2.3511	12.674	9.2638	20.719	34.755	941.41	-0.091362	474.61	0.086230	supercritical
300.00	2460.0	23.748	0.042109	2.3470	12.706	9.2292	20.730	34.752	942.77	-0.091384	476.01	0.086374	supercritical
300.00	2470.0	23.762	0.042084	2.3430	12.738	9.1948	20.740	34.748	944.13	-0.091406	477.41	0.086517	supercritical
300.00	2480.0	23.776	0.042058	2.3389	12.769	9.1604	20.751	34.744	945.48	-0.091427	478.81	0.086661	supercritical
300.00	2490.0	23.791	0.042033	2.3349	12.801	9.1261	20.761	34.741	946.83	-0.091447	480.21	0.086804	supercritical
300.00	2500.0	23.805	0.042008	2.3309	12.833	9.0920	20.772	34.737	948.17	-0.091468	481.61	0.086947	supercritical
300.00	2510.0	23.819	0.041983	2.3269	12.865	9.0579	20.782	34.734	949.51	-0.091487	483.01	0.087089	supercritical
300.00	2520.0	23.833	0.041958	2.3230	12.897	9.0239	20.793	34.731	950.85	-0.091507	484.42	0.087232	supercritical
300.00	2530.0	23.847	0.041934	2.3191	12.928	8.9901	20.803	34.727	952.19	-0.091526	485.82	0.087374	supercritical
300.00	2540.0	23.861	0.041909	2.3152	12.960	8.9563	20.814	34.724	953.52	-0.091545	487.22	0.087515	supercritical
300.00	2550.0	23.875	0.041885	2.3113	12.992	8.9226	20.824	34.721	954.85	-0.091563	488.62	0.087657	supercritical
300.00	2560.0	23.889	0.041860	2.3074	13.024	8.8890	20.834	34.718	956.18	-0.091581	490.02	0.087798	supercritical
300.00	2570.0	23.903	0.041836	2.3036	13.055	8.8555	20.845	34.715	957.50	-0.091598	491.43	0.087939	supercritical
300.00	2580.0	23.917	0.041812	2.2998	13.087	8.8221	20.855	34.712	958.82	-0.091616	492.83	0.088080	supercritical
300.00	2590.0	23.930	0.041788	2.2960	13.119	8.7887	20.865	34.709	960.14	-0.091632	494.23	0.088220	supercritical
300.00	2600.0	23.944	0.041764	2.2923	13.151	8.7555	20.875	34.706	961.46	-0.091649	495.63	0.088360	supercritical
300.00	2610.0	23.958	0.041740	2.2885	13.183	8.7224	20.886	34.703	962.77	-0.091665	497.04	0.088500	supercritical
300.00	2620.0	23.971	0.041716	2.2848	13.214	8.6893	20.896	34.700	964.08	-0.091681	498.44	0.088640	supercritical
300.00	2630.0	23.985	0.041693	2.2811	13.246	8.6563	20.906	34.697	965.38	-0.091696	499.84	0.088779	supercritical
300.00	2640.0	23.999	0.041669	2.2775	13.278	8.6235	20.916	34.694	966.69	-0.091711	501.24	0.088918	supercritical
300.00	2650.0	24.012	0.041646	2.2738	13.310	8.5907	20.926	34.692	967.99	-0.091726	502.65	0.089057	supercritical
300.00	2660.0	24.026	0.041622	2.2702	13.342	8.5580	20.936	34.689	969.29	-0.091741	504.05	0.089195	supercritical
300.00	2670.0	24.039	0.041599	2.2666	13.374	8.5254	20.946	34.686	970.58	-0.091755	505.45	0.089334	supercritical
300.00	2680.0	24.052	0.041576	2.2630	13.405	8.4928	20.957	34.684	971.87	-0.091769	506.85	0.089472	supercritical
300.00	2690.0	24.066	0.041553	2.2595	13.437	8.4604	20.967	34.681	973.16	-0.091782	508.26	0.089610	supercritical
300.00	2700.0	24.079	0.041530	2.2560	13.469	8.4280	20.977	34.679	974.45	-0.091795	509.66	0.089747	supercritical
300.00	2710.0	24.092	0.041507	2.2525	13.501	8.3957	20.987	34.677	975.73	-0.091808	511.06	0.089885	supercritical
300.00	2720.0	24.105	0.041484	2.2490	13.533	8.3635	20.997	34.674	977.01	-0.091821	512.47	0.090022	supercritical
300.00	2730.0	24.119	0.041462	2.2455	13.565	8.3314	21.007	34.672	978.29	-0.091833	513.87	0.090159	supercritical
300.00	2740.0	24.132	0.041439	2.2420	13.596	8.2994	21.016	34.670	979.57	-0.091845	515.27	0.090295	supercritical
300.00	2750.0	24.145	0.041417	2.2386	13.628	8.2674	21.026	34.668	980.84	-0.091857	516.68	0.090431	supercritical
300.00	2760.0	24.158	0.041395	2.2352	13.660	8.2356	21.036	34.665	982.11	-0.091868	518.08	0.090568	supercritical
300.00	2770.0	24.171	0.041372	2.2318	13.692	8.2038	21.046	34.663	983.38	-0.091879	519.49	0.090703	supercritical
300.00	2780.0	24.184	0.041350	2.2285	13.724	8.1721	21.056	34.661	984.64	-0.091890	520.89	0.090839	supercritical
300.00	2790.0	24.197	0.041328	2.2251	13.756	8.1405	21.066	34.659	985.90	-0.091901	522.29	0.090974	supercritical
300.00	2800.0	24.210	0.041306	2.2218	13.788	8.1089	21.076	34.657	987.16	-0.091911	523.70	0.091110	supercritical
300.00	2810.0	24.222	0.041284	2.2185	13.819	8.0774	21.085	34.655	988.42	-0.091921	525.10	0.091245	supercritical
300.00	2820.0	24.235	0.041262	2.2152	13.851	8.0460	21.095	34.653	989.68	-0.091931	526.51	0.091379	supercritical
300.00	2830.0	24.248	0.041241	2.2120	13.883	8.0147	21.105	34.651	990.93	-0.091940	527.91	0.091514	supercritical
300.00	2840.0	24.261	0.041219	2.2087	13.915	7.9835	21.115	34.649	992.18	-0.091949	529.32	0.091648	supercritical
300.00	2850.0	24.273	0.041198	2.2055	13.947	7.9523	21.124	34.648	993.42	-0.091958	530.72	0.091782	supercritical
300.00	2860.0	24.286	0.041176	2.2023	13.979	7.9213	21.134	34.646	994.67	-0.091967	532.13	0.091916	supercritical
300.00	2870.0	24.299	0.041155	2.1991	14.011	7.8903	21.144	34.644	995.91	-0.091975	533.53	0.092049	supercritical
300.00	2880.0	24.311	0.041134	2.1959	14.042	7.8593	21.153	34.643	997.15	-0.091984	534.94	0.092183	supercritical
300.00	2890.0	24.324	0.041112	2.1928	14.074	7.8285	21.163	34.641	998.39	-0.091992	536.34	0.092316	supercritical
300.00	2900.0	24.336	0.041091	2.1897	14.106	7.7977	21.172	34.639	999.62	-0.091999	537.75	0.092449	supercritical
300.00	2910.0	24.349	0.041070	2.1866	14.138	7.7670	21.182	34.638	1000.9	-0.092007	539.15	0.092581	supercritical
300.00	2920.0	24.361	0.041049	2.1835	14.170	7.7363	21.191	34.636	1002.1	-0.092014	540.56	0.092714	supercritical
300.00	2930.0	24.373	0.041028	2.1804	14.202	7.7058	21.201	34.635	1003.3	-0.092021	541.97	0.092846	supercritical
300.00	2940.0	24.386	0.041008	2.1774	14.234	7.6753	21.210	34.633	1004.5	-0.092028	543.37	0.092978	supercritical
300.00	2950.0	24.398	0.040987	2.1743	14.265	7.6449	21.220	34.632	1005.8	-0.092034	544.78	0.093110	supercritical
300.00	2960.0	24.410	0.040966	2.1713	14.297	7.6145	21.229	34.630	1007.0	-0.092040	546.18	0.093241	supercritical
300.00	2970.0	24.423	0.040946	2.1683	14.329	7.5843	21.239	34.629	1008.2	-0.092047	547.59	0.093373	supercritical
300.00	2980.0	24.435	0.040925	2.1653	14.361	7.5541	21.248	34.628	1009.4	-0.092052	549.00	0.093504	supercritical
300.00	2990.0	24.447	0.040905	2.1624	14.393	7.5239	21.258	34.626	1010.6	-0.092058	550.40	0.093635	supercritical
300.00	3000.0	24.459	0.040885	2.1594	14.425	7.4939	21.267	34.625	1011.8	-0.092063	551.81	0.093765	supercritical
300.00	3010.0	24.471	0.040865	2.1565	14.457	7.4639	21.276	34.624	1013.0	-0.092069	553.22	0.093896	supercritical
300.00	3020.0	24.483	0.040844	2.1536	14.489	7.4340	21.286	34.623	1014.2	-0.092074	554.62	0.094026	supercritical
300.00	3030.0	24.495	0.040824	2.1507	14.520	7.4041	21.295	34.622	1015.5	-0.092078	556.03	0.094156	supercritical
300.00	3040.0	24.507	0.040804	2.1478	14.552	7.3743	21.304	34.621	1016.7	-0.092083	557.44	0.094286	supercritical
300.00	3050.0	24.519	0.040784	2.1450	14.584	7.3446	21.314	34.619	1017.9	-0.092087	558.85	0.094416	supercritical
300.00	3060.0	24.531	0.040765	2.1421	14.616	7.3150	21.323	34.618	1019.1	-0.092091	560.26	0.094545	supercritical
300.00	3070.0	24.543	0.040745	2.1393	14.648	7.2854	21.332	34.617	1020.2	-0.092095	561.66	0.094675	supercritical
300.00	3080.0	24.555	0.040725	2.1365	14.680	7.2559	21.341	34.616	1021.4	-0.092099	563.07	0.094804	supercritical
300.00	3090.0	24.567	0.040706	2.1337	14.712	7.2264	21.351	34.615	1022.6	-0.092103	564.48	0.094932	supercritical
300.00	3100.0	24.578	0.040686	2.1310	14.744	7.1970	21.360	34.615	1023.8	-0.092106	565.89	0.095061	supercritical
300.00	3110.0	24.590	0.040667	2.1282	14.776	7.1677	21.369	34.614	1025.0	-0.092109	567.30	0.095190	supercritical
300.00	3120.0	24.602	0.040647	2.1255	14.807	7.1385	21.378	34.613	1026.2	-0.092112	568.71	0.095318	supercritical
300.00	3130.0	24.614	0.040628	2.1228	14.839	7.1093	21.387	34.612	1027.4	-0.092115	570.11	0.095446	supercritical
300.00	3140.0	24.625	0.040609	2.1200	14.871	7.0802	21.396	34.611	1028.5	-0.092118	571.52	0.095574	supercritical
300.00	3150.0	24.637	0.040590	2.1174	14.903	7.0511	21.406	34.610	1029.7	-0.092120	572.93	0.095701	supercritical
300.00	3160.0	24.648	0.040570	2.1147	14.935	7.0221	21.415	34.610	1030.9	-0.092122	574.34	0.095829	supercritical
300.00	3170.0	24.660	0.040551	2.1120	14.967	6.9932	21.424	34.609	1032.1	-0.092124	575.75	0.095956	supercritical
300.00	3180.0	24.672	0.040532	2.1094	14.999	6.9643	21.433	34.608	1033.2	-0.092126	577.16	0.096083	supercritical
300.00	3190.0	24.683	0.040514	2.1068	15.031	6.9355	21.442	34.608	1034.4	-0.092128	578.57	0.096210	supercritical
300.00	3200.0	24.695	0.040495	2.1042	15.062	6.9068	21.451	34.607	1035.6	-0.092130	579.98	0.096337	supercritical
300.00	3210.0	24.706	0.040476	2.1016	15.094	6.8781	21.460	34.606	1036.7	-0.092131	581.39	0.096463	supercritical
300.00	3220.0	24.717	0.040457	2.0990	15.126	6.8495	21.469	34.606	1037.9	-0.092132	582.80	0.096590	supercritical
300.00	3230.0	24.729	0.040439	2.0964	15.158	6.8210	21.478	34.605	1039.1	-0.092133	584.21	0.096716	supercritical
300.00	3240.0	24.740	0.040420	2.0939	15.190	6.7925	21.487	34.605	1040.2	-0.092134	585.62	0.096842	supercritical
300.00	3250.0	24.751	0.040402	2.0914	15.222	6.7641	21.496	34.604	1041.4	-0.092135	587.04	0.096967	supercritical
300.00	3260.0	24.763	0.040383	2.0889	15.254	6.7357	21.504	34.604	1042.5	-0.092135	588.45	0.097093	supercritical
300.00	3270.0	24.774	0.040365	2.0864	15.286	6.7074	21.513	34.603	1043.7	-0.092136	589.86	0.097218	supercritical
300.00	3280.0	24.785	0.040347	2.0839	15.318	6.6791	21.522	34.603	1044.8	-0.092136	591.27	0.097344	supercritical
300.00	3290.0	24.796	0.040328	2.0814	15.349	6.6510	21.531	34.602	1046.0	-0.092136	592.68	0.097469	supercritical
300.00	3300.0	24.808	0.040310	2.0790	15.381	6.6228	21.540	34.602	1047.1	-0.092136	594.09	0.097593	supercritical
300.00	3310.0	24.819	0.040292	2.0765	15.413	6.5948	21.549	34.602	1048.3	-0.092136	595.51	0.097718	supercritical
300.00	3320.0	24.830	0.040274	2.0741	15.445	6.5668	21.558	34.601	1049.4	-0.092135	596.92	0.097843	supercritical
300.00	3330.0	24.841	0.040256	2.0717	15.477	6.5388	21.566	34.601	1050.6	-0.092135	598.33	0.097967	supercritical
300.00	3340.0	24.852	0.040238	2.0693	15.509	6.5109	21.575	34.601	1051.7	-0.092134	599.74	0.098091	supercritical
300.00	3350.0	24.863	0.040220	2.0669	15.541	6.4831	21.584	34.601	1052.8	-0.092133	601.16	0.098215	supercritical
300.00	3360.0	24.874	0.040203	2.0645	15.573	6.4553	21.593	34.600	1054.0	-0.092132	602.57	0.098339	supercritical
300.00	3370.0	24.885	0.040185	2.0622	15.604	6.4276	21.601	34.600	1055.1	-0.092131	603.98	0.098462	supercritical
300.00	3380.0	24.896	0.040167	2.0599	15.636	6.3999	21.610	34.600	1056.2	-0.092130	605.39	0.098586	supercritical
300.00	3390.0	24.907	0.040150	2.0575	15.668	6.3723	21.619	34.600	1057.4	-0.092128	606.81	0.098709	supercritical
300.00	3400.0	24.918	0.040132	2.0552	15.700	6.3448	21.627	34.600	1058.5	-0.092127	608.22	0.098832	supercritical
300.00	3410.0	24.929	0.040114	2.0529	15.732	6.3173	21.636	34.600	1059.6	-0.092125	609.64	0.098955	supercritical
300.00	3420.0	24.939	0.040097	2.0506	15.764	6.2898	21.645	34.600	1060.7	-0.092123	611.05	0.099078	supercritical
300.00	3430.0	24.950	0.040080	2.0484	15.796	6.2624	21.653	34.600	1061.9	-0.092121	612.46	0.099200	supercritical
300.00	3440.0	24.961	0.040062	2.0461	15.828	6.2351	21.662	34.600	1063.0	-0.092119	613.88	0.099322	supercritical
300.00	3450.0	24.972	0.040045	2.0439	15.859	6.2078	21.670	34.600	1064.1	-0.092117	615.29	0.099445	supercritical
300.00	3460.0	24.983	0.040028	2.0417	15.891	6.1806	21.679	34.600	1065.2	-0.092115	616.71	0.099567	supercritical
300.00	3470.0	24.993	0.040011	2.0395	15.923	6.1535	21.688	34.600	1066.3	-0.092112	618.12	0.099689	supercritical
300.00	3480.0	25.004	0.039994	2.0373	15.955	6.1264	21.696	34.600	1067.4	-0.092109	619.54	0.099810	supercritical
300.00	3490.0	25.015	0.039977	2.0351	15.987	6.0993	21.705	34.600	1068.6	-0.092107	620.95	0.099932	supercritical
300.00	3500.0	25.025	0.039960	2.0329	16.019	6.0723	21.713	34.600	1069.7	-0.092104	622.37	0.10005	supercritical
300.00	3510.0	25.036	0.039943	2.0307	16.051	6.0454	21.722	34.600	1070.8	-0.092101	623.79	0.10017	supercritical
300.00	3520.0	25.046	0.039926	2.0286	16.083	6.0185	21.730	34.600	1071.9	-0.092098	625.20	0.10030	supercritical
300.00	3530.0	25.057	0.039909	2.0265	16.114	5.9916	21.739	34.600	1073.0	-0.092094	626.62	0.10042	supercritical
300.00	3540.0	25.067	0.039892	2.0244	16.146	5.9648	21.747	34.600	1074.1	-0.092091	628.04	0.10054	supercritical
300.00	3550.0	25.078	0.039876	2.0223	16.178	5.9381	21.756	34.601	1075.2	-0.092088	629.45	0.10066	supercritical
300.00	3560.0	25.088	0.039859	2.0202	16.210	5.9114	21.764	34.601	1076.3	-0.092084	630.87	0.10078	supercritical
300.00	3570.0	25.099	0.039843	2.0181	16.242	5.8848	21.772	34.601	1077.4	-0.092080	632.29	0.10090	supercritical
300.00	3580.0	25.109	0.039826	2.0160	16.274	5.8582	21.781	34.601	1078.5	-0.092076	633.70	0.10102	supercritical
300.00	3590.0	25.120	0.039810	2.0140	16.306	5.8317	21.789	34.602	1079.6	-0.092073	635.12	0.10114	supercritical
300.00	3600.0	25.130	0.039793	2.0119	16.337	5.8052	21.798	34.602	1080.7	-0.092068	636.54	0.10126	supercritical
300.00	3610.0	25.140	0.039777	2.0099	16.369	5.7788	21.806	34.602	1081.7	-0.092064	637.96	0.10138	supercritical
300.00	3620.0	25.151	0.039760	2.0079	16.401	5.7524	21.814	34.603	1082.8	-0.092060	639.37	0.10150	supercritical
300.00	3630.0	25.161	0.039744	2.0059	16.433	5.7261	21.823	34.603	1083.9	-0.092056	640.79	0.10162	supercritical
300.00	3640.0	25.171	0.039728	2.0039	16.465	5.6998	21.831	34.603	1085.0	-0.092051	642.21	0.10174	supercritical
300.00	3650.0	25.181	0.039712	2.0019	16.497	5.6736	21.839	34.604	1086.1	-0.092047	643.63	0.10185	supercritical
300.00	3660.0	25.192	0.039696	1.9999	16.529	5.6474	21.847	34.604	1087.2	-0.092042	645.05	0.10197	supercritical
300.00	3670.0	25.202	0.039680	1.9980	16.560	5.6213	21.856	34.605	1088.2	-0.092037	646.47	0.10209	supercritical
300.00	3680.0	25.212	0.039664	1.9961	16.592	5.5952	21.864	34.605	1089.3	-0.092032	647.89	0.10221	supercritical
300.00	3690.0	25.222	0.039648	1.9941	16.624	5.5692	21.872	34.605	1090.4	-0.092027	649.31	0.10233	supercritical
300.00	3700.0	25.232	0.039632	1.9922	16.656	5.5432	21.880	34.606	1091.5	-0.092022	650.73	0.10245	supercritical
300.00	3710.0	25.242	0.039616	1.9903	16.688	5.5173	21.889	34.606	1092.6	-0.092017	652.15	0.10256	supercritical
300.00	3720.0	25.252	0.039600	1.9884	16.720	5.4914	21.897	34.607	1093.6	-0.092011	653.57	0.10268	supercritical
300.00	3730.0	25.263	0.039584	1.9865	16.751	5.4655	21.905	34.607	1094.7	-0.092006	654.99	0.10280	supercritical
300.00	3740.0	25.273	0.039569	1.9847	16.783	5.4397	21.913	34.608	1095.8	-0.092001	656.41	0.10292	supercritical
300.00	3750.0	25.283	0.039553	1.9828	16.815	5.4140	21.921	34.609	1096.8	-0.091995	657.83	0.10303	supercritical
300.00	3760.0	25.293	0.039537	1.9810	16.847	5.3883	21.929	34.609	1097.9	-0.091989	659.25	0.10315	supercritical
300.00	3770.0	25.303	0.039522	1.9791	16.879	5.3627	21.938	34.610	1099.0	-0.091983	660.67	0.10327	supercritical
300.00	3780.0	25.312	0.039506	1.9773	16.911	5.3371	21.946	34.610	1100.0	-0.091978	662.09	0.10339	supercritical
300.00	3790.0	25.322	0.039491	1.9755	16.943	5.3115	21.954	34.611	1101.1	-0.091972	663.52	0.10350	supercritical
300.00	3800.0	25.332	0.039475	1.9737	16.974	5.2860	21.962	34.612	1102.1	-0.091965	664.94	0.10362	supercritical
300.00	3810.0	25.342	0.039460	1.9719	17.006	5.2606	21.970	34.612	1103.2	-0.091959	666.36	0.10374	supercritical
300.00	3820.0	25.352	0.039445	1.9701	17.038	5.2351	21.978	34.613	1104.2	-0.091953	667.78	0.10385	supercritical
300.00	3830.0	25.362	0.039429	1.9684	17.070	5.2098	21.986	34.614	1105.3	-0.091947	669.20	0.10397	supercritical
300.00	3840.0	25.372	0.039414	1.9666	17.102	5.1845	21.994	34.614	1106.4	-0.091940	670.63	0.10409	supercritical
300.00	3850.0	25.381	0.039399	1.9649	17.133	5.1592	22.002	34.615	1107.4	-0.091934	672.05	0.10420	supercritical
300.00	3860.0	25.391	0.039384	1.9631	17.165	5.1339	22.010	34.616	1108.5	-0.091927	673.47	0.10432	supercritical
300.00	3870.0	25.401	0.039369	1.9614	17.197	5.1088	22.018	34.617	1109.5	-0.091920	674.90	0.10443	supercritical
300.00	3880.0	25.411	0.039354	1.9597	17.229	5.0836	22.026	34.618	1110.5	-0.091914	676.32	0.10455	supercritical
300.00	3890.0	25.420	0.039339	1.9580	17.261	5.0585	22.034	34.618	1111.6	-0.091907	677.74	0.10466	supercritical
300.00	3900.0	25.430	0.039324	1.9563	17.293	5.0335	22.042	34.619	1112.6	-0.091900	679.17	0.10478	supercritical
300.00	3910.0	25.440	0.039309	1.9547	17.324	5.0085	22.050	34.620	1113.7	-0.091893	680.59	0.10489	supercritical
300.00	3920.0	25.449	0.039294	1.9530	17.356	4.9835	22.058	34.621	1114.7	-0.091886	682.02	0.10501	supercritical
300.00	3930.0	25.459	0.039279	1.9513	17.388	4.9586	22.066	34.622	1115.8	-0.091879	683.44	0.10512	supercritical
300.00	3940.0	25.468	0.039264	1.9497	17.420	4.9337	22.074	34.623	1116.8	-0.091871	684.87	0.10524	supercritical
300.00	3950.0	25.478	0.039250	1.9481	17.452	4.9089	22.082	34.623	1117.8	-0.091864	686.29	0.10535	supercritical
300.00	3960.0	25.488	0.039235	1.9464	17.483	4.8841	22.089	34.624	1118.9	-0.091857	687.72	0.10547	supercritical
300.00	3970.0	25.497	0.039220	1.9448	17.515	4.8593	22.097	34.625	1119.9	-0.091849	689.14	0.10558	supercritical
300.00	3980.0	25.507	0.039206	1.9432	17.547	4.8346	22.105	34.626	1120.9	-0.091842	690.57	0.10570	supercritical
300.00	3990.0	25.516	0.039191	1.9416	17.579	4.8100	22.113	34.627	1122.0	-0.091834	692.00	0.10581	supercritical
300.00	4000.0	25.526	0.039176	1.9401	17.611	4.7854	22.121	34.628	1123.0	-0.091826	693.42	0.10592	supercritical
300.00	4010.0	25.535	0.039162	1.9385	17.642	4.7608	22.129	34.629	1124.0	-0.091818	694.85	0.10604	supercritical
300.00	4020.0	25.544	0.039147	1.9369	17.674	4.7363	22.136	34.630	1125.0	-0.091811	696.28	0.10615	supercritical
300.00	4030.0	25.554	0.039133	1.9354	17.706	4.7118	22.144	34.631	1126.1	-0.091803	697.70	0.10626	supercritical
300.00	4040.0	25.563	0.039119	1.9338	17.738	4.6873	22.152	34.632	1127.1	-0.091795	699.13	0.10638	supercritical
300.00	4050.0	25.573	0.039104	1.9323	17.770	4.6629	22.160	34.633	1128.1	-0.091786	700.56	0.10649	supercritical
300.00	4060.0	25.582	0.039090	1.9308	17.801	4.6385	22.167	34.634	1129.1	-0.091778	701.99	0.10660	supercritical
300.00	4070.0	25.591	0.039076	1.9293	17.833	4.6142	22.175	34.635	1130.1	-0.091770	703.41	0.10672	supercritical
300.00	4080.0	25.601	0.039062	1.9278	17.865	4.5899	22.183	34.636	1131.2	-0.091762	704.84	0.10683	supercritical
300.00	4090.0	25.610	0.039047	1.9263	17.897	4.5657	22.191	34.637	1132.2	-0.091753	706.27	0.10694	supercritical
300.00	4100.0	25.619	0.039033	1.9248	17.929	4.5415	22.198	34.638	1133.2	-0.091745	707.70	0.10705	supercritical
300.00	4110.0	25.628	0.039019	1.9234	17.960	4.5173	22.206	34.639	1134.2	-0.091737	709.13	0.10717	supercritical
300.00	4120.0	25.638	0.039005	1.9219	17.992	4.4932	22.214	34.641	1135.2	-0.091728	710.56	0.10728	supercritical
300.00	4130.0	25.647	0.038991	1.9205	18.024	4.4691	22.221	34.642	1136.2	-0.091719	711.99	0.10739	supercritical
300.00	4140.0	25.656	0.038977	1.9190	18.056	4.4451	22.229	34.643	1137.2	-0.091711	713.42	0.10750	supercritical
300.00	4150.0	25.665	0.038963	1.9176	18.087	4.4211	22.237	34.644	1138.2	-0.091702	714.85	0.10762	supercritical
300.00	4160.0	25.674	0.038949	1.9162	18.119	4.3971	22.244	34.645	1139.3	-0.091693	716.28	0.10773	supercritical
300.00	4170.0	25.683	0.038936	1.9148	18.151	4.3732	22.252	34.646	1140.3	-0.091684	717.71	0.10784	supercritical
300.00	4180.0	25.693	0.038922	1.9134	18.183	4.3493	22.260	34.648	1141.3	-0.091675	719.14	0.10795	supercritical
300.00	4190.0	25.702	0.038908	1.9120	18.214	4.3255	22.267	34.649	1142.3	-0.091666	720.57	0.10806	supercritical
300.00	4200.0	25.711	0.038894	1.9106	18.246	4.3017	22.275	34.650	1143.3	-0.091657	722.00	0.10817	supercritical
300.00	4210.0	25.720	0.038881	1.9092	18.278	4.2779	22.282	34.651	1144.3	-0.091648	723.43	0.10828	supercritical
300.00	4220.0	25.729	0.038867	1.9079	18.310	4.2542	22.290	34.652	1145.3	-0.091639	724.86	0.10839	supercritical
300.00	4230.0	25.738	0.038853	1.9065	18.341	4.2305	22.297	34.654	1146.3	-0.091630	726.29	0.10851	supercritical
300.00	4240.0	25.747	0.038840	1.9052	18.373	4.2069	22.305	34.655	1147.3	-0.091620	727.72	0.10862	supercritical
300.00	4250.0	25.756	0.038826	1.9038	18.405	4.1832	22.312	34.656	1148.2	-0.091611	729.16	0.10873	supercritical
300.00	4260.0	25.765	0.038813	1.9025	18.437	4.1597	22.320	34.657	1149.2	-0.091602	730.59	0.10884	supercritical
300.00	4270.0	25.774	0.038799	1.9012	18.468	4.1361	22.327	34.659	1150.2	-0.091592	732.02	0.10895	supercritical
300.00	4280.0	25.783	0.038786	1.8999	18.500	4.1126	22.335	34.660	1151.2	-0.091583	733.45	0.10906	supercritical
300.00	4290.0	25.792	0.038772	1.8986	18.532	4.0892	22.342	34.661	1152.2	-0.091573	734.89	0.10917	supercritical
300.00	4300.0	25.800	0.038759	1.8973	18.564	4.0658	22.350	34.663	1153.2	-0.091563	736.32	0.10928	supercritical
300.00	4310.0	25.809	0.038746	1.8960	18.595	4.0424	22.357	34.664	1154.2	-0.091554	737.75	0.10939	supercritical
300.00	4320.0	25.818	0.038732	1.8947	18.627	4.0190	22.365	34.665	1155.2	-0.091544	739.19	0.10950	supercritical
300.00	4330.0	25.827	0.038719	1.8935	18.659	3.9957	22.372	34.667	1156.2	-0.091534	740.62	0.10961	supercritical
300.00	4340.0	25.836	0.038706	1.8922	18.691	3.9725	22.380	34.668	1157.1	-0.091524	742.06	0.10972	supercritical
300.00	4350.0	25.845	0.038693	1.8910	18.722	3.9492	22.387	34.670	1158.1	-0.091514	743.49	0.10983	supercritical
300.00	4360.0	25.853	0.038680	1.8898	18.754	3.9260	22.394	34.671	1159.1	-0.091504	744.92	0.10994	supercritical
300.00	4370.0	25.862	0.038667	1.8885	18.786	3.9029	22.402	34.672	1160.1	-0.091494	746.36	0.11005	supercritical
300.00	4380.0	25.871	0.038653	1.8873	18.818	3.8797	22.409	34.674	1161.1	-0.091484	747.79	0.11015	supercritical
