Temperature (K)	Pressure (bar)	Density (mol/l)	Volume (l/mol)	Internal Energy (kJ/mol)	Enthalpy (kJ/mol)	Entropy (J/mol*K)	Cv (J/mol*K)	Cp (J/mol*K)	Sound Spd. (m/s)	Joule-Thomson (K/bar)	Viscosity (uPa*s)	Therm. Cond. (W/m*K)	Phase
300.00	0.0000	0.0000	infinite	12.996	15.490	-1.0000e+07	12.472	20.786	177.94	undefined	23.146	0.0054967	vapor
300.00	1.6667	0.067395	14.838	12.954	15.427	84.743	12.567	21.164	177.34	1.8005	23.227	0.0055349	vapor
300.00	3.3333	0.13598	7.3541	12.912	15.363	78.838	12.664	21.559	176.73	1.7949	23.310	0.0055760	vapor
300.00	5.0000	0.20581	4.8589	12.869	15.298	75.322	12.762	21.973	176.11	1.7892	23.396	0.0056198	vapor
300.00	6.6667	0.27694	3.6109	12.825	15.232	72.782	12.863	22.407	175.49	1.7834	23.484	0.0056666	vapor
300.00	8.3333	0.34944	2.8617	12.780	15.165	70.776	12.966	22.863	174.86	1.7773	23.576	0.0057163	vapor
300.00	10.000	0.42338	2.3619	12.735	15.097	69.105	13.071	23.342	174.22	1.7710	23.670	0.0057690	vapor
300.00	11.667	0.49883	2.0047	12.688	15.027	67.666	13.179	23.846	173.58	1.7645	23.768	0.0058250	vapor
300.00	13.333	0.57588	1.7365	12.641	14.956	66.394	13.289	24.379	172.93	1.7578	23.869	0.0058842	vapor
300.00	15.000	0.65461	1.5276	12.593	14.884	65.249	13.402	24.941	172.28	1.7507	23.974	0.0059469	vapor
300.00	16.667	0.73511	1.3603	12.544	14.811	64.204	13.518	25.537	171.61	1.7434	24.082	0.0060132	vapor
300.00	18.333	0.81750	1.2232	12.493	14.736	63.237	13.637	26.170	170.94	1.7358	24.195	0.0060833	vapor
300.00	20.000	0.90189	1.1088	12.442	14.659	62.336	13.760	26.842	170.25	1.7278	24.312	0.0061574	vapor
300.00	21.667	0.98840	1.0117	12.389	14.581	61.487	13.887	27.559	169.56	1.7195	24.434	0.0062357	vapor
300.00	23.333	1.0772	0.92836	12.335	14.501	60.682	14.018	28.325	168.86	1.7107	24.561	0.0063184	vapor
300.00	25.000	1.1684	0.85590	12.280	14.420	59.915	14.154	29.145	168.15	1.7016	24.694	0.0064060	vapor
300.00	26.667	1.2621	0.79231	12.223	14.336	59.178	14.295	30.025	167.42	1.6919	24.832	0.0064988	vapor
300.00	28.333	1.3587	0.73602	12.165	14.250	58.468	14.441	30.974	166.69	1.6817	24.977	0.0065973	vapor
300.00	30.000	1.4582	0.68578	12.105	14.162	57.781	14.593	31.999	165.94	1.6710	25.129	0.0067018	vapor
300.00	31.667	1.5609	0.64064	12.043	14.072	57.111	14.751	33.111	165.17	1.6597	25.289	0.0068130	vapor
300.00	33.333	1.6672	0.59982	11.980	13.979	56.457	14.917	34.320	164.39	1.6477	25.456	0.0069317	vapor
300.00	35.000	1.7772	0.56269	11.914	13.883	55.815	15.091	35.642	163.60	1.6350	25.634	0.0070586	vapor
300.00	36.667	1.8913	0.52873	11.846	13.785	55.184	15.273	37.092	162.79	1.6215	25.821	0.0071947	vapor
300.00	38.333	2.0100	0.49751	11.776	13.683	54.559	15.466	38.691	161.95	1.6071	26.020	0.0073412	vapor
300.00	40.000	2.1336	0.46868	11.703	13.577	53.939	15.669	40.463	161.10	1.5918	26.231	0.0074996	vapor
300.00	41.667	2.2628	0.44193	11.627	13.468	53.322	15.884	42.439	160.22	1.5755	26.456	0.0076716	vapor
300.00	43.333	2.3981	0.41700	11.547	13.354	52.704	16.114	44.656	159.32	1.5580	26.698	0.0078593	vapor
300.00	45.000	2.5403	0.39366	11.465	13.236	52.084	16.359	47.163	158.39	1.5392	26.958	0.0080654	vapor
300.00	46.667	2.6902	0.37172	11.378	13.112	51.459	16.622	50.019	157.43	1.5190	27.239	0.0082932	vapor
300.00	48.333	2.8489	0.35101	11.286	12.982	50.826	16.905	53.306	156.44	1.4972	27.544	0.0085469	vapor
300.00	50.000	3.0178	0.33137	11.189	12.846	50.181	17.212	57.127	155.40	1.4736	27.878	0.0088318	vapor
300.00	51.667	3.1985	0.31265	11.086	12.702	49.521	17.546	61.626	154.33	1.4479	28.247	0.0091549	vapor
300.00	53.333	3.3930	0.29473	10.976	12.548	48.841	17.913	67.000	153.20	1.4199	28.656	0.0095254	vapor
300.00	55.000	3.6041	0.27746	10.858	12.384	48.135	18.318	73.529	152.02	1.3890	29.116	0.0099556	vapor
300.00	56.667	3.8353	0.26073	10.729	12.207	47.395	18.768	81.626	150.78	1.3549	29.638	0.010463	vapor
300.00	58.333	4.0917	0.24440	10.588	12.014	46.612	19.274	91.920	149.46	1.3169	30.243	0.011070	vapor
300.00	60.000	4.3801	0.22830	10.432	11.802	45.773	19.847	105.41	148.06	1.2741	30.955	0.011813	vapor
300.00	60.000	4.3801	0.22830	10.432	11.802	45.773	19.847	105.41	148.06	1.2741	30.955	0.011813	supercritical
300.00	60.000	4.3801	0.22830	10.432	11.802	45.773	19.847	105.41	148.06	1.2741	30.955	0.011813	supercritical
300.00	61.667	4.7110	0.21227	10.255	11.564	44.859	20.502	123.75	146.57	1.2251	31.815	0.012743	supercritical
300.00	63.333	5.1001	0.19607	10.051	11.293	43.842	21.256	149.84	144.98	1.1681	32.891	0.013940	supercritical
300.00	65.000	5.5733	0.17943	9.8092	10.976	42.679	22.126	188.83	143.32	1.1004	34.349	0.015542	supercritical
300.00	66.667	6.1724	0.16201	9.5130	10.593	41.310	23.097	248.93	141.72	1.0180	36.326	0.017675	supercritical
300.00	68.333	6.9555	0.14377	9.1438	10.126	39.668	24.032	333.63	140.68	0.91687	39.239	0.020365	supercritical
300.00	70.000	7.9338	0.12604	8.7115	9.5938	37.819	24.490	400.90	141.70	0.80112	43.505	0.022881	supercritical
300.00	71.667	8.9389	0.11187	8.2971	9.0988	36.103	24.056	382.30	146.83	0.68953	48.779	0.024130	supercritical
300.00	73.333	9.7643	0.10241	7.9733	8.7243	34.795	23.119	314.78	155.68	0.59697	53.916	0.024387	supercritical
300.00	75.000	10.380	0.096343	7.7373	8.4598	33.859	22.204	254.27	165.85	0.52510	58.284	0.024381	supercritical
300.00	76.667	10.842	0.092232	7.5608	8.2679	33.166	21.460	211.87	175.77	0.46977	61.906	0.024418	supercritical
300.00	78.333	11.205	0.089247	7.4221	8.1212	32.627	20.874	182.86	184.97	0.42633	64.961	0.024539	supercritical
300.00	80.000	11.501	0.086950	7.3085	8.0041	32.188	20.407	162.35	193.39	0.39131	67.603	0.024720	supercritical
300.00	81.667	11.750	0.085105	7.2121	7.9071	31.817	20.029	147.25	201.09	0.36236	69.938	0.024936	supercritical
300.00	83.333	11.966	0.083572	7.1283	7.8247	31.495	19.717	135.70	208.19	0.33794	72.037	0.025169	supercritical
300.00	85.000	12.156	0.082267	7.0540	7.7533	31.211	19.455	126.59	214.75	0.31695	73.951	0.025409	supercritical
300.00	86.667	12.325	0.081133	6.9872	7.6903	30.956	19.231	119.22	220.86	0.29865	75.716	0.025650	supercritical
300.00	88.333	12.479	0.080132	6.9263	7.6341	30.724	19.039	113.11	226.57	0.28250	77.357	0.025889	supercritical
300.00	90.000	12.620	0.079238	6.8703	7.5835	30.511	18.872	107.97	231.94	0.26810	78.895	0.026123	supercritical
300.00	91.667	12.750	0.078431	6.8184	7.5374	30.313	18.725	103.58	237.01	0.25514	80.344	0.026352	supercritical
300.00	93.333	12.871	0.077696	6.7700	7.4952	30.129	18.595	99.771	241.81	0.24339	81.717	0.026576	supercritical
300.00	95.000	12.983	0.077022	6.7246	7.4563	29.956	18.480	96.436	246.38	0.23267	83.024	0.026794	supercritical
300.00	96.667	13.089	0.076399	6.6817	7.4202	29.794	18.377	93.487	250.73	0.22283	84.272	0.027006	supercritical
300.00	98.333	13.189	0.075820	6.6411	7.3867	29.640	18.284	90.858	254.89	0.21375	85.468	0.027212	supercritical
300.00	100.00	13.284	0.075281	6.6026	7.3554	29.493	18.200	88.496	258.88	0.20533	86.617	0.027413	supercritical
300.00	101.67	13.373	0.074775	6.5659	7.3261	29.354	18.124	86.361	262.71	0.19750	87.725	0.027610	supercritical
300.00	103.33	13.459	0.074300	6.5307	7.2985	29.221	18.055	84.419	266.40	0.19018	88.794	0.027801	supercritical
300.00	105.00	13.541	0.073851	6.4971	7.2725	29.093	17.992	82.645	269.95	0.18332	89.829	0.027988	supercritical
300.00	106.67	13.619	0.073426	6.4647	7.2479	28.970	17.934	81.015	273.38	0.17688	90.832	0.028171	supercritical
300.00	108.33	13.694	0.073023	6.4336	7.2247	28.852	17.881	79.512	276.70	0.17081	91.806	0.028350	supercritical
300.00	110.00	13.767	0.072639	6.4036	7.2026	28.738	17.833	78.120	279.92	0.16507	92.753	0.028525	supercritical
300.00	111.67	13.836	0.072273	6.3746	7.1817	28.628	17.788	76.828	283.04	0.15963	93.674	0.028696	supercritical
300.00	113.33	13.904	0.071924	6.3466	7.1617	28.521	17.746	75.623	286.07	0.15448	94.573	0.028864	supercritical
300.00	115.00	13.969	0.071589	6.3194	7.1427	28.418	17.708	74.497	289.01	0.14957	95.450	0.029028	supercritical
300.00	116.67	14.032	0.071268	6.2931	7.1246	28.318	17.672	73.441	291.88	0.14490	96.307	0.029190	supercritical
300.00	118.33	14.093	0.070959	6.2675	7.1072	28.220	17.639	72.449	294.67	0.14045	97.145	0.029348	supercritical
300.00	120.00	14.152	0.070663	6.2427	7.0906	28.126	17.609	71.515	297.39	0.13619	97.965	0.029504	supercritical
300.00	121.67	14.209	0.070377	6.2185	7.0747	28.034	17.581	70.634	300.05	0.13211	98.769	0.029657	supercritical
300.00	123.33	14.265	0.070101	6.1949	7.0595	27.944	17.554	69.800	302.64	0.12821	99.556	0.029808	supercritical
300.00	125.00	14.319	0.069835	6.1720	7.0449	27.856	17.529	69.010	305.18	0.12446	100.33	0.029956	supercritical
300.00	126.67	14.372	0.069578	6.1496	7.0309	27.771	17.506	68.260	307.66	0.12086	101.09	0.030102	supercritical
300.00	128.33	14.424	0.069329	6.1277	7.0174	27.687	17.485	67.547	310.08	0.11740	101.83	0.030246	supercritical
300.00	130.00	14.474	0.069087	6.1063	7.0044	27.606	17.465	66.868	312.46	0.11406	102.57	0.030388	supercritical
300.00	131.67	14.524	0.068853	6.0854	6.9920	27.526	17.446	66.220	314.79	0.11085	103.29	0.030528	supercritical
300.00	133.33	14.572	0.068626	6.0649	6.9800	27.448	17.429	65.602	317.08	0.10775	104.00	0.030665	supercritical
300.00	135.00	14.619	0.068406	6.0449	6.9684	27.371	17.413	65.010	319.32	0.10476	104.69	0.030801	supercritical
300.00	136.67	14.665	0.068191	6.0253	6.9572	27.296	17.397	64.444	321.52	0.10186	105.38	0.030935	supercritical
300.00	138.33	14.710	0.067982	6.0061	6.9465	27.222	17.383	63.902	323.68	0.099065	106.06	0.031068	supercritical
300.00	140.00	14.754	0.067779	5.9872	6.9361	27.150	17.370	63.381	325.81	0.096357	106.73	0.031199	supercritical
300.00	141.67	14.797	0.067581	5.9687	6.9261	27.079	17.357	62.881	327.90	0.093734	107.38	0.031328	supercritical
300.00	143.33	14.839	0.067389	5.9506	6.9165	27.009	17.346	62.400	329.95	0.091192	108.03	0.031456	supercritical
300.00	145.00	14.881	0.067200	5.9328	6.9072	26.941	17.335	61.937	331.97	0.088725	108.68	0.031582	supercritical
300.00	146.67	14.922	0.067017	5.9153	6.8982	26.874	17.324	61.491	333.96	0.086332	109.31	0.031707	supercritical
300.00	148.33	14.962	0.066837	5.8980	6.8895	26.807	17.315	61.061	335.92	0.084007	109.93	0.031830	supercritical
300.00	150.00	15.001	0.066662	5.8811	6.8811	26.742	17.306	60.647	337.85	0.081748	110.55	0.031952	supercritical
300.00	151.67	15.040	0.066491	5.8645	6.8729	26.678	17.298	60.246	339.75	0.079551	111.16	0.032073	supercritical
300.00	153.33	15.078	0.066324	5.8481	6.8651	26.615	17.290	59.859	341.62	0.077414	111.77	0.032193	supercritical
300.00	155.00	15.115	0.066160	5.8320	6.8575	26.553	17.283	59.485	343.47	0.075334	112.36	0.032311	supercritical
300.00	156.67	15.152	0.065999	5.8162	6.8501	26.492	17.276	59.122	345.29	0.073308	112.95	0.032428	supercritical
300.00	158.33	15.188	0.065842	5.8005	6.8430	26.432	17.270	58.772	347.09	0.071335	113.54	0.032544	supercritical
300.00	160.00	15.223	0.065688	5.7852	6.8362	26.372	17.264	58.432	348.86	0.069411	114.11	0.032659	supercritical
300.00	161.67	15.258	0.065537	5.7700	6.8295	26.314	17.258	58.102	350.61	0.067535	114.69	0.032773	supercritical
300.00	163.33	15.293	0.065390	5.7551	6.8231	26.256	17.253	57.782	352.34	0.065705	115.25	0.032886	supercritical
300.00	165.00	15.327	0.065245	5.7403	6.8169	26.199	17.249	57.472	354.05	0.063919	115.81	0.032998	supercritical
300.00	166.67	15.360	0.065102	5.7258	6.8108	26.142	17.244	57.170	355.73	0.062175	116.37	0.033109	supercritical
300.00	168.33	15.393	0.064963	5.7115	6.8050	26.087	17.240	56.877	357.40	0.060471	116.92	0.033219	supercritical
300.00	170.00	15.426	0.064826	5.6973	6.7994	26.032	17.237	56.592	359.04	0.058807	117.46	0.033328	supercritical
300.00	171.67	15.458	0.064691	5.6834	6.7939	25.978	17.233	56.315	360.67	0.057180	118.00	0.033436	supercritical
300.00	173.33	15.490	0.064559	5.6696	6.7886	25.924	17.230	56.045	362.28	0.055589	118.54	0.033543	supercritical
300.00	175.00	15.521	0.064429	5.6560	6.7835	25.871	17.228	55.783	363.87	0.054033	119.07	0.033649	supercritical
300.00	176.67	15.552	0.064301	5.6426	6.7786	25.819	17.225	55.527	365.44	0.052510	119.60	0.033755	supercritical
300.00	178.33	15.582	0.064175	5.6293	6.7738	25.768	17.223	55.278	367.00	0.051020	120.12	0.033860	supercritical
300.00	180.00	15.612	0.064052	5.6163	6.7692	25.717	17.221	55.035	368.54	0.049561	120.64	0.033963	supercritical
300.00	181.67	15.642	0.063930	5.6033	6.7647	25.666	17.219	54.798	370.06	0.048132	121.15	0.034067	supercritical
300.00	183.33	15.671	0.063810	5.5905	6.7604	25.616	17.217	54.566	371.57	0.046733	121.66	0.034169	supercritical
300.00	185.00	15.700	0.063693	5.5779	6.7562	25.567	17.216	54.341	373.07	0.045361	122.17	0.034271	supercritical
300.00	186.67	15.729	0.063577	5.5654	6.7522	25.518	17.215	54.120	374.55	0.044017	122.67	0.034372	supercritical
300.00	188.33	15.757	0.063463	5.5531	6.7483	25.470	17.214	53.905	376.01	0.042699	123.17	0.034472	supercritical
300.00	190.00	15.785	0.063350	5.5408	6.7445	25.422	17.213	53.695	377.46	0.041406	123.66	0.034571	supercritical
300.00	191.67	15.813	0.063240	5.5288	6.7409	25.375	17.213	53.489	378.90	0.040138	124.15	0.034670	supercritical
300.00	193.33	15.840	0.063131	5.5168	6.7373	25.328	17.212	53.288	380.32	0.038894	124.64	0.034768	supercritical
300.00	195.00	15.867	0.063023	5.5050	6.7339	25.282	17.212	53.092	381.73	0.037673	125.12	0.034866	supercritical
300.00	196.67	15.894	0.062917	5.4933	6.7307	25.236	17.212	52.899	383.13	0.036475	125.61	0.034963	supercritical
300.00	198.33	15.920	0.062813	5.4817	6.7275	25.190	17.212	52.711	384.51	0.035298	126.08	0.035059	supercritical
300.00	200.00	15.947	0.062710	5.4703	6.7245	25.145	17.212	52.527	385.89	0.034142	126.56	0.035155	supercritical
300.00	201.67	15.972	0.062608	5.4589	6.7215	25.101	17.212	52.347	387.25	0.033007	127.03	0.035250	supercritical
300.00	203.33	15.998	0.062508	5.4477	6.7187	25.056	17.213	52.170	388.60	0.031892	127.50	0.035344	supercritical
300.00	205.00	16.023	0.062409	5.4366	6.7160	25.013	17.213	51.997	389.94	0.030797	127.96	0.035438	supercritical
300.00	206.67	16.048	0.062311	5.4256	6.7134	24.969	17.214	51.827	391.26	0.029720	128.43	0.035531	supercritical
300.00	208.33	16.073	0.062215	5.4147	6.7109	24.926	17.215	51.661	392.58	0.028661	128.89	0.035624	supercritical
300.00	210.00	16.098	0.062120	5.4039	6.7084	24.884	17.215	51.498	393.89	0.027620	129.34	0.035716	supercritical
300.00	211.67	16.122	0.062026	5.3932	6.7061	24.841	17.216	51.338	395.18	0.026596	129.80	0.035808	supercritical
300.00	213.33	16.146	0.061933	5.3826	6.7039	24.800	17.218	51.182	396.47	0.025590	130.25	0.035899	supercritical
300.00	215.00	16.170	0.061842	5.3721	6.7017	24.758	17.219	51.028	397.74	0.024599	130.70	0.035990	supercritical
300.00	216.67	16.194	0.061752	5.3617	6.6997	24.717	17.220	50.877	399.01	0.023625	131.15	0.036080	supercritical
300.00	218.33	16.217	0.061662	5.3514	6.6977	24.676	17.221	50.729	400.26	0.022666	131.59	0.036170	supercritical
300.00	220.00	16.241	0.061574	5.3412	6.6959	24.636	17.223	50.583	401.51	0.021722	132.03	0.036259	supercritical
300.00	221.67	16.264	0.061487	5.3311	6.6941	24.595	17.224	50.440	402.75	0.020793	132.47	0.036348	supercritical
300.00	223.33	16.286	0.061401	5.3211	6.6924	24.556	17.226	50.300	403.98	0.019878	132.91	0.036436	supercritical
300.00	225.00	16.309	0.061316	5.3111	6.6907	24.516	17.228	50.162	405.20	0.018977	133.35	0.036524	supercritical
300.00	226.67	16.331	0.061231	5.3013	6.6892	24.477	17.229	50.027	406.41	0.018090	133.78	0.036611	supercritical
300.00	228.33	16.354	0.061148	5.2915	6.6877	24.438	17.231	49.894	407.61	0.017217	134.21	0.036698	supercritical
300.00	230.00	16.376	0.061066	5.2818	6.6863	24.399	17.233	49.763	408.80	0.016356	134.64	0.036784	supercritical
300.00	231.67	16.398	0.060985	5.2722	6.6850	24.361	17.235	49.635	409.99	0.015508	135.06	0.036870	supercritical
300.00	233.33	16.419	0.060904	5.2627	6.6838	24.323	17.237	49.508	411.17	0.014672	135.49	0.036956	supercritical
300.00	235.00	16.441	0.060825	5.2532	6.6826	24.285	17.239	49.384	412.34	0.013849	135.91	0.037041	supercritical
300.00	236.67	16.462	0.060746	5.2438	6.6815	24.248	17.241	49.262	413.50	0.013037	136.33	0.037125	supercritical
300.00	238.33	16.483	0.060668	5.2345	6.6804	24.211	17.244	49.141	414.65	0.012237	136.75	0.037210	supercritical
300.00	240.00	16.504	0.060591	5.2253	6.6795	24.174	17.246	49.023	415.80	0.011448	137.16	0.037294	supercritical
300.00	241.67	16.525	0.060515	5.2161	6.6786	24.137	17.248	48.906	416.94	0.010670	137.58	0.037377	supercritical
300.00	243.33	16.545	0.060439	5.2070	6.6777	24.101	17.251	48.792	418.07	0.0099026	137.99	0.037460	supercritical
300.00	245.00	16.566	0.060365	5.1980	6.6770	24.065	17.253	48.679	419.20	0.0091460	138.40	0.037543	supercritical
300.00	246.67	16.586	0.060291	5.1891	6.6763	24.029	17.256	48.568	420.31	0.0083997	138.81	0.037626	supercritical
300.00	248.33	16.606	0.060218	5.1802	6.6756	23.993	17.258	48.458	421.42	0.0076635	139.22	0.037708	supercritical
300.00	250.00	16.626	0.060145	5.1714	6.6750	23.958	17.261	48.351	422.53	0.0069371	139.62	0.037789	supercritical
300.00	251.67	16.646	0.060074	5.1626	6.6745	23.923	17.263	48.245	423.63	0.0062204	140.03	0.037870	supercritical
300.00	253.33	16.666	0.060003	5.1539	6.6740	23.888	17.266	48.140	424.72	0.0055131	140.43	0.037951	supercritical
300.00	255.00	16.685	0.059932	5.1453	6.6736	23.853	17.269	48.037	425.80	0.0048151	140.83	0.038032	supercritical
300.00	256.67	16.705	0.059863	5.1368	6.6732	23.819	17.271	47.936	426.88	0.0041261	141.23	0.038112	supercritical
300.00	258.33	16.724	0.059794	5.1283	6.6729	23.784	17.274	47.836	427.95	0.0034460	141.63	0.038192	supercritical
300.00	260.00	16.743	0.059725	5.1198	6.6727	23.750	17.277	47.737	429.02	0.0027746	142.02	0.038272	supercritical
300.00	261.67	16.762	0.059658	5.1115	6.6725	23.716	17.280	47.640	430.08	0.0021116	142.42	0.038351	supercritical
300.00	263.33	16.781	0.059591	5.1031	6.6724	23.683	17.283	47.544	431.13	0.0014570	142.81	0.038430	supercritical
300.00	265.00	16.800	0.059524	5.0949	6.6723	23.649	17.285	47.450	432.18	0.00081061	143.20	0.038508	supercritical
300.00	266.67	16.818	0.059459	5.0867	6.6722	23.616	17.288	47.356	433.22	0.00017219	143.59	0.038586	supercritical
300.00	268.33	16.837	0.059393	5.0785	6.6722	23.583	17.291	47.264	434.26	-0.00045838	143.98	0.038664	supercritical
300.00	270.00	16.855	0.059329	5.0704	6.6723	23.551	17.294	47.174	435.29	-0.0010813	144.36	0.038742	supercritical
300.00	271.67	16.873	0.059265	5.0624	6.6724	23.518	17.297	47.085	436.31	-0.0016966	144.75	0.038819	supercritical
300.00	273.33	16.892	0.059201	5.0544	6.6726	23.486	17.300	46.996	437.33	-0.0023045	145.13	0.038896	supercritical
300.00	275.00	16.910	0.059138	5.0465	6.6728	23.453	17.303	46.909	438.35	-0.0029052	145.52	0.038973	supercritical
300.00	276.67	16.927	0.059076	5.0386	6.6730	23.421	17.307	46.823	439.36	-0.0034988	145.90	0.039049	supercritical
300.00	278.33	16.945	0.059014	5.0308	6.6733	23.390	17.310	46.739	440.36	-0.0040854	146.28	0.039125	supercritical
300.00	280.00	16.963	0.058953	5.0230	6.6737	23.358	17.313	46.655	441.36	-0.0046651	146.66	0.039201	supercritical
300.00	281.67	16.980	0.058892	5.0153	6.6740	23.326	17.316	46.573	442.35	-0.0052381	147.03	0.039277	supercritical
300.00	283.33	16.998	0.058832	5.0076	6.6745	23.295	17.319	46.491	443.34	-0.0058045	147.41	0.039352	supercritical
300.00	285.00	17.015	0.058772	4.9999	6.6749	23.264	17.322	46.411	444.32	-0.0063644	147.78	0.039427	supercritical
300.00	286.67	17.032	0.058713	4.9924	6.6755	23.233	17.326	46.331	445.30	-0.0069179	148.16	0.039502	supercritical
300.00	288.33	17.049	0.058654	4.9848	6.6760	23.202	17.329	46.253	446.27	-0.0074652	148.53	0.039576	supercritical
300.00	290.00	17.066	0.058596	4.9773	6.6766	23.172	17.332	46.175	447.24	-0.0080063	148.90	0.039650	supercritical
300.00	291.67	17.083	0.058538	4.9699	6.6772	23.141	17.335	46.099	448.21	-0.0085414	149.27	0.039724	supercritical
300.00	293.33	17.100	0.058481	4.9625	6.6779	23.111	17.339	46.023	449.17	-0.0090706	149.64	0.039798	supercritical
300.00	295.00	17.116	0.058424	4.9551	6.6786	23.081	17.342	45.949	450.12	-0.0095940	150.01	0.039871	supercritical
300.00	296.67	17.133	0.058367	4.9478	6.6794	23.051	17.345	45.875	451.07	-0.010112	150.37	0.039944	supercritical
300.00	298.33	17.149	0.058311	4.9406	6.6802	23.021	17.349	45.802	452.02	-0.010624	150.74	0.040017	supercritical
300.00	300.00	17.166	0.058256	4.9333	6.6810	22.992	17.352	45.730	452.96	-0.011130	151.10	0.040090	supercritical
300.00	301.67	17.182	0.058201	4.9262	6.6819	22.962	17.356	45.659	453.89	-0.011631	151.47	0.040162	supercritical
300.00	303.33	17.198	0.058146	4.9190	6.6828	22.933	17.359	45.589	454.83	-0.012127	151.83	0.040234	supercritical
300.00	305.00	17.214	0.058092	4.9119	6.6837	22.904	17.362	45.519	455.75	-0.012617	152.19	0.040306	supercritical
300.00	306.67	17.230	0.058038	4.9049	6.6847	22.875	17.366	45.450	456.68	-0.013103	152.55	0.040378	supercritical
300.00	308.33	17.246	0.057984	4.8979	6.6857	22.846	17.369	45.382	457.60	-0.013583	152.91	0.040449	supercritical
300.00	310.00	17.262	0.057931	4.8909	6.6867	22.817	17.373	45.315	458.51	-0.014058	153.27	0.040520	supercritical
300.00	311.67	17.278	0.057879	4.8839	6.6878	22.789	17.376	45.249	459.43	-0.014528	153.62	0.040591	supercritical
300.00	313.33	17.293	0.057826	4.8771	6.6889	22.760	17.380	45.183	460.33	-0.014994	153.98	0.040662	supercritical
300.00	315.00	17.309	0.057774	4.8702	6.6901	22.732	17.383	45.118	461.24	-0.015455	154.33	0.040732	supercritical
300.00	316.67	17.324	0.057723	4.8634	6.6913	22.704	17.387	45.054	462.14	-0.015911	154.69	0.040802	supercritical
300.00	318.33	17.340	0.057672	4.8566	6.6925	22.676	17.390	44.991	463.03	-0.016362	155.04	0.040872	supercritical
300.00	320.00	17.355	0.057621	4.8498	6.6937	22.648	17.394	44.928	463.92	-0.016809	155.39	0.040942	supercritical
300.00	321.67	17.370	0.057571	4.8431	6.6950	22.620	17.397	44.866	464.81	-0.017251	155.75	0.041012	supercritical
300.00	323.33	17.385	0.057521	4.8365	6.6963	22.593	17.401	44.805	465.70	-0.017689	156.10	0.041081	supercritical
300.00	325.00	17.400	0.057471	4.8298	6.6976	22.565	17.405	44.744	466.58	-0.018123	156.44	0.041150	supercritical
300.00	326.67	17.415	0.057422	4.8232	6.6990	22.538	17.408	44.684	467.45	-0.018553	156.79	0.041219	supercritical
300.00	328.33	17.430	0.057373	4.8167	6.7004	22.510	17.412	44.624	468.33	-0.018978	157.14	0.041288	supercritical
300.00	330.00	17.445	0.057324	4.8101	6.7018	22.483	17.415	44.565	469.20	-0.019399	157.49	0.041356	supercritical
300.00	331.67	17.459	0.057276	4.8036	6.7033	22.456	17.419	44.507	470.06	-0.019816	157.83	0.041425	supercritical
300.00	333.33	17.474	0.057228	4.7972	6.7048	22.430	17.423	44.450	470.93	-0.020229	158.18	0.041493	supercritical
300.00	335.00	17.489	0.057180	4.7908	6.7063	22.403	17.426	44.393	471.79	-0.020638	158.52	0.041561	supercritical
300.00	336.67	17.503	0.057133	4.7844	6.7078	22.376	17.430	44.336	472.64	-0.021044	158.87	0.041628	supercritical
300.00	338.33	17.518	0.057086	4.7780	6.7094	22.350	17.433	44.280	473.49	-0.021445	159.21	0.041696	supercritical
300.00	340.00	17.532	0.057039	4.7717	6.7110	22.323	17.437	44.225	474.34	-0.021843	159.55	0.041763	supercritical
300.00	341.67	17.546	0.056992	4.7654	6.7126	22.297	17.441	44.170	475.19	-0.022237	159.89	0.041830	supercritical
300.00	343.33	17.560	0.056946	4.7591	6.7143	22.271	17.444	44.116	476.03	-0.022627	160.23	0.041897	supercritical
300.00	345.00	17.575	0.056901	4.7529	6.7159	22.245	17.448	44.063	476.87	-0.023013	160.57	0.041964	supercritical
300.00	346.67	17.589	0.056855	4.7467	6.7176	22.219	17.452	44.010	477.71	-0.023397	160.91	0.042030	supercritical
300.00	348.33	17.603	0.056810	4.7405	6.7194	22.193	17.455	43.957	478.54	-0.023776	161.25	0.042097	supercritical
300.00	350.00	17.617	0.056765	4.7343	6.7211	22.167	17.459	43.905	479.37	-0.024152	161.58	0.042163	supercritical
300.00	351.67	17.630	0.056720	4.7282	6.7229	22.142	17.463	43.853	480.20	-0.024525	161.92	0.042229	supercritical
300.00	353.33	17.644	0.056676	4.7222	6.7247	22.116	17.466	43.802	481.02	-0.024894	162.26	0.042295	supercritical
300.00	355.00	17.658	0.056632	4.7161	6.7265	22.091	17.470	43.752	481.84	-0.025260	162.59	0.042360	supercritical
300.00	356.67	17.672	0.056588	4.7101	6.7284	22.066	17.474	43.702	482.66	-0.025623	162.92	0.042426	supercritical
300.00	358.33	17.685	0.056545	4.7041	6.7303	22.041	17.478	43.652	483.47	-0.025983	163.26	0.042491	supercritical
300.00	360.00	17.699	0.056501	4.6981	6.7322	22.015	17.481	43.603	484.28	-0.026339	163.59	0.042556	supercritical
300.00	361.67	17.712	0.056458	4.6922	6.7341	21.990	17.485	43.554	485.09	-0.026692	163.92	0.042621	supercritical
300.00	363.33	17.726	0.056416	4.6863	6.7360	21.966	17.489	43.506	485.90	-0.027042	164.25	0.042685	supercritical
300.00	365.00	17.739	0.056373	4.6804	6.7380	21.941	17.492	43.458	486.70	-0.027390	164.58	0.042750	supercritical
300.00	366.67	17.752	0.056331	4.6745	6.7400	21.916	17.496	43.411	487.50	-0.027734	164.91	0.042814	supercritical
300.00	368.33	17.765	0.056289	4.6687	6.7420	21.892	17.500	43.364	488.29	-0.028075	165.24	0.042878	supercritical
300.00	370.00	17.779	0.056248	4.6629	6.7441	21.867	17.504	43.318	489.09	-0.028413	165.57	0.042942	supercritical
300.00	371.67	17.792	0.056206	4.6571	6.7461	21.843	17.507	43.272	489.88	-0.028748	165.90	0.043006	supercritical
300.00	373.33	17.805	0.056165	4.6514	6.7482	21.819	17.511	43.226	490.67	-0.029081	166.23	0.043070	supercritical
300.00	375.00	17.818	0.056124	4.6457	6.7503	21.794	17.515	43.181	491.45	-0.029410	166.55	0.043134	supercritical
300.00	376.67	17.831	0.056083	4.6400	6.7525	21.770	17.519	43.136	492.24	-0.029737	166.88	0.043197	supercritical
300.00	378.33	17.844	0.056043	4.6343	6.7546	21.746	17.522	43.092	493.02	-0.030061	167.20	0.043260	supercritical
300.00	380.00	17.856	0.056003	4.6287	6.7568	21.722	17.526	43.048	493.79	-0.030383	167.53	0.043323	supercritical
300.00	381.67	17.869	0.055963	4.6231	6.7590	21.699	17.530	43.004	494.57	-0.030701	167.85	0.043386	supercritical
300.00	383.33	17.882	0.055923	4.6175	6.7612	21.675	17.533	42.961	495.34	-0.031018	168.18	0.043449	supercritical
300.00	385.00	17.894	0.055883	4.6119	6.7634	21.651	17.537	42.918	496.11	-0.031331	168.50	0.043511	supercritical
300.00	386.67	17.907	0.055844	4.6064	6.7657	21.628	17.541	42.876	496.88	-0.031642	168.82	0.043574	supercritical
300.00	388.33	17.920	0.055805	4.6008	6.7679	21.604	17.545	42.834	497.64	-0.031950	169.14	0.043636	supercritical
300.00	390.00	17.932	0.055766	4.5953	6.7702	21.581	17.548	42.792	498.40	-0.032256	169.46	0.043698	supercritical
300.00	391.67	17.944	0.055727	4.5899	6.7725	21.558	17.552	42.751	499.16	-0.032560	169.78	0.043760	supercritical
300.00	393.33	17.957	0.055689	4.5844	6.7749	21.535	17.556	42.710	499.92	-0.032860	170.10	0.043822	supercritical
300.00	395.00	17.969	0.055651	4.5790	6.7772	21.511	17.560	42.669	500.68	-0.033159	170.42	0.043883	supercritical
300.00	396.67	17.981	0.055613	4.5736	6.7796	21.488	17.564	42.629	501.43	-0.033455	170.74	0.043945	supercritical
300.00	398.33	17.994	0.055575	4.5682	6.7820	21.465	17.567	42.589	502.18	-0.033749	171.06	0.044006	supercritical
300.00	400.00	18.006	0.055537	4.5629	6.7844	21.443	17.571	42.549	502.93	-0.034040	171.38	0.044068	supercritical
300.00	401.67	18.018	0.055500	4.5575	6.7868	21.420	17.575	42.510	503.67	-0.034330	171.69	0.044129	supercritical
300.00	403.33	18.030	0.055463	4.5522	6.7892	21.397	17.579	42.471	504.41	-0.034616	172.01	0.044190	supercritical
300.00	405.00	18.042	0.055426	4.5469	6.7917	21.375	17.582	42.432	505.15	-0.034901	172.33	0.044250	supercritical
300.00	406.67	18.054	0.055389	4.5417	6.7942	21.352	17.586	42.394	505.89	-0.035184	172.64	0.044311	supercritical
300.00	408.33	18.066	0.055352	4.5364	6.7967	21.330	17.590	42.356	506.63	-0.035464	172.96	0.044371	supercritical
300.00	410.00	18.078	0.055316	4.5312	6.7992	21.307	17.594	42.318	507.36	-0.035742	173.27	0.044432	supercritical
300.00	411.67	18.090	0.055280	4.5260	6.8017	21.285	17.597	42.281	508.09	-0.036018	173.58	0.044492	supercritical
300.00	413.33	18.102	0.055244	4.5208	6.8042	21.263	17.601	42.244	508.82	-0.036292	173.90	0.044552	supercritical
300.00	415.00	18.113	0.055208	4.5157	6.8068	21.241	17.605	42.207	509.55	-0.036563	174.21	0.044612	supercritical
300.00	416.67	18.125	0.055172	4.5105	6.8094	21.219	17.609	42.170	510.27	-0.036833	174.52	0.044672	supercritical
300.00	418.33	18.137	0.055137	4.5054	6.8120	21.197	17.612	42.134	510.99	-0.037101	174.83	0.044731	supercritical
300.00	420.00	18.148	0.055102	4.5003	6.8146	21.175	17.616	42.098	511.71	-0.037366	175.15	0.044791	supercritical
300.00	421.67	18.160	0.055067	4.4953	6.8172	21.153	17.620	42.063	512.43	-0.037630	175.46	0.044850	supercritical
300.00	423.33	18.171	0.055032	4.4902	6.8199	21.131	17.624	42.027	513.15	-0.037891	175.77	0.044910	supercritical
300.00	425.00	18.183	0.054997	4.4852	6.8225	21.109	17.628	41.992	513.86	-0.038151	176.08	0.044969	supercritical
300.00	426.67	18.194	0.054962	4.4802	6.8252	21.088	17.631	41.957	514.57	-0.038409	176.39	0.045028	supercritical
300.00	428.33	18.206	0.054928	4.4752	6.8279	21.066	17.635	41.923	515.28	-0.038665	176.69	0.045087	supercritical
300.00	430.00	18.217	0.054894	4.4702	6.8306	21.045	17.639	41.889	515.99	-0.038919	177.00	0.045145	supercritical
300.00	431.67	18.228	0.054860	4.4652	6.8333	21.023	17.643	41.855	516.69	-0.039171	177.31	0.045204	supercritical
300.00	433.33	18.240	0.054826	4.4603	6.8361	21.002	17.646	41.821	517.40	-0.039421	177.62	0.045263	supercritical
300.00	435.00	18.251	0.054792	4.4554	6.8388	20.981	17.650	41.787	518.10	-0.039669	177.93	0.045321	supercritical
300.00	436.67	18.262	0.054759	4.4505	6.8416	20.960	17.654	41.754	518.80	-0.039916	178.23	0.045379	supercritical
300.00	438.33	18.273	0.054725	4.4456	6.8444	20.938	17.658	41.721	519.50	-0.040161	178.54	0.045437	supercritical
300.00	440.00	18.284	0.054692	4.4407	6.8472	20.917	17.661	41.688	520.19	-0.040404	178.84	0.045495	supercritical
300.00	441.67	18.295	0.054659	4.4359	6.8500	20.896	17.665	41.656	520.88	-0.040645	179.15	0.045553	supercritical
300.00	443.33	18.306	0.054626	4.4311	6.8528	20.875	17.669	41.624	521.58	-0.040885	179.45	0.045611	supercritical
300.00	445.00	18.317	0.054594	4.4263	6.8557	20.855	17.673	41.592	522.27	-0.041123	179.76	0.045669	supercritical
300.00	446.67	18.328	0.054561	4.4215	6.8585	20.834	17.676	41.560	522.95	-0.041359	180.06	0.045726	supercritical
300.00	448.33	18.339	0.054529	4.4167	6.8614	20.813	17.680	41.528	523.64	-0.041593	180.37	0.045784	supercritical
300.00	450.00	18.350	0.054496	4.4120	6.8643	20.792	17.684	41.497	524.32	-0.041826	180.67	0.045841	supercritical
300.00	451.67	18.361	0.054464	4.4072	6.8672	20.772	17.688	41.466	525.00	-0.042058	180.97	0.045898	supercritical
300.00	453.33	18.371	0.054432	4.4025	6.8701	20.751	17.691	41.435	525.68	-0.042287	181.27	0.045955	supercritical
300.00	455.00	18.382	0.054400	4.3978	6.8730	20.731	17.695	41.404	526.36	-0.042515	181.57	0.046012	supercritical
300.00	456.67	18.393	0.054369	4.3931	6.8760	20.710	17.699	41.374	527.04	-0.042742	181.88	0.046069	supercritical
300.00	458.33	18.404	0.054337	4.3885	6.8789	20.690	17.703	41.344	527.71	-0.042967	182.18	0.046125	supercritical
300.00	460.00	18.414	0.054306	4.3838	6.8819	20.670	17.706	41.314	528.39	-0.043190	182.48	0.046182	supercritical
300.00	461.67	18.425	0.054275	4.3792	6.8849	20.649	17.710	41.284	529.06	-0.043412	182.78	0.046239	supercritical
300.00	463.33	18.435	0.054244	4.3746	6.8879	20.629	17.714	41.255	529.73	-0.043632	183.08	0.046295	supercritical
300.00	465.00	18.446	0.054213	4.3700	6.8909	20.609	17.718	41.225	530.39	-0.043851	183.38	0.046351	supercritical
300.00	466.67	18.456	0.054182	4.3654	6.8939	20.589	17.721	41.196	531.06	-0.044068	183.68	0.046407	supercritical
300.00	468.33	18.467	0.054151	4.3608	6.8969	20.569	17.725	41.167	531.72	-0.044284	183.97	0.046463	supercritical
300.00	470.00	18.477	0.054121	4.3563	6.9000	20.549	17.729	41.139	532.38	-0.044498	184.27	0.046519	supercritical
300.00	471.67	18.488	0.054090	4.3518	6.9030	20.529	17.733	41.110	533.04	-0.044711	184.57	0.046575	supercritical
300.00	473.33	18.498	0.054060	4.3473	6.9061	20.510	17.736	41.082	533.70	-0.044923	184.87	0.046631	supercritical
300.00	475.00	18.508	0.054030	4.3428	6.9092	20.490	17.740	41.054	534.36	-0.045133	185.17	0.046686	supercritical
300.00	476.67	18.518	0.054000	4.3383	6.9123	20.470	17.744	41.026	535.02	-0.045342	185.46	0.046742	supercritical
300.00	478.33	18.529	0.053970	4.3338	6.9154	20.450	17.747	40.998	535.67	-0.045549	185.76	0.046797	supercritical
300.00	480.00	18.539	0.053941	4.3294	6.9185	20.431	17.751	40.970	536.32	-0.045755	186.05	0.046852	supercritical
300.00	481.67	18.549	0.053911	4.3249	6.9216	20.411	17.755	40.943	536.97	-0.045959	186.35	0.046908	supercritical
300.00	483.33	18.559	0.053882	4.3205	6.9248	20.392	17.759	40.916	537.62	-0.046163	186.65	0.046963	supercritical
300.00	485.00	18.569	0.053852	4.3161	6.9279	20.373	17.762	40.889	538.27	-0.046364	186.94	0.047018	supercritical
300.00	486.67	18.579	0.053823	4.3117	6.9311	20.353	17.766	40.862	538.91	-0.046565	187.23	0.047072	supercritical
300.00	488.33	18.589	0.053794	4.3073	6.9343	20.334	17.770	40.835	539.56	-0.046764	187.53	0.047127	supercritical
300.00	490.00	18.599	0.053765	4.3030	6.9375	20.315	17.773	40.809	540.20	-0.046962	187.82	0.047182	supercritical
300.00	491.67	18.609	0.053736	4.2986	6.9407	20.295	17.777	40.783	540.84	-0.047159	188.12	0.047236	supercritical
300.00	493.33	18.619	0.053708	4.2943	6.9439	20.276	17.781	40.757	541.48	-0.047354	188.41	0.047291	supercritical
300.00	495.00	18.629	0.053679	4.2900	6.9471	20.257	17.785	40.731	542.11	-0.047549	188.70	0.047345	supercritical
300.00	496.67	18.639	0.053651	4.2857	6.9503	20.238	17.788	40.705	542.75	-0.047742	189.00	0.047399	supercritical
300.00	498.33	18.649	0.053622	4.2814	6.9536	20.219	17.792	40.679	543.38	-0.047933	189.29	0.047454	supercritical
300.00	500.00	18.659	0.053594	4.2771	6.9568	20.200	17.796	40.654	544.02	-0.048124	189.58	0.047508	supercritical
300.00	501.67	18.669	0.053566	4.2729	6.9601	20.181	17.799	40.629	544.65	-0.048313	189.87	0.047562	supercritical
300.00	503.33	18.678	0.053538	4.2686	6.9634	20.163	17.803	40.604	545.28	-0.048501	190.16	0.047615	supercritical
300.00	505.00	18.688	0.053510	4.2644	6.9667	20.144	17.807	40.579	545.91	-0.048688	190.45	0.047669	supercritical
300.00	506.67	18.698	0.053482	4.2602	6.9700	20.125	17.810	40.554	546.53	-0.048874	190.74	0.047723	supercritical
300.00	508.33	18.707	0.053455	4.2560	6.9733	20.106	17.814	40.529	547.16	-0.049058	191.03	0.047776	supercritical
300.00	510.00	18.717	0.053427	4.2518	6.9766	20.088	17.818	40.505	547.78	-0.049242	191.32	0.047830	supercritical
300.00	511.67	18.727	0.053400	4.2476	6.9799	20.069	17.821	40.481	548.40	-0.049424	191.61	0.047883	supercritical
300.00	513.33	18.736	0.053373	4.2435	6.9833	20.051	17.825	40.456	549.02	-0.049605	191.90	0.047936	supercritical
300.00	515.00	18.746	0.053345	4.2393	6.9866	20.032	17.829	40.432	549.64	-0.049785	192.19	0.047990	supercritical
300.00	516.67	18.755	0.053318	4.2352	6.9900	20.014	17.832	40.409	550.26	-0.049964	192.48	0.048043	supercritical
300.00	518.33	18.765	0.053291	4.2311	6.9933	19.995	17.836	40.385	550.88	-0.050142	192.77	0.048096	supercritical
300.00	520.00	18.774	0.053264	4.2270	6.9967	19.977	17.840	40.361	551.49	-0.050318	193.06	0.048149	supercritical
300.00	521.67	18.784	0.053238	4.2229	7.0001	19.959	17.843	40.338	552.11	-0.050494	193.34	0.048201	supercritical
300.00	523.33	18.793	0.053211	4.2188	7.0035	19.940	17.847	40.315	552.72	-0.050669	193.63	0.048254	supercritical
300.00	525.00	18.802	0.053185	4.2147	7.0069	19.922	17.851	40.292	553.33	-0.050842	193.92	0.048307	supercritical
300.00	526.67	18.812	0.053158	4.2107	7.0103	19.904	17.854	40.269	553.94	-0.051014	194.21	0.048359	supercritical
300.00	528.33	18.821	0.053132	4.2066	7.0138	19.886	17.858	40.246	554.55	-0.051186	194.49	0.048412	supercritical
300.00	530.00	18.830	0.053106	4.2026	7.0172	19.868	17.862	40.223	555.15	-0.051356	194.78	0.048464	supercritical
300.00	531.67	18.840	0.053080	4.1986	7.0206	19.850	17.865	40.201	555.76	-0.051526	195.06	0.048516	supercritical
300.00	533.33	18.849	0.053054	4.1946	7.0241	19.832	17.869	40.178	556.36	-0.051694	195.35	0.048569	supercritical
300.00	535.00	18.858	0.053028	4.1906	7.0276	19.814	17.873	40.156	556.96	-0.051861	195.64	0.048621	supercritical
300.00	536.67	18.867	0.053002	4.1866	7.0310	19.796	17.876	40.134	557.57	-0.052027	195.92	0.048673	supercritical
300.00	538.33	18.876	0.052976	4.1826	7.0345	19.778	17.880	40.112	558.16	-0.052193	196.21	0.048725	supercritical
300.00	540.00	18.886	0.052951	4.1787	7.0380	19.761	17.884	40.090	558.76	-0.052357	196.49	0.048776	supercritical
300.00	541.67	18.895	0.052925	4.1748	7.0415	19.743	17.887	40.068	559.36	-0.052521	196.78	0.048828	supercritical
300.00	543.33	18.904	0.052900	4.1708	7.0450	19.725	17.891	40.047	559.96	-0.052683	197.06	0.048880	supercritical
300.00	545.00	18.913	0.052874	4.1669	7.0486	19.708	17.895	40.025	560.55	-0.052844	197.34	0.048931	supercritical
300.00	546.67	18.922	0.052849	4.1630	7.0521	19.690	17.898	40.004	561.14	-0.053005	197.63	0.048983	supercritical
300.00	548.33	18.931	0.052824	4.1591	7.0556	19.672	17.902	39.983	561.74	-0.053165	197.91	0.049034	supercritical
300.00	550.00	18.940	0.052799	4.1552	7.0592	19.655	17.905	39.962	562.33	-0.053323	198.19	0.049086	supercritical
300.00	551.67	18.949	0.052774	4.1514	7.0627	19.637	17.909	39.941	562.92	-0.053481	198.48	0.049137	supercritical
300.00	553.33	18.958	0.052749	4.1475	7.0663	19.620	17.913	39.920	563.50	-0.053638	198.76	0.049188	supercritical
300.00	555.00	18.967	0.052724	4.1437	7.0699	19.603	17.916	39.899	564.09	-0.053794	199.04	0.049239	supercritical
300.00	556.67	18.975	0.052700	4.1398	7.0734	19.585	17.920	39.879	564.68	-0.053949	199.32	0.049290	supercritical
300.00	558.33	18.984	0.052675	4.1360	7.0770	19.568	17.923	39.858	565.26	-0.054103	199.60	0.049341	supercritical
300.00	560.00	18.993	0.052651	4.1322	7.0806	19.551	17.927	39.838	565.84	-0.054256	199.89	0.049392	supercritical
300.00	561.67	19.002	0.052626	4.1284	7.0842	19.533	17.931	39.818	566.43	-0.054408	200.17	0.049443	supercritical
300.00	563.33	19.011	0.052602	4.1246	7.0879	19.516	17.934	39.798	567.01	-0.054560	200.45	0.049493	supercritical
300.00	565.00	19.019	0.052578	4.1208	7.0915	19.499	17.938	39.778	567.59	-0.054711	200.73	0.049544	supercritical
300.00	566.67	19.028	0.052554	4.1171	7.0951	19.482	17.941	39.758	568.16	-0.054860	201.01	0.049594	supercritical
300.00	568.33	19.037	0.052530	4.1133	7.0987	19.465	17.945	39.738	568.74	-0.055009	201.29	0.049645	supercritical
300.00	570.00	19.046	0.052506	4.1096	7.1024	19.448	17.949	39.718	569.32	-0.055157	201.57	0.049695	supercritical
300.00	571.67	19.054	0.052482	4.1058	7.1061	19.431	17.952	39.699	569.89	-0.055305	201.85	0.049745	supercritical
300.00	573.33	19.063	0.052458	4.1021	7.1097	19.414	17.956	39.679	570.47	-0.055451	202.13	0.049796	supercritical
300.00	575.00	19.071	0.052435	4.0984	7.1134	19.397	17.959	39.660	571.04	-0.055597	202.41	0.049846	supercritical
300.00	576.67	19.080	0.052411	4.0947	7.1171	19.380	17.963	39.641	571.61	-0.055741	202.69	0.049896	supercritical
300.00	578.33	19.089	0.052387	4.0910	7.1208	19.363	17.967	39.622	572.18	-0.055885	202.96	0.049946	supercritical
300.00	580.00	19.097	0.052364	4.0873	7.1244	19.347	17.970	39.603	572.75	-0.056029	203.24	0.049996	supercritical
300.00	581.67	19.106	0.052341	4.0837	7.1281	19.330	17.974	39.584	573.32	-0.056171	203.52	0.050045	supercritical
300.00	583.33	19.114	0.052317	4.0800	7.1319	19.313	17.977	39.565	573.88	-0.056313	203.80	0.050095	supercritical
300.00	585.00	19.123	0.052294	4.0764	7.1356	19.297	17.981	39.546	574.45	-0.056454	204.08	0.050145	supercritical
300.00	586.67	19.131	0.052271	4.0727	7.1393	19.280	17.984	39.528	575.01	-0.056594	204.35	0.050194	supercritical
300.00	588.33	19.139	0.052248	4.0691	7.1430	19.263	17.988	39.509	575.57	-0.056733	204.63	0.050244	supercritical
300.00	590.00	19.148	0.052225	4.0655	7.1468	19.247	17.992	39.491	576.14	-0.056872	204.91	0.050293	supercritical
300.00	591.67	19.156	0.052202	4.0619	7.1505	19.230	17.995	39.473	576.70	-0.057009	205.19	0.050343	supercritical
300.00	593.33	19.165	0.052180	4.0583	7.1543	19.214	17.999	39.454	577.26	-0.057146	205.46	0.050392	supercritical
300.00	595.00	19.173	0.052157	4.0547	7.1580	19.197	18.002	39.436	577.82	-0.057283	205.74	0.050441	supercritical
300.00	596.67	19.181	0.052134	4.0511	7.1618	19.181	18.006	39.418	578.37	-0.057418	206.02	0.050490	supercritical
300.00	598.33	19.190	0.052112	4.0476	7.1656	19.165	18.009	39.401	578.93	-0.057553	206.29	0.050539	supercritical
300.00	600.00	19.198	0.052089	4.0440	7.1694	19.148	18.013	39.383	579.48	-0.057687	206.57	0.050588	supercritical
300.00	601.67	19.206	0.052067	4.0405	7.1731	19.132	18.016	39.365	580.04	-0.057820	206.84	0.050637	supercritical
300.00	603.33	19.214	0.052045	4.0369	7.1769	19.116	18.020	39.348	580.59	-0.057953	207.12	0.050686	supercritical
300.00	605.00	19.223	0.052022	4.0334	7.1808	19.099	18.023	39.330	581.14	-0.058085	207.39	0.050735	supercritical
300.00	606.67	19.231	0.052000	4.0299	7.1846	19.083	18.027	39.313	581.70	-0.058216	207.67	0.050783	supercritical
300.00	608.33	19.239	0.051978	4.0264	7.1884	19.067	18.030	39.295	582.25	-0.058347	207.94	0.050832	supercritical
300.00	610.00	19.247	0.051956	4.0229	7.1922	19.051	18.034	39.278	582.79	-0.058477	208.22	0.050881	supercritical
300.00	611.67	19.255	0.051934	4.0194	7.1960	19.035	18.037	39.261	583.34	-0.058606	208.49	0.050929	supercritical
300.00	613.33	19.263	0.051912	4.0159	7.1999	19.019	18.041	39.244	583.89	-0.058734	208.77	0.050978	supercritical
300.00	615.00	19.271	0.051890	4.0125	7.2037	19.003	18.044	39.227	584.43	-0.058862	209.04	0.051026	supercritical
300.00	616.67	19.279	0.051869	4.0090	7.2076	18.987	18.048	39.210	584.98	-0.058989	209.31	0.051074	supercritical
300.00	618.33	19.287	0.051847	4.0056	7.2114	18.971	18.052	39.193	585.52	-0.059116	209.59	0.051122	supercritical
300.00	620.00	19.296	0.051825	4.0021	7.2153	18.955	18.055	39.177	586.07	-0.059242	209.86	0.051171	supercritical
300.00	621.67	19.304	0.051804	3.9987	7.2192	18.939	18.059	39.160	586.61	-0.059367	210.13	0.051219	supercritical
300.00	623.33	19.312	0.051783	3.9953	7.2230	18.923	18.062	39.144	587.15	-0.059491	210.41	0.051267	supercritical
300.00	625.00	19.319	0.051761	3.9919	7.2269	18.907	18.066	39.127	587.69	-0.059615	210.68	0.051315	supercritical
300.00	626.67	19.327	0.051740	3.9885	7.2308	18.892	18.069	39.111	588.23	-0.059738	210.95	0.051362	supercritical
300.00	628.33	19.335	0.051719	3.9851	7.2347	18.876	18.072	39.095	588.76	-0.059861	211.22	0.051410	supercritical
300.00	630.00	19.343	0.051698	3.9817	7.2386	18.860	18.076	39.079	589.30	-0.059983	211.50	0.051458	supercritical
300.00	631.67	19.351	0.051676	3.9783	7.2425	18.844	18.079	39.062	589.84	-0.060104	211.77	0.051506	supercritical
300.00	633.33	19.359	0.051655	3.9749	7.2464	18.829	18.083	39.046	590.37	-0.060225	212.04	0.051553	supercritical
300.00	635.00	19.367	0.051634	3.9716	7.2504	18.813	18.086	39.031	590.91	-0.060345	212.31	0.051601	supercritical
300.00	636.67	19.375	0.051614	3.9682	7.2543	18.798	18.090	39.015	591.44	-0.060465	212.58	0.051648	supercritical
300.00	638.33	19.383	0.051593	3.9649	7.2582	18.782	18.093	38.999	591.97	-0.060583	212.85	0.051696	supercritical
300.00	640.00	19.390	0.051572	3.9616	7.2622	18.767	18.097	38.983	592.50	-0.060702	213.13	0.051743	supercritical
300.00	641.67	19.398	0.051551	3.9582	7.2661	18.751	18.100	38.968	593.03	-0.060819	213.40	0.051790	supercritical
300.00	643.33	19.406	0.051531	3.9549	7.2701	18.736	18.104	38.952	593.56	-0.060936	213.67	0.051837	supercritical
300.00	645.00	19.414	0.051510	3.9516	7.2740	18.720	18.107	38.937	594.09	-0.061053	213.94	0.051885	supercritical
300.00	646.67	19.421	0.051490	3.9483	7.2780	18.705	18.111	38.921	594.61	-0.061169	214.21	0.051932	supercritical
300.00	648.33	19.429	0.051469	3.9450	7.2820	18.689	18.114	38.906	595.14	-0.061284	214.48	0.051979	supercritical
300.00	650.00	19.437	0.051449	3.9418	7.2859	18.674	18.118	38.891	595.67	-0.061399	214.75	0.052026	supercritical
300.00	651.67	19.444	0.051429	3.9385	7.2899	18.659	18.121	38.876	596.19	-0.061513	215.02	0.052072	supercritical
300.00	653.33	19.452	0.051408	3.9352	7.2939	18.644	18.124	38.861	596.71	-0.061627	215.29	0.052119	supercritical
300.00	655.00	19.460	0.051388	3.9320	7.2979	18.628	18.128	38.846	597.24	-0.061740	215.56	0.052166	supercritical
300.00	656.67	19.467	0.051368	3.9287	7.3019	18.613	18.131	38.831	597.76	-0.061852	215.83	0.052213	supercritical
300.00	658.33	19.475	0.051348	3.9255	7.3059	18.598	18.135	38.816	598.28	-0.061964	216.10	0.052259	supercritical
300.00	660.00	19.483	0.051328	3.9223	7.3099	18.583	18.138	38.801	598.80	-0.062075	216.36	0.052306	supercritical
300.00	661.67	19.490	0.051308	3.9191	7.3139	18.568	18.142	38.787	599.32	-0.062186	216.63	0.052352	supercritical
300.00	663.33	19.498	0.051288	3.9158	7.3180	18.553	18.145	38.772	599.83	-0.062296	216.90	0.052399	supercritical
300.00	665.00	19.505	0.051268	3.9126	7.3220	18.537	18.148	38.758	600.35	-0.062406	217.17	0.052445	supercritical
300.00	666.67	19.513	0.051249	3.9094	7.3260	18.522	18.152	38.743	600.87	-0.062515	217.44	0.052492	supercritical
300.00	668.33	19.520	0.051229	3.9063	7.3301	18.507	18.155	38.729	601.38	-0.062624	217.71	0.052538	supercritical
300.00	670.00	19.528	0.051209	3.9031	7.3341	18.492	18.159	38.714	601.90	-0.062732	217.97	0.052584	supercritical
300.00	671.67	19.535	0.051190	3.8999	7.3382	18.478	18.162	38.700	602.41	-0.062839	218.24	0.052630	supercritical
300.00	673.33	19.543	0.051170	3.8967	7.3422	18.463	18.166	38.686	602.92	-0.062946	218.51	0.052676	supercritical
300.00	675.00	19.550	0.051151	3.8936	7.3463	18.448	18.169	38.672	603.43	-0.063053	218.78	0.052722	supercritical
300.00	676.67	19.557	0.051132	3.8904	7.3503	18.433	18.172	38.658	603.94	-0.063159	219.04	0.052768	supercritical
300.00	678.33	19.565	0.051112	3.8873	7.3544	18.418	18.176	38.644	604.45	-0.063264	219.31	0.052814	supercritical
300.00	680.00	19.572	0.051093	3.8842	7.3585	18.403	18.179	38.630	604.96	-0.063369	219.58	0.052860	supercritical
300.00	681.67	19.580	0.051074	3.8811	7.3626	18.388	18.183	38.616	605.47	-0.063474	219.84	0.052906	supercritical
300.00	683.33	19.587	0.051055	3.8779	7.3667	18.374	18.186	38.602	605.98	-0.063578	220.11	0.052952	supercritical
300.00	685.00	19.594	0.051035	3.8748	7.3708	18.359	18.189	38.589	606.48	-0.063681	220.38	0.052997	supercritical
300.00	686.67	19.602	0.051016	3.8717	7.3749	18.344	18.193	38.575	606.99	-0.063784	220.64	0.053043	supercritical
300.00	688.33	19.609	0.050997	3.8686	7.3790	18.330	18.196	38.561	607.50	-0.063887	220.91	0.053088	supercritical
300.00	690.00	19.616	0.050979	3.8656	7.3831	18.315	18.199	38.548	608.00	-0.063989	221.18	0.053134	supercritical
300.00	691.67	19.623	0.050960	3.8625	7.3872	18.300	18.203	38.534	608.50	-0.064090	221.44	0.053179	supercritical
300.00	693.33	19.631	0.050941	3.8594	7.3913	18.286	18.206	38.521	609.00	-0.064191	221.71	0.053225	supercritical
300.00	695.00	19.638	0.050922	3.8563	7.3954	18.271	18.210	38.508	609.51	-0.064292	221.97	0.053270	supercritical
300.00	696.67	19.645	0.050903	3.8533	7.3996	18.257	18.213	38.494	610.01	-0.064392	222.24	0.053315	supercritical
300.00	698.33	19.652	0.050885	3.8502	7.4037	18.242	18.216	38.481	610.51	-0.064492	222.50	0.053360	supercritical
300.00	700.00	19.659	0.050866	3.8472	7.4078	18.228	18.220	38.468	611.01	-0.064591	222.77	0.053406	supercritical
300.00	701.67	19.667	0.050848	3.8442	7.4120	18.213	18.223	38.455	611.50	-0.064689	223.03	0.053451	supercritical
300.00	703.33	19.674	0.050829	3.8411	7.4161	18.199	18.226	38.442	612.00	-0.064788	223.30	0.053496	supercritical
300.00	705.00	19.681	0.050811	3.8381	7.4203	18.185	18.230	38.429	612.50	-0.064885	223.56	0.053541	supercritical
300.00	706.67	19.688	0.050792	3.8351	7.4244	18.170	18.233	38.416	612.99	-0.064983	223.83	0.053586	supercritical
300.00	708.33	19.695	0.050774	3.8321	7.4286	18.156	18.236	38.403	613.49	-0.065080	224.09	0.053631	supercritical
300.00	710.00	19.702	0.050756	3.8291	7.4328	18.142	18.240	38.390	613.98	-0.065176	224.35	0.053675	supercritical
300.00	711.67	19.709	0.050737	3.8261	7.4369	18.127	18.243	38.378	614.48	-0.065272	224.62	0.053720	supercritical
300.00	713.33	19.716	0.050719	3.8231	7.4411	18.113	18.247	38.365	614.97	-0.065367	224.88	0.053765	supercritical
300.00	715.00	19.723	0.050701	3.8202	7.4453	18.099	18.250	38.352	615.46	-0.065462	225.15	0.053810	supercritical
300.00	716.67	19.730	0.050683	3.8172	7.4495	18.085	18.253	38.340	615.95	-0.065557	225.41	0.053854	supercritical
300.00	718.33	19.738	0.050665	3.8142	7.4537	18.070	18.257	38.327	616.44	-0.065651	225.67	0.053899	supercritical
300.00	720.00	19.745	0.050647	3.8113	7.4579	18.056	18.260	38.315	616.93	-0.065745	225.94	0.053943	supercritical
300.00	721.67	19.752	0.050629	3.8083	7.4621	18.042	18.263	38.303	617.42	-0.065838	226.20	0.053988	supercritical
300.00	723.33	19.758	0.050611	3.8054	7.4663	18.028	18.266	38.290	617.91	-0.065931	226.46	0.054032	supercritical
300.00	725.00	19.765	0.050593	3.8025	7.4705	18.014	18.270	38.278	618.39	-0.066024	226.73	0.054076	supercritical
300.00	726.67	19.772	0.050576	3.7995	7.4747	18.000	18.273	38.266	618.88	-0.066116	226.99	0.054121	supercritical
300.00	728.33	19.779	0.050558	3.7966	7.4789	17.986	18.276	38.254	619.37	-0.066207	227.25	0.054165	supercritical
300.00	730.00	19.786	0.050540	3.7937	7.4831	17.972	18.280	38.241	619.85	-0.066298	227.51	0.054209	supercritical
300.00	731.67	19.793	0.050523	3.7908	7.4874	17.958	18.283	38.229	620.34	-0.066389	227.78	0.054253	supercritical
300.00	733.33	19.800	0.050505	3.7879	7.4916	17.944	18.286	38.217	620.82	-0.066480	228.04	0.054297	supercritical
300.00	735.00	19.807	0.050487	3.7850	7.4958	17.930	18.290	38.206	621.30	-0.066570	228.30	0.054341	supercritical
300.00	736.67	19.814	0.050470	3.7821	7.5001	17.916	18.293	38.194	621.78	-0.066659	228.56	0.054385	supercritical
300.00	738.33	19.821	0.050452	3.7792	7.5043	17.902	18.296	38.182	622.26	-0.066748	228.82	0.054429	supercritical
300.00	740.00	19.827	0.050435	3.7764	7.5086	17.888	18.300	38.170	622.74	-0.066837	229.09	0.054473	supercritical
300.00	741.67	19.834	0.050418	3.7735	7.5128	17.875	18.303	38.158	623.22	-0.066925	229.35	0.054517	supercritical
300.00	743.33	19.841	0.050400	3.7707	7.5171	17.861	18.306	38.147	623.70	-0.067013	229.61	0.054560	supercritical
300.00	745.00	19.848	0.050383	3.7678	7.5213	17.847	18.309	38.135	624.18	-0.067101	229.87	0.054604	supercritical
300.00	746.67	19.855	0.050366	3.7650	7.5256	17.833	18.313	38.123	624.66	-0.067188	230.13	0.054648	supercritical
300.00	748.33	19.861	0.050349	3.7621	7.5299	17.819	18.316	38.112	625.14	-0.067275	230.39	0.054691	supercritical
300.00	750.00	19.868	0.050332	3.7593	7.5342	17.806	18.319	38.100	625.61	-0.067361	230.65	0.054735	supercritical
300.00	751.67	19.875	0.050315	3.7565	7.5384	17.792	18.323	38.089	626.09	-0.067447	230.91	0.054778	supercritical
300.00	753.33	19.882	0.050298	3.7536	7.5427	17.778	18.326	38.078	626.56	-0.067533	231.17	0.054822	supercritical
300.00	755.00	19.888	0.050281	3.7508	7.5470	17.765	18.329	38.066	627.04	-0.067618	231.43	0.054865	supercritical
300.00	756.67	19.895	0.050264	3.7480	7.5513	17.751	18.332	38.055	627.51	-0.067703	231.69	0.054909	supercritical
300.00	758.33	19.902	0.050247	3.7452	7.5556	17.737	18.336	38.044	627.98	-0.067788	231.95	0.054952	supercritical
300.00	760.00	19.908	0.050230	3.7424	7.5599	17.724	18.339	38.033	628.45	-0.067872	232.21	0.054995	supercritical
300.00	761.67	19.915	0.050213	3.7396	7.5642	17.710	18.342	38.021	628.92	-0.067956	232.47	0.055038	supercritical
300.00	763.33	19.922	0.050196	3.7369	7.5685	17.697	18.345	38.010	629.39	-0.068039	232.73	0.055082	supercritical
300.00	765.00	19.928	0.050180	3.7341	7.5728	17.683	18.349	37.999	629.86	-0.068122	232.99	0.055125	supercritical
300.00	766.67	19.935	0.050163	3.7313	7.5771	17.670	18.352	37.988	630.33	-0.068205	233.25	0.055168	supercritical
300.00	768.33	19.942	0.050146	3.7285	7.5815	17.656	18.355	37.977	630.80	-0.068287	233.51	0.055211	supercritical
300.00	770.00	19.948	0.050130	3.7258	7.5858	17.643	18.358	37.967	631.27	-0.068369	233.77	0.055254	supercritical
300.00	771.67	19.955	0.050113	3.7230	7.5901	17.629	18.362	37.956	631.74	-0.068450	234.03	0.055297	supercritical
300.00	773.33	19.961	0.050097	3.7203	7.5944	17.616	18.365	37.945	632.20	-0.068532	234.29	0.055339	supercritical
300.00	775.00	19.968	0.050080	3.7176	7.5988	17.603	18.368	37.934	632.67	-0.068613	234.55	0.055382	supercritical
300.00	776.67	19.974	0.050064	3.7148	7.6031	17.589	18.371	37.923	633.13	-0.068693	234.81	0.055425	supercritical
300.00	778.33	19.981	0.050048	3.7121	7.6075	17.576	18.375	37.913	633.60	-0.068773	235.07	0.055468	supercritical
300.00	780.00	19.987	0.050031	3.7094	7.6118	17.563	18.378	37.902	634.06	-0.068853	235.33	0.055510	supercritical
300.00	781.67	19.994	0.050015	3.7067	7.6162	17.549	18.381	37.892	634.52	-0.068933	235.59	0.055553	supercritical
300.00	783.33	20.000	0.049999	3.7039	7.6205	17.536	18.384	37.881	634.99	-0.069012	235.84	0.055596	supercritical
300.00	785.00	20.007	0.049983	3.7012	7.6249	17.523	18.387	37.871	635.45	-0.069091	236.10	0.055638	supercritical
300.00	786.67	20.013	0.049966	3.6985	7.6292	17.510	18.391	37.860	635.91	-0.069169	236.36	0.055681	supercritical
300.00	788.33	20.020	0.049950	3.6959	7.6336	17.497	18.394	37.850	636.37	-0.069247	236.62	0.055723	supercritical
300.00	790.00	20.026	0.049934	3.6932	7.6380	17.483	18.397	37.839	636.83	-0.069325	236.88	0.055765	supercritical
300.00	791.67	20.033	0.049918	3.6905	7.6424	17.470	18.400	37.829	637.29	-0.069403	237.13	0.055808	supercritical
300.00	793.33	20.039	0.049902	3.6878	7.6467	17.457	18.404	37.819	637.75	-0.069480	237.39	0.055850	supercritical
300.00	795.00	20.046	0.049886	3.6852	7.6511	17.444	18.407	37.809	638.20	-0.069557	237.65	0.055892	supercritical
300.00	796.67	20.052	0.049870	3.6825	7.6555	17.431	18.410	37.798	638.66	-0.069633	237.91	0.055935	supercritical
300.00	798.33	20.058	0.049855	3.6798	7.6599	17.418	18.413	37.788	639.12	-0.069709	238.16	0.055977	supercritical
300.00	800.00	20.065	0.049839	3.6772	7.6643	17.405	18.416	37.778	639.57	-0.069785	238.42	0.056019	supercritical
300.00	801.67	20.071	0.049823	3.6745	7.6687	17.392	18.419	37.768	640.03	-0.069861	238.68	0.056061	supercritical
300.00	803.33	20.077	0.049807	3.6719	7.6731	17.379	18.423	37.758	640.48	-0.069936	238.94	0.056103	supercritical
300.00	805.00	20.084	0.049791	3.6693	7.6775	17.366	18.426	37.748	640.94	-0.070011	239.19	0.056145	supercritical
300.00	806.67	20.090	0.049776	3.6666	7.6819	17.353	18.429	37.738	641.39	-0.070085	239.45	0.056187	supercritical
300.00	808.33	20.096	0.049760	3.6640	7.6863	17.340	18.432	37.728	641.84	-0.070160	239.71	0.056229	supercritical
300.00	810.00	20.103	0.049745	3.6614	7.6907	17.327	18.435	37.718	642.29	-0.070234	239.96	0.056271	supercritical
300.00	811.67	20.109	0.049729	3.6588	7.6951	17.314	18.439	37.709	642.75	-0.070307	240.22	0.056312	supercritical
300.00	813.33	20.115	0.049713	3.6562	7.6995	17.301	18.442	37.699	643.20	-0.070381	240.48	0.056354	supercritical
300.00	815.00	20.122	0.049698	3.6536	7.7040	17.288	18.445	37.689	643.65	-0.070454	240.73	0.056396	supercritical
300.00	816.67	20.128	0.049682	3.6510	7.7084	17.275	18.448	37.679	644.10	-0.070526	240.99	0.056438	supercritical
300.00	818.33	20.134	0.049667	3.6484	7.7128	17.262	18.451	37.670	644.55	-0.070599	241.25	0.056479	supercritical
300.00	820.00	20.140	0.049652	3.6458	7.7173	17.250	18.454	37.660	644.99	-0.070671	241.50	0.056521	supercritical
300.00	821.67	20.147	0.049636	3.6432	7.7217	17.237	18.458	37.651	645.44	-0.070743	241.76	0.056562	supercritical
300.00	823.33	20.153	0.049621	3.6407	7.7261	17.224	18.461	37.641	645.89	-0.070814	242.01	0.056604	supercritical
300.00	825.00	20.159	0.049606	3.6381	7.7306	17.211	18.464	37.632	646.33	-0.070886	242.27	0.056645	supercritical
300.00	826.67	20.165	0.049591	3.6355	7.7350	17.199	18.467	37.622	646.78	-0.070957	242.53	0.056687	supercritical
300.00	828.33	20.171	0.049575	3.6330	7.7395	17.186	18.470	37.613	647.23	-0.071027	242.78	0.056728	supercritical
300.00	830.00	20.177	0.049560	3.6304	7.7439	17.173	18.473	37.603	647.67	-0.071098	243.04	0.056769	supercritical
300.00	831.67	20.184	0.049545	3.6279	7.7484	17.161	18.476	37.594	648.11	-0.071168	243.29	0.056811	supercritical
300.00	833.33	20.190	0.049530	3.6253	7.7529	17.148	18.480	37.585	648.56	-0.071237	243.55	0.056852	supercritical
300.00	835.00	20.196	0.049515	3.6228	7.7573	17.135	18.483	37.575	649.00	-0.071307	243.80	0.056893	supercritical
300.00	836.67	20.202	0.049500	3.6203	7.7618	17.123	18.486	37.566	649.44	-0.071376	244.06	0.056934	supercritical
300.00	838.33	20.208	0.049485	3.6178	7.7663	17.110	18.489	37.557	649.88	-0.071445	244.31	0.056975	supercritical
300.00	840.00	20.214	0.049470	3.6152	7.7707	17.098	18.492	37.548	650.33	-0.071514	244.57	0.057016	supercritical
300.00	841.67	20.220	0.049455	3.6127	7.7752	17.085	18.495	37.539	650.77	-0.071582	244.82	0.057057	supercritical
300.00	843.33	20.226	0.049440	3.6102	7.7797	17.072	18.498	37.530	651.21	-0.071650	245.08	0.057098	supercritical
300.00	845.00	20.232	0.049426	3.6077	7.7842	17.060	18.502	37.520	651.65	-0.071718	245.33	0.057139	supercritical
300.00	846.67	20.239	0.049411	3.6052	7.7887	17.047	18.505	37.511	652.08	-0.071786	245.59	0.057180	supercritical
300.00	848.33	20.245	0.049396	3.6027	7.7931	17.035	18.508	37.502	652.52	-0.071853	245.84	0.057221	supercritical
300.00	850.00	20.251	0.049381	3.6002	7.7976	17.022	18.511	37.493	652.96	-0.071920	246.09	0.057262	supercritical
300.00	851.67	20.257	0.049367	3.5977	7.8021	17.010	18.514	37.485	653.40	-0.071987	246.35	0.057303	supercritical
300.00	853.33	20.263	0.049352	3.5953	7.8066	16.998	18.517	37.476	653.83	-0.072053	246.60	0.057343	supercritical
300.00	855.00	20.269	0.049337	3.5928	7.8111	16.985	18.520	37.467	654.27	-0.072119	246.86	0.057384	supercritical
300.00	856.67	20.275	0.049323	3.5903	7.8156	16.973	18.523	37.458	654.71	-0.072185	247.11	0.057425	supercritical
300.00	858.33	20.281	0.049308	3.5879	7.8201	16.960	18.526	37.449	655.14	-0.072251	247.36	0.057465	supercritical
300.00	860.00	20.287	0.049294	3.5854	7.8247	16.948	18.530	37.441	655.57	-0.072316	247.62	0.057506	supercritical
300.00	861.67	20.293	0.049279	3.5829	7.8292	16.936	18.533	37.432	656.01	-0.072382	247.87	0.057546	supercritical
300.00	863.33	20.298	0.049265	3.5805	7.8337	16.923	18.536	37.423	656.44	-0.072447	248.13	0.057587	supercritical
300.00	865.00	20.304	0.049250	3.5781	7.8382	16.911	18.539	37.415	656.87	-0.072511	248.38	0.057627	supercritical
300.00	866.67	20.310	0.049236	3.5756	7.8427	16.899	18.542	37.406	657.31	-0.072576	248.63	0.057668	supercritical
300.00	868.33	20.316	0.049222	3.5732	7.8473	16.887	18.545	37.397	657.74	-0.072640	248.89	0.057708	supercritical
300.00	870.00	20.322	0.049207	3.5708	7.8518	16.874	18.548	37.389	658.17	-0.072704	249.14	0.057748	supercritical
300.00	871.67	20.328	0.049193	3.5683	7.8563	16.862	18.551	37.380	658.60	-0.072767	249.39	0.057789	supercritical
300.00	873.33	20.334	0.049179	3.5659	7.8609	16.850	18.554	37.372	659.03	-0.072831	249.65	0.057829	supercritical
300.00	875.00	20.340	0.049164	3.5635	7.8654	16.838	18.557	37.363	659.46	-0.072894	249.90	0.057869	supercritical
300.00	876.67	20.346	0.049150	3.5611	7.8699	16.826	18.560	37.355	659.89	-0.072957	250.15	0.057909	supercritical
300.00	878.33	20.352	0.049136	3.5587	7.8745	16.813	18.563	37.347	660.32	-0.073019	250.40	0.057949	supercritical
300.00	880.00	20.357	0.049122	3.5563	7.8790	16.801	18.567	37.338	660.74	-0.073082	250.66	0.057989	supercritical
300.00	881.67	20.363	0.049108	3.5539	7.8836	16.789	18.570	37.330	661.17	-0.073144	250.91	0.058029	supercritical
300.00	883.33	20.369	0.049094	3.5515	7.8881	16.777	18.573	37.322	661.60	-0.073206	251.16	0.058069	supercritical
300.00	885.00	20.375	0.049080	3.5491	7.8927	16.765	18.576	37.313	662.02	-0.073267	251.41	0.058109	supercritical
300.00	886.67	20.381	0.049066	3.5467	7.8972	16.753	18.579	37.305	662.45	-0.073329	251.67	0.058149	supercritical
300.00	888.33	20.387	0.049052	3.5444	7.9018	16.741	18.582	37.297	662.87	-0.073390	251.92	0.058189	supercritical
300.00	890.00	20.392	0.049038	3.5420	7.9064	16.729	18.585	37.289	663.30	-0.073451	252.17	0.058229	supercritical
300.00	891.67	20.398	0.049024	3.5396	7.9109	16.717	18.588	37.281	663.72	-0.073511	252.42	0.058269	supercritical
300.00	893.33	20.404	0.049010	3.5373	7.9155	16.705	18.591	37.273	664.15	-0.073572	252.68	0.058309	supercritical
300.00	895.00	20.410	0.048996	3.5349	7.9201	16.693	18.594	37.264	664.57	-0.073632	252.93	0.058348	supercritical
300.00	896.67	20.415	0.048982	3.5325	7.9246	16.681	18.597	37.256	664.99	-0.073692	253.18	0.058388	supercritical
300.00	898.33	20.421	0.048969	3.5302	7.9292	16.669	18.600	37.248	665.41	-0.073752	253.43	0.058428	supercritical
300.00	900.00	20.427	0.048955	3.5279	7.9338	16.657	18.603	37.240	665.83	-0.073811	253.68	0.058467	supercritical
300.00	901.67	20.433	0.048941	3.5255	7.9384	16.645	18.606	37.232	666.26	-0.073871	253.93	0.058507	supercritical
300.00	903.33	20.438	0.048928	3.5232	7.9430	16.633	18.609	37.225	666.68	-0.073930	254.19	0.058547	supercritical
300.00	905.00	20.444	0.048914	3.5208	7.9476	16.621	18.612	37.217	667.10	-0.073989	254.44	0.058586	supercritical
300.00	906.67	20.450	0.048900	3.5185	7.9521	16.609	18.615	37.209	667.51	-0.074047	254.69	0.058626	supercritical
300.00	908.33	20.455	0.048887	3.5162	7.9567	16.597	18.618	37.201	667.93	-0.074106	254.94	0.058665	supercritical
300.00	910.00	20.461	0.048873	3.5139	7.9613	16.586	18.621	37.193	668.35	-0.074164	255.19	0.058704	supercritical
300.00	911.67	20.467	0.048860	3.5116	7.9659	16.574	18.624	37.185	668.77	-0.074222	255.44	0.058744	supercritical
300.00	913.33	20.472	0.048846	3.5093	7.9705	16.562	18.627	37.178	669.19	-0.074280	255.69	0.058783	supercritical
300.00	915.00	20.478	0.048833	3.5070	7.9751	16.550	18.630	37.170	669.60	-0.074337	255.94	0.058822	supercritical
300.00	916.67	20.484	0.048819	3.5047	7.9797	16.538	18.633	37.162	670.02	-0.074394	256.20	0.058862	supercritical
300.00	918.33	20.489	0.048806	3.5024	7.9844	16.527	18.636	37.155	670.44	-0.074451	256.45	0.058901	supercritical
300.00	920.00	20.495	0.048792	3.5001	7.9890	16.515	18.639	37.147	670.85	-0.074508	256.70	0.058940	supercritical
300.00	921.67	20.501	0.048779	3.4978	7.9936	16.503	18.642	37.139	671.27	-0.074565	256.95	0.058979	supercritical
300.00	923.33	20.506	0.048766	3.4955	7.9982	16.492	18.645	37.132	671.68	-0.074621	257.20	0.059018	supercritical
300.00	925.00	20.512	0.048752	3.4932	8.0028	16.480	18.648	37.124	672.09	-0.074678	257.45	0.059057	supercritical
300.00	926.67	20.517	0.048739	3.4910	8.0074	16.468	18.651	37.117	672.51	-0.074734	257.70	0.059096	supercritical
300.00	928.33	20.523	0.048726	3.4887	8.0121	16.457	18.654	37.109	672.92	-0.074789	257.95	0.059135	supercritical
300.00	930.00	20.529	0.048712	3.4864	8.0167	16.445	18.657	37.102	673.33	-0.074845	258.20	0.059174	supercritical
300.00	931.67	20.534	0.048699	3.4842	8.0213	16.433	18.660	37.094	673.74	-0.074900	258.45	0.059213	supercritical
300.00	933.33	20.540	0.048686	3.4819	8.0259	16.422	18.663	37.087	674.16	-0.074955	258.70	0.059252	supercritical
300.00	935.00	20.545	0.048673	3.4797	8.0306	16.410	18.666	37.080	674.57	-0.075010	258.95	0.059291	supercritical
300.00	936.67	20.551	0.048660	3.4774	8.0352	16.398	18.669	37.072	674.98	-0.075065	259.20	0.059330	supercritical
300.00	938.33	20.556	0.048647	3.4752	8.0399	16.387	18.672	37.065	675.39	-0.075120	259.45	0.059369	supercritical
300.00	940.00	20.562	0.048634	3.4729	8.0445	16.375	18.675	37.058	675.80	-0.075174	259.70	0.059407	supercritical
300.00	941.67	20.567	0.048621	3.4707	8.0491	16.364	18.678	37.050	676.21	-0.075228	259.95	0.059446	supercritical
300.00	943.33	20.573	0.048608	3.4685	8.0538	16.352	18.681	37.043	676.61	-0.075282	260.20	0.059485	supercritical
300.00	945.00	20.578	0.048595	3.4662	8.0584	16.341	18.684	37.036	677.02	-0.075336	260.45	0.059523	supercritical
300.00	946.67	20.584	0.048582	3.4640	8.0631	16.329	18.687	37.029	677.43	-0.075389	260.70	0.059562	supercritical
300.00	948.33	20.589	0.048569	3.4618	8.0677	16.318	18.690	37.021	677.84	-0.075443	260.95	0.059600	supercritical
300.00	950.00	20.595	0.048556	3.4596	8.0724	16.306	18.693	37.014	678.24	-0.075496	261.20	0.059639	supercritical
300.00	951.67	20.600	0.048543	3.4574	8.0771	16.295	18.696	37.007	678.65	-0.075549	261.45	0.059677	supercritical
300.00	953.33	20.606	0.048530	3.4552	8.0817	16.283	18.699	37.000	679.06	-0.075602	261.70	0.059716	supercritical
300.00	955.00	20.611	0.048517	3.4530	8.0864	16.272	18.702	36.993	679.46	-0.075654	261.95	0.059754	supercritical
300.00	956.67	20.617	0.048505	3.4508	8.0911	16.261	18.705	36.986	679.87	-0.075707	262.20	0.059793	supercritical
300.00	958.33	20.622	0.048492	3.4486	8.0957	16.249	18.708	36.979	680.27	-0.075759	262.44	0.059831	supercritical
300.00	960.00	20.627	0.048479	3.4464	8.1004	16.238	18.711	36.972	680.67	-0.075811	262.69	0.059869	supercritical
300.00	961.67	20.633	0.048466	3.4442	8.1051	16.227	18.714	36.965	681.08	-0.075862	262.94	0.059908	supercritical
300.00	963.33	20.638	0.048454	3.4420	8.1097	16.215	18.717	36.958	681.48	-0.075914	263.19	0.059946	supercritical
300.00	965.00	20.644	0.048441	3.4399	8.1144	16.204	18.720	36.951	681.88	-0.075965	263.44	0.059984	supercritical
300.00	966.67	20.649	0.048428	3.4377	8.1191	16.193	18.723	36.944	682.29	-0.076017	263.69	0.060022	supercritical
300.00	968.33	20.654	0.048416	3.4355	8.1238	16.181	18.726	36.937	682.69	-0.076068	263.94	0.060061	supercritical
300.00	970.00	20.660	0.048403	3.4333	8.1285	16.170	18.729	36.930	683.09	-0.076119	264.19	0.060099	supercritical
300.00	971.67	20.665	0.048391	3.4312	8.1331	16.159	18.732	36.924	683.49	-0.076169	264.44	0.060137	supercritical
300.00	973.33	20.670	0.048378	3.4290	8.1378	16.148	18.734	36.917	683.89	-0.076220	264.68	0.060175	supercritical
300.00	975.00	20.676	0.048366	3.4269	8.1425	16.136	18.737	36.910	684.29	-0.076270	264.93	0.060213	supercritical
300.00	976.67	20.681	0.048353	3.4247	8.1472	16.125	18.740	36.903	684.69	-0.076320	265.18	0.060251	supercritical
300.00	978.33	20.687	0.048341	3.4226	8.1519	16.114	18.743	36.896	685.09	-0.076370	265.43	0.060289	supercritical
300.00	980.00	20.692	0.048328	3.4204	8.1566	16.103	18.746	36.890	685.49	-0.076420	265.68	0.060327	supercritical
300.00	981.67	20.697	0.048316	3.4183	8.1613	16.091	18.749	36.883	685.88	-0.076469	265.93	0.060365	supercritical
300.00	983.33	20.702	0.048303	3.4162	8.1660	16.080	18.752	36.876	686.28	-0.076519	266.17	0.060402	supercritical
300.00	985.00	20.708	0.048291	3.4140	8.1707	16.069	18.755	36.870	686.68	-0.076568	266.42	0.060440	supercritical
300.00	986.67	20.713	0.048279	3.4119	8.1754	16.058	18.758	36.863	687.08	-0.076617	266.67	0.060478	supercritical
300.00	988.33	20.718	0.048266	3.4098	8.1801	16.047	18.761	36.856	687.47	-0.076666	266.92	0.060516	supercritical
300.00	990.00	20.724	0.048254	3.4077	8.1848	16.036	18.764	36.850	687.87	-0.076714	267.17	0.060554	supercritical
300.00	991.67	20.729	0.048242	3.4056	8.1896	16.025	18.767	36.843	688.26	-0.076763	267.41	0.060591	supercritical
300.00	993.33	20.734	0.048230	3.4034	8.1943	16.014	18.769	36.837	688.66	-0.076811	267.66	0.060629	supercritical
300.00	995.00	20.739	0.048218	3.4013	8.1990	16.003	18.772	36.830	689.05	-0.076859	267.91	0.060667	supercritical
300.00	996.67	20.745	0.048205	3.3992	8.2037	15.991	18.775	36.824	689.45	-0.076907	268.16	0.060704	supercritical
300.00	998.33	20.750	0.048193	3.3971	8.2084	15.980	18.778	36.817	689.84	-0.076955	268.40	0.060742	supercritical
300.00	1000.0	20.755	0.048181	3.3950	8.2131	15.969	18.781	36.811	690.23	-0.077003	268.65	0.060779	supercritical
