LECROYHDO6104A	50809	Waveform
Segments	1	SegmentSize	2502
Segment	TrigTime	TimeSinceSegment1
#1	19-Dec-2022 19:19:34	0                 
Time	Ampl
-2.491438e-06	-0.02628
-2.489438e-06	-0.02585
-2.487438e-06	-0.02284
-2.485438e-06	-0.028
-2.483438e-06	-0.02757
-2.481438e-06	-0.02886
-2.479438e-06	-0.02714
-2.477438e-06	-0.02886
-2.475438e-06	-0.02714
-2.473438e-06	-0.02843
-2.471438e-06	-0.02671
-2.469438e-06	-0.02929
-2.467438e-06	-0.02542
-2.465438e-06	-0.02671
-2.463438e-06	-0.0237
-2.461438e-06	-0.028
-2.459438e-06	-0.02585
-2.457438e-06	-0.02628
-2.455438e-06	-0.02542
-2.453438e-06	-0.02628
-2.451438e-06	-0.02714
-2.449438e-06	-0.02585
-2.447438e-06	-0.02628
-2.445438e-06	-0.02757
-2.443438e-06	-0.02542
-2.441438e-06	-0.028
-2.439438e-06	-0.02585
-2.437438e-06	-0.02628
-2.435438e-06	-0.02714
-2.433438e-06	-0.02671
-2.431438e-06	-0.02628
-2.429438e-06	-0.02843
-2.427438e-06	-0.02886
-2.425438e-06	-0.028
-2.423438e-06	-0.02585
-2.421438e-06	-0.02714
-2.419438e-06	-0.02628
-2.417438e-06	-0.02886
-2.415438e-06	-0.02843
-2.413438e-06	-0.02843
-2.411438e-06	-0.02671
-2.409438e-06	-0.02843
-2.407438e-06	-0.028
-2.405438e-06	-0.02628
-2.403438e-06	-0.02628
-2.401438e-06	-0.03058
-2.399438e-06	-0.0237
-2.397438e-06	-0.028
-2.395438e-06	-0.02585
-2.393438e-06	-0.02886
-2.391438e-06	-0.02757
-2.389438e-06	-0.02929
-2.387438e-06	-0.02886
-2.385438e-06	-0.03058
-2.383438e-06	-0.02757
-2.381438e-06	-0.02757
-2.379438e-06	-0.02757
-2.377438e-06	-0.03101
-2.375438e-06	-0.02972
-2.373438e-06	-0.03101
-2.371438e-06	-0.02972
-2.369438e-06	-0.02972
-2.367438e-06	-0.02585
-2.365438e-06	-0.03015
-2.363438e-06	-0.02585
-2.361438e-06	-0.03015
-2.359438e-06	-0.02413
-2.357438e-06	-0.028
-2.355438e-06	-0.02628
-2.353438e-06	-0.03058
-2.351438e-06	-0.02628
-2.349438e-06	-0.02757
-2.347438e-06	-0.028
-2.345438e-06	-0.02929
-2.343438e-06	-0.02585
-2.341438e-06	-0.02671
-2.339438e-06	-0.02628
-2.337438e-06	-0.02843
-2.335438e-06	-0.02628
-2.333438e-06	-0.02714
-2.331438e-06	-0.02714
-2.329438e-06	-0.03015
-2.327438e-06	-0.02327
-2.325438e-06	-0.02585
-2.323438e-06	-0.02585
-2.321438e-06	-0.02585
-2.319438e-06	-0.02413
-2.317438e-06	-0.02628
-2.315438e-06	-0.02542
-2.313438e-06	-0.02585
-2.311438e-06	-0.02542
-2.309438e-06	-0.02757
-2.307438e-06	-0.02671
-2.305438e-06	-0.02542
-2.303438e-06	-0.02628
-2.301438e-06	-0.02628
-2.299438e-06	-0.02628
-2.297438e-06	-0.02671
-2.295438e-06	-0.0237
-2.293438e-06	-0.02671
-2.291438e-06	-0.0237
-2.289438e-06	-0.02456
-2.287438e-06	-0.02542
-2.285438e-06	-0.028
-2.283438e-06	-0.02499
-2.281438e-06	-0.02843
-2.279438e-06	-0.02542
-2.277438e-06	-0.028
-2.275438e-06	-0.02929
-2.273438e-06	-0.02714
-2.271438e-06	-0.02585
-2.269438e-06	-0.02714
-2.267438e-06	-0.02671
-2.265438e-06	-0.028
-2.263438e-06	-0.02714
-2.261438e-06	-0.02972
-2.259438e-06	-0.02757
-2.257438e-06	-0.02714
-2.255438e-06	-0.02671
-2.253438e-06	-0.02843
-2.251438e-06	-0.02628
-2.249438e-06	-0.028
-2.247438e-06	-0.02413
-2.245438e-06	-0.02757
-2.243438e-06	-0.02714
-2.241438e-06	-0.02714
-2.239438e-06	-0.02628
-2.237438e-06	-0.02456
-2.235438e-06	-0.02499
-2.233438e-06	-0.02714
-2.231438e-06	-0.02499
-2.229438e-06	-0.02499
-2.227438e-06	-0.02198
-2.225438e-06	-0.02757
-2.223438e-06	-0.0237
-2.221438e-06	-0.02671
-2.219438e-06	-0.02628
-2.217438e-06	-0.02585
-2.215438e-06	-0.02628
-2.213438e-06	-0.028
-2.211438e-06	-0.0237
-2.209438e-06	-0.02542
-2.207438e-06	-0.02714
-2.205438e-06	-0.02456
-2.203438e-06	-0.02499
-2.201438e-06	-0.028
-2.199438e-06	-0.02456
-2.197438e-06	-0.02585
-2.195438e-06	-0.0237
-2.193438e-06	-0.02499
-2.191438e-06	-0.02198
-2.189438e-06	-0.02499
-2.187438e-06	-0.02499
-2.185438e-06	-0.02542
-2.183438e-06	-0.02241
-2.181438e-06	-0.02757
-2.179438e-06	-0.02585
-2.177438e-06	-0.02499
-2.175438e-06	-0.02499
-2.173438e-06	-0.028
-2.171438e-06	-0.02671
-2.169438e-06	-0.028
-2.167438e-06	-0.02456
-2.165438e-06	-0.02972
-2.163438e-06	-0.02628
-2.161438e-06	-0.03015
-2.159438e-06	-0.02628
-2.157438e-06	-0.02886
-2.155438e-06	-0.02757
-2.153438e-06	-0.02886
-2.151438e-06	-0.02628
-2.149438e-06	-0.02628
-2.147438e-06	-0.02585
-2.145438e-06	-0.02757
-2.143438e-06	-0.02456
-2.141438e-06	-0.02843
-2.139438e-06	-0.028
-2.137438e-06	-0.02929
-2.135438e-06	-0.02929
-2.133438e-06	-0.02757
-2.131438e-06	-0.02886
-2.129438e-06	-0.02714
-2.127438e-06	-0.028
-2.125438e-06	-0.028
-2.123438e-06	-0.02757
-2.121438e-06	-0.02714
-2.119438e-06	-0.02456
-2.117438e-06	-0.02757
-2.115438e-06	-0.02542
-2.113438e-06	-0.02628
-2.111438e-06	-0.02585
-2.109438e-06	-0.02843
-2.107438e-06	-0.02542
-2.105438e-06	-0.028
-2.103438e-06	-0.02499
-2.101438e-06	-0.02757
-2.099438e-06	-0.02671
-2.097438e-06	-0.02929
-2.095438e-06	-0.02714
-2.093438e-06	-0.02886
-2.091438e-06	-0.02628
-2.089438e-06	-0.02757
-2.087438e-06	-0.02542
-2.085438e-06	-0.02714
-2.083438e-06	-0.02843
-2.081438e-06	-0.02757
-2.079438e-06	-0.02284
-2.077438e-06	-0.02542
-2.075438e-06	-0.02757
-2.073438e-06	-0.02757
-2.071438e-06	-0.02499
-2.069438e-06	-0.02714
-2.067438e-06	-0.02628
-2.065438e-06	-0.02757
-2.063438e-06	-0.02456
-2.061438e-06	-0.02843
-2.059438e-06	-0.028
-2.057438e-06	-0.02714
-2.055438e-06	-0.02671
-2.053438e-06	-0.02843
-2.051438e-06	-0.02456
-2.049438e-06	-0.02628
-2.047438e-06	-0.0237
-2.045438e-06	-0.02843
-2.043438e-06	-0.02843
-2.041438e-06	-0.02886
-2.039438e-06	-0.02886
-2.037438e-06	-0.02714
-2.035438e-06	-0.028
-2.033438e-06	-0.02929
-2.031438e-06	-0.02714
-2.029438e-06	-0.02886
-2.027438e-06	-0.02628
-2.025438e-06	-0.02714
-2.023438e-06	-0.02413
-2.021438e-06	-0.02886
-2.019438e-06	-0.02628
-2.017438e-06	-0.02671
-2.015438e-06	-0.02499
-2.013438e-06	-0.02542
-2.011438e-06	-0.028
-2.009438e-06	-0.02757
-2.007438e-06	-0.02757
-2.005438e-06	-0.02843
-2.003438e-06	-0.02628
-2.001438e-06	-0.02843
-1.999438e-06	-0.02628
-1.997438e-06	-0.02972
-1.995438e-06	-0.02671
-1.993438e-06	-0.02413
-1.991438e-06	-0.02542
-1.989438e-06	-0.02714
-1.987438e-06	-0.02886
-1.985438e-06	-0.02542
-1.983438e-06	-0.02327
-1.981438e-06	-0.03101
-1.979438e-06	-0.02929
-1.977438e-06	-0.03015
-1.975438e-06	-0.02456
-1.973438e-06	-0.02585
-1.971438e-06	-0.02628
-1.969438e-06	-0.02843
-1.967438e-06	-0.02413
-1.965438e-06	-0.02714
-1.963438e-06	-0.02499
-1.961438e-06	-0.02929
-1.959438e-06	-0.02585
-1.957438e-06	-0.02499
-1.955438e-06	-0.02499
-1.953438e-06	-0.028
-1.951438e-06	-0.02585
-1.949438e-06	-0.02757
-1.947438e-06	-0.02585
-1.945438e-06	-0.02585
-1.943438e-06	-0.02585
-1.941438e-06	-0.02585
-1.939438e-06	-0.02499
-1.937438e-06	-0.02628
-1.935438e-06	-0.02499
-1.933438e-06	-0.02972
-1.931438e-06	-0.02456
-1.929438e-06	-0.02757
-1.927438e-06	-0.0237
-1.925438e-06	-0.02499
-1.923438e-06	-0.02413
-1.921438e-06	-0.028
-1.919438e-06	-0.02327
-1.917438e-06	-0.02456
-1.915438e-06	-0.02456
-1.913438e-06	-0.02628
-1.911438e-06	-0.02413
-1.909438e-06	-0.02499
-1.907438e-06	-0.02499
-1.905438e-06	-0.02714
-1.903438e-06	-0.02585
-1.901438e-06	-0.02757
-1.899438e-06	-0.02628
-1.897438e-06	-0.02671
-1.895438e-06	-0.02413
-1.893438e-06	-0.02843
-1.891438e-06	-0.02714
-1.889438e-06	-0.02585
-1.887438e-06	-0.02327
-1.885438e-06	-0.02886
-1.883438e-06	-0.02542
-1.881438e-06	-0.02671
-1.879438e-06	-0.02499
-1.877438e-06	-0.02585
-1.875438e-06	-0.02628
-1.873438e-06	-0.02585
-1.871438e-06	-0.02671
-1.869438e-06	-0.02628
-1.867438e-06	-0.02671
-1.865438e-06	-0.02843
-1.863438e-06	-0.02585
-1.861438e-06	-0.02757
-1.859438e-06	-0.02628
-1.857438e-06	-0.028
-1.855438e-06	-0.02585
-1.853438e-06	-0.02972
-1.851438e-06	-0.02671
-1.849438e-06	-0.02456
-1.847438e-06	-0.02413
-1.845438e-06	-0.02628
-1.843438e-06	-0.02585
-1.841438e-06	-0.02714
-1.839438e-06	-0.028
-1.837438e-06	-0.02972
-1.835438e-06	-0.02542
-1.833438e-06	-0.02585
-1.831438e-06	-0.02843
-1.829438e-06	-0.02757
-1.827438e-06	-0.02929
-1.825438e-06	-0.02972
-1.823438e-06	-0.02413
-1.821438e-06	-0.02628
-1.819438e-06	-0.02671
-1.817438e-06	-0.02757
-1.815438e-06	-0.02585
-1.813438e-06	-0.02284
-1.811438e-06	-0.02671
-1.809438e-06	-0.02155
-1.807438e-06	-0.0237
-1.805438e-06	-0.02671
-1.803438e-06	-0.02327
-1.801438e-06	-0.02542
-1.799438e-06	-0.02413
-1.797438e-06	-0.0237
-1.795438e-06	-0.02327
-1.793438e-06	-0.0237
-1.791438e-06	-0.02241
-1.789438e-06	-0.02628
-1.787438e-06	-0.0237
-1.785438e-06	-0.02327
-1.783438e-06	-0.02155
-1.781438e-06	-0.02714
-1.779438e-06	-0.02542
-1.777438e-06	-0.02714
-1.775438e-06	-0.02628
-1.773438e-06	-0.02843
-1.771438e-06	-0.02585
-1.769438e-06	-0.02714
-1.767438e-06	-0.028
-1.765438e-06	-0.028
-1.763438e-06	-0.02671
-1.761438e-06	-0.02714
-1.759438e-06	-0.02542
-1.757438e-06	-0.02757
-1.755438e-06	-0.02757
-1.753438e-06	-0.02585
-1.751438e-06	-0.02585
-1.749438e-06	-0.03101
-1.747438e-06	-0.02585
-1.745438e-06	-0.02714
-1.743438e-06	-0.02714
-1.741438e-06	-0.03144
-1.739438e-06	-0.02628
-1.737438e-06	-0.02929
-1.735438e-06	-0.02628
-1.733438e-06	-0.02886
-1.731438e-06	-0.02714
-1.729438e-06	-0.03015
-1.727438e-06	-0.0237
-1.725438e-06	-0.02929
-1.723438e-06	-0.02929
-1.721438e-06	-0.03187
-1.719438e-06	-0.03058
-1.717438e-06	-0.03058
-1.715438e-06	-0.02972
-1.713438e-06	-0.02929
-1.711438e-06	-0.02628
-1.709438e-06	-0.03445
-1.707438e-06	-0.03187
-1.705438e-06	-0.03273
-1.703438e-06	-0.02843
-1.701438e-06	-0.03058
-1.699438e-06	-0.028
-1.697438e-06	-0.02972
-1.695438e-06	-0.0237
-1.693438e-06	-0.02929
-1.691438e-06	-0.03187
-1.689438e-06	-0.03273
-1.687438e-06	-0.02757
-1.685438e-06	-0.02757
-1.683438e-06	-0.02886
-1.681438e-06	-0.02972
-1.679438e-06	-0.02843
-1.677438e-06	-0.03101
-1.675438e-06	-0.02929
-1.673438e-06	-0.028
-1.671438e-06	-0.028
-1.669438e-06	-0.02972
-1.667438e-06	-0.028
-1.665438e-06	-0.02843
-1.663438e-06	-0.02413
-1.661438e-06	-0.02929
-1.659438e-06	-0.02843
-1.657438e-06	-0.028
-1.655438e-06	-0.028
-1.653438e-06	-0.03015
-1.651438e-06	-0.02843
-1.649438e-06	-0.02929
-1.647438e-06	-0.028
-1.645438e-06	-0.03015
-1.643438e-06	-0.02929
-1.641438e-06	-0.03015
-1.639438e-06	-0.02585
-1.637438e-06	-0.02671
-1.635438e-06	-0.02671
-1.633438e-06	-0.02886
-1.631438e-06	-0.02757
-1.629438e-06	-0.03058
-1.627438e-06	-0.028
-1.625438e-06	-0.02972
-1.623438e-06	-0.02757
-1.621438e-06	-0.02972
-1.619438e-06	-0.02843
-1.617438e-06	-0.02757
-1.615438e-06	-0.02714
-1.613438e-06	-0.028
-1.611438e-06	-0.02327
-1.609438e-06	-0.02714
-1.607438e-06	-0.02714
-1.605438e-06	-0.02628
-1.603438e-06	-0.0237
-1.601438e-06	-0.02714
-1.599438e-06	-0.02413
-1.597438e-06	-0.02628
-1.595438e-06	-0.02456
-1.593438e-06	-0.02671
-1.591438e-06	-0.02456
-1.589438e-06	-0.02628
-1.587438e-06	-0.02628
-1.585438e-06	-0.02585
-1.583438e-06	-0.02671
-1.581438e-06	-0.02843
-1.579438e-06	-0.02843
-1.577438e-06	-0.02671
-1.575438e-06	-0.02499
-1.573438e-06	-0.02929
-1.571438e-06	-0.02714
-1.569438e-06	-0.02671
-1.567438e-06	-0.02714
-1.565438e-06	-0.03101
-1.563438e-06	-0.03101
-1.561438e-06	-0.02671
-1.559438e-06	-0.02628
-1.557438e-06	-0.02671
-1.555438e-06	-0.02757
-1.553438e-06	-0.028
-1.551438e-06	-0.02585
-1.549438e-06	-0.02929
-1.547438e-06	-0.02714
-1.545438e-06	-0.028
-1.543438e-06	-0.02757
-1.541438e-06	-0.02843
-1.539438e-06	-0.03187
-1.537438e-06	-0.03187
-1.535438e-06	-0.02714
-1.533438e-06	-0.02757
-1.531438e-06	-0.02843
-1.529438e-06	-0.02886
-1.527438e-06	-0.028
-1.525438e-06	-0.02886
-1.523438e-06	-0.02886
-1.521438e-06	-0.02714
-1.519438e-06	-0.02542
-1.517438e-06	-0.03058
-1.515438e-06	-0.02757
-1.513438e-06	-0.02499
-1.511438e-06	-0.02499
-1.509438e-06	-0.028
-1.507438e-06	-0.02757
-1.505438e-06	-0.02585
-1.503438e-06	-0.02542
-1.501438e-06	-0.02671
-1.499438e-06	-0.02757
-1.497438e-06	-0.02714
-1.495438e-06	-0.02413
-1.493438e-06	-0.02671
-1.491438e-06	-0.02757
-1.489438e-06	-0.02714
-1.487438e-06	-0.02714
-1.485438e-06	-0.02972
-1.483438e-06	-0.02499
-1.481438e-06	-0.02972
-1.479438e-06	-0.02585
-1.477438e-06	-0.02929
-1.475438e-06	-0.02843
-1.473438e-06	-0.02843
-1.471438e-06	-0.02628
-1.469438e-06	-0.02886
-1.467438e-06	-0.02886
-1.465438e-06	-0.02929
-1.463438e-06	-0.02757
-1.461438e-06	-0.03015
-1.459438e-06	-0.02714
-1.457438e-06	-0.02886
-1.455438e-06	-0.02886
-1.453438e-06	-0.02929
-1.451438e-06	-0.028
-1.449438e-06	-0.02972
-1.447438e-06	-0.02585
-1.445438e-06	-0.02671
-1.443438e-06	-0.02671
-1.441438e-06	-0.03058
-1.439438e-06	-0.02843
-1.437438e-06	-0.02929
-1.435438e-06	-0.02886
-1.433438e-06	-0.02628
-1.431438e-06	-0.02542
-1.429438e-06	-0.028
-1.427438e-06	-0.02628
-1.425438e-06	-0.03058
-1.423438e-06	-0.02542
-1.421438e-06	-0.03015
-1.419438e-06	-0.02929
-1.417438e-06	-0.028
-1.415438e-06	-0.02714
-1.413438e-06	-0.02886
-1.411438e-06	-0.02499
-1.409438e-06	-0.02585
-1.407438e-06	-0.02671
-1.405438e-06	-0.02671
-1.403438e-06	-0.02499
-1.401438e-06	-0.02714
-1.399438e-06	-0.02714
-1.397438e-06	-0.02714
-1.395438e-06	-0.02628
-1.393438e-06	-0.02585
-1.391438e-06	-0.02327
-1.389438e-06	-0.02671
-1.387438e-06	-0.02456
-1.385438e-06	-0.0237
-1.383438e-06	-0.02456
-1.381438e-06	-0.02671
-1.379438e-06	-0.02456
-1.377438e-06	-0.02499
-1.375438e-06	-0.02284
-1.373438e-06	-0.02929
-1.371438e-06	-0.02499
-1.369438e-06	-0.02413
-1.367438e-06	-0.02413
-1.365438e-06	-0.02456
-1.363438e-06	-0.02413
-1.361438e-06	-0.028
-1.359438e-06	-0.02628
-1.357438e-06	-0.02929
-1.355438e-06	-0.02843
-1.353438e-06	-0.02843
-1.351438e-06	-0.02542
-1.349438e-06	-0.028
-1.347438e-06	-0.02456
-1.345438e-06	-0.02671
-1.343438e-06	-0.02456
-1.341438e-06	-0.02714
-1.339438e-06	-0.02456
-1.337438e-06	-0.02929
-1.335438e-06	-0.02628
-1.333438e-06	-0.028
-1.331438e-06	-0.02714
-1.329438e-06	-0.02757
-1.327438e-06	-0.0237
-1.325438e-06	-0.02499
-1.323438e-06	-0.02413
-1.321438e-06	-0.02972
-1.319438e-06	-0.02714
-1.317438e-06	-0.028
-1.315438e-06	-0.02542
-1.313438e-06	-0.02843
-1.311438e-06	-0.02542
-1.309438e-06	-0.02886
-1.307438e-06	-0.03015
-1.305438e-06	-0.02714
-1.303438e-06	-0.02542
-1.301438e-06	-0.02757
-1.299438e-06	-0.02972
-1.297438e-06	-0.02886
-1.295438e-06	-0.028
-1.293438e-06	-0.02585
-1.291438e-06	-0.02714
-1.289438e-06	-0.02585
-1.287438e-06	-0.02327
-1.285438e-06	-0.03015
-1.283438e-06	-0.02843
-1.281438e-06	-0.028
-1.279438e-06	-0.02413
-1.277438e-06	-0.02671
-1.275438e-06	-0.02929
-1.273438e-06	-0.02714
-1.271438e-06	-0.02456
-1.269438e-06	-0.02843
-1.267438e-06	-0.02585
-1.265438e-06	-0.028
-1.263438e-06	-0.02413
-1.261438e-06	-0.03015
-1.259438e-06	-0.03316
-1.257438e-06	-0.02843
-1.255438e-06	-0.02499
-1.253438e-06	-0.02886
-1.251438e-06	-0.02843
-1.249438e-06	-0.02843
-1.247438e-06	-0.02628
-1.245438e-06	-0.02929
-1.243438e-06	-0.02714
-1.241438e-06	-0.02843
-1.239438e-06	-0.02542
-1.237438e-06	-0.03015
-1.235438e-06	-0.02671
-1.233438e-06	-0.02843
-1.231438e-06	-0.02628
-1.229438e-06	-0.02972
-1.227438e-06	-0.02714
-1.225438e-06	-0.02456
-1.223438e-06	-0.028
-1.221438e-06	-0.02886
-1.219438e-06	-0.02757
-1.217438e-06	-0.02972
-1.215438e-06	-0.02714
-1.213438e-06	-0.02757
-1.211438e-06	-0.02542
-1.209438e-06	-0.02886
-1.207438e-06	-0.02499
-1.205438e-06	-0.02628
-1.203438e-06	-0.02585
-1.201438e-06	-0.02714
-1.199438e-06	-0.02456
-1.197438e-06	-0.02714
-1.195438e-06	-0.02499
-1.193438e-06	-0.02757
-1.191438e-06	-0.02499
-1.189438e-06	-0.028
-1.187438e-06	-0.02671
-1.185438e-06	-0.028
-1.183438e-06	-0.02155
-1.181438e-06	-0.02671
-1.179438e-06	-0.02542
-1.177438e-06	-0.028
-1.175438e-06	-0.02327
-1.173438e-06	-0.02456
-1.171438e-06	-0.02542
-1.169438e-06	-0.02499
-1.167438e-06	-0.02198
-1.165438e-06	-0.02628
-1.163438e-06	-0.02456
-1.161438e-06	-0.02499
-1.159438e-06	-0.0237
-1.157438e-06	-0.02585
-1.155438e-06	-0.02456
-1.153438e-06	-0.02499
-1.151438e-06	-0.0237
-1.149438e-06	-0.02456
-1.147438e-06	-0.0237
-1.145438e-06	-0.02585
-1.143438e-06	-0.02198
-1.141438e-06	-0.02413
-1.139438e-06	-0.02112
-1.137438e-06	-0.0237
-1.135438e-06	-0.01983
-1.133438e-06	-0.02456
-1.131438e-06	-0.02327
-1.129438e-06	-0.0237
-1.127438e-06	-0.02241
-1.125438e-06	-0.02499
-1.123438e-06	-0.02327
-1.121438e-06	-0.02456
-1.119438e-06	-0.02284
-1.117438e-06	-0.02499
-1.115438e-06	-0.02542
-1.113438e-06	-0.02671
-1.111438e-06	-0.0237
-1.109438e-06	-0.02456
-1.107438e-06	-0.02456
-1.105438e-06	-0.02585
-1.103438e-06	-0.02284
-1.101438e-06	-0.02757
-1.099438e-06	-0.02456
-1.097438e-06	-0.02714
-1.095438e-06	-0.02327
-1.093438e-06	-0.02671
-1.091438e-06	-0.02542
-1.089438e-06	-0.02456
-1.087438e-06	-0.02327
-1.085438e-06	-0.02671
-1.083438e-06	-0.02628
-1.081438e-06	-0.02542
-1.079438e-06	-0.02585
-1.077438e-06	-0.02714
-1.075438e-06	-0.02628
-1.073438e-06	-0.02413
-1.071438e-06	-0.02241
-1.069438e-06	-0.02671
-1.067438e-06	-0.0237
-1.065438e-06	-0.02757
-1.063438e-06	-0.02542
-1.061438e-06	-0.02671
-1.059438e-06	-0.02499
-1.057438e-06	-0.02542
-1.055438e-06	-0.02413
-1.053438e-06	-0.02671
-1.051438e-06	-0.02628
-1.049438e-06	-0.02585
-1.047438e-06	-0.02499
-1.045438e-06	-0.028
-1.043438e-06	-0.02714
-1.041438e-06	-0.03015
-1.039438e-06	-0.02671
-1.037438e-06	-0.02757
-1.035438e-06	-0.02929
-1.033438e-06	-0.02714
-1.031438e-06	-0.02413
-1.029438e-06	-0.02843
-1.027438e-06	-0.02714
-1.025438e-06	-0.02886
-1.023438e-06	-0.02542
-1.021438e-06	-0.02929
-1.019438e-06	-0.028
-1.017438e-06	-0.02886
-1.015438e-06	-0.02585
-1.013438e-06	-0.02972
-1.011438e-06	-0.02929
-1.009438e-06	-0.02757
-1.007438e-06	-0.02714
-1.005438e-06	-0.02628
-1.003438e-06	-0.02757
-1.001438e-06	-0.03058
-9.994381e-07	-0.02714
-9.974381e-07	-0.02757
-9.954381e-07	-0.02757
-9.934381e-07	-0.02628
-9.914381e-07	-0.02628
-9.894381e-07	-0.03187
-9.874381e-07	-0.02886
-9.854381e-07	-0.02585
-9.834381e-07	-0.02585
-9.814381e-07	-0.02972
-9.794381e-07	-0.02843
-9.774381e-07	-0.02714
-9.754381e-07	-0.02542
-9.734381e-07	-0.02843
-9.714381e-07	-0.02929
-9.694381e-07	-0.02628
-9.674381e-07	-0.02628
-9.654381e-07	-0.02886
-9.634381e-07	-0.02714
-9.614381e-07	-0.028
-9.594381e-07	-0.02628
-9.574381e-07	-0.02499
-9.554381e-07	-0.02671
-9.534381e-07	-0.028
-9.514381e-07	-0.02585
-9.494381e-07	-0.02886
-9.474381e-07	-0.02542
-9.454381e-07	-0.028
-9.434381e-07	-0.02542
-9.414381e-07	-0.028
-9.394381e-07	-0.02714
-9.374381e-07	-0.02585
-9.354381e-07	-0.02585
-9.334381e-07	-0.02929
-9.314381e-07	-0.02714
-9.294381e-07	-0.02628
-9.274381e-07	-0.02886
-9.254381e-07	-0.02671
-9.234381e-07	-0.02886
-9.214381e-07	-0.02585
-9.194381e-07	-0.02886
-9.174381e-07	-0.02886
-9.154381e-07	-0.02886
-9.134381e-07	-0.02585
-9.114381e-07	-0.02843
-9.094381e-07	-0.02972
-9.074381e-07	-0.02886
-9.054381e-07	-0.02972
-9.034381e-07	-0.02413
-9.014381e-07	-0.02843
-8.994381e-07	-0.02972
-8.974381e-07	-0.02886
-8.954381e-07	-0.02972
-8.934381e-07	-0.02671
-8.914381e-07	-0.02972
-8.894381e-07	-0.02843
-8.874381e-07	-0.02886
-8.854381e-07	-0.03015
-8.834381e-07	-0.03058
-8.814381e-07	-0.02929
-8.794381e-07	-0.028
-8.774381e-07	-0.028
-8.754381e-07	-0.03015
-8.734381e-07	-0.02972
-8.714381e-07	-0.02714
-8.694381e-07	-0.02929
-8.674381e-07	-0.02714
-8.654381e-07	-0.02843
-8.634381e-07	-0.02585
-8.614381e-07	-0.02929
-8.594381e-07	-0.02671
-8.574381e-07	-0.02628
-8.554381e-07	-0.02413
-8.534381e-07	-0.02628
-8.514381e-07	-0.02327
-8.494381e-07	-0.02628
-8.474381e-07	-0.02456
-8.454381e-07	-0.028
-8.434381e-07	-0.02327
-8.414381e-07	-0.02413
-8.394381e-07	-0.02327
-8.374381e-07	-0.02499
-8.354381e-07	-0.02542
-8.334381e-07	-0.02155
-8.314381e-07	-0.02198
-8.294381e-07	-0.02112
-8.274381e-07	-0.02155
-8.254381e-07	-0.02026
-8.234381e-07	-0.02112
-8.214381e-07	-0.02284
-8.194381e-07	-0.0237
-8.174381e-07	-0.02456
-8.154381e-07	-0.02198
-8.134381e-07	-0.02585
-8.114381e-07	-0.02413
-8.094381e-07	-0.02198
-8.074381e-07	-0.02241
-8.054381e-07	-0.02456
-8.034381e-07	-0.02456
-8.014381e-07	-0.02456
-7.994381e-07	-0.02284
-7.974381e-07	-0.02499
-7.954381e-07	-0.0237
-7.934381e-07	-0.02241
-7.914381e-07	-0.02198
-7.894381e-07	-0.02327
-7.874381e-07	-0.0237
-7.854381e-07	-0.02542
-7.834381e-07	-0.0237
-7.814381e-07	-0.02284
-7.794381e-07	-0.02628
-7.774381e-07	-0.02542
-7.754381e-07	-0.02241
-7.734381e-07	-0.02886
-7.714381e-07	-0.02714
-7.694381e-07	-0.02714
-7.674381e-07	-0.02542
-7.654381e-07	-0.02757
-7.634381e-07	-0.02843
-7.614381e-07	-0.028
-7.594381e-07	-0.02499
-7.574381e-07	-0.03144
-7.554381e-07	-0.02843
-7.534381e-07	-0.028
-7.514381e-07	-0.02628
-7.494381e-07	-0.02671
-7.474381e-07	-0.02757
-7.454381e-07	-0.02843
-7.434381e-07	-0.02499
-7.414381e-07	-0.02886
-7.394381e-07	-0.02757
-7.374381e-07	-0.028
-7.354381e-07	-0.02585
-7.334381e-07	-0.02886
-7.314381e-07	-0.02972
-7.294381e-07	-0.02972
-7.274381e-07	-0.02714
-7.254381e-07	-0.02929
-7.234381e-07	-0.02671
-7.214381e-07	-0.02972
-7.194381e-07	-0.02542
-7.174381e-07	-0.03058
-7.154381e-07	-0.02671
-7.134381e-07	-0.02714
-7.114381e-07	-0.02757
-7.094381e-07	-0.02929
-7.074381e-07	-0.02714
-7.054381e-07	-0.02972
-7.034381e-07	-0.02972
-7.014381e-07	-0.03144
-6.994381e-07	-0.02757
-6.974381e-07	-0.02628
-6.954381e-07	-0.02671
-6.934381e-07	-0.02757
-6.914381e-07	-0.02843
-6.894381e-07	-0.02757
-6.874381e-07	-0.02757
-6.854381e-07	-0.03015
-6.834381e-07	-0.02929
-6.814381e-07	-0.02972
-6.794381e-07	-0.02843
-6.774381e-07	-0.03058
-6.754381e-07	-0.02972
-6.734381e-07	-0.02628
-6.714381e-07	-0.028
-6.694381e-07	-0.02972
-6.674381e-07	-0.02843
-6.654381e-07	-0.03058
-6.634381e-07	-0.02714
-6.614381e-07	-0.02886
-6.594381e-07	-0.02714
-6.574381e-07	-0.03273
-6.554381e-07	-0.02972
-6.534381e-07	-0.03144
-6.514381e-07	-0.02757
-6.494381e-07	-0.0323
-6.474381e-07	-0.02714
-6.454381e-07	-0.03015
-6.434381e-07	-0.02929
-6.414381e-07	-0.03101
-6.394381e-07	-0.02585
-6.374381e-07	-0.03101
-6.354381e-07	-0.02929
-6.334381e-07	-0.02929
-6.314381e-07	-0.02886
-6.294381e-07	-0.03101
-6.274381e-07	-0.03058
-6.254381e-07	-0.03058
-6.234381e-07	-0.02714
-6.214381e-07	-0.02929
-6.194381e-07	-0.028
-6.174381e-07	-0.028
-6.154381e-07	-0.028
-6.134381e-07	-0.02886
-6.114381e-07	-0.02671
-6.094381e-07	-0.02972
-6.074381e-07	-0.02843
-6.054381e-07	-0.03144
-6.034381e-07	-0.02757
-6.014381e-07	-0.02929
-5.994381e-07	-0.02542
-5.974381e-07	-0.02843
-5.954381e-07	-0.03015
-5.934381e-07	-0.02843
-5.914381e-07	-0.02714
-5.894381e-07	-0.02886
-5.874381e-07	-0.02929
-5.854381e-07	-0.02886
-5.834381e-07	-0.02757
-5.814381e-07	-0.02972
-5.794381e-07	-0.02843
-5.774381e-07	-0.03101
-5.754381e-07	-0.02542
-5.734381e-07	-0.02757
-5.714381e-07	-0.02886
-5.694381e-07	-0.02843
-5.674381e-07	-0.02886
-5.654381e-07	-0.03058
-5.634381e-07	-0.02843
-5.614381e-07	-0.03015
-5.594381e-07	-0.02972
-5.574381e-07	-0.03015
-5.554381e-07	-0.02843
-5.534381e-07	-0.02886
-5.514381e-07	-0.02757
-5.494381e-07	-0.02886
-5.474381e-07	-0.02929
-5.454381e-07	-0.03058
-5.434381e-07	-0.02542
-5.414381e-07	-0.02714
-5.394381e-07	-0.02757
-5.374381e-07	-0.02628
-5.354381e-07	-0.02542
-5.334381e-07	-0.02929
-5.314381e-07	-0.02628
-5.294381e-07	-0.028
-5.274381e-07	-0.02456
-5.254381e-07	-0.02757
-5.234381e-07	-0.02671
-5.214381e-07	-0.02542
-5.194381e-07	-0.02456
-5.174381e-07	-0.02972
-5.154381e-07	-0.02714
-5.134381e-07	-0.028
-5.114381e-07	-0.02757
-5.094381e-07	-0.02886
-5.074381e-07	-0.02972
-5.054381e-07	-0.02929
-5.034381e-07	-0.02972
-5.014381e-07	-0.03187
-4.994381e-07	-0.028
-4.974381e-07	-0.02671
-4.954381e-07	-0.02929
-4.934381e-07	-0.02972
-4.914381e-07	-0.02757
-4.894381e-07	-0.02628
-4.874381e-07	-0.02628
-4.854381e-07	-0.02757
-4.834381e-07	-0.02499
-4.814381e-07	-0.02843
-4.794381e-07	-0.02714
-4.774381e-07	-0.02972
-4.754381e-07	-0.02757
-4.734381e-07	-0.02714
-4.714381e-07	-0.02585
-4.694381e-07	-0.02843
-4.674381e-07	-0.02585
-4.654381e-07	-0.02843
-4.634381e-07	-0.02714
-4.614381e-07	-0.02714
-4.594381e-07	-0.02413
-4.574381e-07	-0.02628
-4.554381e-07	-0.02671
-4.534381e-07	-0.02757
-4.514381e-07	-0.02542
-4.494381e-07	-0.02542
-4.474381e-07	-0.02714
-4.454381e-07	-0.02757
-4.434381e-07	-0.02757
-4.414381e-07	-0.02671
-4.394381e-07	-0.02499
-4.374381e-07	-0.02757
-4.354381e-07	-0.028
-4.334381e-07	-0.02843
-4.314381e-07	-0.02628
-4.294381e-07	-0.02714
-4.274381e-07	-0.02757
-4.254381e-07	-0.02714
-4.234381e-07	-0.02585
-4.214381e-07	-0.02886
-4.194381e-07	-0.02757
-4.174381e-07	-0.02628
-4.154381e-07	-0.02757
-4.134381e-07	-0.03058
-4.114381e-07	-0.02714
-4.094381e-07	-0.02714
-4.074381e-07	-0.02456
-4.054381e-07	-0.02585
-4.034381e-07	-0.02714
-4.014381e-07	-0.02757
-3.994381e-07	-0.02413
-3.974381e-07	-0.02757
-3.954381e-07	-0.02628
-3.934381e-07	-0.02542
-3.914381e-07	-0.02499
-3.894381e-07	-0.02929
-3.874381e-07	-0.02757
-3.854381e-07	-0.02628
-3.834381e-07	-0.02843
-3.814381e-07	-0.02843
-3.794381e-07	-0.028
-3.774381e-07	-0.02886
-3.754381e-07	-0.02671
-3.734381e-07	-0.02929
-3.714381e-07	-0.02843
-3.694381e-07	-0.02843
-3.674381e-07	-0.02714
-3.654381e-07	-0.02843
-3.634381e-07	-0.02972
-3.614381e-07	-0.02972
-3.594381e-07	-0.02542
-3.574381e-07	-0.02757
-3.554381e-07	-0.02886
-3.534381e-07	-0.02972
-3.514381e-07	-0.02714
-3.494381e-07	-0.02714
-3.474381e-07	-0.03015
-3.454381e-07	-0.02585
-3.434381e-07	-0.02714
-3.414381e-07	-0.02757
-3.394381e-07	-0.028
-3.374381e-07	-0.02628
-3.354381e-07	-0.02284
-3.334381e-07	-0.02499
-3.314381e-07	-0.02671
-3.294381e-07	-0.02714
-3.274381e-07	-0.02585
-3.254381e-07	-0.02757
-3.234381e-07	-0.02757
-3.214381e-07	-0.02542
-3.194381e-07	-0.02542
-3.174381e-07	-0.02628
-3.154381e-07	-0.02671
-3.134381e-07	-0.02757
-3.114381e-07	-0.02671
-3.094381e-07	-0.03058
-3.074381e-07	-0.02843
-3.054381e-07	-0.028
-3.034381e-07	-0.03058
-3.014381e-07	-0.03058
-2.994381e-07	-0.02671
-2.974381e-07	-0.028
-2.954381e-07	-0.02671
-2.934381e-07	-0.03015
-2.914381e-07	-0.02843
-2.894381e-07	-0.03058
-2.874381e-07	-0.02757
-2.854381e-07	-0.028
-2.834381e-07	-0.03058
-2.814381e-07	-0.03101
-2.794381e-07	-0.02929
-2.774381e-07	-0.03101
-2.754381e-07	-0.03058
-2.734381e-07	-0.03058
-2.714381e-07	-0.02929
-2.694381e-07	-0.0323
-2.674381e-07	-0.03058
-2.654381e-07	-0.03101
-2.634381e-07	-0.02757
-2.614381e-07	-0.02886
-2.594381e-07	-0.03144
-2.574381e-07	-0.03015
-2.554381e-07	-0.02886
-2.534381e-07	-0.03058
-2.514381e-07	-0.03015
-2.494381e-07	-0.03101
-2.474381e-07	-0.02757
-2.454381e-07	-0.03273
-2.434381e-07	-0.03058
-2.414381e-07	-0.02886
-2.394381e-07	-0.028
-2.374381e-07	-0.02972
-2.354381e-07	-0.03144
-2.334381e-07	-0.03058
-2.314381e-07	-0.03015
-2.294381e-07	-0.03187
-2.274381e-07	-0.03101
-2.254381e-07	-0.02972
-2.234381e-07	-0.02972
-2.214381e-07	-0.03273
-2.194381e-07	-0.03058
-2.174381e-07	-0.0323
-2.154381e-07	-0.02886
-2.134381e-07	-0.03273
-2.114381e-07	-0.02972
-2.094381e-07	-0.02929
-2.074381e-07	-0.02628
-2.054381e-07	-0.02886
-2.034381e-07	-0.02714
-2.014381e-07	-0.02972
-1.994381e-07	-0.02671
-1.974381e-07	-0.02886
-1.954381e-07	-0.03015
-1.934381e-07	-0.02886
-1.914381e-07	-0.03015
-1.894381e-07	-0.02886
-1.874381e-07	-0.03058
-1.854381e-07	-0.02585
-1.834381e-07	-0.028
-1.814381e-07	-0.03187
-1.794381e-07	-0.02886
-1.774381e-07	-0.02886
-1.754381e-07	-0.02671
-1.734381e-07	-0.02714
-1.714381e-07	-0.02972
-1.694381e-07	-0.02843
-1.674381e-07	-0.02585
-1.654381e-07	-0.028
-1.634381e-07	-0.02714
-1.614381e-07	-0.02843
-1.594381e-07	-0.0237
-1.574381e-07	-0.02585
-1.554381e-07	-0.02413
-1.534381e-07	-0.02671
-1.514381e-07	-0.02241
-1.494381e-07	-0.02671
-1.474381e-07	-0.02628
-1.454381e-07	-0.02671
-1.434381e-07	-0.02456
-1.414381e-07	-0.02886
-1.394381e-07	-0.02628
-1.374381e-07	-0.03144
-1.354381e-07	-0.02413
-1.334381e-07	-0.02714
-1.314381e-07	-0.02757
-1.294381e-07	-0.02843
-1.274381e-07	-0.02585
-1.254381e-07	-0.02499
-1.234381e-07	-0.02628
-1.214381e-07	-0.02542
-1.194381e-07	-0.028
-1.174381e-07	-0.02757
-1.154381e-07	-0.02456
-1.134381e-07	-0.02714
-1.114381e-07	-0.02671
-1.094381e-07	-0.03187
-1.074381e-07	-0.02714
-1.054381e-07	-0.02757
-1.034381e-07	-0.02198
-1.014381e-07	-0.02628
-9.943812e-08	-0.02585
-9.743812e-08	-0.02327
-9.543812e-08	-0.02198
-9.343812e-08	-0.02671
-9.143812e-08	-0.02542
-8.943812e-08	-0.02585
-8.743812e-08	-0.02198
-8.543812e-08	-0.02499
-8.343812e-08	-0.02241
-8.143812e-08	-0.02585
-7.943812e-08	-0.02112
-7.743812e-08	-0.02456
-7.543812e-08	-0.02327
-7.343812e-08	-0.02757
-7.143812e-08	-0.0237
-6.943812e-08	-0.02628
-6.743812e-08	-0.02284
-6.543812e-08	-0.02413
-6.343812e-08	-0.02069
-6.143812e-08	-0.02327
-5.943812e-08	-0.02241
-5.743812e-08	-0.0237
-5.543812e-08	-0.02112
-5.343812e-08	-0.02671
-5.143812e-08	-0.02241
-4.943812e-08	-0.02542
-4.743812e-08	-0.02628
-4.543812e-08	-0.02456
-4.343812e-08	-0.02542
-4.143812e-08	-0.02542
-3.943812e-08	-0.02413
-3.743812e-08	-0.02542
-3.543812e-08	-0.02456
-3.343812e-08	-0.02456
-3.143812e-08	-0.02413
-2.943812e-08	-0.02542
-2.743812e-08	-0.02628
-2.543812e-08	-0.02542
-2.343812e-08	-0.02542
-2.143812e-08	-0.02929
-1.943812e-08	-0.02499
-1.743812e-08	-0.02671
-1.543812e-08	-0.02585
-1.343812e-08	-0.02886
-1.143812e-08	-0.02886
-9.438118e-09	-0.02499
-7.438118e-09	-0.02327
-5.438118e-09	-0.02929
-3.438118e-09	-0.028
-1.438118e-09	-0.028
5.618822e-10	-0.02499
2.561882e-09	-0.028
4.561882e-09	-0.02972
6.561882e-09	-0.03015
8.561882e-09	-0.02499
1.056188e-08	-0.02714
1.256188e-08	-0.02585
1.456188e-08	-0.03015
1.656188e-08	-0.02585
1.856188e-08	-0.02714
2.056188e-08	-0.02886
2.256188e-08	-0.02757
2.456188e-08	-0.02757
2.656188e-08	-0.03058
2.856188e-08	-0.02542
3.056188e-08	-0.02843
3.256188e-08	-0.02542
3.456188e-08	-0.028
3.656188e-08	-0.02886
3.856188e-08	-0.02843
4.056188e-08	-0.02757
4.256188e-08	-0.02886
4.456188e-08	-0.02886
4.656188e-08	-0.028
4.856188e-08	-0.02542
5.056188e-08	-0.02886
5.256188e-08	-0.02757
5.456188e-08	-0.03144
5.656188e-08	-0.02757
5.856188e-08	-0.03058
6.056188e-08	-0.02972
6.256188e-08	-0.02972
6.456188e-08	-0.028
6.656188e-08	-0.02972
6.856188e-08	-0.02671
7.056188e-08	-0.03058
7.256188e-08	-0.03015
7.456188e-08	-0.03187
7.656188e-08	-0.02972
7.856188e-08	-0.03015
8.056188e-08	-0.02714
8.256188e-08	-0.02843
8.456188e-08	-0.02714
8.656188e-08	-0.02714
8.856188e-08	-0.02714
9.056188e-08	-0.02929
9.256188e-08	-0.02757
9.456188e-08	-0.02671
9.656188e-08	-0.02628
9.856188e-08	-0.02542
1.005619e-07	-0.02714
1.025619e-07	-0.02671
1.045619e-07	-0.02757
1.065619e-07	-0.02757
1.085619e-07	-0.02757
1.105619e-07	-0.02499
1.125619e-07	-0.02843
1.145619e-07	-0.02757
1.165619e-07	-0.02628
1.185619e-07	-0.02929
1.205619e-07	-0.028
1.225619e-07	-0.02757
1.245619e-07	-0.02714
1.265619e-07	-0.02542
1.285619e-07	-0.02327
1.305619e-07	-0.01596
1.325619e-07	-0.00091
1.345619e-07	0.01887
1.365619e-07	0.06273
1.385619e-07	0.12336
1.405619e-07	0.20635
1.425619e-07	0.30009
1.445619e-07	0.40157
1.465619e-07	0.50692
1.485619e-07	0.61055
1.505619e-07	0.70429
1.525619e-07	0.79631
1.545619e-07	0.88102
1.565619e-07	0.96229
1.585619e-07	1.02894
1.605619e-07	1.09473
1.625619e-07	1.14633
1.645619e-07	1.19406
1.665619e-07	1.23061
1.685619e-07	1.26243
1.705619e-07	1.28565
1.725619e-07	1.30887
1.745619e-07	1.32091
1.765619e-07	1.33596
1.785619e-07	1.34069
1.805619e-07	1.34886
1.825619e-07	1.34929
1.845619e-07	1.34327
1.865619e-07	1.32908
1.885619e-07	1.31661
1.905619e-07	1.2964
1.925619e-07	1.27705
1.945619e-07	1.25512
1.965619e-07	1.23276
1.985619e-07	1.2061
2.005619e-07	1.18503
2.025619e-07	1.15321
2.045619e-07	1.12483
2.065619e-07	1.09774
2.085619e-07	1.06936
2.105619e-07	1.04012
2.125619e-07	1.01045
2.145619e-07	0.97863
2.165619e-07	0.94896
2.185619e-07	0.91972
2.205619e-07	0.88833
2.225619e-07	0.85866
2.245619e-07	0.83071
2.265619e-07	0.8019
2.285619e-07	0.77223
2.305619e-07	0.74299
2.325619e-07	0.72063
2.345619e-07	0.69182
2.365619e-07	0.66559
2.385619e-07	0.64194
2.405619e-07	0.61571
2.425619e-07	0.59206
2.445619e-07	0.57099
2.465619e-07	0.54347
2.485619e-07	0.52541
2.505619e-07	0.50133
2.525619e-07	0.48241
2.545619e-07	0.4579
2.565619e-07	0.44156
2.585619e-07	0.42092
2.605619e-07	0.40415
2.625619e-07	0.38437
2.645619e-07	0.36975
2.665619e-07	0.34868
2.685619e-07	0.33535
2.705619e-07	0.31686
2.725619e-07	0.30654
2.745619e-07	0.28719
2.765619e-07	0.27859
2.785619e-07	0.26397
2.805619e-07	0.25451
2.825619e-07	0.23946
2.845619e-07	0.23215
2.865619e-07	0.21968
2.885619e-07	0.21323
2.905619e-07	0.19904
2.925619e-07	0.18915
2.945619e-07	0.18141
2.965619e-07	0.1784
2.985619e-07	0.16722
3.005619e-07	0.16163
3.025619e-07	0.15217
3.045619e-07	0.14744
3.065619e-07	0.14056
3.085619e-07	0.13669
3.105619e-07	0.12895
3.125619e-07	0.12465
3.145619e-07	0.11949
3.165619e-07	0.11433
3.185619e-07	0.10917
3.205619e-07	0.10659
3.225619e-07	0.09971
3.245619e-07	0.09842
3.265619e-07	0.09412
3.285619e-07	0.09154
3.305619e-07	0.08595
3.325619e-07	0.08466
3.345619e-07	0.07993
3.365619e-07	0.07692
3.385619e-07	0.07305
3.405619e-07	0.07606
3.425619e-07	0.06918
3.445619e-07	0.06617
3.465619e-07	0.06187
3.485619e-07	0.06187
3.505619e-07	0.05886
3.525619e-07	0.05843
3.545619e-07	0.05542
3.565619e-07	0.05155
3.585619e-07	0.04811
3.605619e-07	0.04897
3.625619e-07	0.04596
3.645619e-07	0.04295
3.665619e-07	0.0408
3.685619e-07	0.0408
3.705619e-07	0.0365
3.725619e-07	0.03822
3.745619e-07	0.03435
3.765619e-07	0.03564
3.785619e-07	0.03306
3.805619e-07	0.03048
3.825619e-07	0.02747
3.845619e-07	0.02747
3.865619e-07	0.02661
3.885619e-07	0.02618
3.905619e-07	0.0236
3.925619e-07	0.02489
3.945619e-07	0.02188
3.965619e-07	0.02317
3.985619e-07	0.02016
4.005619e-07	0.01801
4.025619e-07	0.01586
4.045619e-07	0.01758
4.065619e-07	0.01758
4.085619e-07	0.01414
4.105619e-07	0.01414
4.125619e-07	0.015
4.145619e-07	0.01328
4.165619e-07	0.01414
4.185619e-07	0.01156
4.205619e-07	0.01199
4.225619e-07	0.00812
4.245619e-07	0.01027
4.265619e-07	0.00855
4.285619e-07	0.0107
4.305619e-07	0.00683
4.325619e-07	0.00597
4.345619e-07	0.00468
4.365619e-07	0.00597
4.385619e-07	0.0064
4.405619e-07	0.00468
4.425619e-07	0.00339
4.445619e-07	0.00382
4.465619e-07	0.00081
4.485619e-07	0.00253
4.505619e-07	-0.00048
4.525619e-07	0.00253
4.545619e-07	-0.00091
4.565619e-07	-0.00177
4.585619e-07	-0.00392
4.605619e-07	-0.0022
4.625619e-07	-0.00521
4.645619e-07	-0.00435
4.665619e-07	-0.00822
4.685619e-07	-0.00607
4.705619e-07	-0.00779
4.725619e-07	-0.00693
4.745619e-07	-0.00865
4.765619e-07	-0.00908
4.785619e-07	-0.01295
4.805619e-07	-0.01209
4.825619e-07	-0.01252
4.845619e-07	-0.01338
4.865619e-07	-0.01467
4.885619e-07	-0.01424
4.905619e-07	-0.01854
4.925619e-07	-0.01639
4.945619e-07	-0.01768
4.965619e-07	-0.01854
4.985619e-07	-0.01983
5.005619e-07	-0.01725
5.025619e-07	-0.01811
5.045619e-07	-0.01811
5.065619e-07	-0.02069
5.085619e-07	-0.01897
5.105619e-07	-0.01897
5.125619e-07	-0.02069
5.145619e-07	-0.02499
5.165619e-07	-0.02327
5.185619e-07	-0.02628
5.205619e-07	-0.0237
5.225619e-07	-0.028
5.245619e-07	-0.02628
5.265619e-07	-0.02757
5.285619e-07	-0.02929
5.305619e-07	-0.02972
5.325619e-07	-0.03101
5.345619e-07	-0.03273
5.365619e-07	-0.03058
5.385619e-07	-0.03488
5.405619e-07	-0.03316
5.425619e-07	-0.03488
5.445619e-07	-0.03574
5.465619e-07	-0.03746
5.485619e-07	-0.03574
5.505619e-07	-0.03746
5.525619e-07	-0.03746
5.545619e-07	-0.03918
5.565619e-07	-0.03832
5.585619e-07	-0.0409
5.605619e-07	-0.03789
5.625619e-07	-0.04176
5.645619e-07	-0.04305
5.665619e-07	-0.04219
5.685619e-07	-0.03961
5.705619e-07	-0.0452
5.725619e-07	-0.04348
5.745619e-07	-0.04305
5.765619e-07	-0.04004
5.785619e-07	-0.04262
5.805619e-07	-0.04348
5.825619e-07	-0.0409
5.845619e-07	-0.03961
5.865619e-07	-0.04434
5.885619e-07	-0.04262
5.905619e-07	-0.04262
5.925619e-07	-0.04262
5.945619e-07	-0.04262
5.965619e-07	-0.04563
5.985619e-07	-0.04434
6.005619e-07	-0.0409
6.025619e-07	-0.04649
6.045619e-07	-0.04219
6.065619e-07	-0.04477
6.085619e-07	-0.04305
6.105619e-07	-0.04176
6.125619e-07	-0.04176
6.145619e-07	-0.04563
6.165619e-07	-0.0409
6.185619e-07	-0.04477
6.205619e-07	-0.04176
6.225619e-07	-0.04176
6.245619e-07	-0.03832
6.265619e-07	-0.04348
6.285619e-07	-0.03918
6.305619e-07	-0.03961
6.325619e-07	-0.03703
6.345619e-07	-0.04133
6.365619e-07	-0.04047
6.385619e-07	-0.04176
6.405619e-07	-0.03832
6.425619e-07	-0.04133
6.445619e-07	-0.03918
6.465619e-07	-0.03574
6.485619e-07	-0.0366
6.505619e-07	-0.04133
6.525619e-07	-0.03875
6.545619e-07	-0.03832
6.565619e-07	-0.03402
6.585619e-07	-0.0366
6.605619e-07	-0.03531
6.625619e-07	-0.03961
6.645619e-07	-0.03703
6.665619e-07	-0.03746
6.685619e-07	-0.03144
6.705619e-07	-0.03445
6.725619e-07	-0.0323
6.745619e-07	-0.03617
6.765619e-07	-0.03316
6.785619e-07	-0.03402
6.805619e-07	-0.028
6.825619e-07	-0.03144
6.845619e-07	-0.03101
6.865619e-07	-0.03402
6.885619e-07	-0.02929
6.905619e-07	-0.02886
6.925619e-07	-0.02843
6.945619e-07	-0.02671
6.965619e-07	-0.02327
6.985619e-07	-0.02585
7.005619e-07	-0.02585
7.025619e-07	-0.02499
7.045619e-07	-0.02327
7.065619e-07	-0.02714
7.085619e-07	-0.02628
7.105619e-07	-0.02585
7.125619e-07	-0.02241
7.145619e-07	-0.02499
7.165619e-07	-0.02112
7.185619e-07	-0.02327
7.205619e-07	-0.02241
7.225619e-07	-0.02413
7.245619e-07	-0.0194
7.265619e-07	-0.02155
7.285619e-07	-0.02155
7.305619e-07	-0.0237
7.325619e-07	-0.01983
7.345619e-07	-0.02026
7.365619e-07	-0.02069
7.385619e-07	-0.02069
7.405619e-07	-0.02026
7.425619e-07	-0.02198
7.445619e-07	-0.01983
7.465619e-07	-0.01897
7.485619e-07	-0.01811
7.505619e-07	-0.01854
7.525619e-07	-0.01639
7.545619e-07	-0.0194
7.565619e-07	-0.01811
7.585619e-07	-0.02026
7.605619e-07	-0.01725
7.625619e-07	-0.01983
7.645619e-07	-0.01811
7.665619e-07	-0.01768
7.685619e-07	-0.0194
7.705619e-07	-0.01897
7.725619e-07	-0.01811
7.745619e-07	-0.01725
7.765619e-07	-0.01596
7.785619e-07	-0.01725
7.805619e-07	-0.01596
7.825619e-07	-0.01768
7.845619e-07	-0.01682
7.865619e-07	-0.01725
7.885619e-07	-0.01682
7.905619e-07	-0.01553
7.925619e-07	-0.01381
7.945619e-07	-0.01553
7.965619e-07	-0.01596
7.985619e-07	-0.01553
8.005619e-07	-0.01381
8.025619e-07	-0.01596
8.045619e-07	-0.01768
8.065619e-07	-0.01768
8.085619e-07	-0.01639
8.105619e-07	-0.0194
8.125619e-07	-0.01854
8.145619e-07	-0.01811
8.165619e-07	-0.01854
8.185619e-07	-0.01811
8.205619e-07	-0.01553
8.225619e-07	-0.01811
8.245619e-07	-0.01682
8.265619e-07	-0.01725
8.285619e-07	-0.01768
8.305619e-07	-0.0194
8.325619e-07	-0.01553
8.345619e-07	-0.0194
8.365619e-07	-0.01811
8.385619e-07	-0.02069
8.405619e-07	-0.01725
8.425619e-07	-0.01854
8.445619e-07	-0.01983
8.465619e-07	-0.0194
8.485619e-07	-0.01854
8.505619e-07	-0.01811
8.525619e-07	-0.02069
8.545619e-07	-0.02026
8.565619e-07	-0.01897
8.585619e-07	-0.01854
8.605619e-07	-0.01854
8.625619e-07	-0.02026
8.645619e-07	-0.0194
8.665619e-07	-0.01768
8.685619e-07	-0.02112
8.705619e-07	-0.02198
8.725619e-07	-0.01897
8.745619e-07	-0.02026
8.765619e-07	-0.02155
8.785619e-07	-0.01897
8.805619e-07	-0.01768
8.825619e-07	-0.02456
8.845619e-07	-0.02155
8.865619e-07	-0.02198
8.885619e-07	-0.02026
8.905619e-07	-0.02284
8.925619e-07	-0.0237
8.945619e-07	-0.02542
8.965619e-07	-0.02413
8.985619e-07	-0.02671
9.005619e-07	-0.02327
9.025619e-07	-0.02714
9.045619e-07	-0.02628
9.065619e-07	-0.02757
9.085619e-07	-0.02585
9.105619e-07	-0.02972
9.125619e-07	-0.02413
9.145619e-07	-0.028
9.165619e-07	-0.02929
9.185619e-07	-0.02972
9.205619e-07	-0.02972
9.225619e-07	-0.03058
9.245619e-07	-0.02972
9.265619e-07	-0.03015
9.285619e-07	-0.03015
9.305619e-07	-0.03187
9.325619e-07	-0.03101
9.345619e-07	-0.0323
9.365619e-07	-0.02972
9.385619e-07	-0.03402
9.405619e-07	-0.03402
9.425619e-07	-0.03445
9.445619e-07	-0.03187
9.465619e-07	-0.03144
9.485619e-07	-0.03273
9.505619e-07	-0.03488
9.525619e-07	-0.03359
9.545619e-07	-0.04047
9.565619e-07	-0.03402
9.585619e-07	-0.03875
9.605619e-07	-0.03617
9.625619e-07	-0.03875
9.645619e-07	-0.0366
9.665619e-07	-0.03875
9.685619e-07	-0.03617
9.705619e-07	-0.0409
9.725619e-07	-0.03875
9.745619e-07	-0.0409
9.765619e-07	-0.03574
9.785619e-07	-0.03832
9.805619e-07	-0.03832
9.825619e-07	-0.03918
9.845619e-07	-0.03617
9.865619e-07	-0.03918
9.885619e-07	-0.04004
9.905619e-07	-0.04133
9.925619e-07	-0.04047
9.945619e-07	-0.04176
9.965619e-07	-0.04004
9.985619e-07	-0.04133
1.000562e-06	-0.03832
1.002562e-06	-0.04348
1.004562e-06	-0.0409
1.006562e-06	-0.03918
1.008562e-06	-0.03789
1.010562e-06	-0.04391
1.012562e-06	-0.04004
1.014562e-06	-0.04219
1.016562e-06	-0.03875
1.018562e-06	-0.04391
1.020562e-06	-0.04176
1.022562e-06	-0.04563
1.024562e-06	-0.04133
1.026562e-06	-0.04391
1.028562e-06	-0.04047
1.030562e-06	-0.04133
1.032562e-06	-0.04176
1.034562e-06	-0.04434
1.036562e-06	-0.04348
1.038562e-06	-0.04176
1.040562e-06	-0.04004
1.042562e-06	-0.04219
1.044562e-06	-0.04219
1.046562e-06	-0.04047
1.048562e-06	-0.03918
1.050562e-06	-0.04305
1.052562e-06	-0.03875
1.054562e-06	-0.04176
1.056562e-06	-0.0366
1.058562e-06	-0.04133
1.060562e-06	-0.03789
1.062562e-06	-0.03875
1.064562e-06	-0.03918
1.066562e-06	-0.04004
1.068562e-06	-0.03832
1.070562e-06	-0.03746
1.072562e-06	-0.03531
1.074562e-06	-0.0366
1.076562e-06	-0.03531
1.078562e-06	-0.03574
1.080562e-06	-0.03359
1.082562e-06	-0.03402
1.084562e-06	-0.03359
1.086562e-06	-0.03531
1.088562e-06	-0.02972
1.090562e-06	-0.0323
1.092562e-06	-0.03058
1.094562e-06	-0.03187
1.096562e-06	-0.03101
1.098562e-06	-0.03101
1.100562e-06	-0.02714
1.102562e-06	-0.03144
1.104562e-06	-0.02843
1.106562e-06	-0.02757
1.108562e-06	-0.02757
1.110562e-06	-0.02886
1.112562e-06	-0.0237
1.114562e-06	-0.02499
1.116562e-06	-0.02542
1.118562e-06	-0.02757
1.120562e-06	-0.02413
1.122562e-06	-0.02585
1.124562e-06	-0.02413
1.126562e-06	-0.02542
1.128562e-06	-0.02241
1.130562e-06	-0.02284
1.132562e-06	-0.02112
1.134562e-06	-0.02241
1.136562e-06	-0.02155
1.138562e-06	-0.02413
1.140562e-06	-0.02327
1.142562e-06	-0.02284
1.144562e-06	-0.02069
1.146562e-06	-0.02112
1.148562e-06	-0.0194
1.150562e-06	-0.02112
1.152562e-06	-0.01983
1.154562e-06	-0.02155
1.156562e-06	-0.0194
1.158562e-06	-0.02026
1.160562e-06	-0.0194
1.162562e-06	-0.02155
1.164562e-06	-0.0194
1.166562e-06	-0.01897
1.168562e-06	-0.0194
1.170562e-06	-0.02284
1.172562e-06	-0.01983
1.174562e-06	-0.01983
1.176562e-06	-0.01768
1.178562e-06	-0.02155
1.180562e-06	-0.01983
1.182562e-06	-0.02026
1.184562e-06	-0.02112
1.186562e-06	-0.02198
1.188562e-06	-0.01768
1.190562e-06	-0.01811
1.192562e-06	-0.01811
1.194562e-06	-0.02198
1.196562e-06	-0.02069
1.198562e-06	-0.02026
1.200562e-06	-0.0194
1.202562e-06	-0.02026
1.204562e-06	-0.01811
1.206562e-06	-0.02327
1.208562e-06	-0.01983
1.210562e-06	-0.02155
1.212562e-06	-0.02241
1.214562e-06	-0.02112
1.216562e-06	-0.02112
1.218562e-06	-0.02284
1.220562e-06	-0.01897
1.222562e-06	-0.02069
1.224562e-06	-0.01897
1.226562e-06	-0.02069
1.228562e-06	-0.0194
1.230562e-06	-0.02069
1.232562e-06	-0.0194
1.234562e-06	-0.02112
1.236562e-06	-0.02155
1.238562e-06	-0.02284
1.240562e-06	-0.02069
1.242562e-06	-0.02198
1.244562e-06	-0.01983
1.246562e-06	-0.02026
1.248562e-06	-0.01897
1.250562e-06	-0.02155
1.252562e-06	-0.02198
1.254562e-06	-0.02198
1.256562e-06	-0.02026
1.258562e-06	-0.0237
1.260562e-06	-0.02155
1.262562e-06	-0.02112
1.264562e-06	-0.0194
1.266562e-06	-0.02198
1.268562e-06	-0.02112
1.270562e-06	-0.02026
1.272562e-06	-0.02112
1.274562e-06	-0.01983
1.276562e-06	-0.01897
1.278562e-06	-0.02241
1.280562e-06	-0.02026
1.282562e-06	-0.02026
1.284562e-06	-0.02026
1.286562e-06	-0.02198
1.288562e-06	-0.02026
1.290562e-06	-0.02069
1.292562e-06	-0.02155
1.294562e-06	-0.02284
1.296562e-06	-0.0194
1.298562e-06	-0.02112
1.300562e-06	-0.02112
1.302562e-06	-0.02327
1.304562e-06	-0.01854
1.306562e-06	-0.02241
1.308562e-06	-0.01983
1.310562e-06	-0.02155
1.312562e-06	-0.02026
1.314562e-06	-0.02155
1.316562e-06	-0.02241
1.318562e-06	-0.0237
1.320562e-06	-0.0237
1.322562e-06	-0.0237
1.324562e-06	-0.02499
1.326562e-06	-0.02456
1.328562e-06	-0.02284
1.330562e-06	-0.02499
1.332562e-06	-0.02757
1.334562e-06	-0.0237
1.336562e-06	-0.02585
1.338562e-06	-0.02714
1.340562e-06	-0.02585
1.342562e-06	-0.02499
1.344562e-06	-0.02499
1.346562e-06	-0.02714
1.348562e-06	-0.02714
1.350562e-06	-0.03015
1.352562e-06	-0.02757
1.354562e-06	-0.0323
1.356562e-06	-0.02843
1.358562e-06	-0.02929
1.360562e-06	-0.02585
1.362562e-06	-0.03187
1.364562e-06	-0.03101
1.366562e-06	-0.03273
1.368562e-06	-0.03187
1.370562e-06	-0.03445
1.372562e-06	-0.03402
1.374562e-06	-0.03101
1.376562e-06	-0.03015
1.378562e-06	-0.03488
1.380562e-06	-0.03488
1.382562e-06	-0.03531
1.384562e-06	-0.03488
1.386562e-06	-0.03574
1.388562e-06	-0.03402
1.390562e-06	-0.0366
1.392562e-06	-0.03574
1.394562e-06	-0.04004
1.396562e-06	-0.03789
1.398562e-06	-0.03617
1.400562e-06	-0.03531
1.402562e-06	-0.03746
1.404562e-06	-0.03574
1.406562e-06	-0.0366
1.408562e-06	-0.03617
1.410562e-06	-0.04004
1.412562e-06	-0.03875
1.414562e-06	-0.03789
1.416562e-06	-0.03574
1.418562e-06	-0.03789
1.420562e-06	-0.03617
1.422562e-06	-0.03789
1.424562e-06	-0.03703
1.426562e-06	-0.04004
1.428562e-06	-0.03789
1.430562e-06	-0.0409
1.432562e-06	-0.03746
1.434562e-06	-0.04047
1.436562e-06	-0.03832
1.438562e-06	-0.04004
1.440562e-06	-0.03703
1.442562e-06	-0.03918
1.444562e-06	-0.03918
1.446562e-06	-0.03789
1.448562e-06	-0.03359
1.450562e-06	-0.03789
1.452562e-06	-0.03789
1.454562e-06	-0.0366
1.456562e-06	-0.03488
1.458562e-06	-0.03789
1.460562e-06	-0.03789
1.462562e-06	-0.03617
1.464562e-06	-0.03359
1.466562e-06	-0.03617
1.468562e-06	-0.03617
1.470562e-06	-0.03703
1.472562e-06	-0.03359
1.474562e-06	-0.03875
1.476562e-06	-0.03488
1.478562e-06	-0.03574
1.480562e-06	-0.03445
1.482562e-06	-0.03445
1.484562e-06	-0.03531
1.486562e-06	-0.03617
1.488562e-06	-0.03316
1.490562e-06	-0.03574
1.492562e-06	-0.0323
1.494562e-06	-0.03359
1.496562e-06	-0.03273
1.498562e-06	-0.0366
1.500562e-06	-0.03144
1.502562e-06	-0.03187
1.504562e-06	-0.02886
1.506562e-06	-0.03402
1.508562e-06	-0.03058
1.510562e-06	-0.03316
1.512562e-06	-0.03058
1.514562e-06	-0.0323
1.516562e-06	-0.03144
1.518562e-06	-0.03359
1.520562e-06	-0.02972
1.522562e-06	-0.03359
1.524562e-06	-0.03101
1.526562e-06	-0.03316
1.528562e-06	-0.02929
1.530562e-06	-0.03101
1.532562e-06	-0.0323
1.534562e-06	-0.03101
1.536562e-06	-0.02972
1.538562e-06	-0.0323
1.540562e-06	-0.02886
1.542562e-06	-0.03187
1.544562e-06	-0.02843
1.546562e-06	-0.0323
1.548562e-06	-0.03058
1.550562e-06	-0.03187
1.552562e-06	-0.02714
1.554562e-06	-0.03187
1.556562e-06	-0.02972
1.558562e-06	-0.03015
1.560562e-06	-0.02886
1.562562e-06	-0.02757
1.564562e-06	-0.03015
1.566562e-06	-0.03015
1.568562e-06	-0.02499
1.570562e-06	-0.02628
1.572562e-06	-0.02714
1.574562e-06	-0.02757
1.576562e-06	-0.02112
1.578562e-06	-0.02456
1.580562e-06	-0.0237
1.582562e-06	-0.02499
1.584562e-06	-0.0194
1.586562e-06	-0.02499
1.588562e-06	-0.02456
1.590562e-06	-0.02413
1.592562e-06	-0.02241
1.594562e-06	-0.02284
1.596562e-06	-0.0237
1.598562e-06	-0.02112
1.600562e-06	-0.02241
1.602562e-06	-0.02327
1.604562e-06	-0.02155
1.606562e-06	-0.02284
1.608562e-06	-0.01897
1.610562e-06	-0.02155
1.612562e-06	-0.02112
1.614562e-06	-0.02241
1.616562e-06	-0.01854
1.618562e-06	-0.02198
1.620562e-06	-0.01897
1.622562e-06	-0.02026
1.624562e-06	-0.01854
1.626562e-06	-0.02198
1.628562e-06	-0.0194
1.630562e-06	-0.01768
1.632562e-06	-0.01596
1.634562e-06	-0.0194
1.636562e-06	-0.01682
1.638562e-06	-0.01682
1.640562e-06	-0.0194
1.642562e-06	-0.01811
1.644562e-06	-0.01639
1.646562e-06	-0.01854
1.648562e-06	-0.01596
1.650562e-06	-0.01854
1.652562e-06	-0.01682
1.654562e-06	-0.01639
1.656562e-06	-0.01725
1.658562e-06	-0.01854
1.660562e-06	-0.0194
1.662562e-06	-0.01682
1.664562e-06	-0.01682
1.666562e-06	-0.02112
1.668562e-06	-0.01768
1.670562e-06	-0.01811
1.672562e-06	-0.01639
1.674562e-06	-0.01768
1.676562e-06	-0.01725
1.678562e-06	-0.0151
1.680562e-06	-0.01682
1.682562e-06	-0.01725
1.684562e-06	-0.01811
1.686562e-06	-0.01596
1.688562e-06	-0.01639
1.690562e-06	-0.01682
1.692562e-06	-0.01768
1.694562e-06	-0.01467
1.696562e-06	-0.01639
1.698562e-06	-0.01811
1.700562e-06	-0.01682
1.702562e-06	-0.01682
1.704562e-06	-0.01596
1.706562e-06	-0.01682
1.708562e-06	-0.01897
1.710562e-06	-0.01854
1.712562e-06	-0.01811
1.714562e-06	-0.02069
1.716562e-06	-0.01682
1.718562e-06	-0.01983
1.720562e-06	-0.01725
1.722562e-06	-0.02069
1.724562e-06	-0.02112
1.726562e-06	-0.02112
1.728562e-06	-0.02112
1.730562e-06	-0.02327
1.732562e-06	-0.02155
1.734562e-06	-0.02327
1.736562e-06	-0.02198
1.738562e-06	-0.02327
1.740562e-06	-0.02327
1.742562e-06	-0.02413
1.744562e-06	-0.0237
1.746562e-06	-0.02843
1.748562e-06	-0.02499
1.750562e-06	-0.028
1.752562e-06	-0.02585
1.754562e-06	-0.02929
1.756562e-06	-0.02886
1.758562e-06	-0.02671
1.760562e-06	-0.02628
1.762562e-06	-0.03101
1.764562e-06	-0.02671
1.766562e-06	-0.03144
1.768562e-06	-0.02585
1.770562e-06	-0.028
1.772562e-06	-0.02886
1.774562e-06	-0.02714
1.776562e-06	-0.02456
1.778562e-06	-0.02628
1.780562e-06	-0.02714
1.782562e-06	-0.02628
1.784562e-06	-0.02671
1.786562e-06	-0.02972
1.788562e-06	-0.028
1.790562e-06	-0.02757
1.792562e-06	-0.02972
1.794562e-06	-0.03144
1.796562e-06	-0.02843
1.798562e-06	-0.02714
1.800562e-06	-0.02886
1.802562e-06	-0.03144
1.804562e-06	-0.03058
1.806562e-06	-0.02886
1.808562e-06	-0.02886
1.810562e-06	-0.03187
1.812562e-06	-0.02929
1.814562e-06	-0.02886
1.816562e-06	-0.02843
1.818562e-06	-0.03187
1.820562e-06	-0.03101
1.822562e-06	-0.03359
1.824562e-06	-0.0323
1.826562e-06	-0.03402
1.828562e-06	-0.02972
1.830562e-06	-0.03101
1.832562e-06	-0.03058
1.834562e-06	-0.03488
1.836562e-06	-0.0323
1.838562e-06	-0.03187
1.840562e-06	-0.03316
1.842562e-06	-0.03617
1.844562e-06	-0.03488
1.846562e-06	-0.03273
1.848562e-06	-0.03187
1.850562e-06	-0.03617
1.852562e-06	-0.0323
1.854562e-06	-0.03402
1.856562e-06	-0.0323
1.858562e-06	-0.03789
1.860562e-06	-0.03359
1.862562e-06	-0.03402
1.864562e-06	-0.03101
1.866562e-06	-0.03402
1.868562e-06	-0.03359
1.870562e-06	-0.03445
1.872562e-06	-0.03402
1.874562e-06	-0.03402
1.876562e-06	-0.03488
1.878562e-06	-0.0366
1.880562e-06	-0.03531
1.882562e-06	-0.03359
1.884562e-06	-0.03359
1.886562e-06	-0.03445
1.888562e-06	-0.03574
1.890562e-06	-0.03789
1.892562e-06	-0.03574
1.894562e-06	-0.03402
1.896562e-06	-0.03402
1.898562e-06	-0.03617
1.900562e-06	-0.03316
1.902562e-06	-0.03531
1.904562e-06	-0.03402
1.906562e-06	-0.03703
1.908562e-06	-0.03574
1.910562e-06	-0.0366
1.912562e-06	-0.03359
1.914562e-06	-0.03574
1.916562e-06	-0.03488
1.918562e-06	-0.03488
1.920562e-06	-0.03273
1.922562e-06	-0.03703
1.924562e-06	-0.03273
1.926562e-06	-0.03359
1.928562e-06	-0.03187
1.930562e-06	-0.03488
1.932562e-06	-0.03402
1.934562e-06	-0.03617
1.936562e-06	-0.03445
1.938562e-06	-0.03445
1.940562e-06	-0.03402
1.942562e-06	-0.03574
1.944562e-06	-0.03316
1.946562e-06	-0.03273
1.948562e-06	-0.03445
1.950562e-06	-0.03316
1.952562e-06	-0.03359
1.954562e-06	-0.03531
1.956562e-06	-0.03187
1.958562e-06	-0.03101
1.960562e-06	-0.03101
1.962562e-06	-0.03316
1.964562e-06	-0.03144
1.966562e-06	-0.02886
1.968562e-06	-0.02714
1.970562e-06	-0.03316
1.972562e-06	-0.03058
1.974562e-06	-0.03574
1.976562e-06	-0.02628
1.978562e-06	-0.03101
1.980562e-06	-0.02671
1.982562e-06	-0.03015
1.984562e-06	-0.02671
1.986562e-06	-0.02929
1.988562e-06	-0.02671
1.990562e-06	-0.02714
1.992562e-06	-0.02499
1.994562e-06	-0.02628
1.996562e-06	-0.02671
1.998562e-06	-0.02886
2.000562e-06	-0.02456
2.002562e-06	-0.02585
2.004562e-06	-0.02585
2.006562e-06	-0.02456
2.008562e-06	-0.02198
2.010562e-06	-0.02671
2.012562e-06	-0.02284
2.014562e-06	-0.02671
2.016562e-06	-0.02413
2.018562e-06	-0.02499
2.020562e-06	-0.02499
2.022562e-06	-0.02628
2.024562e-06	-0.02585
2.026562e-06	-0.02585
2.028562e-06	-0.02542
2.030562e-06	-0.02327
2.032562e-06	-0.02155
2.034562e-06	-0.02327
2.036562e-06	-0.02456
2.038562e-06	-0.02456
2.040562e-06	-0.02284
2.042562e-06	-0.02628
2.044562e-06	-0.02069
2.046562e-06	-0.02456
2.048562e-06	-0.02241
2.050562e-06	-0.02499
2.052562e-06	-0.02112
2.054562e-06	-0.02241
2.056562e-06	-0.02241
2.058562e-06	-0.02284
2.060562e-06	-0.02284
2.062562e-06	-0.02198
2.064562e-06	-0.01854
2.066562e-06	-0.02155
2.068562e-06	-0.02069
2.070562e-06	-0.01854
2.072562e-06	-0.01983
2.074562e-06	-0.02112
2.076562e-06	-0.0194
2.078562e-06	-0.01983
2.080562e-06	-0.01768
2.082562e-06	-0.0194
2.084562e-06	-0.02069
2.086562e-06	-0.01768
2.088562e-06	-0.01897
2.090562e-06	-0.01897
2.092562e-06	-0.0194
2.094562e-06	-0.01983
2.096562e-06	-0.01983
2.098562e-06	-0.02198
2.100562e-06	-0.01897
2.102562e-06	-0.01983
2.104562e-06	-0.01768
2.106562e-06	-0.0194
2.108562e-06	-0.01682
2.110562e-06	-0.02069
2.112562e-06	-0.01854
2.114562e-06	-0.01682
2.116562e-06	-0.01897
2.118562e-06	-0.01983
2.120562e-06	-0.01811
2.122562e-06	-0.0194
2.124562e-06	-0.01983
2.126562e-06	-0.02155
2.128562e-06	-0.01897
2.130562e-06	-0.01983
2.132562e-06	-0.01768
2.134562e-06	-0.02112
2.136562e-06	-0.02026
2.138562e-06	-0.02026
2.140562e-06	-0.02241
2.142562e-06	-0.02026
2.144562e-06	-0.02069
2.146562e-06	-0.02069
2.148562e-06	-0.02198
2.150562e-06	-0.02069
2.152562e-06	-0.01897
2.154562e-06	-0.02112
2.156562e-06	-0.02112
2.158562e-06	-0.01768
2.160562e-06	-0.02026
2.162562e-06	-0.0237
2.164562e-06	-0.02069
2.166562e-06	-0.02069
2.168562e-06	-0.02069
2.170562e-06	-0.02112
2.172562e-06	-0.01854
2.174562e-06	-0.02112
2.176562e-06	-0.02241
2.178562e-06	-0.02413
2.180562e-06	-0.02284
2.182562e-06	-0.02327
2.184562e-06	-0.02155
2.186562e-06	-0.0237
2.188562e-06	-0.02284
2.190562e-06	-0.02413
2.192562e-06	-0.02456
2.194562e-06	-0.02585
2.196562e-06	-0.02456
2.198562e-06	-0.02499
2.200562e-06	-0.02413
2.202562e-06	-0.02714
2.204562e-06	-0.02456
2.206562e-06	-0.02499
2.208562e-06	-0.0237
2.210562e-06	-0.02585
2.212562e-06	-0.02585
2.214562e-06	-0.02542
2.216562e-06	-0.02585
2.218562e-06	-0.02929
2.220562e-06	-0.02456
2.222562e-06	-0.02714
2.224562e-06	-0.02585
2.226562e-06	-0.02929
2.228562e-06	-0.02843
2.230562e-06	-0.02585
2.232562e-06	-0.02456
2.234562e-06	-0.03058
2.236562e-06	-0.02714
2.238562e-06	-0.02714
2.240562e-06	-0.02413
2.242562e-06	-0.02585
2.244562e-06	-0.02714
2.246562e-06	-0.02671
2.248562e-06	-0.02413
2.250562e-06	-0.028
2.252562e-06	-0.02929
2.254562e-06	-0.02972
2.256562e-06	-0.02542
2.258562e-06	-0.02843
2.260562e-06	-0.028
2.262562e-06	-0.03058
2.264562e-06	-0.02929
2.266562e-06	-0.03015
2.268562e-06	-0.02886
2.270562e-06	-0.02499
2.272562e-06	-0.02284
2.274562e-06	-0.028
2.276562e-06	-0.03015
2.278562e-06	-0.03144
2.280562e-06	-0.02714
2.282562e-06	-0.02886
2.284562e-06	-0.02714
2.286562e-06	-0.02886
2.288562e-06	-0.02628
2.290562e-06	-0.02628
2.292562e-06	-0.02155
2.294562e-06	-0.02456
2.296562e-06	-0.02585
2.298562e-06	-0.02929
2.300562e-06	-0.0237
2.302562e-06	-0.02585
2.304562e-06	-0.02456
2.306562e-06	-0.02714
2.308562e-06	-0.02499
2.310562e-06	-0.028
2.312562e-06	-0.028
2.314562e-06	-0.02585
2.316562e-06	-0.02628
2.318562e-06	-0.02284
2.320562e-06	-0.0237
2.322562e-06	-0.02628
2.324562e-06	-0.02714
2.326562e-06	-0.02456
2.328562e-06	-0.0237
2.330562e-06	-0.02757
2.332562e-06	-0.02241
2.334562e-06	-0.02585
2.336562e-06	-0.02327
2.338562e-06	-0.02585
2.340562e-06	-0.02456
2.342562e-06	-0.02499
2.344562e-06	-0.02413
2.346562e-06	-0.02542
2.348562e-06	-0.02499
2.350562e-06	-0.02542
2.352562e-06	-0.02628
2.354562e-06	-0.02843
2.356562e-06	-0.02284
2.358562e-06	-0.02542
2.360562e-06	-0.02327
2.362562e-06	-0.02757
2.364562e-06	-0.02499
2.366562e-06	-0.02628
2.368562e-06	-0.02585
2.370562e-06	-0.02843
2.372562e-06	-0.02671
2.374562e-06	-0.02671
2.376562e-06	-0.02714
2.378562e-06	-0.02757
2.380562e-06	-0.02714
2.382562e-06	-0.02585
2.384562e-06	-0.02542
2.386562e-06	-0.02714
2.388562e-06	-0.02972
2.390562e-06	-0.02886
2.392562e-06	-0.02714
2.394562e-06	-0.028
2.396562e-06	-0.028
2.398562e-06	-0.02843
2.400562e-06	-0.02671
2.402562e-06	-0.02929
2.404562e-06	-0.02542
2.406562e-06	-0.02843
2.408562e-06	-0.02628
2.410562e-06	-0.02929
2.412562e-06	-0.02714
2.414562e-06	-0.02843
2.416562e-06	-0.0237
2.418562e-06	-0.02714
2.420562e-06	-0.02843
2.422562e-06	-0.02929
2.424562e-06	-0.02456
2.426562e-06	-0.02542
2.428562e-06	-0.02714
2.430562e-06	-0.02413
2.432562e-06	-0.02155
2.434562e-06	-0.02628
2.436562e-06	-0.02843
2.438562e-06	-0.02542
2.440562e-06	-0.02499
2.442562e-06	-0.02456
2.444562e-06	-0.02542
2.446562e-06	-0.02585
2.448562e-06	-0.02413
2.450562e-06	-0.02499
2.452562e-06	-0.02413
2.454562e-06	-0.02542
2.456562e-06	-0.02155
2.458562e-06	-0.02542
2.460562e-06	-0.02284
2.462562e-06	-0.02499
2.464562e-06	-0.02671
2.466562e-06	-0.02413
2.468562e-06	-0.02671
2.470562e-06	-0.02929
2.472562e-06	-0.02456
2.474562e-06	-0.02843
2.476562e-06	-0.02327
2.478562e-06	-0.02499
2.480562e-06	-0.02198
2.482562e-06	-0.02542
2.484562e-06	-0.02241
2.486562e-06	-0.02714
2.488562e-06	-0.02327
2.490562e-06	-0.02456
2.492562e-06	-0.02198
2.494562e-06	-0.02327
2.496562e-06	-0.02026
2.498562e-06	-0.02499
2.500562e-06	-0.02456
2.502562e-06	-0.02456
2.504562e-06	-0.02327
2.506562e-06	-0.02499
2.508562e-06	-0.02456
2.510562e-06	-0.02628
