LECROYHDO6104A	50809	Waveform
Segments	1	SegmentSize	2502
Segment	TrigTime	TimeSinceSegment1
#1	19-Dec-2022 19:33:58	0                 
Time	Ampl
-2.501568e-06	-0.02512
-2.499568e-06	-0.0261
-2.497568e-06	-0.02512
-2.495568e-06	-0.02757
-2.493568e-06	-0.02512
-2.491568e-06	-0.02561
-2.489568e-06	-0.02561
-2.487568e-06	-0.02561
-2.485568e-06	-0.02414
-2.483568e-06	-0.02659
-2.481568e-06	-0.02512
-2.479568e-06	-0.02659
-2.477568e-06	-0.02414
-2.475568e-06	-0.02561
-2.473568e-06	-0.02561
-2.471568e-06	-0.02659
-2.469568e-06	-0.0261
-2.467568e-06	-0.02267
-2.465568e-06	-0.02316
-2.463568e-06	-0.02463
-2.461568e-06	-0.02218
-2.459568e-06	-0.02463
-2.457568e-06	-0.02316
-2.455568e-06	-0.02659
-2.453568e-06	-0.02463
-2.451568e-06	-0.02365
-2.449568e-06	-0.02757
-2.447568e-06	-0.02757
-2.445568e-06	-0.02365
-2.443568e-06	-0.02806
-2.441568e-06	-0.02659
-2.439568e-06	-0.02806
-2.437568e-06	-0.02267
-2.435568e-06	-0.02659
-2.433568e-06	-0.0261
-2.431568e-06	-0.02708
-2.429568e-06	-0.0261
-2.427568e-06	-0.02708
-2.425568e-06	-0.02512
-2.423568e-06	-0.02855
-2.421568e-06	-0.02414
-2.419568e-06	-0.02561
-2.417568e-06	-0.02414
-2.415568e-06	-0.02904
-2.413568e-06	-0.02316
-2.411568e-06	-0.0261
-2.409568e-06	-0.02365
-2.407568e-06	-0.02953
-2.405568e-06	-0.0261
-2.403568e-06	-0.0261
-2.401568e-06	-0.02365
-2.399568e-06	-0.02904
-2.397568e-06	-0.0261
-2.395568e-06	-0.02757
-2.393568e-06	-0.02512
-2.391568e-06	-0.02708
-2.389568e-06	-0.0261
-2.387568e-06	-0.02904
-2.385568e-06	-0.0261
-2.383568e-06	-0.02708
-2.381568e-06	-0.02365
-2.379568e-06	-0.02708
-2.377568e-06	-0.02806
-2.375568e-06	-0.02708
-2.373568e-06	-0.02365
-2.371568e-06	-0.02757
-2.369568e-06	-0.02708
-2.367568e-06	-0.02757
-2.365568e-06	-0.02463
-2.363568e-06	-0.02806
-2.361568e-06	-0.02806
-2.359568e-06	-0.03002
-2.357568e-06	-0.02708
-2.355568e-06	-0.02561
-2.353568e-06	-0.0261
-2.351568e-06	-0.03051
-2.349568e-06	-0.02512
-2.347568e-06	-0.0261
-2.345568e-06	-0.0261
-2.343568e-06	-0.02855
-2.341568e-06	-0.02757
-2.339568e-06	-0.02561
-2.337568e-06	-0.02659
-2.335568e-06	-0.03002
-2.333568e-06	-0.02953
-2.331568e-06	-0.02757
-2.329568e-06	-0.02953
-2.327568e-06	-0.02806
-2.325568e-06	-0.02904
-2.323568e-06	-0.02757
-2.321568e-06	-0.02659
-2.319568e-06	-0.03198
-2.317568e-06	-0.02708
-2.315568e-06	-0.02806
-2.313568e-06	-0.02855
-2.311568e-06	-0.03002
-2.309568e-06	-0.02708
-2.307568e-06	-0.02855
-2.305568e-06	-0.02708
-2.303568e-06	-0.03051
-2.301568e-06	-0.02708
-2.299568e-06	-0.02904
-2.297568e-06	-0.02659
-2.295568e-06	-0.02904
-2.293568e-06	-0.02757
-2.291568e-06	-0.02953
-2.289568e-06	-0.02855
-2.287568e-06	-0.02855
-2.285568e-06	-0.02316
-2.283568e-06	-0.02708
-2.281568e-06	-0.02659
-2.279568e-06	-0.02806
-2.277568e-06	-0.02659
-2.275568e-06	-0.02561
-2.273568e-06	-0.0261
-2.271568e-06	-0.02806
-2.269568e-06	-0.02512
-2.267568e-06	-0.02806
-2.265568e-06	-0.02463
-2.263568e-06	-0.0261
-2.261568e-06	-0.02708
-2.259568e-06	-0.02806
-2.257568e-06	-0.02463
-2.255568e-06	-0.02855
-2.253568e-06	-0.02708
-2.251568e-06	-0.02561
-2.249568e-06	-0.02806
-2.247568e-06	-0.02757
-2.245568e-06	-0.02267
-2.243568e-06	-0.02708
-2.241568e-06	-0.0261
-2.239568e-06	-0.03051
-2.237568e-06	-0.02806
-2.235568e-06	-0.02708
-2.233568e-06	-0.02708
-2.231568e-06	-0.031
-2.229568e-06	-0.03051
-2.227568e-06	-0.02904
-2.225568e-06	-0.02806
-2.223568e-06	-0.02904
-2.221568e-06	-0.02806
-2.219568e-06	-0.02708
-2.217568e-06	-0.02463
-2.215568e-06	-0.03002
-2.213568e-06	-0.02561
-2.211568e-06	-0.02953
-2.209568e-06	-0.02757
-2.207568e-06	-0.03051
-2.205568e-06	-0.02855
-2.203568e-06	-0.02708
-2.201568e-06	-0.02757
-2.199568e-06	-0.02904
-2.197568e-06	-0.02757
-2.195568e-06	-0.02757
-2.193568e-06	-0.02708
-2.191568e-06	-0.03247
-2.189568e-06	-0.02757
-2.187568e-06	-0.02414
-2.185568e-06	-0.03002
-2.183568e-06	-0.02708
-2.181568e-06	-0.02757
-2.179568e-06	-0.02806
-2.177568e-06	-0.02855
-2.175568e-06	-0.03296
-2.173568e-06	-0.02953
-2.171568e-06	-0.02953
-2.169568e-06	-0.03149
-2.167568e-06	-0.03149
-2.165568e-06	-0.02855
-2.163568e-06	-0.03002
-2.161568e-06	-0.02904
-2.159568e-06	-0.03394
-2.157568e-06	-0.02757
-2.155568e-06	-0.03002
-2.153568e-06	-0.03002
-2.151568e-06	-0.02904
-2.149568e-06	-0.02806
-2.147568e-06	-0.02855
-2.145568e-06	-0.03296
-2.143568e-06	-0.03296
-2.141568e-06	-0.02806
-2.139568e-06	-0.02953
-2.137568e-06	-0.02855
-2.135568e-06	-0.03051
-2.133568e-06	-0.02757
-2.131568e-06	-0.02806
-2.129568e-06	-0.02953
-2.127568e-06	-0.031
-2.125568e-06	-0.03002
-2.123568e-06	-0.02806
-2.121568e-06	-0.03002
-2.119568e-06	-0.03002
-2.117568e-06	-0.02855
-2.115568e-06	-0.02806
-2.113568e-06	-0.02806
-2.111568e-06	-0.02806
-2.109568e-06	-0.02757
-2.107568e-06	-0.02904
-2.105568e-06	-0.03051
-2.103568e-06	-0.02953
-2.101568e-06	-0.02757
-2.099568e-06	-0.02757
-2.097568e-06	-0.02757
-2.095568e-06	-0.02904
-2.093568e-06	-0.031
-2.091568e-06	-0.02953
-2.089568e-06	-0.02953
-2.087568e-06	-0.02904
-2.085568e-06	-0.02855
-2.083568e-06	-0.02953
-2.081568e-06	-0.02953
-2.079568e-06	-0.03198
-2.077568e-06	-0.02855
-2.075568e-06	-0.03051
-2.073568e-06	-0.02512
-2.071568e-06	-0.02953
-2.069568e-06	-0.031
-2.067568e-06	-0.02953
-2.065568e-06	-0.0261
-2.063568e-06	-0.03149
-2.061568e-06	-0.02757
-2.059568e-06	-0.02953
-2.057568e-06	-0.02953
-2.055568e-06	-0.03247
-2.053568e-06	-0.02806
-2.051568e-06	-0.02561
-2.049568e-06	-0.02659
-2.047568e-06	-0.03247
-2.045568e-06	-0.0261
-2.043568e-06	-0.03051
-2.041568e-06	-0.02659
-2.039568e-06	-0.031
-2.037568e-06	-0.02806
-2.035568e-06	-0.02806
-2.033568e-06	-0.02708
-2.031568e-06	-0.031
-2.029568e-06	-0.02904
-2.027568e-06	-0.02904
-2.025568e-06	-0.02904
-2.023568e-06	-0.03002
-2.021568e-06	-0.02757
-2.019568e-06	-0.02757
-2.017568e-06	-0.02512
-2.015568e-06	-0.03149
-2.013568e-06	-0.02904
-2.011568e-06	-0.02561
-2.009568e-06	-0.03002
-2.007568e-06	-0.03149
-2.005568e-06	-0.02953
-2.003568e-06	-0.02953
-2.001568e-06	-0.03051
-1.999568e-06	-0.02904
-1.997568e-06	-0.03002
-1.995568e-06	-0.02855
-1.993568e-06	-0.02904
-1.991568e-06	-0.03002
-1.989568e-06	-0.02855
-1.987568e-06	-0.02806
-1.985568e-06	-0.03051
-1.983568e-06	-0.03198
-1.981568e-06	-0.03051
-1.979568e-06	-0.02708
-1.977568e-06	-0.03051
-1.975568e-06	-0.03345
-1.973568e-06	-0.02855
-1.971568e-06	-0.02953
-1.969568e-06	-0.03051
-1.967568e-06	-0.03247
-1.965568e-06	-0.03247
-1.963568e-06	-0.03002
-1.961568e-06	-0.03002
-1.959568e-06	-0.03002
-1.957568e-06	-0.02904
-1.955568e-06	-0.03002
-1.953568e-06	-0.02855
-1.951568e-06	-0.02953
-1.949568e-06	-0.02904
-1.947568e-06	-0.03247
-1.945568e-06	-0.03002
-1.943568e-06	-0.02953
-1.941568e-06	-0.02659
-1.939568e-06	-0.031
-1.937568e-06	-0.02855
-1.935568e-06	-0.02904
-1.933568e-06	-0.02708
-1.931568e-06	-0.02855
-1.929568e-06	-0.02708
-1.927568e-06	-0.02953
-1.925568e-06	-0.02806
-1.923568e-06	-0.02904
-1.921568e-06	-0.02757
-1.919568e-06	-0.03149
-1.917568e-06	-0.02757
-1.915568e-06	-0.03051
-1.913568e-06	-0.02561
-1.911568e-06	-0.02855
-1.909568e-06	-0.02659
-1.907568e-06	-0.02806
-1.905568e-06	-0.02904
-1.903568e-06	-0.02855
-1.901568e-06	-0.02512
-1.899568e-06	-0.02904
-1.897568e-06	-0.0261
-1.895568e-06	-0.02855
-1.893568e-06	-0.02855
-1.891568e-06	-0.02953
-1.889568e-06	-0.02904
-1.887568e-06	-0.02953
-1.885568e-06	-0.02806
-1.883568e-06	-0.02708
-1.881568e-06	-0.02708
-1.879568e-06	-0.03002
-1.877568e-06	-0.02659
-1.875568e-06	-0.02512
-1.873568e-06	-0.0261
-1.871568e-06	-0.03002
-1.869568e-06	-0.02708
-1.867568e-06	-0.0261
-1.865568e-06	-0.0261
-1.863568e-06	-0.02904
-1.861568e-06	-0.02806
-1.859568e-06	-0.02757
-1.857568e-06	-0.02708
-1.855568e-06	-0.02953
-1.853568e-06	-0.02708
-1.851568e-06	-0.02659
-1.849568e-06	-0.02561
-1.847568e-06	-0.02953
-1.845568e-06	-0.02904
-1.843568e-06	-0.02659
-1.841568e-06	-0.02659
-1.839568e-06	-0.02806
-1.837568e-06	-0.02904
-1.835568e-06	-0.0261
-1.833568e-06	-0.02218
-1.831568e-06	-0.02561
-1.829568e-06	-0.02708
-1.827568e-06	-0.02757
-1.825568e-06	-0.02512
-1.823568e-06	-0.02414
-1.821568e-06	-0.02414
-1.819568e-06	-0.02316
-1.817568e-06	-0.02218
-1.815568e-06	-0.02414
-1.813568e-06	-0.02316
-1.811568e-06	-0.02365
-1.809568e-06	-0.02365
-1.807568e-06	-0.02659
-1.805568e-06	-0.02414
-1.803568e-06	-0.02218
-1.801568e-06	-0.02316
-1.799568e-06	-0.02169
-1.797568e-06	-0.02316
-1.795568e-06	-0.01924
-1.793568e-06	-0.02218
-1.791568e-06	-0.02169
-1.789568e-06	-0.02022
-1.787568e-06	-0.02071
-1.785568e-06	-0.0212
-1.783568e-06	-0.02316
-1.781568e-06	-0.0212
-1.779568e-06	-0.01973
-1.777568e-06	-0.01875
-1.775568e-06	-0.01875
-1.773568e-06	-0.02169
-1.771568e-06	-0.01973
-1.769568e-06	-0.01924
-1.767568e-06	-0.02071
-1.765568e-06	-0.01973
-1.763568e-06	-0.01924
-1.761568e-06	-0.0163
-1.759568e-06	-0.01777
-1.757568e-06	-0.01777
-1.755568e-06	-0.02218
-1.753568e-06	-0.01875
-1.751568e-06	-0.01973
-1.749568e-06	-0.02071
-1.747568e-06	-0.02316
-1.745568e-06	-0.02071
-1.743568e-06	-0.02267
-1.741568e-06	-0.02267
-1.739568e-06	-0.02316
-1.737568e-06	-0.01973
-1.735568e-06	-0.02463
-1.733568e-06	-0.0212
-1.731568e-06	-0.02169
-1.729568e-06	-0.02316
-1.727568e-06	-0.02414
-1.725568e-06	-0.02365
-1.723568e-06	-0.0212
-1.721568e-06	-0.01875
-1.719568e-06	-0.02316
-1.717568e-06	-0.02365
-1.715568e-06	-0.02365
-1.713568e-06	-0.02267
-1.711568e-06	-0.02561
-1.709568e-06	-0.02365
-1.707568e-06	-0.02365
-1.705568e-06	-0.02218
-1.703568e-06	-0.02708
-1.701568e-06	-0.0261
-1.699568e-06	-0.02659
-1.697568e-06	-0.02316
-1.695568e-06	-0.02855
-1.693568e-06	-0.02169
-1.691568e-06	-0.02365
-1.689568e-06	-0.02414
-1.687568e-06	-0.02659
-1.685568e-06	-0.02365
-1.683568e-06	-0.02512
-1.681568e-06	-0.02463
-1.679568e-06	-0.02806
-1.677568e-06	-0.02414
-1.675568e-06	-0.02904
-1.673568e-06	-0.02512
-1.671568e-06	-0.02953
-1.669568e-06	-0.0261
-1.667568e-06	-0.02855
-1.665568e-06	-0.02463
-1.663568e-06	-0.02904
-1.661568e-06	-0.02561
-1.659568e-06	-0.02659
-1.657568e-06	-0.02953
-1.655568e-06	-0.02953
-1.653568e-06	-0.02659
-1.651568e-06	-0.02708
-1.649568e-06	-0.02365
-1.647568e-06	-0.02561
-1.645568e-06	-0.02512
-1.643568e-06	-0.02855
-1.641568e-06	-0.02757
-1.639568e-06	-0.02904
-1.637568e-06	-0.02316
-1.635568e-06	-0.02561
-1.633568e-06	-0.02561
-1.631568e-06	-0.02855
-1.629568e-06	-0.02561
-1.627568e-06	-0.02855
-1.625568e-06	-0.02806
-1.623568e-06	-0.03198
-1.621568e-06	-0.02561
-1.619568e-06	-0.02659
-1.617568e-06	-0.02316
-1.615568e-06	-0.02757
-1.613568e-06	-0.0261
-1.611568e-06	-0.02806
-1.609568e-06	-0.02708
-1.607568e-06	-0.02904
-1.605568e-06	-0.02365
-1.603568e-06	-0.0261
-1.601568e-06	-0.02757
-1.599568e-06	-0.02953
-1.597568e-06	-0.02463
-1.595568e-06	-0.02512
-1.593568e-06	-0.02757
-1.591568e-06	-0.02904
-1.589568e-06	-0.02561
-1.587568e-06	-0.02659
-1.585568e-06	-0.02561
-1.583568e-06	-0.03002
-1.581568e-06	-0.02708
-1.579568e-06	-0.02757
-1.577568e-06	-0.02512
-1.575568e-06	-0.02855
-1.573568e-06	-0.02463
-1.571568e-06	-0.02757
-1.569568e-06	-0.02561
-1.567568e-06	-0.02806
-1.565568e-06	-0.02757
-1.563568e-06	-0.02757
-1.561568e-06	-0.02757
-1.559568e-06	-0.02708
-1.557568e-06	-0.02659
-1.555568e-06	-0.02708
-1.553568e-06	-0.02659
-1.551568e-06	-0.03002
-1.549568e-06	-0.02904
-1.547568e-06	-0.03051
-1.545568e-06	-0.02659
-1.543568e-06	-0.02561
-1.541568e-06	-0.02855
-1.539568e-06	-0.02953
-1.537568e-06	-0.02561
-1.535568e-06	-0.02953
-1.533568e-06	-0.02561
-1.531568e-06	-0.02365
-1.529568e-06	-0.02561
-1.527568e-06	-0.02757
-1.525568e-06	-0.0261
-1.523568e-06	-0.02659
-1.521568e-06	-0.02365
-1.519568e-06	-0.02659
-1.517568e-06	-0.02708
-1.515568e-06	-0.02659
-1.513568e-06	-0.02463
-1.511568e-06	-0.02757
-1.509568e-06	-0.02561
-1.507568e-06	-0.02414
-1.505568e-06	-0.02512
-1.503568e-06	-0.02463
-1.501568e-06	-0.02267
-1.499568e-06	-0.02561
-1.497568e-06	-0.02855
-1.495568e-06	-0.02806
-1.493568e-06	-0.02267
-1.491568e-06	-0.02463
-1.489568e-06	-0.0261
-1.487568e-06	-0.02904
-1.485568e-06	-0.0261
-1.483568e-06	-0.02757
-1.481568e-06	-0.02365
-1.479568e-06	-0.02659
-1.477568e-06	-0.02561
-1.475568e-06	-0.02904
-1.473568e-06	-0.0261
-1.471568e-06	-0.03002
-1.469568e-06	-0.02855
-1.467568e-06	-0.02659
-1.465568e-06	-0.02463
-1.463568e-06	-0.02855
-1.461568e-06	-0.02512
-1.459568e-06	-0.02708
-1.457568e-06	-0.02365
-1.455568e-06	-0.02904
-1.453568e-06	-0.0261
-1.451568e-06	-0.02561
-1.449568e-06	-0.02561
-1.447568e-06	-0.02659
-1.445568e-06	-0.02414
-1.443568e-06	-0.02414
-1.441568e-06	-0.02365
-1.439568e-06	-0.02757
-1.437568e-06	-0.02512
-1.435568e-06	-0.0261
-1.433568e-06	-0.02316
-1.431568e-06	-0.02708
-1.429568e-06	-0.02169
-1.427568e-06	-0.02267
-1.425568e-06	-0.02414
-1.423568e-06	-0.02806
-1.421568e-06	-0.02512
-1.419568e-06	-0.02365
-1.417568e-06	-0.02169
-1.415568e-06	-0.02659
-1.413568e-06	-0.02218
-1.411568e-06	-0.02561
-1.409568e-06	-0.02659
-1.407568e-06	-0.0261
-1.405568e-06	-0.02365
-1.403568e-06	-0.0261
-1.401568e-06	-0.02463
-1.399568e-06	-0.02855
-1.397568e-06	-0.02365
-1.395568e-06	-0.02708
-1.393568e-06	-0.0212
-1.391568e-06	-0.02855
-1.389568e-06	-0.02218
-1.387568e-06	-0.0261
-1.385568e-06	-0.02365
-1.383568e-06	-0.02708
-1.381568e-06	-0.02267
-1.379568e-06	-0.02512
-1.377568e-06	-0.02512
-1.375568e-06	-0.02855
-1.373568e-06	-0.02316
-1.371568e-06	-0.02659
-1.369568e-06	-0.02463
-1.367568e-06	-0.02463
-1.365568e-06	-0.02561
-1.363568e-06	-0.02561
-1.361568e-06	-0.02414
-1.359568e-06	-0.03002
-1.357568e-06	-0.02561
-1.355568e-06	-0.02757
-1.353568e-06	-0.02365
-1.351568e-06	-0.02953
-1.349568e-06	-0.02757
-1.347568e-06	-0.02561
-1.345568e-06	-0.02512
-1.343568e-06	-0.02904
-1.341568e-06	-0.02708
-1.339568e-06	-0.02708
-1.337568e-06	-0.02365
-1.335568e-06	-0.02904
-1.333568e-06	-0.02316
-1.331568e-06	-0.02512
-1.329568e-06	-0.02512
-1.327568e-06	-0.02561
-1.325568e-06	-0.02267
-1.323568e-06	-0.02365
-1.321568e-06	-0.02316
-1.319568e-06	-0.0261
-1.317568e-06	-0.02316
-1.315568e-06	-0.02561
-1.313568e-06	-0.02218
-1.311568e-06	-0.02659
-1.309568e-06	-0.02561
-1.307568e-06	-0.02365
-1.305568e-06	-0.02267
-1.303568e-06	-0.02463
-1.301568e-06	-0.02414
-1.299568e-06	-0.0261
-1.297568e-06	-0.02365
-1.295568e-06	-0.02708
-1.293568e-06	-0.02267
-1.291568e-06	-0.02659
-1.289568e-06	-0.02561
-1.287568e-06	-0.02708
-1.285568e-06	-0.02512
-1.283568e-06	-0.02659
-1.281568e-06	-0.02463
-1.279568e-06	-0.02757
-1.277568e-06	-0.02169
-1.275568e-06	-0.0261
-1.273568e-06	-0.02365
-1.271568e-06	-0.02708
-1.269568e-06	-0.02512
-1.267568e-06	-0.02708
-1.265568e-06	-0.02953
-1.263568e-06	-0.0261
-1.261568e-06	-0.02414
-1.259568e-06	-0.02365
-1.257568e-06	-0.02757
-1.255568e-06	-0.02806
-1.253568e-06	-0.02414
-1.251568e-06	-0.02806
-1.249568e-06	-0.02806
-1.247568e-06	-0.02953
-1.245568e-06	-0.02757
-1.243568e-06	-0.02953
-1.241568e-06	-0.02561
-1.239568e-06	-0.02757
-1.237568e-06	-0.02512
-1.235568e-06	-0.02659
-1.233568e-06	-0.02806
-1.231568e-06	-0.03051
-1.229568e-06	-0.02414
-1.227568e-06	-0.02757
-1.225568e-06	-0.02708
-1.223568e-06	-0.02904
-1.221568e-06	-0.02463
-1.219568e-06	-0.02561
-1.217568e-06	-0.02561
-1.215568e-06	-0.02904
-1.213568e-06	-0.02512
-1.211568e-06	-0.02659
-1.209568e-06	-0.02659
-1.207568e-06	-0.02904
-1.205568e-06	-0.0261
-1.203568e-06	-0.02904
-1.201568e-06	-0.02953
-1.199568e-06	-0.02757
-1.197568e-06	-0.02806
-1.195568e-06	-0.02855
-1.193568e-06	-0.02708
-1.191568e-06	-0.02757
-1.189568e-06	-0.02953
-1.187568e-06	-0.02904
-1.185568e-06	-0.02806
-1.183568e-06	-0.03051
-1.181568e-06	-0.02512
-1.179568e-06	-0.0261
-1.177568e-06	-0.02953
-1.175568e-06	-0.02806
-1.173568e-06	-0.02512
-1.171568e-06	-0.0261
-1.169568e-06	-0.02561
-1.167568e-06	-0.02757
-1.165568e-06	-0.02561
-1.163568e-06	-0.02757
-1.161568e-06	-0.02512
-1.159568e-06	-0.031
-1.157568e-06	-0.02659
-1.155568e-06	-0.02806
-1.153568e-06	-0.02757
-1.151568e-06	-0.03051
-1.149568e-06	-0.02904
-1.147568e-06	-0.0261
-1.145568e-06	-0.02659
-1.143568e-06	-0.03002
-1.141568e-06	-0.0261
-1.139568e-06	-0.0261
-1.137568e-06	-0.02463
-1.135568e-06	-0.02904
-1.133568e-06	-0.0261
-1.131568e-06	-0.02561
-1.129568e-06	-0.02757
-1.127568e-06	-0.03051
-1.125568e-06	-0.02806
-1.123568e-06	-0.02904
-1.121568e-06	-0.02414
-1.119568e-06	-0.02953
-1.117568e-06	-0.02561
-1.115568e-06	-0.02806
-1.113568e-06	-0.02365
-1.111568e-06	-0.02855
-1.109568e-06	-0.02855
-1.107568e-06	-0.02708
-1.105568e-06	-0.02414
-1.103568e-06	-0.03149
-1.101568e-06	-0.02708
-1.099568e-06	-0.02757
-1.097568e-06	-0.0261
-1.095568e-06	-0.02953
-1.093568e-06	-0.02708
-1.091568e-06	-0.02757
-1.089568e-06	-0.02561
-1.087568e-06	-0.02806
-1.085568e-06	-0.02806
-1.083568e-06	-0.02708
-1.081568e-06	-0.02512
-1.079568e-06	-0.02512
-1.077568e-06	-0.02708
-1.075568e-06	-0.02757
-1.073568e-06	-0.02757
-1.071568e-06	-0.02904
-1.069568e-06	-0.02708
-1.067568e-06	-0.02855
-1.065568e-06	-0.02512
-1.063568e-06	-0.02659
-1.061568e-06	-0.0261
-1.059568e-06	-0.02659
-1.057568e-06	-0.0261
-1.055568e-06	-0.02904
-1.053568e-06	-0.0261
-1.051568e-06	-0.02904
-1.049568e-06	-0.02806
-1.047568e-06	-0.02659
-1.045568e-06	-0.0261
-1.043568e-06	-0.02757
-1.041568e-06	-0.02463
-1.039568e-06	-0.02806
-1.037568e-06	-0.02512
-1.035568e-06	-0.02708
-1.033568e-06	-0.02561
-1.031568e-06	-0.03002
-1.029568e-06	-0.0261
-1.027568e-06	-0.02708
-1.025568e-06	-0.02561
-1.023568e-06	-0.02904
-1.021568e-06	-0.02806
-1.019568e-06	-0.02708
-1.017568e-06	-0.0261
-1.015568e-06	-0.03002
-1.013568e-06	-0.02757
-1.011568e-06	-0.02953
-1.009568e-06	-0.02806
-1.007568e-06	-0.02708
-1.005568e-06	-0.02561
-1.003568e-06	-0.0261
-1.001568e-06	-0.02659
-9.995684e-07	-0.02953
-9.975684e-07	-0.02708
-9.955684e-07	-0.02953
-9.935684e-07	-0.02757
-9.915684e-07	-0.03002
-9.895684e-07	-0.02855
-9.875684e-07	-0.02806
-9.855684e-07	-0.02708
-9.835684e-07	-0.02904
-9.815684e-07	-0.02806
-9.795684e-07	-0.03002
-9.775684e-07	-0.02953
-9.755684e-07	-0.02953
-9.735684e-07	-0.02757
-9.715684e-07	-0.02953
-9.695684e-07	-0.02708
-9.675684e-07	-0.02953
-9.655684e-07	-0.02855
-9.635684e-07	-0.03051
-9.615684e-07	-0.02512
-9.595684e-07	-0.03051
-9.575684e-07	-0.02512
-9.555684e-07	-0.02953
-9.535684e-07	-0.02659
-9.515684e-07	-0.02757
-9.495684e-07	-0.0261
-9.475684e-07	-0.02708
-9.455684e-07	-0.02512
-9.435684e-07	-0.03051
-9.415684e-07	-0.02659
-9.395684e-07	-0.02806
-9.375684e-07	-0.02512
-9.355684e-07	-0.031
-9.335684e-07	-0.0261
-9.315684e-07	-0.02806
-9.295684e-07	-0.02806
-9.275684e-07	-0.02904
-9.255684e-07	-0.02414
-9.235684e-07	-0.02463
-9.215684e-07	-0.02708
-9.195684e-07	-0.03002
-9.175684e-07	-0.02806
-9.155684e-07	-0.02806
-9.135684e-07	-0.02414
-9.115684e-07	-0.02904
-9.095684e-07	-0.02757
-9.075684e-07	-0.0261
-9.055684e-07	-0.02659
-9.035684e-07	-0.02904
-9.015684e-07	-0.02806
-8.995684e-07	-0.02757
-8.975684e-07	-0.0261
-8.955684e-07	-0.02855
-8.935684e-07	-0.02855
-8.915684e-07	-0.0261
-8.895684e-07	-0.02463
-8.875684e-07	-0.02806
-8.855684e-07	-0.02659
-8.835684e-07	-0.02855
-8.815684e-07	-0.02659
-8.795684e-07	-0.03002
-8.775684e-07	-0.02414
-8.755684e-07	-0.02463
-8.735684e-07	-0.02463
-8.715684e-07	-0.02806
-8.695684e-07	-0.02316
-8.675684e-07	-0.02757
-8.655684e-07	-0.02365
-8.635684e-07	-0.02757
-8.615684e-07	-0.02463
-8.595684e-07	-0.02708
-8.575684e-07	-0.02855
-8.555684e-07	-0.02806
-8.535684e-07	-0.02463
-8.515684e-07	-0.0261
-8.495684e-07	-0.02463
-8.475684e-07	-0.02512
-8.455684e-07	-0.02512
-8.435684e-07	-0.02904
-8.415684e-07	-0.02708
-8.395684e-07	-0.02757
-8.375684e-07	-0.02806
-8.355684e-07	-0.02708
-8.335684e-07	-0.0261
-8.315684e-07	-0.02708
-8.295684e-07	-0.02414
-8.275684e-07	-0.02561
-8.255684e-07	-0.02463
-8.235684e-07	-0.02757
-8.215684e-07	-0.02463
-8.195684e-07	-0.02365
-8.175684e-07	-0.02757
-8.155684e-07	-0.02806
-8.135684e-07	-0.02414
-8.115684e-07	-0.02659
-8.095684e-07	-0.02512
-8.075684e-07	-0.02855
-8.055684e-07	-0.02463
-8.035684e-07	-0.02414
-8.015684e-07	-0.02561
-7.995684e-07	-0.02512
-7.975684e-07	-0.02561
-7.955684e-07	-0.02855
-7.935684e-07	-0.02414
-7.915684e-07	-0.02757
-7.895684e-07	-0.02561
-7.875684e-07	-0.02659
-7.855684e-07	-0.02512
-7.835684e-07	-0.02855
-7.815684e-07	-0.02659
-7.795684e-07	-0.02561
-7.775684e-07	-0.02365
-7.755684e-07	-0.0261
-7.735684e-07	-0.0212
-7.715684e-07	-0.02659
-7.695684e-07	-0.02414
-7.675684e-07	-0.02708
-7.655684e-07	-0.02316
-7.635684e-07	-0.02659
-7.615684e-07	-0.02365
-7.595684e-07	-0.0261
-7.575684e-07	-0.02365
-7.555684e-07	-0.02267
-7.535684e-07	-0.02267
-7.515684e-07	-0.02561
-7.495684e-07	-0.02267
-7.475684e-07	-0.02512
-7.455684e-07	-0.02316
-7.435684e-07	-0.02267
-7.415684e-07	-0.01924
-7.395684e-07	-0.02316
-7.375684e-07	-0.02071
-7.355684e-07	-0.02414
-7.335684e-07	-0.0212
-7.315684e-07	-0.02365
-7.295684e-07	-0.01973
-7.275684e-07	-0.02218
-7.255684e-07	-0.02169
-7.235684e-07	-0.02218
-7.215684e-07	-0.01973
-7.195684e-07	-0.02316
-7.175684e-07	-0.02169
-7.155684e-07	-0.02316
-7.135684e-07	-0.02022
-7.115684e-07	-0.02169
-7.095684e-07	-0.02022
-7.075684e-07	-0.02267
-7.055684e-07	-0.02071
-7.035684e-07	-0.02218
-7.015684e-07	-0.01973
-6.995684e-07	-0.01973
-6.975684e-07	-0.0212
-6.955684e-07	-0.02365
-6.935684e-07	-0.01973
-6.915684e-07	-0.02316
-6.895684e-07	-0.02022
-6.875684e-07	-0.02659
-6.855684e-07	-0.02365
-6.835684e-07	-0.02365
-6.815684e-07	-0.02218
-6.795684e-07	-0.0212
-6.775684e-07	-0.02267
-6.755684e-07	-0.02463
-6.735684e-07	-0.01924
-6.715684e-07	-0.02463
-6.695684e-07	-0.02267
-6.675684e-07	-0.02512
-6.655684e-07	-0.02365
-6.635684e-07	-0.02806
-6.615684e-07	-0.02365
-6.595684e-07	-0.02316
-6.575684e-07	-0.02463
-6.555684e-07	-0.02708
-6.535684e-07	-0.02365
-6.515684e-07	-0.0212
-6.495684e-07	-0.02316
-6.475684e-07	-0.0261
-6.455684e-07	-0.02414
-6.435684e-07	-0.0261
-6.415684e-07	-0.0261
-6.395684e-07	-0.02757
-6.375684e-07	-0.02365
-6.355684e-07	-0.02365
-6.335684e-07	-0.02512
-6.315684e-07	-0.02659
-6.295684e-07	-0.02365
-6.275684e-07	-0.0261
-6.255684e-07	-0.02414
-6.235684e-07	-0.0261
-6.215684e-07	-0.02414
-6.195684e-07	-0.02561
-6.175684e-07	-0.02267
-6.155684e-07	-0.0261
-6.135684e-07	-0.02463
-6.115684e-07	-0.0261
-6.095684e-07	-0.02414
-6.075684e-07	-0.02904
-6.055684e-07	-0.02218
-6.035684e-07	-0.02561
-6.015684e-07	-0.02414
-5.995684e-07	-0.02806
-5.975684e-07	-0.02659
-5.955684e-07	-0.02463
-5.935684e-07	-0.02316
-5.915684e-07	-0.02708
-5.895684e-07	-0.02414
-5.875684e-07	-0.02512
-5.855684e-07	-0.02463
-5.835684e-07	-0.02757
-5.815684e-07	-0.0261
-5.795684e-07	-0.02757
-5.775684e-07	-0.02806
-5.755684e-07	-0.031
-5.735684e-07	-0.02708
-5.715684e-07	-0.02708
-5.695684e-07	-0.02561
-5.675684e-07	-0.031
-5.655684e-07	-0.02757
-5.635684e-07	-0.02855
-5.615684e-07	-0.02414
-5.595684e-07	-0.03296
-5.575684e-07	-0.02855
-5.555684e-07	-0.02659
-5.535684e-07	-0.0261
-5.515684e-07	-0.02904
-5.495684e-07	-0.02414
-5.475684e-07	-0.0261
-5.455684e-07	-0.03002
-5.435684e-07	-0.03345
-5.415684e-07	-0.0261
-5.395684e-07	-0.02806
-5.375684e-07	-0.02904
-5.355684e-07	-0.03149
-5.335684e-07	-0.02806
-5.315684e-07	-0.02855
-5.295684e-07	-0.02757
-5.275684e-07	-0.03198
-5.255684e-07	-0.02708
-5.235684e-07	-0.02708
-5.215684e-07	-0.02757
-5.195684e-07	-0.031
-5.175684e-07	-0.02561
-5.155684e-07	-0.02806
-5.135684e-07	-0.03002
-5.115684e-07	-0.03296
-5.095684e-07	-0.02806
-5.075684e-07	-0.03002
-5.055684e-07	-0.02904
-5.035684e-07	-0.031
-5.015684e-07	-0.02708
-4.995684e-07	-0.02806
-4.975684e-07	-0.02806
-4.955684e-07	-0.02904
-4.935684e-07	-0.03002
-4.915684e-07	-0.02953
-4.895684e-07	-0.02806
-4.875684e-07	-0.02953
-4.855684e-07	-0.02855
-4.835684e-07	-0.02806
-4.815684e-07	-0.02463
-4.795684e-07	-0.02708
-4.775684e-07	-0.02757
-4.755684e-07	-0.02855
-4.735684e-07	-0.02708
-4.715684e-07	-0.03051
-4.695684e-07	-0.02757
-4.675684e-07	-0.02757
-4.655684e-07	-0.02463
-4.635684e-07	-0.02757
-4.615684e-07	-0.02855
-4.595684e-07	-0.02806
-4.575684e-07	-0.0261
-4.555684e-07	-0.02904
-4.535684e-07	-0.02708
-4.515684e-07	-0.02659
-4.495684e-07	-0.02561
-4.475684e-07	-0.03051
-4.455684e-07	-0.03051
-4.435684e-07	-0.02904
-4.415684e-07	-0.02855
-4.395684e-07	-0.03051
-4.375684e-07	-0.0261
-4.355684e-07	-0.0261
-4.335684e-07	-0.02953
-4.315684e-07	-0.03002
-4.295684e-07	-0.02757
-4.275684e-07	-0.02659
-4.255684e-07	-0.02806
-4.235684e-07	-0.03051
-4.215684e-07	-0.0261
-4.195684e-07	-0.02757
-4.175684e-07	-0.02561
-4.155684e-07	-0.02855
-4.135684e-07	-0.02708
-4.115684e-07	-0.02757
-4.095684e-07	-0.02659
-4.075684e-07	-0.02659
-4.055684e-07	-0.02365
-4.035684e-07	-0.02757
-4.015684e-07	-0.02806
-3.995684e-07	-0.02806
-3.975684e-07	-0.02463
-3.955684e-07	-0.02316
-3.935684e-07	-0.02757
-3.915684e-07	-0.03002
-3.895684e-07	-0.02561
-3.875684e-07	-0.02708
-3.855684e-07	-0.0261
-3.835684e-07	-0.031
-3.815684e-07	-0.02561
-3.795684e-07	-0.02659
-3.775684e-07	-0.02561
-3.755684e-07	-0.03149
-3.735684e-07	-0.02904
-3.715684e-07	-0.02757
-3.695684e-07	-0.02708
-3.675684e-07	-0.02757
-3.655684e-07	-0.02659
-3.635684e-07	-0.02855
-3.615684e-07	-0.02659
-3.595684e-07	-0.03002
-3.575684e-07	-0.02806
-3.555684e-07	-0.02806
-3.535684e-07	-0.02414
-3.515684e-07	-0.02806
-3.495684e-07	-0.0261
-3.475684e-07	-0.02659
-3.455684e-07	-0.0261
-3.435684e-07	-0.0261
-3.415684e-07	-0.02806
-3.395684e-07	-0.02855
-3.375684e-07	-0.0261
-3.355684e-07	-0.02855
-3.335684e-07	-0.0261
-3.315684e-07	-0.02708
-3.295684e-07	-0.02708
-3.275684e-07	-0.02953
-3.255684e-07	-0.02757
-3.235684e-07	-0.02463
-3.215684e-07	-0.02708
-3.195684e-07	-0.02855
-3.175684e-07	-0.02561
-3.155684e-07	-0.02806
-3.135684e-07	-0.02512
-3.115684e-07	-0.03002
-3.095684e-07	-0.02659
-3.075684e-07	-0.02708
-3.055684e-07	-0.02561
-3.035684e-07	-0.02806
-3.015684e-07	-0.0261
-2.995684e-07	-0.02708
-2.975684e-07	-0.0261
-2.955684e-07	-0.02757
-2.935684e-07	-0.02757
-2.915684e-07	-0.02757
-2.895684e-07	-0.02512
-2.875684e-07	-0.03002
-2.855684e-07	-0.02806
-2.835684e-07	-0.02561
-2.815684e-07	-0.0261
-2.795684e-07	-0.03051
-2.775684e-07	-0.02365
-2.755684e-07	-0.02659
-2.735684e-07	-0.02757
-2.715684e-07	-0.03002
-2.695684e-07	-0.02659
-2.675684e-07	-0.02757
-2.655684e-07	-0.02414
-2.635684e-07	-0.02659
-2.615684e-07	-0.02708
-2.595684e-07	-0.031
-2.575684e-07	-0.02463
-2.555684e-07	-0.02659
-2.535684e-07	-0.0261
-2.515684e-07	-0.02659
-2.495684e-07	-0.02659
-2.475684e-07	-0.03002
-2.455684e-07	-0.02708
-2.435684e-07	-0.02463
-2.415684e-07	-0.02757
-2.395684e-07	-0.02806
-2.375684e-07	-0.02708
-2.355684e-07	-0.02757
-2.335684e-07	-0.02659
-2.315684e-07	-0.02953
-2.295684e-07	-0.02659
-2.275684e-07	-0.02561
-2.255684e-07	-0.02659
-2.235684e-07	-0.02953
-2.215684e-07	-0.02757
-2.195684e-07	-0.02806
-2.175684e-07	-0.02904
-2.155684e-07	-0.03002
-2.135684e-07	-0.02708
-2.115684e-07	-0.02855
-2.095684e-07	-0.02659
-2.075684e-07	-0.03002
-2.055684e-07	-0.03002
-2.035684e-07	-0.0261
-2.015684e-07	-0.02806
-1.995684e-07	-0.03198
-1.975684e-07	-0.02855
-1.955684e-07	-0.02757
-1.935684e-07	-0.03051
-1.915684e-07	-0.031
-1.895684e-07	-0.02757
-1.875684e-07	-0.02855
-1.855684e-07	-0.02904
-1.835684e-07	-0.03149
-1.815684e-07	-0.02855
-1.795684e-07	-0.02953
-1.775684e-07	-0.02855
-1.755684e-07	-0.03149
-1.735684e-07	-0.02953
-1.715684e-07	-0.02904
-1.695684e-07	-0.02953
-1.675684e-07	-0.0261
-1.655684e-07	-0.02463
-1.635684e-07	-0.02659
-1.615684e-07	-0.0261
-1.595684e-07	-0.02806
-1.575684e-07	-0.02659
-1.555684e-07	-0.02757
-1.535684e-07	-0.02561
-1.515684e-07	-0.02904
-1.495684e-07	-0.02757
-1.475684e-07	-0.0261
-1.455684e-07	-0.02512
-1.435684e-07	-0.02855
-1.415684e-07	-0.0261
-1.395684e-07	-0.02708
-1.375684e-07	-0.02659
-1.355684e-07	-0.02855
-1.335684e-07	-0.02708
-1.315684e-07	-0.0261
-1.295684e-07	-0.02463
-1.275684e-07	-0.02904
-1.255684e-07	-0.0261
-1.235684e-07	-0.02659
-1.215684e-07	-0.02757
-1.195684e-07	-0.02806
-1.175684e-07	-0.0261
-1.155684e-07	-0.02708
-1.135684e-07	-0.02463
-1.115684e-07	-0.02904
-1.095684e-07	-0.02757
-1.075684e-07	-0.02757
-1.055684e-07	-0.02659
-1.035684e-07	-0.02757
-1.015684e-07	-0.02757
-9.956841e-08	-0.02708
-9.756841e-08	-0.02512
-9.556841e-08	-0.02757
-9.356841e-08	-0.02659
-9.156841e-08	-0.02953
-8.956841e-08	-0.02904
-8.756841e-08	-0.02953
-8.556841e-08	-0.02708
-8.356841e-08	-0.0261
-8.156841e-08	-0.02512
-7.956841e-08	-0.03198
-7.756841e-08	-0.02561
-7.556841e-08	-0.02855
-7.356841e-08	-0.02708
-7.156841e-08	-0.02855
-6.956841e-08	-0.02806
-6.756841e-08	-0.02855
-6.556841e-08	-0.02512
-6.356841e-08	-0.02904
-6.156841e-08	-0.02561
-5.956841e-08	-0.02757
-5.756841e-08	-0.02659
-5.556841e-08	-0.03051
-5.356841e-08	-0.03051
-5.156841e-08	-0.02708
-4.956841e-08	-0.02659
-4.756841e-08	-0.03002
-4.556841e-08	-0.03002
-4.356841e-08	-0.02806
-4.156841e-08	-0.02855
-3.956841e-08	-0.02953
-3.756841e-08	-0.02806
-3.556841e-08	-0.02953
-3.356841e-08	-0.0261
-3.156841e-08	-0.02904
-2.956841e-08	-0.02708
-2.756841e-08	-0.02659
-2.556841e-08	-0.02806
-2.356841e-08	-0.02806
-2.156841e-08	-0.02561
-1.956841e-08	-0.02708
-1.756841e-08	-0.0261
-1.556841e-08	-0.02904
-1.356841e-08	-0.02659
-1.156841e-08	-0.02953
-9.56841e-09	-0.0261
-7.56841e-09	-0.03051
-5.56841e-09	-0.02806
-3.56841e-09	-0.02708
-1.56841e-09	-0.0261
4.3159e-10	-0.03002
2.43159e-09	-0.02904
4.43159e-09	-0.02708
6.43159e-09	-0.02806
8.43159e-09	-0.03149
1.043159e-08	-0.02757
1.243159e-08	-0.03051
1.443159e-08	-0.03002
1.643159e-08	-0.03345
1.843159e-08	-0.02757
2.043159e-08	-0.02806
2.243159e-08	-0.02953
2.443159e-08	-0.03051
2.643159e-08	-0.02953
2.843159e-08	-0.03051
3.043159e-08	-0.03002
3.243159e-08	-0.03247
3.443159e-08	-0.031
3.643159e-08	-0.03002
3.843159e-08	-0.02904
4.043159e-08	-0.03149
4.243159e-08	-0.02855
4.443159e-08	-0.02904
4.643159e-08	-0.02953
4.843159e-08	-0.03149
5.043159e-08	-0.02757
5.243159e-08	-0.02855
5.443159e-08	-0.0261
5.643159e-08	-0.03149
5.843159e-08	-0.02953
6.043159e-08	-0.03002
6.243159e-08	-0.0261
6.443159e-08	-0.03247
6.643159e-08	-0.02806
6.843159e-08	-0.02659
7.043159e-08	-0.02757
7.243159e-08	-0.02806
7.443159e-08	-0.02463
7.643159e-08	-0.02659
7.843159e-08	-0.02806
8.043159e-08	-0.03002
8.243159e-08	-0.02708
8.443159e-08	-0.0261
8.643159e-08	-0.02512
8.843159e-08	-0.02659
9.043159e-08	-0.02757
9.243159e-08	-0.0261
9.443159e-08	-0.02659
9.643159e-08	-0.0261
9.843159e-08	-0.02463
1.004316e-07	-0.02414
1.024316e-07	-0.0261
1.044316e-07	-0.02904
1.064316e-07	-0.02463
1.084316e-07	-0.02708
1.104316e-07	-0.03002
1.124316e-07	-0.031
1.144316e-07	-0.02365
1.164316e-07	-0.02757
1.184316e-07	-0.02806
1.204316e-07	-0.03002
1.224316e-07	-0.02904
1.244316e-07	-0.02708
1.264316e-07	-0.02463
1.284316e-07	-0.02267
1.304316e-07	-0.01483
1.324316e-07	-0.00062
1.344316e-07	0.02927
1.364316e-07	0.07925
1.384316e-07	0.15814
1.404316e-07	0.26643
1.424316e-07	0.39726
1.444316e-07	0.5276
1.464316e-07	0.66823
1.484316e-07	0.80543
1.504316e-07	0.9392
1.524316e-07	1.06268
1.544316e-07	1.17195
1.564316e-07	1.24251
1.584316e-07	1.29298
1.604316e-07	1.32042
1.624316e-07	1.35815
1.644316e-07	1.37971
1.664316e-07	1.40078
1.684316e-07	1.41646
1.704316e-07	1.43361
1.724316e-07	1.439
1.744316e-07	1.45419
1.764316e-07	1.46007
1.784316e-07	1.47183
1.804316e-07	1.4733
1.824316e-07	1.48261
1.844316e-07	1.48849
1.864316e-07	1.49731
1.884316e-07	1.50074
1.904316e-07	1.50711
1.924316e-07	1.51201
1.944316e-07	1.51642
1.964316e-07	1.51985
1.984316e-07	1.52279
2.004316e-07	1.52328
2.024316e-07	1.53602
2.044316e-07	1.53406
2.064316e-07	1.53847
2.084316e-07	1.53896
2.104316e-07	1.54729
2.124316e-07	1.5468
2.144316e-07	1.54925
2.164316e-07	1.54729
2.184316e-07	1.55464
2.204316e-07	1.55366
2.224316e-07	1.55709
2.244316e-07	1.55758
2.264316e-07	1.56248
2.284316e-07	1.56591
2.304316e-07	1.56542
2.324316e-07	1.56885
2.344316e-07	1.57228
2.364316e-07	1.57228
2.384316e-07	1.57473
2.404316e-07	1.56983
2.424316e-07	1.57718
2.444316e-07	1.57228
2.464316e-07	1.56689
2.484316e-07	1.55856
2.504316e-07	1.54729
2.524316e-07	1.53308
2.544316e-07	1.51397
2.564316e-07	1.4684
2.584316e-07	1.37726
2.604316e-07	1.31895
2.624316e-07	1.26995
2.644316e-07	1.22781
2.664316e-07	1.19008
2.684316e-07	1.15186
2.704316e-07	1.11756
2.724316e-07	1.08179
2.744316e-07	1.04798
2.764316e-07	1.01319
2.784316e-07	0.98575
2.804316e-07	0.95488
2.824316e-07	0.92254
2.844316e-07	0.89314
2.864316e-07	0.8706
2.884316e-07	0.84218
2.904316e-07	0.81964
2.924316e-07	0.79171
2.944316e-07	0.77309
2.964316e-07	0.74712
2.984316e-07	0.72605
3.004316e-07	0.70449
3.024316e-07	0.68685
3.044316e-07	0.66627
3.064316e-07	0.64618
3.084316e-07	0.62707
3.104316e-07	0.6158
3.124316e-07	0.59277
3.144316e-07	0.57758
3.164316e-07	0.5619
3.184316e-07	0.54867
3.204316e-07	0.52907
3.224316e-07	0.51829
3.244316e-07	0.50114
3.264316e-07	0.49183
3.284316e-07	0.47713
3.304316e-07	0.46243
3.324316e-07	0.45067
3.344316e-07	0.44087
3.364316e-07	0.42715
3.384316e-07	0.41735
3.404316e-07	0.40755
3.424316e-07	0.39726
3.444316e-07	0.38305
3.464316e-07	0.3757
3.484316e-07	0.3659
3.504316e-07	0.36051
3.524316e-07	0.34287
3.544316e-07	0.33846
3.564316e-07	0.32621
3.584316e-07	0.32278
3.604316e-07	0.30906
3.624316e-07	0.30416
3.644316e-07	0.29289
3.664316e-07	0.28946
3.684316e-07	0.28015
3.704316e-07	0.27672
3.724316e-07	0.26594
3.744316e-07	0.26349
3.764316e-07	0.25614
3.784316e-07	0.25173
3.804316e-07	0.24193
3.824316e-07	0.23752
3.844316e-07	0.23164
3.864316e-07	0.22576
3.884316e-07	0.2189
3.904316e-07	0.21253
3.924316e-07	0.20763
3.944316e-07	0.20175
3.964316e-07	0.19685
3.984316e-07	0.19538
4.004316e-07	0.18705
4.024316e-07	0.18313
4.044316e-07	0.17872
4.064316e-07	0.17627
4.084316e-07	0.16941
4.104316e-07	0.16843
4.124316e-07	0.16304
4.144316e-07	0.15912
4.164316e-07	0.15079
4.184316e-07	0.15373
4.204316e-07	0.14736
4.224316e-07	0.14785
4.244316e-07	0.14001
4.264316e-07	0.13707
4.284316e-07	0.13021
4.304316e-07	0.13266
4.324316e-07	0.12678
4.344316e-07	0.12678
4.364316e-07	0.11943
4.384316e-07	0.12188
4.404316e-07	0.11208
4.424316e-07	0.11257
4.444316e-07	0.10816
4.464316e-07	0.10718
4.484316e-07	0.1013
4.504316e-07	0.1013
4.524316e-07	0.10081
4.544316e-07	0.0964
4.564316e-07	0.09052
4.584316e-07	0.09101
4.604316e-07	0.08709
4.624316e-07	0.0866
4.644316e-07	0.08268
4.664316e-07	0.08219
4.684316e-07	0.07778
4.704316e-07	0.0768
4.724316e-07	0.07337
4.744316e-07	0.07092
4.764316e-07	0.06847
4.784316e-07	0.06847
4.804316e-07	0.06406
4.824316e-07	0.06161
4.844316e-07	0.06063
4.864316e-07	0.06161
4.884316e-07	0.05769
4.904316e-07	0.05769
4.924316e-07	0.0523
4.944316e-07	0.05377
4.964316e-07	0.05132
4.984316e-07	0.04789
5.004316e-07	0.04544
5.024316e-07	0.04593
5.044316e-07	0.04348
5.064316e-07	0.03809
5.084316e-07	0.03858
5.104316e-07	0.03809
5.124316e-07	0.03368
5.144316e-07	0.03662
5.164316e-07	0.03613
5.184316e-07	0.03466
5.204316e-07	0.02976
5.224316e-07	0.02829
5.244316e-07	0.02976
5.264316e-07	0.03172
5.284316e-07	0.0278
5.304316e-07	0.02535
5.324316e-07	0.02241
5.344316e-07	0.02388
5.364316e-07	0.02045
5.384316e-07	0.01947
5.404316e-07	0.018
5.424316e-07	0.01947
5.444316e-07	0.01751
5.464316e-07	0.01849
5.484316e-07	0.01947
5.504316e-07	0.01506
5.524316e-07	0.01261
5.544316e-07	0.01114
5.564316e-07	0.0131
5.584316e-07	0.01212
5.604316e-07	0.00918
5.624316e-07	0.01212
5.644316e-07	0.00869
5.664316e-07	0.00722
5.684316e-07	0.00477
5.704316e-07	0.0082
5.724316e-07	0.00428
5.744316e-07	0.00624
5.764316e-07	0.00281
5.784316e-07	0.00428
5.804316e-07	-0.00013
5.824316e-07	0.00379
5.844316e-07	-0.00503
5.864316e-07	0.00036
5.884316e-07	-0.00209
5.904316e-07	-0.00062
5.924316e-07	-0.00209
5.944316e-07	-0.00405
5.964316e-07	-0.00454
5.984316e-07	0.00036
6.004316e-07	-0.0065
6.024316e-07	-0.00307
6.044316e-07	-0.00454
6.064316e-07	-0.00454
6.084316e-07	-0.00895
6.104316e-07	-0.00503
6.124316e-07	-0.00699
6.144316e-07	-0.00846
6.164316e-07	-0.00895
6.184316e-07	-0.00846
6.204316e-07	-0.00846
6.224316e-07	-0.00895
6.244316e-07	-0.01091
6.264316e-07	-0.00993
6.284316e-07	-0.01287
6.304316e-07	-0.00993
6.324316e-07	-0.01336
6.344316e-07	-0.0114
6.364316e-07	-0.01336
6.384316e-07	-0.01042
6.404316e-07	-0.01189
6.424316e-07	-0.00944
6.444316e-07	-0.01238
6.464316e-07	-0.00993
6.484316e-07	-0.01483
6.504316e-07	-0.01189
6.524316e-07	-0.01483
6.544316e-07	-0.01091
6.564316e-07	-0.01434
6.584316e-07	-0.01287
6.604316e-07	-0.01728
6.624316e-07	-0.01385
6.644316e-07	-0.01483
6.664316e-07	-0.01287
6.684316e-07	-0.01385
6.704316e-07	-0.01189
6.724316e-07	-0.01434
6.744316e-07	-0.01238
6.764316e-07	-0.01532
6.784316e-07	-0.0114
6.804316e-07	-0.01434
6.824316e-07	-0.01434
6.844316e-07	-0.01238
6.864316e-07	-0.01434
6.884316e-07	-0.01483
6.904316e-07	-0.01532
6.924316e-07	-0.01385
6.944316e-07	-0.01483
6.964316e-07	-0.0163
6.984316e-07	-0.01581
7.004316e-07	-0.01385
7.024316e-07	-0.01434
7.044316e-07	-0.0163
7.064316e-07	-0.01336
7.084316e-07	-0.01826
7.104316e-07	-0.01434
7.124316e-07	-0.01777
7.144316e-07	-0.0163
7.164316e-07	-0.0163
7.184316e-07	-0.01483
7.204316e-07	-0.01826
7.224316e-07	-0.0163
7.244316e-07	-0.0163
7.264316e-07	-0.0163
7.284316e-07	-0.01875
7.304316e-07	-0.01826
7.324316e-07	-0.01826
7.344316e-07	-0.01875
7.364316e-07	-0.01973
7.384316e-07	-0.02071
7.404316e-07	-0.02071
7.424316e-07	-0.01679
7.444316e-07	-0.01924
7.464316e-07	-0.01728
7.484316e-07	-0.01826
7.504316e-07	-0.01875
7.524316e-07	-0.01826
7.544316e-07	-0.01826
7.564316e-07	-0.01826
7.584316e-07	-0.01777
7.604316e-07	-0.01973
7.624316e-07	-0.01777
7.644316e-07	-0.01875
7.664316e-07	-0.01826
7.684316e-07	-0.02218
7.704316e-07	-0.01924
7.724316e-07	-0.01924
7.744316e-07	-0.01875
7.764316e-07	-0.02267
7.784316e-07	-0.01875
7.804316e-07	-0.02022
7.824316e-07	-0.01875
7.844316e-07	-0.02316
7.864316e-07	-0.02365
7.884316e-07	-0.02022
7.904316e-07	-0.01973
7.924316e-07	-0.02071
7.944316e-07	-0.01973
7.964316e-07	-0.0212
7.984316e-07	-0.01777
8.004316e-07	-0.02022
8.024316e-07	-0.02169
8.044316e-07	-0.02463
8.064316e-07	-0.02169
8.084316e-07	-0.02267
8.104316e-07	-0.01777
8.124316e-07	-0.02169
8.144316e-07	-0.02022
8.164316e-07	-0.02316
8.184316e-07	-0.02022
8.204316e-07	-0.02267
8.224316e-07	-0.01924
8.244316e-07	-0.02512
8.264316e-07	-0.02022
8.284316e-07	-0.02414
8.304316e-07	-0.02169
8.324316e-07	-0.02316
8.344316e-07	-0.02071
8.364316e-07	-0.02267
8.384316e-07	-0.02463
8.404316e-07	-0.02365
8.424316e-07	-0.02463
8.444316e-07	-0.02316
8.464316e-07	-0.0212
8.484316e-07	-0.02365
8.504316e-07	-0.0212
8.524316e-07	-0.02561
8.544316e-07	-0.02414
8.564316e-07	-0.02512
8.584316e-07	-0.02267
8.604316e-07	-0.02414
8.624316e-07	-0.02316
8.644316e-07	-0.02561
8.664316e-07	-0.02316
8.684316e-07	-0.02512
8.704316e-07	-0.02169
8.724316e-07	-0.02463
8.744316e-07	-0.02316
8.764316e-07	-0.02365
8.784316e-07	-0.02414
8.804316e-07	-0.02267
8.824316e-07	-0.02316
8.844316e-07	-0.02071
8.864316e-07	-0.02267
8.884316e-07	-0.02463
8.904316e-07	-0.02071
8.924316e-07	-0.02414
8.944316e-07	-0.02463
8.964316e-07	-0.02512
8.984316e-07	-0.02316
9.004316e-07	-0.02218
9.024316e-07	-0.02071
9.044316e-07	-0.02561
9.064316e-07	-0.02218
9.084316e-07	-0.02365
9.104316e-07	-0.02365
9.124316e-07	-0.02561
9.144316e-07	-0.0212
9.164316e-07	-0.02463
9.184316e-07	-0.02267
9.204316e-07	-0.02757
9.224316e-07	-0.0212
9.244316e-07	-0.02267
9.264316e-07	-0.02071
9.284316e-07	-0.02659
9.304316e-07	-0.02169
9.324316e-07	-0.02463
9.344316e-07	-0.02414
9.364316e-07	-0.02855
9.384316e-07	-0.02316
9.404316e-07	-0.02414
9.424316e-07	-0.02267
9.444316e-07	-0.02512
9.464316e-07	-0.02561
9.484316e-07	-0.02267
9.504316e-07	-0.02316
9.524316e-07	-0.02512
9.544316e-07	-0.02512
9.564316e-07	-0.02512
9.584316e-07	-0.02414
9.604316e-07	-0.03002
9.624316e-07	-0.02267
9.644316e-07	-0.0261
9.664316e-07	-0.02365
9.684316e-07	-0.02561
9.704316e-07	-0.02365
9.724316e-07	-0.02463
9.744316e-07	-0.02463
9.764316e-07	-0.02757
9.784316e-07	-0.02512
9.804316e-07	-0.02659
9.824316e-07	-0.02659
9.844316e-07	-0.03002
9.864316e-07	-0.0261
9.884316e-07	-0.0261
9.904316e-07	-0.02414
9.924316e-07	-0.0261
9.944316e-07	-0.02463
9.964316e-07	-0.02561
9.984316e-07	-0.02463
1.000432e-06	-0.02855
1.002432e-06	-0.02561
1.004432e-06	-0.02757
1.006432e-06	-0.0261
1.008432e-06	-0.03296
1.010432e-06	-0.02659
1.012432e-06	-0.02512
1.014432e-06	-0.02708
1.016432e-06	-0.02953
1.018432e-06	-0.02659
1.020432e-06	-0.02659
1.022432e-06	-0.0261
1.024432e-06	-0.02855
1.026432e-06	-0.02708
1.028432e-06	-0.02855
1.030432e-06	-0.02463
1.032432e-06	-0.02904
1.034432e-06	-0.02561
1.036432e-06	-0.02806
1.038432e-06	-0.02463
1.040432e-06	-0.02757
1.042432e-06	-0.02659
1.044432e-06	-0.02561
1.046432e-06	-0.02463
1.048432e-06	-0.03002
1.050432e-06	-0.02414
1.052432e-06	-0.02806
1.054432e-06	-0.0261
1.056432e-06	-0.031
1.058432e-06	-0.02561
1.060432e-06	-0.02757
1.062432e-06	-0.02757
1.064432e-06	-0.02806
1.066432e-06	-0.02561
1.068432e-06	-0.02659
1.070432e-06	-0.02855
1.072432e-06	-0.02806
1.074432e-06	-0.02218
1.076432e-06	-0.02561
1.078432e-06	-0.02365
1.080432e-06	-0.0261
1.082432e-06	-0.02267
1.084432e-06	-0.02561
1.086432e-06	-0.02316
1.088432e-06	-0.02708
1.090432e-06	-0.02316
1.092432e-06	-0.02512
1.094432e-06	-0.02463
1.096432e-06	-0.02659
1.098432e-06	-0.02365
1.100432e-06	-0.02561
1.102432e-06	-0.02561
1.104432e-06	-0.02708
1.106432e-06	-0.02561
1.108432e-06	-0.02757
1.110432e-06	-0.02512
1.112432e-06	-0.02659
1.114432e-06	-0.02414
1.116432e-06	-0.02659
1.118432e-06	-0.02463
1.120432e-06	-0.02855
1.122432e-06	-0.02806
1.124432e-06	-0.02904
1.126432e-06	-0.02561
1.128432e-06	-0.02855
1.130432e-06	-0.02512
1.132432e-06	-0.02806
1.134432e-06	-0.02414
1.136432e-06	-0.02757
1.138432e-06	-0.02561
1.140432e-06	-0.02708
1.142432e-06	-0.02561
1.144432e-06	-0.03002
1.146432e-06	-0.02316
1.148432e-06	-0.02561
1.150432e-06	-0.02512
1.152432e-06	-0.02659
1.154432e-06	-0.02512
1.156432e-06	-0.02512
1.158432e-06	-0.02561
1.160432e-06	-0.0261
1.162432e-06	-0.02512
1.164432e-06	-0.02708
1.166432e-06	-0.02659
1.168432e-06	-0.02904
1.170432e-06	-0.02512
1.172432e-06	-0.02806
1.174432e-06	-0.02463
1.176432e-06	-0.031
1.178432e-06	-0.0261
1.180432e-06	-0.02561
1.182432e-06	-0.02708
1.184432e-06	-0.02757
1.186432e-06	-0.02267
1.188432e-06	-0.0261
1.190432e-06	-0.0261
1.192432e-06	-0.03051
1.194432e-06	-0.02659
1.196432e-06	-0.02463
1.198432e-06	-0.02659
1.200432e-06	-0.03002
1.202432e-06	-0.02512
1.204432e-06	-0.02806
1.206432e-06	-0.02855
1.208432e-06	-0.02757
1.210432e-06	-0.02463
1.212432e-06	-0.02708
1.214432e-06	-0.02953
1.216432e-06	-0.03002
1.218432e-06	-0.02414
1.220432e-06	-0.02757
1.222432e-06	-0.02659
1.224432e-06	-0.02757
1.226432e-06	-0.02659
1.228432e-06	-0.02561
1.230432e-06	-0.02512
1.232432e-06	-0.02659
1.234432e-06	-0.02414
1.236432e-06	-0.02561
1.238432e-06	-0.02463
1.240432e-06	-0.02757
1.242432e-06	-0.0261
1.244432e-06	-0.02414
1.246432e-06	-0.02365
1.248432e-06	-0.02757
1.250432e-06	-0.02365
1.252432e-06	-0.02316
1.254432e-06	-0.02708
1.256432e-06	-0.02757
1.258432e-06	-0.02708
1.260432e-06	-0.02414
1.262432e-06	-0.02414
1.264432e-06	-0.02659
1.266432e-06	-0.02463
1.268432e-06	-0.02414
1.270432e-06	-0.02463
1.272432e-06	-0.02659
1.274432e-06	-0.02463
1.276432e-06	-0.02365
1.278432e-06	-0.02512
1.280432e-06	-0.02806
1.282432e-06	-0.02414
1.284432e-06	-0.02512
1.286432e-06	-0.02169
1.288432e-06	-0.02806
1.290432e-06	-0.02169
1.292432e-06	-0.02806
1.294432e-06	-0.02414
1.296432e-06	-0.02561
1.298432e-06	-0.02561
1.300432e-06	-0.02512
1.302432e-06	-0.02512
1.304432e-06	-0.02806
1.306432e-06	-0.02659
1.308432e-06	-0.02316
1.310432e-06	-0.02561
1.312432e-06	-0.02561
1.314432e-06	-0.02414
1.316432e-06	-0.02659
1.318432e-06	-0.02512
1.320432e-06	-0.031
1.322432e-06	-0.02561
1.324432e-06	-0.02855
1.326432e-06	-0.0261
1.328432e-06	-0.02757
1.330432e-06	-0.02414
1.332432e-06	-0.02757
1.334432e-06	-0.02463
1.336432e-06	-0.02806
1.338432e-06	-0.02561
1.340432e-06	-0.02708
1.342432e-06	-0.02463
1.344432e-06	-0.02953
1.346432e-06	-0.02414
1.348432e-06	-0.02855
1.350432e-06	-0.02659
1.352432e-06	-0.031
1.354432e-06	-0.02561
1.356432e-06	-0.02757
1.358432e-06	-0.02855
1.360432e-06	-0.03002
1.362432e-06	-0.02561
1.364432e-06	-0.02708
1.366432e-06	-0.02512
1.368432e-06	-0.02953
1.370432e-06	-0.02561
1.372432e-06	-0.03002
1.374432e-06	-0.02904
1.376432e-06	-0.031
1.378432e-06	-0.02855
1.380432e-06	-0.03247
1.382432e-06	-0.02904
1.384432e-06	-0.02904
1.386432e-06	-0.02708
1.388432e-06	-0.02904
1.390432e-06	-0.0261
1.392432e-06	-0.03051
1.394432e-06	-0.0261
1.396432e-06	-0.02806
1.398432e-06	-0.02953
1.400432e-06	-0.02855
1.402432e-06	-0.02659
1.404432e-06	-0.02806
1.406432e-06	-0.0261
1.408432e-06	-0.031
1.410432e-06	-0.02953
1.412432e-06	-0.03002
1.414432e-06	-0.02757
1.416432e-06	-0.02855
1.418432e-06	-0.02806
1.420432e-06	-0.02904
1.422432e-06	-0.02904
1.424432e-06	-0.03149
1.426432e-06	-0.02855
1.428432e-06	-0.03002
1.430432e-06	-0.03198
1.432432e-06	-0.031
1.434432e-06	-0.02855
1.436432e-06	-0.02757
1.438432e-06	-0.03149
1.440432e-06	-0.03051
1.442432e-06	-0.03149
1.444432e-06	-0.031
1.446432e-06	-0.03149
1.448432e-06	-0.03394
1.450432e-06	-0.03296
1.452432e-06	-0.03149
1.454432e-06	-0.03198
1.456432e-06	-0.03394
1.458432e-06	-0.02806
1.460432e-06	-0.031
1.462432e-06	-0.03149
1.464432e-06	-0.03541
1.466432e-06	-0.03247
1.468432e-06	-0.03149
1.470432e-06	-0.03051
1.472432e-06	-0.03394
1.474432e-06	-0.03247
1.476432e-06	-0.031
1.478432e-06	-0.03247
1.480432e-06	-0.03296
1.482432e-06	-0.03002
1.484432e-06	-0.031
1.486432e-06	-0.031
1.488432e-06	-0.03051
1.490432e-06	-0.02953
1.492432e-06	-0.02806
1.494432e-06	-0.02904
1.496432e-06	-0.03443
1.498432e-06	-0.031
1.500432e-06	-0.02953
1.502432e-06	-0.02806
1.504432e-06	-0.03198
1.506432e-06	-0.03198
1.508432e-06	-0.031
1.510432e-06	-0.02806
1.512432e-06	-0.03198
1.514432e-06	-0.02855
1.516432e-06	-0.02757
1.518432e-06	-0.02855
1.520432e-06	-0.02806
1.522432e-06	-0.02659
1.524432e-06	-0.02806
1.526432e-06	-0.02708
1.528432e-06	-0.03198
1.530432e-06	-0.02561
1.532432e-06	-0.02806
1.534432e-06	-0.02561
1.536432e-06	-0.03051
1.538432e-06	-0.0261
1.540432e-06	-0.0261
1.542432e-06	-0.02561
1.544432e-06	-0.02708
1.546432e-06	-0.0261
1.548432e-06	-0.02757
1.550432e-06	-0.02855
1.552432e-06	-0.03149
1.554432e-06	-0.02806
1.556432e-06	-0.03002
1.558432e-06	-0.02659
1.560432e-06	-0.02757
1.562432e-06	-0.02806
1.564432e-06	-0.03002
1.566432e-06	-0.02806
1.568432e-06	-0.0261
1.570432e-06	-0.02757
1.572432e-06	-0.02904
1.574432e-06	-0.02659
1.576432e-06	-0.03149
1.578432e-06	-0.02561
1.580432e-06	-0.02561
1.582432e-06	-0.02708
1.584432e-06	-0.03296
1.586432e-06	-0.02757
1.588432e-06	-0.02659
1.590432e-06	-0.02463
1.592432e-06	-0.02806
1.594432e-06	-0.02757
1.596432e-06	-0.02708
1.598432e-06	-0.02806
1.600432e-06	-0.03051
1.602432e-06	-0.02806
1.604432e-06	-0.02561
1.606432e-06	-0.02659
1.608432e-06	-0.031
1.610432e-06	-0.02659
1.612432e-06	-0.02757
1.614432e-06	-0.02708
1.616432e-06	-0.02953
1.618432e-06	-0.02806
1.620432e-06	-0.02757
1.622432e-06	-0.02561
1.624432e-06	-0.02855
1.626432e-06	-0.02659
1.628432e-06	-0.02757
1.630432e-06	-0.02561
1.632432e-06	-0.02659
1.634432e-06	-0.0261
1.636432e-06	-0.02414
1.638432e-06	-0.02414
1.640432e-06	-0.02708
1.642432e-06	-0.02708
1.644432e-06	-0.0261
1.646432e-06	-0.02267
1.648432e-06	-0.02806
1.650432e-06	-0.02463
1.652432e-06	-0.02659
1.654432e-06	-0.02659
1.656432e-06	-0.02855
1.658432e-06	-0.02512
1.660432e-06	-0.02757
1.662432e-06	-0.02659
1.664432e-06	-0.02708
1.666432e-06	-0.02316
1.668432e-06	-0.0261
1.670432e-06	-0.02463
1.672432e-06	-0.02561
1.674432e-06	-0.02365
1.676432e-06	-0.02414
1.678432e-06	-0.02218
1.680432e-06	-0.02953
1.682432e-06	-0.02708
1.684432e-06	-0.0261
1.686432e-06	-0.02365
1.688432e-06	-0.02806
1.690432e-06	-0.0261
1.692432e-06	-0.02708
1.694432e-06	-0.02512
1.696432e-06	-0.02953
1.698432e-06	-0.0261
1.700432e-06	-0.02365
1.702432e-06	-0.02561
1.704432e-06	-0.02708
1.706432e-06	-0.02659
1.708432e-06	-0.0261
1.710432e-06	-0.02904
1.712432e-06	-0.02659
1.714432e-06	-0.0261
1.716432e-06	-0.02659
1.718432e-06	-0.02659
1.720432e-06	-0.02414
1.722432e-06	-0.02414
1.724432e-06	-0.02904
1.726432e-06	-0.02757
1.728432e-06	-0.02904
1.730432e-06	-0.02512
1.732432e-06	-0.02904
1.734432e-06	-0.02708
1.736432e-06	-0.02855
1.738432e-06	-0.02757
1.740432e-06	-0.02757
1.742432e-06	-0.0261
1.744432e-06	-0.02855
1.746432e-06	-0.02512
1.748432e-06	-0.02708
1.750432e-06	-0.02806
1.752432e-06	-0.02806
1.754432e-06	-0.02855
1.756432e-06	-0.02904
1.758432e-06	-0.02806
1.760432e-06	-0.02953
1.762432e-06	-0.0261
1.764432e-06	-0.02806
1.766432e-06	-0.02806
1.768432e-06	-0.03296
1.770432e-06	-0.03002
1.772432e-06	-0.03149
1.774432e-06	-0.03002
1.776432e-06	-0.03198
1.778432e-06	-0.02806
1.780432e-06	-0.03002
1.782432e-06	-0.02855
1.784432e-06	-0.03002
1.786432e-06	-0.031
1.788432e-06	-0.03198
1.790432e-06	-0.03149
1.792432e-06	-0.03198
1.794432e-06	-0.031
1.796432e-06	-0.031
1.798432e-06	-0.02855
1.800432e-06	-0.03345
1.802432e-06	-0.03149
1.804432e-06	-0.03443
1.806432e-06	-0.03198
1.808432e-06	-0.03345
1.810432e-06	-0.03247
1.812432e-06	-0.03149
1.814432e-06	-0.03051
1.816432e-06	-0.03394
1.818432e-06	-0.02904
1.820432e-06	-0.03149
1.822432e-06	-0.02953
1.824432e-06	-0.03443
1.826432e-06	-0.03051
1.828432e-06	-0.03002
1.830432e-06	-0.031
1.832432e-06	-0.03247
1.834432e-06	-0.03051
1.836432e-06	-0.03051
1.838432e-06	-0.03002
1.840432e-06	-0.03345
1.842432e-06	-0.02855
1.844432e-06	-0.02855
1.846432e-06	-0.02757
1.848432e-06	-0.03247
1.850432e-06	-0.03198
1.852432e-06	-0.03198
1.854432e-06	-0.02708
1.856432e-06	-0.03149
1.858432e-06	-0.02806
1.860432e-06	-0.02757
1.862432e-06	-0.02757
1.864432e-06	-0.03051
1.866432e-06	-0.02953
1.868432e-06	-0.02855
1.870432e-06	-0.03051
1.872432e-06	-0.03198
1.874432e-06	-0.02855
1.876432e-06	-0.02855
1.878432e-06	-0.03051
1.880432e-06	-0.03247
1.882432e-06	-0.02953
1.884432e-06	-0.03051
1.886432e-06	-0.03051
1.888432e-06	-0.031
1.890432e-06	-0.02806
1.892432e-06	-0.02904
1.894432e-06	-0.03149
1.896432e-06	-0.03247
1.898432e-06	-0.03002
1.900432e-06	-0.03051
1.902432e-06	-0.03149
1.904432e-06	-0.03247
1.906432e-06	-0.03002
1.908432e-06	-0.02953
1.910432e-06	-0.03149
1.912432e-06	-0.0359
1.914432e-06	-0.03051
1.916432e-06	-0.02953
1.918432e-06	-0.02953
1.920432e-06	-0.03149
1.922432e-06	-0.02904
1.924432e-06	-0.03002
1.926432e-06	-0.03149
1.928432e-06	-0.031
1.930432e-06	-0.02855
1.932432e-06	-0.02806
1.934432e-06	-0.031
1.936432e-06	-0.03247
1.938432e-06	-0.03051
1.940432e-06	-0.02806
1.942432e-06	-0.02904
1.944432e-06	-0.02659
1.946432e-06	-0.02757
1.948432e-06	-0.02757
1.950432e-06	-0.02806
1.952432e-06	-0.03051
1.954432e-06	-0.02806
1.956432e-06	-0.03002
1.958432e-06	-0.02708
1.960432e-06	-0.03051
1.962432e-06	-0.02855
1.964432e-06	-0.02708
1.966432e-06	-0.02708
1.968432e-06	-0.03002
1.970432e-06	-0.02708
1.972432e-06	-0.02757
1.974432e-06	-0.02659
1.976432e-06	-0.02953
1.978432e-06	-0.02561
1.980432e-06	-0.02855
1.982432e-06	-0.02659
1.984432e-06	-0.031
1.986432e-06	-0.02659
1.988432e-06	-0.02855
1.990432e-06	-0.02806
1.992432e-06	-0.02659
1.994432e-06	-0.02953
1.996432e-06	-0.0261
1.998432e-06	-0.0261
2.000432e-06	-0.02904
2.002432e-06	-0.02757
2.004432e-06	-0.02659
2.006432e-06	-0.02757
2.008432e-06	-0.03002
2.010432e-06	-0.02806
2.012432e-06	-0.02512
2.014432e-06	-0.02708
2.016432e-06	-0.02757
2.018432e-06	-0.02855
2.020432e-06	-0.02708
2.022432e-06	-0.02561
2.024432e-06	-0.02757
2.026432e-06	-0.02218
2.028432e-06	-0.02267
2.030432e-06	-0.02561
2.032432e-06	-0.02512
2.034432e-06	-0.02757
2.036432e-06	-0.02659
2.038432e-06	-0.02512
2.040432e-06	-0.02757
2.042432e-06	-0.02659
2.044432e-06	-0.02659
2.046432e-06	-0.02855
2.048432e-06	-0.02806
2.050432e-06	-0.02855
2.052432e-06	-0.02806
2.054432e-06	-0.02414
2.056432e-06	-0.03002
2.058432e-06	-0.02806
2.060432e-06	-0.02855
2.062432e-06	-0.02855
2.064432e-06	-0.02757
2.066432e-06	-0.02806
2.068432e-06	-0.0212
2.070432e-06	-0.02316
2.072432e-06	-0.02953
2.074432e-06	-0.02757
2.076432e-06	-0.02365
2.078432e-06	-0.02659
2.080432e-06	-0.02708
2.082432e-06	-0.02463
2.084432e-06	-0.02463
2.086432e-06	-0.02414
2.088432e-06	-0.0261
2.090432e-06	-0.02218
2.092432e-06	-0.02659
2.094432e-06	-0.02561
2.096432e-06	-0.02659
2.098432e-06	-0.02316
2.100432e-06	-0.02463
2.102432e-06	-0.02855
2.104432e-06	-0.02806
2.106432e-06	-0.02512
2.108432e-06	-0.02855
2.110432e-06	-0.02757
2.112432e-06	-0.02806
2.114432e-06	-0.02708
2.116432e-06	-0.02561
2.118432e-06	-0.02463
2.120432e-06	-0.0261
2.122432e-06	-0.0261
2.124432e-06	-0.02904
2.126432e-06	-0.0261
2.128432e-06	-0.02708
2.130432e-06	-0.02316
2.132432e-06	-0.02708
2.134432e-06	-0.0261
2.136432e-06	-0.02806
2.138432e-06	-0.02267
2.140432e-06	-0.02463
2.142432e-06	-0.0261
2.144432e-06	-0.02561
2.146432e-06	-0.02365
2.148432e-06	-0.02708
2.150432e-06	-0.02708
2.152432e-06	-0.02806
2.154432e-06	-0.02512
2.156432e-06	-0.02414
2.158432e-06	-0.02267
2.160432e-06	-0.0261
2.162432e-06	-0.02365
2.164432e-06	-0.02561
2.166432e-06	-0.02512
2.168432e-06	-0.02267
2.170432e-06	-0.02365
2.172432e-06	-0.02561
2.174432e-06	-0.02463
2.176432e-06	-0.02659
2.178432e-06	-0.02365
2.180432e-06	-0.0261
2.182432e-06	-0.02267
2.184432e-06	-0.0261
2.186432e-06	-0.02365
2.188432e-06	-0.02512
2.190432e-06	-0.02267
2.192432e-06	-0.02806
2.194432e-06	-0.02561
2.196432e-06	-0.02512
2.198432e-06	-0.02316
2.200432e-06	-0.02414
2.202432e-06	-0.02708
2.204432e-06	-0.0261
2.206432e-06	-0.02267
2.208432e-06	-0.02659
2.210432e-06	-0.02561
2.212432e-06	-0.02365
2.214432e-06	-0.02414
2.216432e-06	-0.02855
2.218432e-06	-0.02316
2.220432e-06	-0.02218
2.222432e-06	-0.02218
2.224432e-06	-0.02659
2.226432e-06	-0.02463
2.228432e-06	-0.02512
2.230432e-06	-0.02463
2.232432e-06	-0.0261
2.234432e-06	-0.02267
2.236432e-06	-0.02659
2.238432e-06	-0.02316
2.240432e-06	-0.02414
2.242432e-06	-0.02463
2.244432e-06	-0.02267
2.246432e-06	-0.0212
2.248432e-06	-0.02512
2.250432e-06	-0.02316
2.252432e-06	-0.02512
2.254432e-06	-0.02267
2.256432e-06	-0.02512
2.258432e-06	-0.02463
2.260432e-06	-0.02169
2.262432e-06	-0.02316
2.264432e-06	-0.02365
2.266432e-06	-0.02316
2.268432e-06	-0.02365
2.270432e-06	-0.02512
2.272432e-06	-0.02414
2.274432e-06	-0.02267
2.276432e-06	-0.02708
2.278432e-06	-0.02561
2.280432e-06	-0.02463
2.282432e-06	-0.02561
2.284432e-06	-0.02316
2.286432e-06	-0.0212
2.288432e-06	-0.02512
2.290432e-06	-0.02169
2.292432e-06	-0.02414
2.294432e-06	-0.02316
2.296432e-06	-0.02512
2.298432e-06	-0.02463
2.300432e-06	-0.02267
2.302432e-06	-0.02316
2.304432e-06	-0.02561
2.306432e-06	-0.02218
2.308432e-06	-0.02218
2.310432e-06	-0.02316
2.312432e-06	-0.02463
2.314432e-06	-0.02267
2.316432e-06	-0.01826
2.318432e-06	-0.02022
2.320432e-06	-0.02365
2.322432e-06	-0.01973
2.324432e-06	-0.02169
2.326432e-06	-0.02169
2.328432e-06	-0.02561
2.330432e-06	-0.02365
2.332432e-06	-0.02512
2.334432e-06	-0.02365
2.336432e-06	-0.0261
2.338432e-06	-0.02414
2.340432e-06	-0.02561
2.342432e-06	-0.02218
2.344432e-06	-0.02512
2.346432e-06	-0.02267
2.348432e-06	-0.02414
2.350432e-06	-0.02365
2.352432e-06	-0.02659
2.354432e-06	-0.02267
2.356432e-06	-0.0261
2.358432e-06	-0.02512
2.360432e-06	-0.02512
2.362432e-06	-0.02365
2.364432e-06	-0.02512
2.366432e-06	-0.02365
2.368432e-06	-0.02365
2.370432e-06	-0.02512
2.372432e-06	-0.02414
2.374432e-06	-0.02267
2.376432e-06	-0.02218
2.378432e-06	-0.02316
2.380432e-06	-0.02316
2.382432e-06	-0.02267
2.384432e-06	-0.02365
2.386432e-06	-0.02218
2.388432e-06	-0.02218
2.390432e-06	-0.02169
2.392432e-06	-0.02512
2.394432e-06	-0.02218
2.396432e-06	-0.02169
2.398432e-06	-0.02365
2.400432e-06	-0.02512
2.402432e-06	-0.02022
2.404432e-06	-0.02218
2.406432e-06	-0.02267
2.408432e-06	-0.02659
2.410432e-06	-0.02512
2.412432e-06	-0.02463
2.414432e-06	-0.02365
2.416432e-06	-0.02904
2.418432e-06	-0.02463
2.420432e-06	-0.02414
2.422432e-06	-0.02463
2.424432e-06	-0.02757
2.426432e-06	-0.0261
2.428432e-06	-0.02512
2.430432e-06	-0.02512
2.432432e-06	-0.0261
2.434432e-06	-0.02316
2.436432e-06	-0.02708
2.438432e-06	-0.02561
2.440432e-06	-0.02806
2.442432e-06	-0.02512
2.444432e-06	-0.02855
2.446432e-06	-0.02463
2.448432e-06	-0.02659
2.450432e-06	-0.02512
2.452432e-06	-0.02414
2.454432e-06	-0.02463
2.456432e-06	-0.03002
2.458432e-06	-0.02316
2.460432e-06	-0.02561
2.462432e-06	-0.02708
2.464432e-06	-0.02855
2.466432e-06	-0.02512
2.468432e-06	-0.02512
2.470432e-06	-0.02659
2.472432e-06	-0.02561
2.474432e-06	-0.02659
2.476432e-06	-0.0261
2.478432e-06	-0.0261
2.480432e-06	-0.02757
2.482432e-06	-0.02316
2.484432e-06	-0.02904
2.486432e-06	-0.02806
2.488432e-06	-0.02659
2.490432e-06	-0.02414
2.492432e-06	-0.02414
2.494432e-06	-0.02463
2.496432e-06	-0.02953
2.498432e-06	-0.02708
2.500432e-06	-0.02659
