LECROYHDO6104A	50809	Waveform
Segments	1	SegmentSize	2502
Segment	TrigTime	TimeSinceSegment1
#1	19-Dec-2022 20:04:08	0                 
Time	Ampl
-2.500715e-06	-0.012134
-2.498715e-06	-0.012622
-2.496715e-06	-0.012744
-2.494715e-06	-0.0125
-2.492715e-06	-0.012622
-2.490715e-06	-0.012866
-2.488715e-06	-0.012622
-2.486715e-06	-0.012256
-2.484715e-06	-0.0125
-2.482715e-06	-0.012988
-2.480715e-06	-0.01311
-2.478715e-06	-0.013476
-2.476715e-06	-0.013598
-2.474715e-06	-0.013964
-2.472715e-06	-0.01372
-2.470715e-06	-0.013354
-2.468715e-06	-0.013964
-2.466715e-06	-0.014452
-2.464715e-06	-0.014452
-2.462715e-06	-0.015062
-2.460715e-06	-0.015428
-2.458715e-06	-0.015306
-2.456715e-06	-0.015794
-2.454715e-06	-0.01555
-2.452715e-06	-0.015916
-2.450715e-06	-0.01616
-2.448715e-06	-0.01616
-2.446715e-06	-0.016648
-2.444715e-06	-0.01677
-2.442715e-06	-0.016648
-2.440715e-06	-0.016404
-2.438715e-06	-0.01677
-2.436715e-06	-0.016648
-2.434715e-06	-0.01738
-2.432715e-06	-0.01738
-2.430715e-06	-0.017868
-2.428715e-06	-0.017746
-2.426715e-06	-0.01799
-2.424715e-06	-0.018112
-2.422715e-06	-0.01799
-2.420715e-06	-0.018234
-2.418715e-06	-0.018234
-2.416715e-06	-0.01799
-2.414715e-06	-0.018112
-2.412715e-06	-0.01799
-2.410715e-06	-0.01799
-2.408715e-06	-0.01799
-2.406715e-06	-0.01799
-2.404715e-06	-0.017624
-2.402715e-06	-0.01738
-2.400715e-06	-0.017624
-2.398715e-06	-0.017624
-2.396715e-06	-0.017136
-2.394715e-06	-0.017136
-2.392715e-06	-0.017746
-2.390715e-06	-0.01738
-2.388715e-06	-0.017258
-2.386715e-06	-0.016648
-2.384715e-06	-0.017136
-2.382715e-06	-0.01738
-2.380715e-06	-0.01677
-2.378715e-06	-0.01677
-2.376715e-06	-0.016282
-2.374715e-06	-0.017136
-2.372715e-06	-0.017014
-2.370715e-06	-0.017258
-2.368715e-06	-0.017258
-2.366715e-06	-0.017136
-2.364715e-06	-0.01738
-2.362715e-06	-0.017136
-2.360715e-06	-0.017014
-2.358715e-06	-0.016892
-2.356715e-06	-0.017014
-2.354715e-06	-0.01677
-2.352715e-06	-0.01677
-2.350715e-06	-0.01677
-2.348715e-06	-0.017136
-2.346715e-06	-0.01799
-2.344715e-06	-0.017624
-2.342715e-06	-0.017746
-2.340715e-06	-0.017868
-2.338715e-06	-0.017868
-2.336715e-06	-0.017746
-2.334715e-06	-0.017624
-2.332715e-06	-0.017624
-2.330715e-06	-0.018112
-2.328715e-06	-0.018112
-2.326715e-06	-0.018112
-2.324715e-06	-0.018478
-2.322715e-06	-0.018112
-2.320715e-06	-0.018478
-2.318715e-06	-0.01799
-2.316715e-06	-0.01738
-2.314715e-06	-0.018356
-2.312715e-06	-0.01799
-2.310715e-06	-0.0186
-2.308715e-06	-0.0186
-2.306715e-06	-0.0186
-2.304715e-06	-0.0186
-2.302715e-06	-0.019088
-2.300715e-06	-0.018844
-2.298715e-06	-0.018844
-2.296715e-06	-0.018966
-2.294715e-06	-0.01921
-2.292715e-06	-0.019088
-2.290715e-06	-0.019576
-2.288715e-06	-0.018478
-2.286715e-06	-0.018478
-2.284715e-06	-0.018722
-2.282715e-06	-0.018722
-2.280715e-06	-0.018966
-2.278715e-06	-0.018966
-2.276715e-06	-0.018966
-2.274715e-06	-0.0186
-2.272715e-06	-0.0186
-2.270715e-06	-0.018844
-2.268715e-06	-0.019332
-2.266715e-06	-0.019332
-2.264715e-06	-0.019698
-2.262715e-06	-0.020064
-2.260715e-06	-0.019942
-2.258715e-06	-0.020064
-2.256715e-06	-0.020186
-2.254715e-06	-0.020064
-2.252715e-06	-0.020186
-2.250715e-06	-0.020064
-2.248715e-06	-0.020064
-2.246715e-06	-0.020186
-2.244715e-06	-0.02043
-2.242715e-06	-0.020186
-2.240715e-06	-0.020552
-2.238715e-06	-0.020918
-2.236715e-06	-0.020674
-2.234715e-06	-0.020796
-2.232715e-06	-0.02104
-2.230715e-06	-0.021528
-2.228715e-06	-0.02165
-2.226715e-06	-0.02165
-2.224715e-06	-0.02165
-2.222715e-06	-0.021772
-2.220715e-06	-0.021528
-2.218715e-06	-0.022626
-2.216715e-06	-0.022138
-2.214715e-06	-0.022016
-2.212715e-06	-0.022138
-2.210715e-06	-0.022016
-2.208715e-06	-0.022016
-2.206715e-06	-0.02226
-2.204715e-06	-0.021894
-2.202715e-06	-0.02226
-2.200715e-06	-0.022504
-2.198715e-06	-0.022504
-2.196715e-06	-0.022016
-2.194715e-06	-0.02165
-2.192715e-06	-0.021772
-2.190715e-06	-0.022138
-2.188715e-06	-0.022138
-2.186715e-06	-0.022138
-2.184715e-06	-0.022138
-2.182715e-06	-0.022138
-2.180715e-06	-0.021894
-2.178715e-06	-0.021894
-2.176715e-06	-0.022138
-2.174715e-06	-0.022138
-2.172715e-06	-0.021894
-2.170715e-06	-0.022138
-2.168715e-06	-0.02226
-2.166715e-06	-0.022626
-2.164715e-06	-0.021406
-2.162715e-06	-0.022016
-2.160715e-06	-0.022138
-2.158715e-06	-0.022138
-2.156715e-06	-0.02165
-2.154715e-06	-0.022016
-2.152715e-06	-0.022016
-2.150715e-06	-0.022138
-2.148715e-06	-0.022382
-2.146715e-06	-0.022504
-2.144715e-06	-0.022748
-2.142715e-06	-0.022626
-2.140715e-06	-0.022626
-2.138715e-06	-0.022748
-2.136715e-06	-0.022504
-2.134715e-06	-0.022382
-2.132715e-06	-0.021772
-2.130715e-06	-0.02165
-2.128715e-06	-0.021528
-2.126715e-06	-0.021162
-2.124715e-06	-0.020918
-2.122715e-06	-0.02104
-2.120715e-06	-0.021284
-2.118715e-06	-0.02104
-2.116715e-06	-0.02043
-2.114715e-06	-0.020308
-2.112715e-06	-0.020552
-2.110715e-06	-0.02043
-2.108715e-06	-0.020918
-2.106715e-06	-0.020674
-2.104715e-06	-0.02165
-2.102715e-06	-0.021406
-2.100715e-06	-0.020918
-2.098715e-06	-0.020674
-2.096715e-06	-0.021528
-2.094715e-06	-0.021284
-2.092715e-06	-0.021772
-2.090715e-06	-0.021894
-2.088715e-06	-0.021406
-2.086715e-06	-0.022016
-2.084715e-06	-0.021162
-2.082715e-06	-0.021162
-2.080715e-06	-0.02165
-2.078715e-06	-0.022138
-2.076715e-06	-0.020918
-2.074715e-06	-0.021406
-2.072715e-06	-0.02165
-2.070715e-06	-0.021894
-2.068715e-06	-0.02165
-2.066715e-06	-0.021772
-2.064715e-06	-0.021894
-2.062715e-06	-0.022138
-2.060715e-06	-0.022016
-2.058715e-06	-0.02104
-2.056715e-06	-0.02043
-2.054715e-06	-0.02043
-2.052715e-06	-0.02043
-2.050715e-06	-0.019698
-2.048715e-06	-0.01982
-2.046715e-06	-0.019454
-2.044715e-06	-0.019454
-2.042715e-06	-0.018844
-2.040715e-06	-0.018234
-2.038715e-06	-0.018112
-2.036715e-06	-0.018356
-2.034715e-06	-0.01799
-2.032715e-06	-0.017746
-2.030715e-06	-0.017502
-2.028715e-06	-0.01738
-2.026715e-06	-0.017258
-2.024715e-06	-0.017746
-2.022715e-06	-0.017868
-2.020715e-06	-0.017258
-2.018715e-06	-0.017868
-2.016715e-06	-0.01799
-2.014715e-06	-0.017624
-2.012715e-06	-0.017502
-2.010715e-06	-0.017258
-2.008715e-06	-0.017014
-2.006715e-06	-0.01738
-2.004715e-06	-0.017014
-2.002715e-06	-0.017258
-2.000715e-06	-0.017136
-1.998715e-06	-0.017258
-1.996715e-06	-0.016892
-1.994715e-06	-0.016648
-1.992715e-06	-0.01677
-1.990715e-06	-0.017502
-1.988715e-06	-0.017258
-1.986715e-06	-0.017014
-1.984715e-06	-0.017502
-1.982715e-06	-0.017624
-1.980715e-06	-0.017746
-1.978715e-06	-0.017868
-1.976715e-06	-0.017624
-1.974715e-06	-0.017502
-1.972715e-06	-0.017624
-1.970715e-06	-0.017258
-1.968715e-06	-0.017624
-1.966715e-06	-0.017624
-1.964715e-06	-0.018356
-1.962715e-06	-0.017624
-1.960715e-06	-0.018356
-1.958715e-06	-0.018478
-1.956715e-06	-0.018478
-1.954715e-06	-0.018478
-1.952715e-06	-0.0186
-1.950715e-06	-0.019332
-1.948715e-06	-0.01921
-1.946715e-06	-0.019088
-1.944715e-06	-0.018966
-1.942715e-06	-0.019454
-1.940715e-06	-0.01982
-1.938715e-06	-0.020186
-1.936715e-06	-0.020186
-1.934715e-06	-0.020186
-1.932715e-06	-0.020308
-1.930715e-06	-0.020552
-1.928715e-06	-0.020308
-1.926715e-06	-0.020918
-1.924715e-06	-0.020918
-1.922715e-06	-0.020674
-1.920715e-06	-0.020796
-1.918715e-06	-0.021162
-1.916715e-06	-0.021406
-1.914715e-06	-0.021284
-1.912715e-06	-0.021894
-1.910715e-06	-0.02226
-1.908715e-06	-0.021528
-1.906715e-06	-0.021894
-1.904715e-06	-0.022138
-1.902715e-06	-0.022626
-1.900715e-06	-0.022504
-1.898715e-06	-0.022138
-1.896715e-06	-0.022016
-1.894715e-06	-0.021772
-1.892715e-06	-0.021406
-1.890715e-06	-0.020918
-1.888715e-06	-0.020674
-1.886715e-06	-0.020918
-1.884715e-06	-0.020918
-1.882715e-06	-0.02104
-1.880715e-06	-0.020918
-1.878715e-06	-0.020674
-1.876715e-06	-0.020674
-1.874715e-06	-0.02104
-1.872715e-06	-0.02104
-1.870715e-06	-0.021284
-1.868715e-06	-0.02043
-1.866715e-06	-0.020552
-1.864715e-06	-0.020308
-1.862715e-06	-0.02043
-1.860715e-06	-0.02043
-1.858715e-06	-0.019942
-1.856715e-06	-0.020308
-1.854715e-06	-0.019942
-1.852715e-06	-0.019942
-1.850715e-06	-0.019332
-1.848715e-06	-0.01921
-1.846715e-06	-0.019454
-1.844715e-06	-0.02043
-1.842715e-06	-0.01982
-1.840715e-06	-0.019698
-1.838715e-06	-0.019454
-1.836715e-06	-0.019454
-1.834715e-06	-0.018966
-1.832715e-06	-0.019454
-1.830715e-06	-0.019454
-1.828715e-06	-0.01982
-1.826715e-06	-0.01921
-1.824715e-06	-0.019088
-1.822715e-06	-0.018844
-1.820715e-06	-0.019454
-1.818715e-06	-0.019454
-1.816715e-06	-0.019942
-1.814715e-06	-0.019088
-1.812715e-06	-0.019088
-1.810715e-06	-0.018844
-1.808715e-06	-0.019088
-1.806715e-06	-0.019088
-1.804715e-06	-0.0186
-1.802715e-06	-0.018478
-1.800715e-06	-0.019332
-1.798715e-06	-0.019454
-1.796715e-06	-0.019332
-1.794715e-06	-0.018966
-1.792715e-06	-0.019332
-1.790715e-06	-0.01982
-1.788715e-06	-0.019088
-1.786715e-06	-0.019454
-1.784715e-06	-0.019454
-1.782715e-06	-0.019698
-1.780715e-06	-0.019698
-1.778715e-06	-0.019454
-1.776715e-06	-0.019698
-1.774715e-06	-0.020186
-1.772715e-06	-0.020674
-1.770715e-06	-0.02043
-1.768715e-06	-0.020552
-1.766715e-06	-0.020674
-1.764715e-06	-0.020552
-1.762715e-06	-0.020308
-1.760715e-06	-0.020552
-1.758715e-06	-0.020308
-1.756715e-06	-0.020186
-1.754715e-06	-0.02043
-1.752715e-06	-0.020674
-1.750715e-06	-0.020552
-1.748715e-06	-0.020308
-1.746715e-06	-0.01982
-1.744715e-06	-0.020064
-1.742715e-06	-0.019454
-1.740715e-06	-0.019454
-1.738715e-06	-0.019332
-1.736715e-06	-0.01921
-1.734715e-06	-0.018844
-1.732715e-06	-0.018966
-1.730715e-06	-0.018478
-1.728715e-06	-0.0186
-1.726715e-06	-0.018722
-1.724715e-06	-0.018966
-1.722715e-06	-0.018966
-1.720715e-06	-0.018478
-1.718715e-06	-0.018722
-1.716715e-06	-0.019332
-1.714715e-06	-0.0186
-1.712715e-06	-0.018722
-1.710715e-06	-0.019942
-1.708715e-06	-0.01982
-1.706715e-06	-0.020064
-1.704715e-06	-0.019576
-1.702715e-06	-0.019698
-1.700715e-06	-0.019698
-1.698715e-06	-0.019942
-1.696715e-06	-0.019698
-1.694715e-06	-0.019576
-1.692715e-06	-0.019576
-1.690715e-06	-0.018844
-1.688715e-06	-0.01921
-1.686715e-06	-0.018966
-1.684715e-06	-0.018844
-1.682715e-06	-0.018722
-1.680715e-06	-0.0186
-1.678715e-06	-0.018112
-1.676715e-06	-0.017746
-1.674715e-06	-0.017258
-1.672715e-06	-0.017014
-1.670715e-06	-0.016648
-1.668715e-06	-0.016526
-1.666715e-06	-0.01616
-1.664715e-06	-0.015428
-1.662715e-06	-0.015306
-1.660715e-06	-0.01494
-1.658715e-06	-0.01494
-1.656715e-06	-0.01433
-1.654715e-06	-0.014086
-1.652715e-06	-0.013842
-1.650715e-06	-0.013598
-1.648715e-06	-0.01372
-1.646715e-06	-0.013964
-1.644715e-06	-0.013964
-1.642715e-06	-0.013476
-1.640715e-06	-0.013232
-1.638715e-06	-0.013476
-1.636715e-06	-0.013598
-1.634715e-06	-0.01372
-1.632715e-06	-0.013964
-1.630715e-06	-0.01494
-1.628715e-06	-0.014574
-1.626715e-06	-0.015184
-1.624715e-06	-0.015306
-1.622715e-06	-0.015916
-1.620715e-06	-0.016282
-1.618715e-06	-0.016038
-1.616715e-06	-0.016038
-1.614715e-06	-0.017136
-1.612715e-06	-0.016282
-1.610715e-06	-0.016282
-1.608715e-06	-0.015672
-1.606715e-06	-0.016282
-1.604715e-06	-0.016526
-1.602715e-06	-0.015916
-1.600715e-06	-0.01555
-1.598715e-06	-0.016404
-1.596715e-06	-0.016526
-1.594715e-06	-0.016892
-1.592715e-06	-0.015672
-1.590715e-06	-0.016648
-1.588715e-06	-0.016648
-1.586715e-06	-0.016282
-1.584715e-06	-0.016648
-1.582715e-06	-0.017136
-1.580715e-06	-0.017258
-1.578715e-06	-0.017014
-1.576715e-06	-0.017014
-1.574715e-06	-0.017624
-1.572715e-06	-0.01799
-1.570715e-06	-0.017258
-1.568715e-06	-0.017258
-1.566715e-06	-0.018112
-1.564715e-06	-0.017868
-1.562715e-06	-0.01799
-1.560715e-06	-0.017624
-1.558715e-06	-0.018234
-1.556715e-06	-0.01799
-1.554715e-06	-0.018234
-1.552715e-06	-0.0186
-1.550715e-06	-0.017868
-1.548715e-06	-0.018844
-1.546715e-06	-0.018234
-1.544715e-06	-0.018112
-1.542715e-06	-0.018478
-1.540715e-06	-0.018966
-1.538715e-06	-0.018722
-1.536715e-06	-0.01921
-1.534715e-06	-0.019088
-1.532715e-06	-0.019332
-1.530715e-06	-0.019332
-1.528715e-06	-0.019454
-1.526715e-06	-0.019576
-1.524715e-06	-0.019332
-1.522715e-06	-0.018722
-1.520715e-06	-0.019088
-1.518715e-06	-0.01982
-1.516715e-06	-0.019942
-1.514715e-06	-0.020308
-1.512715e-06	-0.02043
-1.510715e-06	-0.020308
-1.508715e-06	-0.020552
-1.506715e-06	-0.02043
-1.504715e-06	-0.020674
-1.502715e-06	-0.02104
-1.500715e-06	-0.020674
-1.498715e-06	-0.021284
-1.496715e-06	-0.02104
-1.494715e-06	-0.021284
-1.492715e-06	-0.020552
-1.490715e-06	-0.02043
-1.488715e-06	-0.020186
-1.486715e-06	-0.020796
-1.484715e-06	-0.020674
-1.482715e-06	-0.02104
-1.480715e-06	-0.020796
-1.478715e-06	-0.020552
-1.476715e-06	-0.020674
-1.474715e-06	-0.020552
-1.472715e-06	-0.02043
-1.470715e-06	-0.020552
-1.468715e-06	-0.020064
-1.466715e-06	-0.019576
-1.464715e-06	-0.01982
-1.462715e-06	-0.020308
-1.460715e-06	-0.01982
-1.458715e-06	-0.019454
-1.456715e-06	-0.01982
-1.454715e-06	-0.019576
-1.452715e-06	-0.020064
-1.450715e-06	-0.019332
-1.448715e-06	-0.019332
-1.446715e-06	-0.019088
-1.444715e-06	-0.0186
-1.442715e-06	-0.018356
-1.440715e-06	-0.018722
-1.438715e-06	-0.018478
-1.436715e-06	-0.018478
-1.434715e-06	-0.018356
-1.432715e-06	-0.017868
-1.430715e-06	-0.018234
-1.428715e-06	-0.017502
-1.426715e-06	-0.01799
-1.424715e-06	-0.017502
-1.422715e-06	-0.018112
-1.420715e-06	-0.018234
-1.418715e-06	-0.018356
-1.416715e-06	-0.018966
-1.414715e-06	-0.0186
-1.412715e-06	-0.018112
-1.410715e-06	-0.0186
-1.408715e-06	-0.018722
-1.406715e-06	-0.018844
-1.404715e-06	-0.019332
-1.402715e-06	-0.018966
-1.400715e-06	-0.019576
-1.398715e-06	-0.020064
-1.396715e-06	-0.02043
-1.394715e-06	-0.01982
-1.392715e-06	-0.02043
-1.390715e-06	-0.020552
-1.388715e-06	-0.020308
-1.386715e-06	-0.019088
-1.384715e-06	-0.01982
-1.382715e-06	-0.020186
-1.380715e-06	-0.019088
-1.378715e-06	-0.019454
-1.376715e-06	-0.019698
-1.374715e-06	-0.020186
-1.372715e-06	-0.019698
-1.370715e-06	-0.019454
-1.368715e-06	-0.020308
-1.366715e-06	-0.019576
-1.364715e-06	-0.020308
-1.362715e-06	-0.02043
-1.360715e-06	-0.02043
-1.358715e-06	-0.019942
-1.356715e-06	-0.019698
-1.354715e-06	-0.019942
-1.352715e-06	-0.020308
-1.350715e-06	-0.020796
-1.348715e-06	-0.020796
-1.346715e-06	-0.020674
-1.344715e-06	-0.020674
-1.342715e-06	-0.020552
-1.340715e-06	-0.02043
-1.338715e-06	-0.020186
-1.336715e-06	-0.02043
-1.334715e-06	-0.020674
-1.332715e-06	-0.020796
-1.330715e-06	-0.021406
-1.328715e-06	-0.021528
-1.326715e-06	-0.021528
-1.324715e-06	-0.021284
-1.322715e-06	-0.02104
-1.320715e-06	-0.021528
-1.318715e-06	-0.021284
-1.316715e-06	-0.021528
-1.314715e-06	-0.021406
-1.312715e-06	-0.020552
-1.310715e-06	-0.02104
-1.308715e-06	-0.020796
-1.306715e-06	-0.02043
-1.304715e-06	-0.020552
-1.302715e-06	-0.020796
-1.300715e-06	-0.02043
-1.298715e-06	-0.020674
-1.296715e-06	-0.020308
-1.294715e-06	-0.020308
-1.292715e-06	-0.02043
-1.290715e-06	-0.02104
-1.288715e-06	-0.02043
-1.286715e-06	-0.02043
-1.284715e-06	-0.01982
-1.282715e-06	-0.020552
-1.280715e-06	-0.020552
-1.278715e-06	-0.020308
-1.276715e-06	-0.020308
-1.274715e-06	-0.02043
-1.272715e-06	-0.020308
-1.270715e-06	-0.020796
-1.268715e-06	-0.020674
-1.266715e-06	-0.021162
-1.264715e-06	-0.020918
-1.262715e-06	-0.021772
-1.260715e-06	-0.02165
-1.258715e-06	-0.022138
-1.256715e-06	-0.02226
-1.254715e-06	-0.021894
-1.252715e-06	-0.021772
-1.250715e-06	-0.022138
-1.248715e-06	-0.02165
-1.246715e-06	-0.02165
-1.244715e-06	-0.021406
-1.242715e-06	-0.02104
-1.240715e-06	-0.021162
-1.238715e-06	-0.020796
-1.236715e-06	-0.020308
-1.234715e-06	-0.020064
-1.232715e-06	-0.020064
-1.230715e-06	-0.019698
-1.228715e-06	-0.01982
-1.226715e-06	-0.01921
-1.224715e-06	-0.018844
-1.222715e-06	-0.019454
-1.220715e-06	-0.0186
-1.218715e-06	-0.018478
-1.216715e-06	-0.017502
-1.214715e-06	-0.018234
-1.212715e-06	-0.017502
-1.210715e-06	-0.017868
-1.208715e-06	-0.01738
-1.206715e-06	-0.016892
-1.204715e-06	-0.01738
-1.202715e-06	-0.016404
-1.200715e-06	-0.016404
-1.198715e-06	-0.016892
-1.196715e-06	-0.01677
-1.194715e-06	-0.01677
-1.192715e-06	-0.01677
-1.190715e-06	-0.016648
-1.188715e-06	-0.016526
-1.186715e-06	-0.016282
-1.184715e-06	-0.015428
-1.182715e-06	-0.015672
-1.180715e-06	-0.015916
-1.178715e-06	-0.015794
-1.176715e-06	-0.015062
-1.174715e-06	-0.015184
-1.172715e-06	-0.01555
-1.170715e-06	-0.015428
-1.168715e-06	-0.015306
-1.166715e-06	-0.015672
-1.164715e-06	-0.015428
-1.162715e-06	-0.01555
-1.160715e-06	-0.015672
-1.158715e-06	-0.016404
-1.156715e-06	-0.016282
-1.154715e-06	-0.015916
-1.152715e-06	-0.015672
-1.150715e-06	-0.016282
-1.148715e-06	-0.01677
-1.146715e-06	-0.016648
-1.144715e-06	-0.016526
-1.142715e-06	-0.016892
-1.140715e-06	-0.01677
-1.138715e-06	-0.016526
-1.136715e-06	-0.017014
-1.134715e-06	-0.01799
-1.132715e-06	-0.01738
-1.130715e-06	-0.017624
-1.128715e-06	-0.016648
-1.126715e-06	-0.017014
-1.124715e-06	-0.01677
-1.122715e-06	-0.017014
-1.120715e-06	-0.016648
-1.118715e-06	-0.017014
-1.116715e-06	-0.016648
-1.114715e-06	-0.016404
-1.112715e-06	-0.016404
-1.110715e-06	-0.016892
-1.108715e-06	-0.016526
-1.106715e-06	-0.016648
-1.104715e-06	-0.016526
-1.102715e-06	-0.016648
-1.100715e-06	-0.017014
-1.098715e-06	-0.016404
-1.096715e-06	-0.016282
-1.094715e-06	-0.016648
-1.092715e-06	-0.016648
-1.090715e-06	-0.01616
-1.088715e-06	-0.016404
-1.086715e-06	-0.016526
-1.084715e-06	-0.015916
-1.082715e-06	-0.015306
-1.080715e-06	-0.015184
-1.078715e-06	-0.01616
-1.076715e-06	-0.01555
-1.074715e-06	-0.01555
-1.072715e-06	-0.015428
-1.070715e-06	-0.015306
-1.068715e-06	-0.015672
-1.066715e-06	-0.014696
-1.064715e-06	-0.01433
-1.062715e-06	-0.014086
-1.060715e-06	-0.01433
-1.058715e-06	-0.014696
-1.056715e-06	-0.01372
-1.054715e-06	-0.014818
-1.052715e-06	-0.014696
-1.050715e-06	-0.015428
-1.048715e-06	-0.014696
-1.046715e-06	-0.015184
-1.044715e-06	-0.014696
-1.042715e-06	-0.014696
-1.040715e-06	-0.01433
-1.038715e-06	-0.01433
-1.036715e-06	-0.014696
-1.034715e-06	-0.014818
-1.032715e-06	-0.014696
-1.030715e-06	-0.01494
-1.028715e-06	-0.014818
-1.026715e-06	-0.014818
-1.024715e-06	-0.014696
-1.022715e-06	-0.014574
-1.020715e-06	-0.01494
-1.018715e-06	-0.015428
-1.016715e-06	-0.015184
-1.014715e-06	-0.015184
-1.012715e-06	-0.015184
-1.010715e-06	-0.015184
-1.008715e-06	-0.015428
-1.006715e-06	-0.015916
-1.004715e-06	-0.015428
-1.002715e-06	-0.015672
-1.000715e-06	-0.015794
-9.98715e-07	-0.016282
-9.96715e-07	-0.015794
-9.94715e-07	-0.015916
-9.92715e-07	-0.015672
-9.90715e-07	-0.015672
-9.88715e-07	-0.015306
-9.86715e-07	-0.015428
-9.84715e-07	-0.016038
-9.82715e-07	-0.016648
-9.80715e-07	-0.01616
-9.78715e-07	-0.016526
-9.76715e-07	-0.016282
-9.74715e-07	-0.016404
-9.72715e-07	-0.01616
-9.70715e-07	-0.016282
-9.68715e-07	-0.016038
-9.66715e-07	-0.016282
-9.64715e-07	-0.016526
-9.62715e-07	-0.01677
-9.60715e-07	-0.016648
-9.58715e-07	-0.01677
-9.56715e-07	-0.01616
-9.54715e-07	-0.01677
-9.52715e-07	-0.017136
-9.50715e-07	-0.017014
-9.48715e-07	-0.016038
-9.46715e-07	-0.016282
-9.44715e-07	-0.016526
-9.42715e-07	-0.017502
-9.40715e-07	-0.016648
-9.38715e-07	-0.017014
-9.36715e-07	-0.017136
-9.34715e-07	-0.01738
-9.32715e-07	-0.017624
-9.30715e-07	-0.017258
-9.28715e-07	-0.017624
-9.26715e-07	-0.01799
-9.24715e-07	-0.017746
-9.22715e-07	-0.01799
-9.20715e-07	-0.0186
-9.18715e-07	-0.019332
-9.16715e-07	-0.01921
-9.14715e-07	-0.01921
-9.12715e-07	-0.01921
-9.10715e-07	-0.01921
-9.08715e-07	-0.018966
-9.06715e-07	-0.018966
-9.04715e-07	-0.018966
-9.02715e-07	-0.019088
-9.00715e-07	-0.018844
-8.98715e-07	-0.018844
-8.96715e-07	-0.0186
-8.94715e-07	-0.019088
-8.92715e-07	-0.01982
-8.90715e-07	-0.01982
-8.88715e-07	-0.019698
-8.86715e-07	-0.02043
-8.84715e-07	-0.020064
-8.82715e-07	-0.020308
-8.80715e-07	-0.02043
-8.78715e-07	-0.020796
-8.76715e-07	-0.021162
-8.74715e-07	-0.020918
-8.72715e-07	-0.020918
-8.70715e-07	-0.020674
-8.68715e-07	-0.02043
-8.66715e-07	-0.019942
-8.64715e-07	-0.019332
-8.62715e-07	-0.019088
-8.60715e-07	-0.019454
-8.58715e-07	-0.019576
-8.56715e-07	-0.019088
-8.54715e-07	-0.019332
-8.52715e-07	-0.019454
-8.50715e-07	-0.018722
-8.48715e-07	-0.018722
-8.46715e-07	-0.018966
-8.44715e-07	-0.019088
-8.42715e-07	-0.0186
-8.40715e-07	-0.018966
-8.38715e-07	-0.019088
-8.36715e-07	-0.019332
-8.34715e-07	-0.018844
-8.32715e-07	-0.019088
-8.30715e-07	-0.018722
-8.28715e-07	-0.018356
-8.26715e-07	-0.018356
-8.24715e-07	-0.018356
-8.22715e-07	-0.018112
-8.20715e-07	-0.017746
-8.18715e-07	-0.01799
-8.16715e-07	-0.017868
-8.14715e-07	-0.018234
-8.12715e-07	-0.017624
-8.10715e-07	-0.017746
-8.08715e-07	-0.017258
-8.06715e-07	-0.017502
-8.04715e-07	-0.016892
-8.02715e-07	-0.017014
-8.00715e-07	-0.017014
-7.98715e-07	-0.017258
-7.96715e-07	-0.017136
-7.94715e-07	-0.016892
-7.92715e-07	-0.01677
-7.90715e-07	-0.017014
-7.88715e-07	-0.016648
-7.86715e-07	-0.016404
-7.84715e-07	-0.016648
-7.82715e-07	-0.017014
-7.80715e-07	-0.01677
-7.78715e-07	-0.016526
-7.76715e-07	-0.016282
-7.74715e-07	-0.016526
-7.72715e-07	-0.015672
-7.70715e-07	-0.015794
-7.68715e-07	-0.016282
-7.66715e-07	-0.016282
-7.64715e-07	-0.016282
-7.62715e-07	-0.016038
-7.60715e-07	-0.016526
-7.58715e-07	-0.016892
-7.56715e-07	-0.016892
-7.54715e-07	-0.016892
-7.52715e-07	-0.016892
-7.50715e-07	-0.01677
-7.48715e-07	-0.016526
-7.46715e-07	-0.01677
-7.44715e-07	-0.016404
-7.42715e-07	-0.016892
-7.40715e-07	-0.017258
-7.38715e-07	-0.016892
-7.36715e-07	-0.017258
-7.34715e-07	-0.017624
-7.32715e-07	-0.017014
-7.30715e-07	-0.017258
-7.28715e-07	-0.017502
-7.26715e-07	-0.01799
-7.24715e-07	-0.01799
-7.22715e-07	-0.018112
-7.20715e-07	-0.0186
-7.18715e-07	-0.019454
-7.16715e-07	-0.01982
-7.14715e-07	-0.019454
-7.12715e-07	-0.01982
-7.10715e-07	-0.01982
-7.08715e-07	-0.019942
-7.06715e-07	-0.019698
-7.04715e-07	-0.019942
-7.02715e-07	-0.019942
-7.00715e-07	-0.02043
-6.98715e-07	-0.020064
-6.96715e-07	-0.020308
-6.94715e-07	-0.020308
-6.92715e-07	-0.02043
-6.90715e-07	-0.020064
-6.88715e-07	-0.019698
-6.86715e-07	-0.019698
-6.84715e-07	-0.020186
-6.82715e-07	-0.019332
-6.80715e-07	-0.019576
-6.78715e-07	-0.019332
-6.76715e-07	-0.019576
-6.74715e-07	-0.01921
-6.72715e-07	-0.019454
-6.70715e-07	-0.01921
-6.68715e-07	-0.019332
-6.66715e-07	-0.019454
-6.64715e-07	-0.019332
-6.62715e-07	-0.019454
-6.60715e-07	-0.0186
-6.58715e-07	-0.018844
-6.56715e-07	-0.019332
-6.54715e-07	-0.019454
-6.52715e-07	-0.018478
-6.50715e-07	-0.018844
-6.48715e-07	-0.01921
-6.46715e-07	-0.01982
-6.44715e-07	-0.019332
-6.42715e-07	-0.018722
-6.40715e-07	-0.019088
-6.38715e-07	-0.019576
-6.36715e-07	-0.019576
-6.34715e-07	-0.019576
-6.32715e-07	-0.019576
-6.30715e-07	-0.019698
-6.28715e-07	-0.019454
-6.26715e-07	-0.019698
-6.24715e-07	-0.019454
-6.22715e-07	-0.01982
-6.20715e-07	-0.01982
-6.18715e-07	-0.01982
-6.16715e-07	-0.01982
-6.14715e-07	-0.019942
-6.12715e-07	-0.020064
-6.10715e-07	-0.019698
-6.08715e-07	-0.020064
-6.06715e-07	-0.02043
-6.04715e-07	-0.020064
-6.02715e-07	-0.019942
-6.00715e-07	-0.020186
-5.98715e-07	-0.020064
-5.96715e-07	-0.01982
-5.94715e-07	-0.019576
-5.92715e-07	-0.019698
-5.90715e-07	-0.020186
-5.88715e-07	-0.020064
-5.86715e-07	-0.019454
-5.84715e-07	-0.020186
-5.82715e-07	-0.020064
-5.80715e-07	-0.01982
-5.78715e-07	-0.019576
-5.76715e-07	-0.019576
-5.74715e-07	-0.019332
-5.72715e-07	-0.018844
-5.70715e-07	-0.019088
-5.68715e-07	-0.018844
-5.66715e-07	-0.018722
-5.64715e-07	-0.018844
-5.62715e-07	-0.018844
-5.60715e-07	-0.018722
-5.58715e-07	-0.018966
-5.56715e-07	-0.018844
-5.54715e-07	-0.01921
-5.52715e-07	-0.019088
-5.50715e-07	-0.019088
-5.48715e-07	-0.018966
-5.46715e-07	-0.018478
-5.44715e-07	-0.018478
-5.42715e-07	-0.018478
-5.40715e-07	-0.01799
-5.38715e-07	-0.01799
-5.36715e-07	-0.016892
-5.34715e-07	-0.017136
-5.32715e-07	-0.016038
-5.30715e-07	-0.015794
-5.28715e-07	-0.014574
-5.26715e-07	-0.014696
-5.24715e-07	-0.013842
-5.22715e-07	-0.014208
-5.20715e-07	-0.01372
-5.18715e-07	-0.013354
-5.16715e-07	-0.012256
-5.14715e-07	-0.012622
-5.12715e-07	-0.012378
-5.10715e-07	-0.012134
-5.08715e-07	-0.011646
-5.06715e-07	-0.012012
-5.04715e-07	-0.01128
-5.02715e-07	-0.011768
-5.00715e-07	-0.011768
-4.98715e-07	-0.011768
-4.96715e-07	-0.012012
-4.94715e-07	-0.01128
-4.92715e-07	-0.01128
-4.90715e-07	-0.012012
-4.88715e-07	-0.011768
-4.86715e-07	-0.011768
-4.84715e-07	-0.011524
-4.82715e-07	-0.011524
-4.80715e-07	-0.011158
-4.78715e-07	-0.010914
-4.76715e-07	-0.011524
-4.74715e-07	-0.010792
-4.72715e-07	-0.011036
-4.70715e-07	-0.011158
-4.68715e-07	-0.010792
-4.66715e-07	-0.010426
-4.64715e-07	-0.01067
-4.62715e-07	-0.01067
-4.60715e-07	-0.01067
-4.58715e-07	-0.010548
-4.56715e-07	-0.011402
-4.54715e-07	-0.01128
-4.52715e-07	-0.010914
-4.50715e-07	-0.01128
-4.48715e-07	-0.011524
-4.46715e-07	-0.011402
-4.44715e-07	-0.01128
-4.42715e-07	-0.011524
-4.40715e-07	-0.011646
-4.38715e-07	-0.012012
-4.36715e-07	-0.012256
-4.34715e-07	-0.012134
-4.32715e-07	-0.012256
-4.30715e-07	-0.011768
-4.28715e-07	-0.012256
-4.26715e-07	-0.012622
-4.24715e-07	-0.012012
-4.22715e-07	-0.0125
-4.20715e-07	-0.011646
-4.18715e-07	-0.012134
-4.16715e-07	-0.011646
-4.14715e-07	-0.012134
-4.12715e-07	-0.011402
-4.10715e-07	-0.012378
-4.08715e-07	-0.012134
-4.06715e-07	-0.012378
-4.04715e-07	-0.01189
-4.02715e-07	-0.011646
-4.00715e-07	-0.01128
-3.98715e-07	-0.011646
-3.96715e-07	-0.011524
-3.94715e-07	-0.011402
-3.92715e-07	-0.011402
-3.90715e-07	-0.011158
-3.88715e-07	-0.011158
-3.86715e-07	-0.01067
-3.84715e-07	-0.010182
-3.82715e-07	-0.010304
-3.80715e-07	-0.009938
-3.78715e-07	-0.009694
-3.76715e-07	-0.009816
-3.74715e-07	-0.010304
-3.72715e-07	-0.009572
-3.70715e-07	-0.009084
-3.68715e-07	-0.00945
-3.66715e-07	-0.009694
-3.64715e-07	-0.009694
-3.62715e-07	-0.01006
-3.60715e-07	-0.010304
-3.58715e-07	-0.01067
-3.56715e-07	-0.010304
-3.54715e-07	-0.010304
-3.52715e-07	-0.010426
-3.50715e-07	-0.010426
-3.48715e-07	-0.01006
-3.46715e-07	-0.009938
-3.44715e-07	-0.010182
-3.42715e-07	-0.010426
-3.40715e-07	-0.01006
-3.38715e-07	-0.009938
-3.36715e-07	-0.00945
-3.34715e-07	-0.009938
-3.32715e-07	-0.009694
-3.30715e-07	-0.010548
-3.28715e-07	-0.01006
-3.26715e-07	-0.010426
-3.24715e-07	-0.010304
-3.22715e-07	-0.010792
-3.20715e-07	-0.010426
-3.18715e-07	-0.010548
-3.16715e-07	-0.010792
-3.14715e-07	-0.010792
-3.12715e-07	-0.010792
-3.10715e-07	-0.010792
-3.08715e-07	-0.01067
-3.06715e-07	-0.011036
-3.04715e-07	-0.01189
-3.02715e-07	-0.011768
-3.00715e-07	-0.012134
-2.98715e-07	-0.011768
-2.96715e-07	-0.012378
-2.94715e-07	-0.0125
-2.92715e-07	-0.012866
-2.90715e-07	-0.013354
-2.88715e-07	-0.013354
-2.86715e-07	-0.013964
-2.84715e-07	-0.013598
-2.82715e-07	-0.013598
-2.80715e-07	-0.013232
-2.78715e-07	-0.012866
-2.76715e-07	-0.012988
-2.74715e-07	-0.012988
-2.72715e-07	-0.012988
-2.70715e-07	-0.012988
-2.68715e-07	-0.01311
-2.66715e-07	-0.013232
-2.64715e-07	-0.01311
-2.62715e-07	-0.01311
-2.60715e-07	-0.012988
-2.58715e-07	-0.01311
-2.56715e-07	-0.013354
-2.54715e-07	-0.012988
-2.52715e-07	-0.012744
-2.50715e-07	-0.0125
-2.48715e-07	-0.012622
-2.46715e-07	-0.012256
-2.44715e-07	-0.011646
-2.42715e-07	-0.012134
-2.40715e-07	-0.01189
-2.38715e-07	-0.01189
-2.36715e-07	-0.012256
-2.34715e-07	-0.01189
-2.32715e-07	-0.011768
-2.30715e-07	-0.012256
-2.28715e-07	-0.012378
-2.26715e-07	-0.012012
-2.24715e-07	-0.011768
-2.22715e-07	-0.0125
-2.20715e-07	-0.012134
-2.18715e-07	-0.012622
-2.16715e-07	-0.012988
-2.14715e-07	-0.01372
-2.12715e-07	-0.013476
-2.10715e-07	-0.013598
-2.08715e-07	-0.014086
-2.06715e-07	-0.014574
-2.04715e-07	-0.014452
-2.02715e-07	-0.01433
-2.00715e-07	-0.01433
-1.98715e-07	-0.014818
-1.96715e-07	-0.015062
-1.94715e-07	-0.015428
-1.92715e-07	-0.015306
-1.90715e-07	-0.01555
-1.88715e-07	-0.015672
-1.86715e-07	-0.015672
-1.84715e-07	-0.01555
-1.82715e-07	-0.01555
-1.80715e-07	-0.015794
-1.78715e-07	-0.01555
-1.76715e-07	-0.01555
-1.74715e-07	-0.015306
-1.72715e-07	-0.01555
-1.70715e-07	-0.015672
-1.68715e-07	-0.015062
-1.66715e-07	-0.01555
-1.64715e-07	-0.015184
-1.62715e-07	-0.01494
-1.60715e-07	-0.014696
-1.58715e-07	-0.015062
-1.56715e-07	-0.015306
-1.54715e-07	-0.015184
-1.52715e-07	-0.01494
-1.50715e-07	-0.014818
-1.48715e-07	-0.01555
-1.46715e-07	-0.015306
-1.44715e-07	-0.014574
-1.42715e-07	-0.014818
-1.40715e-07	-0.015184
-1.38715e-07	-0.015428
-1.36715e-07	-0.01494
-1.34715e-07	-0.014818
-1.32715e-07	-0.01494
-1.30715e-07	-0.015062
-1.28715e-07	-0.014818
-1.26715e-07	-0.015306
-1.24715e-07	-0.015184
-1.22715e-07	-0.015306
-1.20715e-07	-0.014574
-1.18715e-07	-0.015062
-1.16715e-07	-0.015428
-1.14715e-07	-0.015428
-1.12715e-07	-0.015062
-1.10715e-07	-0.015794
-1.08715e-07	-0.01616
-1.06715e-07	-0.016526
-1.04715e-07	-0.016526
-1.02715e-07	-0.017258
-1.00715e-07	-0.017014
-9.871495e-08	-0.017258
-9.671495e-08	-0.017258
-9.471495e-08	-0.017014
-9.271495e-08	-0.016892
-9.071495e-08	-0.016404
-8.871495e-08	-0.016282
-8.671495e-08	-0.016282
-8.471495e-08	-0.016404
-8.271495e-08	-0.016282
-8.071495e-08	-0.016038
-7.871495e-08	-0.016892
-7.671495e-08	-0.016282
-7.471495e-08	-0.016404
-7.271495e-08	-0.016282
-7.071495e-08	-0.017014
-6.871495e-08	-0.016526
-6.671495e-08	-0.01677
-6.471495e-08	-0.016282
-6.271495e-08	-0.015916
-6.071495e-08	-0.015916
-5.871495e-08	-0.015916
-5.671495e-08	-0.015672
-5.471495e-08	-0.016038
-5.271495e-08	-0.01616
-5.071495e-08	-0.015672
-4.871495e-08	-0.015428
-4.671495e-08	-0.016404
-4.471495e-08	-0.016038
-4.271495e-08	-0.016282
-4.071495e-08	-0.01555
-3.871495e-08	-0.016282
-3.671495e-08	-0.015794
-3.471495e-08	-0.015916
-3.271495e-08	-0.015794
-3.071495e-08	-0.015672
-2.871495e-08	-0.01555
-2.671495e-08	-0.015672
-2.471495e-08	-0.015916
-2.271495e-08	-0.016038
-2.071495e-08	-0.016282
-1.871495e-08	-0.015794
-1.671495e-08	-0.015672
-1.471495e-08	-0.01616
-1.271495e-08	-0.015672
-1.071495e-08	-0.015184
-8.714953e-09	-0.01494
-6.714953e-09	-0.01494
-4.714953e-09	-0.015306
-2.714953e-09	-0.01494
-7.149531e-10	-0.01494
1.285047e-09	-0.015184
3.285047e-09	-0.015184
5.285047e-09	-0.01494
7.285047e-09	-0.01433
9.285047e-09	-0.014818
1.128505e-08	-0.01494
1.328505e-08	-0.015184
1.528505e-08	-0.014574
1.728505e-08	-0.01494
1.928505e-08	-0.01494
2.128505e-08	-0.015794
2.328505e-08	-0.01555
2.528505e-08	-0.015306
2.728505e-08	-0.015794
2.928505e-08	-0.015794
3.128505e-08	-0.015184
3.328505e-08	-0.015672
3.528505e-08	-0.015306
3.728505e-08	-0.015672
3.928505e-08	-0.015672
4.128505e-08	-0.015794
4.328505e-08	-0.015672
4.528505e-08	-0.01555
4.728505e-08	-0.01555
4.928505e-08	-0.015794
5.128505e-08	-0.015672
5.328505e-08	-0.015672
5.528505e-08	-0.015428
5.728505e-08	-0.015184
5.928505e-08	-0.015062
6.128505e-08	-0.014574
6.328505e-08	-0.014818
6.528505e-08	-0.015062
6.728505e-08	-0.014452
6.928505e-08	-0.013964
7.128505e-08	-0.013842
7.328505e-08	-0.013964
7.528505e-08	-0.013842
7.728505e-08	-0.014208
7.928505e-08	-0.014086
8.128505e-08	-0.014086
8.328505e-08	-0.013598
8.528505e-08	-0.013476
8.728505e-08	-0.012988
8.928505e-08	-0.013232
9.128505e-08	-0.013232
9.328505e-08	-0.013476
9.528505e-08	-0.012744
9.728505e-08	-0.012744
9.928505e-08	-0.012988
1.01285e-07	-0.012866
1.03285e-07	-0.012988
1.05285e-07	-0.013354
1.07285e-07	-0.012744
1.09285e-07	-0.013354
1.11285e-07	-0.013354
1.13285e-07	-0.012988
1.15285e-07	-0.013476
1.17285e-07	-0.01372
1.19285e-07	-0.014208
1.21285e-07	-0.014452
1.23285e-07	-0.014452
1.25285e-07	-0.014574
1.27285e-07	-0.014452
1.29285e-07	-0.014696
1.31285e-07	-0.014086
1.33285e-07	-0.012134
1.35285e-07	-0.008718
1.37285e-07	-0.001032
1.39285e-07	0.011534
1.41285e-07	0.02776
1.43285e-07	0.04484
1.45285e-07	0.06375
1.47285e-07	0.083026
1.49285e-07	0.101448
1.51285e-07	0.119016
1.53285e-07	0.134998
1.55285e-07	0.150858
1.57285e-07	0.1644
1.59285e-07	0.1766
1.61285e-07	0.188312
1.63285e-07	0.199048
1.65285e-07	0.207222
1.67285e-07	0.215396
1.69285e-07	0.222228
1.71285e-07	0.228816
1.73285e-07	0.23333
1.75285e-07	0.237478
1.77285e-07	0.239918
1.79285e-07	0.242358
1.81285e-07	0.242968
1.83285e-07	0.24431
1.85285e-07	0.24431
1.87285e-07	0.244554
1.89285e-07	0.243822
1.91285e-07	0.243212
1.93285e-07	0.24126
1.95285e-07	0.239308
1.97285e-07	0.237356
1.99285e-07	0.235038
2.01285e-07	0.231988
2.03285e-07	0.22906
2.05285e-07	0.225888
2.07285e-07	0.222838
2.09285e-07	0.219056
2.11285e-07	0.215762
2.13285e-07	0.211614
2.15285e-07	0.208564
2.17285e-07	0.204416
2.19285e-07	0.200878
2.21285e-07	0.19673
2.23285e-07	0.192948
2.25285e-07	0.188922
2.27285e-07	0.185018
2.29285e-07	0.181236
2.31285e-07	0.177942
2.33285e-07	0.174404
2.35285e-07	0.170988
2.37285e-07	0.166962
2.39285e-07	0.16379
2.41285e-07	0.160008
2.43285e-07	0.156104
2.45285e-07	0.15281
2.47285e-07	0.149516
2.49285e-07	0.145856
2.51285e-07	0.14244
2.53285e-07	0.139268
2.55285e-07	0.135974
2.57285e-07	0.132558
2.59285e-07	0.12902
2.61285e-07	0.126092
2.63285e-07	0.123042
2.65285e-07	0.119382
2.67285e-07	0.116332
2.69285e-07	0.113282
2.71285e-07	0.110964
2.73285e-07	0.107426
2.75285e-07	0.105108
2.77285e-07	0.101936
2.79285e-07	0.09974
2.81285e-07	0.09669
2.83285e-07	0.094616
2.85285e-07	0.090956
2.87285e-07	0.089126
2.89285e-07	0.087174
2.91285e-07	0.084856
2.93285e-07	0.081806
2.95285e-07	0.079854
2.97285e-07	0.077536
2.99285e-07	0.075584
3.01285e-07	0.072778
3.03285e-07	0.070704
3.05285e-07	0.068508
3.07285e-07	0.066922
3.09285e-07	0.063872
3.11285e-07	0.062896
3.13285e-07	0.060334
3.15285e-07	0.058626
3.17285e-07	0.056186
3.19285e-07	0.054722
3.21285e-07	0.05277
3.23285e-07	0.051306
3.25285e-07	0.049232
3.27285e-07	0.048134
3.29285e-07	0.04667
3.31285e-07	0.045572
3.33285e-07	0.044474
3.35285e-07	0.04301
3.37285e-07	0.041302
3.39285e-07	0.040448
3.41285e-07	0.038618
3.43285e-07	0.038008
3.45285e-07	0.035812
3.47285e-07	0.035812
3.49285e-07	0.03386
3.51285e-07	0.033128
3.53285e-07	0.032518
3.55285e-07	0.031542
3.57285e-07	0.0302
3.59285e-07	0.029346
3.61285e-07	0.028004
3.63285e-07	0.027394
3.65285e-07	0.02654
3.67285e-07	0.026052
3.69285e-07	0.024832
3.71285e-07	0.023856
3.73285e-07	0.023002
3.75285e-07	0.021782
3.77285e-07	0.020928
3.79285e-07	0.02044
3.81285e-07	0.019464
3.83285e-07	0.018732
3.85285e-07	0.017268
3.87285e-07	0.016658
3.89285e-07	0.015804
3.91285e-07	0.015682
3.93285e-07	0.014828
3.95285e-07	0.014218
3.97285e-07	0.013486
3.99285e-07	0.012632
4.01285e-07	0.011656
4.03285e-07	0.011168
4.05285e-07	0.010924
4.07285e-07	0.010314
4.09285e-07	0.009216
4.11285e-07	0.008728
4.13285e-07	0.007874
4.15285e-07	0.00763
4.17285e-07	0.00702
4.19285e-07	0.007142
4.21285e-07	0.006532
4.23285e-07	0.006166
4.25285e-07	0.00519
4.27285e-07	0.00519
4.29285e-07	0.004702
4.31285e-07	0.00397
4.33285e-07	0.003116
4.35285e-07	0.00336
4.37285e-07	0.002506
4.39285e-07	0.00214
4.41285e-07	0.002018
4.43285e-07	0.002506
4.45285e-07	0.001408
4.47285e-07	0.00153
4.49285e-07	0.00092
4.51285e-07	0.001408
4.53285e-07	0.000432
4.55285e-07	6.6e-05
4.57285e-07	-5.6e-05
4.59285e-07	-0.0003
4.61285e-07	-0.00091
4.63285e-07	-0.001032
4.65285e-07	-0.00152
4.67285e-07	-0.001642
4.69285e-07	-0.002618
4.71285e-07	-0.002984
4.73285e-07	-0.002984
4.75285e-07	-0.003106
4.77285e-07	-0.00335
4.79285e-07	-0.004448
4.81285e-07	-0.00457
4.83285e-07	-0.005058
4.85285e-07	-0.00518
4.87285e-07	-0.005546
4.89285e-07	-0.00579
4.91285e-07	-0.005668
4.93285e-07	-0.00579
4.95285e-07	-0.005912
4.97285e-07	-0.006278
4.99285e-07	-0.005912
5.01285e-07	-0.006278
5.03285e-07	-0.006766
5.05285e-07	-0.00762
5.07285e-07	-0.007254
5.09285e-07	-0.007498
5.11285e-07	-0.008352
5.13285e-07	-0.008596
5.15285e-07	-0.008962
5.17285e-07	-0.00945
5.19285e-07	-0.009694
5.21285e-07	-0.009816
5.23285e-07	-0.010426
5.25285e-07	-0.010548
5.27285e-07	-0.010182
5.29285e-07	-0.011036
5.31285e-07	-0.01128
5.33285e-07	-0.011036
5.35285e-07	-0.010914
5.37285e-07	-0.01128
5.39285e-07	-0.011036
5.41285e-07	-0.010914
5.43285e-07	-0.011036
5.45285e-07	-0.012256
5.47285e-07	-0.012134
5.49285e-07	-0.01189
5.51285e-07	-0.012256
5.53285e-07	-0.012744
5.55285e-07	-0.012988
5.57285e-07	-0.012744
5.59285e-07	-0.012988
5.61285e-07	-0.01311
5.63285e-07	-0.012866
5.65285e-07	-0.013598
5.67285e-07	-0.01311
5.69285e-07	-0.012988
5.71285e-07	-0.014086
5.73285e-07	-0.013964
5.75285e-07	-0.013964
5.77285e-07	-0.01433
5.79285e-07	-0.013842
5.81285e-07	-0.014086
5.83285e-07	-0.014452
5.85285e-07	-0.015062
5.87285e-07	-0.01494
5.89285e-07	-0.015184
5.91285e-07	-0.015428
5.93285e-07	-0.015794
5.95285e-07	-0.016038
5.97285e-07	-0.016282
5.99285e-07	-0.015916
6.01285e-07	-0.016038
6.03285e-07	-0.016526
6.05285e-07	-0.017014
6.07285e-07	-0.017136
6.09285e-07	-0.017014
6.11285e-07	-0.017136
6.13285e-07	-0.017014
6.15285e-07	-0.016892
6.17285e-07	-0.017014
6.19285e-07	-0.016526
6.21285e-07	-0.016282
6.23285e-07	-0.016038
6.25285e-07	-0.016892
6.27285e-07	-0.017014
6.29285e-07	-0.017136
6.31285e-07	-0.017624
6.33285e-07	-0.017868
6.35285e-07	-0.017258
6.37285e-07	-0.017502
6.39285e-07	-0.017502
6.41285e-07	-0.017502
6.43285e-07	-0.016892
6.45285e-07	-0.017258
6.47285e-07	-0.017136
6.49285e-07	-0.017624
6.51285e-07	-0.017624
6.53285e-07	-0.016892
6.55285e-07	-0.01738
6.57285e-07	-0.01799
6.59285e-07	-0.017258
6.61285e-07	-0.01738
6.63285e-07	-0.017136
6.65285e-07	-0.017624
6.67285e-07	-0.016648
6.69285e-07	-0.016648
6.71285e-07	-0.016648
6.73285e-07	-0.016526
6.75285e-07	-0.016892
6.77285e-07	-0.016648
6.79285e-07	-0.01616
6.81285e-07	-0.016526
6.83285e-07	-0.016892
6.85285e-07	-0.016892
6.87285e-07	-0.016404
6.89285e-07	-0.01738
6.91285e-07	-0.017258
6.93285e-07	-0.01738
6.95285e-07	-0.017502
6.97285e-07	-0.017502
6.99285e-07	-0.016648
7.01285e-07	-0.01677
7.03285e-07	-0.016526
7.05285e-07	-0.016404
7.07285e-07	-0.016404
7.09285e-07	-0.016404
7.11285e-07	-0.016404
7.13285e-07	-0.016648
7.15285e-07	-0.016038
7.17285e-07	-0.015794
7.19285e-07	-0.015428
7.21285e-07	-0.015672
7.23285e-07	-0.015794
7.25285e-07	-0.016282
7.27285e-07	-0.016038
7.29285e-07	-0.016892
7.31285e-07	-0.016892
7.33285e-07	-0.017014
7.35285e-07	-0.017258
7.37285e-07	-0.017746
7.39285e-07	-0.017258
7.41285e-07	-0.01677
7.43285e-07	-0.01738
7.45285e-07	-0.017258
7.47285e-07	-0.017014
7.49285e-07	-0.016892
7.51285e-07	-0.01677
7.53285e-07	-0.017014
7.55285e-07	-0.015916
7.57285e-07	-0.016282
7.59285e-07	-0.016526
7.61285e-07	-0.016404
7.63285e-07	-0.016282
7.65285e-07	-0.016404
7.67285e-07	-0.015672
7.69285e-07	-0.016282
7.71285e-07	-0.016282
7.73285e-07	-0.01616
7.75285e-07	-0.016038
7.77285e-07	-0.015672
7.79285e-07	-0.015916
7.81285e-07	-0.016648
7.83285e-07	-0.01616
7.85285e-07	-0.016282
7.87285e-07	-0.016526
7.89285e-07	-0.016038
7.91285e-07	-0.016648
7.93285e-07	-0.016282
7.95285e-07	-0.016526
7.97285e-07	-0.016038
7.99285e-07	-0.01677
8.01285e-07	-0.016892
8.03285e-07	-0.016892
8.05285e-07	-0.016526
8.07285e-07	-0.016038
8.09285e-07	-0.016526
8.11285e-07	-0.016526
8.13285e-07	-0.01616
8.15285e-07	-0.015672
8.17285e-07	-0.016404
8.19285e-07	-0.01616
8.21285e-07	-0.015916
8.23285e-07	-0.015916
8.25285e-07	-0.015916
8.27285e-07	-0.016038
8.29285e-07	-0.016282
8.31285e-07	-0.015794
8.33285e-07	-0.016648
8.35285e-07	-0.016892
8.37285e-07	-0.016526
8.39285e-07	-0.016404
8.41285e-07	-0.016648
8.43285e-07	-0.016648
8.45285e-07	-0.016648
8.47285e-07	-0.016526
8.49285e-07	-0.016648
8.51285e-07	-0.016892
8.53285e-07	-0.016892
8.55285e-07	-0.01677
8.57285e-07	-0.017014
8.59285e-07	-0.017014
8.61285e-07	-0.017746
8.63285e-07	-0.017136
8.65285e-07	-0.017136
8.67285e-07	-0.017624
8.69285e-07	-0.017746
8.71285e-07	-0.017746
8.73285e-07	-0.018478
8.75285e-07	-0.017868
8.77285e-07	-0.018112
8.79285e-07	-0.018112
8.81285e-07	-0.018356
8.83285e-07	-0.018844
8.85285e-07	-0.0186
8.87285e-07	-0.0186
8.89285e-07	-0.019332
8.91285e-07	-0.01921
8.93285e-07	-0.01921
8.95285e-07	-0.019332
8.97285e-07	-0.01921
8.99285e-07	-0.0186
9.01285e-07	-0.019454
9.03285e-07	-0.019576
9.05285e-07	-0.020064
9.07285e-07	-0.01982
9.09285e-07	-0.020064
9.11285e-07	-0.01982
9.13285e-07	-0.02043
9.15285e-07	-0.020064
9.17285e-07	-0.020064
9.19285e-07	-0.01982
9.21285e-07	-0.020308
9.23285e-07	-0.020064
9.25285e-07	-0.020552
9.27285e-07	-0.020186
9.29285e-07	-0.02043
9.31285e-07	-0.020308
9.33285e-07	-0.020552
9.35285e-07	-0.020674
9.37285e-07	-0.020674
9.39285e-07	-0.020674
9.41285e-07	-0.021284
9.43285e-07	-0.02043
9.45285e-07	-0.020552
9.47285e-07	-0.020064
9.49285e-07	-0.020186
9.51285e-07	-0.020552
9.53285e-07	-0.02104
9.55285e-07	-0.020064
9.57285e-07	-0.021162
9.59285e-07	-0.021162
9.61285e-07	-0.021406
9.63285e-07	-0.021284
9.65285e-07	-0.02165
9.67285e-07	-0.021284
9.69285e-07	-0.02165
9.71285e-07	-0.02104
9.73285e-07	-0.020918
9.75285e-07	-0.021894
9.77285e-07	-0.021772
9.79285e-07	-0.021894
9.81285e-07	-0.021772
9.83285e-07	-0.022138
9.85285e-07	-0.022016
9.87285e-07	-0.02165
9.89285e-07	-0.02165
9.91285e-07	-0.022016
9.93285e-07	-0.021528
9.95285e-07	-0.021162
9.97285e-07	-0.021406
9.99285e-07	-0.020918
1.001285e-06	-0.021528
1.003285e-06	-0.020796
1.005285e-06	-0.020552
1.007285e-06	-0.020674
1.009285e-06	-0.020796
1.011285e-06	-0.020186
1.013285e-06	-0.020064
1.015285e-06	-0.020918
1.017285e-06	-0.020308
1.019285e-06	-0.02043
1.021285e-06	-0.020186
1.023285e-06	-0.01982
1.025285e-06	-0.01982
1.027285e-06	-0.019942
1.029285e-06	-0.020796
1.031285e-06	-0.020186
1.033285e-06	-0.020552
1.035285e-06	-0.019698
1.037285e-06	-0.020064
1.039285e-06	-0.020308
1.041285e-06	-0.020552
1.043285e-06	-0.019698
1.045285e-06	-0.01982
1.047285e-06	-0.020186
1.049285e-06	-0.021162
1.051285e-06	-0.020308
1.053285e-06	-0.01982
1.055285e-06	-0.01982
1.057285e-06	-0.020552
1.059285e-06	-0.019942
1.061285e-06	-0.02043
1.063285e-06	-0.02104
1.065285e-06	-0.02104
1.067285e-06	-0.020918
1.069285e-06	-0.021162
1.071285e-06	-0.021162
1.073285e-06	-0.021284
1.075285e-06	-0.020796
1.077285e-06	-0.020918
1.079285e-06	-0.02104
1.081285e-06	-0.020796
1.083285e-06	-0.020308
1.085285e-06	-0.020796
1.087285e-06	-0.021284
1.089285e-06	-0.020918
1.091285e-06	-0.020552
1.093285e-06	-0.020674
1.095285e-06	-0.021162
1.097285e-06	-0.021162
1.099285e-06	-0.020796
1.101285e-06	-0.020918
1.103285e-06	-0.021162
1.105285e-06	-0.020918
1.107285e-06	-0.02104
1.109285e-06	-0.021772
1.111285e-06	-0.020918
1.113285e-06	-0.021162
1.115285e-06	-0.021528
1.117285e-06	-0.021406
1.119285e-06	-0.021528
1.121285e-06	-0.022382
1.123285e-06	-0.022016
1.125285e-06	-0.022016
1.127285e-06	-0.021772
1.129285e-06	-0.022138
1.131285e-06	-0.021528
1.133285e-06	-0.022504
1.135285e-06	-0.022382
1.137285e-06	-0.022382
1.139285e-06	-0.02226
1.141285e-06	-0.02287
1.143285e-06	-0.022748
1.145285e-06	-0.022382
1.147285e-06	-0.022016
1.149285e-06	-0.022504
1.151285e-06	-0.022748
1.153285e-06	-0.022992
1.155285e-06	-0.022504
1.157285e-06	-0.023114
1.159285e-06	-0.02287
1.161285e-06	-0.022748
1.163285e-06	-0.022626
1.165285e-06	-0.022626
1.167285e-06	-0.022016
1.169285e-06	-0.022504
1.171285e-06	-0.02226
1.173285e-06	-0.02226
1.175285e-06	-0.022016
1.177285e-06	-0.022382
1.179285e-06	-0.022016
1.181285e-06	-0.022382
1.183285e-06	-0.022138
1.185285e-06	-0.021772
1.187285e-06	-0.021772
1.189285e-06	-0.021772
1.191285e-06	-0.02165
1.193285e-06	-0.021406
1.195285e-06	-0.020918
1.197285e-06	-0.02043
1.199285e-06	-0.020186
1.201285e-06	-0.02043
1.203285e-06	-0.01982
1.205285e-06	-0.019698
1.207285e-06	-0.019698
1.209285e-06	-0.019332
1.211285e-06	-0.018966
1.213285e-06	-0.019332
1.215285e-06	-0.0186
1.217285e-06	-0.018722
1.219285e-06	-0.01799
1.221285e-06	-0.018356
1.223285e-06	-0.017868
1.225285e-06	-0.018722
1.227285e-06	-0.018844
1.229285e-06	-0.018112
1.231285e-06	-0.017746
1.233285e-06	-0.018844
1.235285e-06	-0.0186
1.237285e-06	-0.018722
1.239285e-06	-0.018722
1.241285e-06	-0.018356
1.243285e-06	-0.018722
1.245285e-06	-0.018722
1.247285e-06	-0.018722
1.249285e-06	-0.018844
1.251285e-06	-0.018722
1.253285e-06	-0.018722
1.255285e-06	-0.018844
1.257285e-06	-0.018844
1.259285e-06	-0.018356
1.261285e-06	-0.018356
1.263285e-06	-0.018234
1.265285e-06	-0.018844
1.267285e-06	-0.01799
1.269285e-06	-0.018234
1.271285e-06	-0.018356
1.273285e-06	-0.019088
1.275285e-06	-0.018478
1.277285e-06	-0.018234
1.279285e-06	-0.018112
1.281285e-06	-0.018722
1.283285e-06	-0.018966
1.285285e-06	-0.0186
1.287285e-06	-0.018966
1.289285e-06	-0.019332
1.291285e-06	-0.019576
1.293285e-06	-0.019698
1.295285e-06	-0.019454
1.297285e-06	-0.02043
1.299285e-06	-0.020308
1.301285e-06	-0.019942
1.303285e-06	-0.020064
1.305285e-06	-0.020064
1.307285e-06	-0.020064
1.309285e-06	-0.020308
1.311285e-06	-0.020064
1.313285e-06	-0.020308
1.315285e-06	-0.020064
1.317285e-06	-0.020186
1.319285e-06	-0.01982
1.321285e-06	-0.019454
1.323285e-06	-0.019576
1.325285e-06	-0.019332
1.327285e-06	-0.018966
1.329285e-06	-0.019332
1.331285e-06	-0.019332
1.333285e-06	-0.018966
1.335285e-06	-0.018844
1.337285e-06	-0.018844
1.339285e-06	-0.018722
1.341285e-06	-0.018356
1.343285e-06	-0.018112
1.345285e-06	-0.018234
1.347285e-06	-0.017868
1.349285e-06	-0.018112
1.351285e-06	-0.018112
1.353285e-06	-0.018234
1.355285e-06	-0.01738
1.357285e-06	-0.017136
1.359285e-06	-0.017258
1.361285e-06	-0.018112
1.363285e-06	-0.018112
1.365285e-06	-0.01799
1.367285e-06	-0.01738
1.369285e-06	-0.01799
1.371285e-06	-0.01738
1.373285e-06	-0.017624
1.375285e-06	-0.017502
1.377285e-06	-0.01799
1.379285e-06	-0.017624
1.381285e-06	-0.017868
1.383285e-06	-0.01738
1.385285e-06	-0.018356
1.387285e-06	-0.017868
1.389285e-06	-0.018478
1.391285e-06	-0.018844
1.393285e-06	-0.018234
1.395285e-06	-0.018722
1.397285e-06	-0.018722
1.399285e-06	-0.018478
1.401285e-06	-0.01921
1.403285e-06	-0.019088
1.405285e-06	-0.019332
1.407285e-06	-0.019576
1.409285e-06	-0.019454
1.411285e-06	-0.019698
1.413285e-06	-0.019942
1.415285e-06	-0.01921
1.417285e-06	-0.020308
1.419285e-06	-0.020308
1.421285e-06	-0.01982
1.423285e-06	-0.020186
1.425285e-06	-0.01982
1.427285e-06	-0.019942
1.429285e-06	-0.01982
1.431285e-06	-0.020674
1.433285e-06	-0.020674
1.435285e-06	-0.020796
1.437285e-06	-0.020796
1.439285e-06	-0.020552
1.441285e-06	-0.020918
1.443285e-06	-0.02043
1.445285e-06	-0.020308
1.447285e-06	-0.020308
1.449285e-06	-0.020552
1.451285e-06	-0.01982
1.453285e-06	-0.01921
1.455285e-06	-0.0186
1.457285e-06	-0.019332
1.459285e-06	-0.01921
1.461285e-06	-0.018966
1.463285e-06	-0.019576
1.465285e-06	-0.019454
1.467285e-06	-0.019454
1.469285e-06	-0.01982
1.471285e-06	-0.020064
1.473285e-06	-0.019942
1.475285e-06	-0.019942
1.477285e-06	-0.020186
1.479285e-06	-0.020674
1.481285e-06	-0.020552
1.483285e-06	-0.020064
1.485285e-06	-0.020064
1.487285e-06	-0.01982
1.489285e-06	-0.02043
1.491285e-06	-0.020796
1.493285e-06	-0.020918
1.495285e-06	-0.02104
1.497285e-06	-0.020918
1.499285e-06	-0.020674
1.501285e-06	-0.020552
1.503285e-06	-0.020186
1.505285e-06	-0.020796
1.507285e-06	-0.020552
1.509285e-06	-0.02043
1.511285e-06	-0.020552
1.513285e-06	-0.020796
1.515285e-06	-0.020674
1.517285e-06	-0.021162
1.519285e-06	-0.02043
1.521285e-06	-0.021284
1.523285e-06	-0.020552
1.525285e-06	-0.020796
1.527285e-06	-0.020796
1.529285e-06	-0.021406
1.531285e-06	-0.021284
1.533285e-06	-0.021528
1.535285e-06	-0.021894
1.537285e-06	-0.021894
1.539285e-06	-0.021284
1.541285e-06	-0.021162
1.543285e-06	-0.020796
1.545285e-06	-0.021772
1.547285e-06	-0.02165
1.549285e-06	-0.021406
1.551285e-06	-0.02165
1.553285e-06	-0.021284
1.555285e-06	-0.020918
1.557285e-06	-0.02104
1.559285e-06	-0.020674
1.561285e-06	-0.021162
1.563285e-06	-0.020552
1.565285e-06	-0.020308
1.567285e-06	-0.020186
1.569285e-06	-0.020674
1.571285e-06	-0.020308
1.573285e-06	-0.020064
1.575285e-06	-0.01982
1.577285e-06	-0.020186
1.579285e-06	-0.019454
1.581285e-06	-0.019088
1.583285e-06	-0.019332
1.585285e-06	-0.019698
1.587285e-06	-0.019942
1.589285e-06	-0.02043
1.591285e-06	-0.019942
1.593285e-06	-0.020552
1.595285e-06	-0.02043
1.597285e-06	-0.020186
1.599285e-06	-0.020064
1.601285e-06	-0.020308
1.603285e-06	-0.019942
1.605285e-06	-0.019454
1.607285e-06	-0.019088
1.609285e-06	-0.01921
1.611285e-06	-0.018722
1.613285e-06	-0.0186
1.615285e-06	-0.018722
1.617285e-06	-0.018844
1.619285e-06	-0.018356
1.621285e-06	-0.018234
1.623285e-06	-0.01799
1.625285e-06	-0.0186
1.627285e-06	-0.0186
1.629285e-06	-0.018234
1.631285e-06	-0.01738
1.633285e-06	-0.017502
1.635285e-06	-0.01738
1.637285e-06	-0.017014
1.639285e-06	-0.017258
1.641285e-06	-0.017502
1.643285e-06	-0.01677
1.645285e-06	-0.017014
1.647285e-06	-0.01677
1.649285e-06	-0.017014
1.651285e-06	-0.017258
1.653285e-06	-0.017502
1.655285e-06	-0.016892
1.657285e-06	-0.017136
1.659285e-06	-0.016892
1.661285e-06	-0.01616
1.663285e-06	-0.01616
1.665285e-06	-0.017136
1.667285e-06	-0.016892
1.669285e-06	-0.016648
1.671285e-06	-0.016282
1.673285e-06	-0.016038
1.675285e-06	-0.015916
1.677285e-06	-0.01616
1.679285e-06	-0.015916
1.681285e-06	-0.016282
1.683285e-06	-0.015794
1.685285e-06	-0.016038
1.687285e-06	-0.01555
1.689285e-06	-0.015428
1.691285e-06	-0.015672
1.693285e-06	-0.015428
1.695285e-06	-0.015184
1.697285e-06	-0.015428
1.699285e-06	-0.015794
1.701285e-06	-0.015916
1.703285e-06	-0.016404
1.705285e-06	-0.01616
1.707285e-06	-0.016526
1.709285e-06	-0.016648
1.711285e-06	-0.016526
1.713285e-06	-0.017258
1.715285e-06	-0.01738
1.717285e-06	-0.017746
1.719285e-06	-0.017624
1.721285e-06	-0.017868
1.723285e-06	-0.017502
1.725285e-06	-0.017624
1.727285e-06	-0.01799
1.729285e-06	-0.018112
1.731285e-06	-0.018356
1.733285e-06	-0.0186
1.735285e-06	-0.018722
1.737285e-06	-0.0186
1.739285e-06	-0.018234
1.741285e-06	-0.018356
1.743285e-06	-0.017136
1.745285e-06	-0.01799
1.747285e-06	-0.017502
1.749285e-06	-0.017136
1.751285e-06	-0.017258
1.753285e-06	-0.018112
1.755285e-06	-0.017502
1.757285e-06	-0.017868
1.759285e-06	-0.017746
1.761285e-06	-0.018112
1.763285e-06	-0.01738
1.765285e-06	-0.017746
1.767285e-06	-0.017624
1.769285e-06	-0.018478
1.771285e-06	-0.0186
1.773285e-06	-0.018356
1.775285e-06	-0.019088
1.777285e-06	-0.019454
1.779285e-06	-0.019088
1.781285e-06	-0.019088
1.783285e-06	-0.019332
1.785285e-06	-0.018966
1.787285e-06	-0.019088
1.789285e-06	-0.018966
1.791285e-06	-0.019088
1.793285e-06	-0.020064
1.795285e-06	-0.019942
1.797285e-06	-0.020308
1.799285e-06	-0.020186
1.801285e-06	-0.020186
1.803285e-06	-0.01982
1.805285e-06	-0.019942
1.807285e-06	-0.020308
1.809285e-06	-0.021162
1.811285e-06	-0.020674
1.813285e-06	-0.020552
1.815285e-06	-0.021162
1.817285e-06	-0.021284
1.819285e-06	-0.021406
1.821285e-06	-0.02165
1.823285e-06	-0.021772
1.825285e-06	-0.022138
1.827285e-06	-0.021528
1.829285e-06	-0.02165
1.831285e-06	-0.021772
1.833285e-06	-0.022138
1.835285e-06	-0.021528
1.837285e-06	-0.02165
1.839285e-06	-0.021406
1.841285e-06	-0.021772
1.843285e-06	-0.02104
1.845285e-06	-0.02226
1.847285e-06	-0.022138
1.849285e-06	-0.022138
1.851285e-06	-0.021894
1.853285e-06	-0.02226
1.855285e-06	-0.02226
1.857285e-06	-0.022626
1.859285e-06	-0.022382
1.861285e-06	-0.022504
1.863285e-06	-0.022504
1.865285e-06	-0.021772
1.867285e-06	-0.021284
1.869285e-06	-0.022138
1.871285e-06	-0.021772
1.873285e-06	-0.022016
1.875285e-06	-0.02165
1.877285e-06	-0.021162
1.879285e-06	-0.021528
1.881285e-06	-0.021772
1.883285e-06	-0.021162
1.885285e-06	-0.02104
1.887285e-06	-0.021284
1.889285e-06	-0.020674
1.891285e-06	-0.02104
1.893285e-06	-0.020918
1.895285e-06	-0.020308
1.897285e-06	-0.019942
1.899285e-06	-0.019698
1.901285e-06	-0.019454
1.903285e-06	-0.019088
1.905285e-06	-0.019088
1.907285e-06	-0.0186
1.909285e-06	-0.018722
1.911285e-06	-0.018722
1.913285e-06	-0.019088
1.915285e-06	-0.019576
1.917285e-06	-0.019332
1.919285e-06	-0.019698
1.921285e-06	-0.019942
1.923285e-06	-0.019698
1.925285e-06	-0.01982
1.927285e-06	-0.019454
1.929285e-06	-0.01982
1.931285e-06	-0.01921
1.933285e-06	-0.019698
1.935285e-06	-0.01921
1.937285e-06	-0.019576
1.939285e-06	-0.019332
1.941285e-06	-0.019332
1.943285e-06	-0.019088
1.945285e-06	-0.019698
1.947285e-06	-0.020064
1.949285e-06	-0.020552
1.951285e-06	-0.02043
1.953285e-06	-0.021284
1.955285e-06	-0.020552
1.957285e-06	-0.019942
1.959285e-06	-0.01982
1.961285e-06	-0.020308
1.963285e-06	-0.019942
1.965285e-06	-0.01921
1.967285e-06	-0.019332
1.969285e-06	-0.019942
1.971285e-06	-0.019332
1.973285e-06	-0.020064
1.975285e-06	-0.01982
1.977285e-06	-0.020186
1.979285e-06	-0.020186
1.981285e-06	-0.019454
1.983285e-06	-0.019332
1.985285e-06	-0.019088
1.987285e-06	-0.0186
1.989285e-06	-0.018356
1.991285e-06	-0.018356
1.993285e-06	-0.018844
1.995285e-06	-0.018722
1.997285e-06	-0.018234
1.999285e-06	-0.018234
2.001285e-06	-0.018112
2.003285e-06	-0.01799
2.005285e-06	-0.01799
2.007285e-06	-0.017624
2.009285e-06	-0.01799
2.011285e-06	-0.01799
2.013285e-06	-0.018722
2.015285e-06	-0.018722
2.017285e-06	-0.0186
2.019285e-06	-0.018722
2.021285e-06	-0.018722
2.023285e-06	-0.018966
2.025285e-06	-0.019454
2.027285e-06	-0.019454
2.029285e-06	-0.019942
2.031285e-06	-0.019088
2.033285e-06	-0.019698
2.035285e-06	-0.020064
2.037285e-06	-0.02043
2.039285e-06	-0.020186
2.041285e-06	-0.020064
2.043285e-06	-0.020308
2.045285e-06	-0.019576
2.047285e-06	-0.019942
2.049285e-06	-0.020552
2.051285e-06	-0.020796
2.053285e-06	-0.020918
2.055285e-06	-0.020918
2.057285e-06	-0.02165
2.059285e-06	-0.020796
2.061285e-06	-0.020918
2.063285e-06	-0.02043
2.065285e-06	-0.020552
2.067285e-06	-0.020308
2.069285e-06	-0.020796
2.071285e-06	-0.020674
2.073285e-06	-0.021284
2.075285e-06	-0.021406
2.077285e-06	-0.021406
2.079285e-06	-0.02165
2.081285e-06	-0.021894
2.083285e-06	-0.022016
2.085285e-06	-0.02165
2.087285e-06	-0.022016
2.089285e-06	-0.021772
2.091285e-06	-0.021772
2.093285e-06	-0.021772
2.095285e-06	-0.021894
2.097285e-06	-0.022138
2.099285e-06	-0.02165
2.101285e-06	-0.02165
2.103285e-06	-0.021894
2.105285e-06	-0.022382
2.107285e-06	-0.021772
2.109285e-06	-0.022504
2.111285e-06	-0.023236
2.113285e-06	-0.023236
2.115285e-06	-0.022992
2.117285e-06	-0.023602
2.119285e-06	-0.023358
2.121285e-06	-0.023358
2.123285e-06	-0.022748
2.125285e-06	-0.023236
2.127285e-06	-0.022748
2.129285e-06	-0.02287
2.131285e-06	-0.023114
2.133285e-06	-0.02287
2.135285e-06	-0.022626
2.137285e-06	-0.02287
2.139285e-06	-0.022504
2.141285e-06	-0.022504
2.143285e-06	-0.022504
2.145285e-06	-0.022992
2.147285e-06	-0.022382
2.149285e-06	-0.022382
2.151285e-06	-0.02226
2.153285e-06	-0.022138
2.155285e-06	-0.021772
2.157285e-06	-0.022382
2.159285e-06	-0.022504
2.161285e-06	-0.022626
2.163285e-06	-0.021894
2.165285e-06	-0.022016
2.167285e-06	-0.02165
2.169285e-06	-0.02165
2.171285e-06	-0.021284
2.173285e-06	-0.020918
2.175285e-06	-0.020552
2.177285e-06	-0.020918
2.179285e-06	-0.020064
2.181285e-06	-0.019942
2.183285e-06	-0.019454
2.185285e-06	-0.019698
2.187285e-06	-0.01921
2.189285e-06	-0.0186
2.191285e-06	-0.018478
2.193285e-06	-0.0186
2.195285e-06	-0.018722
2.197285e-06	-0.0186
2.199285e-06	-0.018722
2.201285e-06	-0.0186
2.203285e-06	-0.018112
2.205285e-06	-0.0186
2.207285e-06	-0.018844
2.209285e-06	-0.018844
2.211285e-06	-0.018844
2.213285e-06	-0.01921
2.215285e-06	-0.018478
2.217285e-06	-0.0186
2.219285e-06	-0.018478
2.221285e-06	-0.018478
2.223285e-06	-0.017868
2.225285e-06	-0.018112
2.227285e-06	-0.017746
2.229285e-06	-0.017868
2.231285e-06	-0.017136
2.233285e-06	-0.017624
2.235285e-06	-0.01738
2.237285e-06	-0.017502
2.239285e-06	-0.017136
2.241285e-06	-0.017258
2.243285e-06	-0.017014
2.245285e-06	-0.017258
2.247285e-06	-0.017136
2.249285e-06	-0.016892
2.251285e-06	-0.016648
2.253285e-06	-0.017014
2.255285e-06	-0.016282
2.257285e-06	-0.017014
2.259285e-06	-0.016404
2.261285e-06	-0.016648
2.263285e-06	-0.016526
2.265285e-06	-0.016526
2.267285e-06	-0.016038
2.269285e-06	-0.01677
2.271285e-06	-0.016404
2.273285e-06	-0.016648
2.275285e-06	-0.016404
2.277285e-06	-0.017136
2.279285e-06	-0.016526
2.281285e-06	-0.017136
2.283285e-06	-0.016282
2.285285e-06	-0.016648
2.287285e-06	-0.01677
2.289285e-06	-0.016648
2.291285e-06	-0.016526
2.293285e-06	-0.016526
2.295285e-06	-0.016038
2.297285e-06	-0.015794
2.299285e-06	-0.015794
2.301285e-06	-0.01616
2.303285e-06	-0.015794
2.305285e-06	-0.016282
2.307285e-06	-0.01555
2.309285e-06	-0.016282
2.311285e-06	-0.015916
2.313285e-06	-0.01555
2.315285e-06	-0.01555
2.317285e-06	-0.015306
2.319285e-06	-0.014818
2.321285e-06	-0.015672
2.323285e-06	-0.015428
2.325285e-06	-0.015306
2.327285e-06	-0.015062
2.329285e-06	-0.015916
2.331285e-06	-0.016038
2.333285e-06	-0.016404
2.335285e-06	-0.015916
2.337285e-06	-0.015672
2.339285e-06	-0.016038
2.341285e-06	-0.015916
2.343285e-06	-0.015916
2.345285e-06	-0.016404
2.347285e-06	-0.016404
2.349285e-06	-0.01616
2.351285e-06	-0.015916
2.353285e-06	-0.01555
2.355285e-06	-0.015794
2.357285e-06	-0.016526
2.359285e-06	-0.016404
2.361285e-06	-0.016526
2.363285e-06	-0.01677
2.365285e-06	-0.01677
2.367285e-06	-0.016282
2.369285e-06	-0.016892
2.371285e-06	-0.016404
2.373285e-06	-0.016648
2.375285e-06	-0.016648
2.377285e-06	-0.017136
2.379285e-06	-0.017014
2.381285e-06	-0.017136
2.383285e-06	-0.017136
2.385285e-06	-0.017502
2.387285e-06	-0.017502
2.389285e-06	-0.017258
2.391285e-06	-0.017258
2.393285e-06	-0.017502
2.395285e-06	-0.017136
2.397285e-06	-0.016892
2.399285e-06	-0.017502
2.401285e-06	-0.01738
2.403285e-06	-0.017502
2.405285e-06	-0.017502
2.407285e-06	-0.01738
2.409285e-06	-0.017868
2.411285e-06	-0.017136
2.413285e-06	-0.01738
2.415285e-06	-0.01738
2.417285e-06	-0.01799
2.419285e-06	-0.018234
2.421285e-06	-0.018234
2.423285e-06	-0.018112
2.425285e-06	-0.019088
2.427285e-06	-0.0186
2.429285e-06	-0.018234
2.431285e-06	-0.01921
2.433285e-06	-0.019088
2.435285e-06	-0.01921
2.437285e-06	-0.01921
2.439285e-06	-0.019942
2.441285e-06	-0.020064
2.443285e-06	-0.020064
2.445285e-06	-0.020186
2.447285e-06	-0.020552
2.449285e-06	-0.020796
2.451285e-06	-0.020552
2.453285e-06	-0.020308
2.455285e-06	-0.02043
2.457285e-06	-0.020918
2.459285e-06	-0.020796
2.461285e-06	-0.020796
2.463285e-06	-0.021284
2.465285e-06	-0.021528
2.467285e-06	-0.021162
2.469285e-06	-0.020552
2.471285e-06	-0.020918
2.473285e-06	-0.020918
2.475285e-06	-0.02043
2.477285e-06	-0.020796
2.479285e-06	-0.020674
2.481285e-06	-0.020918
2.483285e-06	-0.02104
2.485285e-06	-0.020674
2.487285e-06	-0.021162
2.489285e-06	-0.021162
2.491285e-06	-0.02104
2.493285e-06	-0.020796
2.495285e-06	-0.020308
2.497285e-06	-0.020186
2.499285e-06	-0.020552
2.501285e-06	-0.020186
