LECROYHDO6104A	50809	Waveform
Segments	1	SegmentSize	2502
Segment	TrigTime	TimeSinceSegment1
#1	19-Dec-2022 19:39:36	0                 
Time	Ampl
-2.500419e-06	-0.02535
-2.498419e-06	-0.02645
-2.496419e-06	-0.0259
-2.494419e-06	-0.0259
-2.492419e-06	-0.02865
-2.490419e-06	-0.02645
-2.488419e-06	-0.02755
-2.486419e-06	-0.0281
-2.484419e-06	-0.0281
-2.482419e-06	-0.02645
-2.480419e-06	-0.0259
-2.478419e-06	-0.02535
-2.476419e-06	-0.0226
-2.474419e-06	-0.02865
-2.472419e-06	-0.02865
-2.470419e-06	-0.0292
-2.468419e-06	-0.0314
-2.466419e-06	-0.02755
-2.464419e-06	-0.0281
-2.462419e-06	-0.02975
-2.460419e-06	-0.0281
-2.458419e-06	-0.02755
-2.456419e-06	-0.02205
-2.454419e-06	-0.027
-2.452419e-06	-0.02535
-2.450419e-06	-0.02535
-2.448419e-06	-0.0281
-2.446419e-06	-0.0237
-2.444419e-06	-0.02535
-2.442419e-06	-0.027
-2.440419e-06	-0.02645
-2.438419e-06	-0.02425
-2.436419e-06	-0.02425
-2.434419e-06	-0.0259
-2.432419e-06	-0.0281
-2.430419e-06	-0.02975
-2.428419e-06	-0.027
-2.426419e-06	-0.02535
-2.424419e-06	-0.0248
-2.422419e-06	-0.02755
-2.420419e-06	-0.02755
-2.418419e-06	-0.02645
-2.416419e-06	-0.02865
-2.414419e-06	-0.027
-2.412419e-06	-0.02645
-2.410419e-06	-0.0281
-2.408419e-06	-0.0259
-2.406419e-06	-0.02645
-2.404419e-06	-0.0259
-2.402419e-06	-0.02645
-2.400419e-06	-0.02535
-2.398419e-06	-0.0292
-2.396419e-06	-0.02755
-2.394419e-06	-0.0248
-2.392419e-06	-0.02645
-2.390419e-06	-0.02755
-2.388419e-06	-0.0259
-2.386419e-06	-0.0259
-2.384419e-06	-0.0259
-2.382419e-06	-0.02645
-2.380419e-06	-0.02645
-2.378419e-06	-0.02315
-2.376419e-06	-0.02645
-2.374419e-06	-0.0237
-2.372419e-06	-0.02315
-2.370419e-06	-0.0226
-2.368419e-06	-0.0226
-2.366419e-06	-0.02425
-2.364419e-06	-0.02755
-2.362419e-06	-0.0237
-2.360419e-06	-0.02315
-2.358419e-06	-0.0259
-2.356419e-06	-0.0259
-2.354419e-06	-0.0281
-2.352419e-06	-0.0248
-2.350419e-06	-0.0259
-2.348419e-06	-0.02535
-2.346419e-06	-0.02645
-2.344419e-06	-0.02535
-2.342419e-06	-0.027
-2.340419e-06	-0.02535
-2.338419e-06	-0.0281
-2.336419e-06	-0.0259
-2.334419e-06	-0.02425
-2.332419e-06	-0.0248
-2.330419e-06	-0.02425
-2.328419e-06	-0.02205
-2.326419e-06	-0.02425
-2.324419e-06	-0.027
-2.322419e-06	-0.02755
-2.320419e-06	-0.0248
-2.318419e-06	-0.0259
-2.316419e-06	-0.0259
-2.314419e-06	-0.02755
-2.312419e-06	-0.02645
-2.310419e-06	-0.027
-2.308419e-06	-0.02425
-2.306419e-06	-0.0237
-2.304419e-06	-0.02315
-2.302419e-06	-0.0248
-2.300419e-06	-0.0237
-2.298419e-06	-0.02205
-2.296419e-06	-0.02205
-2.294419e-06	-0.02315
-2.292419e-06	-0.02755
-2.290419e-06	-0.02425
-2.288419e-06	-0.02315
-2.286419e-06	-0.02315
-2.284419e-06	-0.0259
-2.282419e-06	-0.0237
-2.280419e-06	-0.0248
-2.278419e-06	-0.02315
-2.276419e-06	-0.0248
-2.274419e-06	-0.02205
-2.272419e-06	-0.0259
-2.270419e-06	-0.0259
-2.268419e-06	-0.02315
-2.266419e-06	-0.0237
-2.264419e-06	-0.02095
-2.262419e-06	-0.02645
-2.260419e-06	-0.02425
-2.258419e-06	-0.0226
-2.256419e-06	-0.02095
-2.254419e-06	-0.0226
-2.252419e-06	-0.02535
-2.250419e-06	-0.01985
-2.248419e-06	-0.02315
-2.246419e-06	-0.02315
-2.244419e-06	-0.02645
-2.242419e-06	-0.01985
-2.240419e-06	-0.02095
-2.238419e-06	-0.02205
-2.236419e-06	-0.02205
-2.234419e-06	-0.01875
-2.232419e-06	-0.0215
-2.230419e-06	-0.0226
-2.228419e-06	-0.02205
-2.226419e-06	-0.02205
-2.224419e-06	-0.0204
-2.222419e-06	-0.0237
-2.220419e-06	-0.02315
-2.218419e-06	-0.02095
-2.216419e-06	-0.0237
-2.214419e-06	-0.0226
-2.212419e-06	-0.01875
-2.210419e-06	-0.01985
-2.208419e-06	-0.02095
-2.206419e-06	-0.0226
-2.204419e-06	-0.0226
-2.202419e-06	-0.0193
-2.200419e-06	-0.0193
-2.198419e-06	-0.0215
-2.196419e-06	-0.01985
-2.194419e-06	-0.0204
-2.192419e-06	-0.0215
-2.190419e-06	-0.02315
-2.188419e-06	-0.0237
-2.186419e-06	-0.0237
-2.184419e-06	-0.02205
-2.182419e-06	-0.02205
-2.180419e-06	-0.02095
-2.178419e-06	-0.02205
-2.176419e-06	-0.0237
-2.174419e-06	-0.0259
-2.172419e-06	-0.02535
-2.170419e-06	-0.02095
-2.168419e-06	-0.02095
-2.166419e-06	-0.0248
-2.164419e-06	-0.02315
-2.162419e-06	-0.02315
-2.160419e-06	-0.0193
-2.158419e-06	-0.02095
-2.156419e-06	-0.0226
-2.154419e-06	-0.02425
-2.152419e-06	-0.0226
-2.150419e-06	-0.0259
-2.148419e-06	-0.02645
-2.146419e-06	-0.02425
-2.144419e-06	-0.0237
-2.142419e-06	-0.02315
-2.140419e-06	-0.0215
-2.138419e-06	-0.02535
-2.136419e-06	-0.02645
-2.134419e-06	-0.0248
-2.132419e-06	-0.0237
-2.130419e-06	-0.02425
-2.128419e-06	-0.02315
-2.126419e-06	-0.02645
-2.124419e-06	-0.02645
-2.122419e-06	-0.0248
-2.120419e-06	-0.0248
-2.118419e-06	-0.02315
-2.116419e-06	-0.02755
-2.114419e-06	-0.02865
-2.112419e-06	-0.027
-2.110419e-06	-0.0248
-2.108419e-06	-0.0215
-2.106419e-06	-0.0226
-2.104419e-06	-0.02535
-2.102419e-06	-0.0248
-2.100419e-06	-0.0248
-2.098419e-06	-0.0248
-2.096419e-06	-0.0237
-2.094419e-06	-0.02535
-2.092419e-06	-0.0237
-2.090419e-06	-0.0248
-2.088419e-06	-0.02425
-2.086419e-06	-0.02315
-2.084419e-06	-0.02425
-2.082419e-06	-0.02315
-2.080419e-06	-0.0237
-2.078419e-06	-0.02425
-2.076419e-06	-0.02535
-2.074419e-06	-0.0248
-2.072419e-06	-0.02425
-2.070419e-06	-0.0248
-2.068419e-06	-0.0248
-2.066419e-06	-0.02315
-2.064419e-06	-0.0248
-2.062419e-06	-0.02425
-2.060419e-06	-0.0248
-2.058419e-06	-0.02425
-2.056419e-06	-0.0259
-2.054419e-06	-0.02755
-2.052419e-06	-0.0248
-2.050419e-06	-0.0248
-2.048419e-06	-0.0259
-2.046419e-06	-0.0292
-2.044419e-06	-0.02205
-2.042419e-06	-0.0259
-2.040419e-06	-0.0248
-2.038419e-06	-0.027
-2.036419e-06	-0.0237
-2.034419e-06	-0.0259
-2.032419e-06	-0.0248
-2.030419e-06	-0.0259
-2.028419e-06	-0.02535
-2.026419e-06	-0.02645
-2.024419e-06	-0.027
-2.022419e-06	-0.0248
-2.020419e-06	-0.0259
-2.018419e-06	-0.02975
-2.016419e-06	-0.0259
-2.014419e-06	-0.02425
-2.012419e-06	-0.02975
-2.010419e-06	-0.02865
-2.008419e-06	-0.02425
-2.006419e-06	-0.0259
-2.004419e-06	-0.02645
-2.002419e-06	-0.0259
-2.000419e-06	-0.0237
-1.998419e-06	-0.02645
-1.996419e-06	-0.0281
-1.994419e-06	-0.02755
-1.992419e-06	-0.0259
-1.990419e-06	-0.0314
-1.988419e-06	-0.02755
-1.986419e-06	-0.02425
-1.984419e-06	-0.027
-1.982419e-06	-0.02975
-1.980419e-06	-0.03195
-1.978419e-06	-0.027
-1.976419e-06	-0.027
-1.974419e-06	-0.0303
-1.972419e-06	-0.027
-1.970419e-06	-0.02755
-1.968419e-06	-0.02645
-1.966419e-06	-0.03085
-1.964419e-06	-0.0303
-1.962419e-06	-0.0314
-1.960419e-06	-0.027
-1.958419e-06	-0.0314
-1.956419e-06	-0.02865
-1.954419e-06	-0.0303
-1.952419e-06	-0.02865
-1.950419e-06	-0.03305
-1.948419e-06	-0.02975
-1.946419e-06	-0.0281
-1.944419e-06	-0.027
-1.942419e-06	-0.02865
-1.940419e-06	-0.0281
-1.938419e-06	-0.0292
-1.936419e-06	-0.0281
-1.934419e-06	-0.0292
-1.932419e-06	-0.02865
-1.930419e-06	-0.02645
-1.928419e-06	-0.0281
-1.926419e-06	-0.0292
-1.924419e-06	-0.0303
-1.922419e-06	-0.02865
-1.920419e-06	-0.027
-1.918419e-06	-0.027
-1.916419e-06	-0.0281
-1.914419e-06	-0.0292
-1.912419e-06	-0.027
-1.910419e-06	-0.02865
-1.908419e-06	-0.02535
-1.906419e-06	-0.02755
-1.904419e-06	-0.02645
-1.902419e-06	-0.02755
-1.900419e-06	-0.02865
-1.898419e-06	-0.02755
-1.896419e-06	-0.0292
-1.894419e-06	-0.03085
-1.892419e-06	-0.02975
-1.890419e-06	-0.02755
-1.888419e-06	-0.02645
-1.886419e-06	-0.0303
-1.884419e-06	-0.0248
-1.882419e-06	-0.02975
-1.880419e-06	-0.02535
-1.878419e-06	-0.0248
-1.876419e-06	-0.02755
-1.874419e-06	-0.0292
-1.872419e-06	-0.0259
-1.870419e-06	-0.02865
-1.868419e-06	-0.02645
-1.866419e-06	-0.02755
-1.864419e-06	-0.02535
-1.862419e-06	-0.02755
-1.860419e-06	-0.02535
-1.858419e-06	-0.0237
-1.856419e-06	-0.02535
-1.854419e-06	-0.027
-1.852419e-06	-0.02095
-1.850419e-06	-0.0259
-1.848419e-06	-0.02645
-1.846419e-06	-0.02645
-1.844419e-06	-0.0259
-1.842419e-06	-0.02645
-1.840419e-06	-0.02645
-1.838419e-06	-0.02425
-1.836419e-06	-0.02425
-1.834419e-06	-0.0215
-1.832419e-06	-0.02425
-1.830419e-06	-0.02755
-1.828419e-06	-0.0248
-1.826419e-06	-0.02645
-1.824419e-06	-0.02645
-1.822419e-06	-0.0259
-1.820419e-06	-0.0281
-1.818419e-06	-0.02865
-1.816419e-06	-0.02535
-1.814419e-06	-0.02755
-1.812419e-06	-0.0259
-1.810419e-06	-0.02645
-1.808419e-06	-0.0259
-1.806419e-06	-0.02645
-1.804419e-06	-0.0248
-1.802419e-06	-0.0281
-1.800419e-06	-0.0248
-1.798419e-06	-0.027
-1.796419e-06	-0.0259
-1.794419e-06	-0.02535
-1.792419e-06	-0.0259
-1.790419e-06	-0.027
-1.788419e-06	-0.0248
-1.786419e-06	-0.02425
-1.784419e-06	-0.0259
-1.782419e-06	-0.027
-1.780419e-06	-0.02315
-1.778419e-06	-0.0259
-1.776419e-06	-0.027
-1.774419e-06	-0.02315
-1.772419e-06	-0.02425
-1.770419e-06	-0.0259
-1.768419e-06	-0.0292
-1.766419e-06	-0.02645
-1.764419e-06	-0.0292
-1.762419e-06	-0.02535
-1.760419e-06	-0.027
-1.758419e-06	-0.0314
-1.756419e-06	-0.0281
-1.754419e-06	-0.02425
-1.752419e-06	-0.02425
-1.750419e-06	-0.02535
-1.748419e-06	-0.02755
-1.746419e-06	-0.0292
-1.744419e-06	-0.02645
-1.742419e-06	-0.027
-1.740419e-06	-0.0281
-1.738419e-06	-0.02975
-1.736419e-06	-0.0281
-1.734419e-06	-0.0292
-1.732419e-06	-0.0237
-1.730419e-06	-0.02755
-1.728419e-06	-0.0292
-1.726419e-06	-0.02645
-1.724419e-06	-0.02755
-1.722419e-06	-0.027
-1.720419e-06	-0.027
-1.718419e-06	-0.0248
-1.716419e-06	-0.027
-1.714419e-06	-0.0281
-1.712419e-06	-0.02315
-1.710419e-06	-0.0259
-1.708419e-06	-0.02645
-1.706419e-06	-0.02645
-1.704419e-06	-0.02535
-1.702419e-06	-0.02755
-1.700419e-06	-0.02535
-1.698419e-06	-0.0259
-1.696419e-06	-0.0248
-1.694419e-06	-0.02535
-1.692419e-06	-0.0259
-1.690419e-06	-0.02755
-1.688419e-06	-0.02315
-1.686419e-06	-0.027
-1.684419e-06	-0.0259
-1.682419e-06	-0.03085
-1.680419e-06	-0.0259
-1.678419e-06	-0.02645
-1.676419e-06	-0.0281
-1.674419e-06	-0.0259
-1.672419e-06	-0.02645
-1.670419e-06	-0.0259
-1.668419e-06	-0.0248
-1.666419e-06	-0.02425
-1.664419e-06	-0.02755
-1.662419e-06	-0.0281
-1.660419e-06	-0.02865
-1.658419e-06	-0.0303
-1.656419e-06	-0.02645
-1.654419e-06	-0.0259
-1.652419e-06	-0.02755
-1.650419e-06	-0.02755
-1.648419e-06	-0.0237
-1.646419e-06	-0.02865
-1.644419e-06	-0.02755
-1.642419e-06	-0.0303
-1.640419e-06	-0.02645
-1.638419e-06	-0.02425
-1.636419e-06	-0.0292
-1.634419e-06	-0.02975
-1.632419e-06	-0.02865
-1.630419e-06	-0.02755
-1.628419e-06	-0.02975
-1.626419e-06	-0.02975
-1.624419e-06	-0.03085
-1.622419e-06	-0.0292
-1.620419e-06	-0.0314
-1.618419e-06	-0.03085
-1.616419e-06	-0.02755
-1.614419e-06	-0.02865
-1.612419e-06	-0.0281
-1.610419e-06	-0.02865
-1.608419e-06	-0.02425
-1.606419e-06	-0.02315
-1.604419e-06	-0.02975
-1.602419e-06	-0.0281
-1.600419e-06	-0.02645
-1.598419e-06	-0.02975
-1.596419e-06	-0.02755
-1.594419e-06	-0.02865
-1.592419e-06	-0.0259
-1.590419e-06	-0.0237
-1.588419e-06	-0.02645
-1.586419e-06	-0.02535
-1.584419e-06	-0.02865
-1.582419e-06	-0.0281
-1.580419e-06	-0.02535
-1.578419e-06	-0.02425
-1.576419e-06	-0.02425
-1.574419e-06	-0.02975
-1.572419e-06	-0.02975
-1.570419e-06	-0.02645
-1.568419e-06	-0.02425
-1.566419e-06	-0.02645
-1.564419e-06	-0.0292
-1.562419e-06	-0.0248
-1.560419e-06	-0.02315
-1.558419e-06	-0.0259
-1.556419e-06	-0.0303
-1.554419e-06	-0.02975
-1.552419e-06	-0.02645
-1.550419e-06	-0.0292
-1.548419e-06	-0.02755
-1.546419e-06	-0.02645
-1.544419e-06	-0.0259
-1.542419e-06	-0.0237
-1.540419e-06	-0.02425
-1.538419e-06	-0.02645
-1.536419e-06	-0.02535
-1.534419e-06	-0.02425
-1.532419e-06	-0.02865
-1.530419e-06	-0.02425
-1.528419e-06	-0.0237
-1.526419e-06	-0.02975
-1.524419e-06	-0.027
-1.522419e-06	-0.027
-1.520419e-06	-0.02755
-1.518419e-06	-0.0248
-1.516419e-06	-0.027
-1.514419e-06	-0.02425
-1.512419e-06	-0.0248
-1.510419e-06	-0.0259
-1.508419e-06	-0.0281
-1.506419e-06	-0.0237
-1.504419e-06	-0.02315
-1.502419e-06	-0.02865
-1.500419e-06	-0.02865
-1.498419e-06	-0.02425
-1.496419e-06	-0.02315
-1.494419e-06	-0.027
-1.492419e-06	-0.027
-1.490419e-06	-0.0248
-1.488419e-06	-0.0226
-1.486419e-06	-0.0259
-1.484419e-06	-0.0237
-1.482419e-06	-0.0215
-1.480419e-06	-0.0226
-1.478419e-06	-0.02645
-1.476419e-06	-0.02755
-1.474419e-06	-0.0237
-1.472419e-06	-0.02205
-1.470419e-06	-0.02865
-1.468419e-06	-0.0237
-1.466419e-06	-0.02315
-1.464419e-06	-0.02095
-1.462419e-06	-0.0237
-1.460419e-06	-0.02755
-1.458419e-06	-0.02425
-1.456419e-06	-0.02315
-1.454419e-06	-0.02315
-1.452419e-06	-0.02425
-1.450419e-06	-0.0215
-1.448419e-06	-0.0248
-1.446419e-06	-0.0281
-1.444419e-06	-0.02425
-1.442419e-06	-0.02535
-1.440419e-06	-0.02425
-1.438419e-06	-0.02645
-1.436419e-06	-0.0248
-1.434419e-06	-0.0226
-1.432419e-06	-0.0259
-1.430419e-06	-0.02535
-1.428419e-06	-0.0259
-1.426419e-06	-0.02095
-1.424419e-06	-0.0237
-1.422419e-06	-0.0248
-1.420419e-06	-0.02425
-1.418419e-06	-0.0226
-1.416419e-06	-0.0281
-1.414419e-06	-0.0259
-1.412419e-06	-0.027
-1.410419e-06	-0.02535
-1.408419e-06	-0.02755
-1.406419e-06	-0.02865
-1.404419e-06	-0.027
-1.402419e-06	-0.02535
-1.400419e-06	-0.02535
-1.398419e-06	-0.02535
-1.396419e-06	-0.0259
-1.394419e-06	-0.0248
-1.392419e-06	-0.02425
-1.390419e-06	-0.02535
-1.388419e-06	-0.0292
-1.386419e-06	-0.02645
-1.384419e-06	-0.0237
-1.382419e-06	-0.02645
-1.380419e-06	-0.02425
-1.378419e-06	-0.02205
-1.376419e-06	-0.02315
-1.374419e-06	-0.0226
-1.372419e-06	-0.0248
-1.370419e-06	-0.0237
-1.368419e-06	-0.02315
-1.366419e-06	-0.0248
-1.364419e-06	-0.027
-1.362419e-06	-0.02315
-1.360419e-06	-0.02205
-1.358419e-06	-0.02425
-1.356419e-06	-0.02205
-1.354419e-06	-0.02315
-1.352419e-06	-0.02205
-1.350419e-06	-0.0226
-1.348419e-06	-0.0237
-1.346419e-06	-0.0193
-1.344419e-06	-0.0215
-1.342419e-06	-0.0237
-1.340419e-06	-0.02315
-1.338419e-06	-0.02095
-1.336419e-06	-0.02205
-1.334419e-06	-0.0204
-1.332419e-06	-0.0237
-1.330419e-06	-0.02095
-1.328419e-06	-0.0204
-1.326419e-06	-0.02315
-1.324419e-06	-0.02425
-1.322419e-06	-0.0215
-1.320419e-06	-0.02535
-1.318419e-06	-0.0237
-1.316419e-06	-0.02755
-1.314419e-06	-0.02535
-1.312419e-06	-0.02315
-1.310419e-06	-0.0259
-1.308419e-06	-0.0259
-1.306419e-06	-0.02535
-1.304419e-06	-0.02645
-1.302419e-06	-0.0237
-1.300419e-06	-0.02645
-1.298419e-06	-0.027
-1.296419e-06	-0.0281
-1.294419e-06	-0.02975
-1.292419e-06	-0.0259
-1.290419e-06	-0.0259
-1.288419e-06	-0.0248
-1.286419e-06	-0.02645
-1.284419e-06	-0.02865
-1.282419e-06	-0.02755
-1.280419e-06	-0.0248
-1.278419e-06	-0.0281
-1.276419e-06	-0.0281
-1.274419e-06	-0.02535
-1.272419e-06	-0.027
-1.270419e-06	-0.02645
-1.268419e-06	-0.02645
-1.266419e-06	-0.0259
-1.264419e-06	-0.02535
-1.262419e-06	-0.02865
-1.260419e-06	-0.027
-1.258419e-06	-0.0237
-1.256419e-06	-0.0259
-1.254419e-06	-0.0259
-1.252419e-06	-0.02535
-1.250419e-06	-0.0237
-1.248419e-06	-0.02205
-1.246419e-06	-0.02645
-1.244419e-06	-0.02645
-1.242419e-06	-0.02425
-1.240419e-06	-0.027
-1.238419e-06	-0.02315
-1.236419e-06	-0.02425
-1.234419e-06	-0.0215
-1.232419e-06	-0.0259
-1.230419e-06	-0.0237
-1.228419e-06	-0.027
-1.226419e-06	-0.02425
-1.224419e-06	-0.0237
-1.222419e-06	-0.02535
-1.220419e-06	-0.02315
-1.218419e-06	-0.0237
-1.216419e-06	-0.02315
-1.214419e-06	-0.02425
-1.212419e-06	-0.0215
-1.210419e-06	-0.02425
-1.208419e-06	-0.0237
-1.206419e-06	-0.02425
-1.204419e-06	-0.027
-1.202419e-06	-0.02315
-1.200419e-06	-0.02205
-1.198419e-06	-0.0226
-1.196419e-06	-0.01875
-1.194419e-06	-0.0204
-1.192419e-06	-0.02205
-1.190419e-06	-0.01985
-1.188419e-06	-0.0226
-1.186419e-06	-0.01875
-1.184419e-06	-0.0204
-1.182419e-06	-0.0215
-1.180419e-06	-0.02205
-1.178419e-06	-0.02095
-1.176419e-06	-0.02095
-1.174419e-06	-0.02095
-1.172419e-06	-0.0215
-1.170419e-06	-0.02095
-1.168419e-06	-0.0215
-1.166419e-06	-0.02205
-1.164419e-06	-0.01985
-1.162419e-06	-0.0193
-1.160419e-06	-0.0193
-1.158419e-06	-0.0193
-1.156419e-06	-0.0204
-1.154419e-06	-0.0237
-1.152419e-06	-0.0215
-1.150419e-06	-0.0215
-1.148419e-06	-0.02095
-1.146419e-06	-0.0193
-1.144419e-06	-0.02205
-1.142419e-06	-0.02205
-1.140419e-06	-0.01985
-1.138419e-06	-0.02315
-1.136419e-06	-0.02535
-1.134419e-06	-0.02425
-1.132419e-06	-0.02755
-1.130419e-06	-0.02535
-1.128419e-06	-0.0259
-1.126419e-06	-0.0237
-1.124419e-06	-0.027
-1.122419e-06	-0.0248
-1.120419e-06	-0.0237
-1.118419e-06	-0.0248
-1.116419e-06	-0.02535
-1.114419e-06	-0.027
-1.112419e-06	-0.0237
-1.110419e-06	-0.0248
-1.108419e-06	-0.027
-1.106419e-06	-0.0259
-1.104419e-06	-0.027
-1.102419e-06	-0.02755
-1.100419e-06	-0.02425
-1.098419e-06	-0.0226
-1.096419e-06	-0.02425
-1.094419e-06	-0.0226
-1.092419e-06	-0.02315
-1.090419e-06	-0.0237
-1.088419e-06	-0.0248
-1.086419e-06	-0.0259
-1.084419e-06	-0.02865
-1.082419e-06	-0.0281
-1.080419e-06	-0.02865
-1.078419e-06	-0.027
-1.076419e-06	-0.02755
-1.074419e-06	-0.02535
-1.072419e-06	-0.02425
-1.070419e-06	-0.0292
-1.068419e-06	-0.02645
-1.066419e-06	-0.0248
-1.064419e-06	-0.027
-1.062419e-06	-0.02425
-1.060419e-06	-0.027
-1.058419e-06	-0.0259
-1.056419e-06	-0.02535
-1.054419e-06	-0.027
-1.052419e-06	-0.02425
-1.050419e-06	-0.02425
-1.048419e-06	-0.02645
-1.046419e-06	-0.027
-1.044419e-06	-0.02645
-1.042419e-06	-0.02645
-1.040419e-06	-0.0237
-1.038419e-06	-0.0237
-1.036419e-06	-0.02865
-1.034419e-06	-0.02425
-1.032419e-06	-0.0215
-1.030419e-06	-0.02425
-1.028419e-06	-0.02645
-1.026419e-06	-0.02865
-1.024419e-06	-0.02425
-1.022419e-06	-0.02425
-1.020419e-06	-0.0237
-1.018419e-06	-0.02425
-1.016419e-06	-0.02425
-1.014419e-06	-0.0237
-1.012419e-06	-0.02425
-1.010419e-06	-0.02425
-1.008419e-06	-0.0237
-1.006419e-06	-0.02535
-1.004419e-06	-0.0237
-1.002419e-06	-0.02425
-1.000419e-06	-0.0248
-9.984189e-07	-0.0259
-9.964189e-07	-0.0248
-9.944189e-07	-0.0237
-9.924189e-07	-0.0215
-9.904189e-07	-0.027
-9.884189e-07	-0.02645
-9.864189e-07	-0.01985
-9.844189e-07	-0.02205
-9.824189e-07	-0.02425
-9.804189e-07	-0.0259
-9.784189e-07	-0.0248
-9.764189e-07	-0.0248
-9.744189e-07	-0.02535
-9.724189e-07	-0.0237
-9.704189e-07	-0.02535
-9.684189e-07	-0.02315
-9.664189e-07	-0.02535
-9.644189e-07	-0.02755
-9.624189e-07	-0.02315
-9.604189e-07	-0.0248
-9.584189e-07	-0.02535
-9.564189e-07	-0.02645
-9.544189e-07	-0.02865
-9.524189e-07	-0.02535
-9.504189e-07	-0.027
-9.484189e-07	-0.0259
-9.464189e-07	-0.0259
-9.444189e-07	-0.0248
-9.424189e-07	-0.02425
-9.404189e-07	-0.0281
-9.384189e-07	-0.0259
-9.364189e-07	-0.02315
-9.344189e-07	-0.02755
-9.324189e-07	-0.0259
-9.304189e-07	-0.02425
-9.284189e-07	-0.02645
-9.264189e-07	-0.02755
-9.244189e-07	-0.0281
-9.224189e-07	-0.02975
-9.204189e-07	-0.02535
-9.184189e-07	-0.02865
-9.164189e-07	-0.02755
-9.144189e-07	-0.0303
-9.124189e-07	-0.0281
-9.104189e-07	-0.0303
-9.084189e-07	-0.03085
-9.064189e-07	-0.02865
-9.044189e-07	-0.027
-9.024189e-07	-0.0303
-9.004189e-07	-0.027
-8.984189e-07	-0.02535
-8.964189e-07	-0.0281
-8.944189e-07	-0.02975
-8.924189e-07	-0.02645
-8.904189e-07	-0.02535
-8.884189e-07	-0.03085
-8.864189e-07	-0.02645
-8.844189e-07	-0.02975
-8.824189e-07	-0.02865
-8.804189e-07	-0.0292
-8.784189e-07	-0.02865
-8.764189e-07	-0.027
-8.744189e-07	-0.0281
-8.724189e-07	-0.0292
-8.704189e-07	-0.027
-8.684189e-07	-0.027
-8.664189e-07	-0.02645
-8.644189e-07	-0.02645
-8.624189e-07	-0.0259
-8.604189e-07	-0.0292
-8.584189e-07	-0.0281
-8.564189e-07	-0.0281
-8.544189e-07	-0.02755
-8.524189e-07	-0.0281
-8.504189e-07	-0.02865
-8.484189e-07	-0.0281
-8.464189e-07	-0.02865
-8.444189e-07	-0.0281
-8.424189e-07	-0.02645
-8.404189e-07	-0.0248
-8.384189e-07	-0.02865
-8.364189e-07	-0.0303
-8.344189e-07	-0.02975
-8.324189e-07	-0.0259
-8.304189e-07	-0.02865
-8.284189e-07	-0.02865
-8.264189e-07	-0.02755
-8.244189e-07	-0.02755
-8.224189e-07	-0.0292
-8.204189e-07	-0.02865
-8.184189e-07	-0.02755
-8.164189e-07	-0.027
-8.144189e-07	-0.02535
-8.124189e-07	-0.02975
-8.104189e-07	-0.0281
-8.084189e-07	-0.02645
-8.064189e-07	-0.02425
-8.044189e-07	-0.0281
-8.024189e-07	-0.0259
-8.004189e-07	-0.02315
-7.984189e-07	-0.0237
-7.964189e-07	-0.02425
-7.944189e-07	-0.0248
-7.924189e-07	-0.0226
-7.904189e-07	-0.02315
-7.884189e-07	-0.02425
-7.864189e-07	-0.02205
-7.844189e-07	-0.02645
-7.824189e-07	-0.02535
-7.804189e-07	-0.0259
-7.784189e-07	-0.02315
-7.764189e-07	-0.0204
-7.744189e-07	-0.02645
-7.724189e-07	-0.0248
-7.704189e-07	-0.0259
-7.684189e-07	-0.0237
-7.664189e-07	-0.02425
-7.644189e-07	-0.02645
-7.624189e-07	-0.0237
-7.604189e-07	-0.0237
-7.584189e-07	-0.02535
-7.564189e-07	-0.02535
-7.544189e-07	-0.02755
-7.524189e-07	-0.02315
-7.504189e-07	-0.02645
-7.484189e-07	-0.02645
-7.464189e-07	-0.02535
-7.444189e-07	-0.02645
-7.424189e-07	-0.02645
-7.404189e-07	-0.02535
-7.384189e-07	-0.02315
-7.364189e-07	-0.02645
-7.344189e-07	-0.0248
-7.324189e-07	-0.027
-7.304189e-07	-0.027
-7.284189e-07	-0.02425
-7.264189e-07	-0.0237
-7.244189e-07	-0.02535
-7.224189e-07	-0.0226
-7.204189e-07	-0.02425
-7.184189e-07	-0.02535
-7.164189e-07	-0.02425
-7.144189e-07	-0.02535
-7.124189e-07	-0.0226
-7.104189e-07	-0.02425
-7.084189e-07	-0.0248
-7.064189e-07	-0.02535
-7.044189e-07	-0.02425
-7.024189e-07	-0.02645
-7.004189e-07	-0.02535
-6.984189e-07	-0.02425
-6.964189e-07	-0.02205
-6.944189e-07	-0.02535
-6.924189e-07	-0.027
-6.904189e-07	-0.027
-6.884189e-07	-0.02645
-6.864189e-07	-0.02535
-6.844189e-07	-0.027
-6.824189e-07	-0.027
-6.804189e-07	-0.02755
-6.784189e-07	-0.0303
-6.764189e-07	-0.0292
-6.744189e-07	-0.02755
-6.724189e-07	-0.02645
-6.704189e-07	-0.02645
-6.684189e-07	-0.027
-6.664189e-07	-0.027
-6.644189e-07	-0.02865
-6.624189e-07	-0.02755
-6.604189e-07	-0.027
-6.584189e-07	-0.0292
-6.564189e-07	-0.0248
-6.544189e-07	-0.02975
-6.524189e-07	-0.027
-6.504189e-07	-0.0248
-6.484189e-07	-0.02645
-6.464189e-07	-0.03085
-6.444189e-07	-0.02645
-6.424189e-07	-0.02755
-6.404189e-07	-0.0259
-6.384189e-07	-0.02645
-6.364189e-07	-0.0281
-6.344189e-07	-0.02755
-6.324189e-07	-0.02865
-6.304189e-07	-0.0292
-6.284189e-07	-0.0292
-6.264189e-07	-0.02755
-6.244189e-07	-0.0248
-6.224189e-07	-0.027
-6.204189e-07	-0.02535
-6.184189e-07	-0.02645
-6.164189e-07	-0.027
-6.144189e-07	-0.02645
-6.124189e-07	-0.02755
-6.104189e-07	-0.0237
-6.084189e-07	-0.02755
-6.064189e-07	-0.0281
-6.044189e-07	-0.02865
-6.024189e-07	-0.02755
-6.004189e-07	-0.02645
-5.984189e-07	-0.02645
-5.964189e-07	-0.02645
-5.944189e-07	-0.02975
-5.924189e-07	-0.02865
-5.904189e-07	-0.0303
-5.884189e-07	-0.027
-5.864189e-07	-0.0259
-5.844189e-07	-0.02865
-5.824189e-07	-0.0292
-5.804189e-07	-0.02755
-5.784189e-07	-0.02645
-5.764189e-07	-0.0226
-5.744189e-07	-0.0248
-5.724189e-07	-0.02865
-5.704189e-07	-0.02645
-5.684189e-07	-0.02535
-5.664189e-07	-0.027
-5.644189e-07	-0.0292
-5.624189e-07	-0.027
-5.604189e-07	-0.02535
-5.584189e-07	-0.0259
-5.564189e-07	-0.02645
-5.544189e-07	-0.02425
-5.524189e-07	-0.02645
-5.504189e-07	-0.02645
-5.484189e-07	-0.0259
-5.464189e-07	-0.0281
-5.444189e-07	-0.027
-5.424189e-07	-0.02535
-5.404189e-07	-0.0281
-5.384189e-07	-0.0259
-5.364189e-07	-0.02315
-5.344189e-07	-0.0237
-5.324189e-07	-0.02645
-5.304189e-07	-0.027
-5.284189e-07	-0.0281
-5.264189e-07	-0.02755
-5.244189e-07	-0.02755
-5.224189e-07	-0.0248
-5.204189e-07	-0.02535
-5.184189e-07	-0.02645
-5.164189e-07	-0.02755
-5.144189e-07	-0.0248
-5.124189e-07	-0.0226
-5.104189e-07	-0.0259
-5.084189e-07	-0.02535
-5.064189e-07	-0.027
-5.044189e-07	-0.0248
-5.024189e-07	-0.02755
-5.004189e-07	-0.027
-4.984189e-07	-0.02975
-4.964189e-07	-0.0259
-4.944189e-07	-0.0281
-4.924189e-07	-0.0281
-4.904189e-07	-0.02755
-4.884189e-07	-0.027
-4.864189e-07	-0.02865
-4.844189e-07	-0.02535
-4.824189e-07	-0.02425
-4.804189e-07	-0.02535
-4.784189e-07	-0.02535
-4.764189e-07	-0.02755
-4.744189e-07	-0.0248
-4.724189e-07	-0.0248
-4.704189e-07	-0.0248
-4.684189e-07	-0.02535
-4.664189e-07	-0.0259
-4.644189e-07	-0.0303
-4.624189e-07	-0.0292
-4.604189e-07	-0.027
-4.584189e-07	-0.02755
-4.564189e-07	-0.02535
-4.544189e-07	-0.02865
-4.524189e-07	-0.0292
-4.504189e-07	-0.027
-4.484189e-07	-0.027
-4.464189e-07	-0.02425
-4.444189e-07	-0.0259
-4.424189e-07	-0.0248
-4.404189e-07	-0.0237
-4.384189e-07	-0.02645
-4.364189e-07	-0.02535
-4.344189e-07	-0.0248
-4.324189e-07	-0.0226
-4.304189e-07	-0.02645
-4.284189e-07	-0.027
-4.264189e-07	-0.02645
-4.244189e-07	-0.02535
-4.224189e-07	-0.0259
-4.204189e-07	-0.02425
-4.184189e-07	-0.0248
-4.164189e-07	-0.02425
-4.144189e-07	-0.02205
-4.124189e-07	-0.027
-4.104189e-07	-0.027
-4.084189e-07	-0.0248
-4.064189e-07	-0.027
-4.044189e-07	-0.0259
-4.024189e-07	-0.02645
-4.004189e-07	-0.02535
-3.984189e-07	-0.0281
-3.964189e-07	-0.027
-3.944189e-07	-0.027
-3.924189e-07	-0.0226
-3.904189e-07	-0.02535
-3.884189e-07	-0.0259
-3.864189e-07	-0.02315
-3.844189e-07	-0.02205
-3.824189e-07	-0.0259
-3.804189e-07	-0.02535
-3.784189e-07	-0.0237
-3.764189e-07	-0.0248
-3.744189e-07	-0.02535
-3.724189e-07	-0.0259
-3.704189e-07	-0.02315
-3.684189e-07	-0.027
-3.664189e-07	-0.02865
-3.644189e-07	-0.0259
-3.624189e-07	-0.0259
-3.604189e-07	-0.0259
-3.584189e-07	-0.02865
-3.564189e-07	-0.02645
-3.544189e-07	-0.02425
-3.524189e-07	-0.02535
-3.504189e-07	-0.0248
-3.484189e-07	-0.02535
-3.464189e-07	-0.0237
-3.444189e-07	-0.0248
-3.424189e-07	-0.02535
-3.404189e-07	-0.02755
-3.384189e-07	-0.02755
-3.364189e-07	-0.02755
-3.344189e-07	-0.02535
-3.324189e-07	-0.02865
-3.304189e-07	-0.02755
-3.284189e-07	-0.0259
-3.264189e-07	-0.027
-3.244189e-07	-0.02535
-3.224189e-07	-0.02645
-3.204189e-07	-0.02535
-3.184189e-07	-0.0248
-3.164189e-07	-0.02865
-3.144189e-07	-0.02425
-3.124189e-07	-0.02535
-3.104189e-07	-0.0248
-3.084189e-07	-0.02425
-3.064189e-07	-0.02975
-3.044189e-07	-0.02755
-3.024189e-07	-0.02645
-3.004189e-07	-0.0248
-2.984189e-07	-0.0248
-2.964189e-07	-0.02535
-2.944189e-07	-0.02645
-2.924189e-07	-0.02865
-2.904189e-07	-0.0259
-2.884189e-07	-0.02535
-2.864189e-07	-0.0237
-2.844189e-07	-0.02425
-2.824189e-07	-0.0259
-2.804189e-07	-0.0259
-2.784189e-07	-0.0259
-2.764189e-07	-0.02535
-2.744189e-07	-0.02425
-2.724189e-07	-0.0248
-2.704189e-07	-0.02645
-2.684189e-07	-0.0259
-2.664189e-07	-0.0237
-2.644189e-07	-0.02315
-2.624189e-07	-0.02645
-2.604189e-07	-0.0259
-2.584189e-07	-0.0259
-2.564189e-07	-0.02645
-2.544189e-07	-0.02865
-2.524189e-07	-0.0259
-2.504189e-07	-0.02535
-2.484189e-07	-0.0226
-2.464189e-07	-0.02425
-2.444189e-07	-0.0259
-2.424189e-07	-0.0215
-2.404189e-07	-0.02205
-2.384189e-07	-0.02535
-2.364189e-07	-0.0248
-2.344189e-07	-0.0248
-2.324189e-07	-0.0259
-2.304189e-07	-0.0259
-2.284189e-07	-0.02645
-2.264189e-07	-0.0226
-2.244189e-07	-0.027
-2.224189e-07	-0.02425
-2.204189e-07	-0.0237
-2.184189e-07	-0.0237
-2.164189e-07	-0.02425
-2.144189e-07	-0.02095
-2.124189e-07	-0.02425
-2.104189e-07	-0.0259
-2.084189e-07	-0.02535
-2.064189e-07	-0.0248
-2.044189e-07	-0.02535
-2.024189e-07	-0.0259
-2.004189e-07	-0.0226
-1.984189e-07	-0.02645
-1.964189e-07	-0.02755
-1.944189e-07	-0.0237
-1.924189e-07	-0.0215
-1.904189e-07	-0.02535
-1.884189e-07	-0.02755
-1.864189e-07	-0.02755
-1.844189e-07	-0.02205
-1.824189e-07	-0.0204
-1.804189e-07	-0.02315
-1.784189e-07	-0.02755
-1.764189e-07	-0.02535
-1.744189e-07	-0.02205
-1.724189e-07	-0.02425
-1.704189e-07	-0.027
-1.684189e-07	-0.027
-1.664189e-07	-0.0237
-1.644189e-07	-0.02535
-1.624189e-07	-0.02535
-1.604189e-07	-0.027
-1.584189e-07	-0.02425
-1.564189e-07	-0.0215
-1.544189e-07	-0.02535
-1.524189e-07	-0.0248
-1.504189e-07	-0.0237
-1.484189e-07	-0.0248
-1.464189e-07	-0.02535
-1.444189e-07	-0.0237
-1.424189e-07	-0.0259
-1.404189e-07	-0.0248
-1.384189e-07	-0.02315
-1.364189e-07	-0.0259
-1.344189e-07	-0.0248
-1.324189e-07	-0.02535
-1.304189e-07	-0.02425
-1.284189e-07	-0.02755
-1.264189e-07	-0.027
-1.244189e-07	-0.02755
-1.224189e-07	-0.02095
-1.204189e-07	-0.02425
-1.184189e-07	-0.02425
-1.164189e-07	-0.02425
-1.144189e-07	-0.0237
-1.124189e-07	-0.027
-1.104189e-07	-0.0237
-1.084189e-07	-0.0248
-1.064189e-07	-0.02315
-1.044189e-07	-0.02535
-1.024189e-07	-0.02425
-1.004189e-07	-0.02425
-9.841887e-08	-0.0248
-9.641887e-08	-0.0259
-9.441887e-08	-0.0226
-9.241887e-08	-0.02205
-9.041887e-08	-0.02645
-8.841887e-08	-0.0226
-8.641887e-08	-0.0259
-8.441887e-08	-0.02645
-8.241887e-08	-0.0259
-8.041887e-08	-0.02425
-7.841887e-08	-0.02645
-7.641887e-08	-0.02205
-7.441887e-08	-0.0226
-7.241887e-08	-0.02645
-7.041887e-08	-0.0248
-6.841887e-08	-0.0237
-6.641887e-08	-0.02535
-6.441887e-08	-0.0281
-6.241887e-08	-0.0248
-6.041887e-08	-0.0281
-5.841887e-08	-0.027
-5.641887e-08	-0.0259
-5.441887e-08	-0.02645
-5.241887e-08	-0.02645
-5.041887e-08	-0.02535
-4.841887e-08	-0.0248
-4.641887e-08	-0.02425
-4.441887e-08	-0.027
-4.241887e-08	-0.02315
-4.041887e-08	-0.0259
-3.841887e-08	-0.0259
-3.641887e-08	-0.0248
-3.441887e-08	-0.0281
-3.241887e-08	-0.02535
-3.041887e-08	-0.02425
-2.841887e-08	-0.0226
-2.641887e-08	-0.0248
-2.441887e-08	-0.02315
-2.241887e-08	-0.02315
-2.041887e-08	-0.02315
-1.841887e-08	-0.0237
-1.641887e-08	-0.02205
-1.441887e-08	-0.027
-1.241887e-08	-0.0248
-1.041887e-08	-0.02315
-8.418873e-09	-0.0215
-6.418873e-09	-0.02095
-4.418873e-09	-0.0237
-2.418873e-09	-0.0215
-4.188733e-10	-0.02095
1.581127e-09	-0.02755
3.581127e-09	-0.0248
5.581127e-09	-0.02425
7.581127e-09	-0.0237
9.581127e-09	-0.02535
1.158113e-08	-0.02205
1.358113e-08	-0.0237
1.558113e-08	-0.02425
1.758113e-08	-0.0248
1.958113e-08	-0.0237
2.158113e-08	-0.0248
2.358113e-08	-0.02425
2.558113e-08	-0.0226
2.758113e-08	-0.0204
2.958113e-08	-0.02425
3.158113e-08	-0.0259
3.358113e-08	-0.027
3.558113e-08	-0.02645
3.758113e-08	-0.0226
3.958113e-08	-0.0237
4.158113e-08	-0.0237
4.358113e-08	-0.02535
4.558113e-08	-0.0237
4.758113e-08	-0.0237
4.958113e-08	-0.0237
5.158113e-08	-0.0237
5.358113e-08	-0.0215
5.558113e-08	-0.02315
5.758113e-08	-0.02315
5.958113e-08	-0.0226
6.158113e-08	-0.0215
6.358113e-08	-0.01985
6.558113e-08	-0.0226
6.758113e-08	-0.02095
6.958113e-08	-0.02095
7.158113e-08	-0.01875
7.358113e-08	-0.0237
7.558113e-08	-0.02535
7.758113e-08	-0.02315
7.958113e-08	-0.0237
8.158113e-08	-0.0226
8.358113e-08	-0.0226
8.558113e-08	-0.0204
8.758113e-08	-0.02205
8.958113e-08	-0.02535
9.158113e-08	-0.0237
9.358113e-08	-0.0215
9.558113e-08	-0.02425
9.758113e-08	-0.02425
9.958113e-08	-0.0204
1.015811e-07	-0.0237
1.035811e-07	-0.0259
1.055811e-07	-0.02535
1.075811e-07	-0.0237
1.095811e-07	-0.02425
1.115811e-07	-0.02205
1.135811e-07	-0.0237
1.155811e-07	-0.02645
1.175811e-07	-0.02095
1.195811e-07	-0.0215
1.215811e-07	-0.02425
1.235811e-07	-0.02535
1.255811e-07	-0.0226
1.275811e-07	-0.01985
1.295811e-07	-0.0138
1.315811e-07	-0.0017
1.335811e-07	0.0236
1.355811e-07	0.0742
1.375811e-07	0.15395
1.395811e-07	0.27275
1.415811e-07	0.4229
1.435811e-07	0.59615
1.455811e-07	0.77325
1.475811e-07	0.9509
1.495811e-07	1.10545
1.515811e-07	1.21215
1.535811e-07	1.27155
1.555811e-07	1.3172
1.575811e-07	1.34745
1.595811e-07	1.37715
1.615811e-07	1.392
1.635811e-07	1.4162
1.655811e-07	1.42555
1.675811e-07	1.436
1.695811e-07	1.4459
1.715811e-07	1.4591
1.735811e-07	1.4635
1.755811e-07	1.4778
1.775811e-07	1.48495
1.795811e-07	1.4932
1.815811e-07	1.4965
1.835811e-07	1.5064
1.855811e-07	1.50915
1.875811e-07	1.51685
1.895811e-07	1.51905
1.915811e-07	1.52455
1.935811e-07	1.52455
1.955811e-07	1.53555
1.975811e-07	1.5339
1.995811e-07	1.53995
2.015811e-07	1.54105
2.035811e-07	1.5471
2.055811e-07	1.54765
2.075811e-07	1.54985
2.095811e-07	1.5548
2.115811e-07	1.5592
2.135811e-07	1.55975
2.155811e-07	1.56305
2.175811e-07	1.56305
2.195811e-07	1.57075
2.215811e-07	1.57075
2.235811e-07	1.5713
2.255811e-07	1.57295
2.275811e-07	1.58065
2.295811e-07	1.5812
2.315811e-07	1.5812
2.335811e-07	1.57735
2.355811e-07	1.58175
2.375811e-07	1.58175
2.395811e-07	1.5878
2.415811e-07	1.58615
2.435811e-07	1.59495
2.455811e-07	1.5911
2.475811e-07	1.5911
2.495811e-07	1.59
2.515811e-07	1.59715
2.535811e-07	1.59825
2.555811e-07	1.5988
2.575811e-07	1.5966
2.595811e-07	1.5988
2.615811e-07	1.59825
2.635811e-07	1.59935
2.655811e-07	1.601
2.675811e-07	1.6043
2.695811e-07	1.5977
2.715811e-07	1.60265
2.735811e-07	1.59935
2.755811e-07	1.6032
2.775811e-07	1.60155
2.795811e-07	1.60375
2.815811e-07	1.60045
2.835811e-07	1.6054
2.855811e-07	1.601
2.875811e-07	1.6043
2.895811e-07	1.5977
2.915811e-07	1.59935
2.935811e-07	1.59055
2.955811e-07	1.58285
2.975811e-07	1.56745
2.995811e-07	1.557
3.015811e-07	1.5284
3.035811e-07	1.4778
3.055811e-07	1.37825
3.075811e-07	1.32325
3.095811e-07	1.27705
3.115811e-07	1.23635
3.135811e-07	1.194
3.155811e-07	1.1566
3.175811e-07	1.11645
3.195811e-07	1.0873
3.215811e-07	1.04935
3.235811e-07	1.018
3.255811e-07	0.985
3.275811e-07	0.95475
3.295811e-07	0.9223
3.315811e-07	0.8948
3.335811e-07	0.8673
3.355811e-07	0.84255
3.375811e-07	0.81945
3.395811e-07	0.7925
3.415811e-07	0.7672
3.435811e-07	0.7496
3.455811e-07	0.7276
3.475811e-07	0.7056
3.495811e-07	0.6858
3.515811e-07	0.66215
3.535811e-07	0.64345
3.555811e-07	0.6275
3.575811e-07	0.611
3.595811e-07	0.59285
3.615811e-07	0.5747
3.635811e-07	0.5604
3.655811e-07	0.5439
3.675811e-07	0.52795
3.695811e-07	0.51035
3.715811e-07	0.4999
3.735811e-07	0.4867
3.755811e-07	0.4713
3.775811e-07	0.45755
3.795811e-07	0.4482
3.815811e-07	0.43225
3.835811e-07	0.42345
3.855811e-07	0.41025
3.875811e-07	0.4031
3.895811e-07	0.39155
3.915811e-07	0.38
3.935811e-07	0.369
3.955811e-07	0.358
3.975811e-07	0.3503
3.995811e-07	0.3426
4.015811e-07	0.33215
4.035811e-07	0.3228
4.055811e-07	0.3118
4.075811e-07	0.30795
4.095811e-07	0.29365
4.115811e-07	0.28595
4.135811e-07	0.27935
4.155811e-07	0.27275
4.175811e-07	0.26725
4.195811e-07	0.2612
4.215811e-07	0.2524
4.235811e-07	0.248
4.255811e-07	0.2414
4.275811e-07	0.2348
4.295811e-07	0.22875
4.315811e-07	0.2238
4.335811e-07	0.2183
4.355811e-07	0.21445
4.375811e-07	0.2062
4.395811e-07	0.20015
4.415811e-07	0.19575
4.435811e-07	0.1897
4.455811e-07	0.18695
4.475811e-07	0.182
4.495811e-07	0.17595
4.515811e-07	0.17045
4.535811e-07	0.171
4.555811e-07	0.16495
4.575811e-07	0.16055
4.595811e-07	0.1556
4.615811e-07	0.15395
4.635811e-07	0.1479
4.655811e-07	0.1457
4.675811e-07	0.13965
4.695811e-07	0.1347
4.715811e-07	0.13635
4.735811e-07	0.1303
4.755811e-07	0.12755
4.775811e-07	0.1226
4.795811e-07	0.12315
4.815811e-07	0.1171
4.835811e-07	0.11105
4.855811e-07	0.10885
4.875811e-07	0.10775
4.895811e-07	0.1039
4.915811e-07	0.10225
4.935811e-07	0.0995
4.955811e-07	0.09675
4.975811e-07	0.0951
4.995811e-07	0.0929
5.015811e-07	0.09125
5.035811e-07	0.08905
5.055811e-07	0.0841
5.075811e-07	0.0808
5.095811e-07	0.0797
5.115811e-07	0.0808
5.135811e-07	0.07475
5.155811e-07	0.0742
5.175811e-07	0.06925
5.195811e-07	0.0698
5.215811e-07	0.06375
5.235811e-07	0.061
5.255811e-07	0.0643
5.275811e-07	0.061
5.295811e-07	0.0599
5.315811e-07	0.05495
5.335811e-07	0.05495
5.355811e-07	0.0533
5.375811e-07	0.05055
5.395811e-07	0.0478
5.415811e-07	0.04725
5.435811e-07	0.05
5.455811e-07	0.0456
5.475811e-07	0.03955
5.495811e-07	0.04285
5.515811e-07	0.0445
5.535811e-07	0.0401
5.555811e-07	0.0379
5.575811e-07	0.039
5.595811e-07	0.0401
5.615811e-07	0.0368
5.635811e-07	0.03405
5.655811e-07	0.03515
5.675811e-07	0.0324
5.695811e-07	0.02965
5.715811e-07	0.02855
5.735811e-07	0.0291
5.755811e-07	0.02745
5.775811e-07	0.02745
5.795811e-07	0.02525
5.815811e-07	0.02855
5.835811e-07	0.0225
5.855811e-07	0.0225
5.875811e-07	0.0236
5.895811e-07	0.02085
5.915811e-07	0.0203
5.935811e-07	0.0214
5.955811e-07	0.01865
5.975811e-07	0.017
5.995811e-07	0.0192
6.015811e-07	0.01645
6.035811e-07	0.0137
6.055811e-07	0.0148
6.075811e-07	0.0126
6.095811e-07	0.01205
6.115811e-07	0.0126
6.135811e-07	0.0126
6.155811e-07	0.01315
6.175811e-07	0.0093
6.195811e-07	0.00985
6.215811e-07	0.00765
6.235811e-07	0.00985
6.255811e-07	0.00655
6.275811e-07	0.0082
6.295811e-07	0.00655
6.315811e-07	0.0071
6.335811e-07	0.0049
6.355811e-07	0.0038
6.375811e-07	0.00435
6.395811e-07	0.00215
6.415811e-07	0.0038
6.435811e-07	0.0005
6.455811e-07	-5e-05
6.475811e-07	0.0005
6.495811e-07	0.0005
6.515811e-07	-0.00115
6.535811e-07	-0.0039
6.555811e-07	-0.0006
6.575811e-07	-0.005
6.595811e-07	-0.0039
6.615811e-07	-0.00335
6.635811e-07	-0.0072
6.655811e-07	-0.005
6.675811e-07	-0.0072
6.695811e-07	-0.005
6.715811e-07	-0.0039
6.735811e-07	-0.0072
6.755811e-07	-0.0061
6.775811e-07	-0.005
6.795811e-07	-0.00665
6.815811e-07	-0.0083
6.835811e-07	-0.00775
6.855811e-07	-0.00995
6.875811e-07	-0.00775
6.895811e-07	-0.0105
6.915811e-07	-0.0083
6.935811e-07	-0.0105
6.955811e-07	-0.0105
6.975811e-07	-0.00995
6.995811e-07	-0.0127
7.015811e-07	-0.01215
7.035811e-07	-0.01325
7.055811e-07	-0.0138
7.075811e-07	-0.0127
7.095811e-07	-0.01215
7.115811e-07	-0.00995
7.135811e-07	-0.01215
7.155811e-07	-0.01545
7.175811e-07	-0.01545
7.195811e-07	-0.0171
7.215811e-07	-0.0149
7.235811e-07	-0.01545
7.255811e-07	-0.01435
7.275811e-07	-0.0149
7.295811e-07	-0.016
7.315811e-07	-0.0171
7.335811e-07	-0.01655
7.355811e-07	-0.01655
7.375811e-07	-0.01435
7.395811e-07	-0.016
7.415811e-07	-0.0182
7.435811e-07	-0.01655
7.455811e-07	-0.0193
7.475811e-07	-0.01545
7.495811e-07	-0.016
7.515811e-07	-0.01985
7.535811e-07	-0.0193
7.555811e-07	-0.0149
7.575811e-07	-0.016
7.595811e-07	-0.01985
7.615811e-07	-0.01985
7.635811e-07	-0.0171
7.655811e-07	-0.02095
7.675811e-07	-0.0226
7.695811e-07	-0.0226
7.715811e-07	-0.0215
7.735811e-07	-0.01985
7.755811e-07	-0.01655
7.775811e-07	-0.0237
7.795811e-07	-0.0204
7.815811e-07	-0.02095
7.835811e-07	-0.01545
7.855811e-07	-0.0182
7.875811e-07	-0.0182
7.895811e-07	-0.01985
7.915811e-07	-0.01875
7.935811e-07	-0.0215
7.955811e-07	-0.0182
7.975811e-07	-0.016
7.995811e-07	-0.01765
8.015811e-07	-0.0182
8.035811e-07	-0.02205
8.055811e-07	-0.0182
8.075811e-07	-0.0193
8.095811e-07	-0.0215
8.115811e-07	-0.0226
8.135811e-07	-0.01765
8.155811e-07	-0.0226
8.175811e-07	-0.01985
8.195811e-07	-0.01765
8.215811e-07	-0.01875
8.235811e-07	-0.02095
8.255811e-07	-0.01875
8.275811e-07	-0.02095
8.295811e-07	-0.0193
8.315811e-07	-0.0171
8.335811e-07	-0.01655
8.355811e-07	-0.0149
8.375811e-07	-0.01875
8.395811e-07	-0.0182
8.415811e-07	-0.01985
8.435811e-07	-0.0237
8.455811e-07	-0.02095
8.475811e-07	-0.01985
8.495811e-07	-0.02315
8.515811e-07	-0.01985
8.535811e-07	-0.016
8.555811e-07	-0.0182
8.575811e-07	-0.01985
8.595811e-07	-0.0226
8.615811e-07	-0.01875
8.635811e-07	-0.02095
8.655811e-07	-0.0204
8.675811e-07	-0.02095
8.695811e-07	-0.0204
8.715811e-07	-0.0171
8.735811e-07	-0.01985
8.755811e-07	-0.0204
8.775811e-07	-0.02095
8.795811e-07	-0.02205
8.815811e-07	-0.0226
8.835811e-07	-0.0248
8.855811e-07	-0.0204
8.875811e-07	-0.02315
8.895811e-07	-0.0204
8.915811e-07	-0.02315
8.935811e-07	-0.01875
8.955811e-07	-0.0204
8.975811e-07	-0.02205
8.995811e-07	-0.0226
9.015811e-07	-0.01875
9.035811e-07	-0.0215
9.055811e-07	-0.0204
9.075811e-07	-0.0215
9.095811e-07	-0.01985
9.115811e-07	-0.02205
9.135811e-07	-0.0226
9.155811e-07	-0.02095
9.175811e-07	-0.02205
9.195811e-07	-0.0193
9.215811e-07	-0.02095
9.235811e-07	-0.01985
9.255811e-07	-0.02205
9.275811e-07	-0.0193
9.295811e-07	-0.0204
9.315811e-07	-0.0237
9.335811e-07	-0.02315
9.355811e-07	-0.0193
9.375811e-07	-0.02095
9.395811e-07	-0.01985
9.415811e-07	-0.02095
9.435811e-07	-0.02205
9.455811e-07	-0.02535
9.475811e-07	-0.0215
9.495811e-07	-0.01985
9.515811e-07	-0.0215
9.535811e-07	-0.0193
9.555811e-07	-0.0226
9.575811e-07	-0.01985
9.595811e-07	-0.02315
9.615811e-07	-0.02095
9.635811e-07	-0.0226
9.655811e-07	-0.02315
9.675811e-07	-0.02095
9.695811e-07	-0.02425
9.715811e-07	-0.0226
9.735811e-07	-0.0237
9.755811e-07	-0.0237
9.775811e-07	-0.0259
9.795811e-07	-0.02425
9.815811e-07	-0.02535
9.835811e-07	-0.02645
9.855811e-07	-0.02645
9.875811e-07	-0.0248
9.895811e-07	-0.0248
9.915811e-07	-0.0248
9.935811e-07	-0.02315
9.955811e-07	-0.027
9.975811e-07	-0.02645
9.995811e-07	-0.0248
1.001581e-06	-0.02975
1.003581e-06	-0.02425
1.005581e-06	-0.0248
1.007581e-06	-0.02425
1.009581e-06	-0.02535
1.011581e-06	-0.02425
1.013581e-06	-0.02425
1.015581e-06	-0.02425
1.017581e-06	-0.02535
1.019581e-06	-0.02645
1.021581e-06	-0.02535
1.023581e-06	-0.02535
1.025581e-06	-0.0292
1.027581e-06	-0.0248
1.029581e-06	-0.027
1.031581e-06	-0.0248
1.033581e-06	-0.0259
1.035581e-06	-0.0292
1.037581e-06	-0.02975
1.039581e-06	-0.0259
1.041581e-06	-0.02975
1.043581e-06	-0.02645
1.045581e-06	-0.0281
1.047581e-06	-0.0292
1.049581e-06	-0.03085
1.051581e-06	-0.0292
1.053581e-06	-0.0292
1.055581e-06	-0.0303
1.057581e-06	-0.0303
1.059581e-06	-0.0303
1.061581e-06	-0.0303
1.063581e-06	-0.02975
1.065581e-06	-0.027
1.067581e-06	-0.02975
1.069581e-06	-0.0314
1.071581e-06	-0.02865
1.073581e-06	-0.03085
1.075581e-06	-0.02755
1.077581e-06	-0.0336
1.079581e-06	-0.0325
1.081581e-06	-0.02975
1.083581e-06	-0.02755
1.085581e-06	-0.02975
1.087581e-06	-0.0281
1.089581e-06	-0.0292
1.091581e-06	-0.02865
1.093581e-06	-0.02975
1.095581e-06	-0.02865
1.097581e-06	-0.0259
1.099581e-06	-0.027
1.101581e-06	-0.02645
1.103581e-06	-0.02645
1.105581e-06	-0.0292
1.107581e-06	-0.027
1.109581e-06	-0.0259
1.111581e-06	-0.02645
1.113581e-06	-0.027
1.115581e-06	-0.02425
1.117581e-06	-0.0281
1.119581e-06	-0.02865
1.121581e-06	-0.02645
1.123581e-06	-0.027
1.125581e-06	-0.02645
1.127581e-06	-0.027
1.129581e-06	-0.02755
1.131581e-06	-0.02645
1.133581e-06	-0.02975
1.135581e-06	-0.0215
1.137581e-06	-0.02975
1.139581e-06	-0.0281
1.141581e-06	-0.0281
1.143581e-06	-0.02645
1.145581e-06	-0.02645
1.147581e-06	-0.027
1.149581e-06	-0.02755
1.151581e-06	-0.0259
1.153581e-06	-0.0281
1.155581e-06	-0.02755
1.157581e-06	-0.0281
1.159581e-06	-0.02425
1.161581e-06	-0.02755
1.163581e-06	-0.0259
1.165581e-06	-0.027
1.167581e-06	-0.02425
1.169581e-06	-0.02975
1.171581e-06	-0.02535
1.173581e-06	-0.027
1.175581e-06	-0.02425
1.177581e-06	-0.0281
1.179581e-06	-0.0259
1.181581e-06	-0.02425
1.183581e-06	-0.0259
1.185581e-06	-0.02755
1.187581e-06	-0.02535
1.189581e-06	-0.027
1.191581e-06	-0.02645
1.193581e-06	-0.02645
1.195581e-06	-0.02645
1.197581e-06	-0.02975
1.199581e-06	-0.0259
1.201581e-06	-0.027
1.203581e-06	-0.027
1.205581e-06	-0.0292
1.207581e-06	-0.027
1.209581e-06	-0.02535
1.211581e-06	-0.02865
1.213581e-06	-0.02645
1.215581e-06	-0.027
1.217581e-06	-0.0259
1.219581e-06	-0.0248
1.221581e-06	-0.0259
1.223581e-06	-0.0248
1.225581e-06	-0.02645
1.227581e-06	-0.02315
1.229581e-06	-0.02645
1.231581e-06	-0.027
1.233581e-06	-0.0281
1.235581e-06	-0.02315
1.237581e-06	-0.027
1.239581e-06	-0.0259
1.241581e-06	-0.02535
1.243581e-06	-0.02535
1.245581e-06	-0.0259
1.247581e-06	-0.0226
1.249581e-06	-0.02425
1.251581e-06	-0.0237
1.253581e-06	-0.02425
1.255581e-06	-0.0215
1.257581e-06	-0.0226
1.259581e-06	-0.02205
1.261581e-06	-0.02425
1.263581e-06	-0.0237
1.265581e-06	-0.0248
1.267581e-06	-0.0248
1.269581e-06	-0.02425
1.271581e-06	-0.02205
1.273581e-06	-0.02425
1.275581e-06	-0.0248
1.277581e-06	-0.02865
1.279581e-06	-0.02425
1.281581e-06	-0.0237
1.283581e-06	-0.0215
1.285581e-06	-0.02425
1.287581e-06	-0.02645
1.289581e-06	-0.02315
1.291581e-06	-0.0204
1.293581e-06	-0.0259
1.295581e-06	-0.02315
1.297581e-06	-0.02425
1.299581e-06	-0.0204
1.301581e-06	-0.0237
1.303581e-06	-0.02205
1.305581e-06	-0.02315
1.307581e-06	-0.0248
1.309581e-06	-0.02205
1.311581e-06	-0.02205
1.313581e-06	-0.0237
1.315581e-06	-0.0215
1.317581e-06	-0.02645
1.319581e-06	-0.0226
1.321581e-06	-0.02535
1.323581e-06	-0.027
1.325581e-06	-0.0248
1.327581e-06	-0.02315
1.329581e-06	-0.02095
1.331581e-06	-0.0248
1.333581e-06	-0.0226
1.335581e-06	-0.02205
1.337581e-06	-0.02425
1.339581e-06	-0.0237
1.341581e-06	-0.0237
1.343581e-06	-0.0215
1.345581e-06	-0.02425
1.347581e-06	-0.02425
1.349581e-06	-0.0248
1.351581e-06	-0.0226
1.353581e-06	-0.02645
1.355581e-06	-0.02535
1.357581e-06	-0.0259
1.359581e-06	-0.02425
1.361581e-06	-0.02425
1.363581e-06	-0.0226
1.365581e-06	-0.0259
1.367581e-06	-0.0248
1.369581e-06	-0.02425
1.371581e-06	-0.02425
1.373581e-06	-0.02425
1.375581e-06	-0.0248
1.377581e-06	-0.027
1.379581e-06	-0.0259
1.381581e-06	-0.0292
1.383581e-06	-0.02425
1.385581e-06	-0.02755
1.387581e-06	-0.027
1.389581e-06	-0.02535
1.391581e-06	-0.0248
1.393581e-06	-0.0292
1.395581e-06	-0.027
1.397581e-06	-0.0259
1.399581e-06	-0.02315
1.401581e-06	-0.027
1.403581e-06	-0.02755
1.405581e-06	-0.02755
1.407581e-06	-0.0259
1.409581e-06	-0.02645
1.411581e-06	-0.027
1.413581e-06	-0.027
1.415581e-06	-0.0259
1.417581e-06	-0.0226
1.419581e-06	-0.0248
1.421581e-06	-0.027
1.423581e-06	-0.02535
1.425581e-06	-0.0237
1.427581e-06	-0.0259
1.429581e-06	-0.0281
1.431581e-06	-0.0281
1.433581e-06	-0.0259
1.435581e-06	-0.027
1.437581e-06	-0.0281
1.439581e-06	-0.02535
1.441581e-06	-0.0303
1.443581e-06	-0.0248
1.445581e-06	-0.02755
1.447581e-06	-0.027
1.449581e-06	-0.02865
1.451581e-06	-0.03085
1.453581e-06	-0.02865
1.455581e-06	-0.0259
1.457581e-06	-0.02755
1.459581e-06	-0.02645
1.461581e-06	-0.02865
1.463581e-06	-0.027
1.465581e-06	-0.02425
1.467581e-06	-0.02645
1.469581e-06	-0.02425
1.471581e-06	-0.0259
1.473581e-06	-0.0215
1.475581e-06	-0.0204
1.477581e-06	-0.02425
1.479581e-06	-0.02645
1.481581e-06	-0.02645
1.483581e-06	-0.02535
1.485581e-06	-0.027
1.487581e-06	-0.027
1.489581e-06	-0.02865
1.491581e-06	-0.0259
1.493581e-06	-0.02535
1.495581e-06	-0.02645
1.497581e-06	-0.02645
1.499581e-06	-0.027
1.501581e-06	-0.02425
1.503581e-06	-0.02315
1.505581e-06	-0.0259
1.507581e-06	-0.02315
1.509581e-06	-0.0259
1.511581e-06	-0.02645
1.513581e-06	-0.02645
1.515581e-06	-0.02205
1.517581e-06	-0.0248
1.519581e-06	-0.02645
1.521581e-06	-0.0248
1.523581e-06	-0.02645
1.525581e-06	-0.0237
1.527581e-06	-0.02645
1.529581e-06	-0.0237
1.531581e-06	-0.02645
1.533581e-06	-0.0237
1.535581e-06	-0.02535
1.537581e-06	-0.02425
1.539581e-06	-0.0248
1.541581e-06	-0.02535
1.543581e-06	-0.02205
1.545581e-06	-0.02095
1.547581e-06	-0.02535
1.549581e-06	-0.0259
1.551581e-06	-0.02535
1.553581e-06	-0.0259
1.555581e-06	-0.0248
1.557581e-06	-0.02425
1.559581e-06	-0.0204
1.561581e-06	-0.02425
1.563581e-06	-0.0237
1.565581e-06	-0.0204
1.567581e-06	-0.02205
1.569581e-06	-0.02315
1.571581e-06	-0.0226
1.573581e-06	-0.0193
1.575581e-06	-0.0226
1.577581e-06	-0.02095
1.579581e-06	-0.0204
1.581581e-06	-0.02205
1.583581e-06	-0.0215
1.585581e-06	-0.02205
1.587581e-06	-0.0237
1.589581e-06	-0.0226
1.591581e-06	-0.02205
1.593581e-06	-0.01765
1.595581e-06	-0.02315
1.597581e-06	-0.0193
1.599581e-06	-0.02095
1.601581e-06	-0.0215
1.603581e-06	-0.0204
1.605581e-06	-0.02205
1.607581e-06	-0.0193
1.609581e-06	-0.0204
1.611581e-06	-0.0215
1.613581e-06	-0.0226
1.615581e-06	-0.02315
1.617581e-06	-0.02535
1.619581e-06	-0.0248
1.621581e-06	-0.02205
1.623581e-06	-0.0204
1.625581e-06	-0.0193
1.627581e-06	-0.02315
1.629581e-06	-0.0204
1.631581e-06	-0.0193
1.633581e-06	-0.0215
1.635581e-06	-0.0193
1.637581e-06	-0.01985
1.639581e-06	-0.02095
1.641581e-06	-0.0182
1.643581e-06	-0.02095
1.645581e-06	-0.02425
1.647581e-06	-0.0215
1.649581e-06	-0.02205
1.651581e-06	-0.02205
1.653581e-06	-0.0226
1.655581e-06	-0.02315
1.657581e-06	-0.02315
1.659581e-06	-0.0237
1.661581e-06	-0.02425
1.663581e-06	-0.0237
1.665581e-06	-0.02095
1.667581e-06	-0.02205
1.669581e-06	-0.02315
1.671581e-06	-0.02425
1.673581e-06	-0.0237
1.675581e-06	-0.02425
1.677581e-06	-0.02205
1.679581e-06	-0.02205
1.681581e-06	-0.0237
1.683581e-06	-0.02315
1.685581e-06	-0.0215
1.687581e-06	-0.02095
1.689581e-06	-0.02205
1.691581e-06	-0.02535
1.693581e-06	-0.02205
1.695581e-06	-0.02315
1.697581e-06	-0.0237
1.699581e-06	-0.02095
1.701581e-06	-0.02425
1.703581e-06	-0.0248
1.705581e-06	-0.02425
1.707581e-06	-0.0237
1.709581e-06	-0.02315
1.711581e-06	-0.0237
1.713581e-06	-0.02095
1.715581e-06	-0.0237
1.717581e-06	-0.02315
1.719581e-06	-0.02315
1.721581e-06	-0.02095
1.723581e-06	-0.0248
1.725581e-06	-0.02315
1.727581e-06	-0.02095
1.729581e-06	-0.0237
1.731581e-06	-0.02755
1.733581e-06	-0.0248
1.735581e-06	-0.0259
1.737581e-06	-0.0248
1.739581e-06	-0.02205
1.741581e-06	-0.027
1.743581e-06	-0.0204
1.745581e-06	-0.02425
1.747581e-06	-0.02425
1.749581e-06	-0.0237
1.751581e-06	-0.02315
1.753581e-06	-0.02535
1.755581e-06	-0.02645
1.757581e-06	-0.02645
1.759581e-06	-0.02205
1.761581e-06	-0.0237
1.763581e-06	-0.02205
1.765581e-06	-0.02425
1.767581e-06	-0.02535
1.769581e-06	-0.02755
1.771581e-06	-0.027
1.773581e-06	-0.02425
1.775581e-06	-0.02315
1.777581e-06	-0.02205
1.779581e-06	-0.0248
1.781581e-06	-0.02315
1.783581e-06	-0.0215
1.785581e-06	-0.0259
1.787581e-06	-0.027
1.789581e-06	-0.027
1.791581e-06	-0.02205
1.793581e-06	-0.02315
1.795581e-06	-0.02535
1.797581e-06	-0.02865
1.799581e-06	-0.02645
1.801581e-06	-0.02425
1.803581e-06	-0.0248
1.805581e-06	-0.0248
1.807581e-06	-0.027
1.809581e-06	-0.0237
1.811581e-06	-0.02205
1.813581e-06	-0.02645
1.815581e-06	-0.02865
1.817581e-06	-0.0248
1.819581e-06	-0.02535
1.821581e-06	-0.02865
1.823581e-06	-0.02755
1.825581e-06	-0.0259
1.827581e-06	-0.02645
1.829581e-06	-0.02645
1.831581e-06	-0.0292
1.833581e-06	-0.02975
1.835581e-06	-0.02645
1.837581e-06	-0.02865
1.839581e-06	-0.02535
1.841581e-06	-0.02865
1.843581e-06	-0.02975
1.845581e-06	-0.0292
1.847581e-06	-0.02755
1.849581e-06	-0.02975
1.851581e-06	-0.02865
1.853581e-06	-0.0281
1.855581e-06	-0.03085
1.857581e-06	-0.0347
1.859581e-06	-0.03085
1.861581e-06	-0.02865
1.863581e-06	-0.0281
1.865581e-06	-0.0292
1.867581e-06	-0.027
1.869581e-06	-0.03085
1.871581e-06	-0.0281
1.873581e-06	-0.03085
1.875581e-06	-0.02755
1.877581e-06	-0.0303
1.879581e-06	-0.03085
1.881581e-06	-0.03085
1.883581e-06	-0.02865
1.885581e-06	-0.0303
1.887581e-06	-0.0303
1.889581e-06	-0.03085
1.891581e-06	-0.0303
1.893581e-06	-0.0314
1.895581e-06	-0.02975
1.897581e-06	-0.03085
1.899581e-06	-0.03195
1.901581e-06	-0.0303
1.903581e-06	-0.027
1.905581e-06	-0.0292
1.907581e-06	-0.02975
1.909581e-06	-0.03085
1.911581e-06	-0.02975
1.913581e-06	-0.0314
1.915581e-06	-0.0281
1.917581e-06	-0.02865
1.919581e-06	-0.0292
1.921581e-06	-0.0292
1.923581e-06	-0.0303
1.925581e-06	-0.0281
1.927581e-06	-0.0292
1.929581e-06	-0.03195
1.931581e-06	-0.0303
1.933581e-06	-0.0303
1.935581e-06	-0.02645
1.937581e-06	-0.02975
1.939581e-06	-0.0259
1.941581e-06	-0.02975
1.943581e-06	-0.02865
1.945581e-06	-0.02865
1.947581e-06	-0.02865
1.949581e-06	-0.0292
1.951581e-06	-0.0314
1.953581e-06	-0.0281
1.955581e-06	-0.02645
1.957581e-06	-0.0292
1.959581e-06	-0.0292
1.961581e-06	-0.0314
1.963581e-06	-0.02755
1.965581e-06	-0.0281
1.967581e-06	-0.0303
1.969581e-06	-0.0292
1.971581e-06	-0.027
1.973581e-06	-0.02975
1.975581e-06	-0.0248
1.977581e-06	-0.03085
1.979581e-06	-0.0292
1.981581e-06	-0.02755
1.983581e-06	-0.0303
1.985581e-06	-0.0303
1.987581e-06	-0.027
1.989581e-06	-0.02975
1.991581e-06	-0.0281
1.993581e-06	-0.02865
1.995581e-06	-0.0281
1.997581e-06	-0.0292
1.999581e-06	-0.0325
2.001581e-06	-0.0281
2.003581e-06	-0.0281
2.005581e-06	-0.0292
2.007581e-06	-0.0292
2.009581e-06	-0.0314
2.011581e-06	-0.0314
2.013581e-06	-0.0303
2.015581e-06	-0.02535
2.017581e-06	-0.0314
2.019581e-06	-0.0303
2.021581e-06	-0.03085
2.023581e-06	-0.03305
2.025581e-06	-0.0303
2.027581e-06	-0.02865
2.029581e-06	-0.0314
2.031581e-06	-0.03085
2.033581e-06	-0.02865
2.035581e-06	-0.0281
2.037581e-06	-0.03195
2.039581e-06	-0.02975
2.041581e-06	-0.0281
2.043581e-06	-0.0281
2.045581e-06	-0.02645
2.047581e-06	-0.02645
2.049581e-06	-0.0281
2.051581e-06	-0.0314
2.053581e-06	-0.03085
2.055581e-06	-0.0314
2.057581e-06	-0.0325
2.059581e-06	-0.0292
2.061581e-06	-0.0281
2.063581e-06	-0.02755
2.065581e-06	-0.02975
2.067581e-06	-0.02865
2.069581e-06	-0.027
2.071581e-06	-0.0303
2.073581e-06	-0.0292
2.075581e-06	-0.0292
2.077581e-06	-0.02975
2.079581e-06	-0.02755
2.081581e-06	-0.02755
2.083581e-06	-0.0303
2.085581e-06	-0.0292
2.087581e-06	-0.027
2.089581e-06	-0.02755
2.091581e-06	-0.0259
2.093581e-06	-0.0259
2.095581e-06	-0.02425
2.097581e-06	-0.02755
2.099581e-06	-0.0259
2.101581e-06	-0.027
2.103581e-06	-0.02535
2.105581e-06	-0.02425
2.107581e-06	-0.02535
2.109581e-06	-0.02425
2.111581e-06	-0.0259
2.113581e-06	-0.02645
2.115581e-06	-0.02755
2.117581e-06	-0.02865
2.119581e-06	-0.02755
2.121581e-06	-0.027
2.123581e-06	-0.02755
2.125581e-06	-0.0248
2.127581e-06	-0.027
2.129581e-06	-0.02645
2.131581e-06	-0.027
2.133581e-06	-0.02645
2.135581e-06	-0.0226
2.137581e-06	-0.02535
2.139581e-06	-0.02535
2.141581e-06	-0.0259
2.143581e-06	-0.02535
2.145581e-06	-0.0237
2.147581e-06	-0.027
2.149581e-06	-0.0248
2.151581e-06	-0.0226
2.153581e-06	-0.02315
2.155581e-06	-0.02535
2.157581e-06	-0.0259
2.159581e-06	-0.0259
2.161581e-06	-0.0248
2.163581e-06	-0.02535
2.165581e-06	-0.0237
2.167581e-06	-0.0226
2.169581e-06	-0.02755
2.171581e-06	-0.02535
2.173581e-06	-0.0248
2.175581e-06	-0.0259
2.177581e-06	-0.02315
2.179581e-06	-0.02425
2.181581e-06	-0.02535
2.183581e-06	-0.02425
2.185581e-06	-0.02315
2.187581e-06	-0.02315
2.189581e-06	-0.02425
2.191581e-06	-0.0226
2.193581e-06	-0.02425
2.195581e-06	-0.02535
2.197581e-06	-0.0248
2.199581e-06	-0.02205
2.201581e-06	-0.02095
2.203581e-06	-0.0226
2.205581e-06	-0.01985
2.207581e-06	-0.02095
2.209581e-06	-0.0204
2.211581e-06	-0.02425
2.213581e-06	-0.02315
2.215581e-06	-0.0215
2.217581e-06	-0.02315
2.219581e-06	-0.0248
2.221581e-06	-0.0215
2.223581e-06	-0.02425
2.225581e-06	-0.0237
2.227581e-06	-0.02095
2.229581e-06	-0.02315
2.231581e-06	-0.0215
2.233581e-06	-0.02205
2.235581e-06	-0.02315
2.237581e-06	-0.0204
2.239581e-06	-0.0204
2.241581e-06	-0.02205
2.243581e-06	-0.0237
2.245581e-06	-0.02425
2.247581e-06	-0.02205
2.249581e-06	-0.0226
2.251581e-06	-0.02315
2.253581e-06	-0.02315
2.255581e-06	-0.02315
2.257581e-06	-0.02315
2.259581e-06	-0.0248
2.261581e-06	-0.0248
2.263581e-06	-0.02425
2.265581e-06	-0.02425
2.267581e-06	-0.0248
2.269581e-06	-0.02315
2.271581e-06	-0.0248
2.273581e-06	-0.0215
2.275581e-06	-0.02535
2.277581e-06	-0.02315
2.279581e-06	-0.02315
2.281581e-06	-0.027
2.283581e-06	-0.02755
2.285581e-06	-0.02425
2.287581e-06	-0.02425
2.289581e-06	-0.02205
2.291581e-06	-0.0237
2.293581e-06	-0.02315
2.295581e-06	-0.02425
2.297581e-06	-0.02425
2.299581e-06	-0.0248
2.301581e-06	-0.02425
2.303581e-06	-0.02535
2.305581e-06	-0.0237
2.307581e-06	-0.0248
2.309581e-06	-0.02095
2.311581e-06	-0.0215
2.313581e-06	-0.02315
2.315581e-06	-0.027
2.317581e-06	-0.0248
2.319581e-06	-0.0237
2.321581e-06	-0.02755
2.323581e-06	-0.0248
2.325581e-06	-0.0259
2.327581e-06	-0.02315
2.329581e-06	-0.02205
2.331581e-06	-0.0259
2.333581e-06	-0.0226
2.335581e-06	-0.0248
2.337581e-06	-0.0248
2.339581e-06	-0.02535
2.341581e-06	-0.02645
2.343581e-06	-0.02755
2.345581e-06	-0.02535
2.347581e-06	-0.02205
2.349581e-06	-0.0292
2.351581e-06	-0.0237
2.353581e-06	-0.02645
2.355581e-06	-0.02425
2.357581e-06	-0.02755
2.359581e-06	-0.0259
2.361581e-06	-0.0259
2.363581e-06	-0.02425
2.365581e-06	-0.02535
2.367581e-06	-0.02315
2.369581e-06	-0.0259
2.371581e-06	-0.0259
2.373581e-06	-0.0237
2.375581e-06	-0.0248
2.377581e-06	-0.02315
2.379581e-06	-0.0226
2.381581e-06	-0.0259
2.383581e-06	-0.0259
2.385581e-06	-0.0259
2.387581e-06	-0.0248
2.389581e-06	-0.03085
2.391581e-06	-0.02645
2.393581e-06	-0.027
2.395581e-06	-0.0237
2.397581e-06	-0.02425
2.399581e-06	-0.0259
2.401581e-06	-0.02645
2.403581e-06	-0.0248
2.405581e-06	-0.027
2.407581e-06	-0.0248
2.409581e-06	-0.0281
2.411581e-06	-0.027
2.413581e-06	-0.02865
2.415581e-06	-0.0292
2.417581e-06	-0.02865
2.419581e-06	-0.02755
2.421581e-06	-0.0281
2.423581e-06	-0.02645
2.425581e-06	-0.0259
2.427581e-06	-0.0292
2.429581e-06	-0.0259
2.431581e-06	-0.027
2.433581e-06	-0.02865
2.435581e-06	-0.0259
2.437581e-06	-0.02865
2.439581e-06	-0.02645
2.441581e-06	-0.0259
2.443581e-06	-0.0259
2.445581e-06	-0.0281
2.447581e-06	-0.0248
2.449581e-06	-0.02755
2.451581e-06	-0.02535
2.453581e-06	-0.02975
2.455581e-06	-0.02755
2.457581e-06	-0.02645
2.459581e-06	-0.0281
2.461581e-06	-0.0259
2.463581e-06	-0.02865
2.465581e-06	-0.02865
2.467581e-06	-0.02755
2.469581e-06	-0.02535
2.471581e-06	-0.02425
2.473581e-06	-0.02315
2.475581e-06	-0.02975
2.477581e-06	-0.0248
2.479581e-06	-0.02315
2.481581e-06	-0.02425
2.483581e-06	-0.027
2.485581e-06	-0.02425
2.487581e-06	-0.02755
2.489581e-06	-0.027
2.491581e-06	-0.02315
2.493581e-06	-0.0226
2.495581e-06	-0.027
2.497581e-06	-0.0281
2.499581e-06	-0.02535
2.501581e-06	-0.02205
