LECROYHDO6104A	50809	Waveform
Segments	1	SegmentSize	2502
Segment	TrigTime	TimeSinceSegment1
#1	19-Dec-2022 19:35:56	0                 
Time	Ampl
-2.501979e-06	-0.017715
-2.499979e-06	-0.01788
-2.497979e-06	-0.01854
-2.495979e-06	-0.01843
-2.493979e-06	-0.018925
-2.491979e-06	-0.019035
-2.489979e-06	-0.018815
-2.487979e-06	-0.01898
-2.485979e-06	-0.01843
-2.483979e-06	-0.018595
-2.481979e-06	-0.01887
-2.479979e-06	-0.01876
-2.477979e-06	-0.01843
-2.475979e-06	-0.018375
-2.473979e-06	-0.018485
-2.471979e-06	-0.01799
-2.469979e-06	-0.0181
-2.467979e-06	-0.01788
-2.465979e-06	-0.01799
-2.463979e-06	-0.017935
-2.461979e-06	-0.017935
-2.459979e-06	-0.017825
-2.457979e-06	-0.017935
-2.455979e-06	-0.017715
-2.453979e-06	-0.017935
-2.451979e-06	-0.017605
-2.449979e-06	-0.018045
-2.447979e-06	-0.01777
-2.445979e-06	-0.017935
-2.443979e-06	-0.017935
-2.441979e-06	-0.0181
-2.439979e-06	-0.01755
-2.437979e-06	-0.01799
-2.435979e-06	-0.01821
-2.433979e-06	-0.018705
-2.431979e-06	-0.01832
-2.429979e-06	-0.01854
-2.427979e-06	-0.01843
-2.425979e-06	-0.01865
-2.423979e-06	-0.01876
-2.421979e-06	-0.018595
-2.419979e-06	-0.018705
-2.417979e-06	-0.01865
-2.415979e-06	-0.019035
-2.413979e-06	-0.01843
-2.411979e-06	-0.018485
-2.409979e-06	-0.01865
-2.407979e-06	-0.018265
-2.405979e-06	-0.018485
-2.403979e-06	-0.0181
-2.401979e-06	-0.01832
-2.399979e-06	-0.017605
-2.397979e-06	-0.017605
-2.395979e-06	-0.01744
-2.393979e-06	-0.018045
-2.391979e-06	-0.01799
-2.389979e-06	-0.01832
-2.387979e-06	-0.018265
-2.385979e-06	-0.01876
-2.383979e-06	-0.01876
-2.381979e-06	-0.019035
-2.379979e-06	-0.018595
-2.377979e-06	-0.018815
-2.375979e-06	-0.01854
-2.373979e-06	-0.01843
-2.371979e-06	-0.01843
-2.369979e-06	-0.018485
-2.367979e-06	-0.01799
-2.365979e-06	-0.017935
-2.363979e-06	-0.01843
-2.361979e-06	-0.018815
-2.359979e-06	-0.01887
-2.357979e-06	-0.018815
-2.355979e-06	-0.019035
-2.353979e-06	-0.01931
-2.351979e-06	-0.01942
-2.349979e-06	-0.019585
-2.347979e-06	-0.019365
-2.345979e-06	-0.019475
-2.343979e-06	-0.019475
-2.341979e-06	-0.019805
-2.339979e-06	-0.01975
-2.337979e-06	-0.01997
-2.335979e-06	-0.020025
-2.333979e-06	-0.01975
-2.331979e-06	-0.01997
-2.329979e-06	-0.02041
-2.327979e-06	-0.02063
-2.325979e-06	-0.021015
-2.323979e-06	-0.02085
-2.321979e-06	-0.021015
-2.319979e-06	-0.02118
-2.317979e-06	-0.02118
-2.315979e-06	-0.02118
-2.313979e-06	-0.021675
-2.311979e-06	-0.02151
-2.309979e-06	-0.021455
-2.307979e-06	-0.02118
-2.305979e-06	-0.02162
-2.303979e-06	-0.0214
-2.301979e-06	-0.02162
-2.299979e-06	-0.02107
-2.297979e-06	-0.021125
-2.295979e-06	-0.021015
-2.293979e-06	-0.021235
-2.291979e-06	-0.0214
-2.289979e-06	-0.021125
-2.287979e-06	-0.021235
-2.285979e-06	-0.020905
-2.283979e-06	-0.02096
-2.281979e-06	-0.020795
-2.279979e-06	-0.02052
-2.277979e-06	-0.02074
-2.275979e-06	-0.021015
-2.273979e-06	-0.021015
-2.271979e-06	-0.020905
-2.269979e-06	-0.02074
-2.267979e-06	-0.021015
-2.265979e-06	-0.02162
-2.263979e-06	-0.021455
-2.261979e-06	-0.02129
-2.259979e-06	-0.021455
-2.257979e-06	-0.021785
-2.255979e-06	-0.021895
-2.253979e-06	-0.02206
-2.251979e-06	-0.021895
-2.249979e-06	-0.022115
-2.247979e-06	-0.0225
-2.245979e-06	-0.02261
-2.243979e-06	-0.022665
-2.241979e-06	-0.022775
-2.239979e-06	-0.022995
-2.237979e-06	-0.02283
-2.235979e-06	-0.02294
-2.233979e-06	-0.022665
-2.231979e-06	-0.02283
-2.229979e-06	-0.02261
-2.227979e-06	-0.022775
-2.225979e-06	-0.02305
-2.223979e-06	-0.02305
-2.221979e-06	-0.02272
-2.219979e-06	-0.02294
-2.217979e-06	-0.023105
-2.215979e-06	-0.023325
-2.213979e-06	-0.023545
-2.211979e-06	-0.023435
-2.209979e-06	-0.023655
-2.207979e-06	-0.023545
-2.205979e-06	-0.02338
-2.203979e-06	-0.02338
-2.201979e-06	-0.02349
-2.199979e-06	-0.02272
-2.197979e-06	-0.022775
-2.195979e-06	-0.02283
-2.193979e-06	-0.022775
-2.191979e-06	-0.02239
-2.189979e-06	-0.022335
-2.187979e-06	-0.02261
-2.185979e-06	-0.02305
-2.183979e-06	-0.022995
-2.181979e-06	-0.023325
-2.179979e-06	-0.023215
-2.177979e-06	-0.02305
-2.175979e-06	-0.022555
-2.173979e-06	-0.02283
-2.171979e-06	-0.022995
-2.169979e-06	-0.02305
-2.167979e-06	-0.023215
-2.165979e-06	-0.02338
-2.163979e-06	-0.02305
-2.161979e-06	-0.023435
-2.159979e-06	-0.02349
-2.157979e-06	-0.023545
-2.155979e-06	-0.023655
-2.153979e-06	-0.02393
-2.151979e-06	-0.02327
-2.149979e-06	-0.023875
-2.147979e-06	-0.023875
-2.145979e-06	-0.02393
-2.143979e-06	-0.023655
-2.141979e-06	-0.023325
-2.139979e-06	-0.02316
-2.137979e-06	-0.02305
-2.135979e-06	-0.022995
-2.133979e-06	-0.02305
-2.131979e-06	-0.02316
-2.129979e-06	-0.023325
-2.127979e-06	-0.022885
-2.125979e-06	-0.02217
-2.123979e-06	-0.022005
-2.121979e-06	-0.021565
-2.119979e-06	-0.02151
-2.117979e-06	-0.02173
-2.115979e-06	-0.02107
-2.113979e-06	-0.02129
-2.111979e-06	-0.02162
-2.109979e-06	-0.02129
-2.107979e-06	-0.02107
-2.105979e-06	-0.020905
-2.103979e-06	-0.020355
-2.101979e-06	-0.01986
-2.099979e-06	-0.02008
-2.097979e-06	-0.020245
-2.095979e-06	-0.01942
-2.093979e-06	-0.019585
-2.091979e-06	-0.020135
-2.089979e-06	-0.01975
-2.087979e-06	-0.019475
-2.085979e-06	-0.01975
-2.083979e-06	-0.01975
-2.081979e-06	-0.01975
-2.079979e-06	-0.01975
-2.077979e-06	-0.01975
-2.075979e-06	-0.01975
-2.073979e-06	-0.01964
-2.071979e-06	-0.01964
-2.069979e-06	-0.020025
-2.067979e-06	-0.019805
-2.065979e-06	-0.01964
-2.063979e-06	-0.019585
-2.061979e-06	-0.01964
-2.059979e-06	-0.01986
-2.057979e-06	-0.020355
-2.055979e-06	-0.02041
-2.053979e-06	-0.02063
-2.051979e-06	-0.020465
-2.049979e-06	-0.020575
-2.047979e-06	-0.02019
-2.045979e-06	-0.0203
-2.043979e-06	-0.020685
-2.041979e-06	-0.020795
-2.039979e-06	-0.020795
-2.037979e-06	-0.020465
-2.035979e-06	-0.020575
-2.033979e-06	-0.02019
-2.031979e-06	-0.0203
-2.029979e-06	-0.020135
-2.027979e-06	-0.020245
-2.025979e-06	-0.01997
-2.023979e-06	-0.020575
-2.021979e-06	-0.02063
-2.019979e-06	-0.020465
-2.017979e-06	-0.02063
-2.015979e-06	-0.020795
-2.013979e-06	-0.02085
-2.011979e-06	-0.021125
-2.009979e-06	-0.02129
-2.007979e-06	-0.02118
-2.005979e-06	-0.021125
-2.003979e-06	-0.02107
-2.001979e-06	-0.02129
-1.999979e-06	-0.02173
-1.997979e-06	-0.02206
-1.995979e-06	-0.021895
-1.993979e-06	-0.02195
-1.991979e-06	-0.02173
-1.989979e-06	-0.02162
-1.987979e-06	-0.021235
-1.985979e-06	-0.021235
-1.983979e-06	-0.02129
-1.981979e-06	-0.021125
-1.979979e-06	-0.021345
-1.977979e-06	-0.0214
-1.975979e-06	-0.020905
-1.973979e-06	-0.02052
-1.971979e-06	-0.02085
-1.969979e-06	-0.02107
-1.967979e-06	-0.021015
-1.965979e-06	-0.02041
-1.963979e-06	-0.01986
-1.961979e-06	-0.0203
-1.959979e-06	-0.02041
-1.957979e-06	-0.02052
-1.955979e-06	-0.02019
-1.953979e-06	-0.02063
-1.951979e-06	-0.02008
-1.949979e-06	-0.020245
-1.947979e-06	-0.020135
-1.945979e-06	-0.020355
-1.943979e-06	-0.0203
-1.941979e-06	-0.019805
-1.939979e-06	-0.01986
-1.937979e-06	-0.02008
-1.935979e-06	-0.02019
-1.933979e-06	-0.01986
-1.931979e-06	-0.02019
-1.929979e-06	-0.02019
-1.927979e-06	-0.020135
-1.925979e-06	-0.0203
-1.923979e-06	-0.020135
-1.921979e-06	-0.02019
-1.919979e-06	-0.01997
-1.917979e-06	-0.020025
-1.915979e-06	-0.02008
-1.913979e-06	-0.019915
-1.911979e-06	-0.019585
-1.909979e-06	-0.01975
-1.907979e-06	-0.019915
-1.905979e-06	-0.01986
-1.903979e-06	-0.01953
-1.901979e-06	-0.019255
-1.899979e-06	-0.019365
-1.897979e-06	-0.01953
-1.895979e-06	-0.01909
-1.893979e-06	-0.01887
-1.891979e-06	-0.01898
-1.889979e-06	-0.018925
-1.887979e-06	-0.018925
-1.885979e-06	-0.018705
-1.883979e-06	-0.018375
-1.881979e-06	-0.01854
-1.879979e-06	-0.01854
-1.877979e-06	-0.018815
-1.875979e-06	-0.018815
-1.873979e-06	-0.019255
-1.871979e-06	-0.018925
-1.869979e-06	-0.019035
-1.867979e-06	-0.018815
-1.865979e-06	-0.018705
-1.863979e-06	-0.018925
-1.861979e-06	-0.01876
-1.859979e-06	-0.01865
-1.857979e-06	-0.018705
-1.855979e-06	-0.018705
-1.853979e-06	-0.01898
-1.851979e-06	-0.019035
-1.849979e-06	-0.01909
-1.847979e-06	-0.01909
-1.845979e-06	-0.0192
-1.843979e-06	-0.019475
-1.841979e-06	-0.01964
-1.839979e-06	-0.019145
-1.837979e-06	-0.01975
-1.835979e-06	-0.02019
-1.833979e-06	-0.019805
-1.831979e-06	-0.019915
-1.829979e-06	-0.019695
-1.827979e-06	-0.019255
-1.825979e-06	-0.019475
-1.823979e-06	-0.01942
-1.821979e-06	-0.01909
-1.819979e-06	-0.01931
-1.817979e-06	-0.01986
-1.815979e-06	-0.019585
-1.813979e-06	-0.019805
-1.811979e-06	-0.020025
-1.809979e-06	-0.02008
-1.807979e-06	-0.020025
-1.805979e-06	-0.02008
-1.803979e-06	-0.019915
-1.801979e-06	-0.02019
-1.799979e-06	-0.020355
-1.797979e-06	-0.02074
-1.795979e-06	-0.020685
-1.793979e-06	-0.02074
-1.791979e-06	-0.020795
-1.789979e-06	-0.020795
-1.787979e-06	-0.02118
-1.785979e-06	-0.02107
-1.783979e-06	-0.021125
-1.781979e-06	-0.020905
-1.779979e-06	-0.021015
-1.777979e-06	-0.021015
-1.775979e-06	-0.020795
-1.773979e-06	-0.02129
-1.771979e-06	-0.021235
-1.769979e-06	-0.02129
-1.767979e-06	-0.021345
-1.765979e-06	-0.0214
-1.763979e-06	-0.021675
-1.761979e-06	-0.02184
-1.759979e-06	-0.0214
-1.757979e-06	-0.021345
-1.755979e-06	-0.02085
-1.753979e-06	-0.021015
-1.751979e-06	-0.02107
-1.749979e-06	-0.02107
-1.747979e-06	-0.021235
-1.745979e-06	-0.021455
-1.743979e-06	-0.02074
-1.741979e-06	-0.02096
-1.739979e-06	-0.021235
-1.737979e-06	-0.02173
-1.735979e-06	-0.021675
-1.733979e-06	-0.021235
-1.731979e-06	-0.0214
-1.729979e-06	-0.021675
-1.727979e-06	-0.02195
-1.725979e-06	-0.02162
-1.723979e-06	-0.021345
-1.721979e-06	-0.021675
-1.719979e-06	-0.02151
-1.717979e-06	-0.02129
-1.715979e-06	-0.02118
-1.713979e-06	-0.02118
-1.711979e-06	-0.021455
-1.709979e-06	-0.02129
-1.707979e-06	-0.021235
-1.705979e-06	-0.021345
-1.703979e-06	-0.02129
-1.701979e-06	-0.02118
-1.699979e-06	-0.02107
-1.697979e-06	-0.02074
-1.695979e-06	-0.020685
-1.693979e-06	-0.020905
-1.691979e-06	-0.021125
-1.689979e-06	-0.021565
-1.687979e-06	-0.021785
-1.685979e-06	-0.02206
-1.683979e-06	-0.022115
-1.681979e-06	-0.022225
-1.679979e-06	-0.02217
-1.677979e-06	-0.02206
-1.675979e-06	-0.022335
-1.673979e-06	-0.022995
-1.671979e-06	-0.02294
-1.669979e-06	-0.02327
-1.667979e-06	-0.022885
-1.665979e-06	-0.023435
-1.663979e-06	-0.023655
-1.661979e-06	-0.023435
-1.659979e-06	-0.0236
-1.657979e-06	-0.02338
-1.655979e-06	-0.023105
-1.653979e-06	-0.02261
-1.651979e-06	-0.0225
-1.649979e-06	-0.022555
-1.647979e-06	-0.02217
-1.645979e-06	-0.02217
-1.643979e-06	-0.02206
-1.641979e-06	-0.022115
-1.639979e-06	-0.02195
-1.637979e-06	-0.02184
-1.635979e-06	-0.0214
-1.633979e-06	-0.021565
-1.631979e-06	-0.02184
-1.629979e-06	-0.02173
-1.627979e-06	-0.021895
-1.625979e-06	-0.022115
-1.623979e-06	-0.02206
-1.621979e-06	-0.021895
-1.619979e-06	-0.02184
-1.617979e-06	-0.02162
-1.615979e-06	-0.0214
-1.613979e-06	-0.02107
-1.611979e-06	-0.021125
-1.609979e-06	-0.021455
-1.607979e-06	-0.02162
-1.605979e-06	-0.02129
-1.603979e-06	-0.021125
-1.601979e-06	-0.02129
-1.599979e-06	-0.02107
-1.597979e-06	-0.02162
-1.595979e-06	-0.021675
-1.593979e-06	-0.02184
-1.591979e-06	-0.0214
-1.589979e-06	-0.02151
-1.587979e-06	-0.021565
-1.585979e-06	-0.021565
-1.583979e-06	-0.0214
-1.581979e-06	-0.021015
-1.579979e-06	-0.02096
-1.577979e-06	-0.02118
-1.575979e-06	-0.02129
-1.573979e-06	-0.0214
-1.571979e-06	-0.020905
-1.569979e-06	-0.020685
-1.567979e-06	-0.020465
-1.565979e-06	-0.02041
-1.563979e-06	-0.01997
-1.561979e-06	-0.020245
-1.559979e-06	-0.020135
-1.557979e-06	-0.019915
-1.555979e-06	-0.019365
-1.553979e-06	-0.01953
-1.551979e-06	-0.01953
-1.549979e-06	-0.019585
-1.547979e-06	-0.0192
-1.545979e-06	-0.01964
-1.543979e-06	-0.01986
-1.541979e-06	-0.019695
-1.539979e-06	-0.0192
-1.537979e-06	-0.019475
-1.535979e-06	-0.019365
-1.533979e-06	-0.019255
-1.531979e-06	-0.01931
-1.529979e-06	-0.01964
-1.527979e-06	-0.01975
-1.525979e-06	-0.01975
-1.523979e-06	-0.019695
-1.521979e-06	-0.020025
-1.519979e-06	-0.019805
-1.517979e-06	-0.019695
-1.515979e-06	-0.01975
-1.513979e-06	-0.019585
-1.511979e-06	-0.019255
-1.509979e-06	-0.01953
-1.507979e-06	-0.019035
-1.505979e-06	-0.01909
-1.503979e-06	-0.018595
-1.501979e-06	-0.018265
-1.499979e-06	-0.018375
-1.497979e-06	-0.018595
-1.495979e-06	-0.01865
-1.493979e-06	-0.01832
-1.491979e-06	-0.018595
-1.489979e-06	-0.01931
-1.487979e-06	-0.01865
-1.485979e-06	-0.018375
-1.483979e-06	-0.017935
-1.481979e-06	-0.018045
-1.479979e-06	-0.017825
-1.477979e-06	-0.017715
-1.475979e-06	-0.017605
-1.473979e-06	-0.018485
-1.471979e-06	-0.017605
-1.469979e-06	-0.01755
-1.467979e-06	-0.017165
-1.465979e-06	-0.01711
-1.463979e-06	-0.01755
-1.461979e-06	-0.017275
-1.459979e-06	-0.017385
-1.457979e-06	-0.01788
-1.455979e-06	-0.017605
-1.453979e-06	-0.01733
-1.451979e-06	-0.01733
-1.449979e-06	-0.01678
-1.447979e-06	-0.01656
-1.445979e-06	-0.01667
-1.443979e-06	-0.01612
-1.441979e-06	-0.016615
-1.439979e-06	-0.016175
-1.437979e-06	-0.01678
-1.435979e-06	-0.01634
-1.433979e-06	-0.01656
-1.431979e-06	-0.01645
-1.429979e-06	-0.01667
-1.427979e-06	-0.01667
-1.425979e-06	-0.017055
-1.423979e-06	-0.016395
-1.421979e-06	-0.01667
-1.419979e-06	-0.016505
-1.417979e-06	-0.01678
-1.415979e-06	-0.01667
-1.413979e-06	-0.016835
-1.411979e-06	-0.01678
-1.409979e-06	-0.01722
-1.407979e-06	-0.01667
-1.405979e-06	-0.01722
-1.403979e-06	-0.017275
-1.401979e-06	-0.01766
-1.399979e-06	-0.01733
-1.397979e-06	-0.017605
-1.395979e-06	-0.01766
-1.393979e-06	-0.01843
-1.391979e-06	-0.018155
-1.389979e-06	-0.018265
-1.387979e-06	-0.01854
-1.385979e-06	-0.01876
-1.383979e-06	-0.019035
-1.381979e-06	-0.0181
-1.379979e-06	-0.018155
-1.377979e-06	-0.018265
-1.375979e-06	-0.01832
-1.373979e-06	-0.01832
-1.371979e-06	-0.01799
-1.369979e-06	-0.018375
-1.367979e-06	-0.01843
-1.365979e-06	-0.01832
-1.363979e-06	-0.01843
-1.361979e-06	-0.018705
-1.359979e-06	-0.01876
-1.357979e-06	-0.01887
-1.355979e-06	-0.01876
-1.353979e-06	-0.018815
-1.351979e-06	-0.018925
-1.349979e-06	-0.018595
-1.347979e-06	-0.018045
-1.345979e-06	-0.018485
-1.343979e-06	-0.01832
-1.341979e-06	-0.01854
-1.339979e-06	-0.01876
-1.337979e-06	-0.01832
-1.335979e-06	-0.018485
-1.333979e-06	-0.018155
-1.331979e-06	-0.01821
-1.329979e-06	-0.01854
-1.327979e-06	-0.018265
-1.325979e-06	-0.018375
-1.323979e-06	-0.01832
-1.321979e-06	-0.01843
-1.319979e-06	-0.018595
-1.317979e-06	-0.018705
-1.315979e-06	-0.01898
-1.313979e-06	-0.0192
-1.311979e-06	-0.0192
-1.309979e-06	-0.01931
-1.307979e-06	-0.01986
-1.305979e-06	-0.019805
-1.303979e-06	-0.02008
-1.301979e-06	-0.02008
-1.299979e-06	-0.020575
-1.297979e-06	-0.02041
-1.295979e-06	-0.020025
-1.293979e-06	-0.019915
-1.291979e-06	-0.01975
-1.289979e-06	-0.019805
-1.287979e-06	-0.020025
-1.285979e-06	-0.01986
-1.283979e-06	-0.01986
-1.281979e-06	-0.019695
-1.279979e-06	-0.020135
-1.277979e-06	-0.01997
-1.275979e-06	-0.01986
-1.273979e-06	-0.0203
-1.271979e-06	-0.02107
-1.269979e-06	-0.02085
-1.267979e-06	-0.020465
-1.265979e-06	-0.020905
-1.263979e-06	-0.021015
-1.261979e-06	-0.020795
-1.259979e-06	-0.020905
-1.257979e-06	-0.02085
-1.255979e-06	-0.021015
-1.253979e-06	-0.020905
-1.251979e-06	-0.021015
-1.249979e-06	-0.02118
-1.247979e-06	-0.021455
-1.245979e-06	-0.021345
-1.243979e-06	-0.02173
-1.241979e-06	-0.02151
-1.239979e-06	-0.02162
-1.237979e-06	-0.02118
-1.235979e-06	-0.021345
-1.233979e-06	-0.02118
-1.231979e-06	-0.020575
-1.229979e-06	-0.02063
-1.227979e-06	-0.020795
-1.225979e-06	-0.020795
-1.223979e-06	-0.020795
-1.221979e-06	-0.02052
-1.219979e-06	-0.02052
-1.217979e-06	-0.02085
-1.215979e-06	-0.020465
-1.213979e-06	-0.020355
-1.211979e-06	-0.0203
-1.209979e-06	-0.020355
-1.207979e-06	-0.020135
-1.205979e-06	-0.019915
-1.203979e-06	-0.01997
-1.201979e-06	-0.020245
-1.199979e-06	-0.020355
-1.197979e-06	-0.02052
-1.195979e-06	-0.02052
-1.193979e-06	-0.020465
-1.191979e-06	-0.020575
-1.189979e-06	-0.02063
-1.187979e-06	-0.020465
-1.185979e-06	-0.020575
-1.183979e-06	-0.02052
-1.181979e-06	-0.020465
-1.179979e-06	-0.020245
-1.177979e-06	-0.020355
-1.175979e-06	-0.020245
-1.173979e-06	-0.020025
-1.171979e-06	-0.01997
-1.169979e-06	-0.020355
-1.167979e-06	-0.02008
-1.165979e-06	-0.01997
-1.163979e-06	-0.02008
-1.161979e-06	-0.0203
-1.159979e-06	-0.02052
-1.157979e-06	-0.01986
-1.155979e-06	-0.02008
-1.153979e-06	-0.02019
-1.151979e-06	-0.019915
-1.149979e-06	-0.020135
-1.147979e-06	-0.020245
-1.145979e-06	-0.020465
-1.143979e-06	-0.02041
-1.141979e-06	-0.020245
-1.139979e-06	-0.020025
-1.137979e-06	-0.020355
-1.135979e-06	-0.0203
-1.133979e-06	-0.02074
-1.131979e-06	-0.02041
-1.129979e-06	-0.020245
-1.127979e-06	-0.02052
-1.125979e-06	-0.020135
-1.123979e-06	-0.02008
-1.121979e-06	-0.020355
-1.119979e-06	-0.02041
-1.117979e-06	-0.01964
-1.115979e-06	-0.01953
-1.113979e-06	-0.019695
-1.111979e-06	-0.019915
-1.109979e-06	-0.01986
-1.107979e-06	-0.019365
-1.105979e-06	-0.019365
-1.103979e-06	-0.018595
-1.101979e-06	-0.01887
-1.099979e-06	-0.01865
-1.097979e-06	-0.01854
-1.095979e-06	-0.018815
-1.093979e-06	-0.018155
-1.091979e-06	-0.01799
-1.089979e-06	-0.018045
-1.087979e-06	-0.018155
-1.085979e-06	-0.017605
-1.083979e-06	-0.017605
-1.081979e-06	-0.01722
-1.079979e-06	-0.01744
-1.077979e-06	-0.017495
-1.075979e-06	-0.01733
-1.073979e-06	-0.017165
-1.071979e-06	-0.01656
-1.069979e-06	-0.016505
-1.067979e-06	-0.016725
-1.065979e-06	-0.016835
-1.063979e-06	-0.01645
-1.061979e-06	-0.01656
-1.059979e-06	-0.01656
-1.057979e-06	-0.01667
-1.055979e-06	-0.01612
-1.053979e-06	-0.016175
-1.051979e-06	-0.016065
-1.049979e-06	-0.016285
-1.047979e-06	-0.015845
-1.045979e-06	-0.016285
-1.043979e-06	-0.01623
-1.041979e-06	-0.016835
-1.039979e-06	-0.01645
-1.037979e-06	-0.01656
-1.035979e-06	-0.01656
-1.033979e-06	-0.017385
-1.031979e-06	-0.017495
-1.029979e-06	-0.017495
-1.027979e-06	-0.017715
-1.025979e-06	-0.01755
-1.023979e-06	-0.01755
-1.021979e-06	-0.01799
-1.019979e-06	-0.01755
-1.017979e-06	-0.01744
-1.015979e-06	-0.017495
-1.013979e-06	-0.017495
-1.011979e-06	-0.01744
-1.009979e-06	-0.017715
-1.007979e-06	-0.01755
-1.005979e-06	-0.01722
-1.003979e-06	-0.01689
-1.001979e-06	-0.017055
-9.999794e-07	-0.017165
-9.979794e-07	-0.01689
-9.959794e-07	-0.016725
-9.939794e-07	-0.01722
-9.919794e-07	-0.017385
-9.899794e-07	-0.017275
-9.879794e-07	-0.017165
-9.859794e-07	-0.017165
-9.839794e-07	-0.01711
-9.819794e-07	-0.017275
-9.799794e-07	-0.017275
-9.779794e-07	-0.017385
-9.759794e-07	-0.01777
-9.739794e-07	-0.01799
-9.719794e-07	-0.017715
-9.699794e-07	-0.017715
-9.679794e-07	-0.017605
-9.659794e-07	-0.017605
-9.639794e-07	-0.017165
-9.619794e-07	-0.01744
-9.599794e-07	-0.017605
-9.579794e-07	-0.018045
-9.559794e-07	-0.018155
-9.539794e-07	-0.0181
-9.519794e-07	-0.0181
-9.499794e-07	-0.01821
-9.479794e-07	-0.01876
-9.459794e-07	-0.01898
-9.439794e-07	-0.019255
-9.419794e-07	-0.01876
-9.399794e-07	-0.018705
-9.379794e-07	-0.01909
-9.359794e-07	-0.0192
-9.339794e-07	-0.019365
-9.319794e-07	-0.019585
-9.299794e-07	-0.019695
-9.279794e-07	-0.019805
-9.259794e-07	-0.019695
-9.239794e-07	-0.02008
-9.219794e-07	-0.020355
-9.199794e-07	-0.019805
-9.179794e-07	-0.019585
-9.159794e-07	-0.0192
-9.139794e-07	-0.01953
-9.119794e-07	-0.019695
-9.099794e-07	-0.01953
-9.079794e-07	-0.019475
-9.059794e-07	-0.01986
-9.039794e-07	-0.019805
-9.019794e-07	-0.019915
-8.999794e-07	-0.02008
-8.979794e-07	-0.02041
-8.959794e-07	-0.0203
-8.939794e-07	-0.020465
-8.919794e-07	-0.02085
-8.899794e-07	-0.021015
-8.879794e-07	-0.02118
-8.859794e-07	-0.02118
-8.839794e-07	-0.021345
-8.819794e-07	-0.02085
-8.799794e-07	-0.02096
-8.779794e-07	-0.02107
-8.759794e-07	-0.021125
-8.739794e-07	-0.021235
-8.719794e-07	-0.021235
-8.699794e-07	-0.020905
-8.679794e-07	-0.020795
-8.659794e-07	-0.020795
-8.639794e-07	-0.02085
-8.619794e-07	-0.02085
-8.599794e-07	-0.020465
-8.579794e-07	-0.02063
-8.559794e-07	-0.020575
-8.539794e-07	-0.020355
-8.519794e-07	-0.0203
-8.499794e-07	-0.02063
-8.479794e-07	-0.021015
-8.459794e-07	-0.021015
-8.439794e-07	-0.02085
-8.419794e-07	-0.02107
-8.399794e-07	-0.020905
-8.379794e-07	-0.02063
-8.359794e-07	-0.02063
-8.339794e-07	-0.020575
-8.319794e-07	-0.02052
-8.299794e-07	-0.02041
-8.279794e-07	-0.02052
-8.259794e-07	-0.020685
-8.239794e-07	-0.0203
-8.219794e-07	-0.019915
-8.199794e-07	-0.020135
-8.179794e-07	-0.02008
-8.159794e-07	-0.019695
-8.139794e-07	-0.01997
-8.119794e-07	-0.019915
-8.099794e-07	-0.020245
-8.079794e-07	-0.020355
-8.059794e-07	-0.020465
-8.039794e-07	-0.02041
-8.019794e-07	-0.020685
-7.999794e-07	-0.02085
-7.979794e-07	-0.020465
-7.959794e-07	-0.02052
-7.939794e-07	-0.02074
-7.919794e-07	-0.020465
-7.899794e-07	-0.021125
-7.879794e-07	-0.02162
-7.859794e-07	-0.021675
-7.839794e-07	-0.02129
-7.819794e-07	-0.021235
-7.799794e-07	-0.021785
-7.779794e-07	-0.022115
-7.759794e-07	-0.02239
-7.739794e-07	-0.0225
-7.719794e-07	-0.02228
-7.699794e-07	-0.02261
-7.679794e-07	-0.022775
-7.659794e-07	-0.02261
-7.639794e-07	-0.022665
-7.619794e-07	-0.02272
-7.599794e-07	-0.022775
-7.579794e-07	-0.022665
-7.559794e-07	-0.022445
-7.539794e-07	-0.022665
-7.519794e-07	-0.02272
-7.499794e-07	-0.022885
-7.479794e-07	-0.022995
-7.459794e-07	-0.022995
-7.439794e-07	-0.023105
-7.419794e-07	-0.022885
-7.399794e-07	-0.02294
-7.379794e-07	-0.023325
-7.359794e-07	-0.022885
-7.339794e-07	-0.02316
-7.319794e-07	-0.02327
-7.299794e-07	-0.023215
-7.279794e-07	-0.023105
-7.259794e-07	-0.023105
-7.239794e-07	-0.02338
-7.219794e-07	-0.023545
-7.199794e-07	-0.0236
-7.179794e-07	-0.023985
-7.159794e-07	-0.023655
-7.139794e-07	-0.023655
-7.119794e-07	-0.02349
-7.099794e-07	-0.023765
-7.079794e-07	-0.023325
-7.059794e-07	-0.02338
-7.039794e-07	-0.023105
-7.019794e-07	-0.02316
-6.999794e-07	-0.022885
-6.979794e-07	-0.02305
-6.959794e-07	-0.02239
-6.939794e-07	-0.02228
-6.919794e-07	-0.02206
-6.899794e-07	-0.02162
-6.879794e-07	-0.02118
-6.859794e-07	-0.021235
-6.839794e-07	-0.021235
-6.819794e-07	-0.021455
-6.799794e-07	-0.0214
-6.779794e-07	-0.02151
-6.759794e-07	-0.02129
-6.739794e-07	-0.02162
-6.719794e-07	-0.02129
-6.699794e-07	-0.020795
-6.679794e-07	-0.02041
-6.659794e-07	-0.02063
-6.639794e-07	-0.02041
-6.619794e-07	-0.020025
-6.599794e-07	-0.02019
-6.579794e-07	-0.020795
-6.559794e-07	-0.020795
-6.539794e-07	-0.020795
-6.519794e-07	-0.020245
-6.499794e-07	-0.02052
-6.479794e-07	-0.020245
-6.459794e-07	-0.020355
-6.439794e-07	-0.02019
-6.419794e-07	-0.02041
-6.399794e-07	-0.02041
-6.379794e-07	-0.020575
-6.359794e-07	-0.020025
-6.339794e-07	-0.020135
-6.319794e-07	-0.019585
-6.299794e-07	-0.019695
-6.279794e-07	-0.01964
-6.259794e-07	-0.019695
-6.239794e-07	-0.01975
-6.219794e-07	-0.01986
-6.199794e-07	-0.01975
-6.179794e-07	-0.01953
-6.159794e-07	-0.01843
-6.139794e-07	-0.01854
-6.119794e-07	-0.01909
-6.099794e-07	-0.019145
-6.079794e-07	-0.01854
-6.059794e-07	-0.01821
-6.039794e-07	-0.018265
-6.019794e-07	-0.018705
-5.999794e-07	-0.01865
-5.979794e-07	-0.01854
-5.959794e-07	-0.018045
-5.939794e-07	-0.01821
-5.919794e-07	-0.018595
-5.899794e-07	-0.018595
-5.879794e-07	-0.018265
-5.859794e-07	-0.018375
-5.839794e-07	-0.017935
-5.819794e-07	-0.018265
-5.799794e-07	-0.01821
-5.779794e-07	-0.01843
-5.759794e-07	-0.01821
-5.739794e-07	-0.018155
-5.719794e-07	-0.01821
-5.699794e-07	-0.018375
-5.679794e-07	-0.018375
-5.659794e-07	-0.018155
-5.639794e-07	-0.018155
-5.619794e-07	-0.018485
-5.599794e-07	-0.017935
-5.579794e-07	-0.018485
-5.559794e-07	-0.01788
-5.539794e-07	-0.018265
-5.519794e-07	-0.017715
-5.499794e-07	-0.01799
-5.479794e-07	-0.01777
-5.459794e-07	-0.017935
-5.439794e-07	-0.01766
-5.419794e-07	-0.01766
-5.399794e-07	-0.017605
-5.379794e-07	-0.0181
-5.359794e-07	-0.018485
-5.339794e-07	-0.018925
-5.319794e-07	-0.018925
-5.299794e-07	-0.019255
-5.279794e-07	-0.019145
-5.259794e-07	-0.01942
-5.239794e-07	-0.020025
-5.219794e-07	-0.019805
-5.199794e-07	-0.01942
-5.179794e-07	-0.01942
-5.159794e-07	-0.01986
-5.139794e-07	-0.020135
-5.119794e-07	-0.020355
-5.099794e-07	-0.02063
-5.079794e-07	-0.0203
-5.059794e-07	-0.02074
-5.039794e-07	-0.020575
-5.019794e-07	-0.020245
-4.999794e-07	-0.0203
-4.979794e-07	-0.020905
-4.959794e-07	-0.02118
-4.939794e-07	-0.021455
-4.919794e-07	-0.02151
-4.899794e-07	-0.021565
-4.879794e-07	-0.02151
-4.859794e-07	-0.02151
-4.839794e-07	-0.02118
-4.819794e-07	-0.021015
-4.799794e-07	-0.02085
-4.779794e-07	-0.020465
-4.759794e-07	-0.020355
-4.739794e-07	-0.020245
-4.719794e-07	-0.0203
-4.699794e-07	-0.020135
-4.679794e-07	-0.02019
-4.659794e-07	-0.02052
-4.639794e-07	-0.01997
-4.619794e-07	-0.01953
-4.599794e-07	-0.019695
-4.579794e-07	-0.01997
-4.559794e-07	-0.01975
-4.539794e-07	-0.0203
-4.519794e-07	-0.020245
-4.499794e-07	-0.0203
-4.479794e-07	-0.01997
-4.459794e-07	-0.02008
-4.439794e-07	-0.01975
-4.419794e-07	-0.020355
-4.399794e-07	-0.020465
-4.379794e-07	-0.0203
-4.359794e-07	-0.0203
-4.339794e-07	-0.0203
-4.319794e-07	-0.01986
-4.299794e-07	-0.01997
-4.279794e-07	-0.019915
-4.259794e-07	-0.020025
-4.239794e-07	-0.02019
-4.219794e-07	-0.02008
-4.199794e-07	-0.020135
-4.179794e-07	-0.020465
-4.159794e-07	-0.02041
-4.139794e-07	-0.02008
-4.119794e-07	-0.01997
-4.099794e-07	-0.020245
-4.079794e-07	-0.019805
-4.059794e-07	-0.019695
-4.039794e-07	-0.019475
-4.019794e-07	-0.01953
-3.999794e-07	-0.0192
-3.979794e-07	-0.018595
-3.959794e-07	-0.018595
-3.939794e-07	-0.01909
-3.919794e-07	-0.019145
-3.899794e-07	-0.0192
-3.879794e-07	-0.01931
-3.859794e-07	-0.01942
-3.839794e-07	-0.01953
-3.819794e-07	-0.01931
-3.799794e-07	-0.01975
-3.779794e-07	-0.01986
-3.759794e-07	-0.019915
-3.739794e-07	-0.01975
-3.719794e-07	-0.019255
-3.699794e-07	-0.02008
-3.679794e-07	-0.020135
-3.659794e-07	-0.019805
-3.639794e-07	-0.02019
-3.619794e-07	-0.02041
-3.599794e-07	-0.020465
-3.579794e-07	-0.02085
-3.559794e-07	-0.020905
-3.539794e-07	-0.021125
-3.519794e-07	-0.02118
-3.499794e-07	-0.02118
-3.479794e-07	-0.020685
-3.459794e-07	-0.02129
-3.439794e-07	-0.020795
-3.419794e-07	-0.020575
-3.399794e-07	-0.02085
-3.379794e-07	-0.020905
-3.359794e-07	-0.02074
-3.339794e-07	-0.020795
-3.319794e-07	-0.02085
-3.299794e-07	-0.02074
-3.279794e-07	-0.020795
-3.259794e-07	-0.020905
-3.239794e-07	-0.02107
-3.219794e-07	-0.02096
-3.199794e-07	-0.02074
-3.179794e-07	-0.020465
-3.159794e-07	-0.020465
-3.139794e-07	-0.02052
-3.119794e-07	-0.020465
-3.099794e-07	-0.02008
-3.079794e-07	-0.0203
-3.059794e-07	-0.02041
-3.039794e-07	-0.02063
-3.019794e-07	-0.020685
-2.999794e-07	-0.02063
-2.979794e-07	-0.02085
-2.959794e-07	-0.02052
-2.939794e-07	-0.02063
-2.919794e-07	-0.02052
-2.899794e-07	-0.02063
-2.879794e-07	-0.02041
-2.859794e-07	-0.01997
-2.839794e-07	-0.02019
-2.819794e-07	-0.0203
-2.799794e-07	-0.020465
-2.779794e-07	-0.01997
-2.759794e-07	-0.020025
-2.739794e-07	-0.0203
-2.719794e-07	-0.02052
-2.699794e-07	-0.020465
-2.679794e-07	-0.020575
-2.659794e-07	-0.02052
-2.639794e-07	-0.02052
-2.619794e-07	-0.02063
-2.599794e-07	-0.020135
-2.579794e-07	-0.02041
-2.559794e-07	-0.01997
-2.539794e-07	-0.019475
-2.519794e-07	-0.018925
-2.499794e-07	-0.018925
-2.479794e-07	-0.018155
-2.459794e-07	-0.017935
-2.439794e-07	-0.01766
-2.419794e-07	-0.017935
-2.399794e-07	-0.017825
-2.379794e-07	-0.017605
-2.359794e-07	-0.01755
-2.339794e-07	-0.017495
-2.319794e-07	-0.018045
-2.299794e-07	-0.01722
-2.279794e-07	-0.01755
-2.259794e-07	-0.017825
-2.239794e-07	-0.01711
-2.219794e-07	-0.016945
-2.199794e-07	-0.01678
-2.179794e-07	-0.01711
-2.159794e-07	-0.01678
-2.139794e-07	-0.017275
-2.119794e-07	-0.017495
-2.099794e-07	-0.01744
-2.079794e-07	-0.01766
-2.059794e-07	-0.017385
-2.039794e-07	-0.01766
-2.019794e-07	-0.017495
-1.999794e-07	-0.017495
-1.979794e-07	-0.01744
-1.959794e-07	-0.01766
-1.939794e-07	-0.01733
-1.919794e-07	-0.01744
-1.899794e-07	-0.01689
-1.879794e-07	-0.01656
-1.859794e-07	-0.01689
-1.839794e-07	-0.017
-1.819794e-07	-0.017
-1.799794e-07	-0.01722
-1.779794e-07	-0.01711
-1.759794e-07	-0.01689
-1.739794e-07	-0.01722
-1.719794e-07	-0.017495
-1.699794e-07	-0.017715
-1.679794e-07	-0.01788
-1.659794e-07	-0.0181
-1.639794e-07	-0.01843
-1.619794e-07	-0.018485
-1.599794e-07	-0.018595
-1.579794e-07	-0.01832
-1.559794e-07	-0.018375
-1.539794e-07	-0.018925
-1.519794e-07	-0.01876
-1.499794e-07	-0.01876
-1.479794e-07	-0.01898
-1.459794e-07	-0.019365
-1.439794e-07	-0.01986
-1.419794e-07	-0.01986
-1.399794e-07	-0.02008
-1.379794e-07	-0.01986
-1.359794e-07	-0.020025
-1.339794e-07	-0.020025
-1.319794e-07	-0.020245
-1.299794e-07	-0.020795
-1.279794e-07	-0.02085
-1.259794e-07	-0.020795
-1.239794e-07	-0.020465
-1.219794e-07	-0.020685
-1.199794e-07	-0.020355
-1.179794e-07	-0.01975
-1.159794e-07	-0.01975
-1.139794e-07	-0.02019
-1.119794e-07	-0.020025
-1.099794e-07	-0.020465
-1.079794e-07	-0.02063
-1.059794e-07	-0.020465
-1.039794e-07	-0.02008
-1.019794e-07	-0.020245
-9.997939e-08	-0.02063
-9.797939e-08	-0.021125
-9.597939e-08	-0.021015
-9.397939e-08	-0.02063
-9.197939e-08	-0.02085
-8.997939e-08	-0.02118
-8.797939e-08	-0.02151
-8.597939e-08	-0.021345
-8.397939e-08	-0.021125
-8.197939e-08	-0.0214
-7.997939e-08	-0.021125
-7.797939e-08	-0.021125
-7.597939e-08	-0.021125
-7.397939e-08	-0.021125
-7.197939e-08	-0.020905
-6.997939e-08	-0.020905
-6.797939e-08	-0.02118
-6.597939e-08	-0.0214
-6.397939e-08	-0.021235
-6.197939e-08	-0.021235
-5.997939e-08	-0.021455
-5.797939e-08	-0.0214
-5.597939e-08	-0.021125
-5.397939e-08	-0.02118
-5.197939e-08	-0.021785
-4.997939e-08	-0.02206
-4.797939e-08	-0.02184
-4.597939e-08	-0.021895
-4.397939e-08	-0.022225
-4.197939e-08	-0.022225
-3.997939e-08	-0.022005
-3.797939e-08	-0.02217
-3.597939e-08	-0.022335
-3.397939e-08	-0.02272
-3.197939e-08	-0.022885
-2.997939e-08	-0.02239
-2.797939e-08	-0.02228
-2.597939e-08	-0.022445
-2.397939e-08	-0.02173
-2.197939e-08	-0.02195
-1.997939e-08	-0.021455
-1.797939e-08	-0.02195
-1.597939e-08	-0.02151
-1.397939e-08	-0.02151
-1.197939e-08	-0.021455
-9.979386e-09	-0.021565
-7.979386e-09	-0.021015
-5.979386e-09	-0.0214
-3.979386e-09	-0.021015
-1.979386e-09	-0.02107
2.061351e-11	-0.020795
2.020614e-09	-0.02041
4.020614e-09	-0.02041
6.020614e-09	-0.020025
8.020614e-09	-0.02052
1.002061e-08	-0.020575
1.202061e-08	-0.02041
1.402061e-08	-0.020575
1.602061e-08	-0.02008
1.802061e-08	-0.02052
2.002061e-08	-0.020575
2.202061e-08	-0.02096
2.402061e-08	-0.020575
2.602061e-08	-0.020575
2.802061e-08	-0.02063
3.002061e-08	-0.020795
3.202061e-08	-0.02129
3.402061e-08	-0.02085
3.602061e-08	-0.02052
3.802061e-08	-0.02063
4.002061e-08	-0.020575
4.202061e-08	-0.02052
4.402061e-08	-0.020355
4.602061e-08	-0.02074
4.802061e-08	-0.020795
5.002061e-08	-0.021015
5.202061e-08	-0.020575
5.402061e-08	-0.02096
5.602061e-08	-0.020685
5.802061e-08	-0.02096
6.002061e-08	-0.02129
6.202061e-08	-0.02162
6.402061e-08	-0.02107
6.602061e-08	-0.021235
6.802061e-08	-0.021235
7.002061e-08	-0.022005
7.202061e-08	-0.022115
7.402061e-08	-0.021895
7.602061e-08	-0.02129
7.802061e-08	-0.02173
8.002061e-08	-0.021455
8.202061e-08	-0.02129
8.402061e-08	-0.021235
8.602061e-08	-0.02118
8.802061e-08	-0.020795
9.002061e-08	-0.02063
9.202061e-08	-0.020355
9.402061e-08	-0.02052
9.602061e-08	-0.020135
9.802061e-08	-0.01964
1.000206e-07	-0.019695
1.020206e-07	-0.01909
1.040206e-07	-0.019255
1.060206e-07	-0.019365
1.080206e-07	-0.019145
1.100206e-07	-0.01909
1.120206e-07	-0.018595
1.140206e-07	-0.018705
1.160206e-07	-0.018925
1.180206e-07	-0.0192
1.200206e-07	-0.01931
1.220206e-07	-0.01898
1.240206e-07	-0.01876
1.260206e-07	-0.01843
1.280206e-07	-0.0181
1.300206e-07	-0.018595
1.320206e-07	-0.017935
1.340206e-07	-0.01722
1.360206e-07	-0.015405
1.380206e-07	-0.011445
1.400206e-07	-0.005615
1.420206e-07	0.000435
1.440206e-07	0.00775
1.460206e-07	0.015175
1.480206e-07	0.022875
1.500206e-07	0.02931
1.520206e-07	0.03613
1.540206e-07	0.042675
1.560206e-07	0.048615
1.580206e-07	0.05362
1.600206e-07	0.05868
1.620206e-07	0.06286
1.640206e-07	0.067095
1.660206e-07	0.070615
1.680206e-07	0.073585
1.700206e-07	0.07573
1.720206e-07	0.07815
1.740206e-07	0.079635
1.760206e-07	0.08134
1.780206e-07	0.08189
1.800206e-07	0.08277
1.820206e-07	0.08343
1.840206e-07	0.08409
1.860206e-07	0.084145
1.880206e-07	0.08431
1.900206e-07	0.083925
1.920206e-07	0.08365
1.940206e-07	0.082605
1.960206e-07	0.081945
1.980206e-07	0.080955
2.000206e-07	0.08002
2.020206e-07	0.07881
2.040206e-07	0.07782
2.060206e-07	0.07639
2.080206e-07	0.075235
2.100206e-07	0.073365
2.120206e-07	0.072155
2.140206e-07	0.069845
2.160206e-07	0.06869
2.180206e-07	0.06748
2.200206e-07	0.066105
2.220206e-07	0.06462
2.240206e-07	0.062585
2.260206e-07	0.06099
2.280206e-07	0.05967
2.300206e-07	0.0578
2.320206e-07	0.05626
2.340206e-07	0.05483
2.360206e-07	0.05329
2.380206e-07	0.05175
2.400206e-07	0.049715
2.420206e-07	0.048175
2.440206e-07	0.04691
2.460206e-07	0.04592
2.480206e-07	0.04471
2.500206e-07	0.043445
2.520206e-07	0.04229
2.540206e-07	0.04053
2.560206e-07	0.039265
2.580206e-07	0.03811
2.600206e-07	0.037395
2.620206e-07	0.035745
2.640206e-07	0.034315
2.660206e-07	0.032775
2.680206e-07	0.032115
2.700206e-07	0.03096
2.720206e-07	0.029915
2.740206e-07	0.02865
2.760206e-07	0.02755
2.780206e-07	0.02645
2.800206e-07	0.025515
2.820206e-07	0.024195
2.840206e-07	0.0237
2.860206e-07	0.022435
2.880206e-07	0.021665
2.900206e-07	0.020235
2.920206e-07	0.019465
2.940206e-07	0.018365
2.960206e-07	0.01798
2.980206e-07	0.01721
3.000206e-07	0.01677
3.020206e-07	0.015615
3.040206e-07	0.014625
3.060206e-07	0.013635
3.080206e-07	0.0127
3.100206e-07	0.011325
3.120206e-07	0.01039
3.140206e-07	0.01017
3.160206e-07	0.00962
3.180206e-07	0.0083
3.200206e-07	0.007585
3.220206e-07	0.006375
3.240206e-07	0.006485
3.260206e-07	0.00566
3.280206e-07	0.00489
3.300206e-07	0.003625
3.320206e-07	0.003515
3.340206e-07	0.002855
3.360206e-07	0.00225
3.380206e-07	0.001315
3.400206e-07	0.00126
3.420206e-07	0.00093
3.440206e-07	0.00071
3.460206e-07	5e-05
3.480206e-07	-0.000555
3.500206e-07	-0.000995
3.520206e-07	-0.001105
3.540206e-07	-0.00182
3.560206e-07	-0.00182
3.580206e-07	-0.002205
3.600206e-07	-0.001765
3.620206e-07	-0.00171
3.640206e-07	-0.00193
3.660206e-07	-0.00237
3.680206e-07	-0.00259
3.700206e-07	-0.002755
3.720206e-07	-0.002755
3.740206e-07	-0.00325
3.760206e-07	-0.00369
3.780206e-07	-0.003965
3.800206e-07	-0.00402
3.820206e-07	-0.00435
3.840206e-07	-0.0049
3.860206e-07	-0.005285
3.880206e-07	-0.006
3.900206e-07	-0.006605
3.920206e-07	-0.006825
3.940206e-07	-0.006935
3.960206e-07	-0.007045
3.980206e-07	-0.007815
4.000206e-07	-0.00831
4.020206e-07	-0.00886
4.040206e-07	-0.009355
4.060206e-07	-0.00985
4.080206e-07	-0.00974
4.100206e-07	-0.01029
4.120206e-07	-0.010235
4.140206e-07	-0.01084
4.160206e-07	-0.01117
4.180206e-07	-0.011775
4.200206e-07	-0.01216
4.220206e-07	-0.0126
4.240206e-07	-0.01304
4.260206e-07	-0.01293
4.280206e-07	-0.012985
4.300206e-07	-0.013535
4.320206e-07	-0.013645
4.340206e-07	-0.01348
4.360206e-07	-0.01392
4.380206e-07	-0.01436
4.400206e-07	-0.01447
4.420206e-07	-0.01469
4.440206e-07	-0.01436
4.460206e-07	-0.014745
4.480206e-07	-0.014965
4.500206e-07	-0.015075
4.520206e-07	-0.01491
4.540206e-07	-0.01491
4.560206e-07	-0.01502
4.580206e-07	-0.015515
4.600206e-07	-0.015845
4.620206e-07	-0.01612
4.640206e-07	-0.0159
4.660206e-07	-0.01601
4.680206e-07	-0.01601
4.700206e-07	-0.01645
4.720206e-07	-0.01634
4.740206e-07	-0.016615
4.760206e-07	-0.01656
4.780206e-07	-0.016945
4.800206e-07	-0.01711
4.820206e-07	-0.017165
4.840206e-07	-0.01733
4.860206e-07	-0.017605
4.880206e-07	-0.01766
4.900206e-07	-0.017935
4.920206e-07	-0.01799
4.940206e-07	-0.018375
4.960206e-07	-0.018815
4.980206e-07	-0.01909
5.000206e-07	-0.019585
5.020206e-07	-0.019695
5.040206e-07	-0.019915
5.060206e-07	-0.019915
5.080206e-07	-0.019915
5.100206e-07	-0.0203
5.120206e-07	-0.0203
5.140206e-07	-0.019805
5.160206e-07	-0.01986
5.180206e-07	-0.019805
5.200206e-07	-0.019695
5.220206e-07	-0.019365
5.240206e-07	-0.01931
5.260206e-07	-0.0192
5.280206e-07	-0.019365
5.300206e-07	-0.019145
5.320206e-07	-0.0192
5.340206e-07	-0.019145
5.360206e-07	-0.01931
5.380206e-07	-0.01909
5.400206e-07	-0.01909
5.420206e-07	-0.01898
5.440206e-07	-0.0192
5.460206e-07	-0.01898
5.480206e-07	-0.01876
5.500206e-07	-0.019145
5.520206e-07	-0.01876
5.540206e-07	-0.01843
5.560206e-07	-0.018485
5.580206e-07	-0.018925
5.600206e-07	-0.0192
5.620206e-07	-0.01876
5.640206e-07	-0.018485
5.660206e-07	-0.018375
5.680206e-07	-0.01876
5.700206e-07	-0.018265
5.720206e-07	-0.018375
5.740206e-07	-0.01876
5.760206e-07	-0.01876
5.780206e-07	-0.01854
5.800206e-07	-0.0181
5.820206e-07	-0.01887
5.840206e-07	-0.01898
5.860206e-07	-0.01821
5.880206e-07	-0.018485
5.900206e-07	-0.01843
5.920206e-07	-0.01821
5.940206e-07	-0.01832
5.960206e-07	-0.018595
5.980206e-07	-0.018375
6.000206e-07	-0.018705
6.020206e-07	-0.018265
6.040206e-07	-0.018045
6.060206e-07	-0.017935
6.080206e-07	-0.017825
6.100206e-07	-0.01722
6.120206e-07	-0.01744
6.140206e-07	-0.017385
6.160206e-07	-0.01755
6.180206e-07	-0.01722
6.200206e-07	-0.01689
6.220206e-07	-0.017165
6.240206e-07	-0.017055
6.260206e-07	-0.01755
6.280206e-07	-0.01733
6.300206e-07	-0.017055
6.320206e-07	-0.01733
6.340206e-07	-0.017275
6.360206e-07	-0.016945
6.380206e-07	-0.016945
6.400206e-07	-0.016945
6.420206e-07	-0.01612
6.440206e-07	-0.01612
6.460206e-07	-0.01634
6.480206e-07	-0.01601
6.500206e-07	-0.016175
6.520206e-07	-0.016065
6.540206e-07	-0.016505
6.560206e-07	-0.016505
6.580206e-07	-0.01579
6.600206e-07	-0.01601
6.620206e-07	-0.016175
6.640206e-07	-0.016065
6.660206e-07	-0.01634
6.680206e-07	-0.01634
6.700206e-07	-0.01645
6.720206e-07	-0.016615
6.740206e-07	-0.01645
6.760206e-07	-0.016505
6.780206e-07	-0.016505
6.800206e-07	-0.016505
6.820206e-07	-0.016725
6.840206e-07	-0.01634
6.860206e-07	-0.017055
6.880206e-07	-0.01689
6.900206e-07	-0.01678
6.920206e-07	-0.017
6.940206e-07	-0.017165
6.960206e-07	-0.017055
6.980206e-07	-0.01711
7.000206e-07	-0.01689
7.020206e-07	-0.017605
7.040206e-07	-0.017715
7.060206e-07	-0.01766
7.080206e-07	-0.017495
7.100206e-07	-0.01799
7.120206e-07	-0.017825
7.140206e-07	-0.01766
7.160206e-07	-0.017715
7.180206e-07	-0.018045
7.200206e-07	-0.01832
7.220206e-07	-0.018155
7.240206e-07	-0.018155
7.260206e-07	-0.018595
7.280206e-07	-0.01876
7.300206e-07	-0.018925
7.320206e-07	-0.018375
7.340206e-07	-0.01854
7.360206e-07	-0.0181
7.380206e-07	-0.01854
7.400206e-07	-0.01843
7.420206e-07	-0.0181
7.440206e-07	-0.0181
7.460206e-07	-0.0181
7.480206e-07	-0.018375
7.500206e-07	-0.018265
7.520206e-07	-0.01832
7.540206e-07	-0.018925
7.560206e-07	-0.018595
7.580206e-07	-0.01898
7.600206e-07	-0.01909
7.620206e-07	-0.018595
7.640206e-07	-0.018925
7.660206e-07	-0.019365
7.680206e-07	-0.018925
7.700206e-07	-0.01887
7.720206e-07	-0.01887
7.740206e-07	-0.018815
7.760206e-07	-0.019035
7.780206e-07	-0.019365
7.800206e-07	-0.019255
7.820206e-07	-0.01975
7.840206e-07	-0.01964
7.860206e-07	-0.01931
7.880206e-07	-0.01909
7.900206e-07	-0.01942
7.920206e-07	-0.019035
7.940206e-07	-0.01887
7.960206e-07	-0.01887
7.980206e-07	-0.019365
8.000206e-07	-0.019695
8.020206e-07	-0.01975
8.040206e-07	-0.01975
8.060206e-07	-0.019915
8.080206e-07	-0.020025
8.100206e-07	-0.01986
8.120206e-07	-0.019915
8.140206e-07	-0.019915
8.160206e-07	-0.019695
8.180206e-07	-0.01975
8.200206e-07	-0.020025
8.220206e-07	-0.02008
8.240206e-07	-0.019805
8.260206e-07	-0.01997
8.280206e-07	-0.020025
8.300206e-07	-0.0203
8.320206e-07	-0.020245
8.340206e-07	-0.020355
8.360206e-07	-0.020135
8.380206e-07	-0.020135
8.400206e-07	-0.02008
8.420206e-07	-0.02019
8.440206e-07	-0.019585
8.460206e-07	-0.019915
8.480206e-07	-0.019695
8.500206e-07	-0.01942
8.520206e-07	-0.019365
8.540206e-07	-0.01986
8.560206e-07	-0.020245
8.580206e-07	-0.02008
8.600206e-07	-0.02019
8.620206e-07	-0.020795
8.640206e-07	-0.020465
8.660206e-07	-0.02063
8.680206e-07	-0.020685
8.700206e-07	-0.021125
8.720206e-07	-0.020795
8.740206e-07	-0.02107
8.760206e-07	-0.021565
8.780206e-07	-0.02195
8.800206e-07	-0.02206
8.820206e-07	-0.021785
8.840206e-07	-0.02184
8.860206e-07	-0.021785
8.880206e-07	-0.022005
8.900206e-07	-0.02206
8.920206e-07	-0.021235
8.940206e-07	-0.021455
8.960206e-07	-0.02151
8.980206e-07	-0.021675
9.000206e-07	-0.02217
9.020206e-07	-0.021895
9.040206e-07	-0.021345
9.060206e-07	-0.021235
9.080206e-07	-0.02129
9.100206e-07	-0.021785
9.120206e-07	-0.02118
9.140206e-07	-0.021675
9.160206e-07	-0.02173
9.180206e-07	-0.021895
9.200206e-07	-0.02162
9.220206e-07	-0.021785
9.240206e-07	-0.02184
9.260206e-07	-0.02239
9.280206e-07	-0.02239
9.300206e-07	-0.022335
9.320206e-07	-0.02206
9.340206e-07	-0.022335
9.360206e-07	-0.02173
9.380206e-07	-0.02195
9.400206e-07	-0.02173
9.420206e-07	-0.02173
9.440206e-07	-0.021785
9.460206e-07	-0.02107
9.480206e-07	-0.021235
9.500206e-07	-0.021455
9.520206e-07	-0.02151
9.540206e-07	-0.021675
9.560206e-07	-0.021345
9.580206e-07	-0.021565
9.600206e-07	-0.02206
9.620206e-07	-0.022005
9.640206e-07	-0.02217
9.660206e-07	-0.02239
9.680206e-07	-0.022335
9.700206e-07	-0.02184
9.720206e-07	-0.022005
9.740206e-07	-0.02217
9.760206e-07	-0.022225
9.780206e-07	-0.022335
9.800206e-07	-0.02228
9.820206e-07	-0.022555
9.840206e-07	-0.022335
9.860206e-07	-0.02261
9.880206e-07	-0.02294
9.900206e-07	-0.02316
9.920206e-07	-0.02283
9.940206e-07	-0.022665
9.960206e-07	-0.02261
9.980206e-07	-0.02239
1.000021e-06	-0.0225
1.002021e-06	-0.02261
1.004021e-06	-0.022445
1.006021e-06	-0.02261
1.008021e-06	-0.02261
1.010021e-06	-0.02261
1.012021e-06	-0.022115
1.014021e-06	-0.022225
1.016021e-06	-0.022115
1.018021e-06	-0.022555
1.020021e-06	-0.02217
1.022021e-06	-0.022335
1.024021e-06	-0.021895
1.026021e-06	-0.021675
1.028021e-06	-0.02195
1.030021e-06	-0.02184
1.032021e-06	-0.02151
1.034021e-06	-0.02162
1.036021e-06	-0.021345
1.038021e-06	-0.021895
1.040021e-06	-0.02195
1.042021e-06	-0.02206
1.044021e-06	-0.02217
1.046021e-06	-0.02206
1.048021e-06	-0.02217
1.050021e-06	-0.02228
1.052021e-06	-0.02239
1.054021e-06	-0.02305
1.056021e-06	-0.023105
1.058021e-06	-0.02316
1.060021e-06	-0.02338
1.062021e-06	-0.023875
1.064021e-06	-0.023325
1.066021e-06	-0.023215
1.068021e-06	-0.022995
1.070021e-06	-0.02316
1.072021e-06	-0.02305
1.074021e-06	-0.023105
1.076021e-06	-0.02294
1.078021e-06	-0.022665
1.080021e-06	-0.022665
1.082021e-06	-0.0225
1.084021e-06	-0.022775
1.086021e-06	-0.02294
1.088021e-06	-0.022995
1.090021e-06	-0.022995
1.092021e-06	-0.022885
1.094021e-06	-0.02327
1.096021e-06	-0.02338
1.098021e-06	-0.02294
1.100021e-06	-0.022995
1.102021e-06	-0.02327
1.104021e-06	-0.02305
1.106021e-06	-0.02338
1.108021e-06	-0.023215
1.110021e-06	-0.02327
1.112021e-06	-0.023105
1.114021e-06	-0.02316
1.116021e-06	-0.023325
1.118021e-06	-0.02272
1.120021e-06	-0.02228
1.122021e-06	-0.02228
1.124021e-06	-0.02239
1.126021e-06	-0.02217
1.128021e-06	-0.022005
1.130021e-06	-0.022335
1.132021e-06	-0.022665
1.134021e-06	-0.022665
1.136021e-06	-0.0225
1.138021e-06	-0.022335
1.140021e-06	-0.022445
1.142021e-06	-0.022115
1.144021e-06	-0.022555
1.146021e-06	-0.022335
1.148021e-06	-0.022445
1.150021e-06	-0.02261
1.152021e-06	-0.02272
1.154021e-06	-0.02239
1.156021e-06	-0.0225
1.158021e-06	-0.022335
1.160021e-06	-0.02239
1.162021e-06	-0.02283
1.164021e-06	-0.02294
1.166021e-06	-0.02349
1.168021e-06	-0.02305
1.170021e-06	-0.02283
1.172021e-06	-0.02283
1.174021e-06	-0.02261
1.176021e-06	-0.022775
1.178021e-06	-0.02283
1.180021e-06	-0.022885
1.182021e-06	-0.022775
1.184021e-06	-0.022225
1.186021e-06	-0.0225
1.188021e-06	-0.022225
1.190021e-06	-0.02239
1.192021e-06	-0.02206
1.194021e-06	-0.022115
1.196021e-06	-0.02206
1.198021e-06	-0.02228
1.200021e-06	-0.02206
1.202021e-06	-0.02206
1.204021e-06	-0.02184
1.206021e-06	-0.02206
1.208021e-06	-0.022005
1.210021e-06	-0.022115
1.212021e-06	-0.02217
1.214021e-06	-0.022335
1.216021e-06	-0.02206
1.218021e-06	-0.021675
1.220021e-06	-0.02173
1.222021e-06	-0.02195
1.224021e-06	-0.021785
1.226021e-06	-0.022005
1.228021e-06	-0.021235
1.230021e-06	-0.021235
1.232021e-06	-0.02107
1.234021e-06	-0.02085
1.236021e-06	-0.020575
1.238021e-06	-0.02063
1.240021e-06	-0.020355
1.242021e-06	-0.020465
1.244021e-06	-0.02019
1.246021e-06	-0.020245
1.248021e-06	-0.02063
1.250021e-06	-0.02008
1.252021e-06	-0.01975
1.254021e-06	-0.01953
1.256021e-06	-0.019145
1.258021e-06	-0.01876
1.260021e-06	-0.01876
1.262021e-06	-0.01909
1.264021e-06	-0.01854
1.266021e-06	-0.01821
1.268021e-06	-0.018155
1.270021e-06	-0.0181
1.272021e-06	-0.017935
1.274021e-06	-0.018375
1.276021e-06	-0.0181
1.278021e-06	-0.01854
1.280021e-06	-0.01832
1.282021e-06	-0.01854
1.284021e-06	-0.018595
1.286021e-06	-0.018815
1.288021e-06	-0.019145
1.290021e-06	-0.01931
1.292021e-06	-0.018925
1.294021e-06	-0.019695
1.296021e-06	-0.01964
1.298021e-06	-0.020245
1.300021e-06	-0.020245
1.302021e-06	-0.020245
1.304021e-06	-0.01986
1.306021e-06	-0.01997
1.308021e-06	-0.020135
1.310021e-06	-0.020465
1.312021e-06	-0.02019
1.314021e-06	-0.020355
1.316021e-06	-0.02063
1.318021e-06	-0.02041
1.320021e-06	-0.02085
1.322021e-06	-0.020905
1.324021e-06	-0.02085
1.326021e-06	-0.02063
1.328021e-06	-0.02041
1.330021e-06	-0.02041
1.332021e-06	-0.020685
1.334021e-06	-0.020795
1.336021e-06	-0.021015
1.338021e-06	-0.020905
1.340021e-06	-0.02129
1.342021e-06	-0.02118
1.344021e-06	-0.02096
1.346021e-06	-0.020905
1.348021e-06	-0.02118
1.350021e-06	-0.02129
1.352021e-06	-0.02151
1.354021e-06	-0.021675
1.356021e-06	-0.0214
1.358021e-06	-0.021675
1.360021e-06	-0.021235
1.362021e-06	-0.02096
1.364021e-06	-0.020685
1.366021e-06	-0.02063
1.368021e-06	-0.020795
1.370021e-06	-0.02063
1.372021e-06	-0.020465
1.374021e-06	-0.020245
1.376021e-06	-0.020465
1.378021e-06	-0.02096
1.380021e-06	-0.021015
1.382021e-06	-0.02151
1.384021e-06	-0.02129
1.386021e-06	-0.02151
1.388021e-06	-0.02173
1.390021e-06	-0.02129
1.392021e-06	-0.0214
1.394021e-06	-0.0214
1.396021e-06	-0.021125
1.398021e-06	-0.021345
1.400021e-06	-0.02107
1.402021e-06	-0.020795
1.404021e-06	-0.020795
1.406021e-06	-0.02107
1.408021e-06	-0.021015
1.410021e-06	-0.02096
1.412021e-06	-0.02129
1.414021e-06	-0.02096
1.416021e-06	-0.02096
1.418021e-06	-0.021125
1.420021e-06	-0.02085
1.422021e-06	-0.020685
1.424021e-06	-0.02085
1.426021e-06	-0.020465
1.428021e-06	-0.020245
1.430021e-06	-0.020685
1.432021e-06	-0.020685
1.434021e-06	-0.020685
1.436021e-06	-0.02085
1.438021e-06	-0.02118
1.440021e-06	-0.02118
1.442021e-06	-0.021015
1.444021e-06	-0.021235
1.446021e-06	-0.021345
1.448021e-06	-0.021345
1.450021e-06	-0.02096
1.452021e-06	-0.021125
1.454021e-06	-0.0214
1.456021e-06	-0.021235
1.458021e-06	-0.02129
1.460021e-06	-0.021895
1.462021e-06	-0.02228
1.464021e-06	-0.02195
1.466021e-06	-0.02217
1.468021e-06	-0.022115
1.470021e-06	-0.021785
1.472021e-06	-0.02195
1.474021e-06	-0.021675
1.476021e-06	-0.022005
1.478021e-06	-0.02195
1.480021e-06	-0.02206
1.482021e-06	-0.022005
1.484021e-06	-0.021565
1.486021e-06	-0.021895
1.488021e-06	-0.021345
1.490021e-06	-0.020465
1.492021e-06	-0.02019
1.494021e-06	-0.02019
1.496021e-06	-0.0203
1.498021e-06	-0.020245
1.500021e-06	-0.02019
1.502021e-06	-0.02052
1.504021e-06	-0.020575
1.506021e-06	-0.020465
1.508021e-06	-0.020025
1.510021e-06	-0.020025
1.512021e-06	-0.01964
1.514021e-06	-0.019695
1.516021e-06	-0.01997
1.518021e-06	-0.020465
1.520021e-06	-0.0203
1.522021e-06	-0.020355
1.524021e-06	-0.020575
1.526021e-06	-0.02063
1.528021e-06	-0.020465
1.530021e-06	-0.020465
1.532021e-06	-0.02052
1.534021e-06	-0.02041
1.536021e-06	-0.020465
1.538021e-06	-0.020135
1.540021e-06	-0.020135
1.542021e-06	-0.0203
1.544021e-06	-0.020135
1.546021e-06	-0.01975
1.548021e-06	-0.01953
1.550021e-06	-0.0192
1.552021e-06	-0.01876
1.554021e-06	-0.01843
1.556021e-06	-0.01799
1.558021e-06	-0.017605
1.560021e-06	-0.01777
1.562021e-06	-0.01744
1.564021e-06	-0.017165
1.566021e-06	-0.016945
1.568021e-06	-0.01667
1.570021e-06	-0.016395
1.572021e-06	-0.016615
1.574021e-06	-0.016725
1.576021e-06	-0.01667
1.578021e-06	-0.01667
1.580021e-06	-0.01667
1.582021e-06	-0.01689
1.584021e-06	-0.01634
1.586021e-06	-0.01601
1.588021e-06	-0.015845
1.590021e-06	-0.015955
1.592021e-06	-0.015625
1.594021e-06	-0.015845
1.596021e-06	-0.015845
1.598021e-06	-0.015845
1.600021e-06	-0.01601
1.602021e-06	-0.015845
1.604021e-06	-0.01601
1.606021e-06	-0.016505
1.608021e-06	-0.0159
1.610021e-06	-0.01601
1.612021e-06	-0.01623
1.614021e-06	-0.01645
1.616021e-06	-0.016835
1.618021e-06	-0.01678
1.620021e-06	-0.01689
1.622021e-06	-0.01689
1.624021e-06	-0.016945
1.626021e-06	-0.017055
1.628021e-06	-0.017385
1.630021e-06	-0.017165
1.632021e-06	-0.01711
1.634021e-06	-0.01722
1.636021e-06	-0.017385
1.638021e-06	-0.017385
1.640021e-06	-0.017605
1.642021e-06	-0.017055
1.644021e-06	-0.01689
1.646021e-06	-0.017
1.648021e-06	-0.01634
1.650021e-06	-0.01667
1.652021e-06	-0.01612
1.654021e-06	-0.016285
1.656021e-06	-0.01656
1.658021e-06	-0.016725
1.660021e-06	-0.01678
1.662021e-06	-0.01689
1.664021e-06	-0.01711
1.666021e-06	-0.017165
1.668021e-06	-0.017275
1.670021e-06	-0.01733
1.672021e-06	-0.017
1.674021e-06	-0.01689
1.676021e-06	-0.016835
1.678021e-06	-0.016835
1.680021e-06	-0.016945
1.682021e-06	-0.017055
1.684021e-06	-0.01722
1.686021e-06	-0.01744
1.688021e-06	-0.01689
1.690021e-06	-0.017385
1.692021e-06	-0.01733
1.694021e-06	-0.017935
1.696021e-06	-0.017715
1.698021e-06	-0.01777
1.700021e-06	-0.01777
1.702021e-06	-0.017935
1.704021e-06	-0.01766
1.706021e-06	-0.01799
1.708021e-06	-0.01733
1.710021e-06	-0.01744
1.712021e-06	-0.017385
1.714021e-06	-0.01766
1.716021e-06	-0.017385
1.718021e-06	-0.01777
1.720021e-06	-0.01722
1.722021e-06	-0.01711
1.724021e-06	-0.016835
1.726021e-06	-0.01733
1.728021e-06	-0.01722
1.730021e-06	-0.01722
1.732021e-06	-0.017275
1.734021e-06	-0.017605
1.736021e-06	-0.01711
1.738021e-06	-0.017275
1.740021e-06	-0.01755
1.742021e-06	-0.01799
1.744021e-06	-0.017935
1.746021e-06	-0.01777
1.748021e-06	-0.01755
1.750021e-06	-0.01788
1.752021e-06	-0.017605
1.754021e-06	-0.017935
1.756021e-06	-0.017275
1.758021e-06	-0.01766
1.760021e-06	-0.01799
1.762021e-06	-0.018375
1.764021e-06	-0.018485
1.766021e-06	-0.01887
1.768021e-06	-0.018925
1.770021e-06	-0.018925
1.772021e-06	-0.01931
1.774021e-06	-0.01953
1.776021e-06	-0.01942
1.778021e-06	-0.02008
1.780021e-06	-0.02008
1.782021e-06	-0.02019
1.784021e-06	-0.020025
1.786021e-06	-0.020025
1.788021e-06	-0.020355
1.790021e-06	-0.019805
1.792021e-06	-0.019695
1.794021e-06	-0.019695
1.796021e-06	-0.019805
1.798021e-06	-0.019585
1.800021e-06	-0.019695
1.802021e-06	-0.019255
1.804021e-06	-0.01887
1.806021e-06	-0.019585
1.808021e-06	-0.0192
1.810021e-06	-0.01931
1.812021e-06	-0.019805
1.814021e-06	-0.01964
1.816021e-06	-0.019695
1.818021e-06	-0.019695
1.820021e-06	-0.019695
1.822021e-06	-0.019915
1.824021e-06	-0.01997
1.826021e-06	-0.01997
1.828021e-06	-0.019915
1.830021e-06	-0.02063
1.832021e-06	-0.02107
1.834021e-06	-0.021125
1.836021e-06	-0.021235
1.838021e-06	-0.0214
1.840021e-06	-0.02151
1.842021e-06	-0.021565
1.844021e-06	-0.02173
1.846021e-06	-0.021895
1.848021e-06	-0.021785
1.850021e-06	-0.02173
1.852021e-06	-0.021675
1.854021e-06	-0.02184
1.856021e-06	-0.02173
1.858021e-06	-0.021565
1.860021e-06	-0.02173
1.862021e-06	-0.02195
1.864021e-06	-0.02129
1.866021e-06	-0.02151
1.868021e-06	-0.021675
1.870021e-06	-0.02129
1.872021e-06	-0.02107
1.874021e-06	-0.021235
1.876021e-06	-0.021455
1.878021e-06	-0.0214
1.880021e-06	-0.02151
1.882021e-06	-0.02129
1.884021e-06	-0.021235
1.886021e-06	-0.021015
1.888021e-06	-0.02074
1.890021e-06	-0.020355
1.892021e-06	-0.02019
1.894021e-06	-0.02041
1.896021e-06	-0.02041
1.898021e-06	-0.020355
1.900021e-06	-0.02052
1.902021e-06	-0.020575
1.904021e-06	-0.02041
1.906021e-06	-0.0203
1.908021e-06	-0.020135
1.910021e-06	-0.02041
1.912021e-06	-0.020135
1.914021e-06	-0.0203
1.916021e-06	-0.01997
1.918021e-06	-0.01986
1.920021e-06	-0.01997
1.922021e-06	-0.020135
1.924021e-06	-0.02008
1.926021e-06	-0.020355
1.928021e-06	-0.020245
1.930021e-06	-0.02019
1.932021e-06	-0.020355
1.934021e-06	-0.02019
1.936021e-06	-0.020245
1.938021e-06	-0.0203
1.940021e-06	-0.020575
1.942021e-06	-0.020575
1.944021e-06	-0.020905
1.946021e-06	-0.020905
1.948021e-06	-0.020685
1.950021e-06	-0.020685
1.952021e-06	-0.02063
1.954021e-06	-0.02096
1.956021e-06	-0.021015
1.958021e-06	-0.020905
1.960021e-06	-0.02074
1.962021e-06	-0.020905
1.964021e-06	-0.020575
1.966021e-06	-0.020795
1.968021e-06	-0.020575
1.970021e-06	-0.02085
1.972021e-06	-0.020355
1.974021e-06	-0.020575
1.976021e-06	-0.02052
1.978021e-06	-0.020355
1.980021e-06	-0.020135
1.982021e-06	-0.02019
1.984021e-06	-0.02019
1.986021e-06	-0.0203
1.988021e-06	-0.0203
1.990021e-06	-0.020355
1.992021e-06	-0.020905
1.994021e-06	-0.02085
1.996021e-06	-0.020575
1.998021e-06	-0.02074
2.000021e-06	-0.020905
2.002021e-06	-0.02096
2.004021e-06	-0.020465
2.006021e-06	-0.020465
2.008021e-06	-0.02008
2.010021e-06	-0.019915
2.012021e-06	-0.01997
2.014021e-06	-0.02052
2.016021e-06	-0.020135
2.018021e-06	-0.019695
2.020021e-06	-0.019365
2.022021e-06	-0.01909
2.024021e-06	-0.01953
2.026021e-06	-0.02008
2.028021e-06	-0.0203
2.030021e-06	-0.020245
2.032021e-06	-0.02041
2.034021e-06	-0.020355
2.036021e-06	-0.02008
2.038021e-06	-0.020465
2.040021e-06	-0.02063
2.042021e-06	-0.020795
2.044021e-06	-0.02096
2.046021e-06	-0.02129
2.048021e-06	-0.021345
2.050021e-06	-0.0214
2.052021e-06	-0.021235
2.054021e-06	-0.02151
2.056021e-06	-0.021455
2.058021e-06	-0.021235
2.060021e-06	-0.02151
2.062021e-06	-0.02206
2.064021e-06	-0.021675
2.066021e-06	-0.021675
2.068021e-06	-0.021565
2.070021e-06	-0.022005
2.072021e-06	-0.021895
2.074021e-06	-0.02162
2.076021e-06	-0.021345
2.078021e-06	-0.02118
2.080021e-06	-0.021345
2.082021e-06	-0.021565
2.084021e-06	-0.02107
2.086021e-06	-0.02129
2.088021e-06	-0.02118
2.090021e-06	-0.02085
2.092021e-06	-0.02085
2.094021e-06	-0.02063
2.096021e-06	-0.02052
2.098021e-06	-0.020575
2.100021e-06	-0.020465
2.102021e-06	-0.02063
2.104021e-06	-0.02052
2.106021e-06	-0.02052
2.108021e-06	-0.019805
2.110021e-06	-0.01986
2.112021e-06	-0.01942
2.114021e-06	-0.0192
2.116021e-06	-0.019035
2.118021e-06	-0.01876
2.120021e-06	-0.018815
2.122021e-06	-0.01909
2.124021e-06	-0.019145
2.126021e-06	-0.01953
2.128021e-06	-0.019475
2.130021e-06	-0.0192
2.132021e-06	-0.019035
2.134021e-06	-0.018925
2.136021e-06	-0.019035
2.138021e-06	-0.01898
2.140021e-06	-0.01876
2.142021e-06	-0.01865
2.144021e-06	-0.018485
2.146021e-06	-0.01843
2.148021e-06	-0.01865
2.150021e-06	-0.01876
2.152021e-06	-0.018265
2.154021e-06	-0.018265
2.156021e-06	-0.01887
2.158021e-06	-0.018815
2.160021e-06	-0.01843
2.162021e-06	-0.018705
2.164021e-06	-0.018815
2.166021e-06	-0.01909
2.168021e-06	-0.01876
2.170021e-06	-0.01865
2.172021e-06	-0.018485
2.174021e-06	-0.018485
2.176021e-06	-0.01788
2.178021e-06	-0.017715
2.180021e-06	-0.017715
2.182021e-06	-0.01799
2.184021e-06	-0.01744
2.186021e-06	-0.017935
2.188021e-06	-0.017385
2.190021e-06	-0.01766
2.192021e-06	-0.01766
2.194021e-06	-0.017605
2.196021e-06	-0.017385
2.198021e-06	-0.01733
2.200021e-06	-0.017055
2.202021e-06	-0.017
2.204021e-06	-0.016835
2.206021e-06	-0.016945
2.208021e-06	-0.016395
2.210021e-06	-0.016395
2.212021e-06	-0.016285
2.214021e-06	-0.01634
2.216021e-06	-0.016505
2.218021e-06	-0.016615
2.220021e-06	-0.01634
2.222021e-06	-0.016175
2.224021e-06	-0.01645
2.226021e-06	-0.01634
2.228021e-06	-0.01612
2.230021e-06	-0.01634
2.232021e-06	-0.016505
2.234021e-06	-0.01667
2.236021e-06	-0.01678
2.238021e-06	-0.017
2.240021e-06	-0.017
2.242021e-06	-0.01689
2.244021e-06	-0.01711
2.246021e-06	-0.01733
2.248021e-06	-0.01755
2.250021e-06	-0.01755
2.252021e-06	-0.01777
2.254021e-06	-0.017605
2.256021e-06	-0.017935
2.258021e-06	-0.01799
2.260021e-06	-0.018155
2.262021e-06	-0.018595
2.264021e-06	-0.018595
2.266021e-06	-0.01865
2.268021e-06	-0.018815
2.270021e-06	-0.019035
2.272021e-06	-0.01942
2.274021e-06	-0.019695
2.276021e-06	-0.019585
2.278021e-06	-0.019695
2.280021e-06	-0.01931
2.282021e-06	-0.01986
2.284021e-06	-0.01997
2.286021e-06	-0.02041
2.288021e-06	-0.020355
2.290021e-06	-0.020245
2.292021e-06	-0.02041
2.294021e-06	-0.0203
2.296021e-06	-0.020355
2.298021e-06	-0.0203
2.300021e-06	-0.02019
2.302021e-06	-0.020135
2.304021e-06	-0.02019
2.306021e-06	-0.020465
2.308021e-06	-0.019915
2.310021e-06	-0.01997
2.312021e-06	-0.020135
2.314021e-06	-0.020575
2.316021e-06	-0.020795
2.318021e-06	-0.02107
2.320021e-06	-0.02096
2.322021e-06	-0.020685
2.324021e-06	-0.02085
2.326021e-06	-0.0214
2.328021e-06	-0.02118
2.330021e-06	-0.021455
2.332021e-06	-0.02173
2.334021e-06	-0.021675
2.336021e-06	-0.02162
2.338021e-06	-0.02195
2.340021e-06	-0.02195
2.342021e-06	-0.02228
2.344021e-06	-0.022225
2.346021e-06	-0.02228
2.348021e-06	-0.02272
2.350021e-06	-0.022775
2.352021e-06	-0.022775
2.354021e-06	-0.02272
2.356021e-06	-0.022445
2.358021e-06	-0.0225
2.360021e-06	-0.022335
2.362021e-06	-0.022775
2.364021e-06	-0.022115
2.366021e-06	-0.022665
2.368021e-06	-0.02272
2.370021e-06	-0.0236
2.372021e-06	-0.023655
2.374021e-06	-0.024095
2.376021e-06	-0.02327
2.378021e-06	-0.02294
2.380021e-06	-0.02283
2.382021e-06	-0.02316
2.384021e-06	-0.02316
2.386021e-06	-0.02294
2.388021e-06	-0.022665
2.390021e-06	-0.02294
2.392021e-06	-0.023215
2.394021e-06	-0.023435
2.396021e-06	-0.023215
2.398021e-06	-0.023215
2.400021e-06	-0.022995
2.402021e-06	-0.023325
2.404021e-06	-0.023875
2.406021e-06	-0.02393
2.408021e-06	-0.023765
2.410021e-06	-0.02338
2.412021e-06	-0.02327
2.414021e-06	-0.02338
2.416021e-06	-0.022775
2.418021e-06	-0.023105
2.420021e-06	-0.022995
2.422021e-06	-0.023215
2.424021e-06	-0.02338
2.426021e-06	-0.023435
2.428021e-06	-0.023105
2.430021e-06	-0.02338
2.432021e-06	-0.02294
2.434021e-06	-0.02283
2.436021e-06	-0.02239
2.438021e-06	-0.022665
2.440021e-06	-0.022005
2.442021e-06	-0.021895
2.444021e-06	-0.02184
2.446021e-06	-0.02206
2.448021e-06	-0.02151
2.450021e-06	-0.021455
2.452021e-06	-0.021125
2.454021e-06	-0.020905
2.456021e-06	-0.020685
2.458021e-06	-0.020355
2.460021e-06	-0.020465
2.462021e-06	-0.020685
2.464021e-06	-0.02008
2.466021e-06	-0.020135
2.468021e-06	-0.02008
2.470021e-06	-0.020245
2.472021e-06	-0.01997
2.474021e-06	-0.020355
2.476021e-06	-0.019805
2.478021e-06	-0.020135
2.480021e-06	-0.019915
2.482021e-06	-0.01986
2.484021e-06	-0.019915
2.486021e-06	-0.019805
2.488021e-06	-0.019805
2.490021e-06	-0.01997
2.492021e-06	-0.020135
2.494021e-06	-0.020465
2.496021e-06	-0.02041
2.498021e-06	-0.020355
2.500021e-06	-0.020465
