LECROYHDO6104A	50809	Waveform
Segments	1	SegmentSize	2502
Segment	TrigTime	TimeSinceSegment1
#1	19-Dec-2022 19:32:18	0                 
Time	Ampl
-2.501359e-06	-0.03002
-2.499359e-06	-0.02953
-2.497359e-06	-0.02806
-2.495359e-06	-0.02512
-2.493359e-06	-0.02855
-2.491359e-06	-0.03002
-2.489359e-06	-0.03051
-2.487359e-06	-0.02708
-2.485359e-06	-0.02904
-2.483359e-06	-0.02953
-2.481359e-06	-0.031
-2.479359e-06	-0.031
-2.477359e-06	-0.03051
-2.475359e-06	-0.03247
-2.473359e-06	-0.02855
-2.471359e-06	-0.02757
-2.469359e-06	-0.02757
-2.467359e-06	-0.02659
-2.465359e-06	-0.02953
-2.463359e-06	-0.0261
-2.461359e-06	-0.0261
-2.459359e-06	-0.02757
-2.457359e-06	-0.03002
-2.455359e-06	-0.02855
-2.453359e-06	-0.0261
-2.451359e-06	-0.02757
-2.449359e-06	-0.02708
-2.447359e-06	-0.02708
-2.445359e-06	-0.02708
-2.443359e-06	-0.02708
-2.441359e-06	-0.02757
-2.439359e-06	-0.02708
-2.437359e-06	-0.0261
-2.435359e-06	-0.02708
-2.433359e-06	-0.02855
-2.431359e-06	-0.02757
-2.429359e-06	-0.02806
-2.427359e-06	-0.02708
-2.425359e-06	-0.02659
-2.423359e-06	-0.02414
-2.421359e-06	-0.02561
-2.419359e-06	-0.0261
-2.417359e-06	-0.02806
-2.415359e-06	-0.0261
-2.413359e-06	-0.0261
-2.411359e-06	-0.0261
-2.409359e-06	-0.02855
-2.407359e-06	-0.0261
-2.405359e-06	-0.02365
-2.403359e-06	-0.0261
-2.401359e-06	-0.02757
-2.399359e-06	-0.02953
-2.397359e-06	-0.02659
-2.395359e-06	-0.02708
-2.393359e-06	-0.03002
-2.391359e-06	-0.02806
-2.389359e-06	-0.0261
-2.387359e-06	-0.02806
-2.385359e-06	-0.03002
-2.383359e-06	-0.02708
-2.381359e-06	-0.02708
-2.379359e-06	-0.02757
-2.377359e-06	-0.02953
-2.375359e-06	-0.02757
-2.373359e-06	-0.02561
-2.371359e-06	-0.02365
-2.369359e-06	-0.02806
-2.367359e-06	-0.03002
-2.365359e-06	-0.02659
-2.363359e-06	-0.02806
-2.361359e-06	-0.02904
-2.359359e-06	-0.03002
-2.357359e-06	-0.02806
-2.355359e-06	-0.02757
-2.353359e-06	-0.03247
-2.351359e-06	-0.03051
-2.349359e-06	-0.02708
-2.347359e-06	-0.02806
-2.345359e-06	-0.03051
-2.343359e-06	-0.02953
-2.341359e-06	-0.03149
-2.339359e-06	-0.03051
-2.337359e-06	-0.03002
-2.335359e-06	-0.03002
-2.333359e-06	-0.02953
-2.331359e-06	-0.03002
-2.329359e-06	-0.03394
-2.327359e-06	-0.02904
-2.325359e-06	-0.03002
-2.323359e-06	-0.03198
-2.321359e-06	-0.03492
-2.319359e-06	-0.03149
-2.317359e-06	-0.03247
-2.315359e-06	-0.02757
-2.313359e-06	-0.02953
-2.311359e-06	-0.02953
-2.309359e-06	-0.03051
-2.307359e-06	-0.03198
-2.305359e-06	-0.03051
-2.303359e-06	-0.03002
-2.301359e-06	-0.031
-2.299359e-06	-0.02904
-2.297359e-06	-0.02904
-2.295359e-06	-0.02855
-2.293359e-06	-0.02904
-2.291359e-06	-0.02855
-2.289359e-06	-0.02757
-2.287359e-06	-0.03002
-2.285359e-06	-0.02904
-2.283359e-06	-0.03002
-2.281359e-06	-0.03002
-2.279359e-06	-0.031
-2.277359e-06	-0.03149
-2.275359e-06	-0.03149
-2.273359e-06	-0.03345
-2.271359e-06	-0.03247
-2.269359e-06	-0.03051
-2.267359e-06	-0.03247
-2.265359e-06	-0.031
-2.263359e-06	-0.031
-2.261359e-06	-0.02855
-2.259359e-06	-0.03051
-2.257359e-06	-0.031
-2.255359e-06	-0.02904
-2.253359e-06	-0.03198
-2.251359e-06	-0.03002
-2.249359e-06	-0.03247
-2.247359e-06	-0.03051
-2.245359e-06	-0.03149
-2.243359e-06	-0.031
-2.241359e-06	-0.03394
-2.239359e-06	-0.031
-2.237359e-06	-0.03247
-2.235359e-06	-0.03247
-2.233359e-06	-0.03247
-2.231359e-06	-0.02904
-2.229359e-06	-0.02953
-2.227359e-06	-0.03198
-2.225359e-06	-0.03149
-2.223359e-06	-0.03002
-2.221359e-06	-0.03051
-2.219359e-06	-0.03149
-2.217359e-06	-0.03345
-2.215359e-06	-0.03149
-2.213359e-06	-0.03149
-2.211359e-06	-0.03051
-2.209359e-06	-0.03149
-2.207359e-06	-0.02904
-2.205359e-06	-0.03149
-2.203359e-06	-0.03149
-2.201359e-06	-0.03394
-2.199359e-06	-0.03149
-2.197359e-06	-0.02855
-2.195359e-06	-0.031
-2.193359e-06	-0.03198
-2.191359e-06	-0.03051
-2.189359e-06	-0.03002
-2.187359e-06	-0.03051
-2.185359e-06	-0.031
-2.183359e-06	-0.03002
-2.181359e-06	-0.02953
-2.179359e-06	-0.03296
-2.177359e-06	-0.03541
-2.175359e-06	-0.02806
-2.173359e-06	-0.02953
-2.171359e-06	-0.03051
-2.169359e-06	-0.03247
-2.167359e-06	-0.02953
-2.165359e-06	-0.03051
-2.163359e-06	-0.03198
-2.161359e-06	-0.03443
-2.159359e-06	-0.02806
-2.157359e-06	-0.02708
-2.155359e-06	-0.03002
-2.153359e-06	-0.03296
-2.151359e-06	-0.03002
-2.149359e-06	-0.02855
-2.147359e-06	-0.03051
-2.145359e-06	-0.03149
-2.143359e-06	-0.03149
-2.141359e-06	-0.031
-2.139359e-06	-0.02953
-2.137359e-06	-0.03394
-2.135359e-06	-0.03002
-2.133359e-06	-0.03051
-2.131359e-06	-0.031
-2.129359e-06	-0.03198
-2.127359e-06	-0.02806
-2.125359e-06	-0.03051
-2.123359e-06	-0.03198
-2.121359e-06	-0.031
-2.119359e-06	-0.03051
-2.117359e-06	-0.02806
-2.115359e-06	-0.03002
-2.113359e-06	-0.03296
-2.111359e-06	-0.03051
-2.109359e-06	-0.02806
-2.107359e-06	-0.03002
-2.105359e-06	-0.031
-2.103359e-06	-0.02757
-2.101359e-06	-0.02855
-2.099359e-06	-0.02855
-2.097359e-06	-0.03051
-2.095359e-06	-0.03247
-2.093359e-06	-0.03051
-2.091359e-06	-0.02806
-2.089359e-06	-0.03149
-2.087359e-06	-0.02904
-2.085359e-06	-0.031
-2.083359e-06	-0.03051
-2.081359e-06	-0.031
-2.079359e-06	-0.03002
-2.077359e-06	-0.03002
-2.075359e-06	-0.03002
-2.073359e-06	-0.03149
-2.071359e-06	-0.02904
-2.069359e-06	-0.03002
-2.067359e-06	-0.03051
-2.065359e-06	-0.031
-2.063359e-06	-0.03051
-2.061359e-06	-0.02855
-2.059359e-06	-0.02806
-2.057359e-06	-0.03149
-2.055359e-06	-0.02757
-2.053359e-06	-0.03002
-2.051359e-06	-0.02855
-2.049359e-06	-0.03149
-2.047359e-06	-0.03149
-2.045359e-06	-0.02757
-2.043359e-06	-0.03394
-2.041359e-06	-0.02953
-2.039359e-06	-0.02855
-2.037359e-06	-0.02953
-2.035359e-06	-0.031
-2.033359e-06	-0.02855
-2.031359e-06	-0.02855
-2.029359e-06	-0.03002
-2.027359e-06	-0.02904
-2.025359e-06	-0.03394
-2.023359e-06	-0.02855
-2.021359e-06	-0.03002
-2.019359e-06	-0.02904
-2.017359e-06	-0.03149
-2.015359e-06	-0.031
-2.013359e-06	-0.031
-2.011359e-06	-0.03149
-2.009359e-06	-0.03345
-2.007359e-06	-0.03002
-2.005359e-06	-0.02904
-2.003359e-06	-0.03247
-2.001359e-06	-0.03247
-1.999359e-06	-0.03051
-1.997359e-06	-0.02953
-1.995359e-06	-0.02904
-1.993359e-06	-0.03247
-1.991359e-06	-0.02855
-1.989359e-06	-0.031
-1.987359e-06	-0.0261
-1.985359e-06	-0.02855
-1.983359e-06	-0.03002
-1.981359e-06	-0.03002
-1.979359e-06	-0.02806
-1.977359e-06	-0.031
-1.975359e-06	-0.02561
-1.973359e-06	-0.02806
-1.971359e-06	-0.0261
-1.969359e-06	-0.02708
-1.967359e-06	-0.02855
-1.965359e-06	-0.02855
-1.963359e-06	-0.02855
-1.961359e-06	-0.02855
-1.959359e-06	-0.02855
-1.957359e-06	-0.02757
-1.955359e-06	-0.02757
-1.953359e-06	-0.02757
-1.951359e-06	-0.02757
-1.949359e-06	-0.0261
-1.947359e-06	-0.03002
-1.945359e-06	-0.03002
-1.943359e-06	-0.02904
-1.941359e-06	-0.0261
-1.939359e-06	-0.02365
-1.937359e-06	-0.02659
-1.935359e-06	-0.02463
-1.933359e-06	-0.02463
-1.931359e-06	-0.02708
-1.929359e-06	-0.02806
-1.927359e-06	-0.02414
-1.925359e-06	-0.02316
-1.923359e-06	-0.0261
-1.921359e-06	-0.03002
-1.919359e-06	-0.02953
-1.917359e-06	-0.0261
-1.915359e-06	-0.02806
-1.913359e-06	-0.02708
-1.911359e-06	-0.0261
-1.909359e-06	-0.02561
-1.907359e-06	-0.02708
-1.905359e-06	-0.02708
-1.903359e-06	-0.02708
-1.901359e-06	-0.02855
-1.899359e-06	-0.0261
-1.897359e-06	-0.02953
-1.895359e-06	-0.02708
-1.893359e-06	-0.02463
-1.891359e-06	-0.02708
-1.889359e-06	-0.03051
-1.887359e-06	-0.02855
-1.885359e-06	-0.02708
-1.883359e-06	-0.02757
-1.881359e-06	-0.02904
-1.879359e-06	-0.02708
-1.877359e-06	-0.02904
-1.875359e-06	-0.02855
-1.873359e-06	-0.02904
-1.871359e-06	-0.02757
-1.869359e-06	-0.02855
-1.867359e-06	-0.02708
-1.865359e-06	-0.031
-1.863359e-06	-0.02855
-1.861359e-06	-0.02806
-1.859359e-06	-0.02855
-1.857359e-06	-0.03149
-1.855359e-06	-0.03002
-1.853359e-06	-0.02904
-1.851359e-06	-0.03051
-1.849359e-06	-0.03296
-1.847359e-06	-0.03443
-1.845359e-06	-0.02855
-1.843359e-06	-0.03296
-1.841359e-06	-0.03198
-1.839359e-06	-0.03247
-1.837359e-06	-0.031
-1.835359e-06	-0.02806
-1.833359e-06	-0.02953
-1.831359e-06	-0.02757
-1.829359e-06	-0.031
-1.827359e-06	-0.03002
-1.825359e-06	-0.03149
-1.823359e-06	-0.02708
-1.821359e-06	-0.02953
-1.819359e-06	-0.02953
-1.817359e-06	-0.02953
-1.815359e-06	-0.02953
-1.813359e-06	-0.03051
-1.811359e-06	-0.031
-1.809359e-06	-0.031
-1.807359e-06	-0.02757
-1.805359e-06	-0.031
-1.803359e-06	-0.02904
-1.801359e-06	-0.03345
-1.799359e-06	-0.03002
-1.797359e-06	-0.02806
-1.795359e-06	-0.03051
-1.793359e-06	-0.03002
-1.791359e-06	-0.02953
-1.789359e-06	-0.02953
-1.787359e-06	-0.02757
-1.785359e-06	-0.02904
-1.783359e-06	-0.03002
-1.781359e-06	-0.03051
-1.779359e-06	-0.03002
-1.777359e-06	-0.02953
-1.775359e-06	-0.02806
-1.773359e-06	-0.02757
-1.771359e-06	-0.03002
-1.769359e-06	-0.02953
-1.767359e-06	-0.02757
-1.765359e-06	-0.03051
-1.763359e-06	-0.03002
-1.761359e-06	-0.031
-1.759359e-06	-0.02659
-1.757359e-06	-0.02708
-1.755359e-06	-0.03002
-1.753359e-06	-0.02953
-1.751359e-06	-0.02659
-1.749359e-06	-0.02708
-1.747359e-06	-0.02953
-1.745359e-06	-0.03051
-1.743359e-06	-0.02806
-1.741359e-06	-0.02757
-1.739359e-06	-0.03051
-1.737359e-06	-0.03002
-1.735359e-06	-0.02855
-1.733359e-06	-0.02708
-1.731359e-06	-0.02953
-1.729359e-06	-0.02561
-1.727359e-06	-0.0261
-1.725359e-06	-0.0261
-1.723359e-06	-0.02659
-1.721359e-06	-0.02708
-1.719359e-06	-0.02659
-1.717359e-06	-0.02659
-1.715359e-06	-0.02463
-1.713359e-06	-0.02708
-1.711359e-06	-0.02806
-1.709359e-06	-0.02659
-1.707359e-06	-0.02757
-1.705359e-06	-0.02904
-1.703359e-06	-0.02708
-1.701359e-06	-0.02757
-1.699359e-06	-0.02757
-1.697359e-06	-0.02806
-1.695359e-06	-0.02512
-1.693359e-06	-0.02512
-1.691359e-06	-0.02904
-1.689359e-06	-0.0261
-1.687359e-06	-0.0261
-1.685359e-06	-0.02561
-1.683359e-06	-0.02806
-1.681359e-06	-0.02659
-1.679359e-06	-0.02806
-1.677359e-06	-0.02904
-1.675359e-06	-0.02855
-1.673359e-06	-0.02806
-1.671359e-06	-0.02708
-1.669359e-06	-0.02708
-1.667359e-06	-0.02512
-1.665359e-06	-0.02757
-1.663359e-06	-0.02414
-1.661359e-06	-0.02659
-1.659359e-06	-0.02708
-1.657359e-06	-0.02806
-1.655359e-06	-0.02659
-1.653359e-06	-0.02659
-1.651359e-06	-0.02757
-1.649359e-06	-0.02953
-1.647359e-06	-0.02855
-1.645359e-06	-0.02806
-1.643359e-06	-0.02855
-1.641359e-06	-0.02806
-1.639359e-06	-0.02561
-1.637359e-06	-0.03051
-1.635359e-06	-0.02806
-1.633359e-06	-0.03198
-1.631359e-06	-0.02708
-1.629359e-06	-0.02708
-1.627359e-06	-0.02904
-1.625359e-06	-0.02855
-1.623359e-06	-0.02512
-1.621359e-06	-0.02806
-1.619359e-06	-0.02463
-1.617359e-06	-0.02708
-1.615359e-06	-0.02953
-1.613359e-06	-0.02855
-1.611359e-06	-0.02757
-1.609359e-06	-0.03002
-1.607359e-06	-0.02708
-1.605359e-06	-0.02512
-1.603359e-06	-0.02463
-1.601359e-06	-0.0261
-1.599359e-06	-0.02659
-1.597359e-06	-0.02757
-1.595359e-06	-0.02561
-1.593359e-06	-0.02757
-1.591359e-06	-0.02806
-1.589359e-06	-0.02659
-1.587359e-06	-0.0261
-1.585359e-06	-0.02659
-1.583359e-06	-0.02561
-1.581359e-06	-0.02757
-1.579359e-06	-0.02659
-1.577359e-06	-0.02855
-1.575359e-06	-0.02561
-1.573359e-06	-0.02316
-1.571359e-06	-0.02855
-1.569359e-06	-0.03002
-1.567359e-06	-0.02953
-1.565359e-06	-0.02561
-1.563359e-06	-0.02463
-1.561359e-06	-0.031
-1.559359e-06	-0.02708
-1.557359e-06	-0.02561
-1.555359e-06	-0.0261
-1.553359e-06	-0.02806
-1.551359e-06	-0.02953
-1.549359e-06	-0.02806
-1.547359e-06	-0.02708
-1.545359e-06	-0.02904
-1.543359e-06	-0.0261
-1.541359e-06	-0.02512
-1.539359e-06	-0.02414
-1.537359e-06	-0.0261
-1.535359e-06	-0.02561
-1.533359e-06	-0.02414
-1.531359e-06	-0.02561
-1.529359e-06	-0.02463
-1.527359e-06	-0.02757
-1.525359e-06	-0.02561
-1.523359e-06	-0.02806
-1.521359e-06	-0.02757
-1.519359e-06	-0.02561
-1.517359e-06	-0.02757
-1.515359e-06	-0.0261
-1.513359e-06	-0.02904
-1.511359e-06	-0.02463
-1.509359e-06	-0.03051
-1.507359e-06	-0.03002
-1.505359e-06	-0.02953
-1.503359e-06	-0.02708
-1.501359e-06	-0.02904
-1.499359e-06	-0.02855
-1.497359e-06	-0.03002
-1.495359e-06	-0.02806
-1.493359e-06	-0.02806
-1.491359e-06	-0.02904
-1.489359e-06	-0.03002
-1.487359e-06	-0.03002
-1.485359e-06	-0.03002
-1.483359e-06	-0.02953
-1.481359e-06	-0.02904
-1.479359e-06	-0.02806
-1.477359e-06	-0.02806
-1.475359e-06	-0.02953
-1.473359e-06	-0.03149
-1.471359e-06	-0.03002
-1.469359e-06	-0.02806
-1.467359e-06	-0.03051
-1.465359e-06	-0.03198
-1.463359e-06	-0.02953
-1.461359e-06	-0.02904
-1.459359e-06	-0.02855
-1.457359e-06	-0.031
-1.455359e-06	-0.03149
-1.453359e-06	-0.02904
-1.451359e-06	-0.03051
-1.449359e-06	-0.02904
-1.447359e-06	-0.02953
-1.445359e-06	-0.03149
-1.443359e-06	-0.031
-1.441359e-06	-0.03051
-1.439359e-06	-0.02953
-1.437359e-06	-0.03051
-1.435359e-06	-0.03051
-1.433359e-06	-0.03149
-1.431359e-06	-0.02904
-1.429359e-06	-0.02953
-1.427359e-06	-0.03002
-1.425359e-06	-0.02953
-1.423359e-06	-0.02855
-1.421359e-06	-0.02855
-1.419359e-06	-0.02953
-1.417359e-06	-0.03002
-1.415359e-06	-0.02659
-1.413359e-06	-0.0261
-1.411359e-06	-0.03051
-1.409359e-06	-0.02904
-1.407359e-06	-0.02708
-1.405359e-06	-0.02806
-1.403359e-06	-0.03051
-1.401359e-06	-0.03149
-1.399359e-06	-0.02855
-1.397359e-06	-0.02953
-1.395359e-06	-0.02855
-1.393359e-06	-0.02953
-1.391359e-06	-0.03198
-1.389359e-06	-0.03002
-1.387359e-06	-0.03002
-1.385359e-06	-0.03149
-1.383359e-06	-0.03247
-1.381359e-06	-0.03002
-1.379359e-06	-0.031
-1.377359e-06	-0.031
-1.375359e-06	-0.02806
-1.373359e-06	-0.02953
-1.371359e-06	-0.02855
-1.369359e-06	-0.03198
-1.367359e-06	-0.02757
-1.365359e-06	-0.03002
-1.363359e-06	-0.02806
-1.361359e-06	-0.02904
-1.359359e-06	-0.02708
-1.357359e-06	-0.03002
-1.355359e-06	-0.03149
-1.353359e-06	-0.031
-1.351359e-06	-0.02757
-1.349359e-06	-0.02904
-1.347359e-06	-0.02953
-1.345359e-06	-0.03051
-1.343359e-06	-0.02708
-1.341359e-06	-0.02904
-1.339359e-06	-0.02463
-1.337359e-06	-0.03149
-1.335359e-06	-0.02855
-1.333359e-06	-0.02806
-1.331359e-06	-0.02953
-1.329359e-06	-0.02953
-1.327359e-06	-0.031
-1.325359e-06	-0.02757
-1.323359e-06	-0.02806
-1.321359e-06	-0.03149
-1.319359e-06	-0.03149
-1.317359e-06	-0.03002
-1.315359e-06	-0.03247
-1.313359e-06	-0.03247
-1.311359e-06	-0.031
-1.309359e-06	-0.02953
-1.307359e-06	-0.03051
-1.305359e-06	-0.03296
-1.303359e-06	-0.02855
-1.301359e-06	-0.02904
-1.299359e-06	-0.03051
-1.297359e-06	-0.03296
-1.295359e-06	-0.03002
-1.293359e-06	-0.02904
-1.291359e-06	-0.03149
-1.289359e-06	-0.03541
-1.287359e-06	-0.03149
-1.285359e-06	-0.03149
-1.283359e-06	-0.03198
-1.281359e-06	-0.03345
-1.279359e-06	-0.03149
-1.277359e-06	-0.02953
-1.275359e-06	-0.03247
-1.273359e-06	-0.03247
-1.271359e-06	-0.03198
-1.269359e-06	-0.031
-1.267359e-06	-0.03345
-1.265359e-06	-0.03394
-1.263359e-06	-0.03149
-1.261359e-06	-0.03002
-1.259359e-06	-0.03051
-1.257359e-06	-0.03296
-1.255359e-06	-0.03247
-1.253359e-06	-0.03002
-1.251359e-06	-0.03394
-1.249359e-06	-0.03296
-1.247359e-06	-0.03296
-1.245359e-06	-0.03149
-1.243359e-06	-0.03247
-1.241359e-06	-0.03394
-1.239359e-06	-0.03394
-1.237359e-06	-0.03345
-1.235359e-06	-0.03394
-1.233359e-06	-0.03394
-1.231359e-06	-0.03345
-1.229359e-06	-0.03394
-1.227359e-06	-0.03394
-1.225359e-06	-0.03639
-1.223359e-06	-0.03198
-1.221359e-06	-0.03149
-1.219359e-06	-0.03443
-1.217359e-06	-0.0359
-1.215359e-06	-0.03051
-1.213359e-06	-0.03198
-1.211359e-06	-0.03296
-1.209359e-06	-0.0359
-1.207359e-06	-0.03492
-1.205359e-06	-0.03149
-1.203359e-06	-0.03394
-1.201359e-06	-0.03737
-1.199359e-06	-0.03443
-1.197359e-06	-0.03296
-1.195359e-06	-0.03149
-1.193359e-06	-0.03492
-1.191359e-06	-0.03149
-1.189359e-06	-0.031
-1.187359e-06	-0.031
-1.185359e-06	-0.03345
-1.183359e-06	-0.031
-1.181359e-06	-0.03198
-1.179359e-06	-0.03149
-1.177359e-06	-0.03394
-1.175359e-06	-0.03051
-1.173359e-06	-0.03247
-1.171359e-06	-0.03002
-1.169359e-06	-0.03345
-1.167359e-06	-0.03345
-1.165359e-06	-0.03149
-1.163359e-06	-0.03198
-1.161359e-06	-0.03394
-1.159359e-06	-0.03247
-1.157359e-06	-0.03247
-1.155359e-06	-0.03394
-1.153359e-06	-0.03296
-1.151359e-06	-0.03296
-1.149359e-06	-0.03345
-1.147359e-06	-0.03198
-1.145359e-06	-0.031
-1.143359e-06	-0.03345
-1.141359e-06	-0.03149
-1.139359e-06	-0.03149
-1.137359e-06	-0.03345
-1.135359e-06	-0.03002
-1.133359e-06	-0.03296
-1.131359e-06	-0.02953
-1.129359e-06	-0.03296
-1.127359e-06	-0.02953
-1.125359e-06	-0.031
-1.123359e-06	-0.031
-1.121359e-06	-0.03198
-1.119359e-06	-0.03002
-1.117359e-06	-0.03149
-1.115359e-06	-0.02806
-1.113359e-06	-0.03247
-1.111359e-06	-0.03149
-1.109359e-06	-0.03051
-1.107359e-06	-0.03002
-1.105359e-06	-0.03296
-1.103359e-06	-0.02757
-1.101359e-06	-0.02953
-1.099359e-06	-0.031
-1.097359e-06	-0.03247
-1.095359e-06	-0.02757
-1.093359e-06	-0.02806
-1.091359e-06	-0.02904
-1.089359e-06	-0.03247
-1.087359e-06	-0.03002
-1.085359e-06	-0.02757
-1.083359e-06	-0.03051
-1.081359e-06	-0.031
-1.079359e-06	-0.02806
-1.077359e-06	-0.0261
-1.075359e-06	-0.02806
-1.073359e-06	-0.02904
-1.071359e-06	-0.02904
-1.069359e-06	-0.03002
-1.067359e-06	-0.02806
-1.065359e-06	-0.02757
-1.063359e-06	-0.02659
-1.061359e-06	-0.02904
-1.059359e-06	-0.02757
-1.057359e-06	-0.03051
-1.055359e-06	-0.02757
-1.053359e-06	-0.02855
-1.051359e-06	-0.02904
-1.049359e-06	-0.03002
-1.047359e-06	-0.03002
-1.045359e-06	-0.02855
-1.043359e-06	-0.031
-1.041359e-06	-0.02855
-1.039359e-06	-0.02806
-1.037359e-06	-0.02757
-1.035359e-06	-0.02757
-1.033359e-06	-0.031
-1.031359e-06	-0.02806
-1.029359e-06	-0.02904
-1.027359e-06	-0.02953
-1.025359e-06	-0.02904
-1.023359e-06	-0.03051
-1.021359e-06	-0.02806
-1.019359e-06	-0.02806
-1.017359e-06	-0.02708
-1.015359e-06	-0.02953
-1.013359e-06	-0.03051
-1.011359e-06	-0.0261
-1.009359e-06	-0.02904
-1.007359e-06	-0.03051
-1.005359e-06	-0.02806
-1.003359e-06	-0.02953
-1.001359e-06	-0.03051
-9.993589e-07	-0.02904
-9.973589e-07	-0.02806
-9.953589e-07	-0.02855
-9.933589e-07	-0.03198
-9.913589e-07	-0.02855
-9.893589e-07	-0.03051
-9.873589e-07	-0.03296
-9.853589e-07	-0.031
-9.833589e-07	-0.031
-9.813589e-07	-0.03051
-9.793589e-07	-0.02904
-9.773589e-07	-0.03002
-9.753589e-07	-0.02806
-9.733589e-07	-0.03051
-9.713589e-07	-0.02904
-9.693589e-07	-0.03296
-9.673589e-07	-0.031
-9.653589e-07	-0.03051
-9.633589e-07	-0.02904
-9.613589e-07	-0.02855
-9.593589e-07	-0.02708
-9.573589e-07	-0.03002
-9.553589e-07	-0.03002
-9.533589e-07	-0.03051
-9.513589e-07	-0.03002
-9.493589e-07	-0.02953
-9.473589e-07	-0.02855
-9.453589e-07	-0.03296
-9.433589e-07	-0.03198
-9.413589e-07	-0.03198
-9.393589e-07	-0.02855
-9.373589e-07	-0.03002
-9.353589e-07	-0.02806
-9.333589e-07	-0.03149
-9.313589e-07	-0.02904
-9.293589e-07	-0.031
-9.273589e-07	-0.02855
-9.253589e-07	-0.02953
-9.233589e-07	-0.02855
-9.213589e-07	-0.031
-9.193589e-07	-0.03002
-9.173589e-07	-0.03002
-9.153589e-07	-0.03002
-9.133589e-07	-0.03296
-9.113589e-07	-0.03051
-9.093589e-07	-0.02904
-9.073589e-07	-0.02953
-9.053589e-07	-0.02806
-9.033589e-07	-0.02659
-9.013589e-07	-0.02806
-8.993589e-07	-0.02708
-8.973589e-07	-0.02806
-8.953589e-07	-0.02953
-8.933589e-07	-0.02757
-8.913589e-07	-0.02757
-8.893589e-07	-0.03247
-8.873589e-07	-0.03002
-8.853589e-07	-0.02757
-8.833589e-07	-0.03002
-8.813589e-07	-0.02806
-8.793589e-07	-0.02806
-8.773589e-07	-0.02806
-8.753589e-07	-0.03002
-8.733589e-07	-0.03149
-8.713589e-07	-0.02659
-8.693589e-07	-0.02806
-8.673589e-07	-0.02561
-8.653589e-07	-0.02757
-8.633589e-07	-0.02659
-8.613589e-07	-0.02561
-8.593589e-07	-0.02561
-8.573589e-07	-0.02904
-8.553589e-07	-0.0261
-8.533589e-07	-0.02708
-8.513589e-07	-0.02708
-8.493589e-07	-0.02561
-8.473589e-07	-0.02463
-8.453589e-07	-0.02561
-8.433589e-07	-0.02463
-8.413589e-07	-0.02659
-8.393589e-07	-0.02806
-8.373589e-07	-0.02659
-8.353589e-07	-0.02414
-8.333589e-07	-0.02806
-8.313589e-07	-0.0261
-8.293589e-07	-0.02659
-8.273589e-07	-0.0261
-8.253589e-07	-0.02708
-8.233589e-07	-0.02463
-8.213589e-07	-0.02659
-8.193589e-07	-0.02463
-8.173589e-07	-0.02757
-8.153589e-07	-0.02512
-8.133589e-07	-0.02561
-8.113589e-07	-0.02757
-8.093589e-07	-0.02708
-8.073589e-07	-0.02414
-8.053589e-07	-0.02855
-8.033589e-07	-0.02561
-8.013589e-07	-0.02708
-7.993589e-07	-0.02512
-7.973589e-07	-0.02757
-7.953589e-07	-0.02806
-7.933589e-07	-0.02757
-7.913589e-07	-0.02561
-7.893589e-07	-0.02806
-7.873589e-07	-0.02855
-7.853589e-07	-0.02953
-7.833589e-07	-0.02708
-7.813589e-07	-0.02806
-7.793589e-07	-0.02659
-7.773589e-07	-0.02953
-7.753589e-07	-0.03198
-7.733589e-07	-0.03051
-7.713589e-07	-0.03051
-7.693589e-07	-0.03002
-7.673589e-07	-0.02806
-7.653589e-07	-0.02708
-7.633589e-07	-0.02806
-7.613589e-07	-0.02806
-7.593589e-07	-0.03051
-7.573589e-07	-0.02806
-7.553589e-07	-0.03051
-7.533589e-07	-0.03198
-7.513589e-07	-0.02708
-7.493589e-07	-0.02953
-7.473589e-07	-0.03149
-7.453589e-07	-0.02855
-7.433589e-07	-0.02953
-7.413589e-07	-0.03247
-7.393589e-07	-0.03002
-7.373589e-07	-0.031
-7.353589e-07	-0.03002
-7.333589e-07	-0.02708
-7.313589e-07	-0.02953
-7.293589e-07	-0.02953
-7.273589e-07	-0.031
-7.253589e-07	-0.02904
-7.233589e-07	-0.02904
-7.213589e-07	-0.02953
-7.193589e-07	-0.02659
-7.173589e-07	-0.02904
-7.153589e-07	-0.02806
-7.133589e-07	-0.031
-7.113589e-07	-0.02953
-7.093589e-07	-0.02561
-7.073589e-07	-0.02855
-7.053589e-07	-0.031
-7.033589e-07	-0.03051
-7.013589e-07	-0.02806
-6.993589e-07	-0.03002
-6.973589e-07	-0.02904
-6.953589e-07	-0.02561
-6.933589e-07	-0.02757
-6.913589e-07	-0.02659
-6.893589e-07	-0.02806
-6.873589e-07	-0.02904
-6.853589e-07	-0.02855
-6.833589e-07	-0.03002
-6.813589e-07	-0.03002
-6.793589e-07	-0.02953
-6.773589e-07	-0.03051
-6.753589e-07	-0.031
-6.733589e-07	-0.02855
-6.713589e-07	-0.02953
-6.693589e-07	-0.02953
-6.673589e-07	-0.02806
-6.653589e-07	-0.02904
-6.633589e-07	-0.02512
-6.613589e-07	-0.02757
-6.593589e-07	-0.02708
-6.573589e-07	-0.02953
-6.553589e-07	-0.02659
-6.533589e-07	-0.0261
-6.513589e-07	-0.02463
-6.493589e-07	-0.02708
-6.473589e-07	-0.0261
-6.453589e-07	-0.02512
-6.433589e-07	-0.02316
-6.413589e-07	-0.0261
-6.393589e-07	-0.02512
-6.373589e-07	-0.02561
-6.353589e-07	-0.0261
-6.333589e-07	-0.02855
-6.313589e-07	-0.02855
-6.293589e-07	-0.02757
-6.273589e-07	-0.02512
-6.253589e-07	-0.02561
-6.233589e-07	-0.02708
-6.213589e-07	-0.02806
-6.193589e-07	-0.0261
-6.173589e-07	-0.02757
-6.153589e-07	-0.0261
-6.133589e-07	-0.02953
-6.113589e-07	-0.03051
-6.093589e-07	-0.03198
-6.073589e-07	-0.02757
-6.053589e-07	-0.02708
-6.033589e-07	-0.02512
-6.013589e-07	-0.02904
-5.993589e-07	-0.02659
-5.973589e-07	-0.0261
-5.953589e-07	-0.02806
-5.933589e-07	-0.02953
-5.913589e-07	-0.02855
-5.893589e-07	-0.02757
-5.873589e-07	-0.03051
-5.853589e-07	-0.03149
-5.833589e-07	-0.031
-5.813589e-07	-0.02855
-5.793589e-07	-0.02708
-5.773589e-07	-0.02855
-5.753589e-07	-0.02953
-5.733589e-07	-0.02953
-5.713589e-07	-0.02855
-5.693589e-07	-0.03247
-5.673589e-07	-0.02757
-5.653589e-07	-0.02659
-5.633589e-07	-0.02904
-5.613589e-07	-0.02855
-5.593589e-07	-0.02708
-5.573589e-07	-0.02953
-5.553589e-07	-0.03149
-5.533589e-07	-0.03149
-5.513589e-07	-0.03051
-5.493589e-07	-0.02953
-5.473589e-07	-0.02953
-5.453589e-07	-0.02953
-5.433589e-07	-0.02855
-5.413589e-07	-0.02953
-5.393589e-07	-0.02953
-5.373589e-07	-0.02953
-5.353589e-07	-0.02561
-5.333589e-07	-0.02757
-5.313589e-07	-0.02953
-5.293589e-07	-0.03002
-5.273589e-07	-0.03149
-5.253589e-07	-0.03002
-5.233589e-07	-0.031
-5.213589e-07	-0.03345
-5.193589e-07	-0.02855
-5.173589e-07	-0.03051
-5.153589e-07	-0.02855
-5.133589e-07	-0.03149
-5.113589e-07	-0.03247
-5.093589e-07	-0.03051
-5.073589e-07	-0.02855
-5.053589e-07	-0.03345
-5.033589e-07	-0.03247
-5.013589e-07	-0.03198
-4.993589e-07	-0.031
-4.973589e-07	-0.03296
-4.953589e-07	-0.03051
-4.933589e-07	-0.03247
-4.913589e-07	-0.02953
-4.893589e-07	-0.03247
-4.873589e-07	-0.03002
-4.853589e-07	-0.02904
-4.833589e-07	-0.02953
-4.813589e-07	-0.03247
-4.793589e-07	-0.02806
-4.773589e-07	-0.03002
-4.753589e-07	-0.02806
-4.733589e-07	-0.03247
-4.713589e-07	-0.02855
-4.693589e-07	-0.02904
-4.673589e-07	-0.03051
-4.653589e-07	-0.03149
-4.633589e-07	-0.02855
-4.613589e-07	-0.0261
-4.593589e-07	-0.02512
-4.573589e-07	-0.03051
-4.553589e-07	-0.02855
-4.533589e-07	-0.02953
-4.513589e-07	-0.02757
-4.493589e-07	-0.0261
-4.473589e-07	-0.02806
-4.453589e-07	-0.02806
-4.433589e-07	-0.0261
-4.413589e-07	-0.02855
-4.393589e-07	-0.03002
-4.373589e-07	-0.02904
-4.353589e-07	-0.03002
-4.333589e-07	-0.031
-4.313589e-07	-0.02855
-4.293589e-07	-0.02659
-4.273589e-07	-0.02904
-4.253589e-07	-0.02855
-4.233589e-07	-0.02757
-4.213589e-07	-0.02806
-4.193589e-07	-0.02855
-4.173589e-07	-0.03345
-4.153589e-07	-0.02806
-4.133589e-07	-0.02806
-4.113589e-07	-0.02855
-4.093589e-07	-0.03051
-4.073589e-07	-0.03149
-4.053589e-07	-0.02855
-4.033589e-07	-0.02806
-4.013589e-07	-0.02953
-3.993589e-07	-0.02708
-3.973589e-07	-0.02806
-3.953589e-07	-0.02708
-3.933589e-07	-0.03051
-3.913589e-07	-0.03002
-3.893589e-07	-0.02561
-3.873589e-07	-0.02806
-3.853589e-07	-0.02806
-3.833589e-07	-0.02659
-3.813589e-07	-0.02855
-3.793589e-07	-0.02463
-3.773589e-07	-0.02855
-3.753589e-07	-0.02659
-3.733589e-07	-0.02757
-3.713589e-07	-0.02806
-3.693589e-07	-0.03051
-3.673589e-07	-0.02757
-3.653589e-07	-0.02953
-3.633589e-07	-0.02757
-3.613589e-07	-0.03051
-3.593589e-07	-0.02757
-3.573589e-07	-0.02904
-3.553589e-07	-0.03002
-3.533589e-07	-0.03149
-3.513589e-07	-0.02806
-3.493589e-07	-0.02855
-3.473589e-07	-0.02953
-3.453589e-07	-0.02904
-3.433589e-07	-0.02953
-3.413589e-07	-0.03149
-3.393589e-07	-0.02904
-3.373589e-07	-0.031
-3.353589e-07	-0.02806
-3.333589e-07	-0.02855
-3.313589e-07	-0.02953
-3.293589e-07	-0.03051
-3.273589e-07	-0.02708
-3.253589e-07	-0.0261
-3.233589e-07	-0.02953
-3.213589e-07	-0.03149
-3.193589e-07	-0.03149
-3.173589e-07	-0.02806
-3.153589e-07	-0.02904
-3.133589e-07	-0.03149
-3.113589e-07	-0.02855
-3.093589e-07	-0.0261
-3.073589e-07	-0.02855
-3.053589e-07	-0.03149
-3.033589e-07	-0.02561
-3.013589e-07	-0.02806
-2.993589e-07	-0.02806
-2.973589e-07	-0.02904
-2.953589e-07	-0.02708
-2.933589e-07	-0.02806
-2.913589e-07	-0.02953
-2.893589e-07	-0.031
-2.873589e-07	-0.02806
-2.853589e-07	-0.02708
-2.833589e-07	-0.02708
-2.813589e-07	-0.03002
-2.793589e-07	-0.02757
-2.773589e-07	-0.02757
-2.753589e-07	-0.02904
-2.733589e-07	-0.031
-2.713589e-07	-0.02659
-2.693589e-07	-0.02806
-2.673589e-07	-0.02757
-2.653589e-07	-0.03002
-2.633589e-07	-0.02855
-2.613589e-07	-0.02904
-2.593589e-07	-0.02953
-2.573589e-07	-0.02953
-2.553589e-07	-0.02757
-2.533589e-07	-0.02855
-2.513589e-07	-0.02659
-2.493589e-07	-0.03198
-2.473589e-07	-0.02953
-2.453589e-07	-0.02953
-2.433589e-07	-0.02757
-2.413589e-07	-0.03492
-2.393589e-07	-0.02855
-2.373589e-07	-0.03051
-2.353589e-07	-0.03002
-2.333589e-07	-0.03394
-2.313589e-07	-0.02953
-2.293589e-07	-0.03051
-2.273589e-07	-0.02953
-2.253589e-07	-0.03002
-2.233589e-07	-0.03051
-2.213589e-07	-0.02855
-2.193589e-07	-0.02757
-2.173589e-07	-0.03198
-2.153589e-07	-0.03002
-2.133589e-07	-0.03198
-2.113589e-07	-0.03002
-2.093589e-07	-0.03296
-2.073589e-07	-0.03051
-2.053589e-07	-0.031
-2.033589e-07	-0.03149
-2.013589e-07	-0.03149
-1.993589e-07	-0.03051
-1.973589e-07	-0.02904
-1.953589e-07	-0.02953
-1.933589e-07	-0.03345
-1.913589e-07	-0.03051
-1.893589e-07	-0.03002
-1.873589e-07	-0.03002
-1.853589e-07	-0.03394
-1.833589e-07	-0.02855
-1.813589e-07	-0.03051
-1.793589e-07	-0.02953
-1.773589e-07	-0.031
-1.753589e-07	-0.02953
-1.733589e-07	-0.02953
-1.713589e-07	-0.02806
-1.693589e-07	-0.03149
-1.673589e-07	-0.02806
-1.653589e-07	-0.02855
-1.633589e-07	-0.03051
-1.613589e-07	-0.03051
-1.593589e-07	-0.03296
-1.573589e-07	-0.02904
-1.553589e-07	-0.031
-1.533589e-07	-0.03051
-1.513589e-07	-0.031
-1.493589e-07	-0.02904
-1.473589e-07	-0.03002
-1.453589e-07	-0.03198
-1.433589e-07	-0.02855
-1.413589e-07	-0.02855
-1.393589e-07	-0.02806
-1.373589e-07	-0.03149
-1.353589e-07	-0.03002
-1.333589e-07	-0.03051
-1.313589e-07	-0.03002
-1.293589e-07	-0.03051
-1.273589e-07	-0.02904
-1.253589e-07	-0.02659
-1.233589e-07	-0.02757
-1.213589e-07	-0.02904
-1.193589e-07	-0.02708
-1.173589e-07	-0.02953
-1.153589e-07	-0.0261
-1.133589e-07	-0.02953
-1.113589e-07	-0.02708
-1.093589e-07	-0.02659
-1.073589e-07	-0.02561
-1.053589e-07	-0.02757
-1.033589e-07	-0.02561
-1.013589e-07	-0.02659
-9.935886e-08	-0.02806
-9.735886e-08	-0.02953
-9.535886e-08	-0.02659
-9.335886e-08	-0.02757
-9.135886e-08	-0.0261
-8.935886e-08	-0.02855
-8.735886e-08	-0.02757
-8.535886e-08	-0.0261
-8.335886e-08	-0.02806
-8.135886e-08	-0.02806
-7.935886e-08	-0.02414
-7.735886e-08	-0.02806
-7.535886e-08	-0.02806
-7.335886e-08	-0.02904
-7.135886e-08	-0.0261
-6.935886e-08	-0.02561
-6.735886e-08	-0.02855
-6.535886e-08	-0.02855
-6.335886e-08	-0.02659
-6.135886e-08	-0.02561
-5.935886e-08	-0.02561
-5.735886e-08	-0.03149
-5.535886e-08	-0.02659
-5.335886e-08	-0.02659
-5.135886e-08	-0.02414
-4.935886e-08	-0.02855
-4.735886e-08	-0.02757
-4.535886e-08	-0.0261
-4.335886e-08	-0.02659
-4.135886e-08	-0.02953
-3.935886e-08	-0.02708
-3.735886e-08	-0.02806
-3.535886e-08	-0.02806
-3.335886e-08	-0.02561
-3.135886e-08	-0.02659
-2.935886e-08	-0.02708
-2.735886e-08	-0.02757
-2.535886e-08	-0.02806
-2.335886e-08	-0.02855
-2.135886e-08	-0.0261
-1.935886e-08	-0.02855
-1.735886e-08	-0.02708
-1.535886e-08	-0.02757
-1.335886e-08	-0.02463
-1.135886e-08	-0.02659
-9.358859e-09	-0.02953
-7.358859e-09	-0.02855
-5.358859e-09	-0.02512
-3.358859e-09	-0.02708
-1.358859e-09	-0.02904
6.411409e-10	-0.02757
2.641141e-09	-0.02757
4.641141e-09	-0.02904
6.641141e-09	-0.02953
8.641141e-09	-0.02904
1.064114e-08	-0.03002
1.264114e-08	-0.03051
1.464114e-08	-0.02953
1.664114e-08	-0.03002
1.864114e-08	-0.02855
2.064114e-08	-0.02806
2.264114e-08	-0.03051
2.464114e-08	-0.02757
2.664114e-08	-0.02904
2.864114e-08	-0.02855
3.064114e-08	-0.02806
3.264114e-08	-0.02855
3.464114e-08	-0.03002
3.664114e-08	-0.03002
3.864114e-08	-0.03002
4.064114e-08	-0.03051
4.264114e-08	-0.03002
4.464114e-08	-0.03002
4.664114e-08	-0.02953
4.864114e-08	-0.02953
5.064114e-08	-0.03002
5.264114e-08	-0.03002
5.464114e-08	-0.03051
5.664114e-08	-0.03198
5.864114e-08	-0.02953
6.064114e-08	-0.03002
6.264114e-08	-0.02904
6.464114e-08	-0.02953
6.664114e-08	-0.02806
6.864114e-08	-0.03051
7.064114e-08	-0.03296
7.264114e-08	-0.02953
7.464114e-08	-0.031
7.664114e-08	-0.03198
7.864114e-08	-0.03002
8.064114e-08	-0.02953
8.264114e-08	-0.02561
8.464114e-08	-0.02708
8.664114e-08	-0.02806
8.864114e-08	-0.03051
9.064114e-08	-0.031
9.264114e-08	-0.0261
9.464114e-08	-0.02904
9.664114e-08	-0.02806
9.864114e-08	-0.02659
1.006411e-07	-0.03002
1.026411e-07	-0.02708
1.046411e-07	-0.0261
1.066411e-07	-0.02757
1.086411e-07	-0.02512
1.106411e-07	-0.02806
1.126411e-07	-0.0261
1.146411e-07	-0.02365
1.166411e-07	-0.02757
1.186411e-07	-0.03002
1.206411e-07	-0.02659
1.226411e-07	-0.02659
1.246411e-07	-0.02806
1.266411e-07	-0.02757
1.286411e-07	-0.0212
1.306411e-07	-0.0163
1.326411e-07	-0.00601
1.346411e-07	0.01555
1.366411e-07	0.05965
1.386411e-07	0.12188
1.406411e-07	0.20567
1.426411e-07	0.30318
1.446411e-07	0.41392
1.466411e-07	0.52025
1.486411e-07	0.62658
1.506411e-07	0.72556
1.526411e-07	0.82846
1.546411e-07	0.92009
1.566411e-07	1.00192
1.586411e-07	1.0813
1.606411e-07	1.15333
1.626411e-07	1.20821
1.646411e-07	1.25966
1.666411e-07	1.28808
1.686411e-07	1.32042
1.706411e-07	1.34247
1.726411e-07	1.36305
1.746411e-07	1.38069
1.766411e-07	1.39735
1.786411e-07	1.41009
1.806411e-07	1.42283
1.826411e-07	1.42969
1.846411e-07	1.44194
1.866411e-07	1.44831
1.886411e-07	1.45762
1.906411e-07	1.45615
1.926411e-07	1.46056
1.946411e-07	1.46154
1.966411e-07	1.46546
1.986411e-07	1.46007
2.006411e-07	1.46595
2.026411e-07	1.45958
2.046411e-07	1.45419
2.066411e-07	1.44096
2.086411e-07	1.42871
2.106411e-07	1.39441
2.126411e-07	1.35521
2.146411e-07	1.32924
2.166411e-07	1.30719
2.186411e-07	1.28171
2.206411e-07	1.26113
2.226411e-07	1.23124
2.246411e-07	1.21164
2.266411e-07	1.18616
2.286411e-07	1.16558
2.306411e-07	1.13814
2.326411e-07	1.11805
2.346411e-07	1.09306
2.366411e-07	1.07052
2.386411e-07	1.04798
2.406411e-07	1.02446
2.426411e-07	0.99947
2.446411e-07	0.98134
2.466411e-07	0.95684
2.486411e-07	0.93626
2.506411e-07	0.91176
2.526411e-07	0.89706
2.546411e-07	0.8755
2.566411e-07	0.85394
2.586411e-07	0.83287
2.606411e-07	0.81621
2.626411e-07	0.79514
2.646411e-07	0.77603
2.666411e-07	0.75741
2.686411e-07	0.74173
2.706411e-07	0.72311
2.726411e-07	0.70204
2.746411e-07	0.68685
2.766411e-07	0.67019
2.786411e-07	0.6501
2.806411e-07	0.6354
2.826411e-07	0.62119
2.846411e-07	0.60551
2.866411e-07	0.58934
2.886411e-07	0.57513
2.906411e-07	0.56043
2.926411e-07	0.5472
2.946411e-07	0.53152
2.966411e-07	0.52123
2.986411e-07	0.50604
3.006411e-07	0.49526
3.026411e-07	0.4835
3.046411e-07	0.47174
3.066411e-07	0.45655
3.086411e-07	0.44724
3.106411e-07	0.4345
3.126411e-07	0.4247
3.146411e-07	0.41294
3.166411e-07	0.40412
3.186411e-07	0.39334
3.206411e-07	0.38403
3.226411e-07	0.37227
3.246411e-07	0.36345
3.266411e-07	0.35561
3.286411e-07	0.34777
3.306411e-07	0.3365
3.326411e-07	0.32964
3.346411e-07	0.32131
3.366411e-07	0.31445
3.386411e-07	0.30563
3.406411e-07	0.29926
3.426411e-07	0.28995
3.446411e-07	0.28358
3.466411e-07	0.27476
3.486411e-07	0.27084
3.506411e-07	0.25957
3.526411e-07	0.2532
3.546411e-07	0.24585
3.566411e-07	0.24242
3.586411e-07	0.23605
3.606411e-07	0.23017
3.626411e-07	0.22429
3.646411e-07	0.21939
3.666411e-07	0.21253
3.686411e-07	0.21106
3.706411e-07	0.2042
3.726411e-07	0.19832
3.746411e-07	0.19195
3.766411e-07	0.18901
3.786411e-07	0.18068
3.806411e-07	0.18117
3.826411e-07	0.1748
3.846411e-07	0.17088
3.866411e-07	0.16353
3.886411e-07	0.1601
3.906411e-07	0.1552
3.926411e-07	0.15422
3.946411e-07	0.14981
3.966411e-07	0.14491
3.986411e-07	0.13952
4.006411e-07	0.14001
4.026411e-07	0.13364
4.046411e-07	0.13266
4.066411e-07	0.12531
4.086411e-07	0.12335
4.106411e-07	0.12188
4.126411e-07	0.11747
4.146411e-07	0.11257
4.166411e-07	0.11061
4.186411e-07	0.10816
4.206411e-07	0.10718
4.226411e-07	0.1062
4.246411e-07	0.09983
4.266411e-07	0.09787
4.286411e-07	0.09787
4.306411e-07	0.09297
4.326411e-07	0.09395
4.346411e-07	0.09101
4.366411e-07	0.08954
4.386411e-07	0.0866
4.406411e-07	0.08219
4.426411e-07	0.08366
4.446411e-07	0.07974
4.466411e-07	0.07484
4.486411e-07	0.07582
4.506411e-07	0.07337
4.526411e-07	0.07141
4.546411e-07	0.06651
4.566411e-07	0.06455
4.586411e-07	0.06259
4.606411e-07	0.06308
4.626411e-07	0.05965
4.646411e-07	0.05916
4.666411e-07	0.05867
4.686411e-07	0.05377
4.706411e-07	0.04985
4.726411e-07	0.05034
4.746411e-07	0.04936
4.766411e-07	0.04691
4.786411e-07	0.04446
4.806411e-07	0.04299
4.826411e-07	0.04152
4.846411e-07	0.04054
4.866411e-07	0.03711
4.886411e-07	0.03858
4.906411e-07	0.03466
4.926411e-07	0.03564
4.946411e-07	0.03515
4.966411e-07	0.0327
4.986411e-07	0.0327
5.006411e-07	0.0327
5.026411e-07	0.02731
5.046411e-07	0.03025
5.066411e-07	0.02829
5.086411e-07	0.02927
5.106411e-07	0.02682
5.126411e-07	0.02437
5.146411e-07	0.0229
5.166411e-07	0.02339
5.186411e-07	0.018
5.206411e-07	0.0229
5.226411e-07	0.01702
5.246411e-07	0.01996
5.266411e-07	0.01849
5.286411e-07	0.018
5.306411e-07	0.01555
5.326411e-07	0.01604
5.346411e-07	0.00967
5.366411e-07	0.0131
5.386411e-07	0.0131
5.406411e-07	0.00967
5.426411e-07	0.00771
5.446411e-07	0.01065
5.466411e-07	0.00869
5.486411e-07	0.01163
5.506411e-07	0.00722
5.526411e-07	0.01016
5.546411e-07	0.00379
5.566411e-07	0.00722
5.586411e-07	0.00526
5.606411e-07	0.00722
5.626411e-07	0.00526
5.646411e-07	0.00722
5.666411e-07	0.0033
5.686411e-07	0.00477
5.706411e-07	0.00281
5.726411e-07	0.00477
5.746411e-07	-0.00013
5.766411e-07	-0.00209
5.786411e-07	-0.00454
5.806411e-07	-0.00258
5.826411e-07	-0.00405
5.846411e-07	-0.00209
5.866411e-07	-0.00454
5.886411e-07	-0.00454
5.906411e-07	-0.00699
5.926411e-07	-0.00601
5.946411e-07	-0.00552
5.966411e-07	-0.00699
5.986411e-07	-0.00944
6.006411e-07	-0.00601
6.026411e-07	-0.00797
6.046411e-07	-0.00748
6.066411e-07	-0.01042
6.086411e-07	-0.00748
6.106411e-07	-0.00846
6.126411e-07	-0.00895
6.146411e-07	-0.01042
6.166411e-07	-0.00895
6.186411e-07	-0.01042
6.206411e-07	-0.01287
6.226411e-07	-0.01042
6.246411e-07	-0.01042
6.266411e-07	-0.0114
6.286411e-07	-0.01336
6.306411e-07	-0.01581
6.326411e-07	-0.01189
6.346411e-07	-0.0163
6.366411e-07	-0.01532
6.386411e-07	-0.01434
6.406411e-07	-0.01336
6.426411e-07	-0.01728
6.446411e-07	-0.01679
6.466411e-07	-0.01826
6.486411e-07	-0.01728
6.506411e-07	-0.01924
6.526411e-07	-0.01679
6.546411e-07	-0.02169
6.566411e-07	-0.01728
6.586411e-07	-0.01826
6.606411e-07	-0.01777
6.626411e-07	-0.02071
6.646411e-07	-0.02169
6.666411e-07	-0.01973
6.686411e-07	-0.02169
6.706411e-07	-0.02169
6.726411e-07	-0.02022
6.746411e-07	-0.01679
6.766411e-07	-0.02169
6.786411e-07	-0.02022
6.806411e-07	-0.01924
6.826411e-07	-0.01924
6.846411e-07	-0.01973
6.866411e-07	-0.02365
6.886411e-07	-0.01875
6.906411e-07	-0.02071
6.926411e-07	-0.02218
6.946411e-07	-0.02414
6.966411e-07	-0.0212
6.986411e-07	-0.02218
7.006411e-07	-0.01826
7.026411e-07	-0.02169
7.046411e-07	-0.02267
7.066411e-07	-0.02365
7.086411e-07	-0.0212
7.106411e-07	-0.02316
7.126411e-07	-0.01777
7.146411e-07	-0.02022
7.166411e-07	-0.02071
7.186411e-07	-0.02365
7.206411e-07	-0.01973
7.226411e-07	-0.02316
7.246411e-07	-0.02169
7.266411e-07	-0.02267
7.286411e-07	-0.0212
7.306411e-07	-0.02169
7.326411e-07	-0.02316
7.346411e-07	-0.02365
7.366411e-07	-0.02414
7.386411e-07	-0.02512
7.406411e-07	-0.02365
7.426411e-07	-0.02365
7.446411e-07	-0.02267
7.466411e-07	-0.02512
7.486411e-07	-0.02071
7.506411e-07	-0.02267
7.526411e-07	-0.02414
7.546411e-07	-0.02463
7.566411e-07	-0.02855
7.586411e-07	-0.02414
7.606411e-07	-0.0212
7.626411e-07	-0.02267
7.646411e-07	-0.02365
7.666411e-07	-0.02708
7.686411e-07	-0.02561
7.706411e-07	-0.02463
7.726411e-07	-0.02463
7.746411e-07	-0.02806
7.766411e-07	-0.0261
7.786411e-07	-0.02414
7.806411e-07	-0.02218
7.826411e-07	-0.02806
7.846411e-07	-0.0261
7.866411e-07	-0.02659
7.886411e-07	-0.02463
7.906411e-07	-0.02757
7.926411e-07	-0.02757
7.946411e-07	-0.02806
7.966411e-07	-0.02757
7.986411e-07	-0.02904
8.006411e-07	-0.0261
8.026411e-07	-0.02414
8.046411e-07	-0.02659
8.066411e-07	-0.02757
8.086411e-07	-0.0261
8.106411e-07	-0.02757
8.126411e-07	-0.02561
8.146411e-07	-0.02806
8.166411e-07	-0.02855
8.186411e-07	-0.02904
8.206411e-07	-0.02806
8.226411e-07	-0.02855
8.246411e-07	-0.02904
8.266411e-07	-0.031
8.286411e-07	-0.02855
8.306411e-07	-0.03149
8.326411e-07	-0.0261
8.346411e-07	-0.02757
8.366411e-07	-0.02757
8.386411e-07	-0.03149
8.406411e-07	-0.02659
8.426411e-07	-0.02757
8.446411e-07	-0.02757
8.466411e-07	-0.03051
8.486411e-07	-0.02855
8.506411e-07	-0.02708
8.526411e-07	-0.0261
8.546411e-07	-0.02708
8.566411e-07	-0.02561
8.586411e-07	-0.02708
8.606411e-07	-0.02953
8.626411e-07	-0.03002
8.646411e-07	-0.02561
8.666411e-07	-0.02659
8.686411e-07	-0.02757
8.706411e-07	-0.02953
8.726411e-07	-0.03002
8.746411e-07	-0.02708
8.766411e-07	-0.02806
8.786411e-07	-0.03051
8.806411e-07	-0.02855
8.826411e-07	-0.02708
8.846411e-07	-0.02904
8.866411e-07	-0.03149
8.886411e-07	-0.02904
8.906411e-07	-0.02659
8.926411e-07	-0.02855
8.946411e-07	-0.02904
8.966411e-07	-0.031
8.986411e-07	-0.03051
9.006411e-07	-0.03002
9.026411e-07	-0.03002
9.046411e-07	-0.02855
9.066411e-07	-0.02855
9.086411e-07	-0.02855
9.106411e-07	-0.02953
9.126411e-07	-0.02904
9.146411e-07	-0.02708
9.166411e-07	-0.02708
9.186411e-07	-0.02806
9.206411e-07	-0.03051
9.226411e-07	-0.02904
9.246411e-07	-0.02855
9.266411e-07	-0.02904
9.286411e-07	-0.0261
9.306411e-07	-0.02708
9.326411e-07	-0.02953
9.346411e-07	-0.02953
9.366411e-07	-0.02904
9.386411e-07	-0.03149
9.406411e-07	-0.03149
9.426411e-07	-0.03198
9.446411e-07	-0.031
9.466411e-07	-0.02904
9.486411e-07	-0.03051
9.506411e-07	-0.02953
9.526411e-07	-0.02757
9.546411e-07	-0.02953
9.566411e-07	-0.03002
9.586411e-07	-0.03198
9.606411e-07	-0.03247
9.626411e-07	-0.031
9.646411e-07	-0.02806
9.666411e-07	-0.031
9.686411e-07	-0.02512
9.706411e-07	-0.02855
9.726411e-07	-0.02904
9.746411e-07	-0.03002
9.766411e-07	-0.02953
9.786411e-07	-0.02904
9.806411e-07	-0.02855
9.826411e-07	-0.02953
9.846411e-07	-0.02512
9.866411e-07	-0.02904
9.886411e-07	-0.02855
9.906411e-07	-0.02757
9.926411e-07	-0.0261
9.946411e-07	-0.02757
9.966411e-07	-0.02806
9.986411e-07	-0.02806
1.000641e-06	-0.02659
1.002641e-06	-0.02757
1.004641e-06	-0.02512
1.006641e-06	-0.02855
1.008641e-06	-0.02708
1.010641e-06	-0.02806
1.012641e-06	-0.02953
1.014641e-06	-0.02806
1.016641e-06	-0.02708
1.018641e-06	-0.02463
1.020641e-06	-0.02806
1.022641e-06	-0.02806
1.024641e-06	-0.0261
1.026641e-06	-0.02806
1.028641e-06	-0.02757
1.030641e-06	-0.02806
1.032641e-06	-0.02316
1.034641e-06	-0.02659
1.036641e-06	-0.02659
1.038641e-06	-0.02659
1.040641e-06	-0.02659
1.042641e-06	-0.02414
1.044641e-06	-0.02659
1.046641e-06	-0.03002
1.048641e-06	-0.02708
1.050641e-06	-0.02463
1.052641e-06	-0.02659
1.054641e-06	-0.03002
1.056641e-06	-0.02757
1.058641e-06	-0.0261
1.060641e-06	-0.02414
1.062641e-06	-0.03051
1.064641e-06	-0.02512
1.066641e-06	-0.02806
1.068641e-06	-0.02708
1.070641e-06	-0.02904
1.072641e-06	-0.02659
1.074641e-06	-0.02757
1.076641e-06	-0.02855
1.078641e-06	-0.02855
1.080641e-06	-0.02757
1.082641e-06	-0.02708
1.084641e-06	-0.02806
1.086641e-06	-0.02904
1.088641e-06	-0.02806
1.090641e-06	-0.02806
1.092641e-06	-0.02806
1.094641e-06	-0.02904
1.096641e-06	-0.031
1.098641e-06	-0.02757
1.100641e-06	-0.02757
1.102641e-06	-0.02953
1.104641e-06	-0.03149
1.106641e-06	-0.03002
1.108641e-06	-0.03002
1.110641e-06	-0.02953
1.112641e-06	-0.02708
1.114641e-06	-0.02757
1.116641e-06	-0.02757
1.118641e-06	-0.02757
1.120641e-06	-0.02708
1.122641e-06	-0.02708
1.124641e-06	-0.02806
1.126641e-06	-0.02855
1.128641e-06	-0.0261
1.130641e-06	-0.02659
1.132641e-06	-0.02855
1.134641e-06	-0.02708
1.136641e-06	-0.02708
1.138641e-06	-0.02708
1.140641e-06	-0.02806
1.142641e-06	-0.02659
1.144641e-06	-0.02659
1.146641e-06	-0.0261
1.148641e-06	-0.02561
1.150641e-06	-0.02757
1.152641e-06	-0.02463
1.154641e-06	-0.02561
1.156641e-06	-0.02806
1.158641e-06	-0.02463
1.160641e-06	-0.02414
1.162641e-06	-0.02708
1.164641e-06	-0.02512
1.166641e-06	-0.02708
1.168641e-06	-0.02708
1.170641e-06	-0.02414
1.172641e-06	-0.0261
1.174641e-06	-0.02806
1.176641e-06	-0.02659
1.178641e-06	-0.02806
1.180641e-06	-0.02757
1.182641e-06	-0.02659
1.184641e-06	-0.02512
1.186641e-06	-0.02659
1.188641e-06	-0.02267
1.190641e-06	-0.02708
1.192641e-06	-0.0261
1.194641e-06	-0.02561
1.196641e-06	-0.02561
1.198641e-06	-0.02708
1.200641e-06	-0.02365
1.202641e-06	-0.02316
1.204641e-06	-0.02708
1.206641e-06	-0.02855
1.208641e-06	-0.02561
1.210641e-06	-0.02708
1.212641e-06	-0.02757
1.214641e-06	-0.0261
1.216641e-06	-0.0261
1.218641e-06	-0.02708
1.220641e-06	-0.02708
1.222641e-06	-0.02659
1.224641e-06	-0.02316
1.226641e-06	-0.02561
1.228641e-06	-0.0261
1.230641e-06	-0.02855
1.232641e-06	-0.02659
1.234641e-06	-0.02561
1.236641e-06	-0.02904
1.238641e-06	-0.02904
1.240641e-06	-0.0261
1.242641e-06	-0.02855
1.244641e-06	-0.02806
1.246641e-06	-0.02708
1.248641e-06	-0.02757
1.250641e-06	-0.02561
1.252641e-06	-0.02708
1.254641e-06	-0.02757
1.256641e-06	-0.02365
1.258641e-06	-0.02463
1.260641e-06	-0.02316
1.262641e-06	-0.02414
1.264641e-06	-0.02463
1.266641e-06	-0.02561
1.268641e-06	-0.02316
1.270641e-06	-0.0261
1.272641e-06	-0.02512
1.274641e-06	-0.02561
1.276641e-06	-0.02365
1.278641e-06	-0.02316
1.280641e-06	-0.01875
1.282641e-06	-0.02022
1.284641e-06	-0.0212
1.286641e-06	-0.02659
1.288641e-06	-0.0212
1.290641e-06	-0.02169
1.292641e-06	-0.02267
1.294641e-06	-0.02365
1.296641e-06	-0.02414
1.298641e-06	-0.02414
1.300641e-06	-0.02218
1.302641e-06	-0.02512
1.304641e-06	-0.02365
1.306641e-06	-0.02267
1.308641e-06	-0.02218
1.310641e-06	-0.0261
1.312641e-06	-0.02267
1.314641e-06	-0.02365
1.316641e-06	-0.02512
1.318641e-06	-0.02218
1.320641e-06	-0.02316
1.322641e-06	-0.02708
1.324641e-06	-0.02561
1.326641e-06	-0.02659
1.328641e-06	-0.02414
1.330641e-06	-0.02316
1.332641e-06	-0.02316
1.334641e-06	-0.02561
1.336641e-06	-0.02463
1.338641e-06	-0.02561
1.340641e-06	-0.0261
1.342641e-06	-0.02659
1.344641e-06	-0.02659
1.346641e-06	-0.02561
1.348641e-06	-0.02512
1.350641e-06	-0.02806
1.352641e-06	-0.02659
1.354641e-06	-0.0261
1.356641e-06	-0.02463
1.358641e-06	-0.02757
1.360641e-06	-0.02365
1.362641e-06	-0.02512
1.364641e-06	-0.02561
1.366641e-06	-0.02953
1.368641e-06	-0.02757
1.370641e-06	-0.02659
1.372641e-06	-0.02316
1.374641e-06	-0.02855
1.376641e-06	-0.02659
1.378641e-06	-0.02512
1.380641e-06	-0.0261
1.382641e-06	-0.02708
1.384641e-06	-0.02463
1.386641e-06	-0.02512
1.388641e-06	-0.0261
1.390641e-06	-0.02806
1.392641e-06	-0.0261
1.394641e-06	-0.02316
1.396641e-06	-0.02659
1.398641e-06	-0.02659
1.400641e-06	-0.0261
1.402641e-06	-0.02806
1.404641e-06	-0.02806
1.406641e-06	-0.02855
1.408641e-06	-0.02806
1.410641e-06	-0.02757
1.412641e-06	-0.02904
1.414641e-06	-0.02855
1.416641e-06	-0.03002
1.418641e-06	-0.03051
1.420641e-06	-0.02855
1.422641e-06	-0.02904
1.424641e-06	-0.02855
1.426641e-06	-0.03051
1.428641e-06	-0.02806
1.430641e-06	-0.02953
1.432641e-06	-0.02708
1.434641e-06	-0.0261
1.436641e-06	-0.02708
1.438641e-06	-0.031
1.440641e-06	-0.031
1.442641e-06	-0.02855
1.444641e-06	-0.02757
1.446641e-06	-0.03149
1.448641e-06	-0.03002
1.450641e-06	-0.02953
1.452641e-06	-0.03002
1.454641e-06	-0.03149
1.456641e-06	-0.02904
1.458641e-06	-0.02806
1.460641e-06	-0.02953
1.462641e-06	-0.03247
1.464641e-06	-0.02855
1.466641e-06	-0.02806
1.468641e-06	-0.031
1.470641e-06	-0.03002
1.472641e-06	-0.02757
1.474641e-06	-0.02953
1.476641e-06	-0.02953
1.478641e-06	-0.031
1.480641e-06	-0.03296
1.482641e-06	-0.02904
1.484641e-06	-0.03149
1.486641e-06	-0.03247
1.488641e-06	-0.03002
1.490641e-06	-0.03198
1.492641e-06	-0.03198
1.494641e-06	-0.03198
1.496641e-06	-0.031
1.498641e-06	-0.02855
1.500641e-06	-0.02953
1.502641e-06	-0.02953
1.504641e-06	-0.02953
1.506641e-06	-0.03002
1.508641e-06	-0.02806
1.510641e-06	-0.031
1.512641e-06	-0.02855
1.514641e-06	-0.02953
1.516641e-06	-0.03051
1.518641e-06	-0.03198
1.520641e-06	-0.031
1.522641e-06	-0.02806
1.524641e-06	-0.03002
1.526641e-06	-0.03247
1.528641e-06	-0.03002
1.530641e-06	-0.02904
1.532641e-06	-0.02904
1.534641e-06	-0.03051
1.536641e-06	-0.03345
1.538641e-06	-0.03198
1.540641e-06	-0.02953
1.542641e-06	-0.03247
1.544641e-06	-0.02953
1.546641e-06	-0.03002
1.548641e-06	-0.03198
1.550641e-06	-0.03345
1.552641e-06	-0.03443
1.554641e-06	-0.031
1.556641e-06	-0.03247
1.558641e-06	-0.03198
1.560641e-06	-0.02855
1.562641e-06	-0.03051
1.564641e-06	-0.03198
1.566641e-06	-0.03345
1.568641e-06	-0.03198
1.570641e-06	-0.031
1.572641e-06	-0.03149
1.574641e-06	-0.03345
1.576641e-06	-0.031
1.578641e-06	-0.03247
1.580641e-06	-0.03345
1.582641e-06	-0.03296
1.584641e-06	-0.03002
1.586641e-06	-0.03002
1.588641e-06	-0.03149
1.590641e-06	-0.031
1.592641e-06	-0.03247
1.594641e-06	-0.03002
1.596641e-06	-0.03149
1.598641e-06	-0.031
1.600641e-06	-0.031
1.602641e-06	-0.03247
1.604641e-06	-0.03443
1.606641e-06	-0.03247
1.608641e-06	-0.03051
1.610641e-06	-0.03247
1.612641e-06	-0.031
1.614641e-06	-0.03394
1.616641e-06	-0.03149
1.618641e-06	-0.02953
1.620641e-06	-0.03002
1.622641e-06	-0.03198
1.624641e-06	-0.03002
1.626641e-06	-0.02904
1.628641e-06	-0.03051
1.630641e-06	-0.03051
1.632641e-06	-0.02855
1.634641e-06	-0.02855
1.636641e-06	-0.02953
1.638641e-06	-0.03051
1.640641e-06	-0.0261
1.642641e-06	-0.02708
1.644641e-06	-0.03002
1.646641e-06	-0.02904
1.648641e-06	-0.02806
1.650641e-06	-0.02953
1.652641e-06	-0.03002
1.654641e-06	-0.02806
1.656641e-06	-0.02512
1.658641e-06	-0.02316
1.660641e-06	-0.02904
1.662641e-06	-0.02904
1.664641e-06	-0.0261
1.666641e-06	-0.02757
1.668641e-06	-0.02855
1.670641e-06	-0.03002
1.672641e-06	-0.03051
1.674641e-06	-0.02806
1.676641e-06	-0.02904
1.678641e-06	-0.031
1.680641e-06	-0.02855
1.682641e-06	-0.02561
1.684641e-06	-0.02904
1.686641e-06	-0.02855
1.688641e-06	-0.0261
1.690641e-06	-0.02512
1.692641e-06	-0.02855
1.694641e-06	-0.03296
1.696641e-06	-0.02806
1.698641e-06	-0.02904
1.700641e-06	-0.02806
1.702641e-06	-0.02953
1.704641e-06	-0.02855
1.706641e-06	-0.02659
1.708641e-06	-0.02659
1.710641e-06	-0.02904
1.712641e-06	-0.0261
1.714641e-06	-0.02855
1.716641e-06	-0.02806
1.718641e-06	-0.02904
1.720641e-06	-0.02659
1.722641e-06	-0.0261
1.724641e-06	-0.02806
1.726641e-06	-0.03002
1.728641e-06	-0.02855
1.730641e-06	-0.02757
1.732641e-06	-0.02904
1.734641e-06	-0.02757
1.736641e-06	-0.02757
1.738641e-06	-0.02659
1.740641e-06	-0.03051
1.742641e-06	-0.02806
1.744641e-06	-0.02757
1.746641e-06	-0.02806
1.748641e-06	-0.02659
1.750641e-06	-0.02904
1.752641e-06	-0.02512
1.754641e-06	-0.02806
1.756641e-06	-0.02855
1.758641e-06	-0.02904
1.760641e-06	-0.02708
1.762641e-06	-0.02855
1.764641e-06	-0.02757
1.766641e-06	-0.02757
1.768641e-06	-0.02659
1.770641e-06	-0.0261
1.772641e-06	-0.031
1.774641e-06	-0.03002
1.776641e-06	-0.02904
1.778641e-06	-0.0261
1.780641e-06	-0.03002
1.782641e-06	-0.03149
1.784641e-06	-0.03002
1.786641e-06	-0.03051
1.788641e-06	-0.02953
1.790641e-06	-0.031
1.792641e-06	-0.02855
1.794641e-06	-0.02806
1.796641e-06	-0.02757
1.798641e-06	-0.03296
1.800641e-06	-0.031
1.802641e-06	-0.0261
1.804641e-06	-0.03051
1.806641e-06	-0.02904
1.808641e-06	-0.02855
1.810641e-06	-0.02757
1.812641e-06	-0.02855
1.814641e-06	-0.02904
1.816641e-06	-0.02708
1.818641e-06	-0.02757
1.820641e-06	-0.02757
1.822641e-06	-0.02855
1.824641e-06	-0.02855
1.826641e-06	-0.02904
1.828641e-06	-0.02855
1.830641e-06	-0.0261
1.832641e-06	-0.02953
1.834641e-06	-0.02904
1.836641e-06	-0.031
1.838641e-06	-0.03002
1.840641e-06	-0.02806
1.842641e-06	-0.02855
1.844641e-06	-0.02953
1.846641e-06	-0.02904
1.848641e-06	-0.02659
1.850641e-06	-0.02806
1.852641e-06	-0.02953
1.854641e-06	-0.02855
1.856641e-06	-0.03051
1.858641e-06	-0.02855
1.860641e-06	-0.02904
1.862641e-06	-0.02904
1.864641e-06	-0.02904
1.866641e-06	-0.03051
1.868641e-06	-0.03149
1.870641e-06	-0.02953
1.872641e-06	-0.02659
1.874641e-06	-0.02757
1.876641e-06	-0.03002
1.878641e-06	-0.02953
1.880641e-06	-0.02904
1.882641e-06	-0.02855
1.884641e-06	-0.03198
1.886641e-06	-0.03198
1.888641e-06	-0.0261
1.890641e-06	-0.03002
1.892641e-06	-0.02953
1.894641e-06	-0.03247
1.896641e-06	-0.02953
1.898641e-06	-0.02855
1.900641e-06	-0.02953
1.902641e-06	-0.02953
1.904641e-06	-0.02757
1.906641e-06	-0.03002
1.908641e-06	-0.02953
1.910641e-06	-0.03051
1.912641e-06	-0.02806
1.914641e-06	-0.02708
1.916641e-06	-0.031
1.918641e-06	-0.031
1.920641e-06	-0.03002
1.922641e-06	-0.03198
1.924641e-06	-0.03051
1.926641e-06	-0.03296
1.928641e-06	-0.02708
1.930641e-06	-0.03051
1.932641e-06	-0.02708
1.934641e-06	-0.02904
1.936641e-06	-0.03394
1.938641e-06	-0.02806
1.940641e-06	-0.031
1.942641e-06	-0.03443
1.944641e-06	-0.03345
1.946641e-06	-0.03002
1.948641e-06	-0.03051
1.950641e-06	-0.02904
1.952641e-06	-0.02757
1.954641e-06	-0.02953
1.956641e-06	-0.031
1.958641e-06	-0.03149
1.960641e-06	-0.02904
1.962641e-06	-0.02855
1.964641e-06	-0.02708
1.966641e-06	-0.03051
1.968641e-06	-0.0261
1.970641e-06	-0.03002
1.972641e-06	-0.02855
1.974641e-06	-0.031
1.976641e-06	-0.02708
1.978641e-06	-0.02806
1.980641e-06	-0.02855
1.982641e-06	-0.02855
1.984641e-06	-0.02855
1.986641e-06	-0.02953
1.988641e-06	-0.02806
1.990641e-06	-0.031
1.992641e-06	-0.02659
1.994641e-06	-0.02904
1.996641e-06	-0.02904
1.998641e-06	-0.02904
2.000641e-06	-0.02561
2.002641e-06	-0.02855
2.004641e-06	-0.02757
2.006641e-06	-0.03198
2.008641e-06	-0.02855
2.010641e-06	-0.02757
2.012641e-06	-0.02708
2.014641e-06	-0.02855
2.016641e-06	-0.02855
2.018641e-06	-0.0261
2.020641e-06	-0.02463
2.022641e-06	-0.02855
2.024641e-06	-0.02806
2.026641e-06	-0.0261
2.028641e-06	-0.02806
2.030641e-06	-0.02904
2.032641e-06	-0.02708
2.034641e-06	-0.02708
2.036641e-06	-0.02904
2.038641e-06	-0.02708
2.040641e-06	-0.02708
2.042641e-06	-0.02757
2.044641e-06	-0.02708
2.046641e-06	-0.03002
2.048641e-06	-0.0261
2.050641e-06	-0.0261
2.052641e-06	-0.02953
2.054641e-06	-0.03247
2.056641e-06	-0.02708
2.058641e-06	-0.02904
2.060641e-06	-0.02953
2.062641e-06	-0.03051
2.064641e-06	-0.02855
2.066641e-06	-0.02806
2.068641e-06	-0.02953
2.070641e-06	-0.02953
2.072641e-06	-0.02708
2.074641e-06	-0.02806
2.076641e-06	-0.031
2.078641e-06	-0.031
2.080641e-06	-0.02561
2.082641e-06	-0.02904
2.084641e-06	-0.03198
2.086641e-06	-0.03149
2.088641e-06	-0.02659
2.090641e-06	-0.02904
2.092641e-06	-0.02953
2.094641e-06	-0.03002
2.096641e-06	-0.02855
2.098641e-06	-0.02904
2.100641e-06	-0.031
2.102641e-06	-0.03296
2.104641e-06	-0.02904
2.106641e-06	-0.031
2.108641e-06	-0.03149
2.110641e-06	-0.03051
2.112641e-06	-0.02953
2.114641e-06	-0.02904
2.116641e-06	-0.031
2.118641e-06	-0.03247
2.120641e-06	-0.02659
2.122641e-06	-0.02757
2.124641e-06	-0.02757
2.126641e-06	-0.03002
2.128641e-06	-0.02806
2.130641e-06	-0.02806
2.132641e-06	-0.03051
2.134641e-06	-0.03002
2.136641e-06	-0.02904
2.138641e-06	-0.03198
2.140641e-06	-0.03051
2.142641e-06	-0.031
2.144641e-06	-0.02708
2.146641e-06	-0.03051
2.148641e-06	-0.03002
2.150641e-06	-0.02855
2.152641e-06	-0.0261
2.154641e-06	-0.02904
2.156641e-06	-0.02708
2.158641e-06	-0.02757
2.160641e-06	-0.02855
2.162641e-06	-0.0261
2.164641e-06	-0.02708
2.166641e-06	-0.02806
2.168641e-06	-0.02659
2.170641e-06	-0.02708
2.172641e-06	-0.02806
2.174641e-06	-0.02806
2.176641e-06	-0.02561
2.178641e-06	-0.02708
2.180641e-06	-0.02855
2.182641e-06	-0.02953
2.184641e-06	-0.02855
2.186641e-06	-0.02855
2.188641e-06	-0.02904
2.190641e-06	-0.02904
2.192641e-06	-0.0261
2.194641e-06	-0.02708
2.196641e-06	-0.02414
2.198641e-06	-0.03051
2.200641e-06	-0.03051
2.202641e-06	-0.02904
2.204641e-06	-0.02855
2.206641e-06	-0.03002
2.208641e-06	-0.02708
2.210641e-06	-0.03002
2.212641e-06	-0.02855
2.214641e-06	-0.03296
2.216641e-06	-0.02659
2.218641e-06	-0.02806
2.220641e-06	-0.02904
2.222641e-06	-0.03149
2.224641e-06	-0.02708
2.226641e-06	-0.03051
2.228641e-06	-0.031
2.230641e-06	-0.02953
2.232641e-06	-0.02953
2.234641e-06	-0.02953
2.236641e-06	-0.02855
2.238641e-06	-0.02904
2.240641e-06	-0.02806
2.242641e-06	-0.02855
2.244641e-06	-0.02904
2.246641e-06	-0.03198
2.248641e-06	-0.03149
2.250641e-06	-0.02904
2.252641e-06	-0.02757
2.254641e-06	-0.02953
2.256641e-06	-0.02904
2.258641e-06	-0.02806
2.260641e-06	-0.0261
2.262641e-06	-0.03198
2.264641e-06	-0.03051
2.266641e-06	-0.03051
2.268641e-06	-0.02904
2.270641e-06	-0.02904
2.272641e-06	-0.031
2.274641e-06	-0.02904
2.276641e-06	-0.02953
2.278641e-06	-0.02855
2.280641e-06	-0.02757
2.282641e-06	-0.03002
2.284641e-06	-0.02561
2.286641e-06	-0.031
2.288641e-06	-0.0261
2.290641e-06	-0.02806
2.292641e-06	-0.02757
2.294641e-06	-0.03149
2.296641e-06	-0.02757
2.298641e-06	-0.02512
2.300641e-06	-0.02953
2.302641e-06	-0.02855
2.304641e-06	-0.02512
2.306641e-06	-0.02414
2.308641e-06	-0.02659
2.310641e-06	-0.02855
2.312641e-06	-0.02855
2.314641e-06	-0.0261
2.316641e-06	-0.02561
2.318641e-06	-0.02463
2.320641e-06	-0.02512
2.322641e-06	-0.0261
2.324641e-06	-0.02855
2.326641e-06	-0.02806
2.328641e-06	-0.0261
2.330641e-06	-0.02708
2.332641e-06	-0.0261
2.334641e-06	-0.02365
2.336641e-06	-0.02561
2.338641e-06	-0.0261
2.340641e-06	-0.02659
2.342641e-06	-0.02757
2.344641e-06	-0.02659
2.346641e-06	-0.02659
2.348641e-06	-0.0261
2.350641e-06	-0.02659
2.352641e-06	-0.02561
2.354641e-06	-0.02855
2.356641e-06	-0.02757
2.358641e-06	-0.02806
2.360641e-06	-0.02512
2.362641e-06	-0.02806
2.364641e-06	-0.031
2.366641e-06	-0.03002
2.368641e-06	-0.02463
2.370641e-06	-0.02708
2.372641e-06	-0.0261
2.374641e-06	-0.02708
2.376641e-06	-0.02463
2.378641e-06	-0.02757
2.380641e-06	-0.0261
2.382641e-06	-0.02904
2.384641e-06	-0.0261
2.386641e-06	-0.02757
2.388641e-06	-0.02659
2.390641e-06	-0.03002
2.392641e-06	-0.02708
2.394641e-06	-0.02757
2.396641e-06	-0.02561
2.398641e-06	-0.02708
2.400641e-06	-0.02806
2.402641e-06	-0.02659
2.404641e-06	-0.02708
2.406641e-06	-0.02904
2.408641e-06	-0.02855
2.410641e-06	-0.02757
2.412641e-06	-0.02806
2.414641e-06	-0.02561
2.416641e-06	-0.0261
2.418641e-06	-0.02659
2.420641e-06	-0.02855
2.422641e-06	-0.03051
2.424641e-06	-0.02855
2.426641e-06	-0.02904
2.428641e-06	-0.02855
2.430641e-06	-0.03051
2.432641e-06	-0.02757
2.434641e-06	-0.02904
2.436641e-06	-0.02855
2.438641e-06	-0.02806
2.440641e-06	-0.02708
2.442641e-06	-0.02561
2.444641e-06	-0.03002
2.446641e-06	-0.02757
2.448641e-06	-0.02757
2.450641e-06	-0.03198
2.452641e-06	-0.03002
2.454641e-06	-0.03296
2.456641e-06	-0.02904
2.458641e-06	-0.02953
2.460641e-06	-0.02855
2.462641e-06	-0.03002
2.464641e-06	-0.02855
2.466641e-06	-0.02904
2.468641e-06	-0.02855
2.470641e-06	-0.03345
2.472641e-06	-0.02855
2.474641e-06	-0.03002
2.476641e-06	-0.02757
2.478641e-06	-0.03051
2.480641e-06	-0.02757
2.482641e-06	-0.02953
2.484641e-06	-0.03002
2.486641e-06	-0.03002
2.488641e-06	-0.0261
2.490641e-06	-0.02708
2.492641e-06	-0.03051
2.494641e-06	-0.02855
2.496641e-06	-0.02806
2.498641e-06	-0.02561
2.500641e-06	-0.03002
