LECROYHDO6104A	50809	Waveform
Segments	1	SegmentSize	2502
Segment	TrigTime	TimeSinceSegment1
#1	19-Dec-2022 19:17:20	0                 
Time	Ampl
-2.490288e-06	-0.020466
-2.488288e-06	-0.021002
-2.486288e-06	-0.020466
-2.484288e-06	-0.020466
-2.482288e-06	-0.0206
-2.480288e-06	-0.02127
-2.478288e-06	-0.0206
-2.476288e-06	-0.0206
-2.474288e-06	-0.020868
-2.472288e-06	-0.02127
-2.470288e-06	-0.02127
-2.468288e-06	-0.021002
-2.466288e-06	-0.02127
-2.464288e-06	-0.021538
-2.462288e-06	-0.021136
-2.460288e-06	-0.021136
-2.458288e-06	-0.020734
-2.456288e-06	-0.021002
-2.454288e-06	-0.020466
-2.452288e-06	-0.020064
-2.450288e-06	-0.020466
-2.448288e-06	-0.020466
-2.446288e-06	-0.01993
-2.444288e-06	-0.019394
-2.442288e-06	-0.020332
-2.440288e-06	-0.020332
-2.438288e-06	-0.019796
-2.436288e-06	-0.020064
-2.434288e-06	-0.019394
-2.432288e-06	-0.020064
-2.430288e-06	-0.019662
-2.428288e-06	-0.019796
-2.426288e-06	-0.020064
-2.424288e-06	-0.019662
-2.422288e-06	-0.01926
-2.420288e-06	-0.019126
-2.418288e-06	-0.018992
-2.416288e-06	-0.019662
-2.414288e-06	-0.019126
-2.412288e-06	-0.019528
-2.410288e-06	-0.020198
-2.408288e-06	-0.020198
-2.406288e-06	-0.019662
-2.404288e-06	-0.01993
-2.402288e-06	-0.019796
-2.400288e-06	-0.020198
-2.398288e-06	-0.020064
-2.396288e-06	-0.020332
-2.394288e-06	-0.019796
-2.392288e-06	-0.019796
-2.390288e-06	-0.019528
-2.388288e-06	-0.019662
-2.386288e-06	-0.01993
-2.384288e-06	-0.01993
-2.382288e-06	-0.019796
-2.380288e-06	-0.019126
-2.378288e-06	-0.01926
-2.376288e-06	-0.019528
-2.374288e-06	-0.01859
-2.372288e-06	-0.018724
-2.370288e-06	-0.018858
-2.368288e-06	-0.019528
-2.366288e-06	-0.019528
-2.364288e-06	-0.019126
-2.362288e-06	-0.018992
-2.360288e-06	-0.018992
-2.358288e-06	-0.018322
-2.356288e-06	-0.018456
-2.354288e-06	-0.018188
-2.352288e-06	-0.018992
-2.350288e-06	-0.017786
-2.348288e-06	-0.01792
-2.346288e-06	-0.01792
-2.344288e-06	-0.018322
-2.342288e-06	-0.018188
-2.340288e-06	-0.018188
-2.338288e-06	-0.018054
-2.336288e-06	-0.019126
-2.334288e-06	-0.018456
-2.332288e-06	-0.018456
-2.330288e-06	-0.018054
-2.328288e-06	-0.018456
-2.326288e-06	-0.018322
-2.324288e-06	-0.018188
-2.322288e-06	-0.018188
-2.320288e-06	-0.018322
-2.318288e-06	-0.018054
-2.316288e-06	-0.01792
-2.314288e-06	-0.01859
-2.312288e-06	-0.018992
-2.310288e-06	-0.018724
-2.308288e-06	-0.018724
-2.306288e-06	-0.01859
-2.304288e-06	-0.018992
-2.302288e-06	-0.01859
-2.300288e-06	-0.01859
-2.298288e-06	-0.01859
-2.296288e-06	-0.01859
-2.294288e-06	-0.01859
-2.292288e-06	-0.01859
-2.290288e-06	-0.018992
-2.288288e-06	-0.019662
-2.286288e-06	-0.019394
-2.284288e-06	-0.019394
-2.282288e-06	-0.020064
-2.280288e-06	-0.020064
-2.278288e-06	-0.019394
-2.276288e-06	-0.019126
-2.274288e-06	-0.019528
-2.272288e-06	-0.019662
-2.270288e-06	-0.019126
-2.268288e-06	-0.018992
-2.266288e-06	-0.019126
-2.264288e-06	-0.019528
-2.262288e-06	-0.019126
-2.260288e-06	-0.018858
-2.258288e-06	-0.018858
-2.256288e-06	-0.01859
-2.254288e-06	-0.018322
-2.252288e-06	-0.017652
-2.250288e-06	-0.017518
-2.248288e-06	-0.017786
-2.246288e-06	-0.01725
-2.244288e-06	-0.017518
-2.242288e-06	-0.017116
-2.240288e-06	-0.017518
-2.238288e-06	-0.018054
-2.236288e-06	-0.01725
-2.234288e-06	-0.01658
-2.232288e-06	-0.016714
-2.230288e-06	-0.015776
-2.228288e-06	-0.01591
-2.226288e-06	-0.015642
-2.224288e-06	-0.015642
-2.222288e-06	-0.014972
-2.220288e-06	-0.015106
-2.218288e-06	-0.014972
-2.216288e-06	-0.01457
-2.214288e-06	-0.014034
-2.212288e-06	-0.014168
-2.210288e-06	-0.014436
-2.208288e-06	-0.014436
-2.206288e-06	-0.014168
-2.204288e-06	-0.0139
-2.202288e-06	-0.014436
-2.200288e-06	-0.014972
-2.198288e-06	-0.014838
-2.196288e-06	-0.015374
-2.194288e-06	-0.015508
-2.192288e-06	-0.016178
-2.190288e-06	-0.015642
-2.188288e-06	-0.01591
-2.186288e-06	-0.016714
-2.184288e-06	-0.016714
-2.182288e-06	-0.016982
-2.180288e-06	-0.016446
-2.178288e-06	-0.01658
-2.176288e-06	-0.016848
-2.174288e-06	-0.016982
-2.172288e-06	-0.017384
-2.170288e-06	-0.017518
-2.168288e-06	-0.018054
-2.166288e-06	-0.017786
-2.164288e-06	-0.017786
-2.162288e-06	-0.018188
-2.160288e-06	-0.018188
-2.158288e-06	-0.018724
-2.156288e-06	-0.01926
-2.154288e-06	-0.020064
-2.152288e-06	-0.019394
-2.150288e-06	-0.019394
-2.148288e-06	-0.019528
-2.146288e-06	-0.019796
-2.144288e-06	-0.01993
-2.142288e-06	-0.019528
-2.140288e-06	-0.019796
-2.138288e-06	-0.019528
-2.136288e-06	-0.020198
-2.134288e-06	-0.020064
-2.132288e-06	-0.019796
-2.130288e-06	-0.020332
-2.128288e-06	-0.020332
-2.126288e-06	-0.0206
-2.124288e-06	-0.020064
-2.122288e-06	-0.020734
-2.120288e-06	-0.0206
-2.118288e-06	-0.020198
-2.116288e-06	-0.019796
-2.114288e-06	-0.01993
-2.112288e-06	-0.020466
-2.110288e-06	-0.019796
-2.108288e-06	-0.019662
-2.106288e-06	-0.020198
-2.104288e-06	-0.0206
-2.102288e-06	-0.01993
-2.100288e-06	-0.020332
-2.098288e-06	-0.020332
-2.096288e-06	-0.020198
-2.094288e-06	-0.019394
-2.092288e-06	-0.019528
-2.090288e-06	-0.020198
-2.088288e-06	-0.020064
-2.086288e-06	-0.019662
-2.084288e-06	-0.019528
-2.082288e-06	-0.019662
-2.080288e-06	-0.01926
-2.078288e-06	-0.018724
-2.076288e-06	-0.019528
-2.074288e-06	-0.019394
-2.072288e-06	-0.018724
-2.070288e-06	-0.018456
-2.068288e-06	-0.018188
-2.066288e-06	-0.018188
-2.064288e-06	-0.018188
-2.062288e-06	-0.017652
-2.060288e-06	-0.018054
-2.058288e-06	-0.01725
-2.056288e-06	-0.017652
-2.054288e-06	-0.017518
-2.052288e-06	-0.016848
-2.050288e-06	-0.016446
-2.048288e-06	-0.01658
-2.046288e-06	-0.016044
-2.044288e-06	-0.01591
-2.042288e-06	-0.016312
-2.040288e-06	-0.016446
-2.038288e-06	-0.015374
-2.036288e-06	-0.015374
-2.034288e-06	-0.01524
-2.032288e-06	-0.015106
-2.030288e-06	-0.015374
-2.028288e-06	-0.01591
-2.026288e-06	-0.01591
-2.024288e-06	-0.016312
-2.022288e-06	-0.016044
-2.020288e-06	-0.016312
-2.018288e-06	-0.016312
-2.016288e-06	-0.016714
-2.014288e-06	-0.016446
-2.012288e-06	-0.016982
-2.010288e-06	-0.017116
-2.008288e-06	-0.016714
-2.006288e-06	-0.01658
-2.004288e-06	-0.016848
-2.002288e-06	-0.016848
-2.000288e-06	-0.016446
-1.998288e-06	-0.016312
-1.996288e-06	-0.01725
-1.994288e-06	-0.017116
-1.992288e-06	-0.017116
-1.990288e-06	-0.017518
-1.988288e-06	-0.018322
-1.986288e-06	-0.018188
-1.984288e-06	-0.018054
-1.982288e-06	-0.017786
-1.980288e-06	-0.018054
-1.978288e-06	-0.018724
-1.976288e-06	-0.018456
-1.974288e-06	-0.018188
-1.972288e-06	-0.01792
-1.970288e-06	-0.018054
-1.968288e-06	-0.018322
-1.966288e-06	-0.01792
-1.964288e-06	-0.017384
-1.962288e-06	-0.017116
-1.960288e-06	-0.017384
-1.958288e-06	-0.016848
-1.956288e-06	-0.017518
-1.954288e-06	-0.017652
-1.952288e-06	-0.017384
-1.950288e-06	-0.01725
-1.948288e-06	-0.017518
-1.946288e-06	-0.017518
-1.944288e-06	-0.017786
-1.942288e-06	-0.017384
-1.940288e-06	-0.017518
-1.938288e-06	-0.01725
-1.936288e-06	-0.017786
-1.934288e-06	-0.01725
-1.932288e-06	-0.017652
-1.930288e-06	-0.017786
-1.928288e-06	-0.018188
-1.926288e-06	-0.018456
-1.924288e-06	-0.017786
-1.922288e-06	-0.017652
-1.920288e-06	-0.018322
-1.918288e-06	-0.01792
-1.916288e-06	-0.018456
-1.914288e-06	-0.018724
-1.912288e-06	-0.019394
-1.910288e-06	-0.018992
-1.908288e-06	-0.018858
-1.906288e-06	-0.01926
-1.904288e-06	-0.020332
-1.902288e-06	-0.019126
-1.900288e-06	-0.01926
-1.898288e-06	-0.019126
-1.896288e-06	-0.019796
-1.894288e-06	-0.019394
-1.892288e-06	-0.019662
-1.890288e-06	-0.019528
-1.888288e-06	-0.020198
-1.886288e-06	-0.019126
-1.884288e-06	-0.01926
-1.882288e-06	-0.019394
-1.880288e-06	-0.018992
-1.878288e-06	-0.018456
-1.876288e-06	-0.017786
-1.874288e-06	-0.018054
-1.872288e-06	-0.019126
-1.870288e-06	-0.018858
-1.868288e-06	-0.018456
-1.866288e-06	-0.018858
-1.864288e-06	-0.018724
-1.862288e-06	-0.018322
-1.860288e-06	-0.018456
-1.858288e-06	-0.018992
-1.856288e-06	-0.019662
-1.854288e-06	-0.018724
-1.852288e-06	-0.018858
-1.850288e-06	-0.018724
-1.848288e-06	-0.019796
-1.846288e-06	-0.01926
-1.844288e-06	-0.020064
-1.842288e-06	-0.019796
-1.840288e-06	-0.01993
-1.838288e-06	-0.019662
-1.836288e-06	-0.020064
-1.834288e-06	-0.01926
-1.832288e-06	-0.020198
-1.830288e-06	-0.018858
-1.828288e-06	-0.019126
-1.826288e-06	-0.020064
-1.824288e-06	-0.020734
-1.822288e-06	-0.01993
-1.820288e-06	-0.019796
-1.818288e-06	-0.019796
-1.816288e-06	-0.020332
-1.814288e-06	-0.019394
-1.812288e-06	-0.019394
-1.810288e-06	-0.020466
-1.808288e-06	-0.01993
-1.806288e-06	-0.019662
-1.804288e-06	-0.01926
-1.802288e-06	-0.020064
-1.800288e-06	-0.020332
-1.798288e-06	-0.01993
-1.796288e-06	-0.020064
-1.794288e-06	-0.020198
-1.792288e-06	-0.0206
-1.790288e-06	-0.020198
-1.788288e-06	-0.01993
-1.786288e-06	-0.020332
-1.784288e-06	-0.021002
-1.782288e-06	-0.019796
-1.780288e-06	-0.020064
-1.778288e-06	-0.020734
-1.776288e-06	-0.020734
-1.774288e-06	-0.020734
-1.772288e-06	-0.01993
-1.770288e-06	-0.020466
-1.768288e-06	-0.020332
-1.766288e-06	-0.0206
-1.764288e-06	-0.020466
-1.762288e-06	-0.0206
-1.760288e-06	-0.020868
-1.758288e-06	-0.020466
-1.756288e-06	-0.020332
-1.754288e-06	-0.020064
-1.752288e-06	-0.020198
-1.750288e-06	-0.019528
-1.748288e-06	-0.019528
-1.746288e-06	-0.019662
-1.744288e-06	-0.020332
-1.742288e-06	-0.01926
-1.740288e-06	-0.019394
-1.738288e-06	-0.019662
-1.736288e-06	-0.020198
-1.734288e-06	-0.019796
-1.732288e-06	-0.020198
-1.730288e-06	-0.01993
-1.728288e-06	-0.020064
-1.726288e-06	-0.019796
-1.724288e-06	-0.019394
-1.722288e-06	-0.019126
-1.720288e-06	-0.019796
-1.718288e-06	-0.019528
-1.716288e-06	-0.01993
-1.714288e-06	-0.020198
-1.712288e-06	-0.020466
-1.710288e-06	-0.01993
-1.708288e-06	-0.019528
-1.706288e-06	-0.020332
-1.704288e-06	-0.020868
-1.702288e-06	-0.020064
-1.700288e-06	-0.019528
-1.698288e-06	-0.020332
-1.696288e-06	-0.020466
-1.694288e-06	-0.019528
-1.692288e-06	-0.019394
-1.690288e-06	-0.019662
-1.688288e-06	-0.0206
-1.686288e-06	-0.019394
-1.684288e-06	-0.019394
-1.682288e-06	-0.019528
-1.680288e-06	-0.019528
-1.678288e-06	-0.019528
-1.676288e-06	-0.019394
-1.674288e-06	-0.020064
-1.672288e-06	-0.020064
-1.670288e-06	-0.019528
-1.668288e-06	-0.019796
-1.666288e-06	-0.019394
-1.664288e-06	-0.020064
-1.662288e-06	-0.019662
-1.660288e-06	-0.020198
-1.658288e-06	-0.020064
-1.656288e-06	-0.0206
-1.654288e-06	-0.020466
-1.652288e-06	-0.020064
-1.650288e-06	-0.020466
-1.648288e-06	-0.01993
-1.646288e-06	-0.019528
-1.644288e-06	-0.019528
-1.642288e-06	-0.020198
-1.640288e-06	-0.019662
-1.638288e-06	-0.019662
-1.636288e-06	-0.01993
-1.634288e-06	-0.019528
-1.632288e-06	-0.0206
-1.630288e-06	-0.020064
-1.628288e-06	-0.019662
-1.626288e-06	-0.020332
-1.624288e-06	-0.020332
-1.622288e-06	-0.019796
-1.620288e-06	-0.019528
-1.618288e-06	-0.019528
-1.616288e-06	-0.020064
-1.614288e-06	-0.019394
-1.612288e-06	-0.01926
-1.610288e-06	-0.019126
-1.608288e-06	-0.019394
-1.606288e-06	-0.019126
-1.604288e-06	-0.018992
-1.602288e-06	-0.019126
-1.600288e-06	-0.019394
-1.598288e-06	-0.018858
-1.596288e-06	-0.018992
-1.594288e-06	-0.018992
-1.592288e-06	-0.019126
-1.590288e-06	-0.018188
-1.588288e-06	-0.018456
-1.586288e-06	-0.018456
-1.584288e-06	-0.01926
-1.582288e-06	-0.018724
-1.580288e-06	-0.018724
-1.578288e-06	-0.018724
-1.576288e-06	-0.018992
-1.574288e-06	-0.01859
-1.572288e-06	-0.018054
-1.570288e-06	-0.01859
-1.568288e-06	-0.018322
-1.566288e-06	-0.01792
-1.564288e-06	-0.01792
-1.562288e-06	-0.017518
-1.560288e-06	-0.018322
-1.558288e-06	-0.017518
-1.556288e-06	-0.018054
-1.554288e-06	-0.017384
-1.552288e-06	-0.018188
-1.550288e-06	-0.01725
-1.548288e-06	-0.016848
-1.546288e-06	-0.016312
-1.544288e-06	-0.017116
-1.542288e-06	-0.016714
-1.540288e-06	-0.016446
-1.538288e-06	-0.016178
-1.536288e-06	-0.016312
-1.534288e-06	-0.016178
-1.532288e-06	-0.015642
-1.530288e-06	-0.015106
-1.528288e-06	-0.014838
-1.526288e-06	-0.014704
-1.524288e-06	-0.014034
-1.522288e-06	-0.014436
-1.520288e-06	-0.014838
-1.518288e-06	-0.0139
-1.516288e-06	-0.014436
-1.514288e-06	-0.014302
-1.512288e-06	-0.014838
-1.510288e-06	-0.014972
-1.508288e-06	-0.015374
-1.506288e-06	-0.015776
-1.504288e-06	-0.015508
-1.502288e-06	-0.014704
-1.500288e-06	-0.014838
-1.498288e-06	-0.014838
-1.496288e-06	-0.01524
-1.494288e-06	-0.014972
-1.492288e-06	-0.015106
-1.490288e-06	-0.015374
-1.488288e-06	-0.015642
-1.486288e-06	-0.015508
-1.484288e-06	-0.01591
-1.482288e-06	-0.016044
-1.480288e-06	-0.016312
-1.478288e-06	-0.016312
-1.476288e-06	-0.016714
-1.474288e-06	-0.016848
-1.472288e-06	-0.017384
-1.470288e-06	-0.017518
-1.468288e-06	-0.016848
-1.466288e-06	-0.01725
-1.464288e-06	-0.017518
-1.462288e-06	-0.01725
-1.460288e-06	-0.017518
-1.458288e-06	-0.017518
-1.456288e-06	-0.018188
-1.454288e-06	-0.018188
-1.452288e-06	-0.018456
-1.450288e-06	-0.019394
-1.448288e-06	-0.019796
-1.446288e-06	-0.01993
-1.444288e-06	-0.019796
-1.442288e-06	-0.01993
-1.440288e-06	-0.020198
-1.438288e-06	-0.01993
-1.436288e-06	-0.019662
-1.434288e-06	-0.020064
-1.432288e-06	-0.019528
-1.430288e-06	-0.019394
-1.428288e-06	-0.019662
-1.426288e-06	-0.020198
-1.424288e-06	-0.020332
-1.422288e-06	-0.019394
-1.420288e-06	-0.018992
-1.418288e-06	-0.018456
-1.416288e-06	-0.019126
-1.414288e-06	-0.019126
-1.412288e-06	-0.019126
-1.410288e-06	-0.018858
-1.408288e-06	-0.018724
-1.406288e-06	-0.01792
-1.404288e-06	-0.01792
-1.402288e-06	-0.01792
-1.400288e-06	-0.018188
-1.398288e-06	-0.016714
-1.396288e-06	-0.016848
-1.394288e-06	-0.016982
-1.392288e-06	-0.016982
-1.390288e-06	-0.015642
-1.388288e-06	-0.016178
-1.386288e-06	-0.016178
-1.384288e-06	-0.016446
-1.382288e-06	-0.016178
-1.380288e-06	-0.016044
-1.378288e-06	-0.016446
-1.376288e-06	-0.016714
-1.374288e-06	-0.016044
-1.372288e-06	-0.01591
-1.370288e-06	-0.016044
-1.368288e-06	-0.016714
-1.366288e-06	-0.016446
-1.364288e-06	-0.01725
-1.362288e-06	-0.017116
-1.360288e-06	-0.01725
-1.358288e-06	-0.01725
-1.356288e-06	-0.018054
-1.354288e-06	-0.018054
-1.352288e-06	-0.018188
-1.350288e-06	-0.017786
-1.348288e-06	-0.017786
-1.346288e-06	-0.018188
-1.344288e-06	-0.018724
-1.342288e-06	-0.018322
-1.340288e-06	-0.018724
-1.338288e-06	-0.019126
-1.336288e-06	-0.018724
-1.334288e-06	-0.018322
-1.332288e-06	-0.018992
-1.330288e-06	-0.01926
-1.328288e-06	-0.019796
-1.326288e-06	-0.018724
-1.324288e-06	-0.018858
-1.322288e-06	-0.019662
-1.320288e-06	-0.020198
-1.318288e-06	-0.020064
-1.316288e-06	-0.019394
-1.314288e-06	-0.019126
-1.312288e-06	-0.019796
-1.310288e-06	-0.018992
-1.308288e-06	-0.019394
-1.306288e-06	-0.019662
-1.304288e-06	-0.019528
-1.302288e-06	-0.019126
-1.300288e-06	-0.019528
-1.298288e-06	-0.019528
-1.296288e-06	-0.019796
-1.294288e-06	-0.019126
-1.292288e-06	-0.018724
-1.290288e-06	-0.019394
-1.288288e-06	-0.019796
-1.286288e-06	-0.018858
-1.284288e-06	-0.019126
-1.282288e-06	-0.018858
-1.280288e-06	-0.01926
-1.278288e-06	-0.01926
-1.276288e-06	-0.019528
-1.274288e-06	-0.018992
-1.272288e-06	-0.019528
-1.270288e-06	-0.018456
-1.268288e-06	-0.019126
-1.266288e-06	-0.01926
-1.264288e-06	-0.019796
-1.262288e-06	-0.01926
-1.260288e-06	-0.019528
-1.258288e-06	-0.020198
-1.256288e-06	-0.019662
-1.254288e-06	-0.018724
-1.252288e-06	-0.019528
-1.250288e-06	-0.020198
-1.248288e-06	-0.0206
-1.246288e-06	-0.020064
-1.244288e-06	-0.01926
-1.242288e-06	-0.020198
-1.240288e-06	-0.020466
-1.238288e-06	-0.020332
-1.236288e-06	-0.020734
-1.234288e-06	-0.020466
-1.232288e-06	-0.02127
-1.230288e-06	-0.020198
-1.228288e-06	-0.020064
-1.226288e-06	-0.021136
-1.224288e-06	-0.02194
-1.222288e-06	-0.021404
-1.220288e-06	-0.021002
-1.218288e-06	-0.020734
-1.216288e-06	-0.021672
-1.214288e-06	-0.021672
-1.212288e-06	-0.021806
-1.210288e-06	-0.021404
-1.208288e-06	-0.021404
-1.206288e-06	-0.021136
-1.204288e-06	-0.02127
-1.202288e-06	-0.021136
-1.200288e-06	-0.021806
-1.198288e-06	-0.021404
-1.196288e-06	-0.021002
-1.194288e-06	-0.021136
-1.192288e-06	-0.021538
-1.190288e-06	-0.02127
-1.188288e-06	-0.021404
-1.186288e-06	-0.020868
-1.184288e-06	-0.021806
-1.182288e-06	-0.021136
-1.180288e-06	-0.021404
-1.178288e-06	-0.021672
-1.176288e-06	-0.021538
-1.174288e-06	-0.021538
-1.172288e-06	-0.021404
-1.170288e-06	-0.021002
-1.168288e-06	-0.021538
-1.166288e-06	-0.02127
-1.164288e-06	-0.02127
-1.162288e-06	-0.021538
-1.160288e-06	-0.022074
-1.158288e-06	-0.021806
-1.156288e-06	-0.021404
-1.154288e-06	-0.021538
-1.152288e-06	-0.02261
-1.150288e-06	-0.022342
-1.148288e-06	-0.022208
-1.146288e-06	-0.022342
-1.144288e-06	-0.022342
-1.142288e-06	-0.02194
-1.140288e-06	-0.021538
-1.138288e-06	-0.021538
-1.136288e-06	-0.021672
-1.134288e-06	-0.021538
-1.132288e-06	-0.021672
-1.130288e-06	-0.021672
-1.128288e-06	-0.02261
-1.126288e-06	-0.02194
-1.124288e-06	-0.021538
-1.122288e-06	-0.021538
-1.120288e-06	-0.022342
-1.118288e-06	-0.021806
-1.116288e-06	-0.021806
-1.114288e-06	-0.022074
-1.112288e-06	-0.02194
-1.110288e-06	-0.02127
-1.108288e-06	-0.021136
-1.106288e-06	-0.021002
-1.104288e-06	-0.022074
-1.102288e-06	-0.020868
-1.100288e-06	-0.021404
-1.098288e-06	-0.021538
-1.096288e-06	-0.022074
-1.094288e-06	-0.022342
-1.092288e-06	-0.022074
-1.090288e-06	-0.021672
-1.088288e-06	-0.022342
-1.086288e-06	-0.02194
-1.084288e-06	-0.022208
-1.082288e-06	-0.022208
-1.080288e-06	-0.022744
-1.078288e-06	-0.022074
-1.076288e-06	-0.021404
-1.074288e-06	-0.022074
-1.072288e-06	-0.02127
-1.070288e-06	-0.021404
-1.068288e-06	-0.021404
-1.066288e-06	-0.021672
-1.064288e-06	-0.022074
-1.062288e-06	-0.021672
-1.060288e-06	-0.021672
-1.058288e-06	-0.021672
-1.056288e-06	-0.02261
-1.054288e-06	-0.02261
-1.052288e-06	-0.02194
-1.050288e-06	-0.022074
-1.048288e-06	-0.022744
-1.046288e-06	-0.022074
-1.044288e-06	-0.021538
-1.042288e-06	-0.021806
-1.040288e-06	-0.022208
-1.038288e-06	-0.022074
-1.036288e-06	-0.021806
-1.034288e-06	-0.02194
-1.032288e-06	-0.022342
-1.030288e-06	-0.021806
-1.028288e-06	-0.021404
-1.026288e-06	-0.020868
-1.024288e-06	-0.021672
-1.022288e-06	-0.02127
-1.020288e-06	-0.020466
-1.018288e-06	-0.020466
-1.016288e-06	-0.020332
-1.014288e-06	-0.01926
-1.012288e-06	-0.019394
-1.010288e-06	-0.01926
-1.008288e-06	-0.019662
-1.006288e-06	-0.019126
-1.004288e-06	-0.020198
-1.002288e-06	-0.019796
-1.000288e-06	-0.020868
-9.982876e-07	-0.020466
-9.962876e-07	-0.020064
-9.942876e-07	-0.020198
-9.922876e-07	-0.020466
-9.902876e-07	-0.020064
-9.882876e-07	-0.019796
-9.862876e-07	-0.019796
-9.842876e-07	-0.020868
-9.822876e-07	-0.01993
-9.802876e-07	-0.020064
-9.782876e-07	-0.020466
-9.762876e-07	-0.020734
-9.742876e-07	-0.020466
-9.722876e-07	-0.020332
-9.702876e-07	-0.020064
-9.682876e-07	-0.020868
-9.662876e-07	-0.020198
-9.642876e-07	-0.020466
-9.622876e-07	-0.020064
-9.602876e-07	-0.020466
-9.582876e-07	-0.020466
-9.562876e-07	-0.020332
-9.542876e-07	-0.020198
-9.522876e-07	-0.020868
-9.502876e-07	-0.01993
-9.482876e-07	-0.01993
-9.462876e-07	-0.01993
-9.442876e-07	-0.020064
-9.422876e-07	-0.019528
-9.402876e-07	-0.019126
-9.382876e-07	-0.019126
-9.362876e-07	-0.019394
-9.342876e-07	-0.01859
-9.322876e-07	-0.018322
-9.302876e-07	-0.018322
-9.282876e-07	-0.018456
-9.262876e-07	-0.01792
-9.242876e-07	-0.018054
-9.222876e-07	-0.017786
-9.202876e-07	-0.018188
-9.182876e-07	-0.017652
-9.162876e-07	-0.018456
-9.142876e-07	-0.01792
-9.122876e-07	-0.018456
-9.102876e-07	-0.018322
-9.082876e-07	-0.018456
-9.062876e-07	-0.018456
-9.042876e-07	-0.018992
-9.022876e-07	-0.01859
-9.002876e-07	-0.018992
-8.982876e-07	-0.018992
-8.962876e-07	-0.01926
-8.942876e-07	-0.019126
-8.922876e-07	-0.019662
-8.902876e-07	-0.019528
-8.882876e-07	-0.020064
-8.862876e-07	-0.020466
-8.842876e-07	-0.019796
-8.822876e-07	-0.019662
-8.802876e-07	-0.020332
-8.782876e-07	-0.019796
-8.762876e-07	-0.019662
-8.742876e-07	-0.020466
-8.722876e-07	-0.020332
-8.702876e-07	-0.020332
-8.682876e-07	-0.019394
-8.662876e-07	-0.019662
-8.642876e-07	-0.01993
-8.622876e-07	-0.019528
-8.602876e-07	-0.019528
-8.582876e-07	-0.020064
-8.562876e-07	-0.019796
-8.542876e-07	-0.019662
-8.522876e-07	-0.019796
-8.502876e-07	-0.01993
-8.482876e-07	-0.020332
-8.462876e-07	-0.019796
-8.442876e-07	-0.019796
-8.422876e-07	-0.020064
-8.402876e-07	-0.0206
-8.382876e-07	-0.020064
-8.362876e-07	-0.020466
-8.342876e-07	-0.020466
-8.322876e-07	-0.020466
-8.302876e-07	-0.020198
-8.282876e-07	-0.020332
-8.262876e-07	-0.020734
-8.242876e-07	-0.020868
-8.222876e-07	-0.020198
-8.202876e-07	-0.020466
-8.182876e-07	-0.0206
-8.162876e-07	-0.0206
-8.142876e-07	-0.020198
-8.122876e-07	-0.020868
-8.102876e-07	-0.020734
-8.082876e-07	-0.020198
-8.062876e-07	-0.019796
-8.042876e-07	-0.020064
-8.022876e-07	-0.019528
-8.002876e-07	-0.020734
-7.982876e-07	-0.020466
-7.962876e-07	-0.020064
-7.942876e-07	-0.01993
-7.922876e-07	-0.019528
-7.902876e-07	-0.018858
-7.882876e-07	-0.019394
-7.862876e-07	-0.019796
-7.842876e-07	-0.020064
-7.822876e-07	-0.01993
-7.802876e-07	-0.0206
-7.782876e-07	-0.0206
-7.762876e-07	-0.021002
-7.742876e-07	-0.020466
-7.722876e-07	-0.020734
-7.702876e-07	-0.020734
-7.682876e-07	-0.020734
-7.662876e-07	-0.020198
-7.642876e-07	-0.020064
-7.622876e-07	-0.019796
-7.602876e-07	-0.01993
-7.582876e-07	-0.01926
-7.562876e-07	-0.019394
-7.542876e-07	-0.018858
-7.522876e-07	-0.018992
-7.502876e-07	-0.01792
-7.482876e-07	-0.018054
-7.462876e-07	-0.018322
-7.442876e-07	-0.018054
-7.422876e-07	-0.01725
-7.402876e-07	-0.016714
-7.382876e-07	-0.016982
-7.362876e-07	-0.017652
-7.342876e-07	-0.016982
-7.322876e-07	-0.016848
-7.302876e-07	-0.016446
-7.282876e-07	-0.016982
-7.262876e-07	-0.016848
-7.242876e-07	-0.01658
-7.222876e-07	-0.017518
-7.202876e-07	-0.017518
-7.182876e-07	-0.016714
-7.162876e-07	-0.016714
-7.142876e-07	-0.016312
-7.122876e-07	-0.01725
-7.102876e-07	-0.017116
-7.082876e-07	-0.017116
-7.062876e-07	-0.017384
-7.042876e-07	-0.017786
-7.022876e-07	-0.017652
-7.002876e-07	-0.017786
-6.982876e-07	-0.01725
-6.962876e-07	-0.017518
-6.942876e-07	-0.018054
-6.922876e-07	-0.018188
-6.902876e-07	-0.018054
-6.882876e-07	-0.01859
-6.862876e-07	-0.01792
-6.842876e-07	-0.018188
-6.822876e-07	-0.018858
-6.802876e-07	-0.019394
-6.782876e-07	-0.01926
-6.762876e-07	-0.01926
-6.742876e-07	-0.019126
-6.722876e-07	-0.020064
-6.702876e-07	-0.01993
-6.682876e-07	-0.019662
-6.662876e-07	-0.020332
-6.642876e-07	-0.021002
-6.622876e-07	-0.020332
-6.602876e-07	-0.019394
-6.582876e-07	-0.020064
-6.562876e-07	-0.020466
-6.542876e-07	-0.020198
-6.522876e-07	-0.020198
-6.502876e-07	-0.01993
-6.482876e-07	-0.020734
-6.462876e-07	-0.020064
-6.442876e-07	-0.019528
-6.422876e-07	-0.019528
-6.402876e-07	-0.019796
-6.382876e-07	-0.019528
-6.362876e-07	-0.019528
-6.342876e-07	-0.019528
-6.322876e-07	-0.020064
-6.302876e-07	-0.020466
-6.282876e-07	-0.019796
-6.262876e-07	-0.0206
-6.242876e-07	-0.020868
-6.222876e-07	-0.020868
-6.202876e-07	-0.020734
-6.182876e-07	-0.021136
-6.162876e-07	-0.021672
-6.142876e-07	-0.0206
-6.122876e-07	-0.0206
-6.102876e-07	-0.020332
-6.082876e-07	-0.020734
-6.062876e-07	-0.0206
-6.042876e-07	-0.020332
-6.022876e-07	-0.0206
-6.002876e-07	-0.020734
-5.982876e-07	-0.020332
-5.962876e-07	-0.020734
-5.942876e-07	-0.020198
-5.922876e-07	-0.020734
-5.902876e-07	-0.020064
-5.882876e-07	-0.019796
-5.862876e-07	-0.020198
-5.842876e-07	-0.01993
-5.822876e-07	-0.01926
-5.802876e-07	-0.01926
-5.782876e-07	-0.01926
-5.762876e-07	-0.019662
-5.742876e-07	-0.01926
-5.722876e-07	-0.019528
-5.702876e-07	-0.019528
-5.682876e-07	-0.019662
-5.662876e-07	-0.018724
-5.642876e-07	-0.018858
-5.622876e-07	-0.018724
-5.602876e-07	-0.018992
-5.582876e-07	-0.018992
-5.562876e-07	-0.018322
-5.542876e-07	-0.018992
-5.522876e-07	-0.01926
-5.502876e-07	-0.018456
-5.482876e-07	-0.01859
-5.462876e-07	-0.01859
-5.442876e-07	-0.019126
-5.422876e-07	-0.018724
-5.402876e-07	-0.018322
-5.382876e-07	-0.018724
-5.362876e-07	-0.01859
-5.342876e-07	-0.018456
-5.322876e-07	-0.018322
-5.302876e-07	-0.018724
-5.282876e-07	-0.018992
-5.262876e-07	-0.019528
-5.242876e-07	-0.019662
-5.222876e-07	-0.020064
-5.202876e-07	-0.019796
-5.182876e-07	-0.019528
-5.162876e-07	-0.019796
-5.142876e-07	-0.019662
-5.122876e-07	-0.021002
-5.102876e-07	-0.019796
-5.082876e-07	-0.01993
-5.062876e-07	-0.020198
-5.042876e-07	-0.01926
-5.022876e-07	-0.019528
-5.002876e-07	-0.018992
-4.982876e-07	-0.018724
-4.962876e-07	-0.019394
-4.942876e-07	-0.019394
-4.922876e-07	-0.019528
-4.902876e-07	-0.018858
-4.882876e-07	-0.018724
-4.862876e-07	-0.018456
-4.842876e-07	-0.01859
-4.822876e-07	-0.01926
-4.802876e-07	-0.019394
-4.782876e-07	-0.019394
-4.762876e-07	-0.01926
-4.742876e-07	-0.019394
-4.722876e-07	-0.019528
-4.702876e-07	-0.018992
-4.682876e-07	-0.018724
-4.662876e-07	-0.018724
-4.642876e-07	-0.018456
-4.622876e-07	-0.018456
-4.602876e-07	-0.018724
-4.582876e-07	-0.019394
-4.562876e-07	-0.019796
-4.542876e-07	-0.018858
-4.522876e-07	-0.01859
-4.502876e-07	-0.019796
-4.482876e-07	-0.019394
-4.462876e-07	-0.01926
-4.442876e-07	-0.018858
-4.422876e-07	-0.019126
-4.402876e-07	-0.018858
-4.382876e-07	-0.01859
-4.362876e-07	-0.01926
-4.342876e-07	-0.019126
-4.322876e-07	-0.018992
-4.302876e-07	-0.018724
-4.282876e-07	-0.01859
-4.262876e-07	-0.01926
-4.242876e-07	-0.01926
-4.222876e-07	-0.018992
-4.202876e-07	-0.018054
-4.182876e-07	-0.018724
-4.162876e-07	-0.018858
-4.142876e-07	-0.018858
-4.122876e-07	-0.019126
-4.102876e-07	-0.018992
-4.082876e-07	-0.019126
-4.062876e-07	-0.018456
-4.042876e-07	-0.018456
-4.022876e-07	-0.018188
-4.002876e-07	-0.018188
-3.982876e-07	-0.018188
-3.962876e-07	-0.01792
-3.942876e-07	-0.017786
-3.922876e-07	-0.017652
-3.902876e-07	-0.017384
-3.882876e-07	-0.017116
-3.862876e-07	-0.01725
-3.842876e-07	-0.016982
-3.822876e-07	-0.017384
-3.802876e-07	-0.017518
-3.782876e-07	-0.016982
-3.762876e-07	-0.017384
-3.742876e-07	-0.016848
-3.722876e-07	-0.016982
-3.702876e-07	-0.017116
-3.682876e-07	-0.017116
-3.662876e-07	-0.017652
-3.642876e-07	-0.01725
-3.622876e-07	-0.017518
-3.602876e-07	-0.01792
-3.582876e-07	-0.018054
-3.562876e-07	-0.017786
-3.542876e-07	-0.01792
-3.522876e-07	-0.018322
-3.502876e-07	-0.018188
-3.482876e-07	-0.018724
-3.462876e-07	-0.01792
-3.442876e-07	-0.019126
-3.422876e-07	-0.018054
-3.402876e-07	-0.017652
-3.382876e-07	-0.018724
-3.362876e-07	-0.01859
-3.342876e-07	-0.018858
-3.322876e-07	-0.01859
-3.302876e-07	-0.01859
-3.282876e-07	-0.018992
-3.262876e-07	-0.018188
-3.242876e-07	-0.018456
-3.222876e-07	-0.01792
-3.202876e-07	-0.01859
-3.182876e-07	-0.018322
-3.162876e-07	-0.018456
-3.142876e-07	-0.018456
-3.122876e-07	-0.01859
-3.102876e-07	-0.018322
-3.082876e-07	-0.01859
-3.062876e-07	-0.01792
-3.042876e-07	-0.018188
-3.022876e-07	-0.017786
-3.002876e-07	-0.01792
-2.982876e-07	-0.01725
-2.962876e-07	-0.017384
-2.942876e-07	-0.016848
-2.922876e-07	-0.016312
-2.902876e-07	-0.015374
-2.882876e-07	-0.015508
-2.862876e-07	-0.014704
-2.842876e-07	-0.015106
-2.822876e-07	-0.014704
-2.802876e-07	-0.014704
-2.782876e-07	-0.01457
-2.762876e-07	-0.014972
-2.742876e-07	-0.014972
-2.722876e-07	-0.014972
-2.702876e-07	-0.014034
-2.682876e-07	-0.014436
-2.662876e-07	-0.0139
-2.642876e-07	-0.014436
-2.622876e-07	-0.013766
-2.602876e-07	-0.013364
-2.582876e-07	-0.01323
-2.562876e-07	-0.013766
-2.542876e-07	-0.01256
-2.522876e-07	-0.012158
-2.502876e-07	-0.012024
-2.482876e-07	-0.012292
-2.462876e-07	-0.011756
-2.442876e-07	-0.012024
-2.422876e-07	-0.01189
-2.402876e-07	-0.012158
-2.382876e-07	-0.011488
-2.362876e-07	-0.012024
-2.342876e-07	-0.012158
-2.322876e-07	-0.012694
-2.302876e-07	-0.012158
-2.282876e-07	-0.01256
-2.262876e-07	-0.012292
-2.242876e-07	-0.01323
-2.222876e-07	-0.012694
-2.202876e-07	-0.01323
-2.182876e-07	-0.013364
-2.162876e-07	-0.01457
-2.142876e-07	-0.013766
-2.122876e-07	-0.014302
-2.102876e-07	-0.014704
-2.082876e-07	-0.01457
-2.062876e-07	-0.014302
-2.042876e-07	-0.01457
-2.022876e-07	-0.014436
-2.002876e-07	-0.014034
-1.982876e-07	-0.014436
-1.962876e-07	-0.01457
-1.942876e-07	-0.015374
-1.922876e-07	-0.01591
-1.902876e-07	-0.014838
-1.882876e-07	-0.016044
-1.862876e-07	-0.016178
-1.842876e-07	-0.016446
-1.822876e-07	-0.016044
-1.802876e-07	-0.016312
-1.782876e-07	-0.016312
-1.762876e-07	-0.016982
-1.742876e-07	-0.016178
-1.722876e-07	-0.01658
-1.702876e-07	-0.017116
-1.682876e-07	-0.018188
-1.662876e-07	-0.01725
-1.642876e-07	-0.017384
-1.622876e-07	-0.017518
-1.602876e-07	-0.017786
-1.582876e-07	-0.017786
-1.562876e-07	-0.017518
-1.542876e-07	-0.017518
-1.522876e-07	-0.017518
-1.502876e-07	-0.017652
-1.482876e-07	-0.017786
-1.462876e-07	-0.01792
-1.442876e-07	-0.018188
-1.422876e-07	-0.018188
-1.402876e-07	-0.018456
-1.382876e-07	-0.019126
-1.362876e-07	-0.018992
-1.342876e-07	-0.018858
-1.322876e-07	-0.018724
-1.302876e-07	-0.01926
-1.282876e-07	-0.019126
-1.262876e-07	-0.01926
-1.242876e-07	-0.019394
-1.222876e-07	-0.019528
-1.202876e-07	-0.019528
-1.182876e-07	-0.018992
-1.162876e-07	-0.01926
-1.142876e-07	-0.019528
-1.122876e-07	-0.019394
-1.102876e-07	-0.018858
-1.082876e-07	-0.018992
-1.062876e-07	-0.018992
-1.042876e-07	-0.018992
-1.022876e-07	-0.018456
-1.002876e-07	-0.018724
-9.828758e-08	-0.018456
-9.628758e-08	-0.019126
-9.428758e-08	-0.018456
-9.228758e-08	-0.018456
-9.028758e-08	-0.018456
-8.828758e-08	-0.018724
-8.628758e-08	-0.018858
-8.428758e-08	-0.018858
-8.228758e-08	-0.01859
-8.028758e-08	-0.019528
-7.828758e-08	-0.01859
-7.628758e-08	-0.018456
-7.428758e-08	-0.018858
-7.228758e-08	-0.018724
-7.028758e-08	-0.01859
-6.828758e-08	-0.018858
-6.628758e-08	-0.01926
-6.428758e-08	-0.018992
-6.228758e-08	-0.018188
-6.028758e-08	-0.01792
-5.828758e-08	-0.018054
-5.628758e-08	-0.018188
-5.428758e-08	-0.017786
-5.228758e-08	-0.01725
-5.028758e-08	-0.016982
-4.828758e-08	-0.01725
-4.628758e-08	-0.016848
-4.428758e-08	-0.016312
-4.228758e-08	-0.01591
-4.028758e-08	-0.01591
-3.828758e-08	-0.015508
-3.628758e-08	-0.016312
-3.428758e-08	-0.016044
-3.228758e-08	-0.016312
-3.028758e-08	-0.015776
-2.828758e-08	-0.016044
-2.628758e-08	-0.015776
-2.428758e-08	-0.01658
-2.228758e-08	-0.015776
-2.028758e-08	-0.016312
-1.828758e-08	-0.01725
-1.628758e-08	-0.016848
-1.428758e-08	-0.016848
-1.228758e-08	-0.016044
-1.028758e-08	-0.016714
-8.287583e-09	-0.01725
-6.287583e-09	-0.016446
-4.287583e-09	-0.016446
-2.287583e-09	-0.017116
-2.875832e-10	-0.01658
1.712417e-09	-0.01658
3.712417e-09	-0.016714
5.712417e-09	-0.016446
7.712417e-09	-0.016982
9.712417e-09	-0.016178
1.171242e-08	-0.016312
1.371242e-08	-0.015776
1.571242e-08	-0.016312
1.771242e-08	-0.015508
1.971242e-08	-0.016446
2.171242e-08	-0.016044
2.371242e-08	-0.016848
2.571242e-08	-0.015508
2.771242e-08	-0.01658
2.971242e-08	-0.016044
3.171242e-08	-0.016848
3.371242e-08	-0.016446
3.571242e-08	-0.016848
3.771242e-08	-0.017116
3.971242e-08	-0.017786
4.171242e-08	-0.01725
4.371242e-08	-0.017652
4.571242e-08	-0.017518
4.771242e-08	-0.018188
4.971242e-08	-0.018456
5.171242e-08	-0.01792
5.371242e-08	-0.018188
5.571242e-08	-0.018322
5.771242e-08	-0.017518
5.971242e-08	-0.018188
6.171242e-08	-0.018054
6.371242e-08	-0.018992
6.571242e-08	-0.01859
6.771242e-08	-0.018322
6.971242e-08	-0.018858
7.171242e-08	-0.018858
7.371242e-08	-0.017786
7.571242e-08	-0.018054
7.771242e-08	-0.017116
7.971242e-08	-0.018188
8.171242e-08	-0.017384
8.371242e-08	-0.017652
8.571242e-08	-0.017384
8.771242e-08	-0.01792
8.971242e-08	-0.016848
9.171242e-08	-0.017384
9.371242e-08	-0.01792
9.571242e-08	-0.01859
9.771242e-08	-0.017384
9.971242e-08	-0.017518
1.017124e-07	-0.018054
1.037124e-07	-0.018188
1.057124e-07	-0.01792
1.077124e-07	-0.017786
1.097124e-07	-0.01725
1.117124e-07	-0.018054
1.137124e-07	-0.017652
1.157124e-07	-0.01792
1.177124e-07	-0.018054
1.197124e-07	-0.017652
1.217124e-07	-0.017652
1.237124e-07	-0.017116
1.257124e-07	-0.01658
1.277124e-07	-0.016446
1.297124e-07	-0.01524
1.317124e-07	-0.01323
1.337124e-07	-0.007736
1.357124e-07	0.002448
1.377124e-07	0.020806
1.397124e-07	0.044524
1.417124e-07	0.074272
1.437124e-07	0.105092
1.457124e-07	0.13752
1.477124e-07	0.168072
1.497124e-07	0.198356
1.517124e-07	0.22596
1.537124e-07	0.252894
1.557124e-07	0.27554
1.577124e-07	0.298052
1.597124e-07	0.31641
1.617124e-07	0.333696
1.637124e-07	0.347364
1.657124e-07	0.359826
1.677124e-07	0.369608
1.697124e-07	0.378586
1.717124e-07	0.385152
1.737124e-07	0.389976
1.757124e-07	0.392522
1.777124e-07	0.394934
1.797124e-07	0.3948
1.817124e-07	0.393996
1.837124e-07	0.391584
1.857124e-07	0.389038
1.877124e-07	0.38408
1.897124e-07	0.379524
1.917124e-07	0.372958
1.937124e-07	0.367464
1.957124e-07	0.360094
1.977124e-07	0.352858
1.997124e-07	0.344416
2.017124e-07	0.336778
2.037124e-07	0.327666
2.057124e-07	0.320028
2.077124e-07	0.310782
2.097124e-07	0.302206
2.117124e-07	0.292558
2.137124e-07	0.28358
2.157124e-07	0.274468
2.177124e-07	0.265356
2.197124e-07	0.255842
2.217124e-07	0.247802
2.237124e-07	0.238422
2.257124e-07	0.229578
2.277124e-07	0.2206
2.297124e-07	0.212024
2.317124e-07	0.203716
2.337124e-07	0.19514
2.357124e-07	0.187368
2.377124e-07	0.179596
2.397124e-07	0.171958
2.417124e-07	0.16499
2.437124e-07	0.157486
2.457124e-07	0.151188
2.477124e-07	0.144488
2.497124e-07	0.138726
2.517124e-07	0.13216
2.537124e-07	0.1268
2.557124e-07	0.1201
2.577124e-07	0.115008
2.597124e-07	0.109246
2.617124e-07	0.103752
2.637124e-07	0.098794
2.657124e-07	0.09397
2.677124e-07	0.089146
2.697124e-07	0.084992
2.717124e-07	0.080034
2.737124e-07	0.076416
2.757124e-07	0.071994
2.777124e-07	0.068376
2.797124e-07	0.064356
2.817124e-07	0.060738
2.837124e-07	0.057254
2.857124e-07	0.053904
2.877124e-07	0.05109
2.897124e-07	0.04841
2.917124e-07	0.044792
2.937124e-07	0.042514
2.957124e-07	0.0397
2.977124e-07	0.037958
2.997124e-07	0.035144
3.017124e-07	0.032866
3.037124e-07	0.031124
3.057124e-07	0.029918
3.077124e-07	0.027774
3.097124e-07	0.0263
3.117124e-07	0.024022
3.137124e-07	0.023352
3.157124e-07	0.021208
3.177124e-07	0.019868
3.197124e-07	0.019198
3.217124e-07	0.018528
3.237124e-07	0.015982
3.257124e-07	0.01558
3.277124e-07	0.014776
3.297124e-07	0.014374
3.317124e-07	0.012364
3.337124e-07	0.012096
3.357124e-07	0.010756
3.377124e-07	0.011158
3.397124e-07	0.009818
3.417124e-07	0.009014
3.437124e-07	0.008076
3.457124e-07	0.008076
3.477124e-07	0.00687
3.497124e-07	0.00687
3.517124e-07	0.005396
3.537124e-07	0.004994
3.557124e-07	0.004592
3.577124e-07	0.004056
3.597124e-07	0.003788
3.617124e-07	0.003118
3.637124e-07	0.00218
3.657124e-07	0.001912
3.677124e-07	0.001644
3.697124e-07	0.001376
3.717124e-07	0.001242
3.737124e-07	0.000572
3.757124e-07	0.000304
3.777124e-07	0.000572
3.797124e-07	-0.000634
3.817124e-07	-0.00117
3.837124e-07	-0.001438
3.857124e-07	-0.001304
3.877124e-07	-0.002376
3.897124e-07	-0.00251
3.917124e-07	-0.003314
3.937124e-07	-0.002912
3.957124e-07	-0.004118
3.977124e-07	-0.003984
3.997124e-07	-0.003984
4.017124e-07	-0.003716
4.037124e-07	-0.004118
4.057124e-07	-0.004654
4.077124e-07	-0.004922
4.097124e-07	-0.004788
4.117124e-07	-0.005592
4.137124e-07	-0.005458
4.157124e-07	-0.005994
4.177124e-07	-0.005994
4.197124e-07	-0.006396
4.217124e-07	-0.006396
4.237124e-07	-0.006262
4.257124e-07	-0.006262
4.277124e-07	-0.006798
4.297124e-07	-0.0072
4.317124e-07	-0.00787
4.337124e-07	-0.007602
4.357124e-07	-0.007736
4.377124e-07	-0.008272
4.397124e-07	-0.008406
4.417124e-07	-0.008138
4.437124e-07	-0.00854
4.457124e-07	-0.00921
4.477124e-07	-0.009612
4.497124e-07	-0.009478
4.517124e-07	-0.01055
4.537124e-07	-0.010952
4.557124e-07	-0.010684
4.577124e-07	-0.01055
4.597124e-07	-0.011086
4.617124e-07	-0.011086
4.637124e-07	-0.01122
4.657124e-07	-0.011086
4.677124e-07	-0.011354
4.697124e-07	-0.012024
4.717124e-07	-0.012158
4.737124e-07	-0.012024
4.757124e-07	-0.012828
4.777124e-07	-0.012828
4.797124e-07	-0.013766
4.817124e-07	-0.013766
4.837124e-07	-0.013766
4.857124e-07	-0.014436
4.877124e-07	-0.014302
4.897124e-07	-0.0139
4.917124e-07	-0.014302
4.937124e-07	-0.0139
4.957124e-07	-0.014972
4.977124e-07	-0.014168
4.997124e-07	-0.014838
5.017124e-07	-0.014972
5.037124e-07	-0.015776
5.057124e-07	-0.015508
5.077124e-07	-0.016312
5.097124e-07	-0.016044
5.117124e-07	-0.016178
5.137124e-07	-0.01658
5.157124e-07	-0.016714
5.177124e-07	-0.01658
5.197124e-07	-0.01725
5.217124e-07	-0.017116
5.237124e-07	-0.017652
5.257124e-07	-0.017384
5.277124e-07	-0.018456
5.297124e-07	-0.017786
5.317124e-07	-0.01792
5.337124e-07	-0.018188
5.357124e-07	-0.01859
5.377124e-07	-0.01792
5.397124e-07	-0.018322
5.417124e-07	-0.018054
5.437124e-07	-0.019126
5.457124e-07	-0.018322
5.477124e-07	-0.018188
5.497124e-07	-0.019662
5.517124e-07	-0.019662
5.537124e-07	-0.019528
5.557124e-07	-0.01993
5.577124e-07	-0.020332
5.597124e-07	-0.020332
5.617124e-07	-0.020064
5.637124e-07	-0.019394
5.657124e-07	-0.01993
5.677124e-07	-0.020734
5.697124e-07	-0.020868
5.717124e-07	-0.020734
5.737124e-07	-0.021672
5.757124e-07	-0.021672
5.777124e-07	-0.021538
5.797124e-07	-0.020868
5.817124e-07	-0.021806
5.837124e-07	-0.022476
5.857124e-07	-0.021672
5.877124e-07	-0.021404
5.897124e-07	-0.022208
5.917124e-07	-0.022342
5.937124e-07	-0.022074
5.957124e-07	-0.02261
5.977124e-07	-0.02261
5.997124e-07	-0.023682
6.017124e-07	-0.023414
6.037124e-07	-0.023012
6.057124e-07	-0.022878
6.077124e-07	-0.023146
6.097124e-07	-0.02328
6.117124e-07	-0.022878
6.137124e-07	-0.02261
6.157124e-07	-0.023012
6.177124e-07	-0.022878
6.197124e-07	-0.023146
6.217124e-07	-0.023548
6.237124e-07	-0.02328
6.257124e-07	-0.022476
6.277124e-07	-0.022074
6.297124e-07	-0.022476
6.317124e-07	-0.02328
6.337124e-07	-0.022744
6.357124e-07	-0.022208
6.377124e-07	-0.022342
6.397124e-07	-0.022878
6.417124e-07	-0.022476
6.437124e-07	-0.022074
6.457124e-07	-0.021404
6.477124e-07	-0.022342
6.497124e-07	-0.022074
6.517124e-07	-0.02194
6.537124e-07	-0.02194
6.557124e-07	-0.022476
6.577124e-07	-0.022476
6.597124e-07	-0.021538
6.617124e-07	-0.02127
6.637124e-07	-0.02194
6.657124e-07	-0.020332
6.677124e-07	-0.020734
6.697124e-07	-0.020466
6.717124e-07	-0.020868
6.737124e-07	-0.01993
6.757124e-07	-0.019796
6.777124e-07	-0.019126
6.797124e-07	-0.019662
6.817124e-07	-0.01859
6.837124e-07	-0.01859
6.857124e-07	-0.01792
6.877124e-07	-0.018322
6.897124e-07	-0.017384
6.917124e-07	-0.017116
6.937124e-07	-0.016982
6.957124e-07	-0.017116
6.977124e-07	-0.016312
6.997124e-07	-0.016982
7.017124e-07	-0.016312
7.037124e-07	-0.016982
7.057124e-07	-0.016446
7.077124e-07	-0.01658
7.097124e-07	-0.015508
7.117124e-07	-0.016044
7.137124e-07	-0.01524
7.157124e-07	-0.016312
7.177124e-07	-0.015374
7.197124e-07	-0.014704
7.217124e-07	-0.014838
7.237124e-07	-0.01457
7.257124e-07	-0.014972
7.277124e-07	-0.014436
7.297124e-07	-0.014168
7.317124e-07	-0.014838
7.337124e-07	-0.014168
7.357124e-07	-0.014302
7.377124e-07	-0.014034
7.397124e-07	-0.014302
7.417124e-07	-0.014302
7.437124e-07	-0.014436
7.457124e-07	-0.013498
7.477124e-07	-0.014034
7.497124e-07	-0.013766
7.517124e-07	-0.013766
7.537124e-07	-0.013096
7.557124e-07	-0.013766
7.577124e-07	-0.01256
7.597124e-07	-0.012828
7.617124e-07	-0.012024
7.637124e-07	-0.01256
7.657124e-07	-0.01189
7.677124e-07	-0.012292
7.697124e-07	-0.011756
7.717124e-07	-0.011622
7.737124e-07	-0.012158
7.757124e-07	-0.012024
7.777124e-07	-0.01122
7.797124e-07	-0.011756
7.817124e-07	-0.011354
7.837124e-07	-0.01189
7.857124e-07	-0.011622
7.877124e-07	-0.012292
7.897124e-07	-0.012962
7.917124e-07	-0.013364
7.937124e-07	-0.01256
7.957124e-07	-0.013766
7.977124e-07	-0.013498
7.997124e-07	-0.014034
8.017124e-07	-0.013096
8.037124e-07	-0.013766
8.057124e-07	-0.014034
8.077124e-07	-0.0139
8.097124e-07	-0.01323
8.117124e-07	-0.014168
8.137124e-07	-0.014034
8.157124e-07	-0.01457
8.177124e-07	-0.014168
8.197124e-07	-0.014972
8.217124e-07	-0.015374
8.237124e-07	-0.015106
8.257124e-07	-0.01524
8.277124e-07	-0.015508
8.297124e-07	-0.015642
8.317124e-07	-0.016044
8.337124e-07	-0.016044
8.357124e-07	-0.016848
8.377124e-07	-0.01658
8.397124e-07	-0.01725
8.417124e-07	-0.017116
8.437124e-07	-0.01658
8.457124e-07	-0.016714
8.477124e-07	-0.017116
8.497124e-07	-0.016446
8.517124e-07	-0.017384
8.537124e-07	-0.017518
8.557124e-07	-0.018054
8.577124e-07	-0.017518
8.597124e-07	-0.017116
8.617124e-07	-0.017384
8.637124e-07	-0.017786
8.657124e-07	-0.01792
8.677124e-07	-0.017786
8.697124e-07	-0.017652
8.717124e-07	-0.017786
8.737124e-07	-0.017652
8.757124e-07	-0.018054
8.777124e-07	-0.018322
8.797124e-07	-0.018322
8.817124e-07	-0.01792
8.837124e-07	-0.018188
8.857124e-07	-0.018456
8.877124e-07	-0.019394
8.897124e-07	-0.01859
8.917124e-07	-0.019126
8.937124e-07	-0.018724
8.957124e-07	-0.019662
8.977124e-07	-0.01926
8.997124e-07	-0.019394
9.017124e-07	-0.020064
9.037124e-07	-0.020466
9.057124e-07	-0.019394
9.077124e-07	-0.020064
9.097124e-07	-0.020466
9.117124e-07	-0.020466
9.137124e-07	-0.020198
9.157124e-07	-0.021002
9.177124e-07	-0.02127
9.197124e-07	-0.021672
9.217124e-07	-0.021538
9.237124e-07	-0.02194
9.257124e-07	-0.02194
9.277124e-07	-0.022342
9.297124e-07	-0.022074
9.317124e-07	-0.02194
9.337124e-07	-0.021806
9.357124e-07	-0.021538
9.377124e-07	-0.021404
9.397124e-07	-0.022208
9.417124e-07	-0.022208
9.437124e-07	-0.02261
9.457124e-07	-0.022744
9.477124e-07	-0.022744
9.497124e-07	-0.022342
9.517124e-07	-0.022878
9.537124e-07	-0.022476
9.557124e-07	-0.022208
9.577124e-07	-0.022476
9.597124e-07	-0.023012
9.617124e-07	-0.023146
9.637124e-07	-0.02261
9.657124e-07	-0.022342
9.677124e-07	-0.022208
9.697124e-07	-0.022208
9.717124e-07	-0.021806
9.737124e-07	-0.02194
9.757124e-07	-0.022878
9.777124e-07	-0.022342
9.797124e-07	-0.022476
9.817124e-07	-0.022074
9.837124e-07	-0.02261
9.857124e-07	-0.022476
9.877124e-07	-0.02194
9.897124e-07	-0.02194
9.917124e-07	-0.023012
9.937124e-07	-0.021538
9.957124e-07	-0.021136
9.977124e-07	-0.021672
9.997124e-07	-0.02194
1.001712e-06	-0.02194
1.003712e-06	-0.022074
1.005712e-06	-0.021672
1.007712e-06	-0.021538
1.009712e-06	-0.021136
1.011712e-06	-0.021538
1.013712e-06	-0.021404
1.015712e-06	-0.021806
1.017712e-06	-0.021538
1.019712e-06	-0.021404
1.021712e-06	-0.021806
1.023712e-06	-0.022074
1.025712e-06	-0.022074
1.027712e-06	-0.02127
1.029712e-06	-0.021538
1.031712e-06	-0.022878
1.033712e-06	-0.022744
1.035712e-06	-0.02261
1.037712e-06	-0.022342
1.039712e-06	-0.023414
1.041712e-06	-0.022744
1.043712e-06	-0.02261
1.045712e-06	-0.02261
1.047712e-06	-0.022878
1.049712e-06	-0.02261
1.051712e-06	-0.02261
1.053712e-06	-0.022878
1.055712e-06	-0.023146
1.057712e-06	-0.022878
1.059712e-06	-0.022074
1.061712e-06	-0.02194
1.063712e-06	-0.022476
1.065712e-06	-0.02194
1.067712e-06	-0.021538
1.069712e-06	-0.021806
1.071712e-06	-0.021806
1.073712e-06	-0.021136
1.075712e-06	-0.020868
1.077712e-06	-0.020734
1.079712e-06	-0.0206
1.081712e-06	-0.020466
1.083712e-06	-0.01993
1.085712e-06	-0.019662
1.087712e-06	-0.019662
1.089712e-06	-0.018992
1.091712e-06	-0.019126
1.093712e-06	-0.018992
1.095712e-06	-0.018322
1.097712e-06	-0.01859
1.099712e-06	-0.018456
1.101712e-06	-0.018992
1.103712e-06	-0.018858
1.105712e-06	-0.018188
1.107712e-06	-0.018188
1.109712e-06	-0.018188
1.111712e-06	-0.019528
1.113712e-06	-0.018724
1.115712e-06	-0.018724
1.117712e-06	-0.018188
1.119712e-06	-0.018456
1.121712e-06	-0.018858
1.123712e-06	-0.018724
1.125712e-06	-0.018992
1.127712e-06	-0.018858
1.129712e-06	-0.018054
1.131712e-06	-0.018456
1.133712e-06	-0.01792
1.135712e-06	-0.01859
1.137712e-06	-0.018054
1.139712e-06	-0.018054
1.141712e-06	-0.017652
1.143712e-06	-0.018188
1.145712e-06	-0.017518
1.147712e-06	-0.018322
1.149712e-06	-0.01725
1.151712e-06	-0.01725
1.153712e-06	-0.016982
1.155712e-06	-0.016312
1.157712e-06	-0.016312
1.159712e-06	-0.016178
1.161712e-06	-0.015374
1.163712e-06	-0.015776
1.165712e-06	-0.015776
1.167712e-06	-0.015776
1.169712e-06	-0.015508
1.171712e-06	-0.015776
1.173712e-06	-0.01524
1.175712e-06	-0.015508
1.177712e-06	-0.015374
1.179712e-06	-0.015374
1.181712e-06	-0.015508
1.183712e-06	-0.015508
1.185712e-06	-0.014838
1.187712e-06	-0.015106
1.189712e-06	-0.014972
1.191712e-06	-0.014704
1.193712e-06	-0.014034
1.195712e-06	-0.013766
1.197712e-06	-0.014168
1.199712e-06	-0.014704
1.201712e-06	-0.014034
1.203712e-06	-0.014302
1.205712e-06	-0.014704
1.207712e-06	-0.01457
1.209712e-06	-0.014034
1.211712e-06	-0.014436
1.213712e-06	-0.01457
1.215712e-06	-0.01457
1.217712e-06	-0.014972
1.219712e-06	-0.014972
1.221712e-06	-0.014436
1.223712e-06	-0.015642
1.225712e-06	-0.014838
1.227712e-06	-0.014972
1.229712e-06	-0.01524
1.231712e-06	-0.015508
1.233712e-06	-0.014972
1.235712e-06	-0.015508
1.237712e-06	-0.015374
1.239712e-06	-0.01524
1.241712e-06	-0.014972
1.243712e-06	-0.015642
1.245712e-06	-0.01524
1.247712e-06	-0.015374
1.249712e-06	-0.014838
1.251712e-06	-0.015106
1.253712e-06	-0.015642
1.255712e-06	-0.015374
1.257712e-06	-0.01524
1.259712e-06	-0.015508
1.261712e-06	-0.015106
1.263712e-06	-0.016044
1.265712e-06	-0.015374
1.267712e-06	-0.015642
1.269712e-06	-0.01591
1.271712e-06	-0.016446
1.273712e-06	-0.016446
1.275712e-06	-0.016714
1.277712e-06	-0.016714
1.279712e-06	-0.017116
1.281712e-06	-0.016446
1.283712e-06	-0.017652
1.285712e-06	-0.017518
1.287712e-06	-0.017652
1.289712e-06	-0.017384
1.291712e-06	-0.017384
1.293712e-06	-0.016982
1.295712e-06	-0.016982
1.297712e-06	-0.018188
1.299712e-06	-0.01792
1.301712e-06	-0.017652
1.303712e-06	-0.018188
1.305712e-06	-0.01792
1.307712e-06	-0.018054
1.309712e-06	-0.018322
1.311712e-06	-0.01859
1.313712e-06	-0.01859
1.315712e-06	-0.01859
1.317712e-06	-0.018724
1.319712e-06	-0.019528
1.321712e-06	-0.019126
1.323712e-06	-0.01926
1.325712e-06	-0.019796
1.327712e-06	-0.01993
1.329712e-06	-0.018992
1.331712e-06	-0.019394
1.333712e-06	-0.019394
1.335712e-06	-0.019796
1.337712e-06	-0.020198
1.339712e-06	-0.019662
1.341712e-06	-0.020198
1.343712e-06	-0.020332
1.345712e-06	-0.019528
1.347712e-06	-0.019662
1.349712e-06	-0.020332
1.351712e-06	-0.020466
1.353712e-06	-0.021002
1.355712e-06	-0.020332
1.357712e-06	-0.020198
1.359712e-06	-0.020198
1.361712e-06	-0.020734
1.363712e-06	-0.020466
1.365712e-06	-0.020734
1.367712e-06	-0.021002
1.369712e-06	-0.020332
1.371712e-06	-0.020734
1.373712e-06	-0.021672
1.375712e-06	-0.021672
1.377712e-06	-0.021136
1.379712e-06	-0.021136
1.381712e-06	-0.021672
1.383712e-06	-0.021136
1.385712e-06	-0.021136
1.387712e-06	-0.020868
1.389712e-06	-0.02127
1.391712e-06	-0.021404
1.393712e-06	-0.021002
1.395712e-06	-0.021136
1.397712e-06	-0.021404
1.399712e-06	-0.021538
1.401712e-06	-0.021136
1.403712e-06	-0.021404
1.405712e-06	-0.02194
1.407712e-06	-0.022074
1.409712e-06	-0.021806
1.411712e-06	-0.02194
1.413712e-06	-0.021672
1.415712e-06	-0.022744
1.417712e-06	-0.02261
1.419712e-06	-0.022208
1.421712e-06	-0.022476
1.423712e-06	-0.022342
1.425712e-06	-0.022476
1.427712e-06	-0.022208
1.429712e-06	-0.022074
1.431712e-06	-0.023012
1.433712e-06	-0.021538
1.435712e-06	-0.021136
1.437712e-06	-0.021404
1.439712e-06	-0.021538
1.441712e-06	-0.020868
1.443712e-06	-0.0206
1.445712e-06	-0.020332
1.447712e-06	-0.021136
1.449712e-06	-0.01993
1.451712e-06	-0.021136
1.453712e-06	-0.020332
1.455712e-06	-0.020734
1.457712e-06	-0.01993
1.459712e-06	-0.019662
1.461712e-06	-0.01993
1.463712e-06	-0.0206
1.465712e-06	-0.01993
1.467712e-06	-0.019528
1.469712e-06	-0.01993
1.471712e-06	-0.019662
1.473712e-06	-0.019528
1.475712e-06	-0.019662
1.477712e-06	-0.019796
1.479712e-06	-0.020198
1.481712e-06	-0.019126
1.483712e-06	-0.018992
1.485712e-06	-0.01859
1.487712e-06	-0.01926
1.489712e-06	-0.018188
1.491712e-06	-0.018724
1.493712e-06	-0.01792
1.495712e-06	-0.018456
1.497712e-06	-0.017652
1.499712e-06	-0.017786
1.501712e-06	-0.017786
1.503712e-06	-0.018456
1.505712e-06	-0.018322
1.507712e-06	-0.018054
1.509712e-06	-0.017652
1.511712e-06	-0.017786
1.513712e-06	-0.018456
1.515712e-06	-0.018322
1.517712e-06	-0.018724
1.519712e-06	-0.018992
1.521712e-06	-0.018456
1.523712e-06	-0.018456
1.525712e-06	-0.018188
1.527712e-06	-0.018322
1.529712e-06	-0.018322
1.531712e-06	-0.018054
1.533712e-06	-0.018322
1.535712e-06	-0.018858
1.537712e-06	-0.018188
1.539712e-06	-0.018858
1.541712e-06	-0.018858
1.543712e-06	-0.01926
1.545712e-06	-0.018858
1.547712e-06	-0.018858
1.549712e-06	-0.018992
1.551712e-06	-0.018992
1.553712e-06	-0.018858
1.555712e-06	-0.019126
1.557712e-06	-0.019126
1.559712e-06	-0.019662
1.561712e-06	-0.019528
1.563712e-06	-0.019662
1.565712e-06	-0.01926
1.567712e-06	-0.019662
1.569712e-06	-0.01926
1.571712e-06	-0.018992
1.573712e-06	-0.019126
1.575712e-06	-0.019796
1.577712e-06	-0.018858
1.579712e-06	-0.019394
1.581712e-06	-0.019528
1.583712e-06	-0.020064
1.585712e-06	-0.01993
1.587712e-06	-0.020064
1.589712e-06	-0.019796
1.591712e-06	-0.019662
1.593712e-06	-0.019126
1.595712e-06	-0.019394
1.597712e-06	-0.019796
1.599712e-06	-0.019394
1.601712e-06	-0.019126
1.603712e-06	-0.018992
1.605712e-06	-0.018992
1.607712e-06	-0.019394
1.609712e-06	-0.019394
1.611712e-06	-0.018858
1.613712e-06	-0.018724
1.615712e-06	-0.018724
1.617712e-06	-0.018054
1.619712e-06	-0.018188
1.621712e-06	-0.017786
1.623712e-06	-0.017652
1.625712e-06	-0.016982
1.627712e-06	-0.016714
1.629712e-06	-0.016848
1.631712e-06	-0.01658
1.633712e-06	-0.016848
1.635712e-06	-0.01658
1.637712e-06	-0.016312
1.639712e-06	-0.016848
1.641712e-06	-0.01658
1.643712e-06	-0.01658
1.645712e-06	-0.016848
1.647712e-06	-0.016848
1.649712e-06	-0.016446
1.651712e-06	-0.016982
1.653712e-06	-0.016848
1.655712e-06	-0.017786
1.657712e-06	-0.01658
1.659712e-06	-0.016312
1.661712e-06	-0.016848
1.663712e-06	-0.016446
1.665712e-06	-0.016044
1.667712e-06	-0.015642
1.669712e-06	-0.015508
1.671712e-06	-0.01591
1.673712e-06	-0.016044
1.675712e-06	-0.016446
1.677712e-06	-0.016178
1.679712e-06	-0.015776
1.681712e-06	-0.01658
1.683712e-06	-0.016714
1.685712e-06	-0.01658
1.687712e-06	-0.017116
1.689712e-06	-0.01725
1.691712e-06	-0.01725
1.693712e-06	-0.017652
1.695712e-06	-0.017384
1.697712e-06	-0.017652
1.699712e-06	-0.017786
1.701712e-06	-0.018456
1.703712e-06	-0.018054
1.705712e-06	-0.017786
1.707712e-06	-0.018188
1.709712e-06	-0.01792
1.711712e-06	-0.018322
1.713712e-06	-0.018188
1.715712e-06	-0.018322
1.717712e-06	-0.018724
1.719712e-06	-0.019796
1.721712e-06	-0.019528
1.723712e-06	-0.019662
1.725712e-06	-0.020198
1.727712e-06	-0.020332
1.729712e-06	-0.01993
1.731712e-06	-0.019662
1.733712e-06	-0.020198
1.735712e-06	-0.020332
1.737712e-06	-0.020332
1.739712e-06	-0.01993
1.741712e-06	-0.0206
1.743712e-06	-0.020466
1.745712e-06	-0.020466
1.747712e-06	-0.0206
1.749712e-06	-0.020734
1.751712e-06	-0.02127
1.753712e-06	-0.021136
1.755712e-06	-0.021136
1.757712e-06	-0.021136
1.759712e-06	-0.021806
1.761712e-06	-0.021672
1.763712e-06	-0.02127
1.765712e-06	-0.021806
1.767712e-06	-0.02194
1.769712e-06	-0.021538
1.771712e-06	-0.02127
1.773712e-06	-0.021806
1.775712e-06	-0.022208
1.777712e-06	-0.021002
1.779712e-06	-0.021404
1.781712e-06	-0.021538
1.783712e-06	-0.021806
1.785712e-06	-0.02127
1.787712e-06	-0.02127
1.789712e-06	-0.02127
1.791712e-06	-0.021672
1.793712e-06	-0.02127
1.795712e-06	-0.020868
1.797712e-06	-0.020734
1.799712e-06	-0.021002
1.801712e-06	-0.020332
1.803712e-06	-0.020332
1.805712e-06	-0.019796
1.807712e-06	-0.020064
1.809712e-06	-0.019528
1.811712e-06	-0.019662
1.813712e-06	-0.019662
1.815712e-06	-0.019126
1.817712e-06	-0.01926
1.819712e-06	-0.019126
1.821712e-06	-0.01993
1.823712e-06	-0.020734
1.825712e-06	-0.019394
1.827712e-06	-0.01993
1.829712e-06	-0.020734
1.831712e-06	-0.020868
1.833712e-06	-0.01993
1.835712e-06	-0.020064
1.837712e-06	-0.020064
1.839712e-06	-0.0206
1.841712e-06	-0.019394
1.843712e-06	-0.020466
1.845712e-06	-0.020466
1.847712e-06	-0.0206
1.849712e-06	-0.020332
1.851712e-06	-0.020332
1.853712e-06	-0.020868
1.855712e-06	-0.021136
1.857712e-06	-0.021136
1.859712e-06	-0.021002
1.861712e-06	-0.021002
1.863712e-06	-0.021806
1.865712e-06	-0.021136
1.867712e-06	-0.020868
1.869712e-06	-0.020868
1.871712e-06	-0.02127
1.873712e-06	-0.0206
1.875712e-06	-0.01993
1.877712e-06	-0.0206
1.879712e-06	-0.020466
1.881712e-06	-0.0206
1.883712e-06	-0.019796
1.885712e-06	-0.020064
1.887712e-06	-0.020466
1.889712e-06	-0.01993
1.891712e-06	-0.019662
1.893712e-06	-0.019126
1.895712e-06	-0.020064
1.897712e-06	-0.020332
1.899712e-06	-0.019528
1.901712e-06	-0.019796
1.903712e-06	-0.019662
1.905712e-06	-0.018724
1.907712e-06	-0.01859
1.909712e-06	-0.019394
1.911712e-06	-0.020064
1.913712e-06	-0.019394
1.915712e-06	-0.01926
1.917712e-06	-0.01926
1.919712e-06	-0.019662
1.921712e-06	-0.019528
1.923712e-06	-0.01926
1.925712e-06	-0.020332
1.927712e-06	-0.020064
1.929712e-06	-0.019528
1.931712e-06	-0.020064
1.933712e-06	-0.01993
1.935712e-06	-0.021136
1.937712e-06	-0.020734
1.939712e-06	-0.020868
1.941712e-06	-0.020734
1.943712e-06	-0.02127
1.945712e-06	-0.021404
1.947712e-06	-0.020734
1.949712e-06	-0.020734
1.951712e-06	-0.021404
1.953712e-06	-0.020868
1.955712e-06	-0.020734
1.957712e-06	-0.02127
1.959712e-06	-0.021538
1.961712e-06	-0.020198
1.963712e-06	-0.020332
1.965712e-06	-0.019796
1.967712e-06	-0.020198
1.969712e-06	-0.01926
1.971712e-06	-0.019528
1.973712e-06	-0.019662
1.975712e-06	-0.019528
1.977712e-06	-0.019126
1.979712e-06	-0.01859
1.981712e-06	-0.018724
1.983712e-06	-0.019394
1.985712e-06	-0.018322
1.987712e-06	-0.01926
1.989712e-06	-0.018724
1.991712e-06	-0.01926
1.993712e-06	-0.018188
1.995712e-06	-0.017786
1.997712e-06	-0.017384
1.999712e-06	-0.017384
2.001712e-06	-0.016982
2.003712e-06	-0.01725
2.005712e-06	-0.016312
2.007712e-06	-0.01658
2.009712e-06	-0.016044
2.011712e-06	-0.015374
2.013712e-06	-0.015508
2.015712e-06	-0.015776
2.017712e-06	-0.015106
2.019712e-06	-0.015776
2.021712e-06	-0.015374
2.023712e-06	-0.014838
2.025712e-06	-0.015374
2.027712e-06	-0.015642
2.029712e-06	-0.016178
2.031712e-06	-0.015374
2.033712e-06	-0.015642
2.035712e-06	-0.016044
2.037712e-06	-0.016848
2.039712e-06	-0.016982
2.041712e-06	-0.016848
2.043712e-06	-0.017116
2.045712e-06	-0.016982
2.047712e-06	-0.01792
2.049712e-06	-0.017652
2.051712e-06	-0.017652
2.053712e-06	-0.016848
2.055712e-06	-0.01725
2.057712e-06	-0.016714
2.059712e-06	-0.01658
2.061712e-06	-0.01725
2.063712e-06	-0.017518
2.065712e-06	-0.016848
2.067712e-06	-0.016848
2.069712e-06	-0.01658
2.071712e-06	-0.016312
2.073712e-06	-0.016044
2.075712e-06	-0.01591
2.077712e-06	-0.016312
2.079712e-06	-0.016446
2.081712e-06	-0.016714
2.083712e-06	-0.016446
2.085712e-06	-0.01658
2.087712e-06	-0.017116
2.089712e-06	-0.01658
2.091712e-06	-0.017116
2.093712e-06	-0.016848
2.095712e-06	-0.01658
2.097712e-06	-0.016446
2.099712e-06	-0.016982
2.101712e-06	-0.01725
2.103712e-06	-0.01725
2.105712e-06	-0.017384
2.107712e-06	-0.016714
2.109712e-06	-0.016982
2.111712e-06	-0.016446
2.113712e-06	-0.016982
2.115712e-06	-0.016714
2.117712e-06	-0.016848
2.119712e-06	-0.01725
2.121712e-06	-0.01658
2.123712e-06	-0.017116
2.125712e-06	-0.016848
2.127712e-06	-0.017518
2.129712e-06	-0.017116
2.131712e-06	-0.017518
2.133712e-06	-0.017384
2.135712e-06	-0.017786
2.137712e-06	-0.017652
2.139712e-06	-0.017518
2.141712e-06	-0.017384
2.143712e-06	-0.017652
2.145712e-06	-0.016848
2.147712e-06	-0.016178
2.149712e-06	-0.016178
2.151712e-06	-0.016714
2.153712e-06	-0.016714
2.155712e-06	-0.017116
2.157712e-06	-0.01658
2.159712e-06	-0.016982
2.161712e-06	-0.016714
2.163712e-06	-0.016982
2.165712e-06	-0.016848
2.167712e-06	-0.016714
2.169712e-06	-0.01591
2.171712e-06	-0.01658
2.173712e-06	-0.016312
2.175712e-06	-0.016714
2.177712e-06	-0.016446
2.179712e-06	-0.01658
2.181712e-06	-0.01725
2.183712e-06	-0.016982
2.185712e-06	-0.016178
2.187712e-06	-0.015776
2.189712e-06	-0.016312
2.191712e-06	-0.016044
2.193712e-06	-0.015776
2.195712e-06	-0.016178
2.197712e-06	-0.016178
2.199712e-06	-0.016446
2.201712e-06	-0.016178
2.203712e-06	-0.016178
2.205712e-06	-0.01591
2.207712e-06	-0.016178
2.209712e-06	-0.015508
2.211712e-06	-0.015508
2.213712e-06	-0.015776
2.215712e-06	-0.015374
2.217712e-06	-0.014838
2.219712e-06	-0.014704
2.221712e-06	-0.014704
2.223712e-06	-0.014436
2.225712e-06	-0.014436
2.227712e-06	-0.014302
2.229712e-06	-0.014034
2.231712e-06	-0.014704
2.233712e-06	-0.013766
2.235712e-06	-0.014034
2.237712e-06	-0.01457
2.239712e-06	-0.014302
2.241712e-06	-0.014302
2.243712e-06	-0.014436
2.245712e-06	-0.014838
2.247712e-06	-0.014168
2.249712e-06	-0.014302
2.251712e-06	-0.014436
2.253712e-06	-0.014302
2.255712e-06	-0.01457
2.257712e-06	-0.014436
2.259712e-06	-0.01457
2.261712e-06	-0.014436
2.263712e-06	-0.014838
2.265712e-06	-0.014704
2.267712e-06	-0.014972
2.269712e-06	-0.015508
2.271712e-06	-0.015106
2.273712e-06	-0.015508
2.275712e-06	-0.016178
2.277712e-06	-0.01658
2.279712e-06	-0.016446
2.281712e-06	-0.016312
2.283712e-06	-0.016848
2.285712e-06	-0.016714
2.287712e-06	-0.01725
2.289712e-06	-0.01725
2.291712e-06	-0.017786
2.293712e-06	-0.017518
2.295712e-06	-0.018054
2.297712e-06	-0.018054
2.299712e-06	-0.018322
2.301712e-06	-0.018724
2.303712e-06	-0.018724
2.305712e-06	-0.019126
2.307712e-06	-0.018992
2.309712e-06	-0.018188
2.311712e-06	-0.01926
2.313712e-06	-0.019662
2.315712e-06	-0.019528
2.317712e-06	-0.019662
2.319712e-06	-0.01993
2.321712e-06	-0.01993
2.323712e-06	-0.019796
2.325712e-06	-0.020332
2.327712e-06	-0.020868
2.329712e-06	-0.020734
2.331712e-06	-0.020198
2.333712e-06	-0.020198
2.335712e-06	-0.020466
2.337712e-06	-0.01993
2.339712e-06	-0.019796
2.341712e-06	-0.019796
2.343712e-06	-0.020198
2.345712e-06	-0.020198
2.347712e-06	-0.020466
2.349712e-06	-0.01993
2.351712e-06	-0.020332
2.353712e-06	-0.020466
2.355712e-06	-0.020064
2.357712e-06	-0.020198
2.359712e-06	-0.020466
2.361712e-06	-0.01993
2.363712e-06	-0.020198
2.365712e-06	-0.01993
2.367712e-06	-0.0206
2.369712e-06	-0.019796
2.371712e-06	-0.019796
2.373712e-06	-0.020332
2.375712e-06	-0.0206
2.377712e-06	-0.01993
2.379712e-06	-0.020198
2.381712e-06	-0.020868
2.383712e-06	-0.02127
2.385712e-06	-0.0206
2.387712e-06	-0.020868
2.389712e-06	-0.020868
2.391712e-06	-0.020868
2.393712e-06	-0.020868
2.395712e-06	-0.020466
2.397712e-06	-0.020734
2.399712e-06	-0.021002
2.401712e-06	-0.01993
2.403712e-06	-0.0206
2.405712e-06	-0.020198
2.407712e-06	-0.020868
2.409712e-06	-0.020332
2.411712e-06	-0.020466
2.413712e-06	-0.0206
2.415712e-06	-0.020064
2.417712e-06	-0.020064
2.419712e-06	-0.020332
2.421712e-06	-0.020198
2.423712e-06	-0.0206
2.425712e-06	-0.019796
2.427712e-06	-0.019662
2.429712e-06	-0.019662
2.431712e-06	-0.019662
2.433712e-06	-0.019528
2.435712e-06	-0.019528
2.437712e-06	-0.019662
2.439712e-06	-0.01926
2.441712e-06	-0.019528
2.443712e-06	-0.019662
2.445712e-06	-0.01926
2.447712e-06	-0.019662
2.449712e-06	-0.019528
2.451712e-06	-0.01859
2.453712e-06	-0.01859
2.455712e-06	-0.01859
2.457712e-06	-0.018188
2.459712e-06	-0.01792
2.461712e-06	-0.017518
2.463712e-06	-0.017384
2.465712e-06	-0.016982
2.467712e-06	-0.016848
2.469712e-06	-0.016848
2.471712e-06	-0.016044
2.473712e-06	-0.015776
2.475712e-06	-0.015508
2.477712e-06	-0.015508
2.479712e-06	-0.016178
2.481712e-06	-0.01524
2.483712e-06	-0.015106
2.485712e-06	-0.01524
2.487712e-06	-0.014972
2.489712e-06	-0.015642
2.491712e-06	-0.015642
2.493712e-06	-0.01524
2.495712e-06	-0.015106
2.497712e-06	-0.015106
2.499712e-06	-0.01457
2.501712e-06	-0.014704
2.503712e-06	-0.014436
2.505712e-06	-0.014168
2.507712e-06	-0.014436
2.509712e-06	-0.013766
2.511712e-06	-0.013498
