LECROYHDO6104A	50809	Waveform
Segments	1	SegmentSize	2502
Segment	TrigTime	TimeSinceSegment1
#1	19-Dec-2022 19:36:28	0                 
Time	Ampl
-2.500798e-06	-0.016512
-2.498798e-06	-0.016168
-2.496798e-06	-0.01634
-2.494798e-06	-0.0166496
-2.492798e-06	-0.0166668
-2.490798e-06	-0.0164948
-2.488798e-06	-0.0161852
-2.486798e-06	-0.0164776
-2.484798e-06	-0.01634
-2.482798e-06	-0.0163916
-2.480798e-06	-0.0162712
-2.478798e-06	-0.0164432
-2.476798e-06	-0.016254
-2.474798e-06	-0.0164432
-2.472798e-06	-0.0164604
-2.470798e-06	-0.017028
-2.468798e-06	-0.017028
-2.466798e-06	-0.017114
-2.464798e-06	-0.017286
-2.462798e-06	-0.0174752
-2.460798e-06	-0.0175612
-2.458798e-06	-0.017716
-2.456798e-06	-0.0177848
-2.454798e-06	-0.0179224
-2.452798e-06	-0.017802
-2.450798e-06	-0.0177848
-2.448798e-06	-0.0177332
-2.446798e-06	-0.017974
-2.444798e-06	-0.0177676
-2.442798e-06	-0.0176988
-2.440798e-06	-0.0175956
-2.438798e-06	-0.0180256
-2.436798e-06	-0.0177504
-2.434798e-06	-0.0179052
-2.432798e-06	-0.0177504
-2.430798e-06	-0.0178708
-2.428798e-06	-0.0178708
-2.426798e-06	-0.0177504
-2.424798e-06	-0.017716
-2.422798e-06	-0.0179396
-2.420798e-06	-0.017974
-2.418798e-06	-0.0179052
-2.416798e-06	-0.0180428
-2.414798e-06	-0.0183524
-2.412798e-06	-0.0183352
-2.410798e-06	-0.0184212
-2.408798e-06	-0.0183524
-2.406798e-06	-0.0187136
-2.404798e-06	-0.0187824
-2.402798e-06	-0.0189372
-2.400798e-06	-0.0189888
-2.398798e-06	-0.0187308
-2.396798e-06	-0.0185932
-2.394798e-06	-0.0188856
-2.392798e-06	-0.0188512
-2.390798e-06	-0.0189888
-2.388798e-06	-0.0189544
-2.386798e-06	-0.0191264
-2.384798e-06	-0.0192812
-2.382798e-06	-0.0192812
-2.380798e-06	-0.0194532
-2.378798e-06	-0.0194188
-2.376798e-06	-0.0198144
-2.374798e-06	-0.0199348
-2.372798e-06	-0.0200208
-2.370798e-06	-0.0202444
-2.368798e-06	-0.0202444
-2.366798e-06	-0.0202616
-2.364798e-06	-0.0201756
-2.362798e-06	-0.0203476
-2.360798e-06	-0.0205024
-2.358798e-06	-0.0204508
-2.356798e-06	-0.02021
-2.354798e-06	-0.020296
-2.352798e-06	-0.0203476
-2.350798e-06	-0.0199176
-2.348798e-06	-0.0200724
-2.346798e-06	-0.020038
-2.344798e-06	-0.0199864
-2.342798e-06	-0.0198832
-2.340798e-06	-0.0199692
-2.338798e-06	-0.0199176
-2.336798e-06	-0.019694
-2.334798e-06	-0.0194876
-2.332798e-06	-0.0191608
-2.330798e-06	-0.0189372
-2.328798e-06	-0.0187824
-2.326798e-06	-0.0188684
-2.324798e-06	-0.018576
-2.322798e-06	-0.0185416
-2.320798e-06	-0.0186276
-2.318798e-06	-0.0189544
-2.316798e-06	-0.0188168
-2.314798e-06	-0.0188512
-2.312798e-06	-0.0189028
-2.310798e-06	-0.019178
-2.308798e-06	-0.0195736
-2.306798e-06	-0.0195908
-2.304798e-06	-0.0195736
-2.302798e-06	-0.0196768
-2.300798e-06	-0.0197628
-2.298798e-06	-0.0199348
-2.296798e-06	-0.019866
-2.294798e-06	-0.0203304
-2.292798e-06	-0.0205884
-2.290798e-06	-0.0206744
-2.288798e-06	-0.0204164
-2.286798e-06	-0.0204852
-2.284798e-06	-0.0206228
-2.282798e-06	-0.0206572
-2.280798e-06	-0.0209152
-2.278798e-06	-0.0210356
-2.276798e-06	-0.0212076
-2.274798e-06	-0.0211216
-2.272798e-06	-0.02107
-2.270798e-06	-0.0209324
-2.268798e-06	-0.020812
-2.266798e-06	-0.0207088
-2.264798e-06	-0.0208636
-2.262798e-06	-0.0211388
-2.260798e-06	-0.0211388
-2.258798e-06	-0.021156
-2.256798e-06	-0.0210872
-2.254798e-06	-0.021156
-2.252798e-06	-0.02107
-2.250798e-06	-0.0207604
-2.248798e-06	-0.0205368
-2.246798e-06	-0.0205368
-2.244798e-06	-0.0204164
-2.242798e-06	-0.0206228
-2.240798e-06	-0.0206744
-2.238798e-06	-0.0206228
-2.236798e-06	-0.0202272
-2.234798e-06	-0.0201584
-2.232798e-06	-0.0201412
-2.230798e-06	-0.0200036
-2.228798e-06	-0.0196768
-2.226798e-06	-0.019694
-2.224798e-06	-0.0194704
-2.222798e-06	-0.0194876
-2.220798e-06	-0.0191436
-2.218798e-06	-0.0189544
-2.216798e-06	-0.018662
-2.214798e-06	-0.0184384
-2.212798e-06	-0.0181632
-2.210798e-06	-0.0181116
-2.208798e-06	-0.017974
-2.206798e-06	-0.0179052
-2.204798e-06	-0.0177332
-2.202798e-06	-0.0173548
-2.200798e-06	-0.0171828
-2.198798e-06	-0.0175096
-2.196798e-06	-0.0174924
-2.194798e-06	-0.0177504
-2.192798e-06	-0.017974
-2.190798e-06	-0.0180944
-2.188798e-06	-0.0183352
-2.186798e-06	-0.018232
-2.184798e-06	-0.0181116
-2.182798e-06	-0.0183352
-2.180798e-06	-0.0182492
-2.178798e-06	-0.0183524
-2.176798e-06	-0.018576
-2.174798e-06	-0.0185072
-2.172798e-06	-0.0187308
-2.170798e-06	-0.018834
-2.168798e-06	-0.0189372
-2.166798e-06	-0.0190576
-2.164798e-06	-0.018748
-2.162798e-06	-0.0187136
-2.160798e-06	-0.0190404
-2.158798e-06	-0.0192984
-2.156798e-06	-0.0191952
-2.154798e-06	-0.0191436
-2.152798e-06	-0.0192468
-2.150798e-06	-0.0193156
-2.148798e-06	-0.0194016
-2.146798e-06	-0.0196596
-2.144798e-06	-0.019608
-2.142798e-06	-0.0195564
-2.140798e-06	-0.0196252
-2.138798e-06	-0.0194704
-2.136798e-06	-0.0194704
-2.134798e-06	-0.0189544
-2.132798e-06	-0.019006
-2.130798e-06	-0.019006
-2.128798e-06	-0.0190576
-2.126798e-06	-0.0191952
-2.124798e-06	-0.01935
-2.122798e-06	-0.0194704
-2.120798e-06	-0.0194532
-2.118798e-06	-0.019608
-2.116798e-06	-0.0198316
-2.114798e-06	-0.0196596
-2.112798e-06	-0.019436
-2.110798e-06	-0.019952
-2.108798e-06	-0.0202272
-2.106798e-06	-0.0202272
-2.104798e-06	-0.0205712
-2.102798e-06	-0.0207432
-2.100798e-06	-0.0210012
-2.098798e-06	-0.021242
-2.096798e-06	-0.0209152
-2.094798e-06	-0.0210356
-2.092798e-06	-0.02107
-2.090798e-06	-0.0215
-2.088798e-06	-0.0216032
-2.086798e-06	-0.021844
-2.084798e-06	-0.0218612
-2.082798e-06	-0.0219644
-2.080798e-06	-0.0218956
-2.078798e-06	-0.0219816
-2.076798e-06	-0.0218096
-2.074798e-06	-0.0221364
-2.072798e-06	-0.0222052
-2.070798e-06	-0.0223256
-2.068798e-06	-0.0223428
-2.066798e-06	-0.0226696
-2.064798e-06	-0.0229276
-2.062798e-06	-0.0232888
-2.060798e-06	-0.0229104
-2.058798e-06	-0.0228588
-2.056798e-06	-0.0225148
-2.054798e-06	-0.0225148
-2.052798e-06	-0.0223428
-2.050798e-06	-0.0223944
-2.048798e-06	-0.022532
-2.046798e-06	-0.0224976
-2.044798e-06	-0.0226524
-2.042798e-06	-0.0228588
-2.040798e-06	-0.0227728
-2.038798e-06	-0.0229448
-2.036798e-06	-0.02279
-2.034798e-06	-0.0228244
-2.032798e-06	-0.022876
-2.030798e-06	-0.0230136
-2.028798e-06	-0.0232372
-2.026798e-06	-0.023306
-2.024798e-06	-0.02322
-2.022798e-06	-0.0232028
-2.020798e-06	-0.0232372
-2.018798e-06	-0.0232028
-2.016798e-06	-0.0231684
-2.014798e-06	-0.023048
-2.012798e-06	-0.022446
-2.010798e-06	-0.022532
-2.008798e-06	-0.022618
-2.006798e-06	-0.0225836
-2.004798e-06	-0.0224976
-2.002798e-06	-0.0225148
-2.000798e-06	-0.022532
-1.998798e-06	-0.0227728
-1.996798e-06	-0.0229104
-1.994798e-06	-0.022876
-1.992798e-06	-0.0229448
-1.990798e-06	-0.0232028
-1.988798e-06	-0.023134
-1.986798e-06	-0.0232888
-1.984798e-06	-0.0233232
-1.982798e-06	-0.0231856
-1.980798e-06	-0.0232372
-1.978798e-06	-0.0232544
-1.976798e-06	-0.0233232
-1.974798e-06	-0.0230996
-1.972798e-06	-0.0231168
-1.970798e-06	-0.0230824
-1.968798e-06	-0.02279
-1.966798e-06	-0.0226696
-1.964798e-06	-0.0227556
-1.962798e-06	-0.0227212
-1.960798e-06	-0.0226352
-1.958798e-06	-0.0226352
-1.956798e-06	-0.0226868
-1.954798e-06	-0.0228416
-1.952798e-06	-0.0224632
-1.950798e-06	-0.0223944
-1.948798e-06	-0.0223084
-1.946798e-06	-0.0224804
-1.944798e-06	-0.0224116
-1.942798e-06	-0.0222224
-1.940798e-06	-0.0223772
-1.938798e-06	-0.0223428
-1.936798e-06	-0.0223084
-1.934798e-06	-0.0223256
-1.932798e-06	-0.0220848
-1.930798e-06	-0.0218784
-1.928798e-06	-0.0215516
-1.926798e-06	-0.0214828
-1.924798e-06	-0.0212592
-1.922798e-06	-0.0213108
-1.920798e-06	-0.0211388
-1.918798e-06	-0.0210356
-1.916798e-06	-0.0209668
-1.914798e-06	-0.0209496
-1.912798e-06	-0.0208808
-1.910798e-06	-0.0206744
-1.908798e-06	-0.0205884
-1.906798e-06	-0.0206228
-1.904798e-06	-0.0204164
-1.902798e-06	-0.0202444
-1.900798e-06	-0.0205196
-1.898798e-06	-0.0204852
-1.896798e-06	-0.0206744
-1.894798e-06	-0.0208636
-1.892798e-06	-0.0208808
-1.890798e-06	-0.0208292
-1.888798e-06	-0.0207088
-1.886798e-06	-0.020554
-1.884798e-06	-0.0205712
-1.882798e-06	-0.0205712
-1.880798e-06	-0.020726
-1.878798e-06	-0.0209324
-1.876798e-06	-0.0211732
-1.874798e-06	-0.0209668
-1.872798e-06	-0.0207604
-1.870798e-06	-0.0208292
-1.868798e-06	-0.0206228
-1.866798e-06	-0.020468
-1.864798e-06	-0.0205024
-1.862798e-06	-0.020726
-1.860798e-06	-0.0209152
-1.858798e-06	-0.0207604
-1.856798e-06	-0.0211904
-1.854798e-06	-0.0212248
-1.852798e-06	-0.0216032
-1.850798e-06	-0.0216204
-1.848798e-06	-0.021328
-1.846798e-06	-0.0214312
-1.844798e-06	-0.0212592
-1.842798e-06	-0.021586
-1.840798e-06	-0.021672
-1.838798e-06	-0.0217752
-1.836798e-06	-0.0217064
-1.834798e-06	-0.0217752
-1.832798e-06	-0.0218956
-1.830798e-06	-0.0218956
-1.828798e-06	-0.0218956
-1.826798e-06	-0.0218096
-1.824798e-06	-0.0219988
-1.822798e-06	-0.0223084
-1.820798e-06	-0.0222568
-1.818798e-06	-0.0223944
-1.816798e-06	-0.0223944
-1.814798e-06	-0.0225148
-1.812798e-06	-0.0220848
-1.810798e-06	-0.0219816
-1.808798e-06	-0.0219644
-1.806798e-06	-0.0218096
-1.804798e-06	-0.0215172
-1.802798e-06	-0.021414
-1.800798e-06	-0.0215
-1.798798e-06	-0.021672
-1.796798e-06	-0.0214828
-1.794798e-06	-0.021242
-1.792798e-06	-0.0211388
-1.790798e-06	-0.02107
-1.788798e-06	-0.0212248
-1.786798e-06	-0.0213624
-1.784798e-06	-0.0216892
-1.782798e-06	-0.0216204
-1.780798e-06	-0.0215688
-1.778798e-06	-0.0215344
-1.776798e-06	-0.0217408
-1.774798e-06	-0.0219472
-1.772798e-06	-0.0222052
-1.770798e-06	-0.0221708
-1.768798e-06	-0.0220676
-1.766798e-06	-0.022102
-1.764798e-06	-0.022016
-1.762798e-06	-0.0221192
-1.760798e-06	-0.022016
-1.758798e-06	-0.0220848
-1.756798e-06	-0.0219816
-1.754798e-06	-0.0218956
-1.752798e-06	-0.0220332
-1.750798e-06	-0.0222912
-1.748798e-06	-0.0222224
-1.746798e-06	-0.0222052
-1.744798e-06	-0.0221364
-1.742798e-06	-0.022188
-1.740798e-06	-0.0222224
-1.738798e-06	-0.022274
-1.736798e-06	-0.0223428
-1.734798e-06	-0.0228072
-1.732798e-06	-0.0229104
-1.730798e-06	-0.0230996
-1.728798e-06	-0.0229104
-1.726798e-06	-0.0230136
-1.724798e-06	-0.0235296
-1.722798e-06	-0.0235984
-1.720798e-06	-0.0234436
-1.718798e-06	-0.0235984
-1.716798e-06	-0.023478
-1.714798e-06	-0.023478
-1.712798e-06	-0.0234608
-1.710798e-06	-0.023392
-1.708798e-06	-0.0234436
-1.706798e-06	-0.0233576
-1.704798e-06	-0.02322
-1.702798e-06	-0.0230136
-1.700798e-06	-0.0231168
-1.698798e-06	-0.0231168
-1.696798e-06	-0.0228588
-1.694798e-06	-0.022962
-1.692798e-06	-0.0229964
-1.690798e-06	-0.0228932
-1.688798e-06	-0.0228244
-1.686798e-06	-0.0230996
-1.684798e-06	-0.0232028
-1.682798e-06	-0.0231684
-1.680798e-06	-0.0234952
-1.678798e-06	-0.0235812
-1.676798e-06	-0.023478
-1.674798e-06	-0.0233232
-1.672798e-06	-0.023306
-1.670798e-06	-0.0235124
-1.668798e-06	-0.0231856
-1.666798e-06	-0.0235124
-1.664798e-06	-0.0235468
-1.662798e-06	-0.0236156
-1.660798e-06	-0.0236844
-1.658798e-06	-0.0234436
-1.656798e-06	-0.0236672
-1.654798e-06	-0.0235468
-1.652798e-06	-0.0235124
-1.650798e-06	-0.0234608
-1.648798e-06	-0.0235812
-1.646798e-06	-0.0233576
-1.644798e-06	-0.0232716
-1.642798e-06	-0.0230652
-1.640798e-06	-0.0232028
-1.638798e-06	-0.0232544
-1.636798e-06	-0.0232888
-1.634798e-06	-0.023564
-1.632798e-06	-0.0234092
-1.630798e-06	-0.0236844
-1.628798e-06	-0.0238736
-1.626798e-06	-0.0237532
-1.624798e-06	-0.0236844
-1.622798e-06	-0.02365
-1.620798e-06	-0.0235124
-1.618798e-06	-0.0237016
-1.616798e-06	-0.0234092
-1.614798e-06	-0.0232888
-1.612798e-06	-0.0234436
-1.610798e-06	-0.0234264
-1.608798e-06	-0.0233748
-1.606798e-06	-0.0234608
-1.604798e-06	-0.023392
-1.602798e-06	-0.0233748
-1.600798e-06	-0.0234608
-1.598798e-06	-0.0231856
-1.596798e-06	-0.0231684
-1.594798e-06	-0.0234952
-1.592798e-06	-0.0234436
-1.590798e-06	-0.0234436
-1.588798e-06	-0.023306
-1.586798e-06	-0.0233748
-1.584798e-06	-0.0230308
-1.582798e-06	-0.0230996
-1.580798e-06	-0.0229448
-1.578798e-06	-0.02279
-1.576798e-06	-0.0226008
-1.574798e-06	-0.0224976
-1.572798e-06	-0.0222912
-1.570798e-06	-0.0220504
-1.568798e-06	-0.0220504
-1.566798e-06	-0.0222224
-1.564798e-06	-0.0222912
-1.562798e-06	-0.0222568
-1.560798e-06	-0.0221364
-1.558798e-06	-0.0224804
-1.556798e-06	-0.0223944
-1.554798e-06	-0.0225836
-1.552798e-06	-0.022532
-1.550798e-06	-0.0226868
-1.548798e-06	-0.0225492
-1.546798e-06	-0.0228072
-1.544798e-06	-0.0228244
-1.542798e-06	-0.022962
-1.540798e-06	-0.0227556
-1.538798e-06	-0.0228588
-1.536798e-06	-0.0228072
-1.534798e-06	-0.0227384
-1.532798e-06	-0.0228932
-1.530798e-06	-0.022876
-1.528798e-06	-0.0223256
-1.526798e-06	-0.0226008
-1.524798e-06	-0.022532
-1.522798e-06	-0.022618
-1.520798e-06	-0.0228072
-1.518798e-06	-0.022618
-1.516798e-06	-0.02279
-1.514798e-06	-0.0229276
-1.512798e-06	-0.0228072
-1.510798e-06	-0.022876
-1.508798e-06	-0.02236
-1.506798e-06	-0.0221364
-1.504798e-06	-0.0222912
-1.502798e-06	-0.0223772
-1.500798e-06	-0.022446
-1.498798e-06	-0.022446
-1.496798e-06	-0.0222568
-1.494798e-06	-0.0219988
-1.492798e-06	-0.0218612
-1.490798e-06	-0.0213452
-1.488798e-06	-0.0212764
-1.486798e-06	-0.0213624
-1.484798e-06	-0.0209152
-1.482798e-06	-0.020554
-1.480798e-06	-0.0205884
-1.478798e-06	-0.0206056
-1.476798e-06	-0.0210012
-1.474798e-06	-0.0209668
-1.472798e-06	-0.0208808
-1.470798e-06	-0.0210012
-1.468798e-06	-0.020984
-1.466798e-06	-0.0207948
-1.464798e-06	-0.020812
-1.462798e-06	-0.0210356
-1.460798e-06	-0.0209152
-1.458798e-06	-0.0209668
-1.456798e-06	-0.0207088
-1.454798e-06	-0.0206228
-1.452798e-06	-0.0207948
-1.450798e-06	-0.0209668
-1.448798e-06	-0.0212076
-1.446798e-06	-0.021328
-1.444798e-06	-0.021328
-1.442798e-06	-0.0213452
-1.440798e-06	-0.0214828
-1.438798e-06	-0.0216376
-1.436798e-06	-0.0217408
-1.434798e-06	-0.021844
-1.432798e-06	-0.02193
-1.430798e-06	-0.0217236
-1.428798e-06	-0.0216548
-1.426798e-06	-0.0217408
-1.424798e-06	-0.0218096
-1.422798e-06	-0.0218956
-1.420798e-06	-0.022188
-1.418798e-06	-0.0224632
-1.416798e-06	-0.0223772
-1.414798e-06	-0.0224288
-1.412798e-06	-0.0220332
-1.410798e-06	-0.0218096
-1.408798e-06	-0.0217752
-1.406798e-06	-0.0216892
-1.404798e-06	-0.0214656
-1.402798e-06	-0.0213108
-1.400798e-06	-0.0211904
-1.398798e-06	-0.0212592
-1.396798e-06	-0.0211904
-1.394798e-06	-0.0210356
-1.392798e-06	-0.0214656
-1.390798e-06	-0.0213624
-1.388798e-06	-0.021328
-1.386798e-06	-0.0211732
-1.384798e-06	-0.0211904
-1.382798e-06	-0.0214312
-1.380798e-06	-0.0215688
-1.378798e-06	-0.0216548
-1.376798e-06	-0.0219472
-1.374798e-06	-0.02193
-1.372798e-06	-0.0216032
-1.370798e-06	-0.021844
-1.368798e-06	-0.0222396
-1.366798e-06	-0.0222912
-1.364798e-06	-0.0216376
-1.362798e-06	-0.0210528
-1.360798e-06	-0.021242
-1.358798e-06	-0.0217408
-1.356798e-06	-0.021586
-1.354798e-06	-0.0211044
-1.352798e-06	-0.020898
-1.350798e-06	-0.0213108
-1.348798e-06	-0.0213452
-1.346798e-06	-0.0213624
-1.344798e-06	-0.0212764
-1.342798e-06	-0.0215688
-1.340798e-06	-0.021758
-1.338798e-06	-0.0217752
-1.336798e-06	-0.0211904
-1.334798e-06	-0.0211732
-1.332798e-06	-0.0211388
-1.330798e-06	-0.0212764
-1.328798e-06	-0.020898
-1.326798e-06	-0.0209668
-1.324798e-06	-0.0208808
-1.322798e-06	-0.0208636
-1.320798e-06	-0.0208808
-1.318798e-06	-0.0207604
-1.316798e-06	-0.0206228
-1.314798e-06	-0.0207948
-1.312798e-06	-0.0206744
-1.310798e-06	-0.0206572
-1.308798e-06	-0.0207948
-1.306798e-06	-0.0207948
-1.304798e-06	-0.0208636
-1.302798e-06	-0.0211044
-1.300798e-06	-0.0213108
-1.298798e-06	-0.0210872
-1.296798e-06	-0.02064
-1.294798e-06	-0.0207948
-1.292798e-06	-0.020726
-1.290798e-06	-0.020726
-1.288798e-06	-0.0205368
-1.286798e-06	-0.0205712
-1.284798e-06	-0.0208808
-1.282798e-06	-0.0207432
-1.280798e-06	-0.0207604
-1.278798e-06	-0.0206056
-1.276798e-06	-0.0204508
-1.274798e-06	-0.0201928
-1.272798e-06	-0.0201928
-1.270798e-06	-0.0201068
-1.268798e-06	-0.0198832
-1.266798e-06	-0.0197628
-1.264798e-06	-0.0196252
-1.262798e-06	-0.0192296
-1.260798e-06	-0.0190404
-1.258798e-06	-0.0191436
-1.256798e-06	-0.0192984
-1.254798e-06	-0.0190576
-1.252798e-06	-0.0188856
-1.250798e-06	-0.0189372
-1.248798e-06	-0.019006
-1.246798e-06	-0.0190748
-1.244798e-06	-0.0191092
-1.242798e-06	-0.0191264
-1.240798e-06	-0.0190748
-1.238798e-06	-0.0194016
-1.236798e-06	-0.0194704
-1.234798e-06	-0.0194876
-1.232798e-06	-0.0194704
-1.230798e-06	-0.0196768
-1.228798e-06	-0.0195736
-1.226798e-06	-0.0196252
-1.224798e-06	-0.0196596
-1.222798e-06	-0.0197284
-1.220798e-06	-0.0200208
-1.218798e-06	-0.0200208
-1.216798e-06	-0.019866
-1.214798e-06	-0.019866
-1.212798e-06	-0.0197284
-1.210798e-06	-0.0197628
-1.208798e-06	-0.0196252
-1.206798e-06	-0.01978
-1.204798e-06	-0.0196768
-1.202798e-06	-0.019694
-1.200798e-06	-0.0197972
-1.198798e-06	-0.0200724
-1.196798e-06	-0.0202444
-1.194798e-06	-0.0203132
-1.192798e-06	-0.0203648
-1.190798e-06	-0.0206228
-1.188798e-06	-0.0206916
-1.186798e-06	-0.0207948
-1.184798e-06	-0.0208808
-1.182798e-06	-0.0207604
-1.180798e-06	-0.021156
-1.178798e-06	-0.020898
-1.176798e-06	-0.0208464
-1.174798e-06	-0.0208464
-1.172798e-06	-0.0203132
-1.170798e-06	-0.0201068
-1.168798e-06	-0.0199864
-1.166798e-06	-0.0199692
-1.164798e-06	-0.0199004
-1.162798e-06	-0.0198316
-1.160798e-06	-0.0199004
-1.158798e-06	-0.0200552
-1.156798e-06	-0.0199348
-1.154798e-06	-0.0199176
-1.152798e-06	-0.0198832
-1.150798e-06	-0.019952
-1.148798e-06	-0.019952
-1.146798e-06	-0.0199692
-1.144798e-06	-0.0203648
-1.142798e-06	-0.020296
-1.140798e-06	-0.02064
-1.138798e-06	-0.0205884
-1.136798e-06	-0.0203648
-1.134798e-06	-0.0204852
-1.132798e-06	-0.0203132
-1.130798e-06	-0.0203132
-1.128798e-06	-0.0201584
-1.126798e-06	-0.0201068
-1.124798e-06	-0.0203992
-1.122798e-06	-0.0204336
-1.120798e-06	-0.0205712
-1.118798e-06	-0.0204852
-1.116798e-06	-0.0203132
-1.114798e-06	-0.0204852
-1.112798e-06	-0.0204852
-1.110798e-06	-0.0207776
-1.108798e-06	-0.0207432
-1.106798e-06	-0.0204852
-1.104798e-06	-0.0205368
-1.102798e-06	-0.0206916
-1.100798e-06	-0.0209324
-1.098798e-06	-0.0210356
-1.096798e-06	-0.02107
-1.094798e-06	-0.0211044
-1.092798e-06	-0.0210528
-1.090798e-06	-0.0212076
-1.088798e-06	-0.0213968
-1.086798e-06	-0.02107
-1.084798e-06	-0.0209324
-1.082798e-06	-0.0207604
-1.080798e-06	-0.0206572
-1.078798e-06	-0.0208636
-1.076798e-06	-0.0210012
-1.074798e-06	-0.0209152
-1.072798e-06	-0.0210184
-1.070798e-06	-0.021156
-1.068798e-06	-0.021758
-1.066798e-06	-0.022016
-1.064798e-06	-0.0216548
-1.062798e-06	-0.0216548
-1.060798e-06	-0.021758
-1.058798e-06	-0.0222224
-1.056798e-06	-0.0223084
-1.054798e-06	-0.0223084
-1.052798e-06	-0.0225148
-1.050798e-06	-0.022532
-1.048798e-06	-0.022446
-1.046798e-06	-0.0223772
-1.044798e-06	-0.0221536
-1.042798e-06	-0.0221708
-1.040798e-06	-0.022188
-1.038798e-06	-0.0225148
-1.036798e-06	-0.022618
-1.034798e-06	-0.0227384
-1.032798e-06	-0.022876
-1.030798e-06	-0.023134
-1.028798e-06	-0.02279
-1.026798e-06	-0.0228588
-1.024798e-06	-0.02279
-1.022798e-06	-0.0225836
-1.020798e-06	-0.0226352
-1.018798e-06	-0.0227212
-1.016798e-06	-0.0226868
-1.014798e-06	-0.022876
-1.012798e-06	-0.0227556
-1.010798e-06	-0.0227384
-1.008798e-06	-0.0226352
-1.006798e-06	-0.0226352
-1.004798e-06	-0.0227212
-1.002798e-06	-0.023048
-1.000798e-06	-0.0229276
-9.987976e-07	-0.022962
-9.967976e-07	-0.023134
-9.947976e-07	-0.023134
-9.927976e-07	-0.0227556
-9.907976e-07	-0.0228588
-9.887976e-07	-0.0230824
-9.867976e-07	-0.023306
-9.847976e-07	-0.0231512
-9.827976e-07	-0.0234608
-9.807976e-07	-0.0234436
-9.787976e-07	-0.0236156
-9.767976e-07	-0.0235468
-9.747976e-07	-0.0237016
-9.727976e-07	-0.0236156
-9.707976e-07	-0.0235984
-9.687976e-07	-0.0237016
-9.667976e-07	-0.0233576
-9.647976e-07	-0.023306
-9.627976e-07	-0.0233404
-9.607976e-07	-0.0230996
-9.587976e-07	-0.0230308
-9.567976e-07	-0.0231684
-9.547976e-07	-0.0233404
-9.527976e-07	-0.0230652
-9.507976e-07	-0.0230652
-9.487976e-07	-0.0228932
-9.467976e-07	-0.0228588
-9.447976e-07	-0.023048
-9.427976e-07	-0.0229448
-9.407976e-07	-0.0226524
-9.387976e-07	-0.0222224
-9.367976e-07	-0.0222224
-9.347976e-07	-0.0224976
-9.327976e-07	-0.0223256
-9.307976e-07	-0.02193
-9.287976e-07	-0.0216376
-9.267976e-07	-0.0216548
-9.247976e-07	-0.0218612
-9.227976e-07	-0.0216548
-9.207976e-07	-0.0216032
-9.187976e-07	-0.0213452
-9.167976e-07	-0.021328
-9.147976e-07	-0.0215688
-9.127976e-07	-0.021586
-9.107976e-07	-0.0214484
-9.087976e-07	-0.0212248
-9.067976e-07	-0.0210872
-9.047976e-07	-0.0207776
-9.027976e-07	-0.0207776
-9.007976e-07	-0.020812
-8.987976e-07	-0.0206744
-8.967976e-07	-0.0205884
-8.947976e-07	-0.0205884
-8.927976e-07	-0.0207432
-8.907976e-07	-0.0210872
-8.887976e-07	-0.0208292
-8.867976e-07	-0.0209152
-8.847976e-07	-0.020812
-8.827976e-07	-0.0207088
-8.807976e-07	-0.0207948
-8.787976e-07	-0.0209496
-8.767976e-07	-0.0206744
-8.747976e-07	-0.02107
-8.727976e-07	-0.0207948
-8.707976e-07	-0.0207776
-8.687976e-07	-0.020296
-8.667976e-07	-0.0204336
-8.647976e-07	-0.0203132
-8.627976e-07	-0.0204164
-8.607976e-07	-0.0203476
-8.587976e-07	-0.0202272
-8.567976e-07	-0.0202788
-8.547976e-07	-0.0201756
-8.527976e-07	-0.0202444
-8.507976e-07	-0.020382
-8.487976e-07	-0.0204852
-8.467976e-07	-0.0205368
-8.447976e-07	-0.02064
-8.427976e-07	-0.0209496
-8.407976e-07	-0.0208636
-8.387976e-07	-0.0206916
-8.367976e-07	-0.0207604
-8.347976e-07	-0.0208464
-8.327976e-07	-0.020812
-8.307976e-07	-0.02064
-8.287976e-07	-0.02064
-8.267976e-07	-0.0201756
-8.247976e-07	-0.0200724
-8.227976e-07	-0.02021
-8.207976e-07	-0.0202616
-8.187976e-07	-0.020468
-8.167976e-07	-0.0203476
-8.147976e-07	-0.0203648
-8.127976e-07	-0.0202788
-8.107976e-07	-0.0200036
-8.087976e-07	-0.0197456
-8.067976e-07	-0.0193844
-8.047976e-07	-0.0194704
-8.027976e-07	-0.0194188
-8.007976e-07	-0.0192812
-7.987976e-07	-0.0192984
-7.967976e-07	-0.0189888
-7.947976e-07	-0.0188684
-7.927976e-07	-0.0185416
-7.907976e-07	-0.0184728
-7.887976e-07	-0.0184384
-7.867976e-07	-0.0185244
-7.847976e-07	-0.0182148
-7.827976e-07	-0.0180084
-7.807976e-07	-0.0178708
-7.787976e-07	-0.0175268
-7.767976e-07	-0.0172516
-7.747976e-07	-0.0171312
-7.727976e-07	-0.0168044
-7.707976e-07	-0.0165808
-7.687976e-07	-0.0164432
-7.667976e-07	-0.0167872
-7.647976e-07	-0.0167184
-7.627976e-07	-0.0165464
-7.607976e-07	-0.0169592
-7.587976e-07	-0.0169248
-7.567976e-07	-0.016856
-7.547976e-07	-0.016856
-7.527976e-07	-0.0170624
-7.507976e-07	-0.0172688
-7.487976e-07	-0.0174752
-7.467976e-07	-0.017286
-7.447976e-07	-0.017286
-7.427976e-07	-0.0176816
-7.407976e-07	-0.0179396
-7.387976e-07	-0.0182148
-7.367976e-07	-0.0182492
-7.347976e-07	-0.01849
-7.327976e-07	-0.0183524
-7.307976e-07	-0.0183696
-7.287976e-07	-0.0185244
-7.267976e-07	-0.018834
-7.247976e-07	-0.0189544
-7.227976e-07	-0.0189028
-7.207976e-07	-0.019006
-7.187976e-07	-0.0192984
-7.167976e-07	-0.0196424
-7.147976e-07	-0.0195564
-7.127976e-07	-0.01978
-7.107976e-07	-0.019694
-7.087976e-07	-0.0196424
-7.067976e-07	-0.0193672
-7.047976e-07	-0.0192296
-7.027976e-07	-0.0191952
-7.007976e-07	-0.0192468
-6.987976e-07	-0.0192124
-6.967976e-07	-0.0191952
-6.947976e-07	-0.0190576
-6.927976e-07	-0.0187824
-6.907976e-07	-0.0187308
-6.887976e-07	-0.0187824
-6.867976e-07	-0.0190404
-6.847976e-07	-0.0186964
-6.827976e-07	-0.0184728
-6.807976e-07	-0.0180944
-6.787976e-07	-0.0178364
-6.767976e-07	-0.0176128
-6.747976e-07	-0.0176128
-6.727976e-07	-0.017458
-6.707976e-07	-0.017544
-6.687976e-07	-0.0173548
-6.667976e-07	-0.0171656
-6.647976e-07	-0.0171656
-6.627976e-07	-0.0168216
-6.607976e-07	-0.0166152
-6.587976e-07	-0.0163744
-6.567976e-07	-0.0164088
-6.547976e-07	-0.016598
-6.527976e-07	-0.0169764
-6.507976e-07	-0.0171484
-6.487976e-07	-0.0169936
-6.467976e-07	-0.0172172
-6.447976e-07	-0.0172688
-6.427976e-07	-0.0172688
-6.407976e-07	-0.017114
-6.387976e-07	-0.0173376
-6.367976e-07	-0.0175268
-6.347976e-07	-0.0177504
-6.327976e-07	-0.017974
-6.307976e-07	-0.0181288
-6.287976e-07	-0.0180084
-6.267976e-07	-0.0180772
-6.247976e-07	-0.0180084
-6.227976e-07	-0.0182492
-6.207976e-07	-0.0184384
-6.187976e-07	-0.0186448
-6.167976e-07	-0.019006
-6.147976e-07	-0.0190576
-6.127976e-07	-0.019006
-6.107976e-07	-0.0193672
-6.087976e-07	-0.0192812
-6.067976e-07	-0.0193156
-6.047976e-07	-0.0194188
-6.027976e-07	-0.0197628
-6.007976e-07	-0.0200208
-5.987976e-07	-0.0199692
-5.967976e-07	-0.0203132
-5.947976e-07	-0.0206572
-5.927976e-07	-0.0206056
-5.907976e-07	-0.0208292
-5.887976e-07	-0.0207432
-5.867976e-07	-0.0207432
-5.847976e-07	-0.0209324
-5.827976e-07	-0.0211732
-5.807976e-07	-0.02107
-5.787976e-07	-0.0213796
-5.767976e-07	-0.0212936
-5.747976e-07	-0.0211388
-5.727976e-07	-0.021328
-5.707976e-07	-0.0213452
-5.687976e-07	-0.0215172
-5.667976e-07	-0.0213968
-5.647976e-07	-0.0210872
-5.627976e-07	-0.020812
-5.607976e-07	-0.0205884
-5.587976e-07	-0.0206916
-5.567976e-07	-0.0211732
-5.547976e-07	-0.0211732
-5.527976e-07	-0.0208808
-5.507976e-07	-0.0206916
-5.487976e-07	-0.0206744
-5.467976e-07	-0.0208464
-5.447976e-07	-0.0208292
-5.427976e-07	-0.0210356
-5.407976e-07	-0.021242
-5.387976e-07	-0.0210012
-5.367976e-07	-0.0209496
-5.347976e-07	-0.0210872
-5.327976e-07	-0.0209324
-5.307976e-07	-0.0209668
-5.287976e-07	-0.020554
-5.267976e-07	-0.0206572
-5.247976e-07	-0.0208464
-5.227976e-07	-0.0208808
-5.207976e-07	-0.0205712
-5.187976e-07	-0.020554
-5.167976e-07	-0.020124
-5.147976e-07	-0.0201068
-5.127976e-07	-0.0198144
-5.107976e-07	-0.0198316
-5.087976e-07	-0.0194532
-5.067976e-07	-0.0194876
-5.047976e-07	-0.0195736
-5.027976e-07	-0.0198488
-5.007976e-07	-0.0200036
-4.987976e-07	-0.0197456
-4.967976e-07	-0.0197284
-4.947976e-07	-0.0196596
-4.927976e-07	-0.0195048
-4.907976e-07	-0.0196768
-4.887976e-07	-0.0199004
-4.867976e-07	-0.0202616
-4.847976e-07	-0.0204508
-4.827976e-07	-0.0205884
-4.807976e-07	-0.0205024
-4.787976e-07	-0.0206056
-4.767976e-07	-0.020984
-4.747976e-07	-0.0211388
-4.727976e-07	-0.0216032
-4.707976e-07	-0.021586
-4.687976e-07	-0.0212764
-4.667976e-07	-0.0215516
-4.647976e-07	-0.022016
-4.627976e-07	-0.0218784
-4.607976e-07	-0.02193
-4.587976e-07	-0.0219988
-4.567976e-07	-0.0216204
-4.547976e-07	-0.021328
-4.527976e-07	-0.0209324
-4.507976e-07	-0.0206916
-4.487976e-07	-0.0205024
-4.467976e-07	-0.0209152
-4.447976e-07	-0.0208464
-4.427976e-07	-0.0207948
-4.407976e-07	-0.0207432
-4.387976e-07	-0.020984
-4.367976e-07	-0.0208464
-4.347976e-07	-0.0207776
-4.327976e-07	-0.0205368
-4.307976e-07	-0.0205884
-4.287976e-07	-0.0204852
-4.267976e-07	-0.0203476
-4.247976e-07	-0.020468
-4.227976e-07	-0.0204336
-4.207976e-07	-0.0203476
-4.187976e-07	-0.0206744
-4.167976e-07	-0.0205884
-4.147976e-07	-0.02064
-4.127976e-07	-0.0206056
-4.107976e-07	-0.020984
-4.087976e-07	-0.0207948
-4.067976e-07	-0.0205368
-4.047976e-07	-0.020296
-4.027976e-07	-0.0204336
-4.007976e-07	-0.0204508
-3.987976e-07	-0.0205024
-3.967976e-07	-0.0205196
-3.947976e-07	-0.0207948
-3.927976e-07	-0.0207088
-3.907976e-07	-0.0207776
-3.887976e-07	-0.0206572
-3.867976e-07	-0.0209152
-3.847976e-07	-0.0206228
-3.827976e-07	-0.0204852
-3.807976e-07	-0.0206916
-3.787976e-07	-0.0207604
-3.767976e-07	-0.0210872
-3.747976e-07	-0.0210012
-3.727976e-07	-0.0206228
-3.707976e-07	-0.0203304
-3.687976e-07	-0.0204852
-3.667976e-07	-0.0206916
-3.647976e-07	-0.0208464
-3.627976e-07	-0.0207948
-3.607976e-07	-0.02064
-3.587976e-07	-0.02064
-3.567976e-07	-0.0207776
-3.547976e-07	-0.0205884
-3.527976e-07	-0.020382
-3.507976e-07	-0.0205024
-3.487976e-07	-0.0205024
-3.467976e-07	-0.0205884
-3.447976e-07	-0.0207776
-3.427976e-07	-0.020726
-3.407976e-07	-0.0211044
-3.387976e-07	-0.021328
-3.367976e-07	-0.0212592
-3.347976e-07	-0.0210356
-3.327976e-07	-0.0206744
-3.307976e-07	-0.0204508
-3.287976e-07	-0.0204164
-3.267976e-07	-0.0204164
-3.247976e-07	-0.0203648
-3.227976e-07	-0.0203992
-3.207976e-07	-0.0203132
-3.187976e-07	-0.0201584
-3.167976e-07	-0.0201584
-3.147976e-07	-0.0201068
-3.127976e-07	-0.0199176
-3.107976e-07	-0.0198488
-3.087976e-07	-0.0198144
-3.067976e-07	-0.0196424
-3.047976e-07	-0.0197112
-3.027976e-07	-0.0200552
-3.007976e-07	-0.019866
-2.987976e-07	-0.0200036
-2.967976e-07	-0.0198144
-2.947976e-07	-0.0196424
-2.927976e-07	-0.0193672
-2.907976e-07	-0.0197972
-2.887976e-07	-0.019952
-2.867976e-07	-0.0200036
-2.847976e-07	-0.0201584
-2.827976e-07	-0.0202272
-2.807976e-07	-0.0201412
-2.787976e-07	-0.0200036
-2.767976e-07	-0.0201584
-2.747976e-07	-0.0201584
-2.727976e-07	-0.0199864
-2.707976e-07	-0.0197972
-2.687976e-07	-0.0195392
-2.667976e-07	-0.019522
-2.647976e-07	-0.0196252
-2.627976e-07	-0.0198316
-2.607976e-07	-0.0199348
-2.587976e-07	-0.020124
-2.567976e-07	-0.0202616
-2.547976e-07	-0.0201928
-2.527976e-07	-0.0201584
-2.507976e-07	-0.020124
-2.487976e-07	-0.0201756
-2.467976e-07	-0.020382
-2.447976e-07	-0.0202444
-2.427976e-07	-0.0199692
-2.407976e-07	-0.0203476
-2.387976e-07	-0.0205196
-2.367976e-07	-0.0205196
-2.347976e-07	-0.020382
-2.327976e-07	-0.0202616
-2.307976e-07	-0.0199692
-2.287976e-07	-0.0198144
-2.267976e-07	-0.0198832
-2.247976e-07	-0.019436
-2.227976e-07	-0.0192296
-2.207976e-07	-0.0190748
-2.187976e-07	-0.019006
-2.167976e-07	-0.0189544
-2.147976e-07	-0.0192468
-2.127976e-07	-0.0192124
-2.107976e-07	-0.01935
-2.087976e-07	-0.019436
-2.067976e-07	-0.0196768
-2.047976e-07	-0.0196424
-2.027976e-07	-0.0194532
-2.007976e-07	-0.0195564
-1.987976e-07	-0.0197284
-1.967976e-07	-0.01978
-1.947976e-07	-0.0197456
-1.927976e-07	-0.0198316
-1.907976e-07	-0.0199864
-1.887976e-07	-0.0199348
-1.867976e-07	-0.0197972
-1.847976e-07	-0.0195392
-1.827976e-07	-0.0192468
-1.807976e-07	-0.0193844
-1.787976e-07	-0.0193844
-1.767976e-07	-0.0194188
-1.747976e-07	-0.0192812
-1.727976e-07	-0.0193156
-1.707976e-07	-0.0196252
-1.687976e-07	-0.0197628
-1.667976e-07	-0.0197628
-1.647976e-07	-0.019694
-1.627976e-07	-0.0200036
-1.607976e-07	-0.0200724
-1.587976e-07	-0.0202444
-1.567976e-07	-0.0204336
-1.547976e-07	-0.0203304
-1.527976e-07	-0.0203992
-1.507976e-07	-0.0204508
-1.487976e-07	-0.0207948
-1.467976e-07	-0.0209496
-1.447976e-07	-0.020812
-1.427976e-07	-0.0203476
-1.407976e-07	-0.0202616
-1.387976e-07	-0.0203304
-1.367976e-07	-0.0201928
-1.347976e-07	-0.0202272
-1.327976e-07	-0.0201928
-1.307976e-07	-0.0203476
-1.287976e-07	-0.0204508
-1.267976e-07	-0.020726
-1.247976e-07	-0.0204336
-1.227976e-07	-0.0198832
-1.207976e-07	-0.0197456
-1.187976e-07	-0.019694
-1.167976e-07	-0.0194188
-1.147976e-07	-0.0189544
-1.127976e-07	-0.0184212
-1.107976e-07	-0.0182148
-1.087976e-07	-0.017974
-1.067976e-07	-0.0177848
-1.047976e-07	-0.0178364
-1.027976e-07	-0.0177848
-1.007976e-07	-0.0176644
-9.879763e-08	-0.0175268
-9.679763e-08	-0.017372
-9.479763e-08	-0.0173204
-9.279763e-08	-0.017286
-9.079763e-08	-0.0173548
-8.879763e-08	-0.0172688
-8.679763e-08	-0.0171656
-8.479763e-08	-0.0168904
-8.279763e-08	-0.0167184
-8.079763e-08	-0.0166324
-7.879763e-08	-0.0164948
-7.679763e-08	-0.0168044
-7.479763e-08	-0.0166152
-7.279763e-08	-0.0164432
-7.079763e-08	-0.01634
-6.879763e-08	-0.0162196
-6.679763e-08	-0.0163572
-6.479763e-08	-0.0162884
-6.279763e-08	-0.0161164
-6.079763e-08	-0.0159272
-5.879763e-08	-0.0155488
-5.679763e-08	-0.0155832
-5.479763e-08	-0.0156864
-5.279763e-08	-0.0154972
-5.079763e-08	-0.0154284
-4.879763e-08	-0.0153596
-4.679763e-08	-0.0155832
-4.479763e-08	-0.0155144
-4.279763e-08	-0.0153596
-4.079763e-08	-0.0151532
-3.879763e-08	-0.015394
-3.679763e-08	-0.0153596
-3.479763e-08	-0.0154112
-3.279763e-08	-0.0153252
-3.079763e-08	-0.0154284
-2.879763e-08	-0.0153424
-2.679763e-08	-0.015136
-2.479763e-08	-0.0149124
-2.279763e-08	-0.015136
-2.079763e-08	-0.0151876
-1.879763e-08	-0.0150672
-1.679763e-08	-0.0151532
-1.479763e-08	-0.0152908
-1.279763e-08	-0.0155316
-1.079763e-08	-0.0155144
-8.797633e-09	-0.0153424
-6.797633e-09	-0.0154284
-4.797633e-09	-0.0154628
-2.797633e-09	-0.0152908
-7.976331e-10	-0.0153252
1.202367e-09	-0.0152048
3.202367e-09	-0.0154628
5.202367e-09	-0.015566
7.202367e-09	-0.0157724
9.202367e-09	-0.0159272
1.120237e-08	-0.0156176
1.320237e-08	-0.0156864
1.520237e-08	-0.0157552
1.720237e-08	-0.015652
1.920237e-08	-0.0156348
2.120237e-08	-0.0154972
2.320237e-08	-0.0156004
2.520237e-08	-0.0155316
2.720237e-08	-0.0157724
2.920237e-08	-0.0156864
3.120237e-08	-0.016082
3.320237e-08	-0.0164776
3.520237e-08	-0.0164088
3.720237e-08	-0.0164604
3.920237e-08	-0.0162024
4.120237e-08	-0.0162368
4.320237e-08	-0.016426
4.520237e-08	-0.0163916
4.720237e-08	-0.0164948
4.920237e-08	-0.0165636
5.120237e-08	-0.0167528
5.320237e-08	-0.0169076
5.520237e-08	-0.0170108
5.720237e-08	-0.0169764
5.920237e-08	-0.0171656
6.120237e-08	-0.0169764
6.320237e-08	-0.016942
6.520237e-08	-0.0172344
6.720237e-08	-0.017544
6.920237e-08	-0.0176128
7.120237e-08	-0.0178536
7.320237e-08	-0.0182492
7.520237e-08	-0.0177676
7.720237e-08	-0.01763
7.920237e-08	-0.017458
8.120237e-08	-0.0174064
8.320237e-08	-0.0173032
8.520237e-08	-0.0177504
8.720237e-08	-0.018146
8.920237e-08	-0.018404
9.120237e-08	-0.0184728
9.320237e-08	-0.0186104
9.520237e-08	-0.0185416
9.720237e-08	-0.0187824
9.920237e-08	-0.0186964
1.012024e-07	-0.0187308
1.032024e-07	-0.018576
1.052024e-07	-0.0187996
1.072024e-07	-0.0189028
1.092024e-07	-0.0190404
1.112024e-07	-0.0189716
1.132024e-07	-0.0189544
1.152024e-07	-0.0192296
1.172024e-07	-0.019264
1.192024e-07	-0.019264
1.212024e-07	-0.0191952
1.232024e-07	-0.019264
1.252024e-07	-0.0189028
1.272024e-07	-0.0191092
1.292024e-07	-0.0192124
1.312024e-07	-0.0191264
1.332024e-07	-0.0190232
1.352024e-07	-0.0185588
1.372024e-07	-0.0174752
1.392024e-07	-0.0154972
1.412024e-07	-0.0133816
1.432024e-07	-0.0110252
1.452024e-07	-0.0085484
1.472024e-07	-0.005848
1.492024e-07	-0.0031648
1.512024e-07	-0.0005676
1.532024e-07	0.001634
1.552024e-07	0.003612
1.572024e-07	0.0053148
1.592024e-07	0.0071724
1.612024e-07	0.008686
1.632024e-07	0.0101136
1.652024e-07	0.0112488
1.672024e-07	0.012298
1.692024e-07	0.0126592
1.712024e-07	0.0130204
1.732024e-07	0.0134676
1.752024e-07	0.0146544
1.772024e-07	0.0147232
1.792024e-07	0.0147232
1.812024e-07	0.014706
1.832024e-07	0.0147232
1.852024e-07	0.0146028
1.872024e-07	0.0143104
1.892024e-07	0.0138976
1.912024e-07	0.0137428
1.932024e-07	0.0139148
1.952024e-07	0.0137944
1.972024e-07	0.0131924
1.992024e-07	0.012986
2.012024e-07	0.0126764
2.032024e-07	0.0122464
2.052024e-07	0.0117648
2.072024e-07	0.0111456
2.092024e-07	0.0106812
2.112024e-07	0.0104576
2.132024e-07	0.009976
2.152024e-07	0.0094084
2.172024e-07	0.0090644
2.192024e-07	0.0088924
2.212024e-07	0.0086
2.232024e-07	0.0081012
2.252024e-07	0.0077744
2.272024e-07	0.0072756
2.292024e-07	0.0068972
2.312024e-07	0.0067252
2.332024e-07	0.0062092
2.352024e-07	0.005934
2.372024e-07	0.0056416
2.392024e-07	0.0048848
2.412024e-07	0.0043344
2.432024e-07	0.0038184
2.452024e-07	0.003612
2.472024e-07	0.0032336
2.492024e-07	0.0025456
2.512024e-07	0.0020468
2.532024e-07	0.0014964
2.552024e-07	0.0008256
2.572024e-07	0.000344
2.592024e-07	-0.0002064
2.612024e-07	-0.0007224
2.632024e-07	-0.0011352
2.652024e-07	-0.002064
2.672024e-07	-0.0022532
2.692024e-07	-0.0025972
2.712024e-07	-0.0031648
2.732024e-07	-0.0034916
2.752024e-07	-0.0041452
2.772024e-07	-0.0045408
2.792024e-07	-0.0050568
2.812024e-07	-0.0053664
2.832024e-07	-0.0057792
2.852024e-07	-0.006192
2.872024e-07	-0.0064156
2.892024e-07	-0.0067424
2.912024e-07	-0.0071896
2.932024e-07	-0.0074304
2.952024e-07	-0.007482
2.972024e-07	-0.007568
2.992024e-07	-0.0079464
3.012024e-07	-0.008514
3.032024e-07	-0.00903
3.052024e-07	-0.0093224
3.072024e-07	-0.0095632
3.092024e-07	-0.009718
3.112024e-07	-0.0099932
3.132024e-07	-0.010234
3.152024e-07	-0.0103888
3.172024e-07	-0.0107156
3.192024e-07	-0.011008
3.212024e-07	-0.0114552
3.232024e-07	-0.0120056
3.252024e-07	-0.0122464
3.272024e-07	-0.012298
3.292024e-07	-0.0126076
3.312024e-07	-0.0129172
3.332024e-07	-0.0130376
3.352024e-07	-0.0130032
3.372024e-07	-0.01333
3.392024e-07	-0.0135708
3.412024e-07	-0.0140696
3.432024e-07	-0.0143448
3.452024e-07	-0.014362
3.472024e-07	-0.0143448
3.492024e-07	-0.0149124
3.512024e-07	-0.0149812
3.532024e-07	-0.0152048
3.552024e-07	-0.0154284
3.572024e-07	-0.0154284
3.592024e-07	-0.0156176
3.612024e-07	-0.0156864
3.632024e-07	-0.0156176
3.652024e-07	-0.0154972
3.672024e-07	-0.0156348
3.692024e-07	-0.0154456
3.712024e-07	-0.0156348
3.732024e-07	-0.0156004
3.752024e-07	-0.0156348
3.772024e-07	-0.0155832
3.792024e-07	-0.0155832
3.812024e-07	-0.0154456
3.832024e-07	-0.0155832
3.852024e-07	-0.0159444
3.872024e-07	-0.0159788
3.892024e-07	-0.0160648
3.912024e-07	-0.01634
3.932024e-07	-0.01677
3.952024e-07	-0.0170108
3.972024e-07	-0.0167528
3.992024e-07	-0.0167356
4.012024e-07	-0.0173032
4.032024e-07	-0.017716
4.052024e-07	-0.0175956
4.072024e-07	-0.0176644
4.092024e-07	-0.0177848
4.112024e-07	-0.017802
4.132024e-07	-0.0176988
4.152024e-07	-0.0175268
4.172024e-07	-0.0177332
4.192024e-07	-0.0177676
4.212024e-07	-0.0178192
4.232024e-07	-0.0178192
4.252024e-07	-0.0177504
4.272024e-07	-0.0176644
4.292024e-07	-0.0180256
4.312024e-07	-0.0183008
4.332024e-07	-0.0184384
4.352024e-07	-0.0183524
4.372024e-07	-0.0183868
4.392024e-07	-0.0182664
4.412024e-07	-0.0185244
4.432024e-07	-0.018748
4.452024e-07	-0.0187136
4.472024e-07	-0.0185588
4.492024e-07	-0.0189028
4.512024e-07	-0.0189888
4.532024e-07	-0.0187996
4.552024e-07	-0.0186448
4.572024e-07	-0.018748
4.592024e-07	-0.0188168
4.612024e-07	-0.019006
4.632024e-07	-0.0190748
4.652024e-07	-0.0191952
4.672024e-07	-0.0194876
4.692024e-07	-0.019436
4.712024e-07	-0.019436
4.732024e-07	-0.0192124
4.752024e-07	-0.0191436
4.772024e-07	-0.019436
4.792024e-07	-0.0195048
4.812024e-07	-0.0198316
4.832024e-07	-0.02021
4.852024e-07	-0.0199864
4.872024e-07	-0.0200208
4.892024e-07	-0.0200208
4.912024e-07	-0.0201584
4.932024e-07	-0.019866
4.952024e-07	-0.0198488
4.972024e-07	-0.020038
4.992024e-07	-0.0201756
5.012024e-07	-0.0199864
5.032024e-07	-0.01978
5.052024e-07	-0.0198488
5.072024e-07	-0.0198144
5.092024e-07	-0.019866
5.112024e-07	-0.0199864
5.132024e-07	-0.020382
5.152024e-07	-0.0202616
5.172024e-07	-0.0200896
5.192024e-07	-0.02021
5.212024e-07	-0.020296
5.232024e-07	-0.02021
5.252024e-07	-0.0203132
5.272024e-07	-0.0201928
5.292024e-07	-0.0205024
5.312024e-07	-0.0205024
5.332024e-07	-0.0204336
5.352024e-07	-0.0205884
5.372024e-07	-0.0209152
5.392024e-07	-0.0206744
5.412024e-07	-0.0206916
5.432024e-07	-0.020468
5.452024e-07	-0.020382
5.472024e-07	-0.0201756
5.492024e-07	-0.020382
5.512024e-07	-0.0202272
5.532024e-07	-0.0205712
5.552024e-07	-0.0205196
5.572024e-07	-0.0208808
5.592024e-07	-0.0208636
5.612024e-07	-0.020726
5.632024e-07	-0.0207432
5.652024e-07	-0.0209496
5.672024e-07	-0.02064
5.692024e-07	-0.020382
5.712024e-07	-0.0202444
5.732024e-07	-0.0201756
5.752024e-07	-0.0203304
5.772024e-07	-0.0202788
5.792024e-07	-0.0202788
5.812024e-07	-0.0201928
5.832024e-07	-0.0202788
5.852024e-07	-0.0200552
5.872024e-07	-0.0200208
5.892024e-07	-0.02021
5.912024e-07	-0.0201412
5.932024e-07	-0.020124
5.952024e-07	-0.0203648
5.972024e-07	-0.02021
5.992024e-07	-0.0203132
6.012024e-07	-0.01978
6.032024e-07	-0.0191092
6.052024e-07	-0.0193672
6.072024e-07	-0.019436
6.092024e-07	-0.0196596
6.112024e-07	-0.019264
6.132024e-07	-0.01892
6.152024e-07	-0.019092
6.172024e-07	-0.0192468
6.192024e-07	-0.0191092
6.212024e-07	-0.018748
6.232024e-07	-0.0184728
6.252024e-07	-0.0185588
6.272024e-07	-0.01849
6.292024e-07	-0.01849
6.312024e-07	-0.0180084
6.332024e-07	-0.0181288
6.352024e-07	-0.0180256
6.372024e-07	-0.0175612
6.392024e-07	-0.0172688
6.412024e-07	-0.0168904
6.432024e-07	-0.0168216
6.452024e-07	-0.0165808
6.472024e-07	-0.0162196
6.492024e-07	-0.0164776
6.512024e-07	-0.0165464
6.532024e-07	-0.0168388
6.552024e-07	-0.0169592
6.572024e-07	-0.0168732
6.592024e-07	-0.0168216
6.612024e-07	-0.0172
6.632024e-07	-0.0172688
6.652024e-07	-0.0172688
6.672024e-07	-0.0172516
6.692024e-07	-0.0173548
6.712024e-07	-0.017458
6.732024e-07	-0.017544
6.752024e-07	-0.0174064
6.772024e-07	-0.0173032
6.792024e-07	-0.0171828
6.812024e-07	-0.0169076
6.832024e-07	-0.0168732
6.852024e-07	-0.0167528
6.872024e-07	-0.0167528
6.892024e-07	-0.0167012
6.912024e-07	-0.016598
6.932024e-07	-0.0167528
6.952024e-07	-0.0167528
6.972024e-07	-0.016684
6.992024e-07	-0.0165808
7.012024e-07	-0.0163916
7.032024e-07	-0.0160992
7.052024e-07	-0.0157552
7.072024e-07	-0.0157724
7.092024e-07	-0.0156348
7.112024e-07	-0.0155316
7.132024e-07	-0.0155832
7.152024e-07	-0.0156864
7.172024e-07	-0.01548
7.192024e-07	-0.0154284
7.212024e-07	-0.0153424
7.232024e-07	-0.0153596
7.252024e-07	-0.0152048
7.272024e-07	-0.0152564
7.292024e-07	-0.0151532
7.312024e-07	-0.0151532
7.332024e-07	-0.0152564
7.352024e-07	-0.0151016
7.372024e-07	-0.01505
7.392024e-07	-0.0152048
7.412024e-07	-0.015394
7.432024e-07	-0.0152048
7.452024e-07	-0.0153252
7.472024e-07	-0.0151016
7.492024e-07	-0.0151532
7.512024e-07	-0.015308
7.532024e-07	-0.0153596
7.552024e-07	-0.0152736
7.572024e-07	-0.0149812
7.592024e-07	-0.0149124
7.612024e-07	-0.0150672
7.632024e-07	-0.0150156
7.652024e-07	-0.0144996
7.672024e-07	-0.0142072
7.692024e-07	-0.0142244
7.712024e-07	-0.0145856
7.732024e-07	-0.0143276
7.752024e-07	-0.0142072
7.772024e-07	-0.014104
7.792024e-07	-0.0140524
7.812024e-07	-0.0141728
7.832024e-07	-0.0141556
7.852024e-07	-0.0142416
7.872024e-07	-0.0141728
7.892024e-07	-0.0143792
7.912024e-07	-0.0142244
7.932024e-07	-0.0143104
7.952024e-07	-0.0142588
7.972024e-07	-0.014534
7.992024e-07	-0.0145168
8.012024e-07	-0.0146888
8.032024e-07	-0.0144136
8.052024e-07	-0.0142588
8.072024e-07	-0.0143104
8.092024e-07	-0.014362
8.112024e-07	-0.0145856
8.132024e-07	-0.0145512
8.152024e-07	-0.0144652
8.172024e-07	-0.0146372
8.192024e-07	-0.0145512
8.212024e-07	-0.0146716
8.232024e-07	-0.0148952
8.252024e-07	-0.01505
8.272024e-07	-0.0152392
8.292024e-07	-0.0152736
8.312024e-07	-0.01548
8.332024e-07	-0.0158412
8.352024e-07	-0.016254
8.372024e-07	-0.016254
8.392024e-07	-0.0162712
8.412024e-07	-0.0167528
8.432024e-07	-0.0170108
8.452024e-07	-0.0171656
8.472024e-07	-0.017544
8.492024e-07	-0.0176128
8.512024e-07	-0.0178364
8.532024e-07	-0.017802
8.552024e-07	-0.0179224
8.572024e-07	-0.0181976
8.592024e-07	-0.0183352
8.612024e-07	-0.0184728
8.632024e-07	-0.0180428
8.652024e-07	-0.0184212
8.672024e-07	-0.0184556
8.692024e-07	-0.0184212
8.712024e-07	-0.0183868
8.732024e-07	-0.0187652
8.752024e-07	-0.0189372
8.772024e-07	-0.0189888
8.792024e-07	-0.0187652
8.812024e-07	-0.0183352
8.832024e-07	-0.01806
8.852024e-07	-0.018404
8.872024e-07	-0.0184556
8.892024e-07	-0.0185244
8.912024e-07	-0.018146
8.932024e-07	-0.0179224
8.952024e-07	-0.0180944
8.972024e-07	-0.0184212
8.992024e-07	-0.0186104
9.012024e-07	-0.0186104
9.032024e-07	-0.0186964
9.052024e-07	-0.0185932
9.072024e-07	-0.0185588
9.092024e-07	-0.018576
9.112024e-07	-0.0185072
9.132024e-07	-0.018662
9.152024e-07	-0.018748
9.172024e-07	-0.0188856
9.192024e-07	-0.0186964
9.212024e-07	-0.0187308
9.232024e-07	-0.0184728
9.252024e-07	-0.018576
9.272024e-07	-0.01849
9.292024e-07	-0.018576
9.312024e-07	-0.0187824
9.332024e-07	-0.018662
9.352024e-07	-0.018662
9.372024e-07	-0.0190748
9.392024e-07	-0.0192124
9.412024e-07	-0.0191436
9.432024e-07	-0.0192812
9.452024e-07	-0.019264
9.472024e-07	-0.019264
9.492024e-07	-0.0192468
9.512024e-07	-0.0190232
9.532024e-07	-0.0192984
9.552024e-07	-0.0192984
9.572024e-07	-0.0192812
9.592024e-07	-0.0189888
9.612024e-07	-0.0190576
9.632024e-07	-0.0192468
9.652024e-07	-0.0192468
9.672024e-07	-0.0194876
9.692024e-07	-0.0196252
9.712024e-07	-0.0196252
9.732024e-07	-0.0197284
9.752024e-07	-0.019694
9.772024e-07	-0.0197456
9.792024e-07	-0.0193844
9.812024e-07	-0.0194188
9.832024e-07	-0.019178
9.852024e-07	-0.0189888
9.872024e-07	-0.0187308
9.892024e-07	-0.0186448
9.912024e-07	-0.0187308
9.932024e-07	-0.0187308
9.952024e-07	-0.018834
9.972024e-07	-0.0187652
9.992024e-07	-0.0187308
1.001202e-06	-0.01892
1.003202e-06	-0.019178
1.005202e-06	-0.01935
1.007202e-06	-0.019436
1.009202e-06	-0.0195048
1.011202e-06	-0.0197284
1.013202e-06	-0.0195048
1.015202e-06	-0.0194876
1.017202e-06	-0.0194704
1.019202e-06	-0.0193328
1.021202e-06	-0.0193328
1.023202e-06	-0.0190404
1.025202e-06	-0.0190576
1.027202e-06	-0.019264
1.029202e-06	-0.0192984
1.031202e-06	-0.019178
1.033202e-06	-0.019092
1.035202e-06	-0.0191608
1.037202e-06	-0.0191264
1.039202e-06	-0.019092
1.041202e-06	-0.0195048
1.043202e-06	-0.0192984
1.045202e-06	-0.0191092
1.047202e-06	-0.0191608
1.049202e-06	-0.0197628
1.051202e-06	-0.0198488
1.053202e-06	-0.019608
1.055202e-06	-0.0196768
1.057202e-06	-0.0199004
1.059202e-06	-0.0201068
1.061202e-06	-0.0200036
1.063202e-06	-0.019694
1.065202e-06	-0.019608
1.067202e-06	-0.019522
1.069202e-06	-0.0196596
1.071202e-06	-0.019608
1.073202e-06	-0.0195048
1.075202e-06	-0.0192468
1.077202e-06	-0.0192124
1.079202e-06	-0.0190576
1.081202e-06	-0.01892
1.083202e-06	-0.0185244
1.085202e-06	-0.018748
1.087202e-06	-0.01892
1.089202e-06	-0.0189372
1.091202e-06	-0.0187652
1.093202e-06	-0.0187136
1.095202e-06	-0.0185932
1.097202e-06	-0.0185072
1.099202e-06	-0.0183352
1.101202e-06	-0.018318
1.103202e-06	-0.0180428
1.105202e-06	-0.0179052
1.107202e-06	-0.0179224
1.109202e-06	-0.0173376
1.111202e-06	-0.0170108
1.113202e-06	-0.0172516
1.115202e-06	-0.0170452
1.117202e-06	-0.0167872
1.119202e-06	-0.0163228
1.121202e-06	-0.0159788
1.123202e-06	-0.0160476
1.125202e-06	-0.0159272
1.127202e-06	-0.0156864
1.129202e-06	-0.015738
1.131202e-06	-0.0156348
1.133202e-06	-0.015566
1.135202e-06	-0.015394
1.137202e-06	-0.0156692
1.139202e-06	-0.0159444
1.141202e-06	-0.015566
1.143202e-06	-0.0153596
1.145202e-06	-0.0156348
1.147202e-06	-0.015996
1.149202e-06	-0.0162712
1.151202e-06	-0.0163916
1.153202e-06	-0.0166324
1.155202e-06	-0.0167012
1.157202e-06	-0.0169936
1.159202e-06	-0.0174064
1.161202e-06	-0.0174752
1.163202e-06	-0.017286
1.165202e-06	-0.0173204
1.167202e-06	-0.0172
1.169202e-06	-0.0173892
1.171202e-06	-0.0174236
1.173202e-06	-0.0175096
1.175202e-06	-0.0177676
1.177202e-06	-0.0179912
1.179202e-06	-0.017888
1.181202e-06	-0.0181116
1.183202e-06	-0.018232
1.185202e-06	-0.0182664
1.187202e-06	-0.0180256
1.189202e-06	-0.0181116
1.191202e-06	-0.0182664
1.193202e-06	-0.0187996
1.195202e-06	-0.019178
1.197202e-06	-0.0192124
1.199202e-06	-0.0192296
1.201202e-06	-0.0191264
1.203202e-06	-0.0188684
1.205202e-06	-0.0188168
1.207202e-06	-0.0189888
1.209202e-06	-0.0189888
1.211202e-06	-0.0193844
1.213202e-06	-0.0195392
1.215202e-06	-0.0192984
1.217202e-06	-0.0194704
1.219202e-06	-0.0196768
1.221202e-06	-0.0201756
1.223202e-06	-0.020296
1.225202e-06	-0.0205024
1.227202e-06	-0.0204336
1.229202e-06	-0.020554
1.231202e-06	-0.0207088
1.233202e-06	-0.0211732
1.235202e-06	-0.0211044
1.237202e-06	-0.020984
1.239202e-06	-0.0207948
1.241202e-06	-0.0206916
1.243202e-06	-0.0207088
1.245202e-06	-0.0206916
1.247202e-06	-0.0209324
1.249202e-06	-0.0206228
1.251202e-06	-0.0204508
1.253202e-06	-0.0203304
1.255202e-06	-0.020296
1.257202e-06	-0.0203304
1.259202e-06	-0.0201928
1.261202e-06	-0.0200896
1.263202e-06	-0.019952
1.265202e-06	-0.019866
1.267202e-06	-0.0197284
1.269202e-06	-0.0197112
1.271202e-06	-0.0199176
1.273202e-06	-0.019694
1.275202e-06	-0.019436
1.277202e-06	-0.0196252
1.279202e-06	-0.0197628
1.281202e-06	-0.019952
1.283202e-06	-0.0200552
1.285202e-06	-0.0201584
1.287202e-06	-0.0201412
1.289202e-06	-0.020296
1.291202e-06	-0.0200036
1.293202e-06	-0.0199692
1.295202e-06	-0.0199176
1.297202e-06	-0.0199692
1.299202e-06	-0.0198832
1.301202e-06	-0.0201068
1.303202e-06	-0.0201412
1.305202e-06	-0.02021
1.307202e-06	-0.02021
1.309202e-06	-0.0199176
1.311202e-06	-0.019608
1.313202e-06	-0.0199176
1.315202e-06	-0.0196768
1.317202e-06	-0.0193844
1.319202e-06	-0.0194532
1.321202e-06	-0.0196424
1.323202e-06	-0.0197284
1.325202e-06	-0.0198316
1.327202e-06	-0.0198832
1.329202e-06	-0.0197456
1.331202e-06	-0.0199348
1.333202e-06	-0.0197972
1.335202e-06	-0.0199692
1.337202e-06	-0.0199348
1.339202e-06	-0.02021
1.341202e-06	-0.02021
1.343202e-06	-0.0201068
1.345202e-06	-0.0201756
1.347202e-06	-0.020296
1.349202e-06	-0.0206572
1.351202e-06	-0.0208464
1.353202e-06	-0.0208808
1.355202e-06	-0.0211216
1.357202e-06	-0.0211732
1.359202e-06	-0.0212764
1.361202e-06	-0.0215516
1.363202e-06	-0.0215516
1.365202e-06	-0.0213796
1.367202e-06	-0.0211216
1.369202e-06	-0.021242
1.371202e-06	-0.0211044
1.373202e-06	-0.0211732
1.375202e-06	-0.020984
1.377202e-06	-0.0207088
1.379202e-06	-0.0206572
1.381202e-06	-0.02064
1.383202e-06	-0.0208464
1.385202e-06	-0.0205024
1.387202e-06	-0.020296
1.389202e-06	-0.0204164
1.391202e-06	-0.0206572
1.393202e-06	-0.0208292
1.395202e-06	-0.0205196
1.397202e-06	-0.0206228
1.399202e-06	-0.0205024
1.401202e-06	-0.0203992
1.403202e-06	-0.0206916
1.405202e-06	-0.0207604
1.407202e-06	-0.02064
1.409202e-06	-0.0207432
1.411202e-06	-0.0206228
1.413202e-06	-0.0205884
1.415202e-06	-0.0204336
1.417202e-06	-0.020382
1.419202e-06	-0.0204852
1.421202e-06	-0.020468
1.423202e-06	-0.020726
1.425202e-06	-0.0207088
1.427202e-06	-0.0204508
1.429202e-06	-0.0206056
1.431202e-06	-0.0204508
1.433202e-06	-0.0210356
1.435202e-06	-0.0208464
1.437202e-06	-0.0210872
1.439202e-06	-0.0211732
1.441202e-06	-0.0211904
1.443202e-06	-0.0211904
1.445202e-06	-0.0213452
1.447202e-06	-0.0213108
1.449202e-06	-0.0216032
1.451202e-06	-0.0216548
1.453202e-06	-0.0213624
1.455202e-06	-0.0216548
1.457202e-06	-0.0220676
1.459202e-06	-0.021758
1.461202e-06	-0.0219816
1.463202e-06	-0.0223772
1.465202e-06	-0.0224976
1.467202e-06	-0.0223772
1.469202e-06	-0.0223256
1.471202e-06	-0.0222568
1.473202e-06	-0.0223084
1.475202e-06	-0.0222396
1.477202e-06	-0.0223084
1.479202e-06	-0.0224632
1.481202e-06	-0.0222912
1.483202e-06	-0.0222052
1.485202e-06	-0.0220676
1.487202e-06	-0.0223256
1.489202e-06	-0.02236
1.491202e-06	-0.0220504
1.493202e-06	-0.0221536
1.495202e-06	-0.0219816
1.497202e-06	-0.0218784
1.499202e-06	-0.0222052
1.501202e-06	-0.0219816
1.503202e-06	-0.022188
1.505202e-06	-0.0221536
1.507202e-06	-0.0220504
1.509202e-06	-0.0222568
1.511202e-06	-0.0222052
1.513202e-06	-0.0221192
1.515202e-06	-0.0222568
1.517202e-06	-0.0220676
1.519202e-06	-0.0219816
1.521202e-06	-0.021758
1.523202e-06	-0.0218956
1.525202e-06	-0.0218784
1.527202e-06	-0.0220332
1.529202e-06	-0.0219816
1.531202e-06	-0.0219988
1.533202e-06	-0.0219816
1.535202e-06	-0.0218096
1.537202e-06	-0.0217236
1.539202e-06	-0.0215172
1.541202e-06	-0.0216376
1.543202e-06	-0.0218268
1.545202e-06	-0.0221192
1.547202e-06	-0.0220504
1.549202e-06	-0.0223084
1.551202e-06	-0.0223428
1.553202e-06	-0.022274
1.555202e-06	-0.02236
1.557202e-06	-0.0224804
1.559202e-06	-0.0223084
1.561202e-06	-0.0224116
1.563202e-06	-0.0223256
1.565202e-06	-0.0221708
1.567202e-06	-0.02236
1.569202e-06	-0.0226008
1.571202e-06	-0.0225836
1.573202e-06	-0.0229448
1.575202e-06	-0.022704
1.577202e-06	-0.0228932
1.579202e-06	-0.0229964
1.581202e-06	-0.0227556
1.583202e-06	-0.022704
1.585202e-06	-0.0226524
1.587202e-06	-0.0222568
1.589202e-06	-0.022188
1.591202e-06	-0.0221364
1.593202e-06	-0.022102
1.595202e-06	-0.0218096
1.597202e-06	-0.021758
1.599202e-06	-0.0217408
1.601202e-06	-0.0219128
1.603202e-06	-0.0216376
1.605202e-06	-0.0214828
1.607202e-06	-0.021328
1.609202e-06	-0.0210184
1.611202e-06	-0.0206228
1.613202e-06	-0.0203992
1.615202e-06	-0.0201928
1.617202e-06	-0.0201412
1.619202e-06	-0.0200208
1.621202e-06	-0.019952
1.623202e-06	-0.0195908
1.625202e-06	-0.0193328
1.627202e-06	-0.0188512
1.629202e-06	-0.0188684
1.631202e-06	-0.018662
1.633202e-06	-0.0186792
1.635202e-06	-0.0181804
1.637202e-06	-0.018404
1.639202e-06	-0.0183352
1.641202e-06	-0.0181632
1.643202e-06	-0.018232
1.645202e-06	-0.0178536
1.647202e-06	-0.0178536
1.649202e-06	-0.017974
1.651202e-06	-0.0179568
1.653202e-06	-0.0179396
1.655202e-06	-0.0177848
1.657202e-06	-0.017716
1.659202e-06	-0.017458
1.661202e-06	-0.0170796
1.663202e-06	-0.0169248
1.665202e-06	-0.0163572
1.667202e-06	-0.0164088
1.669202e-06	-0.0164948
1.671202e-06	-0.0164432
1.673202e-06	-0.0161336
1.675202e-06	-0.016082
1.677202e-06	-0.0159444
1.679202e-06	-0.0160992
1.681202e-06	-0.0162196
1.683202e-06	-0.01634
1.685202e-06	-0.0163916
1.687202e-06	-0.0165464
1.689202e-06	-0.0167356
1.691202e-06	-0.0167012
1.693202e-06	-0.0166668
1.695202e-06	-0.0165808
1.697202e-06	-0.0166152
1.699202e-06	-0.016426
1.701202e-06	-0.0163916
1.703202e-06	-0.0163228
1.705202e-06	-0.016598
1.707202e-06	-0.0163916
1.709202e-06	-0.0161164
1.711202e-06	-0.0161164
1.713202e-06	-0.016082
1.715202e-06	-0.015996
1.717202e-06	-0.0155144
1.719202e-06	-0.0149812
1.721202e-06	-0.0147576
1.723202e-06	-0.0145856
1.725202e-06	-0.01419
1.727202e-06	-0.014104
1.729202e-06	-0.014018
1.731202e-06	-0.0137256
1.733202e-06	-0.01376
1.735202e-06	-0.0135192
1.737202e-06	-0.0133128
1.739202e-06	-0.0132096
1.741202e-06	-0.0130548
1.743202e-06	-0.0126764
1.745202e-06	-0.012814
1.747202e-06	-0.012814
1.749202e-06	-0.0127452
1.751202e-06	-0.0130032
1.753202e-06	-0.0127624
1.755202e-06	-0.0122292
1.757202e-06	-0.0119196
1.759202e-06	-0.011524
1.761202e-06	-0.0115412
1.763202e-06	-0.0112832
1.765202e-06	-0.011266
1.767202e-06	-0.0114036
1.769202e-06	-0.0114724
1.771202e-06	-0.011438
1.773202e-06	-0.0115584
1.775202e-06	-0.0116616
1.777202e-06	-0.0119368
1.779202e-06	-0.0120228
1.781202e-06	-0.0120916
1.783202e-06	-0.0121604
1.785202e-06	-0.0123152
1.787202e-06	-0.0126592
1.789202e-06	-0.0129688
1.791202e-06	-0.0129344
1.793202e-06	-0.013072
1.795202e-06	-0.013072
1.797202e-06	-0.0133128
1.799202e-06	-0.0133988
1.801202e-06	-0.0133816
1.803202e-06	-0.0135192
1.805202e-06	-0.0136568
1.807202e-06	-0.0138632
1.809202e-06	-0.0141556
1.811202e-06	-0.014276
1.813202e-06	-0.0144136
1.815202e-06	-0.0149296
1.817202e-06	-0.0153252
1.819202e-06	-0.01548
1.821202e-06	-0.0155316
1.823202e-06	-0.01591
1.825202e-06	-0.0160476
1.827202e-06	-0.0162196
1.829202e-06	-0.01634
1.831202e-06	-0.0167012
1.833202e-06	-0.0168388
1.835202e-06	-0.0171312
1.837202e-06	-0.0174236
1.839202e-06	-0.017544
1.841202e-06	-0.0178364
1.843202e-06	-0.0180084
1.845202e-06	-0.0180428
1.847202e-06	-0.017802
1.849202e-06	-0.0178536
1.851202e-06	-0.0181116
1.853202e-06	-0.0182664
1.855202e-06	-0.0181976
1.857202e-06	-0.0183524
1.859202e-06	-0.0183696
1.861202e-06	-0.0188168
1.863202e-06	-0.0187652
1.865202e-06	-0.0190404
1.867202e-06	-0.0186792
1.869202e-06	-0.0184556
1.871202e-06	-0.0183524
1.873202e-06	-0.0183524
1.875202e-06	-0.0181976
1.877202e-06	-0.0180944
1.879202e-06	-0.0183008
1.881202e-06	-0.0185588
1.883202e-06	-0.018576
1.885202e-06	-0.0185588
1.887202e-06	-0.0184212
1.889202e-06	-0.0184212
1.891202e-06	-0.0182148
1.893202e-06	-0.0184384
1.895202e-06	-0.0184384
1.897202e-06	-0.018404
1.899202e-06	-0.0187136
1.901202e-06	-0.0188684
1.903202e-06	-0.0189028
1.905202e-06	-0.01935
1.907202e-06	-0.019436
1.909202e-06	-0.0192296
1.911202e-06	-0.0191264
1.913202e-06	-0.0191264
1.915202e-06	-0.0192296
1.917202e-06	-0.0191952
1.919202e-06	-0.0190232
1.921202e-06	-0.0191092
1.923202e-06	-0.0193672
1.925202e-06	-0.0194532
1.927202e-06	-0.019608
1.929202e-06	-0.0197284
1.931202e-06	-0.019952
1.933202e-06	-0.0198144
1.935202e-06	-0.0199004
1.937202e-06	-0.0200724
1.939202e-06	-0.0200724
1.941202e-06	-0.0200724
1.943202e-06	-0.0199692
1.945202e-06	-0.0199348
1.947202e-06	-0.0200896
1.949202e-06	-0.0200036
1.951202e-06	-0.0198832
1.953202e-06	-0.01978
1.955202e-06	-0.0199692
1.957202e-06	-0.0197972
1.959202e-06	-0.019694
1.961202e-06	-0.019694
1.963202e-06	-0.0196768
1.965202e-06	-0.019608
1.967202e-06	-0.0199004
1.969202e-06	-0.0201928
1.971202e-06	-0.0199176
1.973202e-06	-0.0201412
1.975202e-06	-0.0202616
1.977202e-06	-0.0207604
1.979202e-06	-0.020812
1.981202e-06	-0.0209496
1.983202e-06	-0.0209668
1.985202e-06	-0.0210356
1.987202e-06	-0.0210872
1.989202e-06	-0.02107
1.991202e-06	-0.0207776
1.993202e-06	-0.0208292
1.995202e-06	-0.0211044
1.997202e-06	-0.021156
1.999202e-06	-0.0212248
2.001202e-06	-0.0215172
2.003202e-06	-0.0215344
2.005202e-06	-0.0216548
2.007202e-06	-0.0216204
2.009202e-06	-0.0219128
2.011202e-06	-0.0218096
2.013202e-06	-0.0219472
2.015202e-06	-0.0218268
2.017202e-06	-0.0214312
2.019202e-06	-0.0213452
2.021202e-06	-0.0211904
2.023202e-06	-0.0211044
2.025202e-06	-0.0212076
2.027202e-06	-0.0210872
2.029202e-06	-0.0210184
2.031202e-06	-0.0209152
2.033202e-06	-0.020984
2.035202e-06	-0.0208292
2.037202e-06	-0.0204852
2.039202e-06	-0.0204336
2.041202e-06	-0.0202616
2.043202e-06	-0.0201756
2.045202e-06	-0.0202616
2.047202e-06	-0.0202788
2.049202e-06	-0.0204164
2.051202e-06	-0.020554
2.053202e-06	-0.0207948
2.055202e-06	-0.0211388
2.057202e-06	-0.0211044
2.059202e-06	-0.0211904
2.061202e-06	-0.021242
2.063202e-06	-0.0210012
2.065202e-06	-0.0211388
2.067202e-06	-0.0212936
2.069202e-06	-0.0212936
2.071202e-06	-0.0212248
2.073202e-06	-0.0211732
2.075202e-06	-0.0210184
2.077202e-06	-0.0207432
2.079202e-06	-0.0210012
2.081202e-06	-0.0208808
2.083202e-06	-0.020898
2.085202e-06	-0.0208808
2.087202e-06	-0.0211732
2.089202e-06	-0.0215172
2.091202e-06	-0.021672
2.093202e-06	-0.0216204
2.095202e-06	-0.0215516
2.097202e-06	-0.0216548
2.099202e-06	-0.0214828
2.101202e-06	-0.0209496
2.103202e-06	-0.0208808
2.105202e-06	-0.0208808
2.107202e-06	-0.0208464
2.109202e-06	-0.0206916
2.111202e-06	-0.0203992
2.113202e-06	-0.0203648
2.115202e-06	-0.0204164
2.117202e-06	-0.0205196
2.119202e-06	-0.0203304
2.121202e-06	-0.0204508
2.123202e-06	-0.020382
2.125202e-06	-0.0199176
2.127202e-06	-0.0197456
2.129202e-06	-0.01978
2.131202e-06	-0.01978
2.133202e-06	-0.0197628
2.135202e-06	-0.0197628
2.137202e-06	-0.0194704
2.139202e-06	-0.0190748
2.141202e-06	-0.0187136
2.143202e-06	-0.0185932
2.145202e-06	-0.0186448
2.147202e-06	-0.0181288
2.149202e-06	-0.018318
2.151202e-06	-0.018232
2.153202e-06	-0.0183008
2.155202e-06	-0.0182492
2.157202e-06	-0.0180944
2.159202e-06	-0.0181804
2.161202e-06	-0.0180772
2.163202e-06	-0.0183008
2.165202e-06	-0.0184384
2.167202e-06	-0.0185932
2.169202e-06	-0.0185416
2.171202e-06	-0.018662
2.173202e-06	-0.0186104
2.175202e-06	-0.0185072
2.177202e-06	-0.0187824
2.179202e-06	-0.0187996
2.181202e-06	-0.0187996
2.183202e-06	-0.0185932
2.185202e-06	-0.0189372
2.187202e-06	-0.01892
2.189202e-06	-0.0188168
2.191202e-06	-0.01892
2.193202e-06	-0.01892
2.195202e-06	-0.0189544
2.197202e-06	-0.0188856
2.199202e-06	-0.018748
2.201202e-06	-0.019006
2.203202e-06	-0.0192124
2.205202e-06	-0.019522
2.207202e-06	-0.0197112
2.209202e-06	-0.0196596
2.211202e-06	-0.019866
2.213202e-06	-0.0197112
2.215202e-06	-0.0197628
2.217202e-06	-0.01935
2.219202e-06	-0.0196252
2.221202e-06	-0.0198144
2.223202e-06	-0.0199348
2.225202e-06	-0.020124
2.227202e-06	-0.0202444
2.229202e-06	-0.0200896
2.231202e-06	-0.0201412
2.233202e-06	-0.0201584
2.235202e-06	-0.0201584
2.237202e-06	-0.0199004
2.239202e-06	-0.0196252
2.241202e-06	-0.0196252
2.243202e-06	-0.0197112
2.245202e-06	-0.0197628
2.247202e-06	-0.0198144
2.249202e-06	-0.019694
2.251202e-06	-0.0193672
2.253202e-06	-0.019006
2.255202e-06	-0.0187824
2.257202e-06	-0.0186964
2.259202e-06	-0.0186792
2.261202e-06	-0.0182148
2.263202e-06	-0.0178708
2.265202e-06	-0.0176816
2.267202e-06	-0.0172688
2.269202e-06	-0.0170796
2.271202e-06	-0.0171656
2.273202e-06	-0.0171656
2.275202e-06	-0.0172344
2.277202e-06	-0.0172172
2.279202e-06	-0.0171656
2.281202e-06	-0.0172344
2.283202e-06	-0.0170624
2.285202e-06	-0.0169764
2.287202e-06	-0.0172688
2.289202e-06	-0.0173548
2.291202e-06	-0.0174752
2.293202e-06	-0.0177332
2.295202e-06	-0.0176816
2.297202e-06	-0.0180256
2.299202e-06	-0.0179568
2.301202e-06	-0.0182664
2.303202e-06	-0.0184728
2.305202e-06	-0.0187308
2.307202e-06	-0.0187652
2.309202e-06	-0.0187824
2.311202e-06	-0.018748
2.313202e-06	-0.0188512
2.315202e-06	-0.0188512
2.317202e-06	-0.01892
2.319202e-06	-0.0187136
2.321202e-06	-0.0186448
2.323202e-06	-0.0186276
2.325202e-06	-0.0186964
2.327202e-06	-0.0187652
2.329202e-06	-0.0187824
2.331202e-06	-0.0184212
2.333202e-06	-0.018146
2.335202e-06	-0.017888
2.337202e-06	-0.0178364
2.339202e-06	-0.0175784
2.341202e-06	-0.0174924
2.343202e-06	-0.0177504
2.345202e-06	-0.0179396
2.347202e-06	-0.0177848
2.349202e-06	-0.0175612
2.351202e-06	-0.017286
2.353202e-06	-0.0174064
2.355202e-06	-0.0170968
2.357202e-06	-0.0172344
2.359202e-06	-0.0171656
2.361202e-06	-0.0169248
2.363202e-06	-0.0168044
2.365202e-06	-0.0164432
2.367202e-06	-0.0160992
2.369202e-06	-0.015996
2.371202e-06	-0.0158928
2.373202e-06	-0.0158756
2.375202e-06	-0.0159444
2.377202e-06	-0.0158068
2.379202e-06	-0.0156864
2.381202e-06	-0.0156348
2.383202e-06	-0.0155488
2.385202e-06	-0.0157036
2.387202e-06	-0.0158412
2.389202e-06	-0.0158068
2.391202e-06	-0.0158584
2.393202e-06	-0.015824
2.395202e-06	-0.0159272
2.397202e-06	-0.0159788
2.399202e-06	-0.0160992
2.401202e-06	-0.0161508
2.403202e-06	-0.0163744
2.405202e-06	-0.0163572
2.407202e-06	-0.016598
2.409202e-06	-0.0167356
2.411202e-06	-0.0166668
2.413202e-06	-0.0167012
2.415202e-06	-0.0164776
2.417202e-06	-0.0167356
2.419202e-06	-0.016942
2.421202e-06	-0.016942
2.423202e-06	-0.0170108
2.425202e-06	-0.0170624
2.427202e-06	-0.0170796
2.429202e-06	-0.0170796
2.431202e-06	-0.017286
2.433202e-06	-0.0172516
2.435202e-06	-0.0172
2.437202e-06	-0.0169764
2.439202e-06	-0.0167356
2.441202e-06	-0.0167356
2.443202e-06	-0.0167012
2.445202e-06	-0.0167184
2.447202e-06	-0.0165636
2.449202e-06	-0.0168732
2.451202e-06	-0.0167356
2.453202e-06	-0.0169592
2.455202e-06	-0.0168216
2.457202e-06	-0.0167184
2.459202e-06	-0.0167356
2.461202e-06	-0.0166668
2.463202e-06	-0.0166324
2.465202e-06	-0.0166324
2.467202e-06	-0.0168216
2.469202e-06	-0.0173204
2.471202e-06	-0.0172
2.473202e-06	-0.0176128
2.475202e-06	-0.0174752
2.477202e-06	-0.017544
2.479202e-06	-0.0174064
2.481202e-06	-0.0175784
2.483202e-06	-0.0177504
2.485202e-06	-0.0176472
2.487202e-06	-0.0177504
2.489202e-06	-0.0182664
2.491202e-06	-0.018318
2.493202e-06	-0.0182148
2.495202e-06	-0.0178708
2.497202e-06	-0.0174408
2.499202e-06	-0.017286
2.501202e-06	-0.0175956
