LECROYHDO6104A	50809	Waveform
Segments	1	SegmentSize	2502
Segment	TrigTime	TimeSinceSegment1
#1	19-Dec-2022 19:45:35	0                 
Time	Ampl
-2.501629e-06	-0.01855
-2.499629e-06	-0.018364
-2.497629e-06	-0.018798
-2.495629e-06	-0.01855
-2.493629e-06	-0.018736
-2.491629e-06	-0.018426
-2.489629e-06	-0.018736
-2.487629e-06	-0.018798
-2.485629e-06	-0.019294
-2.483629e-06	-0.019046
-2.481629e-06	-0.01917
-2.479629e-06	-0.019232
-2.477629e-06	-0.019418
-2.475629e-06	-0.019542
-2.473629e-06	-0.019666
-2.471629e-06	-0.019728
-2.469629e-06	-0.019542
-2.467629e-06	-0.019542
-2.465629e-06	-0.019728
-2.463629e-06	-0.019542
-2.461629e-06	-0.01979
-2.459629e-06	-0.019542
-2.457629e-06	-0.020224
-2.455629e-06	-0.02041
-2.453629e-06	-0.019976
-2.451629e-06	-0.019976
-2.449629e-06	-0.019852
-2.447629e-06	-0.019604
-2.445629e-06	-0.019852
-2.443629e-06	-0.019604
-2.441629e-06	-0.019728
-2.439629e-06	-0.01917
-2.437629e-06	-0.019108
-2.435629e-06	-0.019046
-2.433629e-06	-0.01917
-2.431629e-06	-0.018922
-2.429629e-06	-0.018798
-2.427629e-06	-0.018798
-2.425629e-06	-0.019046
-2.423629e-06	-0.018612
-2.421629e-06	-0.018984
-2.419629e-06	-0.018612
-2.417629e-06	-0.018798
-2.415629e-06	-0.018922
-2.413629e-06	-0.018922
-2.411629e-06	-0.018674
-2.409629e-06	-0.018364
-2.407629e-06	-0.018054
-2.405629e-06	-0.017868
-2.403629e-06	-0.017372
-2.401629e-06	-0.01762
-2.399629e-06	-0.018054
-2.397629e-06	-0.017558
-2.395629e-06	-0.017558
-2.393629e-06	-0.017186
-2.391629e-06	-0.017124
-2.389629e-06	-0.017062
-2.387629e-06	-0.016752
-2.385629e-06	-0.016938
-2.383629e-06	-0.017124
-2.381629e-06	-0.017062
-2.379629e-06	-0.01669
-2.377629e-06	-0.017186
-2.375629e-06	-0.017062
-2.373629e-06	-0.017434
-2.371629e-06	-0.01762
-2.369629e-06	-0.017372
-2.367629e-06	-0.017434
-2.365629e-06	-0.017806
-2.363629e-06	-0.017434
-2.361629e-06	-0.017496
-2.359629e-06	-0.017558
-2.357629e-06	-0.017806
-2.355629e-06	-0.017806
-2.353629e-06	-0.01762
-2.351629e-06	-0.017682
-2.349629e-06	-0.017558
-2.347629e-06	-0.017868
-2.345629e-06	-0.01793
-2.343629e-06	-0.018178
-2.341629e-06	-0.018612
-2.339629e-06	-0.01793
-2.337629e-06	-0.01824
-2.335629e-06	-0.018488
-2.333629e-06	-0.018984
-2.331629e-06	-0.018612
-2.329629e-06	-0.01917
-2.327629e-06	-0.019046
-2.325629e-06	-0.019108
-2.323629e-06	-0.01917
-2.321629e-06	-0.019046
-2.319629e-06	-0.019232
-2.317629e-06	-0.019108
-2.315629e-06	-0.018984
-2.313629e-06	-0.019418
-2.311629e-06	-0.019418
-2.309629e-06	-0.019356
-2.307629e-06	-0.018922
-2.305629e-06	-0.019542
-2.303629e-06	-0.019604
-2.301629e-06	-0.0201
-2.299629e-06	-0.0201
-2.297629e-06	-0.020472
-2.295629e-06	-0.0201
-2.293629e-06	-0.020224
-2.291629e-06	-0.020162
-2.289629e-06	-0.020224
-2.287629e-06	-0.020472
-2.285629e-06	-0.02072
-2.283629e-06	-0.01979
-2.281629e-06	-0.020348
-2.279629e-06	-0.019976
-2.277629e-06	-0.020038
-2.275629e-06	-0.019418
-2.273629e-06	-0.019852
-2.271629e-06	-0.020162
-2.269629e-06	-0.020286
-2.267629e-06	-0.0201
-2.265629e-06	-0.02041
-2.263629e-06	-0.020472
-2.261629e-06	-0.020658
-2.259629e-06	-0.020224
-2.257629e-06	-0.020162
-2.255629e-06	-0.019976
-2.253629e-06	-0.020286
-2.251629e-06	-0.020162
-2.249629e-06	-0.02041
-2.247629e-06	-0.020286
-2.245629e-06	-0.020348
-2.243629e-06	-0.019914
-2.241629e-06	-0.020596
-2.239629e-06	-0.021154
-2.237629e-06	-0.02072
-2.235629e-06	-0.020038
-2.233629e-06	-0.019852
-2.231629e-06	-0.019852
-2.229629e-06	-0.020224
-2.227629e-06	-0.019976
-2.225629e-06	-0.019976
-2.223629e-06	-0.020038
-2.221629e-06	-0.020038
-2.219629e-06	-0.020472
-2.217629e-06	-0.020472
-2.215629e-06	-0.020286
-2.213629e-06	-0.020286
-2.211629e-06	-0.019976
-2.209629e-06	-0.020162
-2.207629e-06	-0.019976
-2.205629e-06	-0.019914
-2.203629e-06	-0.019666
-2.201629e-06	-0.019542
-2.199629e-06	-0.01948
-2.197629e-06	-0.019542
-2.195629e-06	-0.019108
-2.193629e-06	-0.019728
-2.191629e-06	-0.019728
-2.189629e-06	-0.020038
-2.187629e-06	-0.019728
-2.185629e-06	-0.020472
-2.183629e-06	-0.020224
-2.181629e-06	-0.020286
-2.179629e-06	-0.020162
-2.177629e-06	-0.0201
-2.175629e-06	-0.020038
-2.173629e-06	-0.020348
-2.171629e-06	-0.01979
-2.169629e-06	-0.019914
-2.167629e-06	-0.019914
-2.165629e-06	-0.020162
-2.163629e-06	-0.019852
-2.161629e-06	-0.0201
-2.159629e-06	-0.019976
-2.157629e-06	-0.020596
-2.155629e-06	-0.020348
-2.153629e-06	-0.02041
-2.151629e-06	-0.020782
-2.149629e-06	-0.020968
-2.147629e-06	-0.02072
-2.145629e-06	-0.021092
-2.143629e-06	-0.02103
-2.141629e-06	-0.02103
-2.139629e-06	-0.021216
-2.137629e-06	-0.021092
-2.135629e-06	-0.02103
-2.133629e-06	-0.020968
-2.131629e-06	-0.020906
-2.129629e-06	-0.02165
-2.127629e-06	-0.022146
-2.125629e-06	-0.022394
-2.123629e-06	-0.022456
-2.121629e-06	-0.022456
-2.119629e-06	-0.022332
-2.117629e-06	-0.022394
-2.115629e-06	-0.022642
-2.113629e-06	-0.02258
-2.111629e-06	-0.022642
-2.109629e-06	-0.023014
-2.107629e-06	-0.022828
-2.105629e-06	-0.023014
-2.103629e-06	-0.022952
-2.101629e-06	-0.0232
-2.099629e-06	-0.02289
-2.097629e-06	-0.022704
-2.095629e-06	-0.022518
-2.093629e-06	-0.022952
-2.091629e-06	-0.022456
-2.089629e-06	-0.02289
-2.087629e-06	-0.022394
-2.085629e-06	-0.02227
-2.083629e-06	-0.022022
-2.081629e-06	-0.022208
-2.079629e-06	-0.022146
-2.077629e-06	-0.022084
-2.075629e-06	-0.021898
-2.073629e-06	-0.022394
-2.071629e-06	-0.022456
-2.069629e-06	-0.022332
-2.067629e-06	-0.022208
-2.065629e-06	-0.022394
-2.063629e-06	-0.022456
-2.061629e-06	-0.022766
-2.059629e-06	-0.022828
-2.057629e-06	-0.023014
-2.055629e-06	-0.022952
-2.053629e-06	-0.0232
-2.051629e-06	-0.022828
-2.049629e-06	-0.02289
-2.047629e-06	-0.022766
-2.045629e-06	-0.022642
-2.043629e-06	-0.022394
-2.041629e-06	-0.022332
-2.039629e-06	-0.022084
-2.037629e-06	-0.021712
-2.035629e-06	-0.02134
-2.033629e-06	-0.021464
-2.031629e-06	-0.02103
-2.029629e-06	-0.021216
-2.027629e-06	-0.020472
-2.025629e-06	-0.019976
-2.023629e-06	-0.019604
-2.021629e-06	-0.019232
-2.019629e-06	-0.01886
-2.017629e-06	-0.018798
-2.015629e-06	-0.018302
-2.013629e-06	-0.018364
-2.011629e-06	-0.018054
-2.009629e-06	-0.018364
-2.007629e-06	-0.018178
-2.005629e-06	-0.018178
-2.003629e-06	-0.017744
-2.001629e-06	-0.018116
-1.999629e-06	-0.018178
-1.997629e-06	-0.018364
-1.995629e-06	-0.018426
-1.993629e-06	-0.01855
-1.991629e-06	-0.018612
-1.989629e-06	-0.018674
-1.987629e-06	-0.018736
-1.985629e-06	-0.018922
-1.983629e-06	-0.018984
-1.981629e-06	-0.01855
-1.979629e-06	-0.01824
-1.977629e-06	-0.018302
-1.975629e-06	-0.018302
-1.973629e-06	-0.018364
-1.971629e-06	-0.018488
-1.969629e-06	-0.018984
-1.967629e-06	-0.01917
-1.965629e-06	-0.019232
-1.963629e-06	-0.018984
-1.961629e-06	-0.019418
-1.959629e-06	-0.019542
-1.957629e-06	-0.019914
-1.955629e-06	-0.01948
-1.953629e-06	-0.01948
-1.951629e-06	-0.01917
-1.949629e-06	-0.018674
-1.947629e-06	-0.018426
-1.945629e-06	-0.01824
-1.943629e-06	-0.017806
-1.941629e-06	-0.01824
-1.939629e-06	-0.01793
-1.937629e-06	-0.017868
-1.935629e-06	-0.017868
-1.933629e-06	-0.018178
-1.931629e-06	-0.018178
-1.929629e-06	-0.01824
-1.927629e-06	-0.01855
-1.925629e-06	-0.01855
-1.923629e-06	-0.018426
-1.921629e-06	-0.01855
-1.919629e-06	-0.01855
-1.917629e-06	-0.018612
-1.915629e-06	-0.018674
-1.913629e-06	-0.018736
-1.911629e-06	-0.018922
-1.909629e-06	-0.018984
-1.907629e-06	-0.018426
-1.905629e-06	-0.018984
-1.903629e-06	-0.018798
-1.901629e-06	-0.01886
-1.899629e-06	-0.018922
-1.897629e-06	-0.018984
-1.895629e-06	-0.01886
-1.893629e-06	-0.019046
-1.891629e-06	-0.018612
-1.889629e-06	-0.019232
-1.887629e-06	-0.019294
-1.885629e-06	-0.01948
-1.883629e-06	-0.019356
-1.881629e-06	-0.01979
-1.879629e-06	-0.019914
-1.877629e-06	-0.0201
-1.875629e-06	-0.01979
-1.873629e-06	-0.01979
-1.871629e-06	-0.01979
-1.869629e-06	-0.019976
-1.867629e-06	-0.01979
-1.865629e-06	-0.020162
-1.863629e-06	-0.0201
-1.861629e-06	-0.020348
-1.859629e-06	-0.020472
-1.857629e-06	-0.02072
-1.855629e-06	-0.020596
-1.853629e-06	-0.020782
-1.851629e-06	-0.020534
-1.849629e-06	-0.021092
-1.847629e-06	-0.021092
-1.845629e-06	-0.020968
-1.843629e-06	-0.020844
-1.841629e-06	-0.02134
-1.839629e-06	-0.021464
-1.837629e-06	-0.021278
-1.835629e-06	-0.020906
-1.833629e-06	-0.021402
-1.831629e-06	-0.021402
-1.829629e-06	-0.021712
-1.827629e-06	-0.021526
-1.825629e-06	-0.021402
-1.823629e-06	-0.021526
-1.821629e-06	-0.021402
-1.819629e-06	-0.021464
-1.817629e-06	-0.021216
-1.815629e-06	-0.020968
-1.813629e-06	-0.021092
-1.811629e-06	-0.020906
-1.809629e-06	-0.020658
-1.807629e-06	-0.020534
-1.805629e-06	-0.020596
-1.803629e-06	-0.020348
-1.801629e-06	-0.020472
-1.799629e-06	-0.020162
-1.797629e-06	-0.020534
-1.795629e-06	-0.01979
-1.793629e-06	-0.019852
-1.791629e-06	-0.01917
-1.789629e-06	-0.019108
-1.787629e-06	-0.01917
-1.785629e-06	-0.019418
-1.783629e-06	-0.01917
-1.781629e-06	-0.018798
-1.779629e-06	-0.018674
-1.777629e-06	-0.018674
-1.775629e-06	-0.01855
-1.773629e-06	-0.018426
-1.771629e-06	-0.018426
-1.769629e-06	-0.01855
-1.767629e-06	-0.018364
-1.765629e-06	-0.018426
-1.763629e-06	-0.018054
-1.761629e-06	-0.018612
-1.759629e-06	-0.01855
-1.757629e-06	-0.018736
-1.755629e-06	-0.01855
-1.753629e-06	-0.018426
-1.751629e-06	-0.019046
-1.749629e-06	-0.019356
-1.747629e-06	-0.018798
-1.745629e-06	-0.01948
-1.743629e-06	-0.019356
-1.741629e-06	-0.019356
-1.739629e-06	-0.019232
-1.737629e-06	-0.019418
-1.735629e-06	-0.019418
-1.733629e-06	-0.019356
-1.731629e-06	-0.018984
-1.729629e-06	-0.019108
-1.727629e-06	-0.01855
-1.725629e-06	-0.018116
-1.723629e-06	-0.017744
-1.721629e-06	-0.017496
-1.719629e-06	-0.017372
-1.717629e-06	-0.017062
-1.715629e-06	-0.016752
-1.713629e-06	-0.01638
-1.711629e-06	-0.01669
-1.709629e-06	-0.016132
-1.707629e-06	-0.016132
-1.705629e-06	-0.016008
-1.703629e-06	-0.015946
-1.701629e-06	-0.016008
-1.699629e-06	-0.016132
-1.697629e-06	-0.01607
-1.695629e-06	-0.016566
-1.693629e-06	-0.01669
-1.691629e-06	-0.016566
-1.689629e-06	-0.016566
-1.687629e-06	-0.016628
-1.685629e-06	-0.016566
-1.683629e-06	-0.016194
-1.681629e-06	-0.016194
-1.679629e-06	-0.016566
-1.677629e-06	-0.016876
-1.675629e-06	-0.01638
-1.673629e-06	-0.016628
-1.671629e-06	-0.017248
-1.669629e-06	-0.017434
-1.667629e-06	-0.016752
-1.665629e-06	-0.016814
-1.663629e-06	-0.016442
-1.661629e-06	-0.016504
-1.659629e-06	-0.016504
-1.657629e-06	-0.016256
-1.655629e-06	-0.016008
-1.653629e-06	-0.016194
-1.651629e-06	-0.01576
-1.649629e-06	-0.01545
-1.647629e-06	-0.015264
-1.645629e-06	-0.015388
-1.643629e-06	-0.01514
-1.641629e-06	-0.015264
-1.639629e-06	-0.015326
-1.637629e-06	-0.015512
-1.635629e-06	-0.015574
-1.633629e-06	-0.015636
-1.631629e-06	-0.016008
-1.629629e-06	-0.016194
-1.627629e-06	-0.01576
-1.625629e-06	-0.01576
-1.623629e-06	-0.015884
-1.621629e-06	-0.016318
-1.619629e-06	-0.01576
-1.617629e-06	-0.015698
-1.615629e-06	-0.015822
-1.613629e-06	-0.015698
-1.611629e-06	-0.015636
-1.609629e-06	-0.015884
-1.607629e-06	-0.016008
-1.605629e-06	-0.016008
-1.603629e-06	-0.01638
-1.601629e-06	-0.016566
-1.599629e-06	-0.016504
-1.597629e-06	-0.016256
-1.595629e-06	-0.01576
-1.593629e-06	-0.016132
-1.591629e-06	-0.016194
-1.589629e-06	-0.016566
-1.587629e-06	-0.01576
-1.585629e-06	-0.015884
-1.583629e-06	-0.016256
-1.581629e-06	-0.016442
-1.579629e-06	-0.015822
-1.577629e-06	-0.015822
-1.575629e-06	-0.01576
-1.573629e-06	-0.01607
-1.571629e-06	-0.015946
-1.569629e-06	-0.015884
-1.567629e-06	-0.015698
-1.565629e-06	-0.015698
-1.563629e-06	-0.015078
-1.561629e-06	-0.014954
-1.559629e-06	-0.014768
-1.557629e-06	-0.01514
-1.555629e-06	-0.014892
-1.553629e-06	-0.015202
-1.551629e-06	-0.015016
-1.549629e-06	-0.015326
-1.547629e-06	-0.014892
-1.545629e-06	-0.015078
-1.543629e-06	-0.01483
-1.541629e-06	-0.01483
-1.539629e-06	-0.015078
-1.537629e-06	-0.015202
-1.535629e-06	-0.015512
-1.533629e-06	-0.015574
-1.531629e-06	-0.015574
-1.529629e-06	-0.015822
-1.527629e-06	-0.01638
-1.525629e-06	-0.016504
-1.523629e-06	-0.01638
-1.521629e-06	-0.016504
-1.519629e-06	-0.017248
-1.517629e-06	-0.017434
-1.515629e-06	-0.01731
-1.513629e-06	-0.017682
-1.511629e-06	-0.017682
-1.509629e-06	-0.017558
-1.507629e-06	-0.01762
-1.505629e-06	-0.017992
-1.503629e-06	-0.017806
-1.501629e-06	-0.018054
-1.499629e-06	-0.01824
-1.497629e-06	-0.01886
-1.495629e-06	-0.018426
-1.493629e-06	-0.018798
-1.491629e-06	-0.018736
-1.489629e-06	-0.019108
-1.487629e-06	-0.019108
-1.485629e-06	-0.01948
-1.483629e-06	-0.01917
-1.481629e-06	-0.019728
-1.479629e-06	-0.020038
-1.477629e-06	-0.020658
-1.475629e-06	-0.020348
-1.473629e-06	-0.020596
-1.471629e-06	-0.02041
-1.469629e-06	-0.020162
-1.467629e-06	-0.020348
-1.465629e-06	-0.020534
-1.463629e-06	-0.020968
-1.461629e-06	-0.021216
-1.459629e-06	-0.021092
-1.457629e-06	-0.021092
-1.455629e-06	-0.02103
-1.453629e-06	-0.020844
-1.451629e-06	-0.020472
-1.449629e-06	-0.020472
-1.447629e-06	-0.020658
-1.445629e-06	-0.020348
-1.443629e-06	-0.019914
-1.441629e-06	-0.020038
-1.439629e-06	-0.019914
-1.437629e-06	-0.01979
-1.435629e-06	-0.019604
-1.433629e-06	-0.020162
-1.431629e-06	-0.019852
-1.429629e-06	-0.020596
-1.427629e-06	-0.0201
-1.425629e-06	-0.019976
-1.423629e-06	-0.019976
-1.421629e-06	-0.019976
-1.419629e-06	-0.01979
-1.417629e-06	-0.020162
-1.415629e-06	-0.019976
-1.413629e-06	-0.0201
-1.411629e-06	-0.019976
-1.409629e-06	-0.020348
-1.407629e-06	-0.020658
-1.405629e-06	-0.020844
-1.403629e-06	-0.020596
-1.401629e-06	-0.020906
-1.399629e-06	-0.02103
-1.397629e-06	-0.020906
-1.395629e-06	-0.020844
-1.393629e-06	-0.02134
-1.391629e-06	-0.021154
-1.389629e-06	-0.021588
-1.387629e-06	-0.020844
-1.385629e-06	-0.021278
-1.383629e-06	-0.021464
-1.381629e-06	-0.021154
-1.379629e-06	-0.020906
-1.377629e-06	-0.021278
-1.375629e-06	-0.02134
-1.373629e-06	-0.020968
-1.371629e-06	-0.020348
-1.369629e-06	-0.020658
-1.367629e-06	-0.020286
-1.365629e-06	-0.02041
-1.363629e-06	-0.019852
-1.361629e-06	-0.020286
-1.359629e-06	-0.019852
-1.357629e-06	-0.019914
-1.355629e-06	-0.019604
-1.353629e-06	-0.019542
-1.351629e-06	-0.019542
-1.349629e-06	-0.019542
-1.347629e-06	-0.01917
-1.345629e-06	-0.019232
-1.343629e-06	-0.018984
-1.341629e-06	-0.018612
-1.339629e-06	-0.01855
-1.337629e-06	-0.018674
-1.335629e-06	-0.01855
-1.333629e-06	-0.018364
-1.331629e-06	-0.01824
-1.329629e-06	-0.01824
-1.327629e-06	-0.018116
-1.325629e-06	-0.018178
-1.323629e-06	-0.017806
-1.321629e-06	-0.018488
-1.319629e-06	-0.017992
-1.317629e-06	-0.018054
-1.315629e-06	-0.017496
-1.313629e-06	-0.01762
-1.311629e-06	-0.017868
-1.309629e-06	-0.017558
-1.307629e-06	-0.017434
-1.305629e-06	-0.017806
-1.303629e-06	-0.01824
-1.301629e-06	-0.018488
-1.299629e-06	-0.018426
-1.297629e-06	-0.018612
-1.295629e-06	-0.01855
-1.293629e-06	-0.018984
-1.291629e-06	-0.018798
-1.289629e-06	-0.018922
-1.287629e-06	-0.018798
-1.285629e-06	-0.018922
-1.283629e-06	-0.018674
-1.281629e-06	-0.019108
-1.279629e-06	-0.018674
-1.277629e-06	-0.01886
-1.275629e-06	-0.018736
-1.273629e-06	-0.019108
-1.271629e-06	-0.018674
-1.269629e-06	-0.018984
-1.267629e-06	-0.019046
-1.265629e-06	-0.01917
-1.263629e-06	-0.01886
-1.261629e-06	-0.018488
-1.259629e-06	-0.01824
-1.257629e-06	-0.018426
-1.255629e-06	-0.018736
-1.253629e-06	-0.01855
-1.251629e-06	-0.018426
-1.249629e-06	-0.018798
-1.247629e-06	-0.018798
-1.245629e-06	-0.018674
-1.243629e-06	-0.018674
-1.241629e-06	-0.01886
-1.239629e-06	-0.018922
-1.237629e-06	-0.018984
-1.235629e-06	-0.01855
-1.233629e-06	-0.018488
-1.231629e-06	-0.018364
-1.229629e-06	-0.018798
-1.227629e-06	-0.018364
-1.225629e-06	-0.018426
-1.223629e-06	-0.018302
-1.221629e-06	-0.018364
-1.219629e-06	-0.017992
-1.217629e-06	-0.018116
-1.215629e-06	-0.017992
-1.213629e-06	-0.017868
-1.211629e-06	-0.01793
-1.209629e-06	-0.018116
-1.207629e-06	-0.018116
-1.205629e-06	-0.018364
-1.203629e-06	-0.01824
-1.201629e-06	-0.018798
-1.199629e-06	-0.018612
-1.197629e-06	-0.018736
-1.195629e-06	-0.018736
-1.193629e-06	-0.018798
-1.191629e-06	-0.018798
-1.189629e-06	-0.018736
-1.187629e-06	-0.018922
-1.185629e-06	-0.019046
-1.183629e-06	-0.019046
-1.181629e-06	-0.019356
-1.179629e-06	-0.019046
-1.177629e-06	-0.019046
-1.175629e-06	-0.019232
-1.173629e-06	-0.019604
-1.171629e-06	-0.01948
-1.169629e-06	-0.019542
-1.167629e-06	-0.01948
-1.165629e-06	-0.019666
-1.163629e-06	-0.019294
-1.161629e-06	-0.019666
-1.159629e-06	-0.019666
-1.157629e-06	-0.019852
-1.155629e-06	-0.019604
-1.153629e-06	-0.020224
-1.151629e-06	-0.020348
-1.149629e-06	-0.020844
-1.147629e-06	-0.020472
-1.145629e-06	-0.02072
-1.143629e-06	-0.02072
-1.141629e-06	-0.020782
-1.139629e-06	-0.020844
-1.137629e-06	-0.021278
-1.135629e-06	-0.021092
-1.133629e-06	-0.021588
-1.131629e-06	-0.021154
-1.129629e-06	-0.021712
-1.127629e-06	-0.021588
-1.125629e-06	-0.021464
-1.123629e-06	-0.021092
-1.121629e-06	-0.021526
-1.119629e-06	-0.02165
-1.117629e-06	-0.021712
-1.115629e-06	-0.021464
-1.113629e-06	-0.02165
-1.111629e-06	-0.021712
-1.109629e-06	-0.02165
-1.107629e-06	-0.021216
-1.105629e-06	-0.021464
-1.103629e-06	-0.021526
-1.101629e-06	-0.021464
-1.099629e-06	-0.021216
-1.097629e-06	-0.021712
-1.095629e-06	-0.021526
-1.093629e-06	-0.021464
-1.091629e-06	-0.021092
-1.089629e-06	-0.021216
-1.087629e-06	-0.021154
-1.085629e-06	-0.021092
-1.083629e-06	-0.020286
-1.081629e-06	-0.02103
-1.079629e-06	-0.02072
-1.077629e-06	-0.020596
-1.075629e-06	-0.020224
-1.073629e-06	-0.020658
-1.071629e-06	-0.020844
-1.069629e-06	-0.020968
-1.067629e-06	-0.020596
-1.065629e-06	-0.020658
-1.063629e-06	-0.020534
-1.061629e-06	-0.020658
-1.059629e-06	-0.020782
-1.057629e-06	-0.021154
-1.055629e-06	-0.021216
-1.053629e-06	-0.021278
-1.051629e-06	-0.020782
-1.049629e-06	-0.02072
-1.047629e-06	-0.021092
-1.045629e-06	-0.021402
-1.043629e-06	-0.020844
-1.041629e-06	-0.02165
-1.039629e-06	-0.021402
-1.037629e-06	-0.021464
-1.035629e-06	-0.021154
-1.033629e-06	-0.021712
-1.031629e-06	-0.022022
-1.029629e-06	-0.022084
-1.027629e-06	-0.021464
-1.025629e-06	-0.021836
-1.023629e-06	-0.022022
-1.021629e-06	-0.021836
-1.019629e-06	-0.021464
-1.017629e-06	-0.021836
-1.015629e-06	-0.021712
-1.013629e-06	-0.021526
-1.011629e-06	-0.02103
-1.009629e-06	-0.021402
-1.007629e-06	-0.021092
-1.005629e-06	-0.02072
-1.003629e-06	-0.020472
-1.001629e-06	-0.020906
-9.996293e-07	-0.021154
-9.976293e-07	-0.020782
-9.956293e-07	-0.020472
-9.936293e-07	-0.020596
-9.916293e-07	-0.020658
-9.896293e-07	-0.020906
-9.876293e-07	-0.02072
-9.856293e-07	-0.020844
-9.836293e-07	-0.02072
-9.816293e-07	-0.02134
-9.796293e-07	-0.021092
-9.776293e-07	-0.021588
-9.756293e-07	-0.021154
-9.736293e-07	-0.021402
-9.716293e-07	-0.021216
-9.696293e-07	-0.021464
-9.676293e-07	-0.021216
-9.656293e-07	-0.021774
-9.636293e-07	-0.021464
-9.616293e-07	-0.02196
-9.596293e-07	-0.022208
-9.576293e-07	-0.022394
-9.556293e-07	-0.021836
-9.536293e-07	-0.021774
-9.516293e-07	-0.022146
-9.496293e-07	-0.021836
-9.476293e-07	-0.021526
-9.456293e-07	-0.022208
-9.436293e-07	-0.022208
-9.416293e-07	-0.021898
-9.396293e-07	-0.021588
-9.376293e-07	-0.022084
-9.356293e-07	-0.022518
-9.336293e-07	-0.022394
-9.316293e-07	-0.022146
-9.296293e-07	-0.022704
-9.276293e-07	-0.022332
-9.256293e-07	-0.022084
-9.236293e-07	-0.02196
-9.216293e-07	-0.02227
-9.196293e-07	-0.022456
-9.176293e-07	-0.022766
-9.156293e-07	-0.022146
-9.136293e-07	-0.022518
-9.116293e-07	-0.022394
-9.096293e-07	-0.022208
-9.076293e-07	-0.022022
-9.056293e-07	-0.022518
-9.036293e-07	-0.022456
-9.016293e-07	-0.022704
-8.996293e-07	-0.022518
-8.976293e-07	-0.022642
-8.956293e-07	-0.022518
-8.936293e-07	-0.022456
-8.916293e-07	-0.022456
-8.896293e-07	-0.022704
-8.876293e-07	-0.022518
-8.856293e-07	-0.022766
-8.836293e-07	-0.022456
-8.816293e-07	-0.02258
-8.796293e-07	-0.022642
-8.776293e-07	-0.022766
-8.756293e-07	-0.022332
-8.736293e-07	-0.022828
-8.716293e-07	-0.023076
-8.696293e-07	-0.023448
-8.676293e-07	-0.023076
-8.656293e-07	-0.023138
-8.636293e-07	-0.023076
-8.616293e-07	-0.023386
-8.596293e-07	-0.023138
-8.576293e-07	-0.023014
-8.556293e-07	-0.023076
-8.536293e-07	-0.023448
-8.516293e-07	-0.023386
-8.496293e-07	-0.023758
-8.476293e-07	-0.023262
-8.456293e-07	-0.023448
-8.436293e-07	-0.023758
-8.416293e-07	-0.024068
-8.396293e-07	-0.023634
-8.376293e-07	-0.023696
-8.356293e-07	-0.023882
-8.336293e-07	-0.02382
-8.316293e-07	-0.023882
-8.296293e-07	-0.023634
-8.276293e-07	-0.023262
-8.256293e-07	-0.023262
-8.236293e-07	-0.02289
-8.216293e-07	-0.022766
-8.196293e-07	-0.022704
-8.176293e-07	-0.022828
-8.156293e-07	-0.022332
-8.136293e-07	-0.022766
-8.116293e-07	-0.022332
-8.096293e-07	-0.022208
-8.076293e-07	-0.021774
-8.056293e-07	-0.021588
-8.036293e-07	-0.021278
-8.016293e-07	-0.021216
-7.996293e-07	-0.020968
-7.976293e-07	-0.021154
-7.956293e-07	-0.020658
-7.936293e-07	-0.020782
-7.916293e-07	-0.020534
-7.896293e-07	-0.020844
-7.876293e-07	-0.019666
-7.856293e-07	-0.020286
-7.836293e-07	-0.01979
-7.816293e-07	-0.019666
-7.796293e-07	-0.019294
-7.776293e-07	-0.019542
-7.756293e-07	-0.018674
-7.736293e-07	-0.019108
-7.716293e-07	-0.018426
-7.696293e-07	-0.018488
-7.676293e-07	-0.018488
-7.656293e-07	-0.018116
-7.636293e-07	-0.01793
-7.616293e-07	-0.018302
-7.596293e-07	-0.018178
-7.576293e-07	-0.018364
-7.556293e-07	-0.018178
-7.536293e-07	-0.01824
-7.516293e-07	-0.018054
-7.496293e-07	-0.018178
-7.476293e-07	-0.018116
-7.456293e-07	-0.018054
-7.436293e-07	-0.018116
-7.416293e-07	-0.018426
-7.396293e-07	-0.018054
-7.376293e-07	-0.018178
-7.356293e-07	-0.018488
-7.336293e-07	-0.019046
-7.316293e-07	-0.018922
-7.296293e-07	-0.019046
-7.276293e-07	-0.019294
-7.256293e-07	-0.019294
-7.236293e-07	-0.019108
-7.216293e-07	-0.019418
-7.196293e-07	-0.019542
-7.176293e-07	-0.019542
-7.156293e-07	-0.019728
-7.136293e-07	-0.0201
-7.116293e-07	-0.020844
-7.096293e-07	-0.020782
-7.076293e-07	-0.020782
-7.056293e-07	-0.021526
-7.036293e-07	-0.021402
-7.016293e-07	-0.02165
-6.996293e-07	-0.021278
-6.976293e-07	-0.02134
-6.956293e-07	-0.021402
-6.936293e-07	-0.020844
-6.916293e-07	-0.021154
-6.896293e-07	-0.021154
-6.876293e-07	-0.020968
-6.856293e-07	-0.020968
-6.836293e-07	-0.020224
-6.816293e-07	-0.020534
-6.796293e-07	-0.020534
-6.776293e-07	-0.020782
-6.756293e-07	-0.020224
-6.736293e-07	-0.01979
-6.716293e-07	-0.019914
-6.696293e-07	-0.020038
-6.676293e-07	-0.0201
-6.656293e-07	-0.0201
-6.636293e-07	-0.019852
-6.616293e-07	-0.019666
-6.596293e-07	-0.019666
-6.576293e-07	-0.019852
-6.556293e-07	-0.020286
-6.536293e-07	-0.020038
-6.516293e-07	-0.019604
-6.496293e-07	-0.0201
-6.476293e-07	-0.020038
-6.456293e-07	-0.020038
-6.436293e-07	-0.019852
-6.416293e-07	-0.020286
-6.396293e-07	-0.020286
-6.376293e-07	-0.020162
-6.356293e-07	-0.01979
-6.336293e-07	-0.020286
-6.316293e-07	-0.020348
-6.296293e-07	-0.020534
-6.276293e-07	-0.020596
-6.256293e-07	-0.021216
-6.236293e-07	-0.021092
-6.216293e-07	-0.021464
-6.196293e-07	-0.02134
-6.176293e-07	-0.021898
-6.156293e-07	-0.021774
-6.136293e-07	-0.021588
-6.116293e-07	-0.021402
-6.096293e-07	-0.021774
-6.076293e-07	-0.022146
-6.056293e-07	-0.02196
-6.036293e-07	-0.021898
-6.016293e-07	-0.021836
-5.996293e-07	-0.021898
-5.976293e-07	-0.02196
-5.956293e-07	-0.02165
-5.936293e-07	-0.021836
-5.916293e-07	-0.021712
-5.896293e-07	-0.021898
-5.876293e-07	-0.021836
-5.856293e-07	-0.022208
-5.836293e-07	-0.022332
-5.816293e-07	-0.02258
-5.796293e-07	-0.022208
-5.776293e-07	-0.022146
-5.756293e-07	-0.022456
-5.736293e-07	-0.022518
-5.716293e-07	-0.02258
-5.696293e-07	-0.022828
-5.676293e-07	-0.023014
-5.656293e-07	-0.023138
-5.636293e-07	-0.02289
-5.616293e-07	-0.023448
-5.596293e-07	-0.023076
-5.576293e-07	-0.0232
-5.556293e-07	-0.02289
-5.536293e-07	-0.022952
-5.516293e-07	-0.022766
-5.496293e-07	-0.02289
-5.476293e-07	-0.02227
-5.456293e-07	-0.022146
-5.436293e-07	-0.022146
-5.416293e-07	-0.022332
-5.396293e-07	-0.021774
-5.376293e-07	-0.022084
-5.356293e-07	-0.02196
-5.336293e-07	-0.02227
-5.316293e-07	-0.022332
-5.296293e-07	-0.022704
-5.276293e-07	-0.02227
-5.256293e-07	-0.022704
-5.236293e-07	-0.022766
-5.216293e-07	-0.022828
-5.196293e-07	-0.022518
-5.176293e-07	-0.02289
-5.156293e-07	-0.023014
-5.136293e-07	-0.023262
-5.116293e-07	-0.02289
-5.096293e-07	-0.023138
-5.076293e-07	-0.023138
-5.056293e-07	-0.023944
-5.036293e-07	-0.023882
-5.016293e-07	-0.024192
-4.996293e-07	-0.023882
-4.976293e-07	-0.024254
-4.956293e-07	-0.024068
-4.936293e-07	-0.02413
-4.916293e-07	-0.023944
-4.896293e-07	-0.023634
-4.876293e-07	-0.023696
-4.856293e-07	-0.02382
-4.836293e-07	-0.02382
-4.816293e-07	-0.024068
-4.796293e-07	-0.02444
-4.776293e-07	-0.024254
-4.756293e-07	-0.02382
-4.736293e-07	-0.023882
-4.716293e-07	-0.023696
-4.696293e-07	-0.023448
-4.676293e-07	-0.0232
-4.656293e-07	-0.023014
-4.636293e-07	-0.022828
-4.616293e-07	-0.02227
-4.596293e-07	-0.022084
-4.576293e-07	-0.022332
-4.556293e-07	-0.021836
-4.536293e-07	-0.021588
-4.516293e-07	-0.021402
-4.496293e-07	-0.021216
-4.476293e-07	-0.020844
-4.456293e-07	-0.020968
-4.436293e-07	-0.02072
-4.416293e-07	-0.02072
-4.396293e-07	-0.02072
-4.376293e-07	-0.020782
-4.356293e-07	-0.020534
-4.336293e-07	-0.020906
-4.316293e-07	-0.020534
-4.296293e-07	-0.020348
-4.276293e-07	-0.019976
-4.256293e-07	-0.020162
-4.236293e-07	-0.020224
-4.216293e-07	-0.020286
-4.196293e-07	-0.019852
-4.176293e-07	-0.01979
-4.156293e-07	-0.019728
-4.136293e-07	-0.019666
-4.116293e-07	-0.01886
-4.096293e-07	-0.01886
-4.076293e-07	-0.01855
-4.056293e-07	-0.018426
-4.036293e-07	-0.018302
-4.016293e-07	-0.018054
-3.996293e-07	-0.017434
-3.976293e-07	-0.01731
-3.956293e-07	-0.016752
-3.936293e-07	-0.016938
-3.916293e-07	-0.017062
-3.896293e-07	-0.017248
-3.876293e-07	-0.016566
-3.856293e-07	-0.016752
-3.836293e-07	-0.016814
-3.816293e-07	-0.017
-3.796293e-07	-0.016318
-3.776293e-07	-0.016566
-3.756293e-07	-0.01669
-3.736293e-07	-0.016566
-3.716293e-07	-0.01669
-3.696293e-07	-0.016566
-3.676293e-07	-0.016876
-3.656293e-07	-0.017372
-3.636293e-07	-0.017
-3.616293e-07	-0.01793
-3.596293e-07	-0.01762
-3.576293e-07	-0.01793
-3.556293e-07	-0.017806
-3.536293e-07	-0.017868
-3.516293e-07	-0.017496
-3.496293e-07	-0.017248
-3.476293e-07	-0.016876
-3.456293e-07	-0.016814
-3.436293e-07	-0.01669
-3.416293e-07	-0.01669
-3.396293e-07	-0.016256
-3.376293e-07	-0.016566
-3.356293e-07	-0.016008
-3.336293e-07	-0.015946
-3.316293e-07	-0.015698
-3.296293e-07	-0.01607
-3.276293e-07	-0.01607
-3.256293e-07	-0.015946
-3.236293e-07	-0.015574
-3.216293e-07	-0.016008
-3.196293e-07	-0.016008
-3.176293e-07	-0.016194
-3.156293e-07	-0.016256
-3.136293e-07	-0.016504
-3.116293e-07	-0.016504
-3.096293e-07	-0.016504
-3.076293e-07	-0.016194
-3.056293e-07	-0.016814
-3.036293e-07	-0.016752
-3.016293e-07	-0.016814
-2.996293e-07	-0.016504
-2.976293e-07	-0.016194
-2.956293e-07	-0.016752
-2.936293e-07	-0.016938
-2.916293e-07	-0.016814
-2.896293e-07	-0.017186
-2.876293e-07	-0.017496
-2.856293e-07	-0.018116
-2.836293e-07	-0.01793
-2.816293e-07	-0.018178
-2.796293e-07	-0.017992
-2.776293e-07	-0.01793
-2.756293e-07	-0.017558
-2.736293e-07	-0.017496
-2.716293e-07	-0.017806
-2.696293e-07	-0.017744
-2.676293e-07	-0.017744
-2.656293e-07	-0.017992
-2.636293e-07	-0.017992
-2.616293e-07	-0.01793
-2.596293e-07	-0.017806
-2.576293e-07	-0.01824
-2.556293e-07	-0.018116
-2.536293e-07	-0.018116
-2.516293e-07	-0.01824
-2.496293e-07	-0.01886
-2.476293e-07	-0.018612
-2.456293e-07	-0.018488
-2.436293e-07	-0.018736
-2.416293e-07	-0.01948
-2.396293e-07	-0.019232
-2.376293e-07	-0.019356
-2.356293e-07	-0.018612
-2.336293e-07	-0.019232
-2.316293e-07	-0.01917
-2.296293e-07	-0.019418
-2.276293e-07	-0.019418
-2.256293e-07	-0.019728
-2.236293e-07	-0.019666
-2.216293e-07	-0.0201
-2.196293e-07	-0.019852
-2.176293e-07	-0.020224
-2.156293e-07	-0.02041
-2.136293e-07	-0.020472
-2.116293e-07	-0.020534
-2.096293e-07	-0.020906
-2.076293e-07	-0.02072
-2.056293e-07	-0.020844
-2.036293e-07	-0.020596
-2.016293e-07	-0.020596
-1.996293e-07	-0.020348
-1.976293e-07	-0.020472
-1.956293e-07	-0.020038
-1.936293e-07	-0.020286
-1.916293e-07	-0.020224
-1.896293e-07	-0.020534
-1.876293e-07	-0.020038
-1.856293e-07	-0.020348
-1.836293e-07	-0.020224
-1.816293e-07	-0.020348
-1.796293e-07	-0.020286
-1.776293e-07	-0.020162
-1.756293e-07	-0.020162
-1.736293e-07	-0.020658
-1.716293e-07	-0.020658
-1.696293e-07	-0.021216
-1.676293e-07	-0.021092
-1.656293e-07	-0.021464
-1.636293e-07	-0.020844
-1.616293e-07	-0.021216
-1.596293e-07	-0.021402
-1.576293e-07	-0.021588
-1.556293e-07	-0.020844
-1.536293e-07	-0.021092
-1.516293e-07	-0.021154
-1.496293e-07	-0.021836
-1.476293e-07	-0.021402
-1.456293e-07	-0.021588
-1.436293e-07	-0.021402
-1.416293e-07	-0.021526
-1.396293e-07	-0.02103
-1.376293e-07	-0.021464
-1.356293e-07	-0.021464
-1.336293e-07	-0.02165
-1.316293e-07	-0.020782
-1.296293e-07	-0.020844
-1.276293e-07	-0.020534
-1.256293e-07	-0.020968
-1.236293e-07	-0.02041
-1.216293e-07	-0.020038
-1.196293e-07	-0.019976
-1.176293e-07	-0.02041
-1.156293e-07	-0.020534
-1.136293e-07	-0.020472
-1.116293e-07	-0.021154
-1.096293e-07	-0.021216
-1.076293e-07	-0.020844
-1.056293e-07	-0.020844
-1.036293e-07	-0.02072
-1.016293e-07	-0.020658
-9.962928e-08	-0.020286
-9.762928e-08	-0.020658
-9.562928e-08	-0.020596
-9.362928e-08	-0.020782
-9.162928e-08	-0.020162
-8.962928e-08	-0.020162
-8.762928e-08	-0.020162
-8.562928e-08	-0.01979
-8.362928e-08	-0.01948
-8.162928e-08	-0.019232
-7.962928e-08	-0.019232
-7.762928e-08	-0.019542
-7.562928e-08	-0.01886
-7.362928e-08	-0.019294
-7.162928e-08	-0.019232
-6.962928e-08	-0.019232
-6.762928e-08	-0.018922
-6.562928e-08	-0.019604
-6.362928e-08	-0.019666
-6.162928e-08	-0.019604
-5.962928e-08	-0.018736
-5.762928e-08	-0.019418
-5.562928e-08	-0.019666
-5.362928e-08	-0.0201
-5.162928e-08	-0.01917
-4.962928e-08	-0.01948
-4.762928e-08	-0.019356
-4.562928e-08	-0.01979
-4.362928e-08	-0.019418
-4.162928e-08	-0.019294
-3.962928e-08	-0.01917
-3.762928e-08	-0.01917
-3.562928e-08	-0.019108
-3.362928e-08	-0.019294
-3.162928e-08	-0.019976
-2.962928e-08	-0.019976
-2.762928e-08	-0.019728
-2.562928e-08	-0.019418
-2.362928e-08	-0.01917
-2.162928e-08	-0.019046
-1.962928e-08	-0.01855
-1.762928e-08	-0.018488
-1.562928e-08	-0.018302
-1.362928e-08	-0.018612
-1.162928e-08	-0.018674
-9.62928e-09	-0.01855
-7.62928e-09	-0.01886
-5.62928e-09	-0.019232
-3.62928e-09	-0.019418
-1.62928e-09	-0.0201
3.707204e-10	-0.020162
2.37072e-09	-0.02041
4.37072e-09	-0.020162
6.37072e-09	-0.0201
8.37072e-09	-0.020348
1.037072e-08	-0.020534
1.237072e-08	-0.020162
1.437072e-08	-0.020286
1.637072e-08	-0.0201
1.837072e-08	-0.020596
2.037072e-08	-0.020596
2.237072e-08	-0.020844
2.437072e-08	-0.020906
2.637072e-08	-0.02134
2.837072e-08	-0.021154
3.037072e-08	-0.021464
3.237072e-08	-0.02103
3.437072e-08	-0.021588
3.637072e-08	-0.021464
3.837072e-08	-0.021774
4.037072e-08	-0.02165
4.237072e-08	-0.021836
4.437072e-08	-0.02165
4.637072e-08	-0.021774
4.837072e-08	-0.021526
5.037072e-08	-0.021774
5.237072e-08	-0.02134
5.437072e-08	-0.021774
5.637072e-08	-0.02134
5.837072e-08	-0.021464
6.037072e-08	-0.020968
6.237072e-08	-0.021402
6.437072e-08	-0.021526
6.637072e-08	-0.021154
6.837072e-08	-0.020534
7.037072e-08	-0.021092
7.237072e-08	-0.020844
7.437072e-08	-0.021464
7.637072e-08	-0.02072
7.837072e-08	-0.020658
8.037072e-08	-0.020534
8.237072e-08	-0.020534
8.437072e-08	-0.019852
8.637072e-08	-0.019542
8.837072e-08	-0.019666
9.037072e-08	-0.019666
9.237072e-08	-0.019728
9.437072e-08	-0.019666
9.637072e-08	-0.019356
9.837072e-08	-0.019356
1.003707e-07	-0.01886
1.023707e-07	-0.018798
1.043707e-07	-0.018674
1.063707e-07	-0.018674
1.083707e-07	-0.018488
1.103707e-07	-0.019046
1.123707e-07	-0.018922
1.143707e-07	-0.018736
1.163707e-07	-0.018674
1.183707e-07	-0.018426
1.203707e-07	-0.01855
1.223707e-07	-0.018426
1.243707e-07	-0.018302
1.263707e-07	-0.018178
1.283707e-07	-0.017992
1.303707e-07	-0.01824
1.323707e-07	-0.016876
1.343707e-07	-0.014706
1.363707e-07	-0.009746
1.383707e-07	-0.002988
1.403707e-07	0.005878
1.423707e-07	0.015612
1.443707e-07	0.025904
1.463707e-07	0.035762
1.483707e-07	0.045806
1.503707e-07	0.054982
1.523707e-07	0.064158
1.543707e-07	0.072652
1.563707e-07	0.080712
1.583707e-07	0.087966
1.603707e-07	0.094476
1.623707e-07	0.100118
1.643707e-07	0.105264
1.663707e-07	0.109356
1.683707e-07	0.11382
1.703707e-07	0.116486
1.723707e-07	0.1194
1.743707e-07	0.120888
1.763707e-07	0.123058
1.783707e-07	0.123492
1.803707e-07	0.12467
1.823707e-07	0.125166
1.843707e-07	0.1256
1.863707e-07	0.124794
1.883707e-07	0.124608
1.903707e-07	0.123492
1.923707e-07	0.122872
1.943707e-07	0.12188
1.963707e-07	0.12095
1.983707e-07	0.11909
2.003707e-07	0.117788
2.023707e-07	0.11599
2.043707e-07	0.114192
2.063707e-07	0.11258
2.083707e-07	0.110906
2.103707e-07	0.108736
2.123707e-07	0.106814
2.143707e-07	0.104768
2.163707e-07	0.102474
2.183707e-07	0.099808
2.203707e-07	0.097948
2.223707e-07	0.09522
2.243707e-07	0.093112
2.263707e-07	0.090942
2.283707e-07	0.088586
2.303707e-07	0.08685
2.323707e-07	0.08468
2.343707e-07	0.08251
2.363707e-07	0.080526
2.383707e-07	0.07848
2.403707e-07	0.076372
2.423707e-07	0.074264
2.443707e-07	0.072838
2.463707e-07	0.070792
2.483707e-07	0.06887
2.503707e-07	0.06701
2.523707e-07	0.06546
2.543707e-07	0.063104
2.563707e-07	0.060934
2.583707e-07	0.059136
2.603707e-07	0.057028
2.623707e-07	0.055416
2.643707e-07	0.053804
2.663707e-07	0.051882
2.683707e-07	0.050704
2.703707e-07	0.049402
2.723707e-07	0.047604
2.743707e-07	0.045744
2.763707e-07	0.04407
2.783707e-07	0.042582
2.803707e-07	0.041528
2.823707e-07	0.04004
2.843707e-07	0.03849
2.863707e-07	0.037312
2.883707e-07	0.035886
2.903707e-07	0.034522
2.923707e-07	0.033096
2.943707e-07	0.031856
2.963707e-07	0.030926
2.983707e-07	0.029686
3.003707e-07	0.02857
3.023707e-07	0.027206
3.043707e-07	0.02609
3.063707e-07	0.02485
3.083707e-07	0.023796
3.103707e-07	0.022618
3.123707e-07	0.021316
3.143707e-07	0.020324
3.163707e-07	0.019332
3.183707e-07	0.018526
3.203707e-07	0.017906
3.223707e-07	0.017162
3.243707e-07	0.016666
3.263707e-07	0.016356
3.283707e-07	0.015736
3.303707e-07	0.014806
3.323707e-07	0.014496
3.343707e-07	0.013504
3.363707e-07	0.01276
3.383707e-07	0.01183
3.403707e-07	0.011768
3.423707e-07	0.010962
3.443707e-07	0.010714
3.463707e-07	0.009536
3.483707e-07	0.009412
3.503707e-07	0.00904
3.523707e-07	0.008544
3.543707e-07	0.007924
3.563707e-07	0.007428
3.583707e-07	0.00687
3.603707e-07	0.006746
3.623707e-07	0.006064
3.643707e-07	0.006064
3.663707e-07	0.005506
3.683707e-07	0.005196
3.703707e-07	0.004886
3.723707e-07	0.005072
3.743707e-07	0.004452
3.763707e-07	0.003894
3.783707e-07	0.003522
3.803707e-07	0.003026
3.823707e-07	0.002468
3.843707e-07	0.002282
3.863707e-07	0.00191
3.883707e-07	0.001476
3.903707e-07	0.001166
3.923707e-07	0.000608
3.943707e-07	0.000298
3.963707e-07	0.000236
3.983707e-07	5e-05
4.003707e-07	0.000112
4.023707e-07	-0.00057
4.043707e-07	-0.000508
4.063707e-07	-7.4e-05
4.083707e-07	-0.000446
4.103707e-07	-0.000632
4.123707e-07	-0.00057
4.143707e-07	-0.000942
4.163707e-07	-0.001376
4.183707e-07	-0.001996
4.203707e-07	-0.001934
4.223707e-07	-0.001996
4.243707e-07	-0.002182
4.263707e-07	-0.002926
4.283707e-07	-0.002492
4.303707e-07	-0.002616
4.323707e-07	-0.00274
4.343707e-07	-0.00336
4.363707e-07	-0.002988
4.383707e-07	-0.002988
4.403707e-07	-0.003298
4.423707e-07	-0.003732
4.443707e-07	-0.003918
4.463707e-07	-0.004166
4.483707e-07	-0.004538
4.503707e-07	-0.00491
4.523707e-07	-0.005096
4.543707e-07	-0.00553
4.563707e-07	-0.005964
4.583707e-07	-0.006522
4.603707e-07	-0.006956
4.623707e-07	-0.007142
4.643707e-07	-0.006894
4.663707e-07	-0.007762
4.683707e-07	-0.007638
4.703707e-07	-0.007948
4.723707e-07	-0.008258
4.743707e-07	-0.008444
4.763707e-07	-0.008754
4.783707e-07	-0.009684
4.803707e-07	-0.009808
4.823707e-07	-0.010118
4.843707e-07	-0.01018
4.863707e-07	-0.010862
4.883707e-07	-0.011606
4.903707e-07	-0.011916
4.923707e-07	-0.011544
4.943707e-07	-0.01204
4.963707e-07	-0.012288
4.983707e-07	-0.012474
5.003707e-07	-0.012598
5.023707e-07	-0.01266
5.043707e-07	-0.013032
5.063707e-07	-0.01359
5.083707e-07	-0.013652
5.103707e-07	-0.014086
5.123707e-07	-0.0139
5.143707e-07	-0.01452
5.163707e-07	-0.01421
5.183707e-07	-0.014768
5.203707e-07	-0.014892
5.223707e-07	-0.015078
5.243707e-07	-0.014954
5.263707e-07	-0.015698
5.283707e-07	-0.01607
5.303707e-07	-0.016752
5.323707e-07	-0.016814
5.343707e-07	-0.017
5.363707e-07	-0.017248
5.383707e-07	-0.017372
5.403707e-07	-0.017434
5.423707e-07	-0.017434
5.443707e-07	-0.017372
5.463707e-07	-0.01731
5.483707e-07	-0.017496
5.503707e-07	-0.017868
5.523707e-07	-0.01793
5.543707e-07	-0.018054
5.563707e-07	-0.017744
5.583707e-07	-0.017992
5.603707e-07	-0.018364
5.623707e-07	-0.018798
5.643707e-07	-0.01855
5.663707e-07	-0.018922
5.683707e-07	-0.01917
5.703707e-07	-0.019294
5.723707e-07	-0.01948
5.743707e-07	-0.019852
5.763707e-07	-0.019356
5.783707e-07	-0.019232
5.803707e-07	-0.01886
5.823707e-07	-0.018674
5.843707e-07	-0.01824
5.863707e-07	-0.01855
5.883707e-07	-0.017868
5.903707e-07	-0.017868
5.923707e-07	-0.017744
5.943707e-07	-0.018302
5.963707e-07	-0.018302
5.983707e-07	-0.018178
6.003707e-07	-0.01824
6.023707e-07	-0.01855
6.043707e-07	-0.018426
6.063707e-07	-0.018612
6.083707e-07	-0.018736
6.103707e-07	-0.018178
6.123707e-07	-0.018302
6.143707e-07	-0.01793
6.163707e-07	-0.017806
6.183707e-07	-0.018054
6.203707e-07	-0.017992
6.223707e-07	-0.018116
6.243707e-07	-0.018116
6.263707e-07	-0.017868
6.283707e-07	-0.01762
6.303707e-07	-0.017186
6.323707e-07	-0.017186
6.343707e-07	-0.017062
6.363707e-07	-0.017372
6.383707e-07	-0.017496
6.403707e-07	-0.017
6.423707e-07	-0.017496
6.443707e-07	-0.01762
6.463707e-07	-0.01824
6.483707e-07	-0.018116
6.503707e-07	-0.017868
6.523707e-07	-0.017372
6.543707e-07	-0.017558
6.563707e-07	-0.017496
6.583707e-07	-0.017744
6.603707e-07	-0.01762
6.623707e-07	-0.017806
6.643707e-07	-0.01762
6.663707e-07	-0.017806
6.683707e-07	-0.01762
6.703707e-07	-0.017682
6.723707e-07	-0.017868
6.743707e-07	-0.018178
6.763707e-07	-0.01793
6.783707e-07	-0.018054
6.803707e-07	-0.017682
6.823707e-07	-0.018116
6.843707e-07	-0.018116
6.863707e-07	-0.01824
6.883707e-07	-0.018364
6.903707e-07	-0.018426
6.923707e-07	-0.018178
6.943707e-07	-0.018302
6.963707e-07	-0.018054
6.983707e-07	-0.018612
7.003707e-07	-0.018488
7.023707e-07	-0.019108
7.043707e-07	-0.018798
7.063707e-07	-0.01886
7.083707e-07	-0.018674
7.103707e-07	-0.01886
7.123707e-07	-0.019232
7.143707e-07	-0.01948
7.163707e-07	-0.018984
7.183707e-07	-0.019294
7.203707e-07	-0.019356
7.223707e-07	-0.019604
7.243707e-07	-0.01917
7.263707e-07	-0.019232
7.283707e-07	-0.019294
7.303707e-07	-0.019542
7.323707e-07	-0.019728
7.343707e-07	-0.020286
7.363707e-07	-0.020286
7.383707e-07	-0.020658
7.403707e-07	-0.020472
7.423707e-07	-0.020782
7.443707e-07	-0.020782
7.463707e-07	-0.020596
7.483707e-07	-0.019852
7.503707e-07	-0.019914
7.523707e-07	-0.019604
7.543707e-07	-0.01948
7.563707e-07	-0.018736
7.583707e-07	-0.018426
7.603707e-07	-0.017868
7.623707e-07	-0.017744
7.643707e-07	-0.01731
7.663707e-07	-0.017186
7.683707e-07	-0.016752
7.703707e-07	-0.016628
7.723707e-07	-0.016442
7.743707e-07	-0.01607
7.763707e-07	-0.01607
7.783707e-07	-0.016008
7.803707e-07	-0.016008
7.823707e-07	-0.015884
7.843707e-07	-0.015884
7.863707e-07	-0.01607
7.883707e-07	-0.015636
7.903707e-07	-0.015636
7.923707e-07	-0.015574
7.943707e-07	-0.015884
7.963707e-07	-0.015512
7.983707e-07	-0.015884
8.003707e-07	-0.016504
8.023707e-07	-0.016628
8.043707e-07	-0.01669
8.063707e-07	-0.017
8.083707e-07	-0.017
8.103707e-07	-0.017124
8.123707e-07	-0.016938
8.143707e-07	-0.016938
8.163707e-07	-0.017124
8.183707e-07	-0.017372
8.203707e-07	-0.017124
8.223707e-07	-0.017248
8.243707e-07	-0.017682
8.263707e-07	-0.01762
8.283707e-07	-0.01731
8.303707e-07	-0.017434
8.323707e-07	-0.017434
8.343707e-07	-0.017744
8.363707e-07	-0.01793
8.383707e-07	-0.01793
8.403707e-07	-0.018178
8.423707e-07	-0.018426
8.443707e-07	-0.018302
8.463707e-07	-0.019046
8.483707e-07	-0.019108
8.503707e-07	-0.019418
8.523707e-07	-0.019108
8.543707e-07	-0.019728
8.563707e-07	-0.019852
8.583707e-07	-0.0201
8.603707e-07	-0.019728
8.623707e-07	-0.019852
8.643707e-07	-0.020038
8.663707e-07	-0.020286
8.683707e-07	-0.020286
8.703707e-07	-0.020348
8.723707e-07	-0.020348
8.743707e-07	-0.020596
8.763707e-07	-0.020286
8.783707e-07	-0.020658
8.803707e-07	-0.020968
8.823707e-07	-0.02103
8.843707e-07	-0.020782
8.863707e-07	-0.020844
8.883707e-07	-0.020844
8.903707e-07	-0.02103
8.923707e-07	-0.020782
8.943707e-07	-0.020534
8.963707e-07	-0.020534
8.983707e-07	-0.02072
9.003707e-07	-0.020534
9.023707e-07	-0.020658
9.043707e-07	-0.020472
9.063707e-07	-0.020906
9.083707e-07	-0.020596
9.103707e-07	-0.020968
9.123707e-07	-0.020844
9.143707e-07	-0.021092
9.163707e-07	-0.021154
9.183707e-07	-0.021216
9.203707e-07	-0.020968
9.223707e-07	-0.02103
9.243707e-07	-0.02072
9.263707e-07	-0.020658
9.283707e-07	-0.020286
9.303707e-07	-0.020038
9.323707e-07	-0.020224
9.343707e-07	-0.020038
9.363707e-07	-0.020286
9.383707e-07	-0.020534
9.403707e-07	-0.020224
9.423707e-07	-0.020472
9.443707e-07	-0.020038
9.463707e-07	-0.020286
9.483707e-07	-0.019976
9.503707e-07	-0.020162
9.523707e-07	-0.020534
9.543707e-07	-0.020348
9.563707e-07	-0.020038
9.583707e-07	-0.020472
9.603707e-07	-0.020596
9.623707e-07	-0.020658
9.643707e-07	-0.020348
9.663707e-07	-0.020472
9.683707e-07	-0.020472
9.703707e-07	-0.02041
9.723707e-07	-0.020658
9.743707e-07	-0.02041
9.763707e-07	-0.0201
9.783707e-07	-0.019914
9.803707e-07	-0.019356
9.823707e-07	-0.01948
9.843707e-07	-0.019356
9.863707e-07	-0.018922
9.883707e-07	-0.018488
9.903707e-07	-0.01855
9.923707e-07	-0.018674
9.943707e-07	-0.018302
9.963707e-07	-0.01824
9.983707e-07	-0.018116
1.000371e-06	-0.01793
1.002371e-06	-0.018054
1.004371e-06	-0.017992
1.006371e-06	-0.018054
1.008371e-06	-0.018116
1.010371e-06	-0.01824
1.012371e-06	-0.017682
1.014371e-06	-0.01762
1.016371e-06	-0.01762
1.018371e-06	-0.01762
1.020371e-06	-0.017496
1.022371e-06	-0.01793
1.024371e-06	-0.01793
1.026371e-06	-0.017682
1.028371e-06	-0.017434
1.030371e-06	-0.017806
1.032371e-06	-0.018054
1.034371e-06	-0.018302
1.036371e-06	-0.018364
1.038371e-06	-0.01824
1.040371e-06	-0.018178
1.042371e-06	-0.018798
1.044371e-06	-0.01886
1.046371e-06	-0.018488
1.048371e-06	-0.018674
1.050371e-06	-0.018488
1.052371e-06	-0.01855
1.054371e-06	-0.01886
1.056371e-06	-0.019108
1.058371e-06	-0.019232
1.060371e-06	-0.019108
1.062371e-06	-0.019046
1.064371e-06	-0.018612
1.066371e-06	-0.018612
1.068371e-06	-0.018302
1.070371e-06	-0.018426
1.072371e-06	-0.018364
1.074371e-06	-0.018054
1.076371e-06	-0.017434
1.078371e-06	-0.017558
1.080371e-06	-0.017062
1.082371e-06	-0.017372
1.084371e-06	-0.016566
1.086371e-06	-0.01669
1.088371e-06	-0.016876
1.090371e-06	-0.017
1.092371e-06	-0.016876
1.094371e-06	-0.016938
1.096371e-06	-0.017124
1.098371e-06	-0.017558
1.100371e-06	-0.016752
1.102371e-06	-0.01731
1.104371e-06	-0.017558
1.106371e-06	-0.017682
1.108371e-06	-0.017248
1.110371e-06	-0.017372
1.112371e-06	-0.017496
1.114371e-06	-0.017992
1.116371e-06	-0.017992
1.118371e-06	-0.01793
1.120371e-06	-0.017744
1.122371e-06	-0.01824
1.124371e-06	-0.018488
1.126371e-06	-0.018116
1.128371e-06	-0.017682
1.130371e-06	-0.01793
1.132371e-06	-0.01793
1.134371e-06	-0.017744
1.136371e-06	-0.017558
1.138371e-06	-0.017682
1.140371e-06	-0.017992
1.142371e-06	-0.01824
1.144371e-06	-0.018674
1.146371e-06	-0.018364
1.148371e-06	-0.01855
1.150371e-06	-0.018426
1.152371e-06	-0.01855
1.154371e-06	-0.018054
1.156371e-06	-0.017992
1.158371e-06	-0.018178
1.160371e-06	-0.017992
1.162371e-06	-0.017992
1.164371e-06	-0.01762
1.166371e-06	-0.017868
1.168371e-06	-0.01793
1.170371e-06	-0.018116
1.172371e-06	-0.017992
1.174371e-06	-0.01824
1.176371e-06	-0.017992
1.178371e-06	-0.01824
1.180371e-06	-0.018426
1.182371e-06	-0.018984
1.184371e-06	-0.018736
1.186371e-06	-0.01886
1.188371e-06	-0.018798
1.190371e-06	-0.019232
1.192371e-06	-0.019232
1.194371e-06	-0.01917
1.196371e-06	-0.019046
1.198371e-06	-0.019356
1.200371e-06	-0.019418
1.202371e-06	-0.019232
1.204371e-06	-0.019294
1.206371e-06	-0.019356
1.208371e-06	-0.019108
1.210371e-06	-0.018984
1.212371e-06	-0.01855
1.214371e-06	-0.018674
1.216371e-06	-0.018922
1.218371e-06	-0.018984
1.220371e-06	-0.018798
1.222371e-06	-0.018984
1.224371e-06	-0.018984
1.226371e-06	-0.01917
1.228371e-06	-0.01886
1.230371e-06	-0.019356
1.232371e-06	-0.019666
1.234371e-06	-0.019418
1.236371e-06	-0.01917
1.238371e-06	-0.01979
1.240371e-06	-0.019232
1.242371e-06	-0.01979
1.244371e-06	-0.01917
1.246371e-06	-0.019356
1.248371e-06	-0.019232
1.250371e-06	-0.019046
1.252371e-06	-0.019232
1.254371e-06	-0.019418
1.256371e-06	-0.01948
1.258371e-06	-0.018798
1.260371e-06	-0.018922
1.262371e-06	-0.019108
1.264371e-06	-0.019232
1.266371e-06	-0.01917
1.268371e-06	-0.01886
1.270371e-06	-0.019108
1.272371e-06	-0.019294
1.274371e-06	-0.019604
1.276371e-06	-0.019294
1.278371e-06	-0.019666
1.280371e-06	-0.019232
1.282371e-06	-0.019294
1.284371e-06	-0.019232
1.286371e-06	-0.019232
1.288371e-06	-0.018922
1.290371e-06	-0.018736
1.292371e-06	-0.018674
1.294371e-06	-0.018798
1.296371e-06	-0.01886
1.298371e-06	-0.018798
1.300371e-06	-0.018612
1.302371e-06	-0.01917
1.304371e-06	-0.018922
1.306371e-06	-0.019108
1.308371e-06	-0.018984
1.310371e-06	-0.018984
1.312371e-06	-0.01886
1.314371e-06	-0.01886
1.316371e-06	-0.018612
1.318371e-06	-0.019232
1.320371e-06	-0.018984
1.322371e-06	-0.019294
1.324371e-06	-0.01886
1.326371e-06	-0.018674
1.328371e-06	-0.018736
1.330371e-06	-0.018488
1.332371e-06	-0.017992
1.334371e-06	-0.018116
1.336371e-06	-0.01824
1.338371e-06	-0.018364
1.340371e-06	-0.018116
1.342371e-06	-0.018798
1.344371e-06	-0.018426
1.346371e-06	-0.018178
1.348371e-06	-0.018054
1.350371e-06	-0.01824
1.352371e-06	-0.018054
1.354371e-06	-0.018178
1.356371e-06	-0.018116
1.358371e-06	-0.018426
1.360371e-06	-0.018364
1.362371e-06	-0.019046
1.364371e-06	-0.018364
1.366371e-06	-0.018302
1.368371e-06	-0.017868
1.370371e-06	-0.017868
1.372371e-06	-0.01824
1.374371e-06	-0.018488
1.376371e-06	-0.018426
1.378371e-06	-0.018922
1.380371e-06	-0.018984
1.382371e-06	-0.019418
1.384371e-06	-0.019294
1.386371e-06	-0.01917
1.388371e-06	-0.019418
1.390371e-06	-0.01948
1.392371e-06	-0.01948
1.394371e-06	-0.019542
1.396371e-06	-0.019418
1.398371e-06	-0.019542
1.400371e-06	-0.019418
1.402371e-06	-0.019294
1.404371e-06	-0.018736
1.406371e-06	-0.018798
1.408371e-06	-0.019232
1.410371e-06	-0.019046
1.412371e-06	-0.018116
1.414371e-06	-0.01731
1.416371e-06	-0.017372
1.418371e-06	-0.01762
1.420371e-06	-0.017062
1.422371e-06	-0.017248
1.424371e-06	-0.016938
1.426371e-06	-0.017186
1.428371e-06	-0.017
1.430371e-06	-0.017124
1.432371e-06	-0.017124
1.434371e-06	-0.017062
1.436371e-06	-0.016752
1.438371e-06	-0.016876
1.440371e-06	-0.01669
1.442371e-06	-0.01669
1.444371e-06	-0.016442
1.446371e-06	-0.016628
1.448371e-06	-0.016876
1.450371e-06	-0.017248
1.452371e-06	-0.017062
1.454371e-06	-0.017186
1.456371e-06	-0.017248
1.458371e-06	-0.017372
1.460371e-06	-0.017
1.462371e-06	-0.017372
1.464371e-06	-0.017372
1.466371e-06	-0.017496
1.468371e-06	-0.017186
1.470371e-06	-0.017496
1.472371e-06	-0.01731
1.474371e-06	-0.017682
1.476371e-06	-0.017186
1.478371e-06	-0.01731
1.480371e-06	-0.01731
1.482371e-06	-0.017868
1.484371e-06	-0.01762
1.486371e-06	-0.018178
1.488371e-06	-0.01824
1.490371e-06	-0.01824
1.492371e-06	-0.018054
1.494371e-06	-0.018054
1.496371e-06	-0.017868
1.498371e-06	-0.01793
1.500371e-06	-0.01824
1.502371e-06	-0.018054
1.504371e-06	-0.01793
1.506371e-06	-0.01824
1.508371e-06	-0.018798
1.510371e-06	-0.019108
1.512371e-06	-0.01886
1.514371e-06	-0.018798
1.516371e-06	-0.018426
1.518371e-06	-0.018612
1.520371e-06	-0.018488
1.522371e-06	-0.018302
1.524371e-06	-0.018364
1.526371e-06	-0.018736
1.528371e-06	-0.018798
1.530371e-06	-0.018612
1.532371e-06	-0.018178
1.534371e-06	-0.018798
1.536371e-06	-0.018426
1.538371e-06	-0.018674
1.540371e-06	-0.018488
1.542371e-06	-0.018364
1.544371e-06	-0.018798
1.546371e-06	-0.018612
1.548371e-06	-0.018612
1.550371e-06	-0.018922
1.552371e-06	-0.019046
1.554371e-06	-0.019046
1.556371e-06	-0.018674
1.558371e-06	-0.01917
1.560371e-06	-0.01886
1.562371e-06	-0.019294
1.564371e-06	-0.018984
1.566371e-06	-0.01917
1.568371e-06	-0.01948
1.570371e-06	-0.019666
1.572371e-06	-0.01917
1.574371e-06	-0.019108
1.576371e-06	-0.019294
1.578371e-06	-0.019294
1.580371e-06	-0.018922
1.582371e-06	-0.019232
1.584371e-06	-0.019294
1.586371e-06	-0.019542
1.588371e-06	-0.01948
1.590371e-06	-0.019666
1.592371e-06	-0.019418
1.594371e-06	-0.019542
1.596371e-06	-0.018984
1.598371e-06	-0.019294
1.600371e-06	-0.019232
1.602371e-06	-0.019604
1.604371e-06	-0.019046
1.606371e-06	-0.018798
1.608371e-06	-0.019232
1.610371e-06	-0.019418
1.612371e-06	-0.019294
1.614371e-06	-0.019108
1.616371e-06	-0.019108
1.618371e-06	-0.019418
1.620371e-06	-0.019356
1.622371e-06	-0.019418
1.624371e-06	-0.019108
1.626371e-06	-0.019046
1.628371e-06	-0.018426
1.630371e-06	-0.018426
1.632371e-06	-0.018612
1.634371e-06	-0.01855
1.636371e-06	-0.018302
1.638371e-06	-0.018674
1.640371e-06	-0.018798
1.642371e-06	-0.019356
1.644371e-06	-0.01917
1.646371e-06	-0.019232
1.648371e-06	-0.019232
1.650371e-06	-0.019294
1.652371e-06	-0.018984
1.654371e-06	-0.019294
1.656371e-06	-0.01948
1.658371e-06	-0.019294
1.660371e-06	-0.018798
1.662371e-06	-0.018612
1.664371e-06	-0.018736
1.666371e-06	-0.019232
1.668371e-06	-0.019418
1.670371e-06	-0.019046
1.672371e-06	-0.01886
1.674371e-06	-0.018922
1.676371e-06	-0.01886
1.678371e-06	-0.018612
1.680371e-06	-0.018612
1.682371e-06	-0.018674
1.684371e-06	-0.01948
1.686371e-06	-0.019604
1.688371e-06	-0.01917
1.690371e-06	-0.01948
1.692371e-06	-0.019728
1.694371e-06	-0.01979
1.696371e-06	-0.019852
1.698371e-06	-0.0201
1.700371e-06	-0.019976
1.702371e-06	-0.020162
1.704371e-06	-0.01979
1.706371e-06	-0.01948
1.708371e-06	-0.01886
1.710371e-06	-0.019542
1.712371e-06	-0.02041
1.714371e-06	-0.02041
1.716371e-06	-0.020472
1.718371e-06	-0.020162
1.720371e-06	-0.019976
1.722371e-06	-0.020534
1.724371e-06	-0.020472
1.726371e-06	-0.020348
1.728371e-06	-0.020038
1.730371e-06	-0.019852
1.732371e-06	-0.019976
1.734371e-06	-0.020472
1.736371e-06	-0.020348
1.738371e-06	-0.019914
1.740371e-06	-0.019294
1.742371e-06	-0.019728
1.744371e-06	-0.019542
1.746371e-06	-0.019914
1.748371e-06	-0.019976
1.750371e-06	-0.02072
1.752371e-06	-0.02041
1.754371e-06	-0.020534
1.756371e-06	-0.020472
1.758371e-06	-0.020782
1.760371e-06	-0.020906
1.762371e-06	-0.021216
1.764371e-06	-0.021092
1.766371e-06	-0.021154
1.768371e-06	-0.021216
1.770371e-06	-0.021278
1.772371e-06	-0.02134
1.774371e-06	-0.021774
1.776371e-06	-0.02165
1.778371e-06	-0.021464
1.780371e-06	-0.02134
1.782371e-06	-0.020906
1.784371e-06	-0.020534
1.786371e-06	-0.020596
1.788371e-06	-0.020658
1.790371e-06	-0.020906
1.792371e-06	-0.020782
1.794371e-06	-0.020658
1.796371e-06	-0.02041
1.798371e-06	-0.02072
1.800371e-06	-0.020658
1.802371e-06	-0.021216
1.804371e-06	-0.020782
1.806371e-06	-0.02072
1.808371e-06	-0.020534
1.810371e-06	-0.02072
1.812371e-06	-0.020162
1.814371e-06	-0.019852
1.816371e-06	-0.019418
1.818371e-06	-0.01948
1.820371e-06	-0.01917
1.822371e-06	-0.019232
1.824371e-06	-0.018922
1.826371e-06	-0.01886
1.828371e-06	-0.01855
1.830371e-06	-0.01886
1.832371e-06	-0.018674
1.834371e-06	-0.018798
1.836371e-06	-0.018178
1.838371e-06	-0.018302
1.840371e-06	-0.01762
1.842371e-06	-0.018116
1.844371e-06	-0.017434
1.846371e-06	-0.017558
1.848371e-06	-0.01731
1.850371e-06	-0.017558
1.852371e-06	-0.017682
1.854371e-06	-0.018054
1.856371e-06	-0.017868
1.858371e-06	-0.017744
1.860371e-06	-0.017558
1.862371e-06	-0.017868
1.864371e-06	-0.017806
1.866371e-06	-0.017992
1.868371e-06	-0.017744
1.870371e-06	-0.01793
1.872371e-06	-0.018302
1.874371e-06	-0.018612
1.876371e-06	-0.018674
1.878371e-06	-0.018674
1.880371e-06	-0.018364
1.882371e-06	-0.018488
1.884371e-06	-0.018302
1.886371e-06	-0.018798
1.888371e-06	-0.018612
1.890371e-06	-0.018798
1.892371e-06	-0.018984
1.894371e-06	-0.019108
1.896371e-06	-0.019232
1.898371e-06	-0.019356
1.900371e-06	-0.01886
1.902371e-06	-0.019232
1.904371e-06	-0.01886
1.906371e-06	-0.019108
1.908371e-06	-0.019046
1.910371e-06	-0.019108
1.912371e-06	-0.01886
1.914371e-06	-0.018798
1.916371e-06	-0.018674
1.918371e-06	-0.01886
1.920371e-06	-0.018302
1.922371e-06	-0.018426
1.924371e-06	-0.01855
1.926371e-06	-0.018364
1.928371e-06	-0.018612
1.930371e-06	-0.018674
1.932371e-06	-0.018798
1.934371e-06	-0.018922
1.936371e-06	-0.018674
1.938371e-06	-0.018674
1.940371e-06	-0.018922
1.942371e-06	-0.019542
1.944371e-06	-0.019046
1.946371e-06	-0.019232
1.948371e-06	-0.018984
1.950371e-06	-0.018984
1.952371e-06	-0.018736
1.954371e-06	-0.01917
1.956371e-06	-0.018922
1.958371e-06	-0.019046
1.960371e-06	-0.018612
1.962371e-06	-0.01886
1.964371e-06	-0.01793
1.966371e-06	-0.01762
1.968371e-06	-0.017496
1.970371e-06	-0.01731
1.972371e-06	-0.016938
1.974371e-06	-0.016938
1.976371e-06	-0.01669
1.978371e-06	-0.016628
1.980371e-06	-0.016132
1.982371e-06	-0.016008
1.984371e-06	-0.01607
1.986371e-06	-0.016318
1.988371e-06	-0.016194
1.990371e-06	-0.016008
1.992371e-06	-0.016132
1.994371e-06	-0.01607
1.996371e-06	-0.01576
1.998371e-06	-0.015574
2.000371e-06	-0.015574
2.002371e-06	-0.015636
2.004371e-06	-0.015512
2.006371e-06	-0.01545
2.008371e-06	-0.015264
2.010371e-06	-0.015326
2.012371e-06	-0.014582
2.014371e-06	-0.01452
2.016371e-06	-0.014334
2.018371e-06	-0.014086
2.020371e-06	-0.014458
2.022371e-06	-0.014706
2.024371e-06	-0.01483
2.026371e-06	-0.01483
2.028371e-06	-0.014706
2.030371e-06	-0.014644
2.032371e-06	-0.01483
2.034371e-06	-0.014954
2.036371e-06	-0.01483
2.038371e-06	-0.015264
2.040371e-06	-0.015698
2.042371e-06	-0.015698
2.044371e-06	-0.015574
2.046371e-06	-0.01607
2.048371e-06	-0.016008
2.050371e-06	-0.015946
2.052371e-06	-0.016194
2.054371e-06	-0.016752
2.056371e-06	-0.016628
2.058371e-06	-0.017124
2.060371e-06	-0.01731
2.062371e-06	-0.017558
2.064371e-06	-0.017682
2.066371e-06	-0.017806
2.068371e-06	-0.017744
2.070371e-06	-0.018178
2.072371e-06	-0.018178
2.074371e-06	-0.018302
2.076371e-06	-0.018178
2.078371e-06	-0.018736
2.080371e-06	-0.018736
2.082371e-06	-0.018798
2.084371e-06	-0.018922
2.086371e-06	-0.019418
2.088371e-06	-0.01917
2.090371e-06	-0.01948
2.092371e-06	-0.018984
2.094371e-06	-0.019232
2.096371e-06	-0.019356
2.098371e-06	-0.019604
2.100371e-06	-0.019232
2.102371e-06	-0.01948
2.104371e-06	-0.019418
2.106371e-06	-0.01948
2.108371e-06	-0.019294
2.110371e-06	-0.019604
2.112371e-06	-0.01948
2.114371e-06	-0.01917
2.116371e-06	-0.019108
2.118371e-06	-0.019666
2.120371e-06	-0.01948
2.122371e-06	-0.019852
2.124371e-06	-0.019542
2.126371e-06	-0.019418
2.128371e-06	-0.019604
2.130371e-06	-0.019728
2.132371e-06	-0.01948
2.134371e-06	-0.019728
2.136371e-06	-0.019666
2.138371e-06	-0.01948
2.140371e-06	-0.019108
2.142371e-06	-0.019542
2.144371e-06	-0.019418
2.146371e-06	-0.019418
2.148371e-06	-0.019108
2.150371e-06	-0.019356
2.152371e-06	-0.01886
2.154371e-06	-0.01855
2.156371e-06	-0.018302
2.158371e-06	-0.018116
2.160371e-06	-0.017682
2.162371e-06	-0.017496
2.164371e-06	-0.017186
2.166371e-06	-0.017186
2.168371e-06	-0.016628
2.170371e-06	-0.016752
2.172371e-06	-0.016566
2.174371e-06	-0.016256
2.176371e-06	-0.01607
2.178371e-06	-0.016442
2.180371e-06	-0.016752
2.182371e-06	-0.016938
2.184371e-06	-0.016876
2.186371e-06	-0.017
2.188371e-06	-0.016566
2.190371e-06	-0.017
2.192371e-06	-0.017
2.194371e-06	-0.01731
2.196371e-06	-0.016876
2.198371e-06	-0.016938
2.200371e-06	-0.016938
2.202371e-06	-0.016876
2.204371e-06	-0.016628
2.206371e-06	-0.016752
2.208371e-06	-0.016628
2.210371e-06	-0.017062
2.212371e-06	-0.016504
2.214371e-06	-0.01669
2.216371e-06	-0.01669
2.218371e-06	-0.016752
2.220371e-06	-0.016318
2.222371e-06	-0.016504
2.224371e-06	-0.016442
2.226371e-06	-0.016504
2.228371e-06	-0.01638
2.230371e-06	-0.016504
2.232371e-06	-0.016628
2.234371e-06	-0.01669
2.236371e-06	-0.016504
2.238371e-06	-0.016814
2.240371e-06	-0.016566
2.242371e-06	-0.01638
2.244371e-06	-0.01669
2.246371e-06	-0.016814
2.248371e-06	-0.01669
2.250371e-06	-0.016814
2.252371e-06	-0.016318
2.254371e-06	-0.016566
2.256371e-06	-0.016628
2.258371e-06	-0.017062
2.260371e-06	-0.01638
2.262371e-06	-0.016566
2.264371e-06	-0.01638
2.266371e-06	-0.01669
2.268371e-06	-0.01669
2.270371e-06	-0.016938
2.272371e-06	-0.017
2.274371e-06	-0.016814
2.276371e-06	-0.016566
2.278371e-06	-0.017062
2.280371e-06	-0.017496
2.282371e-06	-0.017868
2.284371e-06	-0.017744
2.286371e-06	-0.018178
2.288371e-06	-0.018488
2.290371e-06	-0.018674
2.292371e-06	-0.018612
2.294371e-06	-0.019108
2.296371e-06	-0.018984
2.298371e-06	-0.01917
2.300371e-06	-0.01855
2.302371e-06	-0.01886
2.304371e-06	-0.01886
2.306371e-06	-0.018798
2.308371e-06	-0.01886
2.310371e-06	-0.01917
2.312371e-06	-0.019232
2.314371e-06	-0.01917
2.316371e-06	-0.018922
2.318371e-06	-0.019294
2.320371e-06	-0.01948
2.322371e-06	-0.019232
2.324371e-06	-0.01917
2.326371e-06	-0.01948
2.328371e-06	-0.019666
2.330371e-06	-0.01948
2.332371e-06	-0.01917
2.334371e-06	-0.019666
2.336371e-06	-0.019666
2.338371e-06	-0.020038
2.340371e-06	-0.019542
2.342371e-06	-0.0201
2.344371e-06	-0.020162
2.346371e-06	-0.020286
2.348371e-06	-0.019976
2.350371e-06	-0.020286
2.352371e-06	-0.019976
2.354371e-06	-0.019728
2.356371e-06	-0.019728
2.358371e-06	-0.020162
2.360371e-06	-0.019914
2.362371e-06	-0.019976
2.364371e-06	-0.019666
2.366371e-06	-0.020162
2.368371e-06	-0.01979
2.370371e-06	-0.019728
2.372371e-06	-0.01948
2.374371e-06	-0.0201
2.376371e-06	-0.019666
2.378371e-06	-0.01979
2.380371e-06	-0.01979
2.382371e-06	-0.020534
2.384371e-06	-0.020162
2.386371e-06	-0.019914
2.388371e-06	-0.019294
2.390371e-06	-0.019542
2.392371e-06	-0.019418
2.394371e-06	-0.019604
2.396371e-06	-0.019046
2.398371e-06	-0.01948
2.400371e-06	-0.019914
2.402371e-06	-0.019976
2.404371e-06	-0.019666
2.406371e-06	-0.019728
2.408371e-06	-0.019728
2.410371e-06	-0.0201
2.412371e-06	-0.019604
2.414371e-06	-0.020286
2.416371e-06	-0.020224
2.418371e-06	-0.020348
2.420371e-06	-0.02041
2.422371e-06	-0.02041
2.424371e-06	-0.020534
2.426371e-06	-0.020596
2.428371e-06	-0.020286
2.430371e-06	-0.020534
2.432371e-06	-0.020658
2.434371e-06	-0.020844
2.436371e-06	-0.020534
2.438371e-06	-0.020596
2.440371e-06	-0.020596
2.442371e-06	-0.020596
2.444371e-06	-0.02041
2.446371e-06	-0.020658
2.448371e-06	-0.020472
2.450371e-06	-0.020286
2.452371e-06	-0.020162
2.454371e-06	-0.019976
2.456371e-06	-0.02041
2.458371e-06	-0.020844
2.460371e-06	-0.020534
2.462371e-06	-0.020658
2.464371e-06	-0.020844
2.466371e-06	-0.020968
2.468371e-06	-0.020658
2.470371e-06	-0.020224
2.472371e-06	-0.02041
2.474371e-06	-0.020844
2.476371e-06	-0.020906
2.478371e-06	-0.020906
2.480371e-06	-0.020658
2.482371e-06	-0.020658
2.484371e-06	-0.020286
2.486371e-06	-0.020534
2.488371e-06	-0.020162
2.490371e-06	-0.020596
2.492371e-06	-0.0201
2.494371e-06	-0.020348
2.496371e-06	-0.020472
2.498371e-06	-0.020596
2.500371e-06	-0.020534
