LECROYHDO6104A	50809	Waveform
Segments	1	SegmentSize	2502
Segment	TrigTime	TimeSinceSegment1
#1	19-Dec-2022 19:42:43	0                 
Time	Ampl
-2.500461e-06	-0.021161
-2.498461e-06	-0.021064
-2.496461e-06	-0.02087
-2.494461e-06	-0.02087
-2.492461e-06	-0.020967
-2.490461e-06	-0.020773
-2.488461e-06	-0.0199
-2.486461e-06	-0.019803
-2.484461e-06	-0.020385
-2.482461e-06	-0.020094
-2.480461e-06	-0.019803
-2.478461e-06	-0.020482
-2.476461e-06	-0.020482
-2.474461e-06	-0.020385
-2.472461e-06	-0.019706
-2.470461e-06	-0.020385
-2.468461e-06	-0.020676
-2.466461e-06	-0.02087
-2.464461e-06	-0.020482
-2.462461e-06	-0.0199
-2.460461e-06	-0.019803
-2.458461e-06	-0.020288
-2.456461e-06	-0.019997
-2.454461e-06	-0.019706
-2.452461e-06	-0.019997
-2.450461e-06	-0.020191
-2.448461e-06	-0.019803
-2.446461e-06	-0.020094
-2.444461e-06	-0.020385
-2.442461e-06	-0.019997
-2.440461e-06	-0.019997
-2.438461e-06	-0.020191
-2.436461e-06	-0.019609
-2.434461e-06	-0.019803
-2.432461e-06	-0.019221
-2.430461e-06	-0.019512
-2.428461e-06	-0.0199
-2.426461e-06	-0.0199
-2.424461e-06	-0.019803
-2.422461e-06	-0.019706
-2.420461e-06	-0.019997
-2.418461e-06	-0.020288
-2.416461e-06	-0.0199
-2.414461e-06	-0.020288
-2.412461e-06	-0.019318
-2.410461e-06	-0.019609
-2.408461e-06	-0.019706
-2.406461e-06	-0.019609
-2.404461e-06	-0.019124
-2.402461e-06	-0.019221
-2.400461e-06	-0.018445
-2.398461e-06	-0.018251
-2.396461e-06	-0.018833
-2.394461e-06	-0.019124
-2.392461e-06	-0.018057
-2.390461e-06	-0.018736
-2.388461e-06	-0.018833
-2.386461e-06	-0.018833
-2.384461e-06	-0.018639
-2.382461e-06	-0.01893
-2.380461e-06	-0.018833
-2.378461e-06	-0.018736
-2.376461e-06	-0.019415
-2.374461e-06	-0.019318
-2.372461e-06	-0.019512
-2.370461e-06	-0.019706
-2.368461e-06	-0.0199
-2.366461e-06	-0.019803
-2.364461e-06	-0.020288
-2.362461e-06	-0.020288
-2.360461e-06	-0.020385
-2.358461e-06	-0.020676
-2.356461e-06	-0.020288
-2.354461e-06	-0.020288
-2.352461e-06	-0.020094
-2.350461e-06	-0.020482
-2.348461e-06	-0.020191
-2.346461e-06	-0.020385
-2.344461e-06	-0.020288
-2.342461e-06	-0.020385
-2.340461e-06	-0.020288
-2.338461e-06	-0.020385
-2.336461e-06	-0.020191
-2.334461e-06	-0.020482
-2.332461e-06	-0.019997
-2.330461e-06	-0.020482
-2.328461e-06	-0.020773
-2.326461e-06	-0.021064
-2.324461e-06	-0.021064
-2.322461e-06	-0.021064
-2.320461e-06	-0.021161
-2.318461e-06	-0.021355
-2.316461e-06	-0.021646
-2.314461e-06	-0.022422
-2.312461e-06	-0.021743
-2.310461e-06	-0.022422
-2.308461e-06	-0.022131
-2.306461e-06	-0.022519
-2.304461e-06	-0.022131
-2.302461e-06	-0.022228
-2.300461e-06	-0.022519
-2.298461e-06	-0.023101
-2.296461e-06	-0.02281
-2.294461e-06	-0.022519
-2.292461e-06	-0.022131
-2.290461e-06	-0.022616
-2.288461e-06	-0.021937
-2.286461e-06	-0.022422
-2.284461e-06	-0.022131
-2.282461e-06	-0.022616
-2.280461e-06	-0.021743
-2.278461e-06	-0.021743
-2.276461e-06	-0.021743
-2.274461e-06	-0.021549
-2.272461e-06	-0.021646
-2.270461e-06	-0.021452
-2.268461e-06	-0.021549
-2.266461e-06	-0.021549
-2.264461e-06	-0.021161
-2.262461e-06	-0.021452
-2.260461e-06	-0.021646
-2.258461e-06	-0.021937
-2.256461e-06	-0.021258
-2.254461e-06	-0.021743
-2.252461e-06	-0.022034
-2.250461e-06	-0.022034
-2.248461e-06	-0.021646
-2.246461e-06	-0.021646
-2.244461e-06	-0.021355
-2.242461e-06	-0.021549
-2.240461e-06	-0.021452
-2.238461e-06	-0.021646
-2.236461e-06	-0.021937
-2.234461e-06	-0.022325
-2.232461e-06	-0.02184
-2.230461e-06	-0.022131
-2.228461e-06	-0.022228
-2.226461e-06	-0.022616
-2.224461e-06	-0.022422
-2.222461e-06	-0.022907
-2.220461e-06	-0.022907
-2.218461e-06	-0.022713
-2.216461e-06	-0.022519
-2.214461e-06	-0.022713
-2.212461e-06	-0.023101
-2.210461e-06	-0.023198
-2.208461e-06	-0.02281
-2.206461e-06	-0.022616
-2.204461e-06	-0.022713
-2.202461e-06	-0.023004
-2.200461e-06	-0.023004
-2.198461e-06	-0.022713
-2.196461e-06	-0.02281
-2.194461e-06	-0.023586
-2.192461e-06	-0.023295
-2.190461e-06	-0.023489
-2.188461e-06	-0.023004
-2.186461e-06	-0.023198
-2.184461e-06	-0.023004
-2.182461e-06	-0.023295
-2.180461e-06	-0.022616
-2.178461e-06	-0.023489
-2.176461e-06	-0.023489
-2.174461e-06	-0.022907
-2.172461e-06	-0.022422
-2.170461e-06	-0.022131
-2.168461e-06	-0.022713
-2.166461e-06	-0.022325
-2.164461e-06	-0.022713
-2.162461e-06	-0.023004
-2.160461e-06	-0.022422
-2.158461e-06	-0.022325
-2.156461e-06	-0.021646
-2.154461e-06	-0.021646
-2.152461e-06	-0.021452
-2.150461e-06	-0.021161
-2.148461e-06	-0.021549
-2.146461e-06	-0.021452
-2.144461e-06	-0.020773
-2.142461e-06	-0.021258
-2.140461e-06	-0.021258
-2.138461e-06	-0.021743
-2.136461e-06	-0.021646
-2.134461e-06	-0.021549
-2.132461e-06	-0.021743
-2.130461e-06	-0.022325
-2.128461e-06	-0.021937
-2.126461e-06	-0.022325
-2.124461e-06	-0.021743
-2.122461e-06	-0.021549
-2.120461e-06	-0.021743
-2.118461e-06	-0.021452
-2.116461e-06	-0.021743
-2.114461e-06	-0.022034
-2.112461e-06	-0.021452
-2.110461e-06	-0.021064
-2.108461e-06	-0.02087
-2.106461e-06	-0.02184
-2.104461e-06	-0.021258
-2.102461e-06	-0.02184
-2.100461e-06	-0.021743
-2.098461e-06	-0.022325
-2.096461e-06	-0.021646
-2.094461e-06	-0.021743
-2.092461e-06	-0.020967
-2.090461e-06	-0.021646
-2.088461e-06	-0.021064
-2.086461e-06	-0.02184
-2.084461e-06	-0.021452
-2.082461e-06	-0.022034
-2.080461e-06	-0.021646
-2.078461e-06	-0.021452
-2.076461e-06	-0.021549
-2.074461e-06	-0.022034
-2.072461e-06	-0.021452
-2.070461e-06	-0.022034
-2.068461e-06	-0.022034
-2.066461e-06	-0.022034
-2.064461e-06	-0.021452
-2.062461e-06	-0.022228
-2.060461e-06	-0.022325
-2.058461e-06	-0.021937
-2.056461e-06	-0.021743
-2.054461e-06	-0.021355
-2.052461e-06	-0.021549
-2.050461e-06	-0.021743
-2.048461e-06	-0.021064
-2.046461e-06	-0.021355
-2.044461e-06	-0.021937
-2.042461e-06	-0.022034
-2.040461e-06	-0.02184
-2.038461e-06	-0.022034
-2.036461e-06	-0.021646
-2.034461e-06	-0.022228
-2.032461e-06	-0.022325
-2.030461e-06	-0.022228
-2.028461e-06	-0.022325
-2.026461e-06	-0.021937
-2.024461e-06	-0.021743
-2.022461e-06	-0.022422
-2.020461e-06	-0.022228
-2.018461e-06	-0.022325
-2.016461e-06	-0.022325
-2.014461e-06	-0.022422
-2.012461e-06	-0.022519
-2.010461e-06	-0.022907
-2.008461e-06	-0.02281
-2.006461e-06	-0.022713
-2.004461e-06	-0.022616
-2.002461e-06	-0.023004
-2.000461e-06	-0.022713
-1.998461e-06	-0.023004
-1.996461e-06	-0.022422
-1.994461e-06	-0.022519
-1.992461e-06	-0.02184
-1.990461e-06	-0.022131
-1.988461e-06	-0.022034
-1.986461e-06	-0.022616
-1.984461e-06	-0.022131
-1.982461e-06	-0.021743
-1.980461e-06	-0.021646
-1.978461e-06	-0.021937
-1.976461e-06	-0.021161
-1.974461e-06	-0.021064
-1.972461e-06	-0.02087
-1.970461e-06	-0.020385
-1.968461e-06	-0.019803
-1.966461e-06	-0.020191
-1.964461e-06	-0.019803
-1.962461e-06	-0.019997
-1.960461e-06	-0.019318
-1.958461e-06	-0.019221
-1.956461e-06	-0.019221
-1.954461e-06	-0.019318
-1.952461e-06	-0.019221
-1.950461e-06	-0.019512
-1.948461e-06	-0.019221
-1.946461e-06	-0.019512
-1.944461e-06	-0.019803
-1.942461e-06	-0.020094
-1.940461e-06	-0.020385
-1.938461e-06	-0.019997
-1.936461e-06	-0.020191
-1.934461e-06	-0.020482
-1.932461e-06	-0.020288
-1.930461e-06	-0.020967
-1.928461e-06	-0.020676
-1.926461e-06	-0.020773
-1.924461e-06	-0.02087
-1.922461e-06	-0.020676
-1.920461e-06	-0.021064
-1.918461e-06	-0.021064
-1.916461e-06	-0.021452
-1.914461e-06	-0.021452
-1.912461e-06	-0.021355
-1.910461e-06	-0.021452
-1.908461e-06	-0.021743
-1.906461e-06	-0.022034
-1.904461e-06	-0.021452
-1.902461e-06	-0.022131
-1.900461e-06	-0.022325
-1.898461e-06	-0.022131
-1.896461e-06	-0.022325
-1.894461e-06	-0.022034
-1.892461e-06	-0.022034
-1.890461e-06	-0.021937
-1.888461e-06	-0.021452
-1.886461e-06	-0.021549
-1.884461e-06	-0.021064
-1.882461e-06	-0.021258
-1.880461e-06	-0.020773
-1.878461e-06	-0.020482
-1.876461e-06	-0.020094
-1.874461e-06	-0.019997
-1.872461e-06	-0.020191
-1.870461e-06	-0.019803
-1.868461e-06	-0.019318
-1.866461e-06	-0.019609
-1.864461e-06	-0.019124
-1.862461e-06	-0.019221
-1.860461e-06	-0.019124
-1.858461e-06	-0.019318
-1.856461e-06	-0.018445
-1.854461e-06	-0.018445
-1.852461e-06	-0.018251
-1.850461e-06	-0.018251
-1.848461e-06	-0.017572
-1.846461e-06	-0.017475
-1.844461e-06	-0.017281
-1.842461e-06	-0.016796
-1.840461e-06	-0.016796
-1.838461e-06	-0.01602
-1.836461e-06	-0.016311
-1.834461e-06	-0.01602
-1.832461e-06	-0.01602
-1.830461e-06	-0.015923
-1.828461e-06	-0.016311
-1.826461e-06	-0.016117
-1.824461e-06	-0.015729
-1.822461e-06	-0.01602
-1.820461e-06	-0.016117
-1.818461e-06	-0.016214
-1.816461e-06	-0.015632
-1.814461e-06	-0.015826
-1.812461e-06	-0.016117
-1.810461e-06	-0.01602
-1.808461e-06	-0.015729
-1.806461e-06	-0.016311
-1.804461e-06	-0.016117
-1.802461e-06	-0.016117
-1.800461e-06	-0.016117
-1.798461e-06	-0.016214
-1.796461e-06	-0.016505
-1.794461e-06	-0.016602
-1.792461e-06	-0.016214
-1.790461e-06	-0.016602
-1.788461e-06	-0.016796
-1.786461e-06	-0.016893
-1.784461e-06	-0.016602
-1.782461e-06	-0.016408
-1.780461e-06	-0.016699
-1.778461e-06	-0.01699
-1.776461e-06	-0.016893
-1.774461e-06	-0.017475
-1.772461e-06	-0.017378
-1.770461e-06	-0.01796
-1.768461e-06	-0.01796
-1.766461e-06	-0.018154
-1.764461e-06	-0.018542
-1.762461e-06	-0.018445
-1.760461e-06	-0.018542
-1.758461e-06	-0.019027
-1.756461e-06	-0.01893
-1.754461e-06	-0.019512
-1.752461e-06	-0.019318
-1.750461e-06	-0.019124
-1.748461e-06	-0.019221
-1.746461e-06	-0.019221
-1.744461e-06	-0.019512
-1.742461e-06	-0.0199
-1.740461e-06	-0.019609
-1.738461e-06	-0.019997
-1.736461e-06	-0.019609
-1.734461e-06	-0.019318
-1.732461e-06	-0.019415
-1.730461e-06	-0.018833
-1.728461e-06	-0.019221
-1.726461e-06	-0.019124
-1.724461e-06	-0.019415
-1.722461e-06	-0.019803
-1.720461e-06	-0.019997
-1.718461e-06	-0.020094
-1.716461e-06	-0.019803
-1.714461e-06	-0.019803
-1.712461e-06	-0.0199
-1.710461e-06	-0.019609
-1.708461e-06	-0.019415
-1.706461e-06	-0.019221
-1.704461e-06	-0.019221
-1.702461e-06	-0.019221
-1.700461e-06	-0.019415
-1.698461e-06	-0.019609
-1.696461e-06	-0.019221
-1.694461e-06	-0.019803
-1.692461e-06	-0.019512
-1.690461e-06	-0.020482
-1.688461e-06	-0.019997
-1.686461e-06	-0.0199
-1.684461e-06	-0.019706
-1.682461e-06	-0.019997
-1.680461e-06	-0.019803
-1.678461e-06	-0.0199
-1.676461e-06	-0.020094
-1.674461e-06	-0.020288
-1.672461e-06	-0.020094
-1.670461e-06	-0.019609
-1.668461e-06	-0.019512
-1.666461e-06	-0.019609
-1.664461e-06	-0.019318
-1.662461e-06	-0.019124
-1.660461e-06	-0.019415
-1.658461e-06	-0.019124
-1.656461e-06	-0.018445
-1.654461e-06	-0.018251
-1.652461e-06	-0.019221
-1.650461e-06	-0.019706
-1.648461e-06	-0.019221
-1.646461e-06	-0.018348
-1.644461e-06	-0.018542
-1.642461e-06	-0.019512
-1.640461e-06	-0.019609
-1.638461e-06	-0.019124
-1.636461e-06	-0.019124
-1.634461e-06	-0.019706
-1.632461e-06	-0.020191
-1.630461e-06	-0.020191
-1.628461e-06	-0.0199
-1.626461e-06	-0.020191
-1.624461e-06	-0.020579
-1.622461e-06	-0.020288
-1.620461e-06	-0.0199
-1.618461e-06	-0.020094
-1.616461e-06	-0.020191
-1.614461e-06	-0.020094
-1.612461e-06	-0.020385
-1.610461e-06	-0.020579
-1.608461e-06	-0.020094
-1.606461e-06	-0.020288
-1.604461e-06	-0.020482
-1.602461e-06	-0.02087
-1.600461e-06	-0.020094
-1.598461e-06	-0.020191
-1.596461e-06	-0.020385
-1.594461e-06	-0.02087
-1.592461e-06	-0.020191
-1.590461e-06	-0.020385
-1.588461e-06	-0.020482
-1.586461e-06	-0.020773
-1.584461e-06	-0.020094
-1.582461e-06	-0.020385
-1.580461e-06	-0.020094
-1.578461e-06	-0.020288
-1.576461e-06	-0.02087
-1.574461e-06	-0.021161
-1.572461e-06	-0.02087
-1.570461e-06	-0.020579
-1.568461e-06	-0.020482
-1.566461e-06	-0.020191
-1.564461e-06	-0.020385
-1.562461e-06	-0.020676
-1.560461e-06	-0.0199
-1.558461e-06	-0.020385
-1.556461e-06	-0.020288
-1.554461e-06	-0.020191
-1.552461e-06	-0.019512
-1.550461e-06	-0.019997
-1.548461e-06	-0.020579
-1.546461e-06	-0.020676
-1.544461e-06	-0.020191
-1.542461e-06	-0.019997
-1.540461e-06	-0.020094
-1.538461e-06	-0.020288
-1.536461e-06	-0.019706
-1.534461e-06	-0.0199
-1.532461e-06	-0.020288
-1.530461e-06	-0.020579
-1.528461e-06	-0.019803
-1.526461e-06	-0.019803
-1.524461e-06	-0.020288
-1.522461e-06	-0.020385
-1.520461e-06	-0.019997
-1.518461e-06	-0.020482
-1.516461e-06	-0.020288
-1.514461e-06	-0.020482
-1.512461e-06	-0.020482
-1.510461e-06	-0.020191
-1.508461e-06	-0.020579
-1.506461e-06	-0.020773
-1.504461e-06	-0.02087
-1.502461e-06	-0.020967
-1.500461e-06	-0.020385
-1.498461e-06	-0.021064
-1.496461e-06	-0.021161
-1.494461e-06	-0.021355
-1.492461e-06	-0.021161
-1.490461e-06	-0.021258
-1.488461e-06	-0.020967
-1.486461e-06	-0.020482
-1.484461e-06	-0.021161
-1.482461e-06	-0.02184
-1.480461e-06	-0.021355
-1.478461e-06	-0.021646
-1.476461e-06	-0.02184
-1.474461e-06	-0.021646
-1.472461e-06	-0.022228
-1.470461e-06	-0.022131
-1.468461e-06	-0.022034
-1.466461e-06	-0.022228
-1.464461e-06	-0.02184
-1.462461e-06	-0.022131
-1.460461e-06	-0.022131
-1.458461e-06	-0.022519
-1.456461e-06	-0.022131
-1.454461e-06	-0.022131
-1.452461e-06	-0.02281
-1.450461e-06	-0.023101
-1.448461e-06	-0.02184
-1.446461e-06	-0.022616
-1.444461e-06	-0.023004
-1.442461e-06	-0.02281
-1.440461e-06	-0.022519
-1.438461e-06	-0.022519
-1.436461e-06	-0.022519
-1.434461e-06	-0.022907
-1.432461e-06	-0.022325
-1.430461e-06	-0.022519
-1.428461e-06	-0.022325
-1.426461e-06	-0.022616
-1.424461e-06	-0.022131
-1.422461e-06	-0.022034
-1.420461e-06	-0.021937
-1.418461e-06	-0.022325
-1.416461e-06	-0.022422
-1.414461e-06	-0.022228
-1.412461e-06	-0.022422
-1.410461e-06	-0.02281
-1.408461e-06	-0.023101
-1.406461e-06	-0.022422
-1.404461e-06	-0.022228
-1.402461e-06	-0.022713
-1.400461e-06	-0.022713
-1.398461e-06	-0.022616
-1.396461e-06	-0.022325
-1.394461e-06	-0.022616
-1.392461e-06	-0.022519
-1.390461e-06	-0.022034
-1.388461e-06	-0.022325
-1.386461e-06	-0.022325
-1.384461e-06	-0.022131
-1.382461e-06	-0.02184
-1.380461e-06	-0.02184
-1.378461e-06	-0.022616
-1.376461e-06	-0.022325
-1.374461e-06	-0.022034
-1.372461e-06	-0.02184
-1.370461e-06	-0.021549
-1.368461e-06	-0.02087
-1.366461e-06	-0.021355
-1.364461e-06	-0.021161
-1.362461e-06	-0.021646
-1.360461e-06	-0.02087
-1.358461e-06	-0.020676
-1.356461e-06	-0.020676
-1.354461e-06	-0.02087
-1.352461e-06	-0.020773
-1.350461e-06	-0.020676
-1.348461e-06	-0.020288
-1.346461e-06	-0.020676
-1.344461e-06	-0.020288
-1.342461e-06	-0.020191
-1.340461e-06	-0.020288
-1.338461e-06	-0.0199
-1.336461e-06	-0.019124
-1.334461e-06	-0.019997
-1.332461e-06	-0.020094
-1.330461e-06	-0.019512
-1.328461e-06	-0.018639
-1.326461e-06	-0.018736
-1.324461e-06	-0.018639
-1.322461e-06	-0.018639
-1.320461e-06	-0.018639
-1.318461e-06	-0.018736
-1.316461e-06	-0.018833
-1.314461e-06	-0.019124
-1.312461e-06	-0.019027
-1.310461e-06	-0.018736
-1.308461e-06	-0.018833
-1.306461e-06	-0.019027
-1.304461e-06	-0.018833
-1.302461e-06	-0.018736
-1.300461e-06	-0.018736
-1.298461e-06	-0.018736
-1.296461e-06	-0.018057
-1.294461e-06	-0.018154
-1.292461e-06	-0.018445
-1.290461e-06	-0.018736
-1.288461e-06	-0.017863
-1.286461e-06	-0.017863
-1.284461e-06	-0.018154
-1.282461e-06	-0.018154
-1.280461e-06	-0.018251
-1.278461e-06	-0.017766
-1.276461e-06	-0.018542
-1.274461e-06	-0.018445
-1.272461e-06	-0.01796
-1.270461e-06	-0.017863
-1.268461e-06	-0.018251
-1.266461e-06	-0.018639
-1.264461e-06	-0.018251
-1.262461e-06	-0.018154
-1.260461e-06	-0.018639
-1.258461e-06	-0.018348
-1.256461e-06	-0.018639
-1.254461e-06	-0.018445
-1.252461e-06	-0.018154
-1.250461e-06	-0.01796
-1.248461e-06	-0.017572
-1.246461e-06	-0.018057
-1.244461e-06	-0.018251
-1.242461e-06	-0.018057
-1.240461e-06	-0.018154
-1.238461e-06	-0.018542
-1.236461e-06	-0.018833
-1.234461e-06	-0.018639
-1.232461e-06	-0.018445
-1.230461e-06	-0.018542
-1.228461e-06	-0.018542
-1.226461e-06	-0.018639
-1.224461e-06	-0.018639
-1.222461e-06	-0.019027
-1.220461e-06	-0.01893
-1.218461e-06	-0.019415
-1.216461e-06	-0.019318
-1.214461e-06	-0.019124
-1.212461e-06	-0.019318
-1.210461e-06	-0.019415
-1.208461e-06	-0.019027
-1.206461e-06	-0.020094
-1.204461e-06	-0.019221
-1.202461e-06	-0.019609
-1.200461e-06	-0.019706
-1.198461e-06	-0.020094
-1.196461e-06	-0.020191
-1.194461e-06	-0.019997
-1.192461e-06	-0.019609
-1.190461e-06	-0.019997
-1.188461e-06	-0.020288
-1.186461e-06	-0.020579
-1.184461e-06	-0.020579
-1.182461e-06	-0.021355
-1.180461e-06	-0.020773
-1.178461e-06	-0.021355
-1.176461e-06	-0.020967
-1.174461e-06	-0.021258
-1.172461e-06	-0.021355
-1.170461e-06	-0.021161
-1.168461e-06	-0.020773
-1.166461e-06	-0.020773
-1.164461e-06	-0.02087
-1.162461e-06	-0.020773
-1.160461e-06	-0.020579
-1.158461e-06	-0.020385
-1.156461e-06	-0.021161
-1.154461e-06	-0.021355
-1.152461e-06	-0.020773
-1.150461e-06	-0.020482
-1.148461e-06	-0.020773
-1.146461e-06	-0.021161
-1.144461e-06	-0.021064
-1.142461e-06	-0.021452
-1.140461e-06	-0.021743
-1.138461e-06	-0.021937
-1.136461e-06	-0.020773
-1.134461e-06	-0.020579
-1.132461e-06	-0.020967
-1.130461e-06	-0.021064
-1.128461e-06	-0.021161
-1.126461e-06	-0.020967
-1.124461e-06	-0.020773
-1.122461e-06	-0.020385
-1.120461e-06	-0.020385
-1.118461e-06	-0.020676
-1.116461e-06	-0.020676
-1.114461e-06	-0.021161
-1.112461e-06	-0.019415
-1.110461e-06	-0.020191
-1.108461e-06	-0.020482
-1.106461e-06	-0.020482
-1.104461e-06	-0.0199
-1.102461e-06	-0.019609
-1.100461e-06	-0.019512
-1.098461e-06	-0.019318
-1.096461e-06	-0.018833
-1.094461e-06	-0.018833
-1.092461e-06	-0.01893
-1.090461e-06	-0.019415
-1.088461e-06	-0.019318
-1.086461e-06	-0.019997
-1.084461e-06	-0.0199
-1.082461e-06	-0.019997
-1.080461e-06	-0.020288
-1.078461e-06	-0.020288
-1.076461e-06	-0.020191
-1.074461e-06	-0.019803
-1.072461e-06	-0.019512
-1.070461e-06	-0.020191
-1.068461e-06	-0.020288
-1.066461e-06	-0.019803
-1.064461e-06	-0.020191
-1.062461e-06	-0.019997
-1.060461e-06	-0.020676
-1.058461e-06	-0.020482
-1.056461e-06	-0.020676
-1.054461e-06	-0.021161
-1.052461e-06	-0.021064
-1.050461e-06	-0.021355
-1.048461e-06	-0.021064
-1.046461e-06	-0.021258
-1.044461e-06	-0.021646
-1.042461e-06	-0.021355
-1.040461e-06	-0.021355
-1.038461e-06	-0.021646
-1.036461e-06	-0.021743
-1.034461e-06	-0.021743
-1.032461e-06	-0.021355
-1.030461e-06	-0.021355
-1.028461e-06	-0.021355
-1.026461e-06	-0.021549
-1.024461e-06	-0.020676
-1.022461e-06	-0.020773
-1.020461e-06	-0.021161
-1.018461e-06	-0.021064
-1.016461e-06	-0.020967
-1.014461e-06	-0.02087
-1.012461e-06	-0.020579
-1.010461e-06	-0.020191
-1.008461e-06	-0.020288
-1.006461e-06	-0.020094
-1.004461e-06	-0.019997
-1.002461e-06	-0.019803
-1.000461e-06	-0.019318
-9.984606e-07	-0.019318
-9.964606e-07	-0.019124
-9.944606e-07	-0.019318
-9.924606e-07	-0.019027
-9.904606e-07	-0.019415
-9.884606e-07	-0.019318
-9.864606e-07	-0.019027
-9.844606e-07	-0.019027
-9.824606e-07	-0.019027
-9.804606e-07	-0.018833
-9.784606e-07	-0.01893
-9.764606e-07	-0.01893
-9.744606e-07	-0.019027
-9.724606e-07	-0.019124
-9.704606e-07	-0.019318
-9.684606e-07	-0.01893
-9.664606e-07	-0.018639
-9.644606e-07	-0.01893
-9.624606e-07	-0.018736
-9.604606e-07	-0.018833
-9.584606e-07	-0.018736
-9.564606e-07	-0.018833
-9.544606e-07	-0.018833
-9.524606e-07	-0.018542
-9.504606e-07	-0.019027
-9.484606e-07	-0.019027
-9.464606e-07	-0.01893
-9.444606e-07	-0.018445
-9.424606e-07	-0.018542
-9.404606e-07	-0.019027
-9.384606e-07	-0.019415
-9.364606e-07	-0.01893
-9.344606e-07	-0.019124
-9.324606e-07	-0.019221
-9.304606e-07	-0.019512
-9.284606e-07	-0.019221
-9.264606e-07	-0.019221
-9.244606e-07	-0.019318
-9.224606e-07	-0.019221
-9.204606e-07	-0.019027
-9.184606e-07	-0.019318
-9.164606e-07	-0.019415
-9.144606e-07	-0.019609
-9.124606e-07	-0.019512
-9.104606e-07	-0.019512
-9.084606e-07	-0.019124
-9.064606e-07	-0.019318
-9.044606e-07	-0.019609
-9.024606e-07	-0.019318
-9.004606e-07	-0.019512
-8.984606e-07	-0.019415
-8.964606e-07	-0.019124
-8.944606e-07	-0.019318
-8.924606e-07	-0.019512
-8.904606e-07	-0.019803
-8.884606e-07	-0.018833
-8.864606e-07	-0.019027
-8.844606e-07	-0.019221
-8.824606e-07	-0.019609
-8.804606e-07	-0.019124
-8.784606e-07	-0.019124
-8.764606e-07	-0.019027
-8.744606e-07	-0.018736
-8.724606e-07	-0.017863
-8.704606e-07	-0.017863
-8.684606e-07	-0.018154
-8.664606e-07	-0.018154
-8.644606e-07	-0.017766
-8.624606e-07	-0.01796
-8.604606e-07	-0.018445
-8.584606e-07	-0.018445
-8.564606e-07	-0.018154
-8.544606e-07	-0.017863
-8.524606e-07	-0.018251
-8.504606e-07	-0.017863
-8.484606e-07	-0.017572
-8.464606e-07	-0.017669
-8.444606e-07	-0.017572
-8.424606e-07	-0.017378
-8.404606e-07	-0.017184
-8.384606e-07	-0.017669
-8.364606e-07	-0.017475
-8.344606e-07	-0.017863
-8.324606e-07	-0.017863
-8.304606e-07	-0.018057
-8.284606e-07	-0.017766
-8.264606e-07	-0.018445
-8.244606e-07	-0.017863
-8.224606e-07	-0.018057
-8.204606e-07	-0.018542
-8.184606e-07	-0.018057
-8.164606e-07	-0.018057
-8.144606e-07	-0.018445
-8.124606e-07	-0.018251
-8.104606e-07	-0.018348
-8.084606e-07	-0.01796
-8.064606e-07	-0.018251
-8.044606e-07	-0.018833
-8.024606e-07	-0.018639
-8.004606e-07	-0.018542
-7.984606e-07	-0.018833
-7.964606e-07	-0.019027
-7.944606e-07	-0.019415
-7.924606e-07	-0.019318
-7.904606e-07	-0.019609
-7.884606e-07	-0.019609
-7.864606e-07	-0.019609
-7.844606e-07	-0.019803
-7.824606e-07	-0.019221
-7.804606e-07	-0.019512
-7.784606e-07	-0.019512
-7.764606e-07	-0.01893
-7.744606e-07	-0.019221
-7.724606e-07	-0.01893
-7.704606e-07	-0.01893
-7.684606e-07	-0.019027
-7.664606e-07	-0.019027
-7.644606e-07	-0.019124
-7.624606e-07	-0.019221
-7.604606e-07	-0.019318
-7.584606e-07	-0.0199
-7.564606e-07	-0.0199
-7.544606e-07	-0.019803
-7.524606e-07	-0.019609
-7.504606e-07	-0.0199
-7.484606e-07	-0.020094
-7.464606e-07	-0.019803
-7.444606e-07	-0.0199
-7.424606e-07	-0.020773
-7.404606e-07	-0.020967
-7.384606e-07	-0.02087
-7.364606e-07	-0.021258
-7.344606e-07	-0.02087
-7.324606e-07	-0.021355
-7.304606e-07	-0.021743
-7.284606e-07	-0.021452
-7.264606e-07	-0.021743
-7.244606e-07	-0.021743
-7.224606e-07	-0.02184
-7.204606e-07	-0.021549
-7.184606e-07	-0.021549
-7.164606e-07	-0.021549
-7.144606e-07	-0.021937
-7.124606e-07	-0.021646
-7.104606e-07	-0.022034
-7.084606e-07	-0.02184
-7.064606e-07	-0.022034
-7.044606e-07	-0.021549
-7.024606e-07	-0.021646
-7.004606e-07	-0.022034
-6.984606e-07	-0.022131
-6.964606e-07	-0.021452
-6.944606e-07	-0.021646
-6.924606e-07	-0.021064
-6.904606e-07	-0.021646
-6.884606e-07	-0.020676
-6.864606e-07	-0.020676
-6.844606e-07	-0.020676
-6.824606e-07	-0.020482
-6.804606e-07	-0.0199
-6.784606e-07	-0.019997
-6.764606e-07	-0.019318
-6.744606e-07	-0.019415
-6.724606e-07	-0.018833
-6.704606e-07	-0.019124
-6.684606e-07	-0.018736
-6.664606e-07	-0.019221
-6.644606e-07	-0.018348
-6.624606e-07	-0.018542
-6.604606e-07	-0.01893
-6.584606e-07	-0.018639
-6.564606e-07	-0.018736
-6.544606e-07	-0.018639
-6.524606e-07	-0.018639
-6.504606e-07	-0.019027
-6.484606e-07	-0.018542
-6.464606e-07	-0.018542
-6.444606e-07	-0.01893
-6.424606e-07	-0.019221
-6.404606e-07	-0.018736
-6.384606e-07	-0.01893
-6.364606e-07	-0.019124
-6.344606e-07	-0.019027
-6.324606e-07	-0.018639
-6.304606e-07	-0.019124
-6.284606e-07	-0.019415
-6.264606e-07	-0.019706
-6.244606e-07	-0.0199
-6.224606e-07	-0.020385
-6.204606e-07	-0.019997
-6.184606e-07	-0.020385
-6.164606e-07	-0.020094
-6.144606e-07	-0.020191
-6.124606e-07	-0.020482
-6.104606e-07	-0.020676
-6.084606e-07	-0.020288
-6.064606e-07	-0.020385
-6.044606e-07	-0.020288
-6.024606e-07	-0.020579
-6.004606e-07	-0.020482
-5.984606e-07	-0.021064
-5.964606e-07	-0.020385
-5.944606e-07	-0.020579
-5.924606e-07	-0.020482
-5.904606e-07	-0.020482
-5.884606e-07	-0.020579
-5.864606e-07	-0.02087
-5.844606e-07	-0.020773
-5.824606e-07	-0.021161
-5.804606e-07	-0.020967
-5.784606e-07	-0.021549
-5.764606e-07	-0.021064
-5.744606e-07	-0.020676
-5.724606e-07	-0.021064
-5.704606e-07	-0.021355
-5.684606e-07	-0.02087
-5.664606e-07	-0.021161
-5.644606e-07	-0.021258
-5.624606e-07	-0.021646
-5.604606e-07	-0.020967
-5.584606e-07	-0.020967
-5.564606e-07	-0.020773
-5.544606e-07	-0.020579
-5.524606e-07	-0.020385
-5.504606e-07	-0.019997
-5.484606e-07	-0.019706
-5.464606e-07	-0.020094
-5.444606e-07	-0.019512
-5.424606e-07	-0.019706
-5.404606e-07	-0.019609
-5.384606e-07	-0.019609
-5.364606e-07	-0.019609
-5.344606e-07	-0.019803
-5.324606e-07	-0.019415
-5.304606e-07	-0.019609
-5.284606e-07	-0.019318
-5.264606e-07	-0.019318
-5.244606e-07	-0.019124
-5.224606e-07	-0.019027
-5.204606e-07	-0.018736
-5.184606e-07	-0.019221
-5.164606e-07	-0.019512
-5.144606e-07	-0.019221
-5.124606e-07	-0.018639
-5.104606e-07	-0.018736
-5.084606e-07	-0.018542
-5.064606e-07	-0.018639
-5.044606e-07	-0.018736
-5.024606e-07	-0.018348
-5.004606e-07	-0.018251
-4.984606e-07	-0.018445
-4.964606e-07	-0.018348
-4.944606e-07	-0.018348
-4.924606e-07	-0.018542
-4.904606e-07	-0.018639
-4.884606e-07	-0.017863
-4.864606e-07	-0.017863
-4.844606e-07	-0.018154
-4.824606e-07	-0.018154
-4.804606e-07	-0.017766
-4.784606e-07	-0.018154
-4.764606e-07	-0.018057
-4.744606e-07	-0.017863
-4.724606e-07	-0.017863
-4.704606e-07	-0.017863
-4.684606e-07	-0.018251
-4.664606e-07	-0.017378
-4.644606e-07	-0.017378
-4.624606e-07	-0.017766
-4.604606e-07	-0.017475
-4.584606e-07	-0.017572
-4.564606e-07	-0.017281
-4.544606e-07	-0.017766
-4.524606e-07	-0.017669
-4.504606e-07	-0.017087
-4.484606e-07	-0.016505
-4.464606e-07	-0.016602
-4.444606e-07	-0.017087
-4.424606e-07	-0.017087
-4.404606e-07	-0.016602
-4.384606e-07	-0.016796
-4.364606e-07	-0.016602
-4.344606e-07	-0.016796
-4.324606e-07	-0.016311
-4.304606e-07	-0.016796
-4.284606e-07	-0.017184
-4.264606e-07	-0.017184
-4.244606e-07	-0.016602
-4.224606e-07	-0.017281
-4.204606e-07	-0.017766
-4.184606e-07	-0.01796
-4.164606e-07	-0.017766
-4.144606e-07	-0.017863
-4.124606e-07	-0.017669
-4.104606e-07	-0.01796
-4.084606e-07	-0.017475
-4.064606e-07	-0.017572
-4.044606e-07	-0.017184
-4.024606e-07	-0.017475
-4.004606e-07	-0.017766
-3.984606e-07	-0.017475
-3.964606e-07	-0.017281
-3.944606e-07	-0.017475
-3.924606e-07	-0.016602
-3.904606e-07	-0.016214
-3.884606e-07	-0.016699
-3.864606e-07	-0.016602
-3.844606e-07	-0.016214
-3.824606e-07	-0.016602
-3.804606e-07	-0.016602
-3.784606e-07	-0.016505
-3.764606e-07	-0.016796
-3.744606e-07	-0.017475
-3.724606e-07	-0.01699
-3.704606e-07	-0.017087
-3.684606e-07	-0.016796
-3.664606e-07	-0.016796
-3.644606e-07	-0.01699
-3.624606e-07	-0.017087
-3.604606e-07	-0.016893
-3.584606e-07	-0.017087
-3.564606e-07	-0.017572
-3.544606e-07	-0.017281
-3.524606e-07	-0.017281
-3.504606e-07	-0.017475
-3.484606e-07	-0.018057
-3.464606e-07	-0.01796
-3.444606e-07	-0.017766
-3.424606e-07	-0.018057
-3.404606e-07	-0.018348
-3.384606e-07	-0.018348
-3.364606e-07	-0.018251
-3.344606e-07	-0.018445
-3.324606e-07	-0.018348
-3.304606e-07	-0.018348
-3.284606e-07	-0.018251
-3.264606e-07	-0.017863
-3.244606e-07	-0.018251
-3.224606e-07	-0.018348
-3.204606e-07	-0.01796
-3.184606e-07	-0.018348
-3.164606e-07	-0.01796
-3.144606e-07	-0.018154
-3.124606e-07	-0.018154
-3.104606e-07	-0.018542
-3.084606e-07	-0.018639
-3.064606e-07	-0.018833
-3.044606e-07	-0.018736
-3.024606e-07	-0.018445
-3.004606e-07	-0.018833
-2.984606e-07	-0.019124
-2.964606e-07	-0.01893
-2.944606e-07	-0.019221
-2.924606e-07	-0.018639
-2.904606e-07	-0.019415
-2.884606e-07	-0.019027
-2.864606e-07	-0.019027
-2.844606e-07	-0.019609
-2.824606e-07	-0.019512
-2.804606e-07	-0.018736
-2.784606e-07	-0.018833
-2.764606e-07	-0.019318
-2.744606e-07	-0.019609
-2.724606e-07	-0.019415
-2.704606e-07	-0.019706
-2.684606e-07	-0.019221
-2.664606e-07	-0.019415
-2.644606e-07	-0.019124
-2.624606e-07	-0.01893
-2.604606e-07	-0.019803
-2.584606e-07	-0.0199
-2.564606e-07	-0.019124
-2.544606e-07	-0.019027
-2.524606e-07	-0.01893
-2.504606e-07	-0.019027
-2.484606e-07	-0.018639
-2.464606e-07	-0.018833
-2.444606e-07	-0.019124
-2.424606e-07	-0.019124
-2.404606e-07	-0.018833
-2.384606e-07	-0.018542
-2.364606e-07	-0.018736
-2.344606e-07	-0.018736
-2.324606e-07	-0.017766
-2.304606e-07	-0.017669
-2.284606e-07	-0.017572
-2.264606e-07	-0.017766
-2.244606e-07	-0.017475
-2.224606e-07	-0.018251
-2.204606e-07	-0.017863
-2.184606e-07	-0.01796
-2.164606e-07	-0.01796
-2.144606e-07	-0.017572
-2.124606e-07	-0.017669
-2.104606e-07	-0.018057
-2.084606e-07	-0.017475
-2.064606e-07	-0.018251
-2.044606e-07	-0.018445
-2.024606e-07	-0.01893
-2.004606e-07	-0.01796
-1.984606e-07	-0.018348
-1.964606e-07	-0.018057
-1.944606e-07	-0.018251
-1.924606e-07	-0.017766
-1.904606e-07	-0.018154
-1.884606e-07	-0.01796
-1.864606e-07	-0.01796
-1.844606e-07	-0.017475
-1.824606e-07	-0.017669
-1.804606e-07	-0.017572
-1.784606e-07	-0.01796
-1.764606e-07	-0.017281
-1.744606e-07	-0.018057
-1.724606e-07	-0.01796
-1.704606e-07	-0.018154
-1.684606e-07	-0.017184
-1.664606e-07	-0.017863
-1.644606e-07	-0.018154
-1.624606e-07	-0.017475
-1.604606e-07	-0.017281
-1.584606e-07	-0.017475
-1.564606e-07	-0.017184
-1.544606e-07	-0.017669
-1.524606e-07	-0.017281
-1.504606e-07	-0.017669
-1.484606e-07	-0.017378
-1.464606e-07	-0.017475
-1.444606e-07	-0.016893
-1.424606e-07	-0.017184
-1.404606e-07	-0.017669
-1.384606e-07	-0.017669
-1.364606e-07	-0.017766
-1.344606e-07	-0.018445
-1.324606e-07	-0.018542
-1.304606e-07	-0.018445
-1.284606e-07	-0.017669
-1.264606e-07	-0.017669
-1.244606e-07	-0.018057
-1.224606e-07	-0.018251
-1.204606e-07	-0.018057
-1.184606e-07	-0.018251
-1.164606e-07	-0.018639
-1.144606e-07	-0.019124
-1.124606e-07	-0.019221
-1.104606e-07	-0.018736
-1.084606e-07	-0.019124
-1.064606e-07	-0.019706
-1.044606e-07	-0.019512
-1.024606e-07	-0.019512
-1.004606e-07	-0.0199
-9.846064e-08	-0.020288
-9.646064e-08	-0.020288
-9.446064e-08	-0.020482
-9.246064e-08	-0.020773
-9.046064e-08	-0.020579
-8.846064e-08	-0.020676
-8.646064e-08	-0.020482
-8.446064e-08	-0.021161
-8.246064e-08	-0.021452
-8.046064e-08	-0.021549
-7.846064e-08	-0.021258
-7.646064e-08	-0.021258
-7.446064e-08	-0.021258
-7.246064e-08	-0.020579
-7.046064e-08	-0.020676
-6.846064e-08	-0.020773
-6.646064e-08	-0.020288
-6.446064e-08	-0.02087
-6.246064e-08	-0.020676
-6.046064e-08	-0.02087
-5.846064e-08	-0.020676
-5.646064e-08	-0.020288
-5.446064e-08	-0.020385
-5.246064e-08	-0.020579
-5.046064e-08	-0.020482
-4.846064e-08	-0.020385
-4.646064e-08	-0.020967
-4.446064e-08	-0.020579
-4.246064e-08	-0.020676
-4.046064e-08	-0.020385
-3.846064e-08	-0.020288
-3.646064e-08	-0.020676
-3.446064e-08	-0.020579
-3.246064e-08	-0.020482
-3.046064e-08	-0.020385
-2.846064e-08	-0.020579
-2.646064e-08	-0.020967
-2.446064e-08	-0.020385
-2.246064e-08	-0.020676
-2.046064e-08	-0.021355
-1.846064e-08	-0.021064
-1.646064e-08	-0.020967
-1.446064e-08	-0.020288
-1.246064e-08	-0.021355
-1.046064e-08	-0.021161
-8.460641e-09	-0.020967
-6.460641e-09	-0.020773
-4.460641e-09	-0.020773
-2.460641e-09	-0.020676
-4.606409e-10	-0.020579
1.539359e-09	-0.020094
3.539359e-09	-0.020482
5.539359e-09	-0.020676
7.539359e-09	-0.020773
9.539359e-09	-0.020191
1.153936e-08	-0.020579
1.353936e-08	-0.019803
1.553936e-08	-0.019803
1.753936e-08	-0.019512
1.953936e-08	-0.019512
2.153936e-08	-0.019997
2.353936e-08	-0.019997
2.553936e-08	-0.019318
2.753936e-08	-0.020094
2.953936e-08	-0.019706
3.153936e-08	-0.019124
3.353936e-08	-0.019221
3.553936e-08	-0.019124
3.753936e-08	-0.019415
3.953936e-08	-0.019803
4.153936e-08	-0.019609
4.353936e-08	-0.019609
4.553936e-08	-0.019221
4.753936e-08	-0.019609
4.953936e-08	-0.019318
5.153936e-08	-0.019221
5.353936e-08	-0.019706
5.553936e-08	-0.01893
5.753936e-08	-0.018445
5.953936e-08	-0.018542
6.153936e-08	-0.019027
6.353936e-08	-0.018736
6.553936e-08	-0.018639
6.753936e-08	-0.018542
6.953936e-08	-0.018833
7.153936e-08	-0.018154
7.353936e-08	-0.018251
7.553936e-08	-0.018154
7.753936e-08	-0.018445
7.953936e-08	-0.017378
8.153936e-08	-0.017863
8.353936e-08	-0.018251
8.553936e-08	-0.018251
8.753936e-08	-0.017378
8.953936e-08	-0.017669
9.153936e-08	-0.017378
9.353936e-08	-0.017475
9.553936e-08	-0.016893
9.753936e-08	-0.01699
9.953936e-08	-0.017378
1.015394e-07	-0.016893
1.035394e-07	-0.016796
1.055394e-07	-0.016796
1.075394e-07	-0.016311
1.095394e-07	-0.016505
1.115394e-07	-0.015244
1.135394e-07	-0.015923
1.155394e-07	-0.015244
1.175394e-07	-0.01505
1.195394e-07	-0.013983
1.215394e-07	-0.014371
1.235394e-07	-0.014565
1.255394e-07	-0.014953
1.275394e-07	-0.013789
1.295394e-07	-0.013304
1.315394e-07	-0.011655
1.335394e-07	-0.008745
1.355394e-07	-0.001567
1.375394e-07	0.010364
1.395394e-07	0.027824
1.415394e-07	0.048194
1.435394e-07	0.070989
1.455394e-07	0.093396
1.475394e-07	0.114833
1.495394e-07	0.136367
1.515394e-07	0.155961
1.535394e-07	0.174197
1.555394e-07	0.191269
1.575394e-07	0.206498
1.595394e-07	0.220563
1.615394e-07	0.231718
1.635394e-07	0.24297
1.655394e-07	0.251118
1.675394e-07	0.259072
1.695394e-07	0.264989
1.715394e-07	0.270227
1.735394e-07	0.273428
1.755394e-07	0.276144
1.775394e-07	0.277211
1.795394e-07	0.277793
1.815394e-07	0.276726
1.835394e-07	0.276338
1.855394e-07	0.273525
1.875394e-07	0.270615
1.895394e-07	0.266347
1.915394e-07	0.26334
1.935394e-07	0.257811
1.955394e-07	0.253252
1.975394e-07	0.247529
1.995394e-07	0.24297
2.015394e-07	0.236568
2.035394e-07	0.230845
2.055394e-07	0.224152
2.075394e-07	0.218914
2.095394e-07	0.212318
2.115394e-07	0.20611
2.135394e-07	0.199417
2.155394e-07	0.192724
2.175394e-07	0.186031
2.195394e-07	0.179629
2.215394e-07	0.173421
2.235394e-07	0.167407
2.255394e-07	0.160423
2.275394e-07	0.154506
2.295394e-07	0.14791
2.315394e-07	0.142478
2.335394e-07	0.136755
2.355394e-07	0.131129
2.375394e-07	0.124824
2.395394e-07	0.119392
2.415394e-07	0.114251
2.435394e-07	0.109595
2.455394e-07	0.104551
2.475394e-07	0.100089
2.495394e-07	0.094851
2.515394e-07	0.090389
2.535394e-07	0.085345
2.555394e-07	0.081368
2.575394e-07	0.077003
2.595394e-07	0.072929
2.615394e-07	0.068467
2.635394e-07	0.065072
2.655394e-07	0.060319
2.675394e-07	0.057409
2.695394e-07	0.054402
2.715394e-07	0.051395
2.735394e-07	0.047612
2.755394e-07	0.045187
2.775394e-07	0.04218
2.795394e-07	0.039852
2.815394e-07	0.036845
2.835394e-07	0.034129
2.855394e-07	0.032092
2.875394e-07	0.029667
2.895394e-07	0.027533
2.915394e-07	0.025981
2.935394e-07	0.023362
2.955394e-07	0.021907
2.975394e-07	0.019579
2.995394e-07	0.018706
3.015394e-07	0.016572
3.035394e-07	0.015602
3.055394e-07	0.01405
3.075394e-07	0.012789
3.095394e-07	0.010946
3.115394e-07	0.010364
3.135394e-07	0.008618
3.155394e-07	0.007745
3.175394e-07	0.006484
3.195394e-07	0.006581
3.215394e-07	0.004641
3.235394e-07	0.003671
3.255394e-07	0.002507
3.275394e-07	0.001634
3.295394e-07	0.001052
3.315394e-07	8.2e-05
3.335394e-07	-0.000694
3.355394e-07	-0.000888
3.375394e-07	-0.001373
3.395394e-07	-0.002052
3.415394e-07	-0.003119
3.435394e-07	-0.003507
3.455394e-07	-0.003895
3.475394e-07	-0.004089
3.495394e-07	-0.004574
3.515394e-07	-0.004768
3.535394e-07	-0.005156
3.555394e-07	-0.004962
3.575394e-07	-0.006029
3.595394e-07	-0.006126
3.615394e-07	-0.00632
3.635394e-07	-0.007193
3.655394e-07	-0.007387
3.675394e-07	-0.006999
3.695394e-07	-0.007678
3.715394e-07	-0.008551
3.735394e-07	-0.008648
3.755394e-07	-0.008648
3.775394e-07	-0.009133
3.795394e-07	-0.008648
3.815394e-07	-0.009133
3.835394e-07	-0.009133
3.855394e-07	-0.009715
3.875394e-07	-0.010006
3.895394e-07	-0.010006
3.915394e-07	-0.009715
3.935394e-07	-0.010297
3.955394e-07	-0.010103
3.975394e-07	-0.010006
3.995394e-07	-0.009909
4.015394e-07	-0.0102
4.035394e-07	-0.009909
4.055394e-07	-0.010879
4.075394e-07	-0.009715
4.095394e-07	-0.010103
4.115394e-07	-0.009812
4.135394e-07	-0.0102
4.155394e-07	-0.010006
4.175394e-07	-0.01117
4.195394e-07	-0.010782
4.215394e-07	-0.011073
4.235394e-07	-0.010879
4.255394e-07	-0.011267
4.275394e-07	-0.011267
4.295394e-07	-0.011655
4.315394e-07	-0.011073
4.335394e-07	-0.012237
4.355394e-07	-0.011655
4.375394e-07	-0.012334
4.395394e-07	-0.012334
4.415394e-07	-0.012819
4.435394e-07	-0.012528
4.455394e-07	-0.012625
4.475394e-07	-0.012528
4.495394e-07	-0.013304
4.515394e-07	-0.013207
4.535394e-07	-0.01408
4.555394e-07	-0.013692
4.575394e-07	-0.014371
4.595394e-07	-0.014565
4.615394e-07	-0.014565
4.635394e-07	-0.014371
4.655394e-07	-0.015341
4.675394e-07	-0.015826
4.695394e-07	-0.015729
4.715394e-07	-0.015438
4.735394e-07	-0.015729
4.755394e-07	-0.015923
4.775394e-07	-0.015729
4.795394e-07	-0.015923
4.815394e-07	-0.016117
4.835394e-07	-0.016117
4.855394e-07	-0.016699
4.875394e-07	-0.016602
4.895394e-07	-0.016796
4.915394e-07	-0.017378
4.935394e-07	-0.017669
4.955394e-07	-0.017184
4.975394e-07	-0.018057
4.995394e-07	-0.018057
5.015394e-07	-0.018348
5.035394e-07	-0.017863
5.055394e-07	-0.018639
5.075394e-07	-0.018639
5.095394e-07	-0.019124
5.115394e-07	-0.018833
5.135394e-07	-0.018736
5.155394e-07	-0.018445
5.175394e-07	-0.01893
5.195394e-07	-0.01893
5.215394e-07	-0.019609
5.235394e-07	-0.0199
5.255394e-07	-0.020385
5.275394e-07	-0.019221
5.295394e-07	-0.019124
5.315394e-07	-0.018736
5.335394e-07	-0.018833
5.355394e-07	-0.019124
5.375394e-07	-0.018445
5.395394e-07	-0.019221
5.415394e-07	-0.019027
5.435394e-07	-0.019027
5.455394e-07	-0.019706
5.475394e-07	-0.019609
5.495394e-07	-0.020579
5.515394e-07	-0.020579
5.535394e-07	-0.020579
5.555394e-07	-0.021452
5.575394e-07	-0.021355
5.595394e-07	-0.021355
5.615394e-07	-0.021646
5.635394e-07	-0.021937
5.655394e-07	-0.022422
5.675394e-07	-0.021937
5.695394e-07	-0.022616
5.715394e-07	-0.022228
5.735394e-07	-0.022616
5.755394e-07	-0.022519
5.775394e-07	-0.022519
5.795394e-07	-0.022422
5.815394e-07	-0.022907
5.835394e-07	-0.022519
5.855394e-07	-0.022325
5.875394e-07	-0.022519
5.895394e-07	-0.022713
5.915394e-07	-0.02281
5.935394e-07	-0.02281
5.955394e-07	-0.022907
5.975394e-07	-0.023295
5.995394e-07	-0.02281
6.015394e-07	-0.023295
6.035394e-07	-0.023295
6.055394e-07	-0.023392
6.075394e-07	-0.023004
6.095394e-07	-0.022907
6.115394e-07	-0.023101
6.135394e-07	-0.023295
6.155394e-07	-0.023198
6.175394e-07	-0.02281
6.195394e-07	-0.023101
6.215394e-07	-0.022713
6.235394e-07	-0.022519
6.255394e-07	-0.022228
6.275394e-07	-0.022228
6.295394e-07	-0.022422
6.315394e-07	-0.022422
6.335394e-07	-0.022616
6.355394e-07	-0.022325
6.375394e-07	-0.022228
6.395394e-07	-0.02184
6.415394e-07	-0.021549
6.435394e-07	-0.02184
6.455394e-07	-0.021646
6.475394e-07	-0.021064
6.495394e-07	-0.021258
6.515394e-07	-0.021258
6.535394e-07	-0.021646
6.555394e-07	-0.021258
6.575394e-07	-0.021064
6.595394e-07	-0.021161
6.615394e-07	-0.020967
6.635394e-07	-0.020676
6.655394e-07	-0.020482
6.675394e-07	-0.020773
6.695394e-07	-0.020385
6.715394e-07	-0.019997
6.735394e-07	-0.019997
6.755394e-07	-0.019997
6.775394e-07	-0.019609
6.795394e-07	-0.019415
6.815394e-07	-0.019512
6.835394e-07	-0.019706
6.855394e-07	-0.019609
6.875394e-07	-0.018833
6.895394e-07	-0.019027
6.915394e-07	-0.019512
6.935394e-07	-0.019609
6.955394e-07	-0.019124
6.975394e-07	-0.018736
6.995394e-07	-0.018348
7.015394e-07	-0.018445
7.035394e-07	-0.018154
7.055394e-07	-0.018154
7.075394e-07	-0.017475
7.095394e-07	-0.017087
7.115394e-07	-0.01699
7.135394e-07	-0.016602
7.155394e-07	-0.016214
7.175394e-07	-0.016214
7.195394e-07	-0.015826
7.215394e-07	-0.015729
7.235394e-07	-0.01602
7.255394e-07	-0.015535
7.275394e-07	-0.01505
7.295394e-07	-0.01505
7.315394e-07	-0.015244
7.335394e-07	-0.015535
7.355394e-07	-0.015147
7.375394e-07	-0.015244
7.395394e-07	-0.015729
7.415394e-07	-0.015923
7.435394e-07	-0.015438
7.455394e-07	-0.015632
7.475394e-07	-0.015923
7.495394e-07	-0.016408
7.515394e-07	-0.01505
7.535394e-07	-0.015438
7.555394e-07	-0.015147
7.575394e-07	-0.015438
7.595394e-07	-0.014856
7.615394e-07	-0.014565
7.635394e-07	-0.015147
7.655394e-07	-0.014759
7.675394e-07	-0.014371
7.695394e-07	-0.014856
7.715394e-07	-0.01505
7.735394e-07	-0.015244
7.755394e-07	-0.014759
7.775394e-07	-0.015438
7.795394e-07	-0.015341
7.815394e-07	-0.015147
7.835394e-07	-0.014759
7.855394e-07	-0.014856
7.875394e-07	-0.015244
7.895394e-07	-0.015244
7.915394e-07	-0.014759
7.935394e-07	-0.015535
7.955394e-07	-0.015729
7.975394e-07	-0.016214
7.995394e-07	-0.01602
8.015394e-07	-0.01602
8.035394e-07	-0.01602
8.055394e-07	-0.016117
8.075394e-07	-0.016117
8.095394e-07	-0.016214
8.115394e-07	-0.016311
8.135394e-07	-0.016311
8.155394e-07	-0.016602
8.175394e-07	-0.01699
8.195394e-07	-0.017281
8.215394e-07	-0.017087
8.235394e-07	-0.017378
8.255394e-07	-0.017378
8.275394e-07	-0.01796
8.295394e-07	-0.018251
8.315394e-07	-0.01796
8.335394e-07	-0.018251
8.355394e-07	-0.018639
8.375394e-07	-0.018445
8.395394e-07	-0.018542
8.415394e-07	-0.018736
8.435394e-07	-0.018833
8.455394e-07	-0.019027
8.475394e-07	-0.019318
8.495394e-07	-0.019706
8.515394e-07	-0.019318
8.535394e-07	-0.019512
8.555394e-07	-0.018833
8.575394e-07	-0.019512
8.595394e-07	-0.01893
8.615394e-07	-0.01893
8.635394e-07	-0.018833
8.655394e-07	-0.01893
8.675394e-07	-0.01893
8.695394e-07	-0.019221
8.715394e-07	-0.019027
8.735394e-07	-0.019124
8.755394e-07	-0.019415
8.775394e-07	-0.020094
8.795394e-07	-0.019318
8.815394e-07	-0.019706
8.835394e-07	-0.0199
8.855394e-07	-0.0199
8.875394e-07	-0.0199
8.895394e-07	-0.019415
8.915394e-07	-0.019221
8.935394e-07	-0.019609
8.955394e-07	-0.019318
8.975394e-07	-0.01893
8.995394e-07	-0.019512
9.015394e-07	-0.0199
9.035394e-07	-0.019803
9.055394e-07	-0.020288
9.075394e-07	-0.020288
9.095394e-07	-0.020385
9.115394e-07	-0.020482
9.135394e-07	-0.02087
9.155394e-07	-0.021064
9.175394e-07	-0.021258
9.195394e-07	-0.021161
9.215394e-07	-0.021258
9.235394e-07	-0.021743
9.255394e-07	-0.021355
9.275394e-07	-0.021064
9.295394e-07	-0.021355
9.315394e-07	-0.021743
9.335394e-07	-0.021161
9.355394e-07	-0.021355
9.375394e-07	-0.020773
9.395394e-07	-0.021258
9.415394e-07	-0.021646
9.435394e-07	-0.021452
9.455394e-07	-0.021549
9.475394e-07	-0.02184
9.495394e-07	-0.021743
9.515394e-07	-0.021452
9.535394e-07	-0.021452
9.555394e-07	-0.021646
9.575394e-07	-0.021743
9.595394e-07	-0.022131
9.615394e-07	-0.021549
9.635394e-07	-0.021937
9.655394e-07	-0.022325
9.675394e-07	-0.021549
9.695394e-07	-0.021743
9.715394e-07	-0.022034
9.735394e-07	-0.022325
9.755394e-07	-0.021937
9.775394e-07	-0.021646
9.795394e-07	-0.021743
9.815394e-07	-0.021743
9.835394e-07	-0.021549
9.855394e-07	-0.022131
9.875394e-07	-0.022131
9.895394e-07	-0.022228
9.915394e-07	-0.022131
9.935394e-07	-0.022131
9.955394e-07	-0.021646
9.975394e-07	-0.021743
9.995394e-07	-0.021161
1.001539e-06	-0.021258
1.003539e-06	-0.021452
1.005539e-06	-0.021549
1.007539e-06	-0.020482
1.009539e-06	-0.020482
1.011539e-06	-0.020482
1.013539e-06	-0.020579
1.015539e-06	-0.020482
1.017539e-06	-0.020482
1.019539e-06	-0.020773
1.021539e-06	-0.020967
1.023539e-06	-0.020773
1.025539e-06	-0.020385
1.027539e-06	-0.020482
1.029539e-06	-0.020676
1.031539e-06	-0.020579
1.033539e-06	-0.020482
1.035539e-06	-0.020482
1.037539e-06	-0.020579
1.039539e-06	-0.020385
1.041539e-06	-0.020191
1.043539e-06	-0.020094
1.045539e-06	-0.020385
1.047539e-06	-0.019609
1.049539e-06	-0.019803
1.051539e-06	-0.020094
1.053539e-06	-0.019609
1.055539e-06	-0.019221
1.057539e-06	-0.019609
1.059539e-06	-0.019512
1.061539e-06	-0.019997
1.063539e-06	-0.019415
1.065539e-06	-0.0199
1.067539e-06	-0.019706
1.069539e-06	-0.019997
1.071539e-06	-0.019415
1.073539e-06	-0.019221
1.075539e-06	-0.019027
1.077539e-06	-0.018639
1.079539e-06	-0.018348
1.081539e-06	-0.018833
1.083539e-06	-0.018639
1.085539e-06	-0.019124
1.087539e-06	-0.018445
1.089539e-06	-0.018542
1.091539e-06	-0.018833
1.093539e-06	-0.019221
1.095539e-06	-0.018639
1.097539e-06	-0.01893
1.099539e-06	-0.018542
1.101539e-06	-0.018154
1.103539e-06	-0.018251
1.105539e-06	-0.018445
1.107539e-06	-0.018542
1.109539e-06	-0.018639
1.111539e-06	-0.018639
1.113539e-06	-0.018736
1.115539e-06	-0.018154
1.117539e-06	-0.017766
1.119539e-06	-0.017766
1.121539e-06	-0.018348
1.123539e-06	-0.01796
1.125539e-06	-0.018154
1.127539e-06	-0.017766
1.129539e-06	-0.017766
1.131539e-06	-0.018445
1.133539e-06	-0.018542
1.135539e-06	-0.017766
1.137539e-06	-0.01796
1.139539e-06	-0.018154
1.141539e-06	-0.01796
1.143539e-06	-0.017475
1.145539e-06	-0.017572
1.147539e-06	-0.017669
1.149539e-06	-0.018057
1.151539e-06	-0.017766
1.153539e-06	-0.018057
1.155539e-06	-0.018154
1.157539e-06	-0.017863
1.159539e-06	-0.01796
1.161539e-06	-0.017766
1.163539e-06	-0.018057
1.165539e-06	-0.018445
1.167539e-06	-0.017572
1.169539e-06	-0.01796
1.171539e-06	-0.017475
1.173539e-06	-0.017184
1.175539e-06	-0.017087
1.177539e-06	-0.017572
1.179539e-06	-0.017378
1.181539e-06	-0.017572
1.183539e-06	-0.017378
1.185539e-06	-0.017184
1.187539e-06	-0.017087
1.189539e-06	-0.017184
1.191539e-06	-0.016311
1.193539e-06	-0.016311
1.195539e-06	-0.016214
1.197539e-06	-0.016505
1.199539e-06	-0.01602
1.201539e-06	-0.016214
1.203539e-06	-0.016311
1.205539e-06	-0.015826
1.207539e-06	-0.015244
1.209539e-06	-0.015923
1.211539e-06	-0.015729
1.213539e-06	-0.01602
1.215539e-06	-0.015729
1.217539e-06	-0.016505
1.219539e-06	-0.016117
1.221539e-06	-0.016699
1.223539e-06	-0.016117
1.225539e-06	-0.016117
1.227539e-06	-0.01699
1.229539e-06	-0.016796
1.231539e-06	-0.016408
1.233539e-06	-0.016311
1.235539e-06	-0.016699
1.237539e-06	-0.017184
1.239539e-06	-0.016214
1.241539e-06	-0.016408
1.243539e-06	-0.016117
1.245539e-06	-0.01602
1.247539e-06	-0.015826
1.249539e-06	-0.015729
1.251539e-06	-0.016699
1.253539e-06	-0.016214
1.255539e-06	-0.016117
1.257539e-06	-0.016214
1.259539e-06	-0.016214
1.261539e-06	-0.016117
1.263539e-06	-0.015535
1.265539e-06	-0.015826
1.267539e-06	-0.01602
1.269539e-06	-0.016117
1.271539e-06	-0.016311
1.273539e-06	-0.016602
1.275539e-06	-0.016699
1.277539e-06	-0.016699
1.279539e-06	-0.015729
1.281539e-06	-0.016214
1.283539e-06	-0.016505
1.285539e-06	-0.016602
1.287539e-06	-0.016408
1.289539e-06	-0.016602
1.291539e-06	-0.016699
1.293539e-06	-0.016699
1.295539e-06	-0.016602
1.297539e-06	-0.017184
1.299539e-06	-0.017281
1.301539e-06	-0.01699
1.303539e-06	-0.01699
1.305539e-06	-0.017572
1.307539e-06	-0.018057
1.309539e-06	-0.018348
1.311539e-06	-0.018154
1.313539e-06	-0.018251
1.315539e-06	-0.018251
1.317539e-06	-0.018251
1.319539e-06	-0.018057
1.321539e-06	-0.018057
1.323539e-06	-0.018251
1.325539e-06	-0.018639
1.327539e-06	-0.018445
1.329539e-06	-0.017766
1.331539e-06	-0.017766
1.333539e-06	-0.018057
1.335539e-06	-0.017378
1.337539e-06	-0.017863
1.339539e-06	-0.018251
1.341539e-06	-0.018251
1.343539e-06	-0.017281
1.345539e-06	-0.018057
1.347539e-06	-0.018251
1.349539e-06	-0.018348
1.351539e-06	-0.018154
1.353539e-06	-0.018542
1.355539e-06	-0.018542
1.357539e-06	-0.018154
1.359539e-06	-0.017475
1.361539e-06	-0.017572
1.363539e-06	-0.017087
1.365539e-06	-0.017475
1.367539e-06	-0.017378
1.369539e-06	-0.017863
1.371539e-06	-0.017572
1.373539e-06	-0.017766
1.375539e-06	-0.017184
1.377539e-06	-0.01796
1.379539e-06	-0.018057
1.381539e-06	-0.018154
1.383539e-06	-0.017863
1.385539e-06	-0.017863
1.387539e-06	-0.018154
1.389539e-06	-0.018154
1.391539e-06	-0.018057
1.393539e-06	-0.01893
1.395539e-06	-0.019027
1.397539e-06	-0.019318
1.399539e-06	-0.018833
1.401539e-06	-0.019124
1.403539e-06	-0.019706
1.405539e-06	-0.020385
1.407539e-06	-0.020094
1.409539e-06	-0.02087
1.411539e-06	-0.021258
1.413539e-06	-0.021161
1.415539e-06	-0.020967
1.417539e-06	-0.021355
1.419539e-06	-0.020967
1.421539e-06	-0.021549
1.423539e-06	-0.021646
1.425539e-06	-0.021549
1.427539e-06	-0.021646
1.429539e-06	-0.021646
1.431539e-06	-0.021549
1.433539e-06	-0.021258
1.435539e-06	-0.021743
1.437539e-06	-0.022034
1.439539e-06	-0.021646
1.441539e-06	-0.021549
1.443539e-06	-0.02184
1.445539e-06	-0.02184
1.447539e-06	-0.021355
1.449539e-06	-0.021258
1.451539e-06	-0.021258
1.453539e-06	-0.021355
1.455539e-06	-0.021258
1.457539e-06	-0.021355
1.459539e-06	-0.021549
1.461539e-06	-0.02184
1.463539e-06	-0.021646
1.465539e-06	-0.021937
1.467539e-06	-0.022131
1.469539e-06	-0.022422
1.471539e-06	-0.022228
1.473539e-06	-0.022422
1.475539e-06	-0.022519
1.477539e-06	-0.022228
1.479539e-06	-0.022228
1.481539e-06	-0.022131
1.483539e-06	-0.021937
1.485539e-06	-0.022325
1.487539e-06	-0.021452
1.489539e-06	-0.021646
1.491539e-06	-0.021258
1.493539e-06	-0.021258
1.495539e-06	-0.02087
1.497539e-06	-0.020967
1.499539e-06	-0.021452
1.501539e-06	-0.021064
1.503539e-06	-0.020288
1.505539e-06	-0.020676
1.507539e-06	-0.020676
1.509539e-06	-0.020482
1.511539e-06	-0.02087
1.513539e-06	-0.020385
1.515539e-06	-0.020676
1.517539e-06	-0.021064
1.519539e-06	-0.020482
1.521539e-06	-0.020482
1.523539e-06	-0.020579
1.525539e-06	-0.020482
1.527539e-06	-0.019803
1.529539e-06	-0.020191
1.531539e-06	-0.019803
1.533539e-06	-0.0199
1.535539e-06	-0.019706
1.537539e-06	-0.019997
1.539539e-06	-0.019706
1.541539e-06	-0.019318
1.543539e-06	-0.019318
1.545539e-06	-0.019318
1.547539e-06	-0.0199
1.549539e-06	-0.019706
1.551539e-06	-0.019415
1.553539e-06	-0.019512
1.555539e-06	-0.019221
1.557539e-06	-0.019512
1.559539e-06	-0.01893
1.561539e-06	-0.019027
1.563539e-06	-0.019027
1.565539e-06	-0.019221
1.567539e-06	-0.018736
1.569539e-06	-0.018445
1.571539e-06	-0.01796
1.573539e-06	-0.018736
1.575539e-06	-0.017766
1.577539e-06	-0.018251
1.579539e-06	-0.017863
1.581539e-06	-0.018057
1.583539e-06	-0.017669
1.585539e-06	-0.017184
1.587539e-06	-0.017863
1.589539e-06	-0.017281
1.591539e-06	-0.01699
1.593539e-06	-0.01699
1.595539e-06	-0.017378
1.597539e-06	-0.017669
1.599539e-06	-0.017087
1.601539e-06	-0.017475
1.603539e-06	-0.017572
1.605539e-06	-0.017669
1.607539e-06	-0.017475
1.609539e-06	-0.017281
1.611539e-06	-0.017378
1.613539e-06	-0.017281
1.615539e-06	-0.017087
1.617539e-06	-0.017669
1.619539e-06	-0.017863
1.621539e-06	-0.017863
1.623539e-06	-0.018057
1.625539e-06	-0.018542
1.627539e-06	-0.018348
1.629539e-06	-0.018639
1.631539e-06	-0.018057
1.633539e-06	-0.018639
1.635539e-06	-0.018639
1.637539e-06	-0.018639
1.639539e-06	-0.018736
1.641539e-06	-0.019027
1.643539e-06	-0.018445
1.645539e-06	-0.01893
1.647539e-06	-0.018445
1.649539e-06	-0.019221
1.651539e-06	-0.019706
1.653539e-06	-0.019803
1.655539e-06	-0.019609
1.657539e-06	-0.018833
1.659539e-06	-0.019221
1.661539e-06	-0.019318
1.663539e-06	-0.019221
1.665539e-06	-0.019124
1.667539e-06	-0.019512
1.669539e-06	-0.019706
1.671539e-06	-0.019221
1.673539e-06	-0.019512
1.675539e-06	-0.019609
1.677539e-06	-0.019512
1.679539e-06	-0.020094
1.681539e-06	-0.020385
1.683539e-06	-0.020579
1.685539e-06	-0.020094
1.687539e-06	-0.019415
1.689539e-06	-0.020094
1.691539e-06	-0.020094
1.693539e-06	-0.019706
1.695539e-06	-0.020288
1.697539e-06	-0.020288
1.699539e-06	-0.019997
1.701539e-06	-0.020094
1.703539e-06	-0.019997
1.705539e-06	-0.020094
1.707539e-06	-0.0199
1.709539e-06	-0.019512
1.711539e-06	-0.019318
1.713539e-06	-0.019415
1.715539e-06	-0.019124
1.717539e-06	-0.019512
1.719539e-06	-0.01893
1.721539e-06	-0.019124
1.723539e-06	-0.018833
1.725539e-06	-0.019318
1.727539e-06	-0.018542
1.729539e-06	-0.018445
1.731539e-06	-0.018542
1.733539e-06	-0.018542
1.735539e-06	-0.01796
1.737539e-06	-0.017669
1.739539e-06	-0.018057
1.741539e-06	-0.018348
1.743539e-06	-0.018251
1.745539e-06	-0.01893
1.747539e-06	-0.018542
1.749539e-06	-0.018833
1.751539e-06	-0.01893
1.753539e-06	-0.018445
1.755539e-06	-0.018542
1.757539e-06	-0.018542
1.759539e-06	-0.018639
1.761539e-06	-0.01796
1.763539e-06	-0.018736
1.765539e-06	-0.018154
1.767539e-06	-0.017475
1.769539e-06	-0.017766
1.771539e-06	-0.017669
1.773539e-06	-0.017572
1.775539e-06	-0.01699
1.777539e-06	-0.017475
1.779539e-06	-0.018154
1.781539e-06	-0.018154
1.783539e-06	-0.017572
1.785539e-06	-0.018057
1.787539e-06	-0.018154
1.789539e-06	-0.018639
1.791539e-06	-0.017863
1.793539e-06	-0.018542
1.795539e-06	-0.018639
1.797539e-06	-0.018154
1.799539e-06	-0.018445
1.801539e-06	-0.018542
1.803539e-06	-0.018833
1.805539e-06	-0.019415
1.807539e-06	-0.019415
1.809539e-06	-0.0199
1.811539e-06	-0.019997
1.813539e-06	-0.020385
1.815539e-06	-0.019803
1.817539e-06	-0.019706
1.819539e-06	-0.019997
1.821539e-06	-0.020385
1.823539e-06	-0.020288
1.825539e-06	-0.019997
1.827539e-06	-0.019803
1.829539e-06	-0.020385
1.831539e-06	-0.019997
1.833539e-06	-0.020094
1.835539e-06	-0.019803
1.837539e-06	-0.019997
1.839539e-06	-0.019512
1.841539e-06	-0.019609
1.843539e-06	-0.019318
1.845539e-06	-0.020288
1.847539e-06	-0.0199
1.849539e-06	-0.0199
1.851539e-06	-0.019803
1.853539e-06	-0.0199
1.855539e-06	-0.019415
1.857539e-06	-0.019706
1.859539e-06	-0.019706
1.861539e-06	-0.0199
1.863539e-06	-0.019318
1.865539e-06	-0.019512
1.867539e-06	-0.018833
1.869539e-06	-0.019124
1.871539e-06	-0.018445
1.873539e-06	-0.018542
1.875539e-06	-0.018736
1.877539e-06	-0.018736
1.879539e-06	-0.018445
1.881539e-06	-0.018445
1.883539e-06	-0.017766
1.885539e-06	-0.018348
1.887539e-06	-0.017863
1.889539e-06	-0.018057
1.891539e-06	-0.018057
1.893539e-06	-0.018348
1.895539e-06	-0.018348
1.897539e-06	-0.019027
1.899539e-06	-0.018736
1.901539e-06	-0.018348
1.903539e-06	-0.017766
1.905539e-06	-0.018251
1.907539e-06	-0.018445
1.909539e-06	-0.019027
1.911539e-06	-0.018736
1.913539e-06	-0.019027
1.915539e-06	-0.018736
1.917539e-06	-0.018736
1.919539e-06	-0.018348
1.921539e-06	-0.018542
1.923539e-06	-0.018736
1.925539e-06	-0.018833
1.927539e-06	-0.018445
1.929539e-06	-0.018154
1.931539e-06	-0.018639
1.933539e-06	-0.018639
1.935539e-06	-0.018639
1.937539e-06	-0.01893
1.939539e-06	-0.019318
1.941539e-06	-0.019512
1.943539e-06	-0.019221
1.945539e-06	-0.0199
1.947539e-06	-0.019415
1.949539e-06	-0.019609
1.951539e-06	-0.019706
1.953539e-06	-0.019803
1.955539e-06	-0.019997
1.957539e-06	-0.020385
1.959539e-06	-0.020385
1.961539e-06	-0.020094
1.963539e-06	-0.020482
1.965539e-06	-0.0199
1.967539e-06	-0.019124
1.969539e-06	-0.019803
1.971539e-06	-0.019318
1.973539e-06	-0.019027
1.975539e-06	-0.018348
1.977539e-06	-0.018154
1.979539e-06	-0.018251
1.981539e-06	-0.018348
1.983539e-06	-0.017475
1.985539e-06	-0.017475
1.987539e-06	-0.017281
1.989539e-06	-0.017184
1.991539e-06	-0.016699
1.993539e-06	-0.016311
1.995539e-06	-0.016796
1.997539e-06	-0.016505
1.999539e-06	-0.015632
2.001539e-06	-0.01602
2.003539e-06	-0.015535
2.005539e-06	-0.015729
2.007539e-06	-0.015632
2.009539e-06	-0.01602
2.011539e-06	-0.016311
2.013539e-06	-0.01602
2.015539e-06	-0.015923
2.017539e-06	-0.015826
2.019539e-06	-0.01602
2.021539e-06	-0.015923
2.023539e-06	-0.015341
2.025539e-06	-0.015535
2.027539e-06	-0.016214
2.029539e-06	-0.016699
2.031539e-06	-0.016117
2.033539e-06	-0.015632
2.035539e-06	-0.016505
2.037539e-06	-0.01699
2.039539e-06	-0.016699
2.041539e-06	-0.016408
2.043539e-06	-0.016602
2.045539e-06	-0.016602
2.047539e-06	-0.016311
2.049539e-06	-0.016505
2.051539e-06	-0.016214
2.053539e-06	-0.016408
2.055539e-06	-0.016408
2.057539e-06	-0.01699
2.059539e-06	-0.016796
2.061539e-06	-0.017572
2.063539e-06	-0.017281
2.065539e-06	-0.017669
2.067539e-06	-0.018154
2.069539e-06	-0.017669
2.071539e-06	-0.017475
2.073539e-06	-0.01796
2.075539e-06	-0.01796
2.077539e-06	-0.018154
2.079539e-06	-0.01796
2.081539e-06	-0.01796
2.083539e-06	-0.018736
2.085539e-06	-0.01893
2.087539e-06	-0.019124
2.089539e-06	-0.018736
2.091539e-06	-0.019415
2.093539e-06	-0.019803
2.095539e-06	-0.019512
2.097539e-06	-0.019706
2.099539e-06	-0.019609
2.101539e-06	-0.019803
2.103539e-06	-0.019706
2.105539e-06	-0.019415
2.107539e-06	-0.020482
2.109539e-06	-0.019706
2.111539e-06	-0.019124
2.113539e-06	-0.019027
2.115539e-06	-0.019415
2.117539e-06	-0.019415
2.119539e-06	-0.018445
2.121539e-06	-0.018639
2.123539e-06	-0.018251
2.125539e-06	-0.018348
2.127539e-06	-0.018057
2.129539e-06	-0.017572
2.131539e-06	-0.017378
2.133539e-06	-0.017184
2.135539e-06	-0.016602
2.137539e-06	-0.016796
2.139539e-06	-0.01699
2.141539e-06	-0.016893
2.143539e-06	-0.016505
2.145539e-06	-0.016505
2.147539e-06	-0.016408
2.149539e-06	-0.016602
2.151539e-06	-0.015923
2.153539e-06	-0.01602
2.155539e-06	-0.016117
2.157539e-06	-0.016311
2.159539e-06	-0.015826
2.161539e-06	-0.016214
2.163539e-06	-0.015923
2.165539e-06	-0.016117
2.167539e-06	-0.01602
2.169539e-06	-0.016311
2.171539e-06	-0.016796
2.173539e-06	-0.017184
2.175539e-06	-0.016602
2.177539e-06	-0.016408
2.179539e-06	-0.01699
2.181539e-06	-0.016893
2.183539e-06	-0.016602
2.185539e-06	-0.01699
2.187539e-06	-0.016796
2.189539e-06	-0.01699
2.191539e-06	-0.016796
2.193539e-06	-0.016893
2.195539e-06	-0.016796
2.197539e-06	-0.016311
2.199539e-06	-0.015535
2.201539e-06	-0.015244
2.203539e-06	-0.015535
2.205539e-06	-0.015729
2.207539e-06	-0.014662
2.209539e-06	-0.014953
2.211539e-06	-0.014953
2.213539e-06	-0.015535
2.215539e-06	-0.014953
2.217539e-06	-0.014856
2.219539e-06	-0.015147
2.221539e-06	-0.01505
2.223539e-06	-0.014662
2.225539e-06	-0.014565
2.227539e-06	-0.015438
2.229539e-06	-0.015632
2.231539e-06	-0.015244
2.233539e-06	-0.015729
2.235539e-06	-0.015826
2.237539e-06	-0.015729
2.239539e-06	-0.015244
2.241539e-06	-0.015632
2.243539e-06	-0.016117
2.245539e-06	-0.016505
2.247539e-06	-0.01602
2.249539e-06	-0.016699
2.251539e-06	-0.017184
2.253539e-06	-0.017378
2.255539e-06	-0.017184
2.257539e-06	-0.017475
2.259539e-06	-0.017281
2.261539e-06	-0.017475
2.263539e-06	-0.017087
2.265539e-06	-0.017475
2.267539e-06	-0.01796
2.269539e-06	-0.01796
2.271539e-06	-0.017281
2.273539e-06	-0.017475
2.275539e-06	-0.017572
2.277539e-06	-0.017766
2.279539e-06	-0.017184
2.281539e-06	-0.01796
2.283539e-06	-0.017572
2.285539e-06	-0.018154
2.287539e-06	-0.018057
2.289539e-06	-0.017766
2.291539e-06	-0.018154
2.293539e-06	-0.018251
2.295539e-06	-0.017669
2.297539e-06	-0.018251
2.299539e-06	-0.018639
2.301539e-06	-0.018542
2.303539e-06	-0.018154
2.305539e-06	-0.018154
2.307539e-06	-0.019124
2.309539e-06	-0.019221
2.311539e-06	-0.019027
2.313539e-06	-0.019415
2.315539e-06	-0.019027
2.317539e-06	-0.019706
2.319539e-06	-0.019609
2.321539e-06	-0.020385
2.323539e-06	-0.020288
2.325539e-06	-0.021161
2.327539e-06	-0.020773
2.329539e-06	-0.020967
2.331539e-06	-0.02087
2.333539e-06	-0.021064
2.335539e-06	-0.020967
2.337539e-06	-0.020676
2.339539e-06	-0.020967
2.341539e-06	-0.021452
2.343539e-06	-0.021355
2.345539e-06	-0.021161
2.347539e-06	-0.021743
2.349539e-06	-0.02184
2.351539e-06	-0.02184
2.353539e-06	-0.02184
2.355539e-06	-0.021743
2.357539e-06	-0.022034
2.359539e-06	-0.021549
2.361539e-06	-0.021258
2.363539e-06	-0.02184
2.365539e-06	-0.022131
2.367539e-06	-0.022422
2.369539e-06	-0.022616
2.371539e-06	-0.022228
2.373539e-06	-0.02281
2.375539e-06	-0.022519
2.377539e-06	-0.022713
2.379539e-06	-0.022228
2.381539e-06	-0.02281
2.383539e-06	-0.022519
2.385539e-06	-0.022616
2.387539e-06	-0.022034
2.389539e-06	-0.022519
2.391539e-06	-0.022228
2.393539e-06	-0.022519
2.395539e-06	-0.022519
2.397539e-06	-0.022034
2.399539e-06	-0.02184
2.401539e-06	-0.02184
2.403539e-06	-0.022228
2.405539e-06	-0.022228
2.407539e-06	-0.021549
2.409539e-06	-0.02184
2.411539e-06	-0.02184
2.413539e-06	-0.021355
2.415539e-06	-0.021355
2.417539e-06	-0.021937
2.419539e-06	-0.022228
2.421539e-06	-0.022616
2.423539e-06	-0.021743
2.425539e-06	-0.022034
2.427539e-06	-0.022228
2.429539e-06	-0.022713
2.431539e-06	-0.021937
2.433539e-06	-0.022034
2.435539e-06	-0.022131
2.437539e-06	-0.022131
2.439539e-06	-0.022034
2.441539e-06	-0.022131
2.443539e-06	-0.021646
2.445539e-06	-0.021452
2.447539e-06	-0.021549
2.449539e-06	-0.021452
2.451539e-06	-0.021258
2.453539e-06	-0.02184
2.455539e-06	-0.021258
2.457539e-06	-0.021258
2.459539e-06	-0.021355
2.461539e-06	-0.021743
2.463539e-06	-0.021355
2.465539e-06	-0.021743
2.467539e-06	-0.022034
2.469539e-06	-0.022325
2.471539e-06	-0.022034
2.473539e-06	-0.022325
2.475539e-06	-0.021743
2.477539e-06	-0.022519
2.479539e-06	-0.021743
2.481539e-06	-0.02184
2.483539e-06	-0.021743
2.485539e-06	-0.021743
2.487539e-06	-0.020579
2.489539e-06	-0.020676
2.491539e-06	-0.02087
2.493539e-06	-0.020967
2.495539e-06	-0.020385
2.497539e-06	-0.0199
2.499539e-06	-0.020288
2.501539e-06	-0.02087
