LECROYHDO6104A	50809	Waveform
Segments	1	SegmentSize	2502
Segment	TrigTime	TimeSinceSegment1
#1	19-Dec-2022 19:47:32	0                 
Time	Ampl
-2.501747e-06	-0.02124
-2.499747e-06	-0.02307
-2.497747e-06	-0.02551
-2.495747e-06	-0.02307
-2.493747e-06	-0.02429
-2.491747e-06	-0.0249
-2.489747e-06	-0.02673
-2.487747e-06	-0.02368
-2.485747e-06	-0.02185
-2.483747e-06	-0.02307
-2.481747e-06	-0.02368
-2.479747e-06	-0.02307
-2.477747e-06	-0.02063
-2.475747e-06	-0.02185
-2.473747e-06	-0.02551
-2.471747e-06	-0.02429
-2.469747e-06	-0.02429
-2.467747e-06	-0.02246
-2.465747e-06	-0.02246
-2.463747e-06	-0.0249
-2.461747e-06	-0.02124
-2.459747e-06	-0.02429
-2.457747e-06	-0.02368
-2.455747e-06	-0.02307
-2.453747e-06	-0.02612
-2.451747e-06	-0.0249
-2.449747e-06	-0.02368
-2.447747e-06	-0.02551
-2.445747e-06	-0.02368
-2.443747e-06	-0.02185
-2.441747e-06	-0.02368
-2.439747e-06	-0.02612
-2.437747e-06	-0.02368
-2.435747e-06	-0.0249
-2.433747e-06	-0.02429
-2.431747e-06	-0.0249
-2.429747e-06	-0.02246
-2.427747e-06	-0.02429
-2.425747e-06	-0.02307
-2.423747e-06	-0.02124
-2.421747e-06	-0.02246
-2.419747e-06	-0.02246
-2.417747e-06	-0.02429
-2.415747e-06	-0.02734
-2.413747e-06	-0.02551
-2.411747e-06	-0.02368
-2.409747e-06	-0.02734
-2.407747e-06	-0.0249
-2.405747e-06	-0.0249
-2.403747e-06	-0.02307
-2.401747e-06	-0.02246
-2.399747e-06	-0.02429
-2.397747e-06	-0.02429
-2.395747e-06	-0.02795
-2.393747e-06	-0.02673
-2.391747e-06	-0.02551
-2.389747e-06	-0.02551
-2.387747e-06	-0.02612
-2.385747e-06	-0.02673
-2.383747e-06	-0.02673
-2.381747e-06	-0.02429
-2.379747e-06	-0.02429
-2.377747e-06	-0.02734
-2.375747e-06	-0.02673
-2.373747e-06	-0.02734
-2.371747e-06	-0.02307
-2.369747e-06	-0.02551
-2.367747e-06	-0.02917
-2.365747e-06	-0.02551
-2.363747e-06	-0.02368
-2.361747e-06	-0.02795
-2.359747e-06	-0.02734
-2.357747e-06	-0.02551
-2.355747e-06	-0.02185
-2.353747e-06	-0.02307
-2.351747e-06	-0.02612
-2.349747e-06	-0.0249
-2.347747e-06	-0.02551
-2.345747e-06	-0.02429
-2.343747e-06	-0.02917
-2.341747e-06	-0.02734
-2.339747e-06	-0.02063
-2.337747e-06	-0.02429
-2.335747e-06	-0.02673
-2.333747e-06	-0.02917
-2.331747e-06	-0.02612
-2.329747e-06	-0.02734
-2.327747e-06	-0.0249
-2.325747e-06	-0.02551
-2.323747e-06	-0.0249
-2.321747e-06	-0.02917
-2.319747e-06	-0.02734
-2.317747e-06	-0.02307
-2.315747e-06	-0.0249
-2.313747e-06	-0.02795
-2.311747e-06	-0.0249
-2.309747e-06	-0.02551
-2.307747e-06	-0.02368
-2.305747e-06	-0.0249
-2.303747e-06	-0.02429
-2.301747e-06	-0.02124
-2.299747e-06	-0.02185
-2.297747e-06	-0.02551
-2.295747e-06	-0.02185
-2.293747e-06	-0.02185
-2.291747e-06	-0.02429
-2.289747e-06	-0.02612
-2.287747e-06	-0.02429
-2.285747e-06	-0.02185
-2.283747e-06	-0.02185
-2.281747e-06	-0.02673
-2.279747e-06	-0.02612
-2.277747e-06	-0.02368
-2.275747e-06	-0.02124
-2.273747e-06	-0.02429
-2.271747e-06	-0.02612
-2.269747e-06	-0.02429
-2.267747e-06	-0.02368
-2.265747e-06	-0.02368
-2.263747e-06	-0.02429
-2.261747e-06	-0.02368
-2.259747e-06	-0.02429
-2.257747e-06	-0.02551
-2.255747e-06	-0.02673
-2.253747e-06	-0.02246
-2.251747e-06	-0.02368
-2.249747e-06	-0.02429
-2.247747e-06	-0.02429
-2.245747e-06	-0.02307
-2.243747e-06	-0.02246
-2.241747e-06	-0.02429
-2.239747e-06	-0.02307
-2.237747e-06	-0.02246
-2.235747e-06	-0.0249
-2.233747e-06	-0.02246
-2.231747e-06	-0.02429
-2.229747e-06	-0.02246
-2.227747e-06	-0.02307
-2.225747e-06	-0.02429
-2.223747e-06	-0.02429
-2.221747e-06	-0.02063
-2.219747e-06	-0.02307
-2.217747e-06	-0.01941
-2.215747e-06	-0.01941
-2.213747e-06	-0.02063
-2.211747e-06	-0.02063
-2.209747e-06	-0.02185
-2.207747e-06	-0.02246
-2.205747e-06	-0.02063
-2.203747e-06	-0.01941
-2.201747e-06	-0.02124
-2.199747e-06	-0.02124
-2.197747e-06	-0.02002
-2.195747e-06	-0.02063
-2.193747e-06	-0.02063
-2.191747e-06	-0.02124
-2.189747e-06	-0.02063
-2.187747e-06	-0.02002
-2.185747e-06	-0.02002
-2.183747e-06	-0.02063
-2.181747e-06	-0.01941
-2.179747e-06	-0.02124
-2.177747e-06	-0.02185
-2.175747e-06	-0.02063
-2.173747e-06	-0.01758
-2.171747e-06	-0.01941
-2.169747e-06	-0.02246
-2.167747e-06	-0.02185
-2.165747e-06	-0.0188
-2.163747e-06	-0.01697
-2.161747e-06	-0.02368
-2.159747e-06	-0.02002
-2.157747e-06	-0.02124
-2.155747e-06	-0.01941
-2.153747e-06	-0.02368
-2.151747e-06	-0.02185
-2.149747e-06	-0.02002
-2.147747e-06	-0.01819
-2.145747e-06	-0.01941
-2.143747e-06	-0.01941
-2.141747e-06	-0.02185
-2.139747e-06	-0.01941
-2.137747e-06	-0.02307
-2.135747e-06	-0.02612
-2.133747e-06	-0.02368
-2.131747e-06	-0.02124
-2.129747e-06	-0.02246
-2.127747e-06	-0.02307
-2.125747e-06	-0.01819
-2.123747e-06	-0.01758
-2.121747e-06	-0.02185
-2.119747e-06	-0.02246
-2.117747e-06	-0.02063
-2.115747e-06	-0.02124
-2.113747e-06	-0.02185
-2.111747e-06	-0.02429
-2.109747e-06	-0.0249
-2.107747e-06	-0.02185
-2.105747e-06	-0.02307
-2.103747e-06	-0.02551
-2.101747e-06	-0.02368
-2.099747e-06	-0.02063
-2.097747e-06	-0.02246
-2.095747e-06	-0.02246
-2.093747e-06	-0.01941
-2.091747e-06	-0.02307
-2.089747e-06	-0.02368
-2.087747e-06	-0.02307
-2.085747e-06	-0.02368
-2.083747e-06	-0.02368
-2.081747e-06	-0.02917
-2.079747e-06	-0.02429
-2.077747e-06	-0.02734
-2.075747e-06	-0.02307
-2.073747e-06	-0.02368
-2.071747e-06	-0.02612
-2.069747e-06	-0.02368
-2.067747e-06	-0.02307
-2.065747e-06	-0.02612
-2.063747e-06	-0.02368
-2.061747e-06	-0.02185
-2.059747e-06	-0.02307
-2.057747e-06	-0.02612
-2.055747e-06	-0.02551
-2.053747e-06	-0.02368
-2.051747e-06	-0.02429
-2.049747e-06	-0.0249
-2.047747e-06	-0.0249
-2.045747e-06	-0.02246
-2.043747e-06	-0.02368
-2.041747e-06	-0.02551
-2.039747e-06	-0.02856
-2.037747e-06	-0.02368
-2.035747e-06	-0.02307
-2.033747e-06	-0.0249
-2.031747e-06	-0.02673
-2.029747e-06	-0.0249
-2.027747e-06	-0.02246
-2.025747e-06	-0.02429
-2.023747e-06	-0.0249
-2.021747e-06	-0.0249
-2.019747e-06	-0.02429
-2.017747e-06	-0.02551
-2.015747e-06	-0.02612
-2.013747e-06	-0.0249
-2.011747e-06	-0.02429
-2.009747e-06	-0.02673
-2.007747e-06	-0.02673
-2.005747e-06	-0.02795
-2.003747e-06	-0.0249
-2.001747e-06	-0.02795
-1.999747e-06	-0.02917
-1.997747e-06	-0.02673
-1.995747e-06	-0.02612
-1.993747e-06	-0.02673
-1.991747e-06	-0.02795
-1.989747e-06	-0.02551
-1.987747e-06	-0.0249
-1.985747e-06	-0.02368
-1.983747e-06	-0.02551
-1.981747e-06	-0.02673
-1.979747e-06	-0.0249
-1.977747e-06	-0.02734
-1.975747e-06	-0.02795
-1.973747e-06	-0.02429
-1.971747e-06	-0.02673
-1.969747e-06	-0.02856
-1.967747e-06	-0.02917
-1.965747e-06	-0.02612
-1.963747e-06	-0.02429
-1.961747e-06	-0.02612
-1.959747e-06	-0.02551
-1.957747e-06	-0.02673
-1.955747e-06	-0.02734
-1.953747e-06	-0.02673
-1.951747e-06	-0.02246
-1.949747e-06	-0.02063
-1.947747e-06	-0.02307
-1.945747e-06	-0.0249
-1.943747e-06	-0.02307
-1.941747e-06	-0.02307
-1.939747e-06	-0.02307
-1.937747e-06	-0.02551
-1.935747e-06	-0.02429
-1.933747e-06	-0.02246
-1.931747e-06	-0.0249
-1.929747e-06	-0.02551
-1.927747e-06	-0.02917
-1.925747e-06	-0.02429
-1.923747e-06	-0.02429
-1.921747e-06	-0.02795
-1.919747e-06	-0.02612
-1.917747e-06	-0.02368
-1.915747e-06	-0.02612
-1.913747e-06	-0.02734
-1.911747e-06	-0.02673
-1.909747e-06	-0.0249
-1.907747e-06	-0.02368
-1.905747e-06	-0.02368
-1.903747e-06	-0.02246
-1.901747e-06	-0.02429
-1.899747e-06	-0.02246
-1.897747e-06	-0.0249
-1.895747e-06	-0.02307
-1.893747e-06	-0.02185
-1.891747e-06	-0.02368
-1.889747e-06	-0.02551
-1.887747e-06	-0.02612
-1.885747e-06	-0.02551
-1.883747e-06	-0.02307
-1.881747e-06	-0.02246
-1.879747e-06	-0.02368
-1.877747e-06	-0.02307
-1.875747e-06	-0.02185
-1.873747e-06	-0.02429
-1.871747e-06	-0.02368
-1.869747e-06	-0.01941
-1.867747e-06	-0.02063
-1.865747e-06	-0.0249
-1.863747e-06	-0.02551
-1.861747e-06	-0.02307
-1.859747e-06	-0.02246
-1.857747e-06	-0.02429
-1.855747e-06	-0.0249
-1.853747e-06	-0.02124
-1.851747e-06	-0.02246
-1.849747e-06	-0.02185
-1.847747e-06	-0.02307
-1.845747e-06	-0.02246
-1.843747e-06	-0.02246
-1.841747e-06	-0.02429
-1.839747e-06	-0.02307
-1.837747e-06	-0.02368
-1.835747e-06	-0.02124
-1.833747e-06	-0.02246
-1.831747e-06	-0.01941
-1.829747e-06	-0.02063
-1.827747e-06	-0.02124
-1.825747e-06	-0.02368
-1.823747e-06	-0.02429
-1.821747e-06	-0.02063
-1.819747e-06	-0.02185
-1.817747e-06	-0.02124
-1.815747e-06	-0.02246
-1.813747e-06	-0.02307
-1.811747e-06	-0.02185
-1.809747e-06	-0.02185
-1.807747e-06	-0.02734
-1.805747e-06	-0.02246
-1.803747e-06	-0.02307
-1.801747e-06	-0.02246
-1.799747e-06	-0.02612
-1.797747e-06	-0.02551
-1.795747e-06	-0.02307
-1.793747e-06	-0.02307
-1.791747e-06	-0.02551
-1.789747e-06	-0.0249
-1.787747e-06	-0.0249
-1.785747e-06	-0.02551
-1.783747e-06	-0.02673
-1.781747e-06	-0.02368
-1.779747e-06	-0.02246
-1.777747e-06	-0.02612
-1.775747e-06	-0.02673
-1.773747e-06	-0.02429
-1.771747e-06	-0.02124
-1.769747e-06	-0.02368
-1.767747e-06	-0.02368
-1.765747e-06	-0.02551
-1.763747e-06	-0.02002
-1.761747e-06	-0.0249
-1.759747e-06	-0.02673
-1.757747e-06	-0.02307
-1.755747e-06	-0.02002
-1.753747e-06	-0.02246
-1.751747e-06	-0.02612
-1.749747e-06	-0.0249
-1.747747e-06	-0.02307
-1.745747e-06	-0.02307
-1.743747e-06	-0.02368
-1.741747e-06	-0.02551
-1.739747e-06	-0.02246
-1.737747e-06	-0.02612
-1.735747e-06	-0.02673
-1.733747e-06	-0.02246
-1.731747e-06	-0.02124
-1.729747e-06	-0.0249
-1.727747e-06	-0.02673
-1.725747e-06	-0.02368
-1.723747e-06	-0.02185
-1.721747e-06	-0.0249
-1.719747e-06	-0.02551
-1.717747e-06	-0.02612
-1.715747e-06	-0.02185
-1.713747e-06	-0.02551
-1.711747e-06	-0.02612
-1.709747e-06	-0.02368
-1.707747e-06	-0.02368
-1.705747e-06	-0.02612
-1.703747e-06	-0.0249
-1.701747e-06	-0.02734
-1.699747e-06	-0.0249
-1.697747e-06	-0.02429
-1.695747e-06	-0.02551
-1.693747e-06	-0.02734
-1.691747e-06	-0.02368
-1.689747e-06	-0.02612
-1.687747e-06	-0.02612
-1.685747e-06	-0.02551
-1.683747e-06	-0.02551
-1.681747e-06	-0.02734
-1.679747e-06	-0.02612
-1.677747e-06	-0.02551
-1.675747e-06	-0.02246
-1.673747e-06	-0.02917
-1.671747e-06	-0.02734
-1.669747e-06	-0.02551
-1.667747e-06	-0.02612
-1.665747e-06	-0.02551
-1.663747e-06	-0.02551
-1.661747e-06	-0.02734
-1.659747e-06	-0.02551
-1.657747e-06	-0.02673
-1.655747e-06	-0.02307
-1.653747e-06	-0.02551
-1.651747e-06	-0.02368
-1.649747e-06	-0.02551
-1.647747e-06	-0.02734
-1.645747e-06	-0.02856
-1.643747e-06	-0.02429
-1.641747e-06	-0.02795
-1.639747e-06	-0.02551
-1.637747e-06	-0.02429
-1.635747e-06	-0.02734
-1.633747e-06	-0.02856
-1.631747e-06	-0.02856
-1.629747e-06	-0.02429
-1.627747e-06	-0.02307
-1.625747e-06	-0.02429
-1.623747e-06	-0.02795
-1.621747e-06	-0.02429
-1.619747e-06	-0.02734
-1.617747e-06	-0.02612
-1.615747e-06	-0.0249
-1.613747e-06	-0.02551
-1.611747e-06	-0.02368
-1.609747e-06	-0.02612
-1.607747e-06	-0.02734
-1.605747e-06	-0.02551
-1.603747e-06	-0.02429
-1.601747e-06	-0.02734
-1.599747e-06	-0.02673
-1.597747e-06	-0.02612
-1.595747e-06	-0.0249
-1.593747e-06	-0.02673
-1.591747e-06	-0.02734
-1.589747e-06	-0.02612
-1.587747e-06	-0.02429
-1.585747e-06	-0.02612
-1.583747e-06	-0.02734
-1.581747e-06	-0.02429
-1.579747e-06	-0.02429
-1.577747e-06	-0.02612
-1.575747e-06	-0.02429
-1.573747e-06	-0.0249
-1.571747e-06	-0.02551
-1.569747e-06	-0.02734
-1.567747e-06	-0.02551
-1.565747e-06	-0.0249
-1.563747e-06	-0.02429
-1.561747e-06	-0.02673
-1.559747e-06	-0.02551
-1.557747e-06	-0.02551
-1.555747e-06	-0.02185
-1.553747e-06	-0.02429
-1.551747e-06	-0.02551
-1.549747e-06	-0.02429
-1.547747e-06	-0.02185
-1.545747e-06	-0.02734
-1.543747e-06	-0.02551
-1.541747e-06	-0.02551
-1.539747e-06	-0.02124
-1.537747e-06	-0.0249
-1.535747e-06	-0.0249
-1.533747e-06	-0.02551
-1.531747e-06	-0.0249
-1.529747e-06	-0.0249
-1.527747e-06	-0.02429
-1.525747e-06	-0.02307
-1.523747e-06	-0.02429
-1.521747e-06	-0.02612
-1.519747e-06	-0.02856
-1.517747e-06	-0.02612
-1.515747e-06	-0.02246
-1.513747e-06	-0.02551
-1.511747e-06	-0.02551
-1.509747e-06	-0.02368
-1.507747e-06	-0.02307
-1.505747e-06	-0.02612
-1.503747e-06	-0.02795
-1.501747e-06	-0.02612
-1.499747e-06	-0.02368
-1.497747e-06	-0.02307
-1.495747e-06	-0.02368
-1.493747e-06	-0.0249
-1.491747e-06	-0.02734
-1.489747e-06	-0.02856
-1.487747e-06	-0.02734
-1.485747e-06	-0.02612
-1.483747e-06	-0.02551
-1.481747e-06	-0.02673
-1.479747e-06	-0.03039
-1.477747e-06	-0.02551
-1.475747e-06	-0.0249
-1.473747e-06	-0.02551
-1.471747e-06	-0.02856
-1.469747e-06	-0.02612
-1.467747e-06	-0.0249
-1.465747e-06	-0.02734
-1.463747e-06	-0.02734
-1.461747e-06	-0.02673
-1.459747e-06	-0.02307
-1.457747e-06	-0.02551
-1.455747e-06	-0.02734
-1.453747e-06	-0.02734
-1.451747e-06	-0.02734
-1.449747e-06	-0.02734
-1.447747e-06	-0.03039
-1.445747e-06	-0.02734
-1.443747e-06	-0.02368
-1.441747e-06	-0.02673
-1.439747e-06	-0.02551
-1.437747e-06	-0.02551
-1.435747e-06	-0.02307
-1.433747e-06	-0.02368
-1.431747e-06	-0.02612
-1.429747e-06	-0.0249
-1.427747e-06	-0.02551
-1.425747e-06	-0.02551
-1.423747e-06	-0.02612
-1.421747e-06	-0.02612
-1.419747e-06	-0.02734
-1.417747e-06	-0.02734
-1.415747e-06	-0.0249
-1.413747e-06	-0.02429
-1.411747e-06	-0.02429
-1.409747e-06	-0.02795
-1.407747e-06	-0.02551
-1.405747e-06	-0.02307
-1.403747e-06	-0.0249
-1.401747e-06	-0.02368
-1.399747e-06	-0.02368
-1.397747e-06	-0.02368
-1.395747e-06	-0.02307
-1.393747e-06	-0.02673
-1.391747e-06	-0.02368
-1.389747e-06	-0.0249
-1.387747e-06	-0.02307
-1.385747e-06	-0.02429
-1.383747e-06	-0.02856
-1.381747e-06	-0.02673
-1.379747e-06	-0.02734
-1.377747e-06	-0.02612
-1.375747e-06	-0.02734
-1.373747e-06	-0.02673
-1.371747e-06	-0.0249
-1.369747e-06	-0.02429
-1.367747e-06	-0.02551
-1.365747e-06	-0.02612
-1.363747e-06	-0.02734
-1.361747e-06	-0.03039
-1.359747e-06	-0.02612
-1.357747e-06	-0.02368
-1.355747e-06	-0.02429
-1.353747e-06	-0.02734
-1.351747e-06	-0.02734
-1.349747e-06	-0.02429
-1.347747e-06	-0.02429
-1.345747e-06	-0.03222
-1.343747e-06	-0.03039
-1.341747e-06	-0.02673
-1.339747e-06	-0.02368
-1.337747e-06	-0.02795
-1.335747e-06	-0.02673
-1.333747e-06	-0.02795
-1.331747e-06	-0.02917
-1.329747e-06	-0.02795
-1.327747e-06	-0.02856
-1.325747e-06	-0.02673
-1.323747e-06	-0.02673
-1.321747e-06	-0.02673
-1.319747e-06	-0.02673
-1.317747e-06	-0.0249
-1.315747e-06	-0.02307
-1.313747e-06	-0.02795
-1.311747e-06	-0.02978
-1.309747e-06	-0.0249
-1.307747e-06	-0.02734
-1.305747e-06	-0.02978
-1.303747e-06	-0.02856
-1.301747e-06	-0.02612
-1.299747e-06	-0.0249
-1.297747e-06	-0.02673
-1.295747e-06	-0.02734
-1.293747e-06	-0.02673
-1.291747e-06	-0.02368
-1.289747e-06	-0.02795
-1.287747e-06	-0.02917
-1.285747e-06	-0.02795
-1.283747e-06	-0.02551
-1.281747e-06	-0.02795
-1.279747e-06	-0.02978
-1.277747e-06	-0.02612
-1.275747e-06	-0.02673
-1.273747e-06	-0.02734
-1.271747e-06	-0.02673
-1.269747e-06	-0.02612
-1.267747e-06	-0.0249
-1.265747e-06	-0.02612
-1.263747e-06	-0.02673
-1.261747e-06	-0.02734
-1.259747e-06	-0.0249
-1.257747e-06	-0.02612
-1.255747e-06	-0.02734
-1.253747e-06	-0.02429
-1.251747e-06	-0.02551
-1.249747e-06	-0.02551
-1.247747e-06	-0.02551
-1.245747e-06	-0.02673
-1.243747e-06	-0.0249
-1.241747e-06	-0.02734
-1.239747e-06	-0.02429
-1.237747e-06	-0.02612
-1.235747e-06	-0.02368
-1.233747e-06	-0.0249
-1.231747e-06	-0.02734
-1.229747e-06	-0.02124
-1.227747e-06	-0.0249
-1.225747e-06	-0.02429
-1.223747e-06	-0.0249
-1.221747e-06	-0.02185
-1.219747e-06	-0.02368
-1.217747e-06	-0.02673
-1.215747e-06	-0.02734
-1.213747e-06	-0.02307
-1.211747e-06	-0.02185
-1.209747e-06	-0.0249
-1.207747e-06	-0.02551
-1.205747e-06	-0.02429
-1.203747e-06	-0.02551
-1.201747e-06	-0.02551
-1.199747e-06	-0.02551
-1.197747e-06	-0.02124
-1.195747e-06	-0.0249
-1.193747e-06	-0.02551
-1.191747e-06	-0.02551
-1.189747e-06	-0.02429
-1.187747e-06	-0.02185
-1.185747e-06	-0.02246
-1.183747e-06	-0.02429
-1.181747e-06	-0.02246
-1.179747e-06	-0.0249
-1.177747e-06	-0.02734
-1.175747e-06	-0.0249
-1.173747e-06	-0.02307
-1.171747e-06	-0.0249
-1.169747e-06	-0.02673
-1.167747e-06	-0.02612
-1.165747e-06	-0.02673
-1.163747e-06	-0.0249
-1.161747e-06	-0.0249
-1.159747e-06	-0.02429
-1.157747e-06	-0.02307
-1.155747e-06	-0.02246
-1.153747e-06	-0.02429
-1.151747e-06	-0.02246
-1.149747e-06	-0.02429
-1.147747e-06	-0.02246
-1.145747e-06	-0.02368
-1.143747e-06	-0.02612
-1.141747e-06	-0.02368
-1.139747e-06	-0.0249
-1.137747e-06	-0.02246
-1.135747e-06	-0.02246
-1.133747e-06	-0.02368
-1.131747e-06	-0.02307
-1.129747e-06	-0.0249
-1.127747e-06	-0.02551
-1.125747e-06	-0.02246
-1.123747e-06	-0.02246
-1.121747e-06	-0.02185
-1.119747e-06	-0.0249
-1.117747e-06	-0.02185
-1.115747e-06	-0.02124
-1.113747e-06	-0.02429
-1.111747e-06	-0.0249
-1.109747e-06	-0.02124
-1.107747e-06	-0.02124
-1.105747e-06	-0.02307
-1.103747e-06	-0.02307
-1.101747e-06	-0.02185
-1.099747e-06	-0.02063
-1.097747e-06	-0.02429
-1.095747e-06	-0.02124
-1.093747e-06	-0.01941
-1.091747e-06	-0.02246
-1.089747e-06	-0.02551
-1.087747e-06	-0.02673
-1.085747e-06	-0.02185
-1.083747e-06	-0.02063
-1.081747e-06	-0.02124
-1.079747e-06	-0.02307
-1.077747e-06	-0.02185
-1.075747e-06	-0.02124
-1.073747e-06	-0.02429
-1.071747e-06	-0.02612
-1.069747e-06	-0.02185
-1.067747e-06	-0.02002
-1.065747e-06	-0.02368
-1.063747e-06	-0.02551
-1.061747e-06	-0.02185
-1.059747e-06	-0.02124
-1.057747e-06	-0.02246
-1.055747e-06	-0.02307
-1.053747e-06	-0.02002
-1.051747e-06	-0.02124
-1.049747e-06	-0.02063
-1.047747e-06	-0.02307
-1.045747e-06	-0.02246
-1.043747e-06	-0.02307
-1.041747e-06	-0.02551
-1.039747e-06	-0.02673
-1.037747e-06	-0.02368
-1.035747e-06	-0.02551
-1.033747e-06	-0.02612
-1.031747e-06	-0.02368
-1.029747e-06	-0.02429
-1.027747e-06	-0.02307
-1.025747e-06	-0.0249
-1.023747e-06	-0.02673
-1.021747e-06	-0.02307
-1.019747e-06	-0.02246
-1.017747e-06	-0.02551
-1.015747e-06	-0.02429
-1.013747e-06	-0.02246
-1.011747e-06	-0.02368
-1.009747e-06	-0.02551
-1.007747e-06	-0.02673
-1.005747e-06	-0.02368
-1.003747e-06	-0.02246
-1.001747e-06	-0.02551
-9.997466e-07	-0.02612
-9.977466e-07	-0.02185
-9.957466e-07	-0.02063
-9.937466e-07	-0.02673
-9.917466e-07	-0.02551
-9.897466e-07	-0.02612
-9.877466e-07	-0.02429
-9.857466e-07	-0.02673
-9.837466e-07	-0.02612
-9.817466e-07	-0.02734
-9.797466e-07	-0.02429
-9.777466e-07	-0.02429
-9.757466e-07	-0.02673
-9.737466e-07	-0.02612
-9.717466e-07	-0.02673
-9.697466e-07	-0.03039
-9.677466e-07	-0.02551
-9.657466e-07	-0.02551
-9.637466e-07	-0.02734
-9.617466e-07	-0.02856
-9.597466e-07	-0.02795
-9.577466e-07	-0.02734
-9.557466e-07	-0.02917
-9.537466e-07	-0.02795
-9.517466e-07	-0.02917
-9.497466e-07	-0.02673
-9.477466e-07	-0.02551
-9.457466e-07	-0.02978
-9.437466e-07	-0.02856
-9.417466e-07	-0.0249
-9.397466e-07	-0.02673
-9.377466e-07	-0.02917
-9.357466e-07	-0.02734
-9.337466e-07	-0.02551
-9.317466e-07	-0.02429
-9.297466e-07	-0.02795
-9.277466e-07	-0.02734
-9.257466e-07	-0.0249
-9.237466e-07	-0.0249
-9.217466e-07	-0.02856
-9.197466e-07	-0.02856
-9.177466e-07	-0.02734
-9.157466e-07	-0.02551
-9.137466e-07	-0.02673
-9.117466e-07	-0.02734
-9.097466e-07	-0.02551
-9.077466e-07	-0.02551
-9.057466e-07	-0.02673
-9.037466e-07	-0.02856
-9.017466e-07	-0.02551
-8.997466e-07	-0.02734
-8.977466e-07	-0.02734
-8.957466e-07	-0.02856
-8.937466e-07	-0.02612
-8.917466e-07	-0.02673
-8.897466e-07	-0.02856
-8.877466e-07	-0.02856
-8.857466e-07	-0.02734
-8.837466e-07	-0.02429
-8.817466e-07	-0.031
-8.797466e-07	-0.03222
-8.777466e-07	-0.02734
-8.757466e-07	-0.02368
-8.737466e-07	-0.02795
-8.717466e-07	-0.02978
-8.697466e-07	-0.02612
-8.677466e-07	-0.02368
-8.657466e-07	-0.02612
-8.637466e-07	-0.02734
-8.617466e-07	-0.02612
-8.597466e-07	-0.02551
-8.577466e-07	-0.0249
-8.557466e-07	-0.02978
-8.537466e-07	-0.02673
-8.517466e-07	-0.02246
-8.497466e-07	-0.02673
-8.477466e-07	-0.02551
-8.457466e-07	-0.02734
-8.437466e-07	-0.02612
-8.417466e-07	-0.02795
-8.397466e-07	-0.02734
-8.377466e-07	-0.02551
-8.357466e-07	-0.02368
-8.337466e-07	-0.02612
-8.317466e-07	-0.02673
-8.297466e-07	-0.02307
-8.277466e-07	-0.0249
-8.257466e-07	-0.02734
-8.237466e-07	-0.02368
-8.217466e-07	-0.02307
-8.197466e-07	-0.0249
-8.177466e-07	-0.02612
-8.157466e-07	-0.02429
-8.137466e-07	-0.02551
-8.117466e-07	-0.02612
-8.097466e-07	-0.0249
-8.077466e-07	-0.02856
-8.057466e-07	-0.02612
-8.037466e-07	-0.02368
-8.017466e-07	-0.02612
-7.997466e-07	-0.02612
-7.977466e-07	-0.02673
-7.957466e-07	-0.02124
-7.937466e-07	-0.0249
-7.917466e-07	-0.02368
-7.897466e-07	-0.02368
-7.877466e-07	-0.02002
-7.857466e-07	-0.02429
-7.837466e-07	-0.02551
-7.817466e-07	-0.02246
-7.797466e-07	-0.02124
-7.777466e-07	-0.0249
-7.757466e-07	-0.0249
-7.737466e-07	-0.02551
-7.717466e-07	-0.02307
-7.697466e-07	-0.02368
-7.677466e-07	-0.02246
-7.657466e-07	-0.02246
-7.637466e-07	-0.02002
-7.617466e-07	-0.02429
-7.597466e-07	-0.02307
-7.577466e-07	-0.02185
-7.557466e-07	-0.02124
-7.537466e-07	-0.02307
-7.517466e-07	-0.02368
-7.497466e-07	-0.02429
-7.477466e-07	-0.02307
-7.457466e-07	-0.0249
-7.437466e-07	-0.0249
-7.417466e-07	-0.02368
-7.397466e-07	-0.02307
-7.377466e-07	-0.02307
-7.357466e-07	-0.0249
-7.337466e-07	-0.0249
-7.317466e-07	-0.02063
-7.297466e-07	-0.02551
-7.277466e-07	-0.02551
-7.257466e-07	-0.02673
-7.237466e-07	-0.02368
-7.217466e-07	-0.02307
-7.197466e-07	-0.0249
-7.177466e-07	-0.02246
-7.157466e-07	-0.0188
-7.137466e-07	-0.0249
-7.117466e-07	-0.02307
-7.097466e-07	-0.0249
-7.077466e-07	-0.02124
-7.057466e-07	-0.02673
-7.037466e-07	-0.02368
-7.017466e-07	-0.02429
-6.997466e-07	-0.02185
-6.977466e-07	-0.02734
-6.957466e-07	-0.02612
-6.937466e-07	-0.0249
-6.917466e-07	-0.0188
-6.897466e-07	-0.02429
-6.877466e-07	-0.02368
-6.857466e-07	-0.02429
-6.837466e-07	-0.02429
-6.817466e-07	-0.02612
-6.797466e-07	-0.02429
-6.777466e-07	-0.02673
-6.757466e-07	-0.02307
-6.737466e-07	-0.02673
-6.717466e-07	-0.02795
-6.697466e-07	-0.02368
-6.677466e-07	-0.02185
-6.657466e-07	-0.02673
-6.637466e-07	-0.0249
-6.617466e-07	-0.02368
-6.597466e-07	-0.02063
-6.577466e-07	-0.02429
-6.557466e-07	-0.02734
-6.537466e-07	-0.0249
-6.517466e-07	-0.02246
-6.497466e-07	-0.02429
-6.477466e-07	-0.02551
-6.457466e-07	-0.02673
-6.437466e-07	-0.02673
-6.417466e-07	-0.02551
-6.397466e-07	-0.02856
-6.377466e-07	-0.02429
-6.357466e-07	-0.02246
-6.337466e-07	-0.02673
-6.317466e-07	-0.02612
-6.297466e-07	-0.02673
-6.277466e-07	-0.02551
-6.257466e-07	-0.02551
-6.237466e-07	-0.02673
-6.217466e-07	-0.02368
-6.197466e-07	-0.0249
-6.177466e-07	-0.02551
-6.157466e-07	-0.02673
-6.137466e-07	-0.02368
-6.117466e-07	-0.02246
-6.097466e-07	-0.02673
-6.077466e-07	-0.02734
-6.057466e-07	-0.02612
-6.037466e-07	-0.02246
-6.017466e-07	-0.02612
-5.997466e-07	-0.02673
-5.977466e-07	-0.02368
-5.957466e-07	-0.02429
-5.937466e-07	-0.02429
-5.917466e-07	-0.0249
-5.897466e-07	-0.02246
-5.877466e-07	-0.02185
-5.857466e-07	-0.0249
-5.837466e-07	-0.02307
-5.817466e-07	-0.02429
-5.797466e-07	-0.02307
-5.777466e-07	-0.02551
-5.757466e-07	-0.02551
-5.737466e-07	-0.02612
-5.717466e-07	-0.02307
-5.697466e-07	-0.0249
-5.677466e-07	-0.02612
-5.657466e-07	-0.02368
-5.637466e-07	-0.02307
-5.617466e-07	-0.02307
-5.597466e-07	-0.02673
-5.577466e-07	-0.02551
-5.557466e-07	-0.02002
-5.537466e-07	-0.02612
-5.517466e-07	-0.02612
-5.497466e-07	-0.0249
-5.477466e-07	-0.02307
-5.457466e-07	-0.02673
-5.437466e-07	-0.02734
-5.417466e-07	-0.02185
-5.397466e-07	-0.02185
-5.377466e-07	-0.02612
-5.357466e-07	-0.0249
-5.337466e-07	-0.02185
-5.317466e-07	-0.02429
-5.297466e-07	-0.02673
-5.277466e-07	-0.02612
-5.257466e-07	-0.02429
-5.237466e-07	-0.02368
-5.217466e-07	-0.02551
-5.197466e-07	-0.02429
-5.177466e-07	-0.02246
-5.157466e-07	-0.02307
-5.137466e-07	-0.02795
-5.117466e-07	-0.02368
-5.097466e-07	-0.02368
-5.077466e-07	-0.02307
-5.057466e-07	-0.02734
-5.037466e-07	-0.02673
-5.017466e-07	-0.02551
-4.997466e-07	-0.02429
-4.977466e-07	-0.02673
-4.957466e-07	-0.02734
-4.937466e-07	-0.02673
-4.917466e-07	-0.02368
-4.897466e-07	-0.02917
-4.877466e-07	-0.02612
-4.857466e-07	-0.02551
-4.837466e-07	-0.02551
-4.817466e-07	-0.02917
-4.797466e-07	-0.02612
-4.777466e-07	-0.02734
-4.757466e-07	-0.02368
-4.737466e-07	-0.02673
-4.717466e-07	-0.02917
-4.697466e-07	-0.02673
-4.677466e-07	-0.02612
-4.657466e-07	-0.02978
-4.637466e-07	-0.02856
-4.617466e-07	-0.0249
-4.597466e-07	-0.0249
-4.577466e-07	-0.02551
-4.557466e-07	-0.02551
-4.537466e-07	-0.02612
-4.517466e-07	-0.02551
-4.497466e-07	-0.02978
-4.477466e-07	-0.02612
-4.457466e-07	-0.02551
-4.437466e-07	-0.02429
-4.417466e-07	-0.02795
-4.397466e-07	-0.02856
-4.377466e-07	-0.02368
-4.357466e-07	-0.0249
-4.337466e-07	-0.02795
-4.317466e-07	-0.02795
-4.297466e-07	-0.02673
-4.277466e-07	-0.02368
-4.257466e-07	-0.02673
-4.237466e-07	-0.02551
-4.217466e-07	-0.02368
-4.197466e-07	-0.02368
-4.177466e-07	-0.02612
-4.157466e-07	-0.02551
-4.137466e-07	-0.02307
-4.117466e-07	-0.02368
-4.097466e-07	-0.02612
-4.077466e-07	-0.0249
-4.057466e-07	-0.02429
-4.037466e-07	-0.02246
-4.017466e-07	-0.02795
-3.997466e-07	-0.02612
-3.977466e-07	-0.02673
-3.957466e-07	-0.02551
-3.937466e-07	-0.02734
-3.917466e-07	-0.02551
-3.897466e-07	-0.0249
-3.877466e-07	-0.02307
-3.857466e-07	-0.02673
-3.837466e-07	-0.02734
-3.817466e-07	-0.02368
-3.797466e-07	-0.0249
-3.777466e-07	-0.02551
-3.757466e-07	-0.02734
-3.737466e-07	-0.02307
-3.717466e-07	-0.02307
-3.697466e-07	-0.0249
-3.677466e-07	-0.0249
-3.657466e-07	-0.0249
-3.637466e-07	-0.02368
-3.617466e-07	-0.02551
-3.597466e-07	-0.02856
-3.577466e-07	-0.02551
-3.557466e-07	-0.02307
-3.537466e-07	-0.02612
-3.517466e-07	-0.0249
-3.497466e-07	-0.02551
-3.477466e-07	-0.02307
-3.457466e-07	-0.02673
-3.437466e-07	-0.02368
-3.417466e-07	-0.02551
-3.397466e-07	-0.02429
-3.377466e-07	-0.02612
-3.357466e-07	-0.02429
-3.337466e-07	-0.0249
-3.317466e-07	-0.02307
-3.297466e-07	-0.02551
-3.277466e-07	-0.0249
-3.257466e-07	-0.02429
-3.237466e-07	-0.02246
-3.217466e-07	-0.02795
-3.197466e-07	-0.02429
-3.177466e-07	-0.02795
-3.157466e-07	-0.02368
-3.137466e-07	-0.02673
-3.117466e-07	-0.02429
-3.097466e-07	-0.02612
-3.077466e-07	-0.02551
-3.057466e-07	-0.02551
-3.037466e-07	-0.0249
-3.017466e-07	-0.02429
-2.997466e-07	-0.02246
-2.977466e-07	-0.02612
-2.957466e-07	-0.02612
-2.937466e-07	-0.02551
-2.917466e-07	-0.02307
-2.897466e-07	-0.0249
-2.877466e-07	-0.0249
-2.857466e-07	-0.02612
-2.837466e-07	-0.02246
-2.817466e-07	-0.02734
-2.797466e-07	-0.02429
-2.777466e-07	-0.02124
-2.757466e-07	-0.02002
-2.737466e-07	-0.0249
-2.717466e-07	-0.02612
-2.697466e-07	-0.0249
-2.677466e-07	-0.02185
-2.657466e-07	-0.0249
-2.637466e-07	-0.02185
-2.617466e-07	-0.02551
-2.597466e-07	-0.02124
-2.577466e-07	-0.02002
-2.557466e-07	-0.02307
-2.537466e-07	-0.02429
-2.517466e-07	-0.02307
-2.497466e-07	-0.02673
-2.477466e-07	-0.02795
-2.457466e-07	-0.02673
-2.437466e-07	-0.02368
-2.417466e-07	-0.02734
-2.397466e-07	-0.0249
-2.377466e-07	-0.02368
-2.357466e-07	-0.02307
-2.337466e-07	-0.02429
-2.317466e-07	-0.02551
-2.297466e-07	-0.02429
-2.277466e-07	-0.02124
-2.257466e-07	-0.02551
-2.237466e-07	-0.0249
-2.217466e-07	-0.0249
-2.197466e-07	-0.02368
-2.177466e-07	-0.02795
-2.157466e-07	-0.02795
-2.137466e-07	-0.02673
-2.117466e-07	-0.0249
-2.097466e-07	-0.0249
-2.077466e-07	-0.02917
-2.057466e-07	-0.02612
-2.037466e-07	-0.02368
-2.017466e-07	-0.0249
-1.997466e-07	-0.02917
-1.977466e-07	-0.02612
-1.957466e-07	-0.02673
-1.937466e-07	-0.02795
-1.917466e-07	-0.02734
-1.897466e-07	-0.02124
-1.877466e-07	-0.02429
-1.857466e-07	-0.02673
-1.837466e-07	-0.0249
-1.817466e-07	-0.02612
-1.797466e-07	-0.02551
-1.777466e-07	-0.02612
-1.757466e-07	-0.02612
-1.737466e-07	-0.02734
-1.717466e-07	-0.0249
-1.697466e-07	-0.02551
-1.677466e-07	-0.02612
-1.657466e-07	-0.02551
-1.637466e-07	-0.02368
-1.617466e-07	-0.02795
-1.597466e-07	-0.02795
-1.577466e-07	-0.02612
-1.557466e-07	-0.02429
-1.537466e-07	-0.0249
-1.517466e-07	-0.02917
-1.497466e-07	-0.02429
-1.477466e-07	-0.02551
-1.457466e-07	-0.0249
-1.437466e-07	-0.02551
-1.417466e-07	-0.02612
-1.397466e-07	-0.02246
-1.377466e-07	-0.0249
-1.357466e-07	-0.02795
-1.337466e-07	-0.02673
-1.317466e-07	-0.02551
-1.297466e-07	-0.02856
-1.277466e-07	-0.02673
-1.257466e-07	-0.02551
-1.237466e-07	-0.02429
-1.217466e-07	-0.0249
-1.197466e-07	-0.02856
-1.177466e-07	-0.02673
-1.157466e-07	-0.02063
-1.137466e-07	-0.02368
-1.117466e-07	-0.02551
-1.097466e-07	-0.02368
-1.077466e-07	-0.0188
-1.057466e-07	-0.02307
-1.037466e-07	-0.02307
-1.017466e-07	-0.01941
-9.97466e-08	-0.0188
-9.77466e-08	-0.02063
-9.57466e-08	-0.02002
-9.37466e-08	-0.02063
-9.17466e-08	-0.01941
-8.97466e-08	-0.02368
-8.77466e-08	-0.02124
-8.57466e-08	-0.02063
-8.37466e-08	-0.02124
-8.17466e-08	-0.02124
-7.97466e-08	-0.02429
-7.77466e-08	-0.02185
-7.57466e-08	-0.02185
-7.37466e-08	-0.02429
-7.17466e-08	-0.02246
-6.97466e-08	-0.02124
-6.77466e-08	-0.02307
-6.57466e-08	-0.0249
-6.37466e-08	-0.02429
-6.17466e-08	-0.02063
-5.97466e-08	-0.02246
-5.77466e-08	-0.02246
-5.57466e-08	-0.02124
-5.37466e-08	-0.02002
-5.17466e-08	-0.01941
-4.97466e-08	-0.0249
-4.77466e-08	-0.02368
-4.57466e-08	-0.02185
-4.37466e-08	-0.02185
-4.17466e-08	-0.02429
-3.97466e-08	-0.02551
-3.77466e-08	-0.0249
-3.57466e-08	-0.02002
-3.37466e-08	-0.02307
-3.17466e-08	-0.02124
-2.97466e-08	-0.02246
-2.77466e-08	-0.02002
-2.57466e-08	-0.02368
-2.37466e-08	-0.02124
-2.17466e-08	-0.02246
-1.97466e-08	-0.02124
-1.77466e-08	-0.02368
-1.57466e-08	-0.02429
-1.37466e-08	-0.02307
-1.17466e-08	-0.02185
-9.7466e-09	-0.02429
-7.7466e-09	-0.02124
-5.7466e-09	-0.02185
-3.7466e-09	-0.02185
-1.7466e-09	-0.02124
2.534004e-10	-0.02551
2.2534e-09	-0.02063
4.2534e-09	-0.02185
6.2534e-09	-0.02246
8.2534e-09	-0.02368
1.02534e-08	-0.02368
1.22534e-08	-0.02002
1.42534e-08	-0.02368
1.62534e-08	-0.02551
1.82534e-08	-0.02124
2.02534e-08	-0.02246
2.22534e-08	-0.02368
2.42534e-08	-0.02368
2.62534e-08	-0.0249
2.82534e-08	-0.02368
3.02534e-08	-0.02429
3.22534e-08	-0.02612
3.42534e-08	-0.02368
3.62534e-08	-0.02307
3.82534e-08	-0.02307
4.02534e-08	-0.02368
4.22534e-08	-0.02429
4.42534e-08	-0.0249
4.62534e-08	-0.02917
4.82534e-08	-0.02612
5.02534e-08	-0.02429
5.22534e-08	-0.02429
5.42534e-08	-0.02856
5.62534e-08	-0.02429
5.82534e-08	-0.02307
6.02534e-08	-0.02246
6.22534e-08	-0.02734
6.42534e-08	-0.02673
6.62534e-08	-0.02551
6.82534e-08	-0.02429
7.02534e-08	-0.02795
7.22534e-08	-0.02612
7.42534e-08	-0.02673
7.62534e-08	-0.02551
7.82534e-08	-0.02612
8.02534e-08	-0.0249
8.22534e-08	-0.02246
8.42534e-08	-0.02002
8.62534e-08	-0.02551
8.82534e-08	-0.02673
9.02534e-08	-0.02673
9.22534e-08	-0.0249
9.42534e-08	-0.0249
9.62534e-08	-0.02429
9.82534e-08	-0.02612
1.002534e-07	-0.0249
1.022534e-07	-0.02429
1.042534e-07	-0.02368
1.062534e-07	-0.02368
1.082534e-07	-0.02429
1.102534e-07	-0.0249
1.122534e-07	-0.02002
1.142534e-07	-0.02368
1.162534e-07	-0.02551
1.182534e-07	-0.0249
1.202534e-07	-0.02185
1.222534e-07	-0.02002
1.242534e-07	-0.02246
1.262534e-07	-0.02185
1.282534e-07	-0.01697
1.302534e-07	-0.01148
1.322534e-07	0.00133
1.342534e-07	0.02146
1.362534e-07	0.06111
1.382534e-07	0.12638
1.402534e-07	0.20934
1.422534e-07	0.30938
1.442534e-07	0.41735
1.462534e-07	0.52593
1.482534e-07	0.63512
1.502534e-07	0.73699
1.522534e-07	0.83337
1.542534e-07	0.92121
1.562534e-07	1.00661
1.582534e-07	1.07859
1.602534e-07	1.15057
1.622534e-07	1.21035
1.642534e-07	1.25488
1.662534e-07	1.28477
1.682534e-07	1.31344
1.702534e-07	1.33479
1.722534e-07	1.3598
1.742534e-07	1.36834
1.762534e-07	1.38542
1.782534e-07	1.39762
1.802534e-07	1.41287
1.822534e-07	1.41958
1.842534e-07	1.42934
1.862534e-07	1.43544
1.882534e-07	1.44154
1.902534e-07	1.44337
1.922534e-07	1.44825
1.942534e-07	1.44886
1.962534e-07	1.45069
1.982534e-07	1.44581
2.002534e-07	1.44581
2.022534e-07	1.44215
2.042534e-07	1.43849
2.062534e-07	1.42446
2.082534e-07	1.41592
2.102534e-07	1.38054
2.122534e-07	1.34455
2.142534e-07	1.31649
2.162534e-07	1.29331
2.182534e-07	1.27074
2.202534e-07	1.24817
2.222534e-07	1.22316
2.242534e-07	1.19876
2.262534e-07	1.17741
2.282534e-07	1.14874
2.302534e-07	1.12556
2.322534e-07	1.10238
2.342534e-07	1.0792
2.362534e-07	1.05968
2.382534e-07	1.03284
2.402534e-07	1.01271
2.422534e-07	0.99197
2.442534e-07	0.97062
2.462534e-07	0.94622
2.482534e-07	0.92853
2.502534e-07	0.90718
2.522534e-07	0.88644
2.542534e-07	0.8657
2.562534e-07	0.84679
2.582534e-07	0.82849
2.602534e-07	0.8047
2.622534e-07	0.78396
2.642534e-07	0.76932
2.662534e-07	0.74492
2.682534e-07	0.72845
2.702534e-07	0.71015
2.722534e-07	0.6949
2.742534e-07	0.67599
2.762534e-07	0.65952
2.782534e-07	0.64
2.802534e-07	0.62353
2.822534e-07	0.61011
2.842534e-07	0.59425
2.862534e-07	0.57778
2.882534e-07	0.56497
2.902534e-07	0.55155
2.922534e-07	0.53874
2.942534e-07	0.5241
2.962534e-07	0.51129
2.982534e-07	0.49604
3.002534e-07	0.48506
3.022534e-07	0.47286
3.042534e-07	0.46249
3.062534e-07	0.4509
3.082534e-07	0.44175
3.102534e-07	0.42894
3.122534e-07	0.41735
3.142534e-07	0.4082
3.162534e-07	0.39966
3.182534e-07	0.38807
3.202534e-07	0.37526
3.222534e-07	0.36855
3.242534e-07	0.35696
3.262534e-07	0.34842
3.282534e-07	0.34232
3.302534e-07	0.33561
3.322534e-07	0.32707
3.342534e-07	0.31548
3.362534e-07	0.31121
3.382534e-07	0.30328
3.402534e-07	0.29352
3.422534e-07	0.2862
3.442534e-07	0.27949
3.462534e-07	0.27583
3.482534e-07	0.26729
3.502534e-07	0.25692
3.522534e-07	0.25448
3.542534e-07	0.24777
3.562534e-07	0.2435
3.582534e-07	0.23496
3.602534e-07	0.2313
3.622534e-07	0.22459
3.642534e-07	0.21971
3.662534e-07	0.21178
3.682534e-07	0.20995
3.702534e-07	0.20019
3.722534e-07	0.19836
3.742534e-07	0.19226
3.762534e-07	0.18799
3.782534e-07	0.1825
3.802534e-07	0.17762
3.822534e-07	0.17152
3.842534e-07	0.16969
3.862534e-07	0.16786
3.882534e-07	0.16054
3.902534e-07	0.15444
3.922534e-07	0.15139
3.942534e-07	0.15078
3.962534e-07	0.14651
3.982534e-07	0.14041
4.002534e-07	0.14041
4.022534e-07	0.13309
4.042534e-07	0.13065
4.062534e-07	0.1276
4.082534e-07	0.1276
4.102534e-07	0.12089
4.122534e-07	0.11784
4.142534e-07	0.11418
4.162534e-07	0.1154
4.182534e-07	0.10869
4.202534e-07	0.10869
4.222534e-07	0.10442
4.242534e-07	0.10259
4.262534e-07	0.09771
4.282534e-07	0.0971
4.302534e-07	0.09161
4.322534e-07	0.09405
4.342534e-07	0.08734
4.362534e-07	0.08917
4.382534e-07	0.0849
4.402534e-07	0.08612
4.422534e-07	0.07819
4.442534e-07	0.08185
4.462534e-07	0.07453
4.482534e-07	0.07636
4.502534e-07	0.07209
4.522534e-07	0.07148
4.542534e-07	0.06538
4.562534e-07	0.06843
4.582534e-07	0.0666
4.602534e-07	0.06355
4.622534e-07	0.05867
4.642534e-07	0.06111
4.662534e-07	0.05928
4.682534e-07	0.05684
4.702534e-07	0.05501
4.722534e-07	0.05501
4.742534e-07	0.0483
4.762534e-07	0.05013
4.782534e-07	0.0483
4.802534e-07	0.04647
4.822534e-07	0.04769
4.842534e-07	0.04586
4.862534e-07	0.04464
4.882534e-07	0.04281
4.902534e-07	0.04098
4.922534e-07	0.03793
4.942534e-07	0.03732
4.962534e-07	0.03671
4.982534e-07	0.03915
5.002534e-07	0.03549
5.022534e-07	0.03122
5.042534e-07	0.03183
5.062534e-07	0.03
5.082534e-07	0.02817
5.102534e-07	0.02695
5.122534e-07	0.02451
5.142534e-07	0.02817
5.162534e-07	0.02512
5.182534e-07	0.02329
5.202534e-07	0.02085
5.222534e-07	0.02146
5.242534e-07	0.02024
5.262534e-07	0.01963
5.282534e-07	0.02024
5.302534e-07	0.01902
5.322534e-07	0.01719
5.342534e-07	0.01414
5.362534e-07	0.01353
5.382534e-07	0.01414
5.402534e-07	0.01475
5.422534e-07	0.00926
5.442534e-07	0.00926
5.462534e-07	0.0117
5.482534e-07	0.00987
5.502534e-07	0.00682
5.522534e-07	0.00621
5.542534e-07	0.01048
5.562534e-07	0.00682
5.582534e-07	0.00255
5.602534e-07	0.00377
5.622534e-07	0.00377
5.642534e-07	0.00499
5.662534e-07	0.00255
5.682534e-07	0.00133
5.702534e-07	0.00377
5.722534e-07	0.00072
5.742534e-07	-0.00172
5.762534e-07	0.00072
5.782534e-07	-0.0005
5.802534e-07	-0.0005
5.822534e-07	-0.00416
5.842534e-07	-0.00416
5.862534e-07	-0.00233
5.882534e-07	-0.00233
5.902534e-07	-0.00538
5.922534e-07	-0.00294
5.942534e-07	-0.00172
5.962534e-07	-0.00538
5.982534e-07	-0.00843
6.002534e-07	-0.00843
6.022534e-07	-0.00477
6.042534e-07	-0.00355
6.062534e-07	-0.00538
6.082534e-07	-0.00721
6.102534e-07	-0.01087
6.122534e-07	-0.01209
6.142534e-07	-0.0127
6.162534e-07	-0.00538
6.182534e-07	-0.0066
6.202534e-07	-0.01087
6.222534e-07	-0.01087
6.242534e-07	-0.01026
6.262534e-07	-0.01148
6.282534e-07	-0.01331
6.302534e-07	-0.01514
6.322534e-07	-0.01209
6.342534e-07	-0.00843
6.362534e-07	-0.01087
6.382534e-07	-0.01636
6.402534e-07	-0.01514
6.422534e-07	-0.01087
6.442534e-07	-0.01209
6.462534e-07	-0.01697
6.482534e-07	-0.01514
6.502534e-07	-0.01331
6.522534e-07	-0.01575
6.542534e-07	-0.01331
6.562534e-07	-0.01392
6.582534e-07	-0.01575
6.602534e-07	-0.01392
6.622534e-07	-0.01514
6.642534e-07	-0.01575
6.662534e-07	-0.01453
6.682534e-07	-0.01514
6.702534e-07	-0.01392
6.722534e-07	-0.01575
6.742534e-07	-0.01453
6.762534e-07	-0.01453
6.782534e-07	-0.01697
6.802534e-07	-0.01697
6.822534e-07	-0.01636
6.842534e-07	-0.01575
6.862534e-07	-0.01758
6.882534e-07	-0.01514
6.902534e-07	-0.01636
6.922534e-07	-0.01941
6.942534e-07	-0.02002
6.962534e-07	-0.01697
6.982534e-07	-0.01697
7.002534e-07	-0.01697
7.022534e-07	-0.01941
7.042534e-07	-0.01758
7.062534e-07	-0.01758
7.082534e-07	-0.01758
7.102534e-07	-0.01941
7.122534e-07	-0.01941
7.142534e-07	-0.01819
7.162534e-07	-0.01575
7.182534e-07	-0.01941
7.202534e-07	-0.01819
7.222534e-07	-0.02063
7.242534e-07	-0.01575
7.262534e-07	-0.02002
7.282534e-07	-0.01941
7.302534e-07	-0.02002
7.322534e-07	-0.01819
7.342534e-07	-0.02063
7.362534e-07	-0.01941
7.382534e-07	-0.01697
7.402534e-07	-0.0188
7.422534e-07	-0.02246
7.442534e-07	-0.0188
7.462534e-07	-0.01819
7.482534e-07	-0.01758
7.502534e-07	-0.02002
7.522534e-07	-0.01636
7.542534e-07	-0.01758
7.562534e-07	-0.01758
7.582534e-07	-0.02063
7.602534e-07	-0.02368
7.622534e-07	-0.01819
7.642534e-07	-0.01697
7.662534e-07	-0.02002
7.682534e-07	-0.02063
7.702534e-07	-0.01941
7.722534e-07	-0.01941
7.742534e-07	-0.02551
7.762534e-07	-0.02368
7.782534e-07	-0.01819
7.802534e-07	-0.02063
7.822534e-07	-0.02124
7.842534e-07	-0.02429
7.862534e-07	-0.02124
7.882534e-07	-0.02185
7.902534e-07	-0.01941
7.922534e-07	-0.02002
7.942534e-07	-0.02063
7.962534e-07	-0.02002
7.982534e-07	-0.02185
8.002534e-07	-0.0249
8.022534e-07	-0.0188
8.042534e-07	-0.0188
8.062534e-07	-0.02246
8.082534e-07	-0.02307
8.102534e-07	-0.01636
8.122534e-07	-0.02002
8.142534e-07	-0.02429
8.162534e-07	-0.0249
8.182534e-07	-0.02307
8.202534e-07	-0.02185
8.222534e-07	-0.02429
8.242534e-07	-0.02307
8.262534e-07	-0.02002
8.282534e-07	-0.02185
8.302534e-07	-0.0249
8.322534e-07	-0.02063
8.342534e-07	-0.02124
8.362534e-07	-0.02246
8.382534e-07	-0.02307
8.402534e-07	-0.02124
8.422534e-07	-0.0188
8.442534e-07	-0.02185
8.462534e-07	-0.02185
8.482534e-07	-0.02307
8.502534e-07	-0.01941
8.522534e-07	-0.02185
8.542534e-07	-0.02429
8.562534e-07	-0.02307
8.582534e-07	-0.02185
8.602534e-07	-0.02002
8.622534e-07	-0.02246
8.642534e-07	-0.02368
8.662534e-07	-0.02368
8.682534e-07	-0.02124
8.702534e-07	-0.0249
8.722534e-07	-0.02551
8.742534e-07	-0.02307
8.762534e-07	-0.02124
8.782534e-07	-0.02368
8.802534e-07	-0.02307
8.822534e-07	-0.02185
8.842534e-07	-0.01941
8.862534e-07	-0.02551
8.882534e-07	-0.02185
8.902534e-07	-0.02002
8.922534e-07	-0.02063
8.942534e-07	-0.02307
8.962534e-07	-0.02246
8.982534e-07	-0.0188
9.002534e-07	-0.02124
9.022534e-07	-0.02124
9.042534e-07	-0.02368
9.062534e-07	-0.01758
9.082534e-07	-0.0188
9.102534e-07	-0.02063
9.122534e-07	-0.02307
9.142534e-07	-0.02307
9.162534e-07	-0.0188
9.182534e-07	-0.02368
9.202534e-07	-0.02551
9.222534e-07	-0.0249
9.242534e-07	-0.02246
9.262534e-07	-0.01941
9.282534e-07	-0.02246
9.302534e-07	-0.02368
9.322534e-07	-0.01941
9.342534e-07	-0.02368
9.362534e-07	-0.02124
9.382534e-07	-0.02185
9.402534e-07	-0.01941
9.422534e-07	-0.02063
9.442534e-07	-0.02429
9.462534e-07	-0.02124
9.482534e-07	-0.02185
9.502534e-07	-0.02307
9.522534e-07	-0.02368
9.542534e-07	-0.02063
9.562534e-07	-0.02185
9.582534e-07	-0.02429
9.602534e-07	-0.02551
9.622534e-07	-0.02124
9.642534e-07	-0.02307
9.662534e-07	-0.02368
9.682534e-07	-0.02429
9.702534e-07	-0.02124
9.722534e-07	-0.02124
9.742534e-07	-0.0249
9.762534e-07	-0.02185
9.782534e-07	-0.0249
9.802534e-07	-0.02307
9.822534e-07	-0.02551
9.842534e-07	-0.02307
9.862534e-07	-0.02368
9.882534e-07	-0.02124
9.902534e-07	-0.02368
9.922534e-07	-0.02246
9.942534e-07	-0.02368
9.962534e-07	-0.02124
9.982534e-07	-0.02368
1.000253e-06	-0.02368
1.002253e-06	-0.02246
1.004253e-06	-0.02185
1.006253e-06	-0.02429
1.008253e-06	-0.02307
1.010253e-06	-0.02063
1.012253e-06	-0.02185
1.014253e-06	-0.02551
1.016253e-06	-0.02368
1.018253e-06	-0.02124
1.020253e-06	-0.02063
1.022253e-06	-0.02063
1.024253e-06	-0.02124
1.026253e-06	-0.02124
1.028253e-06	-0.02307
1.030253e-06	-0.02368
1.032253e-06	-0.02429
1.034253e-06	-0.02185
1.036253e-06	-0.02307
1.038253e-06	-0.02307
1.040253e-06	-0.02246
1.042253e-06	-0.02124
1.044253e-06	-0.02185
1.046253e-06	-0.02673
1.048253e-06	-0.02612
1.050253e-06	-0.02246
1.052253e-06	-0.02124
1.054253e-06	-0.02429
1.056253e-06	-0.02185
1.058253e-06	-0.02124
1.060253e-06	-0.02246
1.062253e-06	-0.02185
1.064253e-06	-0.02368
1.066253e-06	-0.02246
1.068253e-06	-0.02185
1.070253e-06	-0.0188
1.072253e-06	-0.01941
1.074253e-06	-0.01941
1.076253e-06	-0.01941
1.078253e-06	-0.02124
1.080253e-06	-0.02002
1.082253e-06	-0.02185
1.084253e-06	-0.0188
1.086253e-06	-0.02185
1.088253e-06	-0.02124
1.090253e-06	-0.0188
1.092253e-06	-0.01941
1.094253e-06	-0.02063
1.096253e-06	-0.02124
1.098253e-06	-0.02185
1.100253e-06	-0.01819
1.102253e-06	-0.02429
1.104253e-06	-0.0249
1.106253e-06	-0.02063
1.108253e-06	-0.01941
1.110253e-06	-0.02185
1.112253e-06	-0.02246
1.114253e-06	-0.02063
1.116253e-06	-0.0188
1.118253e-06	-0.02002
1.120253e-06	-0.02002
1.122253e-06	-0.02063
1.124253e-06	-0.02185
1.126253e-06	-0.0249
1.128253e-06	-0.02246
1.130253e-06	-0.02368
1.132253e-06	-0.02185
1.134253e-06	-0.0249
1.136253e-06	-0.02307
1.138253e-06	-0.02124
1.140253e-06	-0.02124
1.142253e-06	-0.02002
1.144253e-06	-0.02246
1.146253e-06	-0.02307
1.148253e-06	-0.02002
1.150253e-06	-0.02307
1.152253e-06	-0.02307
1.154253e-06	-0.02185
1.156253e-06	-0.0188
1.158253e-06	-0.02368
1.160253e-06	-0.0249
1.162253e-06	-0.02246
1.164253e-06	-0.02246
1.166253e-06	-0.02307
1.168253e-06	-0.02185
1.170253e-06	-0.02246
1.172253e-06	-0.01941
1.174253e-06	-0.02124
1.176253e-06	-0.02185
1.178253e-06	-0.0249
1.180253e-06	-0.02246
1.182253e-06	-0.02551
1.184253e-06	-0.02429
1.186253e-06	-0.02307
1.188253e-06	-0.02185
1.190253e-06	-0.02612
1.192253e-06	-0.02368
1.194253e-06	-0.02246
1.196253e-06	-0.02063
1.198253e-06	-0.02673
1.200253e-06	-0.02124
1.202253e-06	-0.02246
1.204253e-06	-0.02063
1.206253e-06	-0.02368
1.208253e-06	-0.02673
1.210253e-06	-0.0249
1.212253e-06	-0.02185
1.214253e-06	-0.02368
1.216253e-06	-0.02429
1.218253e-06	-0.02002
1.220253e-06	-0.02124
1.222253e-06	-0.0249
1.224253e-06	-0.02368
1.226253e-06	-0.02246
1.228253e-06	-0.02246
1.230253e-06	-0.02429
1.232253e-06	-0.02307
1.234253e-06	-0.0249
1.236253e-06	-0.02002
1.238253e-06	-0.02246
1.240253e-06	-0.02185
1.242253e-06	-0.0188
1.244253e-06	-0.02124
1.246253e-06	-0.02368
1.248253e-06	-0.02124
1.250253e-06	-0.02185
1.252253e-06	-0.02063
1.254253e-06	-0.02063
1.256253e-06	-0.02246
1.258253e-06	-0.01819
1.260253e-06	-0.0188
1.262253e-06	-0.02124
1.264253e-06	-0.02368
1.266253e-06	-0.02063
1.268253e-06	-0.0188
1.270253e-06	-0.02185
1.272253e-06	-0.01941
1.274253e-06	-0.02002
1.276253e-06	-0.01819
1.278253e-06	-0.02185
1.280253e-06	-0.02368
1.282253e-06	-0.0188
1.284253e-06	-0.01819
1.286253e-06	-0.02307
1.288253e-06	-0.0188
1.290253e-06	-0.02002
1.292253e-06	-0.01819
1.294253e-06	-0.01758
1.296253e-06	-0.02063
1.298253e-06	-0.01636
1.300253e-06	-0.01819
1.302253e-06	-0.02246
1.304253e-06	-0.02307
1.306253e-06	-0.01941
1.308253e-06	-0.02124
1.310253e-06	-0.02185
1.312253e-06	-0.01758
1.314253e-06	-0.01941
1.316253e-06	-0.01758
1.318253e-06	-0.02307
1.320253e-06	-0.01575
1.322253e-06	-0.02002
1.324253e-06	-0.01941
1.326253e-06	-0.02185
1.328253e-06	-0.0188
1.330253e-06	-0.01758
1.332253e-06	-0.01941
1.334253e-06	-0.02063
1.336253e-06	-0.01819
1.338253e-06	-0.0188
1.340253e-06	-0.01514
1.342253e-06	-0.02063
1.344253e-06	-0.02246
1.346253e-06	-0.02124
1.348253e-06	-0.01941
1.350253e-06	-0.0188
1.352253e-06	-0.01941
1.354253e-06	-0.01941
1.356253e-06	-0.01941
1.358253e-06	-0.02307
1.360253e-06	-0.02002
1.362253e-06	-0.02063
1.364253e-06	-0.01941
1.366253e-06	-0.02185
1.368253e-06	-0.02063
1.370253e-06	-0.01941
1.372253e-06	-0.01819
1.374253e-06	-0.02246
1.376253e-06	-0.02185
1.378253e-06	-0.02063
1.380253e-06	-0.02246
1.382253e-06	-0.02429
1.384253e-06	-0.02612
1.386253e-06	-0.02124
1.388253e-06	-0.02429
1.390253e-06	-0.02368
1.392253e-06	-0.02307
1.394253e-06	-0.0188
1.396253e-06	-0.02124
1.398253e-06	-0.02307
1.400253e-06	-0.02368
1.402253e-06	-0.02246
1.404253e-06	-0.02307
1.406253e-06	-0.02185
1.408253e-06	-0.02307
1.410253e-06	-0.02185
1.412253e-06	-0.02124
1.414253e-06	-0.02124
1.416253e-06	-0.02673
1.418253e-06	-0.02185
1.420253e-06	-0.02002
1.422253e-06	-0.02246
1.424253e-06	-0.0249
1.426253e-06	-0.02307
1.428253e-06	-0.02002
1.430253e-06	-0.02185
1.432253e-06	-0.02429
1.434253e-06	-0.02368
1.436253e-06	-0.02307
1.438253e-06	-0.0249
1.440253e-06	-0.02612
1.442253e-06	-0.02124
1.444253e-06	-0.02307
1.446253e-06	-0.02124
1.448253e-06	-0.02307
1.450253e-06	-0.02185
1.452253e-06	-0.02063
1.454253e-06	-0.02246
1.456253e-06	-0.02185
1.458253e-06	-0.02002
1.460253e-06	-0.02246
1.462253e-06	-0.02429
1.464253e-06	-0.02185
1.466253e-06	-0.02307
1.468253e-06	-0.02185
1.470253e-06	-0.02307
1.472253e-06	-0.02429
1.474253e-06	-0.02185
1.476253e-06	-0.02002
1.478253e-06	-0.02185
1.480253e-06	-0.02429
1.482253e-06	-0.02246
1.484253e-06	-0.02063
1.486253e-06	-0.02246
1.488253e-06	-0.02246
1.490253e-06	-0.02307
1.492253e-06	-0.02124
1.494253e-06	-0.02429
1.496253e-06	-0.02368
1.498253e-06	-0.02429
1.500253e-06	-0.02246
1.502253e-06	-0.02551
1.504253e-06	-0.02429
1.506253e-06	-0.02124
1.508253e-06	-0.0249
1.510253e-06	-0.02551
1.512253e-06	-0.02307
1.514253e-06	-0.02246
1.516253e-06	-0.01941
1.518253e-06	-0.02307
1.520253e-06	-0.02124
1.522253e-06	-0.02307
1.524253e-06	-0.02185
1.526253e-06	-0.02429
1.528253e-06	-0.02368
1.530253e-06	-0.02185
1.532253e-06	-0.02124
1.534253e-06	-0.02185
1.536253e-06	-0.0249
1.538253e-06	-0.02368
1.540253e-06	-0.02368
1.542253e-06	-0.0249
1.544253e-06	-0.02185
1.546253e-06	-0.01819
1.548253e-06	-0.02124
1.550253e-06	-0.02368
1.552253e-06	-0.02368
1.554253e-06	-0.02002
1.556253e-06	-0.01697
1.558253e-06	-0.02246
1.560253e-06	-0.02185
1.562253e-06	-0.01819
1.564253e-06	-0.01758
1.566253e-06	-0.02063
1.568253e-06	-0.01819
1.570253e-06	-0.01819
1.572253e-06	-0.01819
1.574253e-06	-0.02063
1.576253e-06	-0.02124
1.578253e-06	-0.01819
1.580253e-06	-0.02002
1.582253e-06	-0.02002
1.584253e-06	-0.02063
1.586253e-06	-0.02063
1.588253e-06	-0.01697
1.590253e-06	-0.01941
1.592253e-06	-0.02063
1.594253e-06	-0.01758
1.596253e-06	-0.01758
1.598253e-06	-0.01819
1.600253e-06	-0.02063
1.602253e-06	-0.01575
1.604253e-06	-0.01697
1.606253e-06	-0.01941
1.608253e-06	-0.02002
1.610253e-06	-0.01697
1.612253e-06	-0.01819
1.614253e-06	-0.02307
1.616253e-06	-0.0188
1.618253e-06	-0.01941
1.620253e-06	-0.01697
1.622253e-06	-0.02002
1.624253e-06	-0.01819
1.626253e-06	-0.02307
1.628253e-06	-0.01758
1.630253e-06	-0.02063
1.632253e-06	-0.02185
1.634253e-06	-0.01819
1.636253e-06	-0.01819
1.638253e-06	-0.02246
1.640253e-06	-0.02307
1.642253e-06	-0.01941
1.644253e-06	-0.01941
1.646253e-06	-0.02185
1.648253e-06	-0.02124
1.650253e-06	-0.02002
1.652253e-06	-0.02063
1.654253e-06	-0.02307
1.656253e-06	-0.02246
1.658253e-06	-0.02002
1.660253e-06	-0.02002
1.662253e-06	-0.02307
1.664253e-06	-0.02063
1.666253e-06	-0.01697
1.668253e-06	-0.01941
1.670253e-06	-0.02368
1.672253e-06	-0.02307
1.674253e-06	-0.0188
1.676253e-06	-0.02124
1.678253e-06	-0.02002
1.680253e-06	-0.01941
1.682253e-06	-0.02063
1.684253e-06	-0.01819
1.686253e-06	-0.01941
1.688253e-06	-0.01941
1.690253e-06	-0.02246
1.692253e-06	-0.01514
1.694253e-06	-0.01941
1.696253e-06	-0.02002
1.698253e-06	-0.02063
1.700253e-06	-0.01941
1.702253e-06	-0.01941
1.704253e-06	-0.02185
1.706253e-06	-0.0188
1.708253e-06	-0.01941
1.710253e-06	-0.02124
1.712253e-06	-0.02124
1.714253e-06	-0.02002
1.716253e-06	-0.01819
1.718253e-06	-0.02063
1.720253e-06	-0.0188
1.722253e-06	-0.01697
1.724253e-06	-0.02063
1.726253e-06	-0.02124
1.728253e-06	-0.0188
1.730253e-06	-0.01697
1.732253e-06	-0.01758
1.734253e-06	-0.02002
1.736253e-06	-0.02063
1.738253e-06	-0.01575
1.740253e-06	-0.02124
1.742253e-06	-0.02063
1.744253e-06	-0.02002
1.746253e-06	-0.0188
1.748253e-06	-0.0188
1.750253e-06	-0.01941
1.752253e-06	-0.01941
1.754253e-06	-0.01941
1.756253e-06	-0.01758
1.758253e-06	-0.02063
1.760253e-06	-0.02307
1.762253e-06	-0.02002
1.764253e-06	-0.01819
1.766253e-06	-0.02307
1.768253e-06	-0.02246
1.770253e-06	-0.0188
1.772253e-06	-0.01941
1.774253e-06	-0.02246
1.776253e-06	-0.02124
1.778253e-06	-0.02124
1.780253e-06	-0.02002
1.782253e-06	-0.02185
1.784253e-06	-0.02307
1.786253e-06	-0.01758
1.788253e-06	-0.02002
1.790253e-06	-0.02002
1.792253e-06	-0.02185
1.794253e-06	-0.02002
1.796253e-06	-0.0188
1.798253e-06	-0.01819
1.800253e-06	-0.0188
1.802253e-06	-0.02124
1.804253e-06	-0.02063
1.806253e-06	-0.02124
1.808253e-06	-0.01941
1.810253e-06	-0.01758
1.812253e-06	-0.01941
1.814253e-06	-0.02063
1.816253e-06	-0.01941
1.818253e-06	-0.02124
1.820253e-06	-0.01941
1.822253e-06	-0.02307
1.824253e-06	-0.01941
1.826253e-06	-0.02246
1.828253e-06	-0.02063
1.830253e-06	-0.02185
1.832253e-06	-0.02002
1.834253e-06	-0.01941
1.836253e-06	-0.01819
1.838253e-06	-0.02307
1.840253e-06	-0.02429
1.842253e-06	-0.0188
1.844253e-06	-0.01941
1.846253e-06	-0.02124
1.848253e-06	-0.02307
1.850253e-06	-0.02002
1.852253e-06	-0.01819
1.854253e-06	-0.01941
1.856253e-06	-0.02124
1.858253e-06	-0.02002
1.860253e-06	-0.02002
1.862253e-06	-0.02063
1.864253e-06	-0.02063
1.866253e-06	-0.01636
1.868253e-06	-0.01941
1.870253e-06	-0.01941
1.872253e-06	-0.01941
1.874253e-06	-0.02002
1.876253e-06	-0.01941
1.878253e-06	-0.02246
1.880253e-06	-0.02185
1.882253e-06	-0.02063
1.884253e-06	-0.02002
1.886253e-06	-0.02124
1.888253e-06	-0.02002
1.890253e-06	-0.01819
1.892253e-06	-0.01758
1.894253e-06	-0.02368
1.896253e-06	-0.02185
1.898253e-06	-0.01819
1.900253e-06	-0.01758
1.902253e-06	-0.0249
1.904253e-06	-0.02185
1.906253e-06	-0.02124
1.908253e-06	-0.02185
1.910253e-06	-0.02246
1.912253e-06	-0.0188
1.914253e-06	-0.0188
1.916253e-06	-0.02124
1.918253e-06	-0.02063
1.920253e-06	-0.02246
1.922253e-06	-0.01941
1.924253e-06	-0.0188
1.926253e-06	-0.02185
1.928253e-06	-0.02246
1.930253e-06	-0.02429
1.932253e-06	-0.02246
1.934253e-06	-0.02307
1.936253e-06	-0.02307
1.938253e-06	-0.02063
1.940253e-06	-0.0188
1.942253e-06	-0.02246
1.944253e-06	-0.02368
1.946253e-06	-0.02063
1.948253e-06	-0.02124
1.950253e-06	-0.02307
1.952253e-06	-0.01941
1.954253e-06	-0.02307
1.956253e-06	-0.02002
1.958253e-06	-0.02673
1.960253e-06	-0.02246
1.962253e-06	-0.02307
1.964253e-06	-0.02246
1.966253e-06	-0.02429
1.968253e-06	-0.02246
1.970253e-06	-0.02124
1.972253e-06	-0.02246
1.974253e-06	-0.02551
1.976253e-06	-0.02185
1.978253e-06	-0.02185
1.980253e-06	-0.02429
1.982253e-06	-0.02246
1.984253e-06	-0.02246
1.986253e-06	-0.02185
1.988253e-06	-0.02246
1.990253e-06	-0.02185
1.992253e-06	-0.02551
1.994253e-06	-0.02185
1.996253e-06	-0.02002
1.998253e-06	-0.02185
2.000253e-06	-0.02002
2.002253e-06	-0.0188
2.004253e-06	-0.01941
2.006253e-06	-0.02368
2.008253e-06	-0.02429
2.010253e-06	-0.02002
2.012253e-06	-0.02002
2.014253e-06	-0.0188
2.016253e-06	-0.02002
2.018253e-06	-0.02063
2.020253e-06	-0.01697
2.022253e-06	-0.02063
2.024253e-06	-0.01941
2.026253e-06	-0.02002
2.028253e-06	-0.01819
2.030253e-06	-0.01941
2.032253e-06	-0.02002
2.034253e-06	-0.01941
2.036253e-06	-0.0188
2.038253e-06	-0.01819
2.040253e-06	-0.0188
2.042253e-06	-0.01941
2.044253e-06	-0.02002
2.046253e-06	-0.02307
2.048253e-06	-0.01697
2.050253e-06	-0.02063
2.052253e-06	-0.02063
2.054253e-06	-0.01941
2.056253e-06	-0.0188
2.058253e-06	-0.02124
2.060253e-06	-0.02002
2.062253e-06	-0.02002
2.064253e-06	-0.02246
2.066253e-06	-0.02185
2.068253e-06	-0.01941
2.070253e-06	-0.02185
2.072253e-06	-0.02124
2.074253e-06	-0.02124
2.076253e-06	-0.02429
2.078253e-06	-0.02246
2.080253e-06	-0.02124
2.082253e-06	-0.02002
2.084253e-06	-0.02063
2.086253e-06	-0.02185
2.088253e-06	-0.02002
2.090253e-06	-0.01941
2.092253e-06	-0.02185
2.094253e-06	-0.02368
2.096253e-06	-0.02124
2.098253e-06	-0.02124
2.100253e-06	-0.02185
2.102253e-06	-0.02368
2.104253e-06	-0.02307
2.106253e-06	-0.02063
2.108253e-06	-0.02002
2.110253e-06	-0.02124
2.112253e-06	-0.02002
2.114253e-06	-0.02002
2.116253e-06	-0.0188
2.118253e-06	-0.02124
2.120253e-06	-0.02063
2.122253e-06	-0.01941
2.124253e-06	-0.02063
2.126253e-06	-0.02124
2.128253e-06	-0.02307
2.130253e-06	-0.01941
2.132253e-06	-0.0188
2.134253e-06	-0.02124
2.136253e-06	-0.02063
2.138253e-06	-0.02185
2.140253e-06	-0.02124
2.142253e-06	-0.02063
2.144253e-06	-0.02124
2.146253e-06	-0.02124
2.148253e-06	-0.02185
2.150253e-06	-0.02002
2.152253e-06	-0.02124
2.154253e-06	-0.02246
2.156253e-06	-0.02551
2.158253e-06	-0.02368
2.160253e-06	-0.02368
2.162253e-06	-0.02124
2.164253e-06	-0.02002
2.166253e-06	-0.02246
2.168253e-06	-0.02307
2.170253e-06	-0.02063
2.172253e-06	-0.02002
2.174253e-06	-0.02002
2.176253e-06	-0.02368
2.178253e-06	-0.01941
2.180253e-06	-0.02063
2.182253e-06	-0.02246
2.184253e-06	-0.02124
2.186253e-06	-0.02002
2.188253e-06	-0.02002
2.190253e-06	-0.02307
2.192253e-06	-0.02551
2.194253e-06	-0.01941
2.196253e-06	-0.02002
2.198253e-06	-0.02307
2.200253e-06	-0.02124
2.202253e-06	-0.02246
2.204253e-06	-0.02185
2.206253e-06	-0.02429
2.208253e-06	-0.02368
2.210253e-06	-0.02612
2.212253e-06	-0.02063
2.214253e-06	-0.02246
2.216253e-06	-0.02063
2.218253e-06	-0.02246
2.220253e-06	-0.02185
2.222253e-06	-0.02368
2.224253e-06	-0.02124
2.226253e-06	-0.0188
2.228253e-06	-0.0188
2.230253e-06	-0.02063
2.232253e-06	-0.02124
2.234253e-06	-0.0188
2.236253e-06	-0.01941
2.238253e-06	-0.01941
2.240253e-06	-0.01941
2.242253e-06	-0.01941
2.244253e-06	-0.01575
2.246253e-06	-0.02063
2.248253e-06	-0.02002
2.250253e-06	-0.01941
2.252253e-06	-0.01514
2.254253e-06	-0.01941
2.256253e-06	-0.01697
2.258253e-06	-0.01575
2.260253e-06	-0.0188
2.262253e-06	-0.01575
2.264253e-06	-0.01697
2.266253e-06	-0.01758
2.268253e-06	-0.01514
2.270253e-06	-0.01697
2.272253e-06	-0.01575
2.274253e-06	-0.01636
2.276253e-06	-0.01453
2.278253e-06	-0.01453
2.280253e-06	-0.01575
2.282253e-06	-0.01453
2.284253e-06	-0.01514
2.286253e-06	-0.01514
2.288253e-06	-0.01697
2.290253e-06	-0.01697
2.292253e-06	-0.01392
2.294253e-06	-0.01453
2.296253e-06	-0.01331
2.298253e-06	-0.01453
2.300253e-06	-0.01209
2.302253e-06	-0.01636
2.304253e-06	-0.01636
2.306253e-06	-0.0127
2.308253e-06	-0.01331
2.310253e-06	-0.01636
2.312253e-06	-0.01697
2.314253e-06	-0.01514
2.316253e-06	-0.01392
2.318253e-06	-0.01636
2.320253e-06	-0.01636
2.322253e-06	-0.01392
2.324253e-06	-0.01697
2.326253e-06	-0.01819
2.328253e-06	-0.01941
2.330253e-06	-0.01819
2.332253e-06	-0.02124
2.334253e-06	-0.02185
2.336253e-06	-0.0188
2.338253e-06	-0.01697
2.340253e-06	-0.01941
2.342253e-06	-0.02002
2.344253e-06	-0.02307
2.346253e-06	-0.0188
2.348253e-06	-0.01758
2.350253e-06	-0.02002
2.352253e-06	-0.02063
2.354253e-06	-0.0188
2.356253e-06	-0.01819
2.358253e-06	-0.0188
2.360253e-06	-0.02063
2.362253e-06	-0.01697
2.364253e-06	-0.02124
2.366253e-06	-0.02246
2.368253e-06	-0.02124
2.370253e-06	-0.02002
2.372253e-06	-0.02124
2.374253e-06	-0.02124
2.376253e-06	-0.02307
2.378253e-06	-0.02063
2.380253e-06	-0.02124
2.382253e-06	-0.02185
2.384253e-06	-0.02124
2.386253e-06	-0.01819
2.388253e-06	-0.01941
2.390253e-06	-0.02185
2.392253e-06	-0.02185
2.394253e-06	-0.01941
2.396253e-06	-0.0188
2.398253e-06	-0.02429
2.400253e-06	-0.02368
2.402253e-06	-0.02063
2.404253e-06	-0.02307
2.406253e-06	-0.02307
2.408253e-06	-0.02124
2.410253e-06	-0.01941
2.412253e-06	-0.02002
2.414253e-06	-0.02124
2.416253e-06	-0.02307
2.418253e-06	-0.02002
2.420253e-06	-0.01819
2.422253e-06	-0.02063
2.424253e-06	-0.02124
2.426253e-06	-0.01941
2.428253e-06	-0.01819
2.430253e-06	-0.01758
2.432253e-06	-0.02246
2.434253e-06	-0.01819
2.436253e-06	-0.0188
2.438253e-06	-0.02307
2.440253e-06	-0.01941
2.442253e-06	-0.02063
2.444253e-06	-0.01758
2.446253e-06	-0.02002
2.448253e-06	-0.01819
2.450253e-06	-0.01514
2.452253e-06	-0.01575
2.454253e-06	-0.0188
2.456253e-06	-0.01697
2.458253e-06	-0.01819
2.460253e-06	-0.01758
2.462253e-06	-0.02124
2.464253e-06	-0.01941
2.466253e-06	-0.01697
2.468253e-06	-0.01636
2.470253e-06	-0.01758
2.472253e-06	-0.01819
2.474253e-06	-0.01819
2.476253e-06	-0.02002
2.478253e-06	-0.02063
2.480253e-06	-0.01941
2.482253e-06	-0.01575
2.484253e-06	-0.01819
2.486253e-06	-0.01758
2.488253e-06	-0.01758
2.490253e-06	-0.01819
2.492253e-06	-0.01819
2.494253e-06	-0.01941
2.496253e-06	-0.01819
2.498253e-06	-0.01941
2.500253e-06	-0.0188
