LECROYHDO6104A	50809	Waveform
Segments	1	SegmentSize	2502
Segment	TrigTime	TimeSinceSegment1
#1	19-Dec-2022 19:39:07	0                 
Time	Ampl
-2.500673e-06	-0.02315
-2.498673e-06	-0.0237
-2.496673e-06	-0.02535
-2.494673e-06	-0.0248
-2.492673e-06	-0.0259
-2.490673e-06	-0.0259
-2.488673e-06	-0.02755
-2.486673e-06	-0.0237
-2.484673e-06	-0.02315
-2.482673e-06	-0.02095
-2.480673e-06	-0.027
-2.478673e-06	-0.0226
-2.476673e-06	-0.02535
-2.474673e-06	-0.02205
-2.472673e-06	-0.0226
-2.470673e-06	-0.0237
-2.468673e-06	-0.02425
-2.466673e-06	-0.0226
-2.464673e-06	-0.0237
-2.462673e-06	-0.02645
-2.460673e-06	-0.0237
-2.458673e-06	-0.02315
-2.456673e-06	-0.02315
-2.454673e-06	-0.0215
-2.452673e-06	-0.0215
-2.450673e-06	-0.0237
-2.448673e-06	-0.02315
-2.446673e-06	-0.0237
-2.444673e-06	-0.0226
-2.442673e-06	-0.02205
-2.440673e-06	-0.0259
-2.438673e-06	-0.02205
-2.436673e-06	-0.02095
-2.434673e-06	-0.02205
-2.432673e-06	-0.02425
-2.430673e-06	-0.0248
-2.428673e-06	-0.02205
-2.426673e-06	-0.0237
-2.424673e-06	-0.02315
-2.422673e-06	-0.0215
-2.420673e-06	-0.01985
-2.418673e-06	-0.0215
-2.416673e-06	-0.0237
-2.414673e-06	-0.02645
-2.412673e-06	-0.02205
-2.410673e-06	-0.02425
-2.408673e-06	-0.0215
-2.406673e-06	-0.02095
-2.404673e-06	-0.0237
-2.402673e-06	-0.02095
-2.400673e-06	-0.0226
-2.398673e-06	-0.02425
-2.396673e-06	-0.02315
-2.394673e-06	-0.0226
-2.392673e-06	-0.0226
-2.390673e-06	-0.02205
-2.388673e-06	-0.0215
-2.386673e-06	-0.0226
-2.384673e-06	-0.02315
-2.382673e-06	-0.02755
-2.380673e-06	-0.0226
-2.378673e-06	-0.0237
-2.376673e-06	-0.0248
-2.374673e-06	-0.027
-2.372673e-06	-0.02205
-2.370673e-06	-0.02205
-2.368673e-06	-0.0281
-2.366673e-06	-0.02755
-2.364673e-06	-0.02535
-2.362673e-06	-0.0226
-2.360673e-06	-0.02645
-2.358673e-06	-0.02755
-2.356673e-06	-0.02425
-2.354673e-06	-0.0248
-2.352673e-06	-0.0226
-2.350673e-06	-0.0259
-2.348673e-06	-0.02425
-2.346673e-06	-0.027
-2.344673e-06	-0.027
-2.342673e-06	-0.0281
-2.340673e-06	-0.02425
-2.338673e-06	-0.02645
-2.336673e-06	-0.0292
-2.334673e-06	-0.027
-2.332673e-06	-0.02645
-2.330673e-06	-0.02535
-2.328673e-06	-0.02645
-2.326673e-06	-0.02425
-2.324673e-06	-0.0259
-2.322673e-06	-0.027
-2.320673e-06	-0.027
-2.318673e-06	-0.0259
-2.316673e-06	-0.0248
-2.314673e-06	-0.02425
-2.312673e-06	-0.027
-2.310673e-06	-0.02645
-2.308673e-06	-0.027
-2.306673e-06	-0.0259
-2.304673e-06	-0.02755
-2.302673e-06	-0.02645
-2.300673e-06	-0.0259
-2.298673e-06	-0.027
-2.296673e-06	-0.02755
-2.294673e-06	-0.027
-2.292673e-06	-0.0226
-2.290673e-06	-0.02535
-2.288673e-06	-0.02645
-2.286673e-06	-0.027
-2.284673e-06	-0.02425
-2.282673e-06	-0.02425
-2.280673e-06	-0.0237
-2.278673e-06	-0.02755
-2.276673e-06	-0.02645
-2.274673e-06	-0.02755
-2.272673e-06	-0.0292
-2.270673e-06	-0.02865
-2.268673e-06	-0.0281
-2.266673e-06	-0.027
-2.264673e-06	-0.0292
-2.262673e-06	-0.0303
-2.260673e-06	-0.027
-2.258673e-06	-0.02755
-2.256673e-06	-0.02755
-2.254673e-06	-0.02645
-2.252673e-06	-0.027
-2.250673e-06	-0.02865
-2.248673e-06	-0.02865
-2.246673e-06	-0.0259
-2.244673e-06	-0.027
-2.242673e-06	-0.02645
-2.240673e-06	-0.02865
-2.238673e-06	-0.0259
-2.236673e-06	-0.02645
-2.234673e-06	-0.0237
-2.232673e-06	-0.0281
-2.230673e-06	-0.027
-2.228673e-06	-0.02755
-2.226673e-06	-0.0292
-2.224673e-06	-0.0237
-2.222673e-06	-0.0281
-2.220673e-06	-0.02315
-2.218673e-06	-0.02755
-2.216673e-06	-0.0281
-2.214673e-06	-0.02425
-2.212673e-06	-0.0259
-2.210673e-06	-0.02755
-2.208673e-06	-0.02755
-2.206673e-06	-0.027
-2.204673e-06	-0.02645
-2.202673e-06	-0.02755
-2.200673e-06	-0.02865
-2.198673e-06	-0.02645
-2.196673e-06	-0.0259
-2.194673e-06	-0.02535
-2.192673e-06	-0.027
-2.190673e-06	-0.027
-2.188673e-06	-0.02645
-2.186673e-06	-0.02755
-2.184673e-06	-0.02755
-2.182673e-06	-0.027
-2.180673e-06	-0.02645
-2.178673e-06	-0.02205
-2.176673e-06	-0.0281
-2.174673e-06	-0.02425
-2.172673e-06	-0.0248
-2.170673e-06	-0.0248
-2.168673e-06	-0.0248
-2.166673e-06	-0.0237
-2.164673e-06	-0.0259
-2.162673e-06	-0.0237
-2.160673e-06	-0.02425
-2.158673e-06	-0.02535
-2.156673e-06	-0.027
-2.154673e-06	-0.02425
-2.152673e-06	-0.0281
-2.150673e-06	-0.0259
-2.148673e-06	-0.0281
-2.146673e-06	-0.02425
-2.144673e-06	-0.02645
-2.142673e-06	-0.0248
-2.140673e-06	-0.0248
-2.138673e-06	-0.0237
-2.136673e-06	-0.02645
-2.134673e-06	-0.02535
-2.132673e-06	-0.0248
-2.130673e-06	-0.0237
-2.128673e-06	-0.02645
-2.126673e-06	-0.02645
-2.124673e-06	-0.027
-2.122673e-06	-0.0281
-2.120673e-06	-0.0281
-2.118673e-06	-0.02535
-2.116673e-06	-0.0259
-2.114673e-06	-0.0292
-2.112673e-06	-0.027
-2.110673e-06	-0.0248
-2.108673e-06	-0.02425
-2.106673e-06	-0.02315
-2.104673e-06	-0.0259
-2.102673e-06	-0.0248
-2.100673e-06	-0.02755
-2.098673e-06	-0.0226
-2.096673e-06	-0.02645
-2.094673e-06	-0.02645
-2.092673e-06	-0.0237
-2.090673e-06	-0.0215
-2.088673e-06	-0.02645
-2.086673e-06	-0.02755
-2.084673e-06	-0.0215
-2.082673e-06	-0.02095
-2.080673e-06	-0.02645
-2.078673e-06	-0.0259
-2.076673e-06	-0.02535
-2.074673e-06	-0.02425
-2.072673e-06	-0.02425
-2.070673e-06	-0.02645
-2.068673e-06	-0.02425
-2.066673e-06	-0.02645
-2.064673e-06	-0.0281
-2.062673e-06	-0.02645
-2.060673e-06	-0.027
-2.058673e-06	-0.02315
-2.056673e-06	-0.02425
-2.054673e-06	-0.0259
-2.052673e-06	-0.0237
-2.050673e-06	-0.0226
-2.048673e-06	-0.0259
-2.046673e-06	-0.02535
-2.044673e-06	-0.02535
-2.042673e-06	-0.02755
-2.040673e-06	-0.0259
-2.038673e-06	-0.0248
-2.036673e-06	-0.02645
-2.034673e-06	-0.02755
-2.032673e-06	-0.027
-2.030673e-06	-0.0259
-2.028673e-06	-0.0237
-2.026673e-06	-0.027
-2.024673e-06	-0.027
-2.022673e-06	-0.0292
-2.020673e-06	-0.0281
-2.018673e-06	-0.02645
-2.016673e-06	-0.02425
-2.014673e-06	-0.0281
-2.012673e-06	-0.02865
-2.010673e-06	-0.0303
-2.008673e-06	-0.0259
-2.006673e-06	-0.0259
-2.004673e-06	-0.0259
-2.002673e-06	-0.0259
-2.000673e-06	-0.02645
-1.998673e-06	-0.0259
-1.996673e-06	-0.02535
-1.994673e-06	-0.02425
-1.992673e-06	-0.02755
-1.990673e-06	-0.02315
-1.988673e-06	-0.0259
-1.986673e-06	-0.0248
-1.984673e-06	-0.0281
-1.982673e-06	-0.027
-1.980673e-06	-0.027
-1.978673e-06	-0.0237
-1.976673e-06	-0.027
-1.974673e-06	-0.02425
-1.972673e-06	-0.0259
-1.970673e-06	-0.0248
-1.968673e-06	-0.0292
-1.966673e-06	-0.02755
-1.964673e-06	-0.02425
-1.962673e-06	-0.0237
-1.960673e-06	-0.0237
-1.958673e-06	-0.02645
-1.956673e-06	-0.02535
-1.954673e-06	-0.0237
-1.952673e-06	-0.027
-1.950673e-06	-0.02755
-1.948673e-06	-0.02755
-1.946673e-06	-0.0259
-1.944673e-06	-0.0248
-1.942673e-06	-0.0237
-1.940673e-06	-0.0226
-1.938673e-06	-0.02535
-1.936673e-06	-0.02315
-1.934673e-06	-0.02865
-1.932673e-06	-0.02425
-1.930673e-06	-0.02645
-1.928673e-06	-0.02865
-1.926673e-06	-0.0259
-1.924673e-06	-0.02535
-1.922673e-06	-0.0259
-1.920673e-06	-0.027
-1.918673e-06	-0.02645
-1.916673e-06	-0.0248
-1.914673e-06	-0.0259
-1.912673e-06	-0.0237
-1.910673e-06	-0.02645
-1.908673e-06	-0.0292
-1.906673e-06	-0.0259
-1.904673e-06	-0.0281
-1.902673e-06	-0.02425
-1.900673e-06	-0.0259
-1.898673e-06	-0.02425
-1.896673e-06	-0.02645
-1.894673e-06	-0.0281
-1.892673e-06	-0.027
-1.890673e-06	-0.0259
-1.888673e-06	-0.0303
-1.886673e-06	-0.027
-1.884673e-06	-0.02755
-1.882673e-06	-0.0259
-1.880673e-06	-0.02865
-1.878673e-06	-0.03085
-1.876673e-06	-0.02645
-1.874673e-06	-0.0281
-1.872673e-06	-0.02755
-1.870673e-06	-0.0259
-1.868673e-06	-0.02535
-1.866673e-06	-0.0237
-1.864673e-06	-0.02865
-1.862673e-06	-0.02645
-1.860673e-06	-0.02205
-1.858673e-06	-0.0292
-1.856673e-06	-0.02975
-1.854673e-06	-0.0281
-1.852673e-06	-0.0292
-1.850673e-06	-0.02425
-1.848673e-06	-0.02645
-1.846673e-06	-0.0281
-1.844673e-06	-0.0259
-1.842673e-06	-0.0259
-1.840673e-06	-0.02975
-1.838673e-06	-0.02755
-1.836673e-06	-0.02865
-1.834673e-06	-0.0248
-1.832673e-06	-0.0259
-1.830673e-06	-0.0292
-1.828673e-06	-0.02645
-1.826673e-06	-0.02755
-1.824673e-06	-0.0303
-1.822673e-06	-0.02975
-1.820673e-06	-0.0314
-1.818673e-06	-0.02645
-1.816673e-06	-0.0303
-1.814673e-06	-0.0248
-1.812673e-06	-0.02975
-1.810673e-06	-0.0259
-1.808673e-06	-0.0292
-1.806673e-06	-0.027
-1.804673e-06	-0.0292
-1.802673e-06	-0.02865
-1.800673e-06	-0.0292
-1.798673e-06	-0.0281
-1.796673e-06	-0.0248
-1.794673e-06	-0.0237
-1.792673e-06	-0.02755
-1.790673e-06	-0.0292
-1.788673e-06	-0.02975
-1.786673e-06	-0.02755
-1.784673e-06	-0.02755
-1.782673e-06	-0.02535
-1.780673e-06	-0.0226
-1.778673e-06	-0.027
-1.776673e-06	-0.02755
-1.774673e-06	-0.0237
-1.772673e-06	-0.02755
-1.770673e-06	-0.02315
-1.768673e-06	-0.02645
-1.766673e-06	-0.027
-1.764673e-06	-0.02425
-1.762673e-06	-0.02645
-1.760673e-06	-0.027
-1.758673e-06	-0.0248
-1.756673e-06	-0.027
-1.754673e-06	-0.02425
-1.752673e-06	-0.0292
-1.750673e-06	-0.0248
-1.748673e-06	-0.02865
-1.746673e-06	-0.02315
-1.744673e-06	-0.0259
-1.742673e-06	-0.0248
-1.740673e-06	-0.02755
-1.738673e-06	-0.02645
-1.736673e-06	-0.0292
-1.734673e-06	-0.0259
-1.732673e-06	-0.02425
-1.730673e-06	-0.0259
-1.728673e-06	-0.02535
-1.726673e-06	-0.0248
-1.724673e-06	-0.0226
-1.722673e-06	-0.02315
-1.720673e-06	-0.027
-1.718673e-06	-0.02315
-1.716673e-06	-0.0226
-1.714673e-06	-0.02425
-1.712673e-06	-0.0237
-1.710673e-06	-0.0226
-1.708673e-06	-0.0215
-1.706673e-06	-0.02205
-1.704673e-06	-0.02425
-1.702673e-06	-0.02315
-1.700673e-06	-0.0204
-1.698673e-06	-0.01875
-1.696673e-06	-0.02315
-1.694673e-06	-0.02205
-1.692673e-06	-0.0237
-1.690673e-06	-0.0237
-1.688673e-06	-0.0237
-1.686673e-06	-0.02315
-1.684673e-06	-0.0226
-1.682673e-06	-0.0226
-1.680673e-06	-0.02205
-1.678673e-06	-0.02315
-1.676673e-06	-0.02425
-1.674673e-06	-0.02205
-1.672673e-06	-0.0248
-1.670673e-06	-0.0237
-1.668673e-06	-0.02205
-1.666673e-06	-0.02205
-1.664673e-06	-0.02315
-1.662673e-06	-0.0237
-1.660673e-06	-0.02315
-1.658673e-06	-0.0226
-1.656673e-06	-0.02535
-1.654673e-06	-0.02315
-1.652673e-06	-0.02315
-1.650673e-06	-0.02095
-1.648673e-06	-0.02315
-1.646673e-06	-0.0259
-1.644673e-06	-0.02425
-1.642673e-06	-0.0237
-1.640673e-06	-0.0248
-1.638673e-06	-0.02315
-1.636673e-06	-0.0237
-1.634673e-06	-0.0237
-1.632673e-06	-0.02315
-1.630673e-06	-0.0226
-1.628673e-06	-0.02205
-1.626673e-06	-0.0237
-1.624673e-06	-0.0259
-1.622673e-06	-0.02535
-1.620673e-06	-0.0237
-1.618673e-06	-0.0248
-1.616673e-06	-0.0259
-1.614673e-06	-0.0248
-1.612673e-06	-0.0226
-1.610673e-06	-0.02315
-1.608673e-06	-0.0259
-1.606673e-06	-0.02535
-1.604673e-06	-0.0226
-1.602673e-06	-0.02425
-1.600673e-06	-0.0237
-1.598673e-06	-0.02755
-1.596673e-06	-0.02315
-1.594673e-06	-0.02535
-1.592673e-06	-0.027
-1.590673e-06	-0.02425
-1.588673e-06	-0.02095
-1.586673e-06	-0.02425
-1.584673e-06	-0.027
-1.582673e-06	-0.02755
-1.580673e-06	-0.02425
-1.578673e-06	-0.02315
-1.576673e-06	-0.02315
-1.574673e-06	-0.0237
-1.572673e-06	-0.0215
-1.570673e-06	-0.01985
-1.568673e-06	-0.0248
-1.566673e-06	-0.0248
-1.564673e-06	-0.02205
-1.562673e-06	-0.02205
-1.560673e-06	-0.02425
-1.558673e-06	-0.02425
-1.556673e-06	-0.0215
-1.554673e-06	-0.01985
-1.552673e-06	-0.02315
-1.550673e-06	-0.0237
-1.548673e-06	-0.01985
-1.546673e-06	-0.02315
-1.544673e-06	-0.02315
-1.542673e-06	-0.02645
-1.540673e-06	-0.0237
-1.538673e-06	-0.02095
-1.536673e-06	-0.02425
-1.534673e-06	-0.0248
-1.532673e-06	-0.0237
-1.530673e-06	-0.0226
-1.528673e-06	-0.02645
-1.526673e-06	-0.0237
-1.524673e-06	-0.02315
-1.522673e-06	-0.0226
-1.520673e-06	-0.02755
-1.518673e-06	-0.02535
-1.516673e-06	-0.0215
-1.514673e-06	-0.0215
-1.512673e-06	-0.027
-1.510673e-06	-0.0226
-1.508673e-06	-0.02205
-1.506673e-06	-0.0215
-1.504673e-06	-0.0248
-1.502673e-06	-0.02315
-1.500673e-06	-0.0259
-1.498673e-06	-0.02315
-1.496673e-06	-0.0237
-1.494673e-06	-0.02535
-1.492673e-06	-0.0237
-1.490673e-06	-0.0237
-1.488673e-06	-0.0248
-1.486673e-06	-0.02425
-1.484673e-06	-0.02315
-1.482673e-06	-0.0215
-1.480673e-06	-0.02535
-1.478673e-06	-0.0248
-1.476673e-06	-0.02095
-1.474673e-06	-0.01985
-1.472673e-06	-0.0237
-1.470673e-06	-0.0237
-1.468673e-06	-0.02535
-1.466673e-06	-0.0237
-1.464673e-06	-0.0248
-1.462673e-06	-0.02425
-1.460673e-06	-0.0237
-1.458673e-06	-0.0226
-1.456673e-06	-0.02315
-1.454673e-06	-0.02315
-1.452673e-06	-0.02095
-1.450673e-06	-0.02205
-1.448673e-06	-0.02755
-1.446673e-06	-0.02095
-1.444673e-06	-0.0226
-1.442673e-06	-0.0237
-1.440673e-06	-0.02095
-1.438673e-06	-0.02205
-1.436673e-06	-0.0237
-1.434673e-06	-0.02535
-1.432673e-06	-0.02315
-1.430673e-06	-0.02205
-1.428673e-06	-0.02205
-1.426673e-06	-0.0226
-1.424673e-06	-0.0204
-1.422673e-06	-0.0215
-1.420673e-06	-0.0226
-1.418673e-06	-0.0226
-1.416673e-06	-0.0215
-1.414673e-06	-0.0193
-1.412673e-06	-0.02315
-1.410673e-06	-0.0215
-1.408673e-06	-0.0237
-1.406673e-06	-0.02205
-1.404673e-06	-0.0193
-1.402673e-06	-0.01985
-1.400673e-06	-0.0248
-1.398673e-06	-0.02315
-1.396673e-06	-0.02205
-1.394673e-06	-0.0237
-1.392673e-06	-0.0248
-1.390673e-06	-0.02315
-1.388673e-06	-0.0193
-1.386673e-06	-0.02205
-1.384673e-06	-0.02645
-1.382673e-06	-0.02425
-1.380673e-06	-0.02315
-1.378673e-06	-0.02095
-1.376673e-06	-0.0215
-1.374673e-06	-0.02205
-1.372673e-06	-0.0215
-1.370673e-06	-0.0226
-1.368673e-06	-0.02425
-1.366673e-06	-0.0248
-1.364673e-06	-0.0259
-1.362673e-06	-0.0248
-1.360673e-06	-0.02535
-1.358673e-06	-0.0237
-1.356673e-06	-0.0237
-1.354673e-06	-0.02425
-1.352673e-06	-0.02535
-1.350673e-06	-0.0215
-1.348673e-06	-0.02535
-1.346673e-06	-0.0248
-1.344673e-06	-0.02535
-1.342673e-06	-0.0248
-1.340673e-06	-0.02535
-1.338673e-06	-0.0226
-1.336673e-06	-0.02645
-1.334673e-06	-0.02535
-1.332673e-06	-0.0259
-1.330673e-06	-0.02315
-1.328673e-06	-0.02645
-1.326673e-06	-0.02535
-1.324673e-06	-0.02315
-1.322673e-06	-0.0248
-1.320673e-06	-0.02645
-1.318673e-06	-0.0259
-1.316673e-06	-0.0237
-1.314673e-06	-0.027
-1.312673e-06	-0.0226
-1.310673e-06	-0.02755
-1.308673e-06	-0.02315
-1.306673e-06	-0.02315
-1.304673e-06	-0.0248
-1.302673e-06	-0.02425
-1.300673e-06	-0.02755
-1.298673e-06	-0.0237
-1.296673e-06	-0.0248
-1.294673e-06	-0.02535
-1.292673e-06	-0.027
-1.290673e-06	-0.02535
-1.288673e-06	-0.02755
-1.286673e-06	-0.027
-1.284673e-06	-0.02645
-1.282673e-06	-0.02535
-1.280673e-06	-0.02755
-1.278673e-06	-0.02755
-1.276673e-06	-0.027
-1.274673e-06	-0.0237
-1.272673e-06	-0.0281
-1.270673e-06	-0.02865
-1.268673e-06	-0.02535
-1.266673e-06	-0.02645
-1.264673e-06	-0.027
-1.262673e-06	-0.02315
-1.260673e-06	-0.0237
-1.258673e-06	-0.02205
-1.256673e-06	-0.0259
-1.254673e-06	-0.03085
-1.252673e-06	-0.027
-1.250673e-06	-0.0281
-1.248673e-06	-0.0259
-1.246673e-06	-0.02975
-1.244673e-06	-0.02645
-1.242673e-06	-0.0248
-1.240673e-06	-0.02975
-1.238673e-06	-0.027
-1.236673e-06	-0.02645
-1.234673e-06	-0.02755
-1.232673e-06	-0.02865
-1.230673e-06	-0.02755
-1.228673e-06	-0.02535
-1.226673e-06	-0.027
-1.224673e-06	-0.0303
-1.222673e-06	-0.0303
-1.220673e-06	-0.0292
-1.218673e-06	-0.0259
-1.216673e-06	-0.027
-1.214673e-06	-0.0281
-1.212673e-06	-0.027
-1.210673e-06	-0.0292
-1.208673e-06	-0.027
-1.206673e-06	-0.02755
-1.204673e-06	-0.0303
-1.202673e-06	-0.0292
-1.200673e-06	-0.02865
-1.198673e-06	-0.02425
-1.196673e-06	-0.027
-1.194673e-06	-0.02535
-1.192673e-06	-0.03085
-1.190673e-06	-0.0259
-1.188673e-06	-0.0226
-1.186673e-06	-0.02975
-1.184673e-06	-0.03085
-1.182673e-06	-0.027
-1.180673e-06	-0.02755
-1.178673e-06	-0.0237
-1.176673e-06	-0.02975
-1.174673e-06	-0.027
-1.172673e-06	-0.0259
-1.170673e-06	-0.02755
-1.168673e-06	-0.02645
-1.166673e-06	-0.02645
-1.164673e-06	-0.02755
-1.162673e-06	-0.02645
-1.160673e-06	-0.027
-1.158673e-06	-0.02645
-1.156673e-06	-0.02975
-1.154673e-06	-0.02975
-1.152673e-06	-0.02755
-1.150673e-06	-0.0259
-1.148673e-06	-0.02315
-1.146673e-06	-0.0237
-1.144673e-06	-0.0259
-1.142673e-06	-0.02535
-1.140673e-06	-0.0281
-1.138673e-06	-0.02645
-1.136673e-06	-0.027
-1.134673e-06	-0.02755
-1.132673e-06	-0.0237
-1.130673e-06	-0.02535
-1.128673e-06	-0.0281
-1.126673e-06	-0.02755
-1.124673e-06	-0.03085
-1.122673e-06	-0.0248
-1.120673e-06	-0.03085
-1.118673e-06	-0.03085
-1.116673e-06	-0.0259
-1.114673e-06	-0.0292
-1.112673e-06	-0.0281
-1.110673e-06	-0.02755
-1.108673e-06	-0.0259
-1.106673e-06	-0.02755
-1.104673e-06	-0.0303
-1.102673e-06	-0.02755
-1.100673e-06	-0.027
-1.098673e-06	-0.02755
-1.096673e-06	-0.0292
-1.094673e-06	-0.0292
-1.092673e-06	-0.0292
-1.090673e-06	-0.02645
-1.088673e-06	-0.02975
-1.086673e-06	-0.0303
-1.084673e-06	-0.027
-1.082673e-06	-0.02755
-1.080673e-06	-0.02865
-1.078673e-06	-0.027
-1.076673e-06	-0.02535
-1.074673e-06	-0.0281
-1.072673e-06	-0.0281
-1.070673e-06	-0.02645
-1.068673e-06	-0.0281
-1.066673e-06	-0.02535
-1.064673e-06	-0.0292
-1.062673e-06	-0.0259
-1.060673e-06	-0.0292
-1.058673e-06	-0.02645
-1.056673e-06	-0.02865
-1.054673e-06	-0.0281
-1.052673e-06	-0.02755
-1.050673e-06	-0.0259
-1.048673e-06	-0.0292
-1.046673e-06	-0.027
-1.044673e-06	-0.02975
-1.042673e-06	-0.0281
-1.040673e-06	-0.02755
-1.038673e-06	-0.027
-1.036673e-06	-0.02755
-1.034673e-06	-0.027
-1.032673e-06	-0.02975
-1.030673e-06	-0.027
-1.028673e-06	-0.02535
-1.026673e-06	-0.02535
-1.024673e-06	-0.027
-1.022673e-06	-0.02755
-1.020673e-06	-0.0259
-1.018673e-06	-0.02975
-1.016673e-06	-0.02645
-1.014673e-06	-0.027
-1.012673e-06	-0.0248
-1.010673e-06	-0.0259
-1.008673e-06	-0.027
-1.006673e-06	-0.02645
-1.004673e-06	-0.02535
-1.002673e-06	-0.027
-1.000673e-06	-0.0281
-9.986735e-07	-0.02865
-9.966735e-07	-0.02645
-9.946735e-07	-0.0259
-9.926735e-07	-0.02755
-9.906735e-07	-0.02535
-9.886735e-07	-0.0215
-9.866735e-07	-0.0237
-9.846735e-07	-0.02425
-9.826735e-07	-0.0259
-9.806735e-07	-0.02425
-9.786735e-07	-0.0226
-9.766735e-07	-0.02865
-9.746735e-07	-0.02645
-9.726735e-07	-0.0226
-9.706735e-07	-0.02315
-9.686735e-07	-0.02315
-9.666735e-07	-0.0259
-9.646735e-07	-0.02315
-9.626735e-07	-0.0215
-9.606735e-07	-0.0237
-9.586735e-07	-0.0259
-9.566735e-07	-0.0259
-9.546735e-07	-0.02095
-9.526735e-07	-0.0237
-9.506735e-07	-0.0248
-9.486735e-07	-0.0226
-9.466735e-07	-0.02095
-9.446735e-07	-0.0237
-9.426735e-07	-0.01875
-9.406735e-07	-0.0237
-9.386735e-07	-0.0226
-9.366735e-07	-0.02535
-9.346735e-07	-0.0248
-9.326735e-07	-0.02095
-9.306735e-07	-0.02205
-9.286735e-07	-0.02315
-9.266735e-07	-0.0248
-9.246735e-07	-0.0204
-9.226735e-07	-0.0193
-9.206735e-07	-0.02095
-9.186735e-07	-0.0248
-9.166735e-07	-0.0237
-9.146735e-07	-0.01765
-9.126735e-07	-0.0215
-9.106735e-07	-0.02315
-9.086735e-07	-0.0193
-9.066735e-07	-0.0193
-9.046735e-07	-0.02095
-9.026735e-07	-0.0226
-9.006735e-07	-0.02205
-8.986735e-07	-0.0215
-8.966735e-07	-0.02205
-8.946735e-07	-0.02205
-8.926735e-07	-0.01875
-8.906735e-07	-0.0237
-8.886735e-07	-0.02205
-8.866735e-07	-0.02095
-8.846735e-07	-0.0193
-8.826735e-07	-0.0204
-8.806735e-07	-0.02205
-8.786735e-07	-0.02095
-8.766735e-07	-0.0226
-8.746735e-07	-0.01985
-8.726735e-07	-0.02095
-8.706735e-07	-0.02205
-8.686735e-07	-0.01985
-8.666735e-07	-0.0193
-8.646735e-07	-0.0193
-8.626735e-07	-0.02095
-8.606735e-07	-0.0182
-8.586735e-07	-0.02205
-8.566735e-07	-0.01985
-8.546735e-07	-0.0237
-8.526735e-07	-0.0193
-8.506735e-07	-0.0215
-8.486735e-07	-0.0215
-8.466735e-07	-0.02425
-8.446735e-07	-0.0204
-8.426735e-07	-0.02205
-8.406735e-07	-0.0204
-8.386735e-07	-0.0226
-8.366735e-07	-0.02315
-8.346735e-07	-0.0226
-8.326735e-07	-0.02205
-8.306735e-07	-0.0226
-8.286735e-07	-0.0226
-8.266735e-07	-0.02315
-8.246735e-07	-0.02425
-8.226735e-07	-0.0215
-8.206735e-07	-0.0226
-8.186735e-07	-0.0215
-8.166735e-07	-0.02315
-8.146735e-07	-0.0204
-8.126735e-07	-0.02425
-8.106735e-07	-0.02315
-8.086735e-07	-0.02315
-8.066735e-07	-0.0204
-8.046735e-07	-0.0215
-8.026735e-07	-0.0237
-8.006735e-07	-0.01985
-7.986735e-07	-0.01985
-7.966735e-07	-0.0215
-7.946735e-07	-0.01985
-7.926735e-07	-0.02425
-7.906735e-07	-0.0226
-7.886735e-07	-0.0226
-7.866735e-07	-0.0215
-7.846735e-07	-0.02205
-7.826735e-07	-0.02205
-7.806735e-07	-0.0226
-7.786735e-07	-0.0215
-7.766735e-07	-0.02425
-7.746735e-07	-0.0237
-7.726735e-07	-0.0226
-7.706735e-07	-0.0204
-7.686735e-07	-0.0204
-7.666735e-07	-0.0237
-7.646735e-07	-0.0226
-7.626735e-07	-0.02095
-7.606735e-07	-0.0248
-7.586735e-07	-0.02205
-7.566735e-07	-0.02095
-7.546735e-07	-0.02095
-7.526735e-07	-0.0226
-7.506735e-07	-0.02425
-7.486735e-07	-0.02315
-7.466735e-07	-0.0237
-7.446735e-07	-0.0237
-7.426735e-07	-0.0259
-7.406735e-07	-0.02205
-7.386735e-07	-0.02315
-7.366735e-07	-0.02425
-7.346735e-07	-0.027
-7.326735e-07	-0.0237
-7.306735e-07	-0.01985
-7.286735e-07	-0.0226
-7.266735e-07	-0.0237
-7.246735e-07	-0.0281
-7.226735e-07	-0.02425
-7.206735e-07	-0.02535
-7.186735e-07	-0.02755
-7.166735e-07	-0.0259
-7.146735e-07	-0.0248
-7.126735e-07	-0.0281
-7.106735e-07	-0.02535
-7.086735e-07	-0.0237
-7.066735e-07	-0.0248
-7.046735e-07	-0.02645
-7.026735e-07	-0.02645
-7.006735e-07	-0.0237
-6.986735e-07	-0.0259
-6.966735e-07	-0.0248
-6.946735e-07	-0.0259
-6.926735e-07	-0.02645
-6.906735e-07	-0.02425
-6.886735e-07	-0.0237
-6.866735e-07	-0.02645
-6.846735e-07	-0.0281
-6.826735e-07	-0.0248
-6.806735e-07	-0.02645
-6.786735e-07	-0.0259
-6.766735e-07	-0.02645
-6.746735e-07	-0.0259
-6.726735e-07	-0.02645
-6.706735e-07	-0.0281
-6.686735e-07	-0.027
-6.666735e-07	-0.02645
-6.646735e-07	-0.027
-6.626735e-07	-0.0292
-6.606735e-07	-0.02755
-6.586735e-07	-0.0237
-6.566735e-07	-0.0281
-6.546735e-07	-0.02535
-6.526735e-07	-0.0259
-6.506735e-07	-0.0259
-6.486735e-07	-0.02865
-6.466735e-07	-0.027
-6.446735e-07	-0.0259
-6.426735e-07	-0.027
-6.406735e-07	-0.0281
-6.386735e-07	-0.0259
-6.366735e-07	-0.02645
-6.346735e-07	-0.0248
-6.326735e-07	-0.0281
-6.306735e-07	-0.0281
-6.286735e-07	-0.02645
-6.266735e-07	-0.0248
-6.246735e-07	-0.0292
-6.226735e-07	-0.0259
-6.206735e-07	-0.0259
-6.186735e-07	-0.02755
-6.166735e-07	-0.027
-6.146735e-07	-0.02975
-6.126735e-07	-0.0292
-6.106735e-07	-0.0292
-6.086735e-07	-0.0281
-6.066735e-07	-0.0281
-6.046735e-07	-0.0292
-6.026735e-07	-0.02535
-6.006735e-07	-0.02975
-5.986735e-07	-0.02865
-5.966735e-07	-0.02645
-5.946735e-07	-0.02645
-5.926735e-07	-0.0259
-5.906735e-07	-0.02645
-5.886735e-07	-0.0237
-5.866735e-07	-0.02865
-5.846735e-07	-0.02645
-5.826735e-07	-0.0281
-5.806735e-07	-0.02645
-5.786735e-07	-0.02425
-5.766735e-07	-0.0259
-5.746735e-07	-0.02205
-5.726735e-07	-0.02095
-5.706735e-07	-0.0237
-5.686735e-07	-0.0248
-5.666735e-07	-0.02755
-5.646735e-07	-0.0237
-5.626735e-07	-0.02425
-5.606735e-07	-0.0237
-5.586735e-07	-0.02535
-5.566735e-07	-0.02205
-5.546735e-07	-0.0226
-5.526735e-07	-0.0237
-5.506735e-07	-0.0259
-5.486735e-07	-0.0237
-5.466735e-07	-0.0248
-5.446735e-07	-0.02315
-5.426735e-07	-0.0237
-5.406735e-07	-0.02315
-5.386735e-07	-0.02095
-5.366735e-07	-0.02315
-5.346735e-07	-0.0248
-5.326735e-07	-0.02205
-5.306735e-07	-0.02205
-5.286735e-07	-0.0226
-5.266735e-07	-0.0215
-5.246735e-07	-0.0204
-5.226735e-07	-0.02205
-5.206735e-07	-0.02205
-5.186735e-07	-0.0248
-5.166735e-07	-0.0215
-5.146735e-07	-0.0215
-5.126735e-07	-0.02425
-5.106735e-07	-0.0248
-5.086735e-07	-0.0248
-5.066735e-07	-0.0237
-5.046735e-07	-0.02425
-5.026735e-07	-0.0248
-5.006735e-07	-0.027
-4.986735e-07	-0.0193
-4.966735e-07	-0.0248
-4.946735e-07	-0.02535
-4.926735e-07	-0.02315
-4.906735e-07	-0.0237
-4.886735e-07	-0.0259
-4.866735e-07	-0.0237
-4.846735e-07	-0.02315
-4.826735e-07	-0.02205
-4.806735e-07	-0.027
-4.786735e-07	-0.0248
-4.766735e-07	-0.0259
-4.746735e-07	-0.0237
-4.726735e-07	-0.02645
-4.706735e-07	-0.02645
-4.686735e-07	-0.02315
-4.666735e-07	-0.0237
-4.646735e-07	-0.02535
-4.626735e-07	-0.02645
-4.606735e-07	-0.02535
-4.586735e-07	-0.0259
-4.566735e-07	-0.0259
-4.546735e-07	-0.02755
-4.526735e-07	-0.0237
-4.506735e-07	-0.02425
-4.486735e-07	-0.027
-4.466735e-07	-0.02535
-4.446735e-07	-0.0237
-4.426735e-07	-0.0259
-4.406735e-07	-0.02315
-4.386735e-07	-0.0259
-4.366735e-07	-0.0259
-4.346735e-07	-0.0259
-4.326735e-07	-0.0237
-4.306735e-07	-0.0259
-4.286735e-07	-0.0248
-4.266735e-07	-0.0281
-4.246735e-07	-0.02535
-4.226735e-07	-0.027
-4.206735e-07	-0.02425
-4.186735e-07	-0.0237
-4.166735e-07	-0.02315
-4.146735e-07	-0.0248
-4.126735e-07	-0.0259
-4.106735e-07	-0.0237
-4.086735e-07	-0.0259
-4.066735e-07	-0.0237
-4.046735e-07	-0.02755
-4.026735e-07	-0.0226
-4.006735e-07	-0.02755
-3.986735e-07	-0.0259
-3.966735e-07	-0.0226
-3.946735e-07	-0.02425
-3.926735e-07	-0.02315
-3.906735e-07	-0.02535
-3.886735e-07	-0.0281
-3.866735e-07	-0.02205
-3.846735e-07	-0.02425
-3.826735e-07	-0.0248
-3.806735e-07	-0.0226
-3.786735e-07	-0.02205
-3.766735e-07	-0.02425
-3.746735e-07	-0.0248
-3.726735e-07	-0.0237
-3.706735e-07	-0.0237
-3.686735e-07	-0.0259
-3.666735e-07	-0.0226
-3.646735e-07	-0.0215
-3.626735e-07	-0.0226
-3.606735e-07	-0.0237
-3.586735e-07	-0.02315
-3.566735e-07	-0.0193
-3.546735e-07	-0.0237
-3.526735e-07	-0.027
-3.506735e-07	-0.0226
-3.486735e-07	-0.0248
-3.466735e-07	-0.0215
-3.446735e-07	-0.0259
-3.426735e-07	-0.02535
-3.406735e-07	-0.02645
-3.386735e-07	-0.02095
-3.366735e-07	-0.0215
-3.346735e-07	-0.0248
-3.326735e-07	-0.0259
-3.306735e-07	-0.0215
-3.286735e-07	-0.02205
-3.266735e-07	-0.0226
-3.246735e-07	-0.0204
-3.226735e-07	-0.0193
-3.206735e-07	-0.01985
-3.186735e-07	-0.0215
-3.166735e-07	-0.02315
-3.146735e-07	-0.0204
-3.126735e-07	-0.0226
-3.106735e-07	-0.02205
-3.086735e-07	-0.01985
-3.066735e-07	-0.02315
-3.046735e-07	-0.0237
-3.026735e-07	-0.02095
-3.006735e-07	-0.0237
-2.986735e-07	-0.0204
-2.966735e-07	-0.0215
-2.946735e-07	-0.02315
-2.926735e-07	-0.01985
-2.906735e-07	-0.01875
-2.886735e-07	-0.0226
-2.866735e-07	-0.0226
-2.846735e-07	-0.0226
-2.826735e-07	-0.0204
-2.806735e-07	-0.0215
-2.786735e-07	-0.02315
-2.766735e-07	-0.01985
-2.746735e-07	-0.02095
-2.726735e-07	-0.02095
-2.706735e-07	-0.01985
-2.686735e-07	-0.02095
-2.666735e-07	-0.02205
-2.646735e-07	-0.02315
-2.626735e-07	-0.0204
-2.606735e-07	-0.01985
-2.586735e-07	-0.0215
-2.566735e-07	-0.0248
-2.546735e-07	-0.0215
-2.526735e-07	-0.0259
-2.506735e-07	-0.01875
-2.486735e-07	-0.0215
-2.466735e-07	-0.0215
-2.446735e-07	-0.02095
-2.426735e-07	-0.01765
-2.406735e-07	-0.0182
-2.386735e-07	-0.0193
-2.366735e-07	-0.0215
-2.346735e-07	-0.0182
-2.326735e-07	-0.0204
-2.306735e-07	-0.0226
-2.286735e-07	-0.02315
-2.266735e-07	-0.02095
-2.246735e-07	-0.02205
-2.226735e-07	-0.02315
-2.206735e-07	-0.0204
-2.186735e-07	-0.0193
-2.166735e-07	-0.02205
-2.146735e-07	-0.02315
-2.126735e-07	-0.01985
-2.106735e-07	-0.0193
-2.086735e-07	-0.02095
-2.066735e-07	-0.02315
-2.046735e-07	-0.0204
-2.026735e-07	-0.0193
-2.006735e-07	-0.02205
-1.986735e-07	-0.0193
-1.966735e-07	-0.0193
-1.946735e-07	-0.0193
-1.926735e-07	-0.0248
-1.906735e-07	-0.0204
-1.886735e-07	-0.02095
-1.866735e-07	-0.01875
-1.846735e-07	-0.02205
-1.826735e-07	-0.0204
-1.806735e-07	-0.01875
-1.786735e-07	-0.02095
-1.766735e-07	-0.02645
-1.746735e-07	-0.0248
-1.726735e-07	-0.0237
-1.706735e-07	-0.02425
-1.686735e-07	-0.0248
-1.666735e-07	-0.02535
-1.646735e-07	-0.0237
-1.626735e-07	-0.02205
-1.606735e-07	-0.0237
-1.586735e-07	-0.0215
-1.566735e-07	-0.0215
-1.546735e-07	-0.02205
-1.526735e-07	-0.0248
-1.506735e-07	-0.02425
-1.486735e-07	-0.02315
-1.466735e-07	-0.0226
-1.446735e-07	-0.0237
-1.426735e-07	-0.02315
-1.406735e-07	-0.0204
-1.386735e-07	-0.0215
-1.366735e-07	-0.0237
-1.346735e-07	-0.02425
-1.326735e-07	-0.02425
-1.306735e-07	-0.0259
-1.286735e-07	-0.02535
-1.266735e-07	-0.02095
-1.246735e-07	-0.0215
-1.226735e-07	-0.01985
-1.206735e-07	-0.0237
-1.186735e-07	-0.0226
-1.166735e-07	-0.02315
-1.146735e-07	-0.01985
-1.126735e-07	-0.0226
-1.106735e-07	-0.02535
-1.086735e-07	-0.01985
-1.066735e-07	-0.0215
-1.046735e-07	-0.02425
-1.026735e-07	-0.01985
-1.006735e-07	-0.0248
-9.867347e-08	-0.01875
-9.667347e-08	-0.0204
-9.467347e-08	-0.0248
-9.267347e-08	-0.02315
-9.067347e-08	-0.02205
-8.867347e-08	-0.02315
-8.667347e-08	-0.01985
-8.467347e-08	-0.02315
-8.267347e-08	-0.0215
-8.067347e-08	-0.0226
-7.867347e-08	-0.01985
-7.667347e-08	-0.01985
-7.467347e-08	-0.02095
-7.267347e-08	-0.0226
-7.067347e-08	-0.0215
-6.867347e-08	-0.0204
-6.667347e-08	-0.02315
-6.467347e-08	-0.0204
-6.267347e-08	-0.0204
-6.067347e-08	-0.01875
-5.867347e-08	-0.0215
-5.667347e-08	-0.0182
-5.467347e-08	-0.01985
-5.267347e-08	-0.0204
-5.067347e-08	-0.0193
-4.867347e-08	-0.01875
-4.667347e-08	-0.0204
-4.467347e-08	-0.0193
-4.267347e-08	-0.01985
-4.067347e-08	-0.02095
-3.867347e-08	-0.0215
-3.667347e-08	-0.01875
-3.467347e-08	-0.02315
-3.267347e-08	-0.02205
-3.067347e-08	-0.02095
-2.867347e-08	-0.0204
-2.667347e-08	-0.01985
-2.467347e-08	-0.01985
-2.267347e-08	-0.02095
-2.067347e-08	-0.0204
-1.867347e-08	-0.01985
-1.667347e-08	-0.0193
-1.467347e-08	-0.02205
-1.267347e-08	-0.0204
-1.067347e-08	-0.0215
-8.673471e-09	-0.0237
-6.673471e-09	-0.0215
-4.673471e-09	-0.02315
-2.673471e-09	-0.02095
-6.734706e-10	-0.01875
1.326529e-09	-0.0237
3.326529e-09	-0.02315
5.326529e-09	-0.02535
7.326529e-09	-0.0226
9.326529e-09	-0.0248
1.132653e-08	-0.02205
1.332653e-08	-0.02535
1.532653e-08	-0.02315
1.732653e-08	-0.0237
1.932653e-08	-0.02425
2.132653e-08	-0.0204
2.332653e-08	-0.02315
2.532653e-08	-0.02205
2.732653e-08	-0.02425
2.932653e-08	-0.02315
3.132653e-08	-0.0259
3.332653e-08	-0.0237
3.532653e-08	-0.02535
3.732653e-08	-0.0226
3.932653e-08	-0.02865
4.132653e-08	-0.02645
4.332653e-08	-0.02535
4.532653e-08	-0.02315
4.732653e-08	-0.0259
4.932653e-08	-0.02755
5.132653e-08	-0.02645
5.332653e-08	-0.0237
5.532653e-08	-0.02645
5.732653e-08	-0.0281
5.932653e-08	-0.02535
6.132653e-08	-0.027
6.332653e-08	-0.0281
6.532653e-08	-0.02645
6.732653e-08	-0.0292
6.932653e-08	-0.0237
7.132653e-08	-0.0303
7.332653e-08	-0.027
7.532653e-08	-0.0259
7.732653e-08	-0.02645
7.932653e-08	-0.02865
8.132653e-08	-0.027
8.332653e-08	-0.02755
8.532653e-08	-0.02645
8.732653e-08	-0.027
8.932653e-08	-0.0259
9.132653e-08	-0.02425
9.332653e-08	-0.02535
9.532653e-08	-0.02865
9.732653e-08	-0.027
9.932653e-08	-0.0292
1.013265e-07	-0.02755
1.033265e-07	-0.027
1.053265e-07	-0.0259
1.073265e-07	-0.02645
1.093265e-07	-0.02425
1.113265e-07	-0.02425
1.133265e-07	-0.0237
1.153265e-07	-0.0248
1.173265e-07	-0.02425
1.193265e-07	-0.0248
1.213265e-07	-0.02755
1.233265e-07	-0.0215
1.253265e-07	-0.0248
1.273265e-07	-0.027
1.293265e-07	-0.0226
1.313265e-07	-0.016
1.333265e-07	-0.0083
1.353265e-07	0.01865
1.373265e-07	0.06155
1.393265e-07	0.12095
1.413265e-07	0.2018
1.433265e-07	0.2854
1.453265e-07	0.38165
1.473265e-07	0.4735
1.493265e-07	0.56645
1.513265e-07	0.64895
1.533265e-07	0.7287
1.553265e-07	0.8057
1.573265e-07	0.87665
1.593265e-07	0.9366
1.613265e-07	0.9938
1.633265e-07	1.0411
1.653265e-07	1.09005
1.673265e-07	1.12855
1.693265e-07	1.16485
1.713265e-07	1.1885
1.733265e-07	1.2149
1.753265e-07	1.2292
1.773265e-07	1.25065
1.793265e-07	1.2633
1.813265e-07	1.26935
1.833265e-07	1.2721
1.853265e-07	1.2776
1.873265e-07	1.27485
1.893265e-07	1.2765
1.913265e-07	1.2677
1.933265e-07	1.26495
1.953265e-07	1.25505
1.973265e-07	1.24295
1.993265e-07	1.22865
2.013265e-07	1.2215
2.033265e-07	1.2039
2.053265e-07	1.19235
2.073265e-07	1.172
2.093265e-07	1.15825
2.113265e-07	1.1401
2.133265e-07	1.12415
2.153265e-07	1.10545
2.173265e-07	1.084
2.193265e-07	1.06585
2.213265e-07	1.04825
2.233265e-07	1.0279
2.253265e-07	1.0081
2.273265e-07	0.98665
2.293265e-07	0.9696
2.313265e-07	0.95145
2.333265e-07	0.92945
2.353265e-07	0.91185
2.373265e-07	0.8948
2.393265e-07	0.87115
2.413265e-07	0.8552
2.433265e-07	0.8365
2.453265e-07	0.82
2.473265e-07	0.80185
2.493265e-07	0.78315
2.513265e-07	0.76885
2.533265e-07	0.7529
2.553265e-07	0.7298
2.573265e-07	0.71495
2.593265e-07	0.70065
2.613265e-07	0.6825
2.633265e-07	0.66655
2.653265e-07	0.6495
2.673265e-07	0.63575
2.693265e-07	0.6187
2.713265e-07	0.60275
2.733265e-07	0.5879
2.753265e-07	0.5725
2.773265e-07	0.5593
2.793265e-07	0.5428
2.813265e-07	0.52905
2.833265e-07	0.51475
2.853265e-07	0.5065
2.873265e-07	0.49165
2.893265e-07	0.4779
2.913265e-07	0.46635
2.933265e-07	0.45315
2.953265e-07	0.4405
2.973265e-07	0.43005
2.993265e-07	0.42015
3.013265e-07	0.41245
3.033265e-07	0.39925
3.053265e-07	0.38715
3.073265e-07	0.37945
3.093265e-07	0.369
3.113265e-07	0.3569
3.133265e-07	0.35085
3.153265e-07	0.33765
3.173265e-07	0.3338
3.193265e-07	0.32335
3.213265e-07	0.3129
3.233265e-07	0.30465
3.253265e-07	0.30245
3.273265e-07	0.2876
3.293265e-07	0.2799
3.313265e-07	0.2722
3.333265e-07	0.2678
3.353265e-07	0.25845
3.373265e-07	0.2546
3.393265e-07	0.24965
3.413265e-07	0.24305
3.433265e-07	0.23425
3.453265e-07	0.2315
3.473265e-07	0.22435
3.493265e-07	0.2205
3.513265e-07	0.2084
3.533265e-07	0.2051
3.553265e-07	0.2007
3.573265e-07	0.1996
3.593265e-07	0.193
3.613265e-07	0.18475
3.633265e-07	0.182
3.653265e-07	0.18035
3.673265e-07	0.1743
3.693265e-07	0.171
3.713265e-07	0.1666
3.733265e-07	0.16055
3.753265e-07	0.1567
3.773265e-07	0.1512
3.793265e-07	0.15065
3.813265e-07	0.14845
3.833265e-07	0.14295
3.853265e-07	0.13855
3.873265e-07	0.1325
3.893265e-07	0.13085
3.913265e-07	0.12645
3.933265e-07	0.12315
3.953265e-07	0.1215
3.973265e-07	0.12095
3.993265e-07	0.11435
4.013265e-07	0.11325
4.033265e-07	0.1094
4.053265e-07	0.1083
4.073265e-07	0.10225
4.093265e-07	0.1017
4.113265e-07	0.0984
4.133265e-07	0.10005
4.153265e-07	0.0951
4.173265e-07	0.0918
4.193265e-07	0.08685
4.213265e-07	0.0863
4.233265e-07	0.0852
4.253265e-07	0.0841
4.273265e-07	0.08025
4.293265e-07	0.0764
4.313265e-07	0.0709
4.333265e-07	0.072
4.353265e-07	0.072
4.373265e-07	0.06925
4.393265e-07	0.06705
4.413265e-07	0.06485
4.433265e-07	0.0632
4.453265e-07	0.0643
4.473265e-07	0.0588
4.493265e-07	0.05825
4.513265e-07	0.05605
4.533265e-07	0.0577
4.553265e-07	0.0533
4.573265e-07	0.0533
4.593265e-07	0.04725
4.613265e-07	0.05055
4.633265e-07	0.04615
4.653265e-07	0.0478
4.673265e-07	0.04395
4.693265e-07	0.0412
4.713265e-07	0.03845
4.733265e-07	0.03955
4.753265e-07	0.03845
4.773265e-07	0.03955
4.793265e-07	0.03515
4.813265e-07	0.03405
4.833265e-07	0.03295
4.853265e-07	0.03295
4.873265e-07	0.028
4.893265e-07	0.02965
4.913265e-07	0.02965
4.933265e-07	0.028
4.953265e-07	0.02415
4.973265e-07	0.02525
4.993265e-07	0.02305
5.013265e-07	0.02085
5.033265e-07	0.01975
5.053265e-07	0.02085
5.073265e-07	0.0192
5.093265e-07	0.01865
5.113265e-07	0.01755
5.133265e-07	0.017
5.153265e-07	0.0181
5.173265e-07	0.017
5.193265e-07	0.0126
5.213265e-07	0.01535
5.233265e-07	0.0137
5.253265e-07	0.01425
5.273265e-07	0.00875
5.293265e-07	0.0093
5.313265e-07	0.0104
5.333265e-07	0.00875
5.353265e-07	0.0104
5.373265e-07	0.00875
5.393265e-07	0.0082
5.413265e-07	0.006
5.433265e-07	0.0038
5.453265e-07	0.00325
5.473265e-07	0.00545
5.493265e-07	0.00435
5.513265e-07	0.00325
5.533265e-07	0.00215
5.553265e-07	-0.0017
5.573265e-07	-5e-05
5.593265e-07	-0.0006
5.613265e-07	0.00105
5.633265e-07	0.00325
5.653265e-07	0.0016
5.673265e-07	-0.00225
5.693265e-07	-0.0006
5.713265e-07	-0.00335
5.733265e-07	-0.0017
5.753265e-07	-0.0061
5.773265e-07	-0.0039
5.793265e-07	-0.0017
5.813265e-07	-0.005
5.833265e-07	-0.00555
5.853265e-07	-0.0072
5.873265e-07	-0.00665
5.893265e-07	-0.00445
5.913265e-07	-0.00665
5.933265e-07	-0.01105
5.953265e-07	-0.0083
5.973265e-07	-0.00445
5.993265e-07	-0.00995
6.013265e-07	-0.00995
6.033265e-07	-0.00995
6.053265e-07	-0.01215
6.073265e-07	-0.00885
6.093265e-07	-0.00775
6.113265e-07	-0.0094
6.133265e-07	-0.01105
6.153265e-07	-0.0116
6.173265e-07	-0.01105
6.193265e-07	-0.00885
6.213265e-07	-0.0105
6.233265e-07	-0.01325
6.253265e-07	-0.0116
6.273265e-07	-0.01325
6.293265e-07	-0.0138
6.313265e-07	-0.0138
6.333265e-07	-0.0149
6.353265e-07	-0.01545
6.373265e-07	-0.01435
6.393265e-07	-0.01655
6.413265e-07	-0.01545
6.433265e-07	-0.01655
6.453265e-07	-0.0149
6.473265e-07	-0.0171
6.493265e-07	-0.0182
6.513265e-07	-0.01435
6.533265e-07	-0.01545
6.553265e-07	-0.01435
6.573265e-07	-0.016
6.593265e-07	-0.0182
6.613265e-07	-0.0127
6.633265e-07	-0.01545
6.653265e-07	-0.01655
6.673265e-07	-0.01655
6.693265e-07	-0.0149
6.713265e-07	-0.0171
6.733265e-07	-0.01545
6.753265e-07	-0.0171
6.773265e-07	-0.01985
6.793265e-07	-0.01765
6.813265e-07	-0.02095
6.833265e-07	-0.0193
6.853265e-07	-0.01875
6.873265e-07	-0.02095
6.893265e-07	-0.0182
6.913265e-07	-0.0182
6.933265e-07	-0.0193
6.953265e-07	-0.0204
6.973265e-07	-0.0204
6.993265e-07	-0.02205
7.013265e-07	-0.0193
7.033265e-07	-0.0193
7.053265e-07	-0.0193
7.073265e-07	-0.0226
7.093265e-07	-0.02095
7.113265e-07	-0.0204
7.133265e-07	-0.0193
7.153265e-07	-0.0204
7.173265e-07	-0.0193
7.193265e-07	-0.0182
7.213265e-07	-0.01985
7.233265e-07	-0.01985
7.253265e-07	-0.01875
7.273265e-07	-0.0215
7.293265e-07	-0.02095
7.313265e-07	-0.01875
7.333265e-07	-0.01985
7.353265e-07	-0.0204
7.373265e-07	-0.0226
7.393265e-07	-0.0204
7.413265e-07	-0.01985
7.433265e-07	-0.01875
7.453265e-07	-0.0226
7.473265e-07	-0.02315
7.493265e-07	-0.0215
7.513265e-07	-0.01985
7.533265e-07	-0.0215
7.553265e-07	-0.01875
7.573265e-07	-0.01875
7.593265e-07	-0.02095
7.613265e-07	-0.02205
7.633265e-07	-0.02315
7.653265e-07	-0.01985
7.673265e-07	-0.0193
7.693265e-07	-0.02205
7.713265e-07	-0.02425
7.733265e-07	-0.0226
7.753265e-07	-0.02205
7.773265e-07	-0.0226
7.793265e-07	-0.0204
7.813265e-07	-0.02425
7.833265e-07	-0.02755
7.853265e-07	-0.02315
7.873265e-07	-0.01875
7.893265e-07	-0.02205
7.913265e-07	-0.02425
7.933265e-07	-0.02315
7.953265e-07	-0.02315
7.973265e-07	-0.0237
7.993265e-07	-0.02535
8.013265e-07	-0.02205
8.033265e-07	-0.02205
8.053265e-07	-0.0204
8.073265e-07	-0.0204
8.093265e-07	-0.02205
8.113265e-07	-0.02205
8.133265e-07	-0.0248
8.153265e-07	-0.0292
8.173265e-07	-0.0215
8.193265e-07	-0.02095
8.213265e-07	-0.0226
8.233265e-07	-0.0226
8.253265e-07	-0.0248
8.273265e-07	-0.0259
8.293265e-07	-0.02425
8.313265e-07	-0.02535
8.333265e-07	-0.0248
8.353265e-07	-0.02315
8.373265e-07	-0.02425
8.393265e-07	-0.02535
8.413265e-07	-0.02425
8.433265e-07	-0.02315
8.453265e-07	-0.02645
8.473265e-07	-0.0292
8.493265e-07	-0.02645
8.513265e-07	-0.02205
8.533265e-07	-0.0237
8.553265e-07	-0.0248
8.573265e-07	-0.0259
8.593265e-07	-0.02425
8.613265e-07	-0.02425
8.633265e-07	-0.02205
8.653265e-07	-0.02535
8.673265e-07	-0.0215
8.693265e-07	-0.0281
8.713265e-07	-0.02535
8.733265e-07	-0.02425
8.753265e-07	-0.0248
8.773265e-07	-0.0237
8.793265e-07	-0.027
8.813265e-07	-0.0259
8.833265e-07	-0.02315
8.853265e-07	-0.02425
8.873265e-07	-0.0204
8.893265e-07	-0.02425
8.913265e-07	-0.0226
8.933265e-07	-0.02315
8.953265e-07	-0.02205
8.973265e-07	-0.0215
8.993265e-07	-0.0204
9.013265e-07	-0.01985
9.033265e-07	-0.0204
9.053265e-07	-0.0204
9.073265e-07	-0.01875
9.093265e-07	-0.01875
9.113265e-07	-0.0193
9.133265e-07	-0.01985
9.153265e-07	-0.0182
9.173265e-07	-0.01985
9.193265e-07	-0.0215
9.213265e-07	-0.02205
9.233265e-07	-0.0182
9.253265e-07	-0.0182
9.273265e-07	-0.02095
9.293265e-07	-0.0182
9.313265e-07	-0.02315
9.333265e-07	-0.0171
9.353265e-07	-0.02205
9.373265e-07	-0.0204
9.393265e-07	-0.0226
9.413265e-07	-0.016
9.433265e-07	-0.0204
9.453265e-07	-0.0204
9.473265e-07	-0.01875
9.493265e-07	-0.01985
9.513265e-07	-0.0237
9.533265e-07	-0.02095
9.553265e-07	-0.0226
9.573265e-07	-0.01985
9.593265e-07	-0.02205
9.613265e-07	-0.01985
9.633265e-07	-0.01875
9.653265e-07	-0.0193
9.673265e-07	-0.02205
9.693265e-07	-0.0237
9.713265e-07	-0.0171
9.733265e-07	-0.02095
9.753265e-07	-0.02095
9.773265e-07	-0.0182
9.793265e-07	-0.01875
9.813265e-07	-0.0182
9.833265e-07	-0.0226
9.853265e-07	-0.0204
9.873265e-07	-0.0182
9.893265e-07	-0.01655
9.913265e-07	-0.02095
9.933265e-07	-0.0193
9.953265e-07	-0.01985
9.973265e-07	-0.0193
9.993265e-07	-0.0226
1.001327e-06	-0.0215
1.003327e-06	-0.0182
1.005327e-06	-0.01985
1.007327e-06	-0.01765
1.009327e-06	-0.01875
1.011327e-06	-0.0182
1.013327e-06	-0.0204
1.015327e-06	-0.0215
1.017327e-06	-0.0204
1.019327e-06	-0.0204
1.021327e-06	-0.0171
1.023327e-06	-0.02095
1.025327e-06	-0.0215
1.027327e-06	-0.02095
1.029327e-06	-0.02095
1.031327e-06	-0.0237
1.033327e-06	-0.0237
1.035327e-06	-0.0215
1.037327e-06	-0.02095
1.039327e-06	-0.02095
1.041327e-06	-0.0226
1.043327e-06	-0.02095
1.045327e-06	-0.0226
1.047327e-06	-0.02645
1.049327e-06	-0.01985
1.051327e-06	-0.02315
1.053327e-06	-0.0226
1.055327e-06	-0.02425
1.057327e-06	-0.02645
1.059327e-06	-0.02315
1.061327e-06	-0.0215
1.063327e-06	-0.0237
1.065327e-06	-0.02315
1.067327e-06	-0.0248
1.069327e-06	-0.02315
1.071327e-06	-0.02535
1.073327e-06	-0.0237
1.075327e-06	-0.02315
1.077327e-06	-0.0226
1.079327e-06	-0.0248
1.081327e-06	-0.0259
1.083327e-06	-0.02755
1.085327e-06	-0.0248
1.087327e-06	-0.0248
1.089327e-06	-0.0248
1.091327e-06	-0.0259
1.093327e-06	-0.0237
1.095327e-06	-0.02535
1.097327e-06	-0.02205
1.099327e-06	-0.02205
1.101327e-06	-0.0259
1.103327e-06	-0.0248
1.105327e-06	-0.0248
1.107327e-06	-0.02315
1.109327e-06	-0.02535
1.111327e-06	-0.027
1.113327e-06	-0.0259
1.115327e-06	-0.02315
1.117327e-06	-0.02425
1.119327e-06	-0.0237
1.121327e-06	-0.0248
1.123327e-06	-0.0248
1.125327e-06	-0.02755
1.127327e-06	-0.0248
1.129327e-06	-0.02425
1.131327e-06	-0.02425
1.133327e-06	-0.027
1.135327e-06	-0.0248
1.137327e-06	-0.027
1.139327e-06	-0.02425
1.141327e-06	-0.0215
1.143327e-06	-0.0237
1.145327e-06	-0.027
1.147327e-06	-0.0281
1.149327e-06	-0.027
1.151327e-06	-0.02865
1.153327e-06	-0.0259
1.155327e-06	-0.0248
1.157327e-06	-0.0237
1.159327e-06	-0.0259
1.161327e-06	-0.02425
1.163327e-06	-0.02425
1.165327e-06	-0.02315
1.167327e-06	-0.02425
1.169327e-06	-0.02755
1.171327e-06	-0.0226
1.173327e-06	-0.0237
1.175327e-06	-0.02535
1.177327e-06	-0.02645
1.179327e-06	-0.0204
1.181327e-06	-0.0237
1.183327e-06	-0.02425
1.185327e-06	-0.0248
1.187327e-06	-0.02205
1.189327e-06	-0.02425
1.191327e-06	-0.02315
1.193327e-06	-0.02425
1.195327e-06	-0.0237
1.197327e-06	-0.02095
1.199327e-06	-0.02425
1.201327e-06	-0.0248
1.203327e-06	-0.02315
1.205327e-06	-0.02425
1.207327e-06	-0.0226
1.209327e-06	-0.0259
1.211327e-06	-0.02315
1.213327e-06	-0.0259
1.215327e-06	-0.01985
1.217327e-06	-0.0248
1.219327e-06	-0.0237
1.221327e-06	-0.0248
1.223327e-06	-0.0259
1.225327e-06	-0.0259
1.227327e-06	-0.0248
1.229327e-06	-0.0237
1.231327e-06	-0.02535
1.233327e-06	-0.0248
1.235327e-06	-0.0259
1.237327e-06	-0.0248
1.239327e-06	-0.0237
1.241327e-06	-0.027
1.243327e-06	-0.0237
1.245327e-06	-0.02645
1.247327e-06	-0.0237
1.249327e-06	-0.02535
1.251327e-06	-0.0237
1.253327e-06	-0.02315
1.255327e-06	-0.02315
1.257327e-06	-0.02535
1.259327e-06	-0.0259
1.261327e-06	-0.02535
1.263327e-06	-0.0259
1.265327e-06	-0.02755
1.267327e-06	-0.02425
1.269327e-06	-0.0248
1.271327e-06	-0.02315
1.273327e-06	-0.0215
1.275327e-06	-0.0204
1.277327e-06	-0.0259
1.279327e-06	-0.02425
1.281327e-06	-0.0248
1.283327e-06	-0.02315
1.285327e-06	-0.0248
1.287327e-06	-0.02535
1.289327e-06	-0.02755
1.291327e-06	-0.02535
1.293327e-06	-0.0237
1.295327e-06	-0.02645
1.297327e-06	-0.0226
1.299327e-06	-0.02425
1.301327e-06	-0.0237
1.303327e-06	-0.0248
1.305327e-06	-0.0215
1.307327e-06	-0.02425
1.309327e-06	-0.02205
1.311327e-06	-0.02315
1.313327e-06	-0.0226
1.315327e-06	-0.0248
1.317327e-06	-0.0237
1.319327e-06	-0.02095
1.321327e-06	-0.0259
1.323327e-06	-0.02315
1.325327e-06	-0.02425
1.327327e-06	-0.0226
1.329327e-06	-0.0237
1.331327e-06	-0.02205
1.333327e-06	-0.0237
1.335327e-06	-0.0259
1.337327e-06	-0.02425
1.339327e-06	-0.0237
1.341327e-06	-0.0226
1.343327e-06	-0.027
1.345327e-06	-0.02645
1.347327e-06	-0.0259
1.349327e-06	-0.0248
1.351327e-06	-0.0248
1.353327e-06	-0.027
1.355327e-06	-0.02645
1.357327e-06	-0.0248
1.359327e-06	-0.02645
1.361327e-06	-0.0259
1.363327e-06	-0.02645
1.365327e-06	-0.02755
1.367327e-06	-0.027
1.369327e-06	-0.02755
1.371327e-06	-0.0226
1.373327e-06	-0.02645
1.375327e-06	-0.0259
1.377327e-06	-0.02755
1.379327e-06	-0.0259
1.381327e-06	-0.0237
1.383327e-06	-0.0259
1.385327e-06	-0.0281
1.387327e-06	-0.02755
1.389327e-06	-0.02645
1.391327e-06	-0.027
1.393327e-06	-0.02645
1.395327e-06	-0.0248
1.397327e-06	-0.02535
1.399327e-06	-0.027
1.401327e-06	-0.02755
1.403327e-06	-0.02645
1.405327e-06	-0.02645
1.407327e-06	-0.0303
1.409327e-06	-0.02755
1.411327e-06	-0.027
1.413327e-06	-0.02425
1.415327e-06	-0.02535
1.417327e-06	-0.0248
1.419327e-06	-0.0237
1.421327e-06	-0.02425
1.423327e-06	-0.027
1.425327e-06	-0.02755
1.427327e-06	-0.0292
1.429327e-06	-0.02425
1.431327e-06	-0.02425
1.433327e-06	-0.027
1.435327e-06	-0.0292
1.437327e-06	-0.02535
1.439327e-06	-0.0281
1.441327e-06	-0.02645
1.443327e-06	-0.0292
1.445327e-06	-0.02535
1.447327e-06	-0.02865
1.449327e-06	-0.02645
1.451327e-06	-0.0248
1.453327e-06	-0.0259
1.455327e-06	-0.0259
1.457327e-06	-0.0281
1.459327e-06	-0.02755
1.461327e-06	-0.02865
1.463327e-06	-0.02755
1.465327e-06	-0.0259
1.467327e-06	-0.027
1.469327e-06	-0.02645
1.471327e-06	-0.02975
1.473327e-06	-0.03085
1.475327e-06	-0.02975
1.477327e-06	-0.0303
1.479327e-06	-0.0325
1.481327e-06	-0.0303
1.483327e-06	-0.0281
1.485327e-06	-0.0292
1.487327e-06	-0.0292
1.489327e-06	-0.02755
1.491327e-06	-0.0292
1.493327e-06	-0.02645
1.495327e-06	-0.02865
1.497327e-06	-0.0292
1.499327e-06	-0.0303
1.501327e-06	-0.0314
1.503327e-06	-0.0303
1.505327e-06	-0.0303
1.507327e-06	-0.02865
1.509327e-06	-0.02755
1.511327e-06	-0.0292
1.513327e-06	-0.0292
1.515327e-06	-0.02755
1.517327e-06	-0.0303
1.519327e-06	-0.0292
1.521327e-06	-0.0314
1.523327e-06	-0.02865
1.525327e-06	-0.02865
1.527327e-06	-0.0292
1.529327e-06	-0.02755
1.531327e-06	-0.0303
1.533327e-06	-0.027
1.535327e-06	-0.03195
1.537327e-06	-0.03085
1.539327e-06	-0.0303
1.541327e-06	-0.0281
1.543327e-06	-0.02645
1.545327e-06	-0.0292
1.547327e-06	-0.02975
1.549327e-06	-0.03085
1.551327e-06	-0.0292
1.553327e-06	-0.0292
1.555327e-06	-0.0292
1.557327e-06	-0.02865
1.559327e-06	-0.0314
1.561327e-06	-0.0314
1.563327e-06	-0.02975
1.565327e-06	-0.03195
1.567327e-06	-0.03195
1.569327e-06	-0.03085
1.571327e-06	-0.02645
1.573327e-06	-0.0292
1.575327e-06	-0.03085
1.577327e-06	-0.03085
1.579327e-06	-0.0292
1.581327e-06	-0.02755
1.583327e-06	-0.02645
1.585327e-06	-0.0259
1.587327e-06	-0.0303
1.589327e-06	-0.0292
1.591327e-06	-0.0303
1.593327e-06	-0.02975
1.595327e-06	-0.0314
1.597327e-06	-0.02645
1.599327e-06	-0.0281
1.601327e-06	-0.02755
1.603327e-06	-0.0292
1.605327e-06	-0.0292
1.607327e-06	-0.0281
1.609327e-06	-0.027
1.611327e-06	-0.02865
1.613327e-06	-0.02645
1.615327e-06	-0.0259
1.617327e-06	-0.0259
1.619327e-06	-0.02755
1.621327e-06	-0.02755
1.623327e-06	-0.0292
1.625327e-06	-0.0281
1.627327e-06	-0.02865
1.629327e-06	-0.027
1.631327e-06	-0.027
1.633327e-06	-0.02755
1.635327e-06	-0.0259
1.637327e-06	-0.02645
1.639327e-06	-0.0292
1.641327e-06	-0.0303
1.643327e-06	-0.02755
1.645327e-06	-0.0248
1.647327e-06	-0.027
1.649327e-06	-0.02865
1.651327e-06	-0.027
1.653327e-06	-0.0281
1.655327e-06	-0.02865
1.657327e-06	-0.02865
1.659327e-06	-0.02645
1.661327e-06	-0.02755
1.663327e-06	-0.02535
1.665327e-06	-0.0281
1.667327e-06	-0.0248
1.669327e-06	-0.02315
1.671327e-06	-0.0281
1.673327e-06	-0.02755
1.675327e-06	-0.02865
1.677327e-06	-0.0248
1.679327e-06	-0.0259
1.681327e-06	-0.0259
1.683327e-06	-0.0248
1.685327e-06	-0.02425
1.687327e-06	-0.0248
1.689327e-06	-0.0237
1.691327e-06	-0.02425
1.693327e-06	-0.02315
1.695327e-06	-0.02645
1.697327e-06	-0.02425
1.699327e-06	-0.0237
1.701327e-06	-0.02425
1.703327e-06	-0.0281
1.705327e-06	-0.02645
1.707327e-06	-0.02645
1.709327e-06	-0.02535
1.711327e-06	-0.02755
1.713327e-06	-0.02755
1.715327e-06	-0.02865
1.717327e-06	-0.02865
1.719327e-06	-0.02755
1.721327e-06	-0.0281
1.723327e-06	-0.02425
1.725327e-06	-0.02865
1.727327e-06	-0.027
1.729327e-06	-0.02755
1.731327e-06	-0.02865
1.733327e-06	-0.0259
1.735327e-06	-0.0281
1.737327e-06	-0.02535
1.739327e-06	-0.02425
1.741327e-06	-0.02535
1.743327e-06	-0.02645
1.745327e-06	-0.027
1.747327e-06	-0.0248
1.749327e-06	-0.02535
1.751327e-06	-0.0248
1.753327e-06	-0.02535
1.755327e-06	-0.02535
1.757327e-06	-0.02425
1.759327e-06	-0.027
1.761327e-06	-0.02425
1.763327e-06	-0.02535
1.765327e-06	-0.02315
1.767327e-06	-0.0292
1.769327e-06	-0.0259
1.771327e-06	-0.027
1.773327e-06	-0.02315
1.775327e-06	-0.027
1.777327e-06	-0.0248
1.779327e-06	-0.02535
1.781327e-06	-0.0248
1.783327e-06	-0.0281
1.785327e-06	-0.02315
1.787327e-06	-0.02535
1.789327e-06	-0.0248
1.791327e-06	-0.02535
1.793327e-06	-0.0226
1.795327e-06	-0.027
1.797327e-06	-0.0226
1.799327e-06	-0.0237
1.801327e-06	-0.0215
1.803327e-06	-0.0248
1.805327e-06	-0.02425
1.807327e-06	-0.02205
1.809327e-06	-0.0248
1.811327e-06	-0.0237
1.813327e-06	-0.02755
1.815327e-06	-0.0259
1.817327e-06	-0.0237
1.819327e-06	-0.02315
1.821327e-06	-0.0248
1.823327e-06	-0.0248
1.825327e-06	-0.02535
1.827327e-06	-0.0237
1.829327e-06	-0.0248
1.831327e-06	-0.0281
1.833327e-06	-0.0259
1.835327e-06	-0.02315
1.837327e-06	-0.0248
1.839327e-06	-0.02535
1.841327e-06	-0.0259
1.843327e-06	-0.02425
1.845327e-06	-0.02645
1.847327e-06	-0.0237
1.849327e-06	-0.02645
1.851327e-06	-0.02205
1.853327e-06	-0.02535
1.855327e-06	-0.02755
1.857327e-06	-0.0281
1.859327e-06	-0.0193
1.861327e-06	-0.02205
1.863327e-06	-0.02755
1.865327e-06	-0.0248
1.867327e-06	-0.02425
1.869327e-06	-0.02755
1.871327e-06	-0.027
1.873327e-06	-0.02645
1.875327e-06	-0.0292
1.877327e-06	-0.0259
1.879327e-06	-0.02535
1.881327e-06	-0.02755
1.883327e-06	-0.02645
1.885327e-06	-0.0259
1.887327e-06	-0.0281
1.889327e-06	-0.02645
1.891327e-06	-0.02645
1.893327e-06	-0.02755
1.895327e-06	-0.02975
1.897327e-06	-0.02645
1.899327e-06	-0.0215
1.901327e-06	-0.02645
1.903327e-06	-0.02975
1.905327e-06	-0.0292
1.907327e-06	-0.02645
1.909327e-06	-0.027
1.911327e-06	-0.0292
1.913327e-06	-0.02755
1.915327e-06	-0.0248
1.917327e-06	-0.027
1.919327e-06	-0.0281
1.921327e-06	-0.0259
1.923327e-06	-0.02755
1.925327e-06	-0.02755
1.927327e-06	-0.02865
1.929327e-06	-0.0259
1.931327e-06	-0.0248
1.933327e-06	-0.0259
1.935327e-06	-0.027
1.937327e-06	-0.0259
1.939327e-06	-0.02425
1.941327e-06	-0.0237
1.943327e-06	-0.02425
1.945327e-06	-0.0248
1.947327e-06	-0.02425
1.949327e-06	-0.0248
1.951327e-06	-0.0281
1.953327e-06	-0.027
1.955327e-06	-0.027
1.957327e-06	-0.02755
1.959327e-06	-0.0281
1.961327e-06	-0.027
1.963327e-06	-0.0281
1.965327e-06	-0.02645
1.967327e-06	-0.0303
1.969327e-06	-0.02755
1.971327e-06	-0.0281
1.973327e-06	-0.0237
1.975327e-06	-0.02645
1.977327e-06	-0.02425
1.979327e-06	-0.02755
1.981327e-06	-0.0281
1.983327e-06	-0.02865
1.985327e-06	-0.02755
1.987327e-06	-0.0259
1.989327e-06	-0.02755
1.991327e-06	-0.0259
1.993327e-06	-0.0259
1.995327e-06	-0.02865
1.997327e-06	-0.0248
1.999327e-06	-0.027
2.001327e-06	-0.0292
2.003327e-06	-0.0281
2.005327e-06	-0.02865
2.007327e-06	-0.027
2.009327e-06	-0.0259
2.011327e-06	-0.02425
2.013327e-06	-0.0259
2.015327e-06	-0.02755
2.017327e-06	-0.02865
2.019327e-06	-0.0259
2.021327e-06	-0.02755
2.023327e-06	-0.02645
2.025327e-06	-0.0259
2.027327e-06	-0.0281
2.029327e-06	-0.02755
2.031327e-06	-0.02755
2.033327e-06	-0.0281
2.035327e-06	-0.02645
2.037327e-06	-0.02425
2.039327e-06	-0.02755
2.041327e-06	-0.02755
2.043327e-06	-0.027
2.045327e-06	-0.0259
2.047327e-06	-0.02755
2.049327e-06	-0.02645
2.051327e-06	-0.02535
2.053327e-06	-0.02425
2.055327e-06	-0.0281
2.057327e-06	-0.02865
2.059327e-06	-0.02645
2.061327e-06	-0.02645
2.063327e-06	-0.0281
2.065327e-06	-0.0281
2.067327e-06	-0.02865
2.069327e-06	-0.0237
2.071327e-06	-0.02865
2.073327e-06	-0.02865
2.075327e-06	-0.0281
2.077327e-06	-0.0248
2.079327e-06	-0.02425
2.081327e-06	-0.0237
2.083327e-06	-0.0226
2.085327e-06	-0.02205
2.087327e-06	-0.02425
2.089327e-06	-0.0237
2.091327e-06	-0.0237
2.093327e-06	-0.02535
2.095327e-06	-0.0259
2.097327e-06	-0.0237
2.099327e-06	-0.0237
2.101327e-06	-0.02535
2.103327e-06	-0.02315
2.105327e-06	-0.02535
2.107327e-06	-0.02425
2.109327e-06	-0.02315
2.111327e-06	-0.0237
2.113327e-06	-0.02535
2.115327e-06	-0.0215
2.117327e-06	-0.02205
2.119327e-06	-0.0237
2.121327e-06	-0.0204
2.123327e-06	-0.02315
2.125327e-06	-0.02205
2.127327e-06	-0.0237
2.129327e-06	-0.0226
2.131327e-06	-0.0215
2.133327e-06	-0.02205
2.135327e-06	-0.0248
2.137327e-06	-0.0204
2.139327e-06	-0.0237
2.141327e-06	-0.0215
2.143327e-06	-0.0226
2.145327e-06	-0.0226
2.147327e-06	-0.02205
2.149327e-06	-0.0215
2.151327e-06	-0.0259
2.153327e-06	-0.02095
2.155327e-06	-0.02315
2.157327e-06	-0.0193
2.159327e-06	-0.0226
2.161327e-06	-0.02205
2.163327e-06	-0.01875
2.165327e-06	-0.01985
2.167327e-06	-0.02205
2.169327e-06	-0.02095
2.171327e-06	-0.02205
2.173327e-06	-0.0193
2.175327e-06	-0.02205
2.177327e-06	-0.0215
2.179327e-06	-0.0193
2.181327e-06	-0.0204
2.183327e-06	-0.0204
2.185327e-06	-0.0182
2.187327e-06	-0.0215
2.189327e-06	-0.01545
2.191327e-06	-0.02095
2.193327e-06	-0.0171
2.195327e-06	-0.01765
2.197327e-06	-0.01655
2.199327e-06	-0.01875
2.201327e-06	-0.0182
2.203327e-06	-0.01985
2.205327e-06	-0.01545
2.207327e-06	-0.0204
2.209327e-06	-0.0182
2.211327e-06	-0.01875
2.213327e-06	-0.0193
2.215327e-06	-0.0215
2.217327e-06	-0.01985
2.219327e-06	-0.0193
2.221327e-06	-0.01985
2.223327e-06	-0.0193
2.225327e-06	-0.0182
2.227327e-06	-0.0204
2.229327e-06	-0.02095
2.231327e-06	-0.0226
2.233327e-06	-0.0226
2.235327e-06	-0.0204
2.237327e-06	-0.01985
2.239327e-06	-0.0193
2.241327e-06	-0.0171
2.243327e-06	-0.0204
2.245327e-06	-0.01985
2.247327e-06	-0.0226
2.249327e-06	-0.0204
2.251327e-06	-0.0182
2.253327e-06	-0.0215
2.255327e-06	-0.02315
2.257327e-06	-0.02205
2.259327e-06	-0.0215
2.261327e-06	-0.01985
2.263327e-06	-0.02425
2.265327e-06	-0.0226
2.267327e-06	-0.02205
2.269327e-06	-0.01985
2.271327e-06	-0.02205
2.273327e-06	-0.0215
2.275327e-06	-0.0226
2.277327e-06	-0.02095
2.279327e-06	-0.0237
2.281327e-06	-0.0215
2.283327e-06	-0.0215
2.285327e-06	-0.02095
2.287327e-06	-0.02315
2.289327e-06	-0.02425
2.291327e-06	-0.0226
2.293327e-06	-0.02095
2.295327e-06	-0.02425
2.297327e-06	-0.0237
2.299327e-06	-0.0215
2.301327e-06	-0.0237
2.303327e-06	-0.02535
2.305327e-06	-0.0248
2.307327e-06	-0.02205
2.309327e-06	-0.0237
2.311327e-06	-0.027
2.313327e-06	-0.0248
2.315327e-06	-0.027
2.317327e-06	-0.02205
2.319327e-06	-0.02425
2.321327e-06	-0.02315
2.323327e-06	-0.02315
2.325327e-06	-0.0237
2.327327e-06	-0.02425
2.329327e-06	-0.02095
2.331327e-06	-0.02205
2.333327e-06	-0.0226
2.335327e-06	-0.0226
2.337327e-06	-0.02535
2.339327e-06	-0.0226
2.341327e-06	-0.02425
2.343327e-06	-0.02645
2.345327e-06	-0.02535
2.347327e-06	-0.0204
2.349327e-06	-0.0193
2.351327e-06	-0.02425
2.353327e-06	-0.0226
2.355327e-06	-0.02205
2.357327e-06	-0.0215
2.359327e-06	-0.02315
2.361327e-06	-0.02315
2.363327e-06	-0.02205
2.365327e-06	-0.02205
2.367327e-06	-0.02315
2.369327e-06	-0.0237
2.371327e-06	-0.02095
2.373327e-06	-0.01985
2.375327e-06	-0.0226
2.377327e-06	-0.0215
2.379327e-06	-0.02205
2.381327e-06	-0.0215
2.383327e-06	-0.02205
2.385327e-06	-0.02315
2.387327e-06	-0.0259
2.389327e-06	-0.0259
2.391327e-06	-0.02425
2.393327e-06	-0.02205
2.395327e-06	-0.01985
2.397327e-06	-0.01985
2.399327e-06	-0.0226
2.401327e-06	-0.0215
2.403327e-06	-0.02095
2.405327e-06	-0.0259
2.407327e-06	-0.02425
2.409327e-06	-0.02535
2.411327e-06	-0.0237
2.413327e-06	-0.0226
2.415327e-06	-0.0259
2.417327e-06	-0.0215
2.419327e-06	-0.02205
2.421327e-06	-0.02425
2.423327e-06	-0.0248
2.425327e-06	-0.027
2.427327e-06	-0.02425
2.429327e-06	-0.0259
2.431327e-06	-0.02645
2.433327e-06	-0.0259
2.435327e-06	-0.0248
2.437327e-06	-0.0248
2.439327e-06	-0.0248
2.441327e-06	-0.02645
2.443327e-06	-0.02425
2.445327e-06	-0.0237
2.447327e-06	-0.02535
2.449327e-06	-0.0281
2.451327e-06	-0.0281
2.453327e-06	-0.0215
2.455327e-06	-0.0259
2.457327e-06	-0.0248
2.459327e-06	-0.02095
2.461327e-06	-0.0215
2.463327e-06	-0.0259
2.465327e-06	-0.027
2.467327e-06	-0.02975
2.469327e-06	-0.02315
2.471327e-06	-0.02645
2.473327e-06	-0.0226
2.475327e-06	-0.0259
2.477327e-06	-0.0259
2.479327e-06	-0.0259
2.481327e-06	-0.02645
2.483327e-06	-0.0226
2.485327e-06	-0.0226
2.487327e-06	-0.02315
2.489327e-06	-0.0204
2.491327e-06	-0.0226
2.493327e-06	-0.02645
2.495327e-06	-0.02535
2.497327e-06	-0.0237
2.499327e-06	-0.02315
2.501327e-06	-0.0237
