LECROYHDO6104A	50809	Waveform
Segments	1	SegmentSize	2502
Segment	TrigTime	TimeSinceSegment1
#1	19-Dec-2022 19:54:54	0                 
Time	Ampl
-2.5005e-06	-0.0262
-2.4985e-06	-0.03152
-2.4965e-06	-0.03076
-2.4945e-06	-0.02392
-2.4925e-06	-0.0262
-2.4905e-06	-0.03152
-2.4885e-06	-0.03304
-2.4865e-06	-0.02924
-2.4845e-06	-0.03076
-2.4825e-06	-0.03152
-2.4805e-06	-0.03152
-2.4785e-06	-0.02544
-2.4765e-06	-0.03
-2.4745e-06	-0.02848
-2.4725e-06	-0.02772
-2.4705e-06	-0.02848
-2.4685e-06	-0.02772
-2.4665e-06	-0.02848
-2.4645e-06	-0.02772
-2.4625e-06	-0.0262
-2.4605e-06	-0.02696
-2.4585e-06	-0.02924
-2.4565e-06	-0.03152
-2.4545e-06	-0.0262
-2.4525e-06	-0.02848
-2.4505e-06	-0.03076
-2.4485e-06	-0.03076
-2.4465e-06	-0.0262
-2.4445e-06	-0.02848
-2.4425e-06	-0.0262
-2.4405e-06	-0.03076
-2.4385e-06	-0.0262
-2.4365e-06	-0.02848
-2.4345e-06	-0.03152
-2.4325e-06	-0.03076
-2.4305e-06	-0.02696
-2.4285e-06	-0.02848
-2.4265e-06	-0.03
-2.4245e-06	-0.03076
-2.4225e-06	-0.02848
-2.4205e-06	-0.02848
-2.4185e-06	-0.03076
-2.4165e-06	-0.03152
-2.4145e-06	-0.02772
-2.4125e-06	-0.02772
-2.4105e-06	-0.02848
-2.4085e-06	-0.03152
-2.4065e-06	-0.02924
-2.4045e-06	-0.02772
-2.4025e-06	-0.03
-2.4005e-06	-0.03152
-2.3985e-06	-0.02544
-2.3965e-06	-0.02924
-2.3945e-06	-0.02924
-2.3925e-06	-0.03076
-2.3905e-06	-0.02848
-2.3885e-06	-0.02772
-2.3865e-06	-0.03076
-2.3845e-06	-0.03228
-2.3825e-06	-0.02544
-2.3805e-06	-0.0262
-2.3785e-06	-0.02772
-2.3765e-06	-0.03152
-2.3745e-06	-0.03
-2.3725e-06	-0.03
-2.3705e-06	-0.03152
-2.3685e-06	-0.0338
-2.3665e-06	-0.02848
-2.3645e-06	-0.03
-2.3625e-06	-0.02772
-2.3605e-06	-0.03076
-2.3585e-06	-0.02848
-2.3565e-06	-0.03
-2.3545e-06	-0.02924
-2.3525e-06	-0.03152
-2.3505e-06	-0.02848
-2.3485e-06	-0.03076
-2.3465e-06	-0.03
-2.3445e-06	-0.02772
-2.3425e-06	-0.0262
-2.3405e-06	-0.02772
-2.3385e-06	-0.03152
-2.3365e-06	-0.03
-2.3345e-06	-0.02696
-2.3325e-06	-0.02848
-2.3305e-06	-0.03
-2.3285e-06	-0.03152
-2.3265e-06	-0.02848
-2.3245e-06	-0.02696
-2.3225e-06	-0.02848
-2.3205e-06	-0.03
-2.3185e-06	-0.02696
-2.3165e-06	-0.0262
-2.3145e-06	-0.02924
-2.3125e-06	-0.03152
-2.3105e-06	-0.0262
-2.3085e-06	-0.02468
-2.3065e-06	-0.02468
-2.3045e-06	-0.02772
-2.3025e-06	-0.02544
-2.3005e-06	-0.0262
-2.2985e-06	-0.02316
-2.2965e-06	-0.02696
-2.2945e-06	-0.0262
-2.2925e-06	-0.02544
-2.2905e-06	-0.0262
-2.2885e-06	-0.02772
-2.2865e-06	-0.02544
-2.2845e-06	-0.03152
-2.2825e-06	-0.02848
-2.2805e-06	-0.03
-2.2785e-06	-0.02544
-2.2765e-06	-0.03076
-2.2745e-06	-0.03152
-2.2725e-06	-0.03076
-2.2705e-06	-0.02848
-2.2685e-06	-0.02772
-2.2665e-06	-0.02772
-2.2645e-06	-0.03076
-2.2625e-06	-0.02316
-2.2605e-06	-0.02924
-2.2585e-06	-0.03076
-2.2565e-06	-0.02772
-2.2545e-06	-0.02544
-2.2525e-06	-0.02544
-2.2505e-06	-0.02924
-2.2485e-06	-0.0262
-2.2465e-06	-0.0224
-2.2445e-06	-0.0262
-2.2425e-06	-0.02772
-2.2405e-06	-0.02848
-2.2385e-06	-0.02544
-2.2365e-06	-0.02468
-2.2345e-06	-0.03076
-2.2325e-06	-0.02544
-2.2305e-06	-0.02316
-2.2285e-06	-0.02544
-2.2265e-06	-0.0262
-2.2245e-06	-0.02924
-2.2225e-06	-0.02316
-2.2205e-06	-0.0224
-2.2185e-06	-0.02772
-2.2165e-06	-0.02772
-2.2145e-06	-0.0262
-2.2125e-06	-0.02392
-2.2105e-06	-0.02468
-2.2085e-06	-0.02696
-2.2065e-06	-0.0224
-2.2045e-06	-0.02544
-2.2025e-06	-0.02468
-2.2005e-06	-0.02696
-2.1985e-06	-0.02164
-2.1965e-06	-0.02316
-2.1945e-06	-0.0224
-2.1925e-06	-0.02696
-2.1905e-06	-0.02544
-2.1885e-06	-0.0262
-2.1865e-06	-0.02696
-2.1845e-06	-0.03
-2.1825e-06	-0.02316
-2.1805e-06	-0.02544
-2.1785e-06	-0.0262
-2.1765e-06	-0.03076
-2.1745e-06	-0.02316
-2.1725e-06	-0.02468
-2.1705e-06	-0.02848
-2.1685e-06	-0.02924
-2.1665e-06	-0.02392
-2.1645e-06	-0.02848
-2.1625e-06	-0.02924
-2.1605e-06	-0.03
-2.1585e-06	-0.0262
-2.1565e-06	-0.02392
-2.1545e-06	-0.02772
-2.1525e-06	-0.02924
-2.1505e-06	-0.0262
-2.1485e-06	-0.0262
-2.1465e-06	-0.02544
-2.1445e-06	-0.03
-2.1425e-06	-0.02392
-2.1405e-06	-0.02544
-2.1385e-06	-0.02392
-2.1365e-06	-0.02696
-2.1345e-06	-0.02316
-2.1325e-06	-0.02696
-2.1305e-06	-0.02696
-2.1285e-06	-0.02848
-2.1265e-06	-0.0262
-2.1245e-06	-0.0262
-2.1225e-06	-0.02468
-2.1205e-06	-0.02924
-2.1185e-06	-0.02392
-2.1165e-06	-0.02772
-2.1145e-06	-0.0262
-2.1125e-06	-0.02848
-2.1105e-06	-0.0224
-2.1085e-06	-0.02696
-2.1065e-06	-0.02924
-2.1045e-06	-0.02848
-2.1025e-06	-0.02544
-2.1005e-06	-0.02544
-2.0985e-06	-0.02544
-2.0965e-06	-0.02924
-2.0945e-06	-0.02848
-2.0925e-06	-0.02696
-2.0905e-06	-0.02772
-2.0885e-06	-0.03152
-2.0865e-06	-0.02772
-2.0845e-06	-0.02544
-2.0825e-06	-0.0262
-2.0805e-06	-0.02696
-2.0785e-06	-0.02164
-2.0765e-06	-0.02696
-2.0745e-06	-0.02772
-2.0725e-06	-0.02848
-2.0705e-06	-0.02544
-2.0685e-06	-0.02468
-2.0665e-06	-0.02468
-2.0645e-06	-0.02924
-2.0625e-06	-0.02544
-2.0605e-06	-0.02544
-2.0585e-06	-0.0262
-2.0565e-06	-0.02468
-2.0545e-06	-0.02848
-2.0525e-06	-0.02848
-2.0505e-06	-0.02544
-2.0485e-06	-0.02696
-2.0465e-06	-0.0262
-2.0445e-06	-0.0262
-2.0425e-06	-0.02772
-2.0405e-06	-0.03
-2.0385e-06	-0.02316
-2.0365e-06	-0.02392
-2.0345e-06	-0.02696
-2.0325e-06	-0.03152
-2.0305e-06	-0.02468
-2.0285e-06	-0.02848
-2.0265e-06	-0.02316
-2.0245e-06	-0.03
-2.0225e-06	-0.02544
-2.0205e-06	-0.02848
-2.0185e-06	-0.02544
-2.0165e-06	-0.03
-2.0145e-06	-0.02316
-2.0125e-06	-0.02544
-2.0105e-06	-0.02772
-2.0085e-06	-0.0262
-2.0065e-06	-0.02392
-2.0045e-06	-0.02468
-2.0025e-06	-0.0224
-2.0005e-06	-0.02696
-1.9985e-06	-0.0224
-1.9965e-06	-0.02924
-1.9945e-06	-0.02772
-1.9925e-06	-0.02772
-1.9905e-06	-0.02468
-1.9885e-06	-0.02468
-1.9865e-06	-0.02544
-1.9845e-06	-0.02924
-1.9825e-06	-0.0262
-1.9805e-06	-0.0262
-1.9785e-06	-0.02772
-1.9765e-06	-0.03228
-1.9745e-06	-0.02392
-1.9725e-06	-0.02848
-1.9705e-06	-0.0262
-1.9685e-06	-0.03228
-1.9665e-06	-0.0224
-1.9645e-06	-0.02924
-1.9625e-06	-0.02696
-1.9605e-06	-0.03076
-1.9585e-06	-0.0262
-1.9565e-06	-0.02544
-1.9545e-06	-0.02544
-1.9525e-06	-0.02696
-1.9505e-06	-0.02772
-1.9485e-06	-0.03
-1.9465e-06	-0.03076
-1.9445e-06	-0.02772
-1.9425e-06	-0.02544
-1.9405e-06	-0.0262
-1.9385e-06	-0.02772
-1.9365e-06	-0.02848
-1.9345e-06	-0.02468
-1.9325e-06	-0.0262
-1.9305e-06	-0.02772
-1.9285e-06	-0.02924
-1.9265e-06	-0.02468
-1.9245e-06	-0.02696
-1.9225e-06	-0.02544
-1.9205e-06	-0.02772
-1.9185e-06	-0.02468
-1.9165e-06	-0.02544
-1.9145e-06	-0.0262
-1.9125e-06	-0.0262
-1.9105e-06	-0.02468
-1.9085e-06	-0.0224
-1.9065e-06	-0.02088
-1.9045e-06	-0.02392
-1.9025e-06	-0.0224
-1.9005e-06	-0.02392
-1.8985e-06	-0.02392
-1.8965e-06	-0.02468
-1.8945e-06	-0.02392
-1.8925e-06	-0.02468
-1.8905e-06	-0.0224
-1.8885e-06	-0.02392
-1.8865e-06	-0.02012
-1.8845e-06	-0.0224
-1.8825e-06	-0.02316
-1.8805e-06	-0.02392
-1.8785e-06	-0.02164
-1.8765e-06	-0.02012
-1.8745e-06	-0.02468
-1.8725e-06	-0.02316
-1.8705e-06	-0.01936
-1.8685e-06	-0.01936
-1.8665e-06	-0.02088
-1.8645e-06	-0.02392
-1.8625e-06	-0.02088
-1.8605e-06	-0.0224
-1.8585e-06	-0.02164
-1.8565e-06	-0.02392
-1.8545e-06	-0.02088
-1.8525e-06	-0.02316
-1.8505e-06	-0.01936
-1.8485e-06	-0.02316
-1.8465e-06	-0.02164
-1.8445e-06	-0.02316
-1.8425e-06	-0.01936
-1.8405e-06	-0.02544
-1.8385e-06	-0.02316
-1.8365e-06	-0.0224
-1.8345e-06	-0.02316
-1.8325e-06	-0.02468
-1.8305e-06	-0.02088
-1.8285e-06	-0.02164
-1.8265e-06	-0.02164
-1.8245e-06	-0.02924
-1.8225e-06	-0.02012
-1.8205e-06	-0.02544
-1.8185e-06	-0.02392
-1.8165e-06	-0.02468
-1.8145e-06	-0.02164
-1.8125e-06	-0.02088
-1.8105e-06	-0.02392
-1.8085e-06	-0.02544
-1.8065e-06	-0.01936
-1.8045e-06	-0.0224
-1.8025e-06	-0.02088
-1.8005e-06	-0.02392
-1.7985e-06	-0.02088
-1.7965e-06	-0.0262
-1.7945e-06	-0.02544
-1.7925e-06	-0.02544
-1.7905e-06	-0.0224
-1.7885e-06	-0.02164
-1.7865e-06	-0.02316
-1.7845e-06	-0.02772
-1.7825e-06	-0.02012
-1.7805e-06	-0.0262
-1.7785e-06	-0.02316
-1.7765e-06	-0.02696
-1.7745e-06	-0.02316
-1.7725e-06	-0.0262
-1.7705e-06	-0.02316
-1.7685e-06	-0.03
-1.7665e-06	-0.0224
-1.7645e-06	-0.02468
-1.7625e-06	-0.02316
-1.7605e-06	-0.02544
-1.7585e-06	-0.02316
-1.7565e-06	-0.02544
-1.7545e-06	-0.02392
-1.7525e-06	-0.02848
-1.7505e-06	-0.02392
-1.7485e-06	-0.02544
-1.7465e-06	-0.02544
-1.7445e-06	-0.02772
-1.7425e-06	-0.02468
-1.7405e-06	-0.02468
-1.7385e-06	-0.02544
-1.7365e-06	-0.02696
-1.7345e-06	-0.0224
-1.7325e-06	-0.02468
-1.7305e-06	-0.0262
-1.7285e-06	-0.02696
-1.7265e-06	-0.0262
-1.7245e-06	-0.02544
-1.7225e-06	-0.02316
-1.7205e-06	-0.02696
-1.7185e-06	-0.02164
-1.7165e-06	-0.02696
-1.7145e-06	-0.02772
-1.7125e-06	-0.02544
-1.7105e-06	-0.02468
-1.7085e-06	-0.02696
-1.7065e-06	-0.02544
-1.7045e-06	-0.02848
-1.7025e-06	-0.02392
-1.7005e-06	-0.02544
-1.6985e-06	-0.0262
-1.6965e-06	-0.0262
-1.6945e-06	-0.0224
-1.6925e-06	-0.02544
-1.6905e-06	-0.02316
-1.6885e-06	-0.02924
-1.6865e-06	-0.02088
-1.6845e-06	-0.0262
-1.6825e-06	-0.02392
-1.6805e-06	-0.02772
-1.6785e-06	-0.02316
-1.6765e-06	-0.0262
-1.6745e-06	-0.02316
-1.6725e-06	-0.03
-1.6705e-06	-0.0224
-1.6685e-06	-0.02544
-1.6665e-06	-0.0262
-1.6645e-06	-0.02544
-1.6625e-06	-0.0224
-1.6605e-06	-0.02544
-1.6585e-06	-0.02316
-1.6565e-06	-0.02848
-1.6545e-06	-0.0224
-1.6525e-06	-0.02392
-1.6505e-06	-0.02468
-1.6485e-06	-0.0262
-1.6465e-06	-0.02544
-1.6445e-06	-0.02544
-1.6425e-06	-0.02316
-1.6405e-06	-0.0224
-1.6385e-06	-0.0262
-1.6365e-06	-0.02468
-1.6345e-06	-0.02544
-1.6325e-06	-0.03
-1.6305e-06	-0.0262
-1.6285e-06	-0.02392
-1.6265e-06	-0.0224
-1.6245e-06	-0.02468
-1.6225e-06	-0.02316
-1.6205e-06	-0.02544
-1.6185e-06	-0.02772
-1.6165e-06	-0.02772
-1.6145e-06	-0.02392
-1.6125e-06	-0.02468
-1.6105e-06	-0.02392
-1.6085e-06	-0.02772
-1.6065e-06	-0.0224
-1.6045e-06	-0.0262
-1.6025e-06	-0.02468
-1.6005e-06	-0.0262
-1.5985e-06	-0.02392
-1.5965e-06	-0.02848
-1.5945e-06	-0.02848
-1.5925e-06	-0.03
-1.5905e-06	-0.02316
-1.5885e-06	-0.0262
-1.5865e-06	-0.02696
-1.5845e-06	-0.02848
-1.5825e-06	-0.02392
-1.5805e-06	-0.0262
-1.5785e-06	-0.0262
-1.5765e-06	-0.02924
-1.5745e-06	-0.02164
-1.5725e-06	-0.02848
-1.5705e-06	-0.02696
-1.5685e-06	-0.03152
-1.5665e-06	-0.02544
-1.5645e-06	-0.02924
-1.5625e-06	-0.02924
-1.5605e-06	-0.02924
-1.5585e-06	-0.0262
-1.5565e-06	-0.02392
-1.5545e-06	-0.0262
-1.5525e-06	-0.02848
-1.5505e-06	-0.02316
-1.5485e-06	-0.02696
-1.5465e-06	-0.02924
-1.5445e-06	-0.02924
-1.5425e-06	-0.0224
-1.5405e-06	-0.0262
-1.5385e-06	-0.02696
-1.5365e-06	-0.02924
-1.5345e-06	-0.02696
-1.5325e-06	-0.02848
-1.5305e-06	-0.02924
-1.5285e-06	-0.03
-1.5265e-06	-0.02544
-1.5245e-06	-0.02544
-1.5225e-06	-0.02772
-1.5205e-06	-0.02924
-1.5185e-06	-0.02468
-1.5165e-06	-0.02544
-1.5145e-06	-0.0262
-1.5125e-06	-0.02848
-1.5105e-06	-0.02544
-1.5085e-06	-0.02696
-1.5065e-06	-0.02848
-1.5045e-06	-0.03228
-1.5025e-06	-0.02772
-1.5005e-06	-0.02544
-1.4985e-06	-0.02772
-1.4965e-06	-0.02696
-1.4945e-06	-0.02316
-1.4925e-06	-0.02696
-1.4905e-06	-0.02544
-1.4885e-06	-0.02848
-1.4865e-06	-0.0224
-1.4845e-06	-0.02696
-1.4825e-06	-0.02392
-1.4805e-06	-0.02772
-1.4785e-06	-0.02392
-1.4765e-06	-0.0262
-1.4745e-06	-0.02544
-1.4725e-06	-0.03152
-1.4705e-06	-0.02468
-1.4685e-06	-0.0262
-1.4665e-06	-0.03
-1.4645e-06	-0.03
-1.4625e-06	-0.02392
-1.4605e-06	-0.02696
-1.4585e-06	-0.02848
-1.4565e-06	-0.02924
-1.4545e-06	-0.02848
-1.4525e-06	-0.02544
-1.4505e-06	-0.02468
-1.4485e-06	-0.02848
-1.4465e-06	-0.02696
-1.4445e-06	-0.02772
-1.4425e-06	-0.02392
-1.4405e-06	-0.02696
-1.4385e-06	-0.02468
-1.4365e-06	-0.02848
-1.4345e-06	-0.02392
-1.4325e-06	-0.02924
-1.4305e-06	-0.02316
-1.4285e-06	-0.02696
-1.4265e-06	-0.02696
-1.4245e-06	-0.03152
-1.4225e-06	-0.0262
-1.4205e-06	-0.02772
-1.4185e-06	-0.02848
-1.4165e-06	-0.02772
-1.4145e-06	-0.0224
-1.4125e-06	-0.02468
-1.4105e-06	-0.03
-1.4085e-06	-0.02696
-1.4065e-06	-0.02468
-1.4045e-06	-0.0262
-1.4025e-06	-0.02772
-1.4005e-06	-0.0262
-1.3985e-06	-0.02544
-1.3965e-06	-0.02924
-1.3945e-06	-0.02772
-1.3925e-06	-0.02772
-1.3905e-06	-0.02848
-1.3885e-06	-0.0262
-1.3865e-06	-0.02468
-1.3845e-06	-0.03076
-1.3825e-06	-0.02164
-1.3805e-06	-0.02772
-1.3785e-06	-0.0224
-1.3765e-06	-0.03228
-1.3745e-06	-0.0224
-1.3725e-06	-0.0262
-1.3705e-06	-0.0262
-1.3685e-06	-0.02924
-1.3665e-06	-0.02164
-1.3645e-06	-0.02544
-1.3625e-06	-0.02696
-1.3605e-06	-0.02848
-1.3585e-06	-0.0224
-1.3565e-06	-0.02468
-1.3545e-06	-0.0262
-1.3525e-06	-0.02772
-1.3505e-06	-0.02316
-1.3485e-06	-0.0262
-1.3465e-06	-0.02468
-1.3445e-06	-0.0262
-1.3425e-06	-0.02392
-1.3405e-06	-0.02848
-1.3385e-06	-0.02848
-1.3365e-06	-0.02848
-1.3345e-06	-0.0224
-1.3325e-06	-0.02544
-1.3305e-06	-0.02696
-1.3285e-06	-0.02848
-1.3265e-06	-0.02468
-1.3245e-06	-0.0262
-1.3225e-06	-0.02772
-1.3205e-06	-0.02924
-1.3185e-06	-0.02772
-1.3165e-06	-0.0262
-1.3145e-06	-0.02696
-1.3125e-06	-0.02772
-1.3105e-06	-0.02544
-1.3085e-06	-0.02544
-1.3065e-06	-0.02468
-1.3045e-06	-0.03
-1.3025e-06	-0.02468
-1.3005e-06	-0.02696
-1.2985e-06	-0.02392
-1.2965e-06	-0.02924
-1.2945e-06	-0.02772
-1.2925e-06	-0.0262
-1.2905e-06	-0.03
-1.2885e-06	-0.03076
-1.2865e-06	-0.02392
-1.2845e-06	-0.02924
-1.2825e-06	-0.03076
-1.2805e-06	-0.02924
-1.2785e-06	-0.02468
-1.2765e-06	-0.02772
-1.2745e-06	-0.03
-1.2725e-06	-0.03152
-1.2705e-06	-0.0262
-1.2685e-06	-0.0262
-1.2665e-06	-0.02924
-1.2645e-06	-0.0262
-1.2625e-06	-0.02544
-1.2605e-06	-0.02696
-1.2585e-06	-0.02544
-1.2565e-06	-0.02696
-1.2545e-06	-0.02544
-1.2525e-06	-0.02848
-1.2505e-06	-0.02924
-1.2485e-06	-0.02772
-1.2465e-06	-0.02164
-1.2445e-06	-0.02848
-1.2425e-06	-0.02848
-1.2405e-06	-0.02696
-1.2385e-06	-0.0262
-1.2365e-06	-0.02772
-1.2345e-06	-0.02772
-1.2325e-06	-0.02696
-1.2305e-06	-0.0224
-1.2285e-06	-0.02696
-1.2265e-06	-0.03
-1.2245e-06	-0.02848
-1.2225e-06	-0.02696
-1.2205e-06	-0.0224
-1.2185e-06	-0.02544
-1.2165e-06	-0.02772
-1.2145e-06	-0.02468
-1.2125e-06	-0.02544
-1.2105e-06	-0.02392
-1.2085e-06	-0.02924
-1.2065e-06	-0.02392
-1.2045e-06	-0.02544
-1.2025e-06	-0.0262
-1.2005e-06	-0.03076
-1.1985e-06	-0.02316
-1.1965e-06	-0.02772
-1.1945e-06	-0.03
-1.1925e-06	-0.03
-1.1905e-06	-0.02544
-1.1885e-06	-0.02468
-1.1865e-06	-0.02924
-1.1845e-06	-0.03076
-1.1825e-06	-0.02696
-1.1805e-06	-0.02924
-1.1785e-06	-0.02924
-1.1765e-06	-0.03152
-1.1745e-06	-0.02848
-1.1725e-06	-0.02772
-1.1705e-06	-0.03
-1.1685e-06	-0.03
-1.1665e-06	-0.0262
-1.1645e-06	-0.02772
-1.1625e-06	-0.03
-1.1605e-06	-0.03076
-1.1585e-06	-0.02468
-1.1565e-06	-0.02772
-1.1545e-06	-0.03076
-1.1525e-06	-0.03152
-1.1505e-06	-0.0262
-1.1485e-06	-0.03
-1.1465e-06	-0.02772
-1.1445e-06	-0.03228
-1.1425e-06	-0.02924
-1.1405e-06	-0.03076
-1.1385e-06	-0.02848
-1.1365e-06	-0.03076
-1.1345e-06	-0.0262
-1.1325e-06	-0.02772
-1.1305e-06	-0.03076
-1.1285e-06	-0.03228
-1.1265e-06	-0.02392
-1.1245e-06	-0.02696
-1.1225e-06	-0.02848
-1.1205e-06	-0.03
-1.1185e-06	-0.02848
-1.1165e-06	-0.02696
-1.1145e-06	-0.02772
-1.1125e-06	-0.02924
-1.1105e-06	-0.02392
-1.1085e-06	-0.02696
-1.1065e-06	-0.02468
-1.1045e-06	-0.02924
-1.1025e-06	-0.0224
-1.1005e-06	-0.02924
-1.0985e-06	-0.02848
-1.0965e-06	-0.03076
-1.0945e-06	-0.02468
-1.0925e-06	-0.02316
-1.0905e-06	-0.02696
-1.0885e-06	-0.02924
-1.0865e-06	-0.02316
-1.0845e-06	-0.02468
-1.0825e-06	-0.02316
-1.0805e-06	-0.02772
-1.0785e-06	-0.02316
-1.0765e-06	-0.02468
-1.0745e-06	-0.02012
-1.0725e-06	-0.02468
-1.0705e-06	-0.0224
-1.0685e-06	-0.02392
-1.0665e-06	-0.02088
-1.0645e-06	-0.02392
-1.0625e-06	-0.02164
-1.0605e-06	-0.02088
-1.0585e-06	-0.02012
-1.0565e-06	-0.0262
-1.0545e-06	-0.02316
-1.0525e-06	-0.02468
-1.0505e-06	-0.02468
-1.0485e-06	-0.02468
-1.0465e-06	-0.01936
-1.0445e-06	-0.02012
-1.0425e-06	-0.02316
-1.0405e-06	-0.02696
-1.0385e-06	-0.02164
-1.0365e-06	-0.0262
-1.0345e-06	-0.02164
-1.0325e-06	-0.03
-1.0305e-06	-0.02316
-1.0285e-06	-0.02468
-1.0265e-06	-0.02392
-1.0245e-06	-0.02696
-1.0225e-06	-0.02088
-1.0205e-06	-0.02088
-1.0185e-06	-0.02544
-1.0165e-06	-0.02468
-1.0145e-06	-0.02088
-1.0125e-06	-0.02544
-1.0105e-06	-0.0262
-1.0085e-06	-0.02392
-1.0065e-06	-0.01936
-1.0045e-06	-0.02848
-1.0025e-06	-0.0224
-1.0005e-06	-0.02468
-9.984996e-07	-0.02164
-9.964996e-07	-0.02696
-9.944996e-07	-0.02392
-9.924996e-07	-0.02772
-9.904996e-07	-0.0224
-9.884996e-07	-0.02696
-9.864996e-07	-0.02544
-9.844996e-07	-0.02772
-9.824996e-07	-0.02316
-9.804996e-07	-0.02696
-9.784996e-07	-0.02696
-9.764996e-07	-0.02848
-9.744996e-07	-0.0224
-9.724996e-07	-0.02848
-9.704996e-07	-0.02544
-9.684996e-07	-0.02544
-9.664996e-07	-0.02164
-9.644996e-07	-0.02544
-9.624996e-07	-0.02772
-9.604996e-07	-0.02772
-9.584996e-07	-0.0262
-9.564996e-07	-0.02696
-9.544996e-07	-0.03
-9.524996e-07	-0.02924
-9.504996e-07	-0.02544
-9.484996e-07	-0.0262
-9.464996e-07	-0.02772
-9.444996e-07	-0.03228
-9.424996e-07	-0.0262
-9.404996e-07	-0.02772
-9.384996e-07	-0.03076
-9.364996e-07	-0.02924
-9.344996e-07	-0.02772
-9.324996e-07	-0.03456
-9.304996e-07	-0.0338
-9.284996e-07	-0.03
-9.264996e-07	-0.02848
-9.244996e-07	-0.02696
-9.224996e-07	-0.03076
-9.204996e-07	-0.02924
-9.184996e-07	-0.0262
-9.164996e-07	-0.03
-9.144996e-07	-0.02924
-9.124996e-07	-0.02924
-9.104996e-07	-0.02696
-9.084996e-07	-0.02924
-9.064996e-07	-0.03
-9.044996e-07	-0.03
-9.024996e-07	-0.02468
-9.004996e-07	-0.0262
-8.984996e-07	-0.02772
-8.964996e-07	-0.03152
-8.944996e-07	-0.02316
-8.924996e-07	-0.02468
-8.904996e-07	-0.02772
-8.884996e-07	-0.02924
-8.864996e-07	-0.02696
-8.844996e-07	-0.02924
-8.824996e-07	-0.0262
-8.804996e-07	-0.03076
-8.784996e-07	-0.0262
-8.764996e-07	-0.02696
-8.744996e-07	-0.02848
-8.724996e-07	-0.02924
-8.704996e-07	-0.02544
-8.684996e-07	-0.02696
-8.664996e-07	-0.02544
-8.644996e-07	-0.02848
-8.624996e-07	-0.02468
-8.604996e-07	-0.02772
-8.584996e-07	-0.02468
-8.564996e-07	-0.03
-8.544996e-07	-0.02316
-8.524996e-07	-0.02696
-8.504996e-07	-0.02316
-8.484996e-07	-0.02848
-8.464996e-07	-0.02392
-8.444996e-07	-0.02696
-8.424996e-07	-0.02316
-8.404996e-07	-0.02848
-8.384996e-07	-0.02392
-8.364996e-07	-0.02848
-8.344996e-07	-0.02696
-8.324996e-07	-0.0262
-8.304996e-07	-0.02468
-8.284996e-07	-0.02772
-8.264996e-07	-0.02392
-8.244996e-07	-0.02848
-8.224996e-07	-0.02696
-8.204996e-07	-0.02848
-8.184996e-07	-0.02772
-8.164996e-07	-0.03152
-8.144996e-07	-0.0262
-8.124996e-07	-0.03152
-8.104996e-07	-0.02696
-8.084996e-07	-0.03152
-8.064996e-07	-0.02544
-8.044996e-07	-0.02772
-8.024996e-07	-0.0262
-8.004996e-07	-0.03152
-7.984996e-07	-0.02544
-7.964996e-07	-0.02924
-7.944996e-07	-0.03152
-7.924996e-07	-0.03456
-7.904996e-07	-0.02772
-7.884996e-07	-0.02696
-7.864996e-07	-0.02848
-7.844996e-07	-0.03
-7.824996e-07	-0.02696
-7.804996e-07	-0.02772
-7.784996e-07	-0.02772
-7.764996e-07	-0.03152
-7.744996e-07	-0.0262
-7.724996e-07	-0.02848
-7.704996e-07	-0.03
-7.684996e-07	-0.03
-7.664996e-07	-0.0262
-7.644996e-07	-0.02772
-7.624996e-07	-0.03
-7.604996e-07	-0.03152
-7.584996e-07	-0.02696
-7.564996e-07	-0.02924
-7.544996e-07	-0.03228
-7.524996e-07	-0.03304
-7.504996e-07	-0.0262
-7.484996e-07	-0.02924
-7.464996e-07	-0.03
-7.444996e-07	-0.03076
-7.424996e-07	-0.0262
-7.404996e-07	-0.02696
-7.384996e-07	-0.03
-7.364996e-07	-0.03152
-7.344996e-07	-0.02696
-7.324996e-07	-0.02848
-7.304996e-07	-0.02848
-7.284996e-07	-0.03152
-7.264996e-07	-0.02544
-7.244996e-07	-0.02772
-7.224996e-07	-0.0262
-7.204996e-07	-0.03
-7.184996e-07	-0.02696
-7.164996e-07	-0.03
-7.144996e-07	-0.02924
-7.124996e-07	-0.03228
-7.104996e-07	-0.0224
-7.084996e-07	-0.02696
-7.064996e-07	-0.02924
-7.044996e-07	-0.03076
-7.024996e-07	-0.02544
-7.004996e-07	-0.02696
-6.984996e-07	-0.02544
-6.964996e-07	-0.0338
-6.944996e-07	-0.03076
-6.924996e-07	-0.03
-6.904996e-07	-0.02696
-6.884996e-07	-0.02848
-6.864996e-07	-0.02772
-6.844996e-07	-0.03
-6.824996e-07	-0.0262
-6.804996e-07	-0.03152
-6.784996e-07	-0.0262
-6.764996e-07	-0.03152
-6.744996e-07	-0.03076
-6.724996e-07	-0.03152
-6.704996e-07	-0.02696
-6.684996e-07	-0.03
-6.664996e-07	-0.03
-6.644996e-07	-0.03076
-6.624996e-07	-0.02848
-6.604996e-07	-0.03152
-6.584996e-07	-0.03
-6.564996e-07	-0.03076
-6.544996e-07	-0.02848
-6.524996e-07	-0.03228
-6.504996e-07	-0.03304
-6.484996e-07	-0.03152
-6.464996e-07	-0.02696
-6.444996e-07	-0.02924
-6.424996e-07	-0.03152
-6.404996e-07	-0.03304
-6.384996e-07	-0.02848
-6.364996e-07	-0.03076
-6.344996e-07	-0.02924
-6.324996e-07	-0.03304
-6.304996e-07	-0.02848
-6.284996e-07	-0.02772
-6.264996e-07	-0.02924
-6.244996e-07	-0.03228
-6.224996e-07	-0.03
-6.204996e-07	-0.03
-6.184996e-07	-0.03
-6.164996e-07	-0.03076
-6.144996e-07	-0.02772
-6.124996e-07	-0.02924
-6.104996e-07	-0.03152
-6.084996e-07	-0.03152
-6.064996e-07	-0.02544
-6.044996e-07	-0.03152
-6.024996e-07	-0.03076
-6.004996e-07	-0.03
-5.984996e-07	-0.02468
-5.964996e-07	-0.03
-5.944996e-07	-0.03
-5.924996e-07	-0.03076
-5.904996e-07	-0.02696
-5.884996e-07	-0.02924
-5.864996e-07	-0.02696
-5.844996e-07	-0.03456
-5.824996e-07	-0.02772
-5.804996e-07	-0.02924
-5.784996e-07	-0.03076
-5.764996e-07	-0.03
-5.744996e-07	-0.02772
-5.724996e-07	-0.03304
-5.704996e-07	-0.03076
-5.684996e-07	-0.03076
-5.664996e-07	-0.0262
-5.644996e-07	-0.02848
-5.624996e-07	-0.03076
-5.604996e-07	-0.03304
-5.584996e-07	-0.02924
-5.564996e-07	-0.03304
-5.544996e-07	-0.03152
-5.524996e-07	-0.03304
-5.504996e-07	-0.02544
-5.484996e-07	-0.03
-5.464996e-07	-0.03076
-5.444996e-07	-0.03152
-5.424996e-07	-0.02848
-5.404996e-07	-0.03228
-5.384996e-07	-0.03
-5.364996e-07	-0.03076
-5.344996e-07	-0.02924
-5.324996e-07	-0.03076
-5.304996e-07	-0.03228
-5.284996e-07	-0.03456
-5.264996e-07	-0.03076
-5.244996e-07	-0.02848
-5.224996e-07	-0.03228
-5.204996e-07	-0.03152
-5.184996e-07	-0.02316
-5.164996e-07	-0.02848
-5.144996e-07	-0.02848
-5.124996e-07	-0.02772
-5.104996e-07	-0.02468
-5.084996e-07	-0.0262
-5.064996e-07	-0.02772
-5.044996e-07	-0.02772
-5.024996e-07	-0.02544
-5.004996e-07	-0.02772
-4.984996e-07	-0.02544
-4.964996e-07	-0.02772
-4.944996e-07	-0.02164
-4.924996e-07	-0.0262
-4.904996e-07	-0.02772
-4.884996e-07	-0.02924
-4.864996e-07	-0.02316
-4.844996e-07	-0.02468
-4.824996e-07	-0.02316
-4.804996e-07	-0.02544
-4.784996e-07	-0.02164
-4.764996e-07	-0.02316
-4.744996e-07	-0.02392
-4.724996e-07	-0.02392
-4.704996e-07	-0.02088
-4.684996e-07	-0.02468
-4.664996e-07	-0.02316
-4.644996e-07	-0.02848
-4.624996e-07	-0.02316
-4.604996e-07	-0.02316
-4.584996e-07	-0.02316
-4.564996e-07	-0.02696
-4.544996e-07	-0.0224
-4.524996e-07	-0.0262
-4.504996e-07	-0.02544
-4.484996e-07	-0.02924
-4.464996e-07	-0.0224
-4.444996e-07	-0.02696
-4.424996e-07	-0.02468
-4.404996e-07	-0.02848
-4.384996e-07	-0.02316
-4.364996e-07	-0.0262
-4.344996e-07	-0.02468
-4.324996e-07	-0.02772
-4.304996e-07	-0.02468
-4.284996e-07	-0.02544
-4.264996e-07	-0.02772
-4.244996e-07	-0.03
-4.224996e-07	-0.02544
-4.204996e-07	-0.0262
-4.184996e-07	-0.0262
-4.164996e-07	-0.02848
-4.144996e-07	-0.0224
-4.124996e-07	-0.0262
-4.104996e-07	-0.02848
-4.084996e-07	-0.0262
-4.064996e-07	-0.0224
-4.044996e-07	-0.02544
-4.024996e-07	-0.02392
-4.004996e-07	-0.02772
-3.984996e-07	-0.0224
-3.964996e-07	-0.02696
-3.944996e-07	-0.0262
-3.924996e-07	-0.03
-3.904996e-07	-0.02696
-3.884996e-07	-0.02544
-3.864996e-07	-0.02696
-3.844996e-07	-0.02924
-3.824996e-07	-0.02468
-3.804996e-07	-0.02696
-3.784996e-07	-0.02924
-3.764996e-07	-0.02924
-3.744996e-07	-0.02772
-3.724996e-07	-0.02924
-3.704996e-07	-0.02848
-3.684996e-07	-0.03152
-3.664996e-07	-0.02772
-3.644996e-07	-0.0262
-3.624996e-07	-0.02696
-3.604996e-07	-0.02924
-3.584996e-07	-0.02468
-3.564996e-07	-0.02848
-3.544996e-07	-0.02696
-3.524996e-07	-0.02848
-3.504996e-07	-0.02392
-3.484996e-07	-0.0262
-3.464996e-07	-0.0262
-3.444996e-07	-0.03
-3.424996e-07	-0.02696
-3.404996e-07	-0.02696
-3.384996e-07	-0.02772
-3.364996e-07	-0.03076
-3.344996e-07	-0.02468
-3.324996e-07	-0.02696
-3.304996e-07	-0.02848
-3.284996e-07	-0.02924
-3.264996e-07	-0.0262
-3.244996e-07	-0.02848
-3.224996e-07	-0.02696
-3.204996e-07	-0.02924
-3.184996e-07	-0.02544
-3.164996e-07	-0.02848
-3.144996e-07	-0.03152
-3.124996e-07	-0.03076
-3.104996e-07	-0.02696
-3.084996e-07	-0.02924
-3.064996e-07	-0.02772
-3.044996e-07	-0.03076
-3.024996e-07	-0.0224
-3.004996e-07	-0.02696
-2.984996e-07	-0.02848
-2.964996e-07	-0.03228
-2.944996e-07	-0.02848
-2.924996e-07	-0.03
-2.904996e-07	-0.03076
-2.884996e-07	-0.02848
-2.864996e-07	-0.0262
-2.844996e-07	-0.02772
-2.824996e-07	-0.02848
-2.804996e-07	-0.03152
-2.784996e-07	-0.02696
-2.764996e-07	-0.02848
-2.744996e-07	-0.02696
-2.724996e-07	-0.03
-2.704996e-07	-0.02544
-2.684996e-07	-0.03076
-2.664996e-07	-0.02696
-2.644996e-07	-0.02696
-2.624996e-07	-0.02468
-2.604996e-07	-0.03
-2.584996e-07	-0.02924
-2.564996e-07	-0.03152
-2.544996e-07	-0.02772
-2.524996e-07	-0.03
-2.504996e-07	-0.02772
-2.484996e-07	-0.03076
-2.464996e-07	-0.03
-2.444996e-07	-0.0262
-2.424996e-07	-0.02848
-2.404996e-07	-0.02772
-2.384996e-07	-0.02544
-2.364996e-07	-0.02924
-2.344996e-07	-0.03
-2.324996e-07	-0.03076
-2.304996e-07	-0.02848
-2.284996e-07	-0.02696
-2.264996e-07	-0.03228
-2.244996e-07	-0.02848
-2.224996e-07	-0.02924
-2.204996e-07	-0.03152
-2.184996e-07	-0.02848
-2.164996e-07	-0.03304
-2.144996e-07	-0.02696
-2.124996e-07	-0.03
-2.104996e-07	-0.03
-2.084996e-07	-0.03
-2.064996e-07	-0.02848
-2.044996e-07	-0.02848
-2.024996e-07	-0.03076
-2.004996e-07	-0.03
-1.984996e-07	-0.02544
-1.964996e-07	-0.02848
-1.944996e-07	-0.03152
-1.924996e-07	-0.03
-1.904996e-07	-0.03
-1.884996e-07	-0.02848
-1.864996e-07	-0.03
-1.844996e-07	-0.03228
-1.824996e-07	-0.02848
-1.804996e-07	-0.03152
-1.784996e-07	-0.03152
-1.764996e-07	-0.0338
-1.744996e-07	-0.0262
-1.724996e-07	-0.02772
-1.704996e-07	-0.02924
-1.684996e-07	-0.03152
-1.664996e-07	-0.0262
-1.644996e-07	-0.02696
-1.624996e-07	-0.03228
-1.604996e-07	-0.03076
-1.584996e-07	-0.0224
-1.564996e-07	-0.02696
-1.544996e-07	-0.03
-1.524996e-07	-0.03076
-1.504996e-07	-0.02772
-1.484996e-07	-0.02924
-1.464996e-07	-0.03
-1.444996e-07	-0.03228
-1.424996e-07	-0.02696
-1.404996e-07	-0.02772
-1.384996e-07	-0.03
-1.364996e-07	-0.0338
-1.344996e-07	-0.02848
-1.324996e-07	-0.02848
-1.304996e-07	-0.02924
-1.284996e-07	-0.03456
-1.264996e-07	-0.0262
-1.244996e-07	-0.02848
-1.224996e-07	-0.03
-1.204996e-07	-0.02924
-1.184996e-07	-0.0262
-1.164996e-07	-0.03152
-1.144996e-07	-0.03076
-1.124996e-07	-0.03
-1.104996e-07	-0.02316
-1.084996e-07	-0.03
-1.064996e-07	-0.03076
-1.044996e-07	-0.03456
-1.024996e-07	-0.0262
-1.004996e-07	-0.03152
-9.849956e-08	-0.03076
-9.649956e-08	-0.03228
-9.449956e-08	-0.03
-9.249956e-08	-0.03
-9.049956e-08	-0.03304
-8.849956e-08	-0.03152
-8.649956e-08	-0.02924
-8.449956e-08	-0.03
-8.249956e-08	-0.03304
-8.049956e-08	-0.0338
-7.849956e-08	-0.0262
-7.649956e-08	-0.03
-7.449956e-08	-0.02924
-7.249956e-08	-0.03228
-7.049956e-08	-0.02392
-6.849956e-08	-0.02772
-6.649956e-08	-0.03456
-6.449956e-08	-0.03304
-6.249956e-08	-0.02848
-6.049956e-08	-0.03152
-5.849956e-08	-0.02924
-5.649956e-08	-0.02924
-5.449956e-08	-0.02772
-5.249956e-08	-0.02924
-5.049956e-08	-0.02848
-4.849956e-08	-0.03152
-4.649956e-08	-0.02848
-4.449956e-08	-0.03
-4.249956e-08	-0.02924
-4.049956e-08	-0.02772
-3.849956e-08	-0.0262
-3.649956e-08	-0.03076
-3.449956e-08	-0.02848
-3.249956e-08	-0.03152
-3.049956e-08	-0.02848
-2.849956e-08	-0.02696
-2.649956e-08	-0.03076
-2.449956e-08	-0.03456
-2.249956e-08	-0.02772
-2.049956e-08	-0.02772
-1.849956e-08	-0.02772
-1.649956e-08	-0.02772
-1.449956e-08	-0.02848
-1.249956e-08	-0.02924
-1.049956e-08	-0.03076
-8.499558e-09	-0.0262
-6.499558e-09	-0.02544
-4.499558e-09	-0.02924
-2.499558e-09	-0.03152
-4.995576e-10	-0.03152
1.500442e-09	-0.02696
3.500442e-09	-0.03076
5.500442e-09	-0.02924
7.500442e-09	-0.02848
9.500442e-09	-0.02696
1.150044e-08	-0.02772
1.350044e-08	-0.02848
1.550044e-08	-0.03228
1.750044e-08	-0.02468
1.950044e-08	-0.02772
2.150044e-08	-0.03228
2.350044e-08	-0.03
2.550044e-08	-0.02392
2.750044e-08	-0.02924
2.950044e-08	-0.02924
3.150044e-08	-0.0262
3.350044e-08	-0.02544
3.550044e-08	-0.02468
3.750044e-08	-0.03076
3.950044e-08	-0.02924
4.150044e-08	-0.02392
4.350044e-08	-0.02392
4.550044e-08	-0.02772
4.750044e-08	-0.02924
4.950044e-08	-0.02468
5.150044e-08	-0.02544
5.350044e-08	-0.0224
5.550044e-08	-0.02848
5.750044e-08	-0.02544
5.950044e-08	-0.02772
6.150044e-08	-0.02468
6.350044e-08	-0.02772
6.550044e-08	-0.0224
6.750044e-08	-0.02848
6.950044e-08	-0.02772
7.150044e-08	-0.03
7.350044e-08	-0.02544
7.550044e-08	-0.02848
7.750044e-08	-0.02772
7.950044e-08	-0.02696
8.150044e-08	-0.02164
8.350044e-08	-0.02696
8.550044e-08	-0.03076
8.750044e-08	-0.02772
8.950044e-08	-0.0224
9.150044e-08	-0.02848
9.350044e-08	-0.0262
9.550044e-08	-0.02772
9.750044e-08	-0.0262
9.950044e-08	-0.02848
1.015004e-07	-0.02924
1.035004e-07	-0.02848
1.055004e-07	-0.02316
1.075004e-07	-0.02696
1.095004e-07	-0.0262
1.115004e-07	-0.02696
1.135004e-07	-0.02392
1.155004e-07	-0.0262
1.175004e-07	-0.02772
1.195004e-07	-0.02772
1.215004e-07	-0.02392
1.235004e-07	-0.0262
1.255004e-07	-0.02392
1.275004e-07	-0.02772
1.295004e-07	-0.01784
1.315004e-07	-0.011
1.335004e-07	0.01104
1.355004e-07	0.046
1.375004e-07	0.11896
1.395004e-07	0.2094
1.415004e-07	0.32872
1.435004e-07	0.4526
1.455004e-07	0.58788
1.475004e-07	0.7186
1.495004e-07	0.84932
1.515004e-07	0.96864
1.535004e-07	1.08644
1.555004e-07	1.18068
1.575004e-07	1.25212
1.595004e-07	1.28936
1.615004e-07	1.32812
1.635004e-07	1.35244
1.655004e-07	1.3836
1.675004e-07	1.39804
1.695004e-07	1.4178
1.715004e-07	1.42768
1.735004e-07	1.44212
1.755004e-07	1.44972
1.775004e-07	1.46492
1.795004e-07	1.46948
1.815004e-07	1.48012
1.835004e-07	1.4786
1.855004e-07	1.49152
1.875004e-07	1.49608
1.895004e-07	1.5052
1.915004e-07	1.5052
1.935004e-07	1.51356
1.955004e-07	1.5166
1.975004e-07	1.52116
1.995004e-07	1.52116
2.015004e-07	1.52876
2.035004e-07	1.528
2.055004e-07	1.53484
2.075004e-07	1.53256
2.095004e-07	1.53864
2.115004e-07	1.5432
2.135004e-07	1.54548
2.155004e-07	1.547
2.175004e-07	1.55612
2.195004e-07	1.55156
2.215004e-07	1.55688
2.235004e-07	1.55536
2.255004e-07	1.56144
2.275004e-07	1.5622
2.295004e-07	1.566
2.315004e-07	1.56144
2.335004e-07	1.56828
2.355004e-07	1.56752
2.375004e-07	1.57132
2.395004e-07	1.55764
2.415004e-07	1.55688
2.435004e-07	1.54472
2.455004e-07	1.53864
2.475004e-07	1.5166
2.495004e-07	1.50064
2.515004e-07	1.44136
2.535004e-07	1.36612
2.555004e-07	1.3152
2.575004e-07	1.28404
2.595004e-07	1.24452
2.615004e-07	1.20956
2.635004e-07	1.17232
2.655004e-07	1.13888
2.675004e-07	1.10544
2.695004e-07	1.07656
2.715004e-07	1.0416
2.735004e-07	1.01424
2.755004e-07	0.98612
2.775004e-07	0.95724
2.795004e-07	0.93064
2.815004e-07	0.90632
2.835004e-07	0.88276
2.855004e-07	0.8592
2.875004e-07	0.82956
2.895004e-07	0.80828
2.915004e-07	0.78548
2.935004e-07	0.76344
2.955004e-07	0.74368
2.975004e-07	0.72696
2.995004e-07	0.7034
3.015004e-07	0.68212
3.035004e-07	0.6654
3.055004e-07	0.64868
3.075004e-07	0.62892
3.095004e-07	0.61448
3.115004e-07	0.59472
3.135004e-07	0.5818
3.155004e-07	0.56356
3.175004e-07	0.55368
3.195004e-07	0.5324
3.215004e-07	0.52024
3.235004e-07	0.5058
3.255004e-07	0.49212
3.275004e-07	0.47844
3.295004e-07	0.47008
3.315004e-07	0.45564
3.335004e-07	0.44348
3.355004e-07	0.43056
3.375004e-07	0.42144
3.395004e-07	0.40776
3.415004e-07	0.39788
3.435004e-07	0.38572
3.455004e-07	0.37736
3.475004e-07	0.36748
3.495004e-07	0.35836
3.515004e-07	0.35
3.535004e-07	0.34164
3.555004e-07	0.33176
3.575004e-07	0.32492
3.595004e-07	0.31428
3.615004e-07	0.30668
3.635004e-07	0.29908
3.655004e-07	0.29148
3.675004e-07	0.28236
3.695004e-07	0.27552
3.715004e-07	0.26792
3.735004e-07	0.26336
3.755004e-07	0.25652
3.775004e-07	0.24588
3.795004e-07	0.23828
3.815004e-07	0.23448
3.835004e-07	0.22992
3.855004e-07	0.2246
3.875004e-07	0.22004
3.895004e-07	0.21548
3.915004e-07	0.20788
3.935004e-07	0.20256
3.955004e-07	0.1942
3.975004e-07	0.19192
3.995004e-07	0.18356
4.015004e-07	0.18356
4.035004e-07	0.17596
4.055004e-07	0.1752
4.075004e-07	0.16684
4.095004e-07	0.16532
4.115004e-07	0.16076
4.135004e-07	0.15696
4.155004e-07	0.14936
4.175004e-07	0.14936
4.195004e-07	0.14176
4.215004e-07	0.14252
4.235004e-07	0.13492
4.255004e-07	0.13568
4.275004e-07	0.13036
4.295004e-07	0.12732
4.315004e-07	0.12048
4.335004e-07	0.12124
4.355004e-07	0.11744
4.375004e-07	0.1144
4.395004e-07	0.10984
4.415004e-07	0.10908
4.435004e-07	0.10528
4.455004e-07	0.0992
4.475004e-07	0.09768
4.495004e-07	0.09768
4.515004e-07	0.0916
4.535004e-07	0.09312
4.555004e-07	0.084
4.575004e-07	0.08552
4.595004e-07	0.08324
4.615004e-07	0.0802
4.635004e-07	0.07412
4.655004e-07	0.07944
4.675004e-07	0.07336
4.695004e-07	0.06956
4.715004e-07	0.06576
4.735004e-07	0.06804
4.755004e-07	0.065
4.775004e-07	0.06348
4.795004e-07	0.0574
4.815004e-07	0.06044
4.835004e-07	0.05588
4.855004e-07	0.05512
4.875004e-07	0.04904
4.895004e-07	0.05284
4.915004e-07	0.04676
4.935004e-07	0.04904
4.955004e-07	0.04524
4.975004e-07	0.04676
4.995004e-07	0.03916
5.015004e-07	0.03916
5.035004e-07	0.03992
5.055004e-07	0.04372
5.075004e-07	0.03612
5.095004e-07	0.03612
5.115004e-07	0.02928
5.135004e-07	0.03308
5.155004e-07	0.02776
5.175004e-07	0.02624
5.195004e-07	0.027
5.215004e-07	0.02852
5.235004e-07	0.02396
5.255004e-07	0.02396
5.275004e-07	0.0194
5.295004e-07	0.02472
5.315004e-07	0.02168
5.335004e-07	0.02016
5.355004e-07	0.01864
5.375004e-07	0.02016
5.395004e-07	0.01484
5.415004e-07	0.01712
5.435004e-07	0.01332
5.455004e-07	0.01788
5.475004e-07	0.01028
5.495004e-07	0.01104
5.515004e-07	0.00876
5.535004e-07	0.01028
5.555004e-07	0.00648
5.575004e-07	0.00876
5.595004e-07	0.00572
5.615004e-07	0.00496
5.635004e-07	0.00344
5.655004e-07	0.00648
5.675004e-07	0.00116
5.695004e-07	0.00496
5.715004e-07	0.00192
5.735004e-07	0.00192
5.755004e-07	-0.00416
5.775004e-07	-0.00188
5.795004e-07	-0.00036
5.815004e-07	-0.00112
5.835004e-07	-0.00264
5.855004e-07	-0.0034
5.875004e-07	-0.00568
5.895004e-07	-0.00416
5.915004e-07	-0.0072
5.935004e-07	-0.00264
5.955004e-07	-0.0034
5.975004e-07	-0.00644
5.995004e-07	-0.0072
6.015004e-07	-0.00264
6.035004e-07	-0.00872
6.055004e-07	-0.00644
6.075004e-07	-0.01176
6.095004e-07	-0.0072
6.115004e-07	-0.00948
6.135004e-07	-0.00644
6.155004e-07	-0.01176
6.175004e-07	-0.0072
6.195004e-07	-0.00872
6.215004e-07	-0.01024
6.235004e-07	-0.011
6.255004e-07	-0.01328
6.275004e-07	-0.01404
6.295004e-07	-0.011
6.315004e-07	-0.011
6.335004e-07	-0.00948
6.355004e-07	-0.01404
6.375004e-07	-0.00948
6.395004e-07	-0.01556
6.415004e-07	-0.01556
6.435004e-07	-0.01328
6.455004e-07	-0.01784
6.475004e-07	-0.01632
6.495004e-07	-0.0148
6.515004e-07	-0.01328
6.535004e-07	-0.0186
6.555004e-07	-0.0186
6.575004e-07	-0.01708
6.595004e-07	-0.01708
6.615004e-07	-0.01632
6.635004e-07	-0.01632
6.655004e-07	-0.0186
6.675004e-07	-0.0186
6.695004e-07	-0.01708
6.715004e-07	-0.02012
6.735004e-07	-0.01708
6.755004e-07	-0.01784
6.775004e-07	-0.01556
6.795004e-07	-0.0224
6.815004e-07	-0.01404
6.835004e-07	-0.02012
6.855004e-07	-0.01708
6.875004e-07	-0.02164
6.895004e-07	-0.01632
6.915004e-07	-0.0186
6.935004e-07	-0.0224
6.955004e-07	-0.02164
6.975004e-07	-0.0186
6.995004e-07	-0.0186
7.015004e-07	-0.01708
7.035004e-07	-0.02164
7.055004e-07	-0.0186
7.075004e-07	-0.01784
7.095004e-07	-0.0186
7.115004e-07	-0.02316
7.135004e-07	-0.01936
7.155004e-07	-0.02316
7.175004e-07	-0.02164
7.195004e-07	-0.01936
7.215004e-07	-0.01708
7.235004e-07	-0.01784
7.255004e-07	-0.02088
7.275004e-07	-0.01936
7.295004e-07	-0.01784
7.315004e-07	-0.0186
7.335004e-07	-0.02012
7.355004e-07	-0.02088
7.375004e-07	-0.0186
7.395004e-07	-0.02164
7.415004e-07	-0.0186
7.435004e-07	-0.0224
7.455004e-07	-0.01936
7.475004e-07	-0.01708
7.495004e-07	-0.01708
7.515004e-07	-0.0186
7.535004e-07	-0.0186
7.555004e-07	-0.02164
7.575004e-07	-0.0186
7.595004e-07	-0.01936
7.615004e-07	-0.01784
7.635004e-07	-0.0186
7.655004e-07	-0.0148
7.675004e-07	-0.01784
7.695004e-07	-0.0186
7.715004e-07	-0.01556
7.735004e-07	-0.01936
7.755004e-07	-0.02392
7.775004e-07	-0.02012
7.795004e-07	-0.02164
7.815004e-07	-0.02164
7.835004e-07	-0.01936
7.855004e-07	-0.0224
7.875004e-07	-0.02088
7.895004e-07	-0.01936
7.915004e-07	-0.02316
7.935004e-07	-0.0224
7.955004e-07	-0.02012
7.975004e-07	-0.0186
7.995004e-07	-0.02544
8.015004e-07	-0.01708
8.035004e-07	-0.0224
8.055004e-07	-0.0224
8.075004e-07	-0.0224
8.095004e-07	-0.01936
8.115004e-07	-0.0224
8.135004e-07	-0.02012
8.155004e-07	-0.02316
8.175004e-07	-0.01784
8.195004e-07	-0.02392
8.215004e-07	-0.02088
8.235004e-07	-0.02316
8.255004e-07	-0.01708
8.275004e-07	-0.02088
8.295004e-07	-0.02164
8.315004e-07	-0.02392
8.335004e-07	-0.01936
8.355004e-07	-0.0224
8.375004e-07	-0.01708
8.395004e-07	-0.02316
8.415004e-07	-0.01784
8.435004e-07	-0.02088
8.455004e-07	-0.01936
8.475004e-07	-0.02012
8.495004e-07	-0.01936
8.515004e-07	-0.0186
8.535004e-07	-0.01936
8.555004e-07	-0.02544
8.575004e-07	-0.02012
8.595004e-07	-0.02164
8.615004e-07	-0.02088
8.635004e-07	-0.02468
8.655004e-07	-0.02088
8.675004e-07	-0.0186
8.695004e-07	-0.0224
8.715004e-07	-0.02544
8.735004e-07	-0.02088
8.755004e-07	-0.0224
8.775004e-07	-0.02012
8.795004e-07	-0.02924
8.815004e-07	-0.02316
8.835004e-07	-0.02468
8.855004e-07	-0.0224
8.875004e-07	-0.02468
8.895004e-07	-0.0224
8.915004e-07	-0.02544
8.935004e-07	-0.0262
8.955004e-07	-0.0224
8.975004e-07	-0.02544
8.995004e-07	-0.02544
9.015004e-07	-0.0262
9.035004e-07	-0.03
9.055004e-07	-0.02316
9.075004e-07	-0.0262
9.095004e-07	-0.0262
9.115004e-07	-0.02924
9.135004e-07	-0.02088
9.155004e-07	-0.02696
9.175004e-07	-0.02544
9.195004e-07	-0.02696
9.215004e-07	-0.0224
9.235004e-07	-0.02468
9.255004e-07	-0.0224
9.275004e-07	-0.02544
9.295004e-07	-0.02088
9.315004e-07	-0.02468
9.335004e-07	-0.02848
9.355004e-07	-0.02696
9.375004e-07	-0.0262
9.395004e-07	-0.02164
9.415004e-07	-0.02772
9.435004e-07	-0.02544
9.455004e-07	-0.02544
9.475004e-07	-0.02924
9.495004e-07	-0.03
9.515004e-07	-0.02924
9.535004e-07	-0.02772
9.555004e-07	-0.03
9.575004e-07	-0.02924
9.595004e-07	-0.03
9.615004e-07	-0.0262
9.635004e-07	-0.03
9.655004e-07	-0.02848
9.675004e-07	-0.03076
9.695004e-07	-0.02696
9.715004e-07	-0.02848
9.735004e-07	-0.03
9.755004e-07	-0.03
9.775004e-07	-0.02772
9.795004e-07	-0.03076
9.815004e-07	-0.02848
9.835004e-07	-0.03076
9.855004e-07	-0.02468
9.875004e-07	-0.02772
9.895004e-07	-0.02772
9.915004e-07	-0.02848
9.935004e-07	-0.0262
9.955004e-07	-0.02848
9.975004e-07	-0.02772
9.995004e-07	-0.03
1.0015e-06	-0.0262
1.0035e-06	-0.0262
1.0055e-06	-0.02392
1.0075e-06	-0.03304
1.0095e-06	-0.02468
1.0115e-06	-0.02924
1.0135e-06	-0.02848
1.0155e-06	-0.0262
1.0175e-06	-0.0262
1.0195e-06	-0.0262
1.0215e-06	-0.02924
1.0235e-06	-0.03
1.0255e-06	-0.02848
1.0275e-06	-0.03076
1.0295e-06	-0.03076
1.0315e-06	-0.03152
1.0335e-06	-0.02848
1.0355e-06	-0.03
1.0375e-06	-0.03
1.0395e-06	-0.03
1.0415e-06	-0.02544
1.0435e-06	-0.02468
1.0455e-06	-0.02924
1.0475e-06	-0.03532
1.0495e-06	-0.0262
1.0515e-06	-0.02772
1.0535e-06	-0.02848
1.0555e-06	-0.03076
1.0575e-06	-0.0262
1.0595e-06	-0.02848
1.0615e-06	-0.02544
1.0635e-06	-0.03304
1.0655e-06	-0.0262
1.0675e-06	-0.02544
1.0695e-06	-0.02848
1.0715e-06	-0.02848
1.0735e-06	-0.02696
1.0755e-06	-0.02772
1.0775e-06	-0.02544
1.0795e-06	-0.0262
1.0815e-06	-0.02392
1.0835e-06	-0.02544
1.0855e-06	-0.02468
1.0875e-06	-0.02924
1.0895e-06	-0.02468
1.0915e-06	-0.02544
1.0935e-06	-0.02392
1.0955e-06	-0.02392
1.0975e-06	-0.02392
1.0995e-06	-0.02544
1.1015e-06	-0.02924
1.1035e-06	-0.02924
1.1055e-06	-0.02088
1.1075e-06	-0.02392
1.1095e-06	-0.0262
1.1115e-06	-0.02772
1.1135e-06	-0.02164
1.1155e-06	-0.02544
1.1175e-06	-0.0262
1.1195e-06	-0.02696
1.1215e-06	-0.0224
1.1235e-06	-0.02392
1.1255e-06	-0.0262
1.1275e-06	-0.02696
1.1295e-06	-0.0262
1.1315e-06	-0.02848
1.1335e-06	-0.02392
1.1355e-06	-0.0262
1.1375e-06	-0.02696
1.1395e-06	-0.02544
1.1415e-06	-0.02468
1.1435e-06	-0.02696
1.1455e-06	-0.02468
1.1475e-06	-0.02924
1.1495e-06	-0.0262
1.1515e-06	-0.02544
1.1535e-06	-0.02392
1.1555e-06	-0.02544
1.1575e-06	-0.02848
1.1595e-06	-0.02696
1.1615e-06	-0.02316
1.1635e-06	-0.0262
1.1655e-06	-0.02848
1.1675e-06	-0.02924
1.1695e-06	-0.02468
1.1715e-06	-0.0262
1.1735e-06	-0.02848
1.1755e-06	-0.0262
1.1775e-06	-0.0224
1.1795e-06	-0.0262
1.1815e-06	-0.0262
1.1835e-06	-0.02544
1.1855e-06	-0.02696
1.1875e-06	-0.02772
1.1895e-06	-0.02772
1.1915e-06	-0.02848
1.1935e-06	-0.02544
1.1955e-06	-0.02544
1.1975e-06	-0.02924
1.1995e-06	-0.02848
1.2015e-06	-0.02468
1.2035e-06	-0.03
1.2055e-06	-0.02924
1.2075e-06	-0.03
1.2095e-06	-0.02392
1.2115e-06	-0.02544
1.2135e-06	-0.02468
1.2155e-06	-0.02696
1.2175e-06	-0.0262
1.2195e-06	-0.02772
1.2215e-06	-0.02924
1.2235e-06	-0.03076
1.2255e-06	-0.02468
1.2275e-06	-0.02696
1.2295e-06	-0.02924
1.2315e-06	-0.02772
1.2335e-06	-0.02544
1.2355e-06	-0.0262
1.2375e-06	-0.02848
1.2395e-06	-0.02924
1.2415e-06	-0.02316
1.2435e-06	-0.02544
1.2455e-06	-0.0262
1.2475e-06	-0.02772
1.2495e-06	-0.02316
1.2515e-06	-0.02696
1.2535e-06	-0.02848
1.2555e-06	-0.03152
1.2575e-06	-0.02544
1.2595e-06	-0.02848
1.2615e-06	-0.02696
1.2635e-06	-0.02848
1.2655e-06	-0.02164
1.2675e-06	-0.02544
1.2695e-06	-0.02696
1.2715e-06	-0.03228
1.2735e-06	-0.02772
1.2755e-06	-0.02316
1.2775e-06	-0.0224
1.2795e-06	-0.03076
1.2815e-06	-0.02392
1.2835e-06	-0.02392
1.2855e-06	-0.02468
1.2875e-06	-0.0262
1.2895e-06	-0.02544
1.2915e-06	-0.02772
1.2935e-06	-0.02468
1.2955e-06	-0.0224
1.2975e-06	-0.0262
1.2995e-06	-0.02772
1.3015e-06	-0.02696
1.3035e-06	-0.02772
1.3055e-06	-0.02544
1.3075e-06	-0.0262
1.3095e-06	-0.02392
1.3115e-06	-0.0262
1.3135e-06	-0.02316
1.3155e-06	-0.02696
1.3175e-06	-0.02772
1.3195e-06	-0.02848
1.3215e-06	-0.02392
1.3235e-06	-0.02544
1.3255e-06	-0.0262
1.3275e-06	-0.02924
1.3295e-06	-0.02696
1.3315e-06	-0.02924
1.3335e-06	-0.02544
1.3355e-06	-0.02772
1.3375e-06	-0.02544
1.3395e-06	-0.02468
1.3415e-06	-0.02468
1.3435e-06	-0.03
1.3455e-06	-0.0262
1.3475e-06	-0.0262
1.3495e-06	-0.02848
1.3515e-06	-0.02772
1.3535e-06	-0.02392
1.3555e-06	-0.02468
1.3575e-06	-0.02468
1.3595e-06	-0.02848
1.3615e-06	-0.0224
1.3635e-06	-0.03
1.3655e-06	-0.03076
1.3675e-06	-0.02924
1.3695e-06	-0.02316
1.3715e-06	-0.02848
1.3735e-06	-0.02772
1.3755e-06	-0.02772
1.3775e-06	-0.02392
1.3795e-06	-0.0262
1.3815e-06	-0.02924
1.3835e-06	-0.03
1.3855e-06	-0.02696
1.3875e-06	-0.02392
1.3895e-06	-0.02696
1.3915e-06	-0.02924
1.3935e-06	-0.02316
1.3955e-06	-0.02924
1.3975e-06	-0.0262
1.3995e-06	-0.02544
1.4015e-06	-0.02544
1.4035e-06	-0.02772
1.4055e-06	-0.02544
1.4075e-06	-0.02772
1.4095e-06	-0.02544
1.4115e-06	-0.0262
1.4135e-06	-0.02696
1.4155e-06	-0.02696
1.4175e-06	-0.02392
1.4195e-06	-0.02772
1.4215e-06	-0.02772
1.4235e-06	-0.02848
1.4255e-06	-0.02772
1.4275e-06	-0.02772
1.4295e-06	-0.02696
1.4315e-06	-0.02696
1.4335e-06	-0.02848
1.4355e-06	-0.02772
1.4375e-06	-0.02772
1.4395e-06	-0.03076
1.4415e-06	-0.02696
1.4435e-06	-0.02772
1.4455e-06	-0.02772
1.4475e-06	-0.03076
1.4495e-06	-0.0262
1.4515e-06	-0.02848
1.4535e-06	-0.02772
1.4555e-06	-0.03228
1.4575e-06	-0.02772
1.4595e-06	-0.02848
1.4615e-06	-0.03076
1.4635e-06	-0.03152
1.4655e-06	-0.02848
1.4675e-06	-0.03
1.4695e-06	-0.02772
1.4715e-06	-0.03228
1.4735e-06	-0.02696
1.4755e-06	-0.02848
1.4775e-06	-0.02696
1.4795e-06	-0.03152
1.4815e-06	-0.02544
1.4835e-06	-0.03076
1.4855e-06	-0.02848
1.4875e-06	-0.02924
1.4895e-06	-0.0262
1.4915e-06	-0.03076
1.4935e-06	-0.03
1.4955e-06	-0.02696
1.4975e-06	-0.02696
1.4995e-06	-0.03
1.5015e-06	-0.03076
1.5035e-06	-0.02924
1.5055e-06	-0.02544
1.5075e-06	-0.02772
1.5095e-06	-0.02772
1.5115e-06	-0.02848
1.5135e-06	-0.02316
1.5155e-06	-0.02696
1.5175e-06	-0.02848
1.5195e-06	-0.03076
1.5215e-06	-0.02696
1.5235e-06	-0.0262
1.5255e-06	-0.02772
1.5275e-06	-0.03
1.5295e-06	-0.0262
1.5315e-06	-0.02924
1.5335e-06	-0.02848
1.5355e-06	-0.03076
1.5375e-06	-0.02468
1.5395e-06	-0.02696
1.5415e-06	-0.03
1.5435e-06	-0.03076
1.5455e-06	-0.0262
1.5475e-06	-0.03
1.5495e-06	-0.03152
1.5515e-06	-0.03228
1.5535e-06	-0.0262
1.5555e-06	-0.02772
1.5575e-06	-0.02848
1.5595e-06	-0.03228
1.5615e-06	-0.02696
1.5635e-06	-0.02848
1.5655e-06	-0.03
1.5675e-06	-0.03304
1.5695e-06	-0.02696
1.5715e-06	-0.03076
1.5735e-06	-0.03228
1.5755e-06	-0.03304
1.5775e-06	-0.0262
1.5795e-06	-0.02772
1.5815e-06	-0.03076
1.5835e-06	-0.03
1.5855e-06	-0.02772
1.5875e-06	-0.02848
1.5895e-06	-0.02392
1.5915e-06	-0.02696
1.5935e-06	-0.02316
1.5955e-06	-0.02924
1.5975e-06	-0.03076
1.5995e-06	-0.02772
1.6015e-06	-0.02544
1.6035e-06	-0.02544
1.6055e-06	-0.0224
1.6075e-06	-0.02772
1.6095e-06	-0.02696
1.6115e-06	-0.02924
1.6135e-06	-0.03076
1.6155e-06	-0.02924
1.6175e-06	-0.02316
1.6195e-06	-0.02772
1.6215e-06	-0.02772
1.6235e-06	-0.03
1.6255e-06	-0.0262
1.6275e-06	-0.03152
1.6295e-06	-0.03076
1.6315e-06	-0.02696
1.6335e-06	-0.02696
1.6355e-06	-0.0262
1.6375e-06	-0.03
1.6395e-06	-0.03076
1.6415e-06	-0.02924
1.6435e-06	-0.02772
1.6455e-06	-0.02544
1.6475e-06	-0.03076
1.6495e-06	-0.02544
1.6515e-06	-0.02924
1.6535e-06	-0.03
1.6555e-06	-0.0262
1.6575e-06	-0.02696
1.6595e-06	-0.0262
1.6615e-06	-0.03
1.6635e-06	-0.03
1.6655e-06	-0.02392
1.6675e-06	-0.0262
1.6695e-06	-0.03
1.6715e-06	-0.02924
1.6735e-06	-0.0224
1.6755e-06	-0.02848
1.6775e-06	-0.02772
1.6795e-06	-0.03076
1.6815e-06	-0.0262
1.6835e-06	-0.02544
1.6855e-06	-0.0262
1.6875e-06	-0.02924
1.6895e-06	-0.0262
1.6915e-06	-0.02924
1.6935e-06	-0.03
1.6955e-06	-0.02848
1.6975e-06	-0.02392
1.6995e-06	-0.02696
1.7015e-06	-0.0262
1.7035e-06	-0.02848
1.7055e-06	-0.02544
1.7075e-06	-0.02696
1.7095e-06	-0.02772
1.7115e-06	-0.02924
1.7135e-06	-0.02164
1.7155e-06	-0.02696
1.7175e-06	-0.0262
1.7195e-06	-0.03076
1.7215e-06	-0.02392
1.7235e-06	-0.02316
1.7255e-06	-0.02696
1.7275e-06	-0.02924
1.7295e-06	-0.02468
1.7315e-06	-0.02696
1.7335e-06	-0.0224
1.7355e-06	-0.02696
1.7375e-06	-0.02392
1.7395e-06	-0.02772
1.7415e-06	-0.02848
1.7435e-06	-0.02544
1.7455e-06	-0.02544
1.7475e-06	-0.02696
1.7495e-06	-0.02772
1.7515e-06	-0.02772
1.7535e-06	-0.02544
1.7555e-06	-0.02392
1.7575e-06	-0.02848
1.7595e-06	-0.02848
1.7615e-06	-0.02392
1.7635e-06	-0.0262
1.7655e-06	-0.02468
1.7675e-06	-0.03076
1.7695e-06	-0.02392
1.7715e-06	-0.02772
1.7735e-06	-0.02696
1.7755e-06	-0.02848
1.7775e-06	-0.0224
1.7795e-06	-0.02696
1.7815e-06	-0.02848
1.7835e-06	-0.03152
1.7855e-06	-0.02468
1.7875e-06	-0.02468
1.7895e-06	-0.02772
1.7915e-06	-0.03
1.7935e-06	-0.02392
1.7955e-06	-0.02696
1.7975e-06	-0.02696
1.7995e-06	-0.03
1.8015e-06	-0.02544
1.8035e-06	-0.02924
1.8055e-06	-0.03
1.8075e-06	-0.02848
1.8095e-06	-0.02468
1.8115e-06	-0.02924
1.8135e-06	-0.03152
1.8155e-06	-0.03228
1.8175e-06	-0.02772
1.8195e-06	-0.03
1.8215e-06	-0.03076
1.8235e-06	-0.03532
1.8255e-06	-0.0262
1.8275e-06	-0.0262
1.8295e-06	-0.03076
1.8315e-06	-0.03152
1.8335e-06	-0.0262
1.8355e-06	-0.03152
1.8375e-06	-0.0338
1.8395e-06	-0.03456
1.8415e-06	-0.03076
1.8435e-06	-0.03152
1.8455e-06	-0.03152
1.8475e-06	-0.03152
1.8495e-06	-0.02772
1.8515e-06	-0.03228
1.8535e-06	-0.03
1.8555e-06	-0.03228
1.8575e-06	-0.02696
1.8595e-06	-0.02924
1.8615e-06	-0.03076
1.8635e-06	-0.03228
1.8655e-06	-0.02924
1.8675e-06	-0.02924
1.8695e-06	-0.02772
1.8715e-06	-0.03228
1.8735e-06	-0.02696
1.8755e-06	-0.02848
1.8775e-06	-0.03
1.8795e-06	-0.03076
1.8815e-06	-0.02772
1.8835e-06	-0.02848
1.8855e-06	-0.03
1.8875e-06	-0.0338
1.8895e-06	-0.02772
1.8915e-06	-0.03
1.8935e-06	-0.03076
1.8955e-06	-0.02924
1.8975e-06	-0.02772
1.8995e-06	-0.02696
1.9015e-06	-0.02468
1.9035e-06	-0.03076
1.9055e-06	-0.02848
1.9075e-06	-0.03
1.9095e-06	-0.03152
1.9115e-06	-0.03
1.9135e-06	-0.02468
1.9155e-06	-0.02848
1.9175e-06	-0.03152
1.9195e-06	-0.03152
1.9215e-06	-0.02392
1.9235e-06	-0.02924
1.9255e-06	-0.02772
1.9275e-06	-0.03076
1.9295e-06	-0.02392
1.9315e-06	-0.02544
1.9335e-06	-0.03
1.9355e-06	-0.02924
1.9375e-06	-0.02848
1.9395e-06	-0.02772
1.9415e-06	-0.02772
1.9435e-06	-0.03076
1.9455e-06	-0.02848
1.9475e-06	-0.02848
1.9495e-06	-0.02696
1.9515e-06	-0.03608
1.9535e-06	-0.02848
1.9555e-06	-0.02924
1.9575e-06	-0.02848
1.9595e-06	-0.03
1.9615e-06	-0.02696
1.9635e-06	-0.02772
1.9655e-06	-0.03076
1.9675e-06	-0.02924
1.9695e-06	-0.02696
1.9715e-06	-0.0262
1.9735e-06	-0.02544
1.9755e-06	-0.02924
1.9775e-06	-0.03076
1.9795e-06	-0.03
1.9815e-06	-0.02848
1.9835e-06	-0.03
1.9855e-06	-0.02772
1.9875e-06	-0.03
1.9895e-06	-0.02772
1.9915e-06	-0.02924
1.9935e-06	-0.02772
1.9955e-06	-0.02772
1.9975e-06	-0.03152
1.9995e-06	-0.03076
2.0015e-06	-0.02468
2.0035e-06	-0.02696
2.0055e-06	-0.03152
2.0075e-06	-0.03076
2.0095e-06	-0.0262
2.0115e-06	-0.02848
2.0135e-06	-0.03076
2.0155e-06	-0.03304
2.0175e-06	-0.0262
2.0195e-06	-0.02696
2.0215e-06	-0.03152
2.0235e-06	-0.03152
2.0255e-06	-0.02772
2.0275e-06	-0.02848
2.0295e-06	-0.03152
2.0315e-06	-0.03228
2.0335e-06	-0.02772
2.0355e-06	-0.02848
2.0375e-06	-0.02924
2.0395e-06	-0.02772
2.0415e-06	-0.02544
2.0435e-06	-0.02848
2.0455e-06	-0.03152
2.0475e-06	-0.03152
2.0495e-06	-0.02696
2.0515e-06	-0.02848
2.0535e-06	-0.02924
2.0555e-06	-0.03152
2.0575e-06	-0.0224
2.0595e-06	-0.02924
2.0615e-06	-0.03
2.0635e-06	-0.02848
2.0655e-06	-0.02772
2.0675e-06	-0.02772
2.0695e-06	-0.03
2.0715e-06	-0.02772
2.0735e-06	-0.02392
2.0755e-06	-0.02468
2.0775e-06	-0.02772
2.0795e-06	-0.03
2.0815e-06	-0.02544
2.0835e-06	-0.02696
2.0855e-06	-0.02468
2.0875e-06	-0.02848
2.0895e-06	-0.02544
2.0915e-06	-0.02772
2.0935e-06	-0.02696
2.0955e-06	-0.02848
2.0975e-06	-0.0262
2.0995e-06	-0.02696
2.1015e-06	-0.03076
2.1035e-06	-0.02772
2.1055e-06	-0.02392
2.1075e-06	-0.02772
2.1095e-06	-0.02924
2.1115e-06	-0.02924
2.1135e-06	-0.02772
2.1155e-06	-0.03
2.1175e-06	-0.02848
2.1195e-06	-0.02924
2.1215e-06	-0.02316
2.1235e-06	-0.0262
2.1255e-06	-0.02848
2.1275e-06	-0.02848
2.1295e-06	-0.02392
2.1315e-06	-0.02544
2.1335e-06	-0.02468
2.1355e-06	-0.03
2.1375e-06	-0.02316
2.1395e-06	-0.0224
2.1415e-06	-0.0262
2.1435e-06	-0.0262
2.1455e-06	-0.02088
2.1475e-06	-0.02772
2.1495e-06	-0.02772
2.1515e-06	-0.0262
2.1535e-06	-0.0224
2.1555e-06	-0.02468
2.1575e-06	-0.02468
2.1595e-06	-0.03076
2.1615e-06	-0.0224
2.1635e-06	-0.0262
2.1655e-06	-0.02696
2.1675e-06	-0.02924
2.1695e-06	-0.0224
2.1715e-06	-0.0262
2.1735e-06	-0.02924
2.1755e-06	-0.02848
2.1775e-06	-0.02696
2.1795e-06	-0.02696
2.1815e-06	-0.0262
2.1835e-06	-0.02848
2.1855e-06	-0.02696
2.1875e-06	-0.02848
2.1895e-06	-0.02848
2.1915e-06	-0.0262
2.1935e-06	-0.02468
2.1955e-06	-0.0262
2.1975e-06	-0.02392
2.1995e-06	-0.03
2.2015e-06	-0.02544
2.2035e-06	-0.02696
2.2055e-06	-0.02772
2.2075e-06	-0.02848
2.2095e-06	-0.02392
2.2115e-06	-0.02468
2.2135e-06	-0.02772
2.2155e-06	-0.03
2.2175e-06	-0.02544
2.2195e-06	-0.02696
2.2215e-06	-0.02696
2.2235e-06	-0.02316
2.2255e-06	-0.02392
2.2275e-06	-0.02544
2.2295e-06	-0.02772
2.2315e-06	-0.02924
2.2335e-06	-0.02772
2.2355e-06	-0.0224
2.2375e-06	-0.02772
2.2395e-06	-0.02696
2.2415e-06	-0.02696
2.2435e-06	-0.02848
2.2455e-06	-0.03
2.2475e-06	-0.03152
2.2495e-06	-0.0262
2.2515e-06	-0.02772
2.2535e-06	-0.02772
2.2555e-06	-0.02924
2.2575e-06	-0.02696
2.2595e-06	-0.02696
2.2615e-06	-0.03
2.2635e-06	-0.02924
2.2655e-06	-0.02392
2.2675e-06	-0.02544
2.2695e-06	-0.02696
2.2715e-06	-0.02848
2.2735e-06	-0.02316
2.2755e-06	-0.0262
2.2775e-06	-0.02544
2.2795e-06	-0.02772
2.2815e-06	-0.02164
2.2835e-06	-0.02392
2.2855e-06	-0.02316
2.2875e-06	-0.02544
2.2895e-06	-0.02012
2.2915e-06	-0.02468
2.2935e-06	-0.02316
2.2955e-06	-0.02544
2.2975e-06	-0.02088
2.2995e-06	-0.02316
2.3015e-06	-0.02772
2.3035e-06	-0.0262
2.3055e-06	-0.0224
2.3075e-06	-0.02468
2.3095e-06	-0.02316
2.3115e-06	-0.02468
2.3135e-06	-0.02012
2.3155e-06	-0.02316
2.3175e-06	-0.0224
2.3195e-06	-0.02164
2.3215e-06	-0.02088
2.3235e-06	-0.0186
2.3255e-06	-0.02316
2.3275e-06	-0.0262
2.3295e-06	-0.02468
2.3315e-06	-0.02544
2.3335e-06	-0.02316
2.3355e-06	-0.02392
2.3375e-06	-0.02164
2.3395e-06	-0.0186
2.3415e-06	-0.02316
2.3435e-06	-0.02392
2.3455e-06	-0.0224
2.3475e-06	-0.02392
2.3495e-06	-0.02696
2.3515e-06	-0.02468
2.3535e-06	-0.02316
2.3555e-06	-0.02468
2.3575e-06	-0.0262
2.3595e-06	-0.02544
2.3615e-06	-0.02164
2.3635e-06	-0.02012
2.3655e-06	-0.02088
2.3675e-06	-0.02772
2.3695e-06	-0.0224
2.3715e-06	-0.0224
2.3735e-06	-0.02316
2.3755e-06	-0.02392
2.3775e-06	-0.02164
2.3795e-06	-0.0262
2.3815e-06	-0.0224
2.3835e-06	-0.02468
2.3855e-06	-0.02164
2.3875e-06	-0.0224
2.3895e-06	-0.02468
2.3915e-06	-0.02468
2.3935e-06	-0.02316
2.3955e-06	-0.0224
2.3975e-06	-0.02392
2.3995e-06	-0.02772
2.4015e-06	-0.02316
2.4035e-06	-0.02544
2.4055e-06	-0.02164
2.4075e-06	-0.02316
2.4095e-06	-0.01936
2.4115e-06	-0.02164
2.4135e-06	-0.02316
2.4155e-06	-0.0262
2.4175e-06	-0.0224
2.4195e-06	-0.0262
2.4215e-06	-0.02544
2.4235e-06	-0.02696
2.4255e-06	-0.02316
2.4275e-06	-0.0262
2.4295e-06	-0.02164
2.4315e-06	-0.0262
2.4335e-06	-0.02316
2.4355e-06	-0.02544
2.4375e-06	-0.02012
2.4395e-06	-0.0186
2.4415e-06	-0.02164
2.4435e-06	-0.02468
2.4455e-06	-0.02392
2.4475e-06	-0.0262
2.4495e-06	-0.02316
2.4515e-06	-0.02544
2.4535e-06	-0.02544
2.4555e-06	-0.02544
2.4575e-06	-0.02316
2.4595e-06	-0.02392
2.4615e-06	-0.0262
2.4635e-06	-0.02468
2.4655e-06	-0.02164
2.4675e-06	-0.01936
2.4695e-06	-0.02316
2.4715e-06	-0.02392
2.4735e-06	-0.02164
2.4755e-06	-0.0262
2.4775e-06	-0.02316
2.4795e-06	-0.0224
2.4815e-06	-0.02316
2.4835e-06	-0.01936
2.4855e-06	-0.0186
2.4875e-06	-0.02392
2.4895e-06	-0.01936
2.4915e-06	-0.02316
2.4935e-06	-0.02316
2.4955e-06	-0.02468
2.4975e-06	-0.02164
2.4995e-06	-0.0224
2.5015e-06	-0.02164
