LECROYHDO6104A	50809	Waveform
Segments	1	SegmentSize	2502
Segment	TrigTime	TimeSinceSegment1
#1	19-Dec-2022 20:05:23	0                 
Time	Ampl
-2.501849e-06	-0.0172128
-2.499849e-06	-0.0173976
-2.497849e-06	-0.0172128
-2.495849e-06	-0.0170016
-2.493849e-06	-0.0173712
-2.491849e-06	-0.0172128
-2.489849e-06	-0.0172656
-2.487849e-06	-0.0173976
-2.485849e-06	-0.0174768
-2.483849e-06	-0.0177144
-2.481849e-06	-0.0175824
-2.479849e-06	-0.0174768
-2.477849e-06	-0.0175032
-2.475849e-06	-0.0173184
-2.473849e-06	-0.0175032
-2.471849e-06	-0.0174768
-2.469849e-06	-0.017424
-2.467849e-06	-0.0176616
-2.465849e-06	-0.017556
-2.463849e-06	-0.0177144
-2.461849e-06	-0.0174768
-2.459849e-06	-0.0174768
-2.457849e-06	-0.0169224
-2.455849e-06	-0.0168168
-2.453849e-06	-0.016632
-2.451849e-06	-0.0161568
-2.449849e-06	-0.0157872
-2.447849e-06	-0.0155496
-2.445849e-06	-0.01518
-2.443849e-06	-0.0149688
-2.441849e-06	-0.0148104
-2.439849e-06	-0.0147312
-2.437849e-06	-0.01452
-2.435849e-06	-0.0142824
-2.433849e-06	-0.0142032
-2.431849e-06	-0.0144408
-2.429849e-06	-0.0145728
-2.427849e-06	-0.014652
-2.425849e-06	-0.0142824
-2.423849e-06	-0.0138072
-2.421849e-06	-0.0136224
-2.419849e-06	-0.013728
-2.417849e-06	-0.013992
-2.415849e-06	-0.0137808
-2.413849e-06	-0.0137544
-2.411849e-06	-0.0141504
-2.409849e-06	-0.014256
-2.407849e-06	-0.0144936
-2.405849e-06	-0.0144144
-2.403849e-06	-0.0144936
-2.401849e-06	-0.0143088
-2.399849e-06	-0.0145464
-2.397849e-06	-0.0145992
-2.395849e-06	-0.0143088
-2.393849e-06	-0.014256
-2.391849e-06	-0.0144408
-2.389849e-06	-0.014388
-2.387849e-06	-0.014388
-2.385849e-06	-0.0142032
-2.383849e-06	-0.0142032
-2.381849e-06	-0.0141504
-2.379849e-06	-0.0139392
-2.377849e-06	-0.0138336
-2.375849e-06	-0.0138336
-2.373849e-06	-0.013728
-2.371849e-06	-0.0135696
-2.369849e-06	-0.0136752
-2.367849e-06	-0.0131736
-2.365849e-06	-0.0129624
-2.363849e-06	-0.0127512
-2.361849e-06	-0.0128304
-2.359849e-06	-0.0126192
-2.357849e-06	-0.0126456
-2.355849e-06	-0.0123816
-2.353849e-06	-0.012276
-2.351849e-06	-0.0124344
-2.349849e-06	-0.0124608
-2.347849e-06	-0.0123288
-2.345849e-06	-0.0119856
-2.343849e-06	-0.011748
-2.341849e-06	-0.0114312
-2.339849e-06	-0.0114312
-2.337849e-06	-0.0113784
-2.335849e-06	-0.0114048
-2.333849e-06	-0.0114312
-2.331849e-06	-0.0115632
-2.329849e-06	-0.0113256
-2.327849e-06	-0.0111936
-2.325849e-06	-0.0114576
-2.323849e-06	-0.011484
-2.321849e-06	-0.0115632
-2.319849e-06	-0.0119328
-2.317849e-06	-0.0119064
-2.315849e-06	-0.0119592
-2.313849e-06	-0.0115368
-2.311849e-06	-0.011352
-2.309849e-06	-0.0116688
-2.307849e-06	-0.0116952
-2.305849e-06	-0.0115632
-2.303849e-06	-0.01188
-2.301849e-06	-0.0118536
-2.299849e-06	-0.0119592
-2.297849e-06	-0.0119064
-2.295849e-06	-0.012012
-2.293849e-06	-0.0123552
-2.291849e-06	-0.012804
-2.289849e-06	-0.0129096
-2.287849e-06	-0.0132792
-2.285849e-06	-0.0135432
-2.283849e-06	-0.013728
-2.281849e-06	-0.0138864
-2.279849e-06	-0.0139656
-2.277849e-06	-0.014124
-2.275849e-06	-0.0142032
-2.273849e-06	-0.0141768
-2.271849e-06	-0.014256
-2.269849e-06	-0.014124
-2.267849e-06	-0.0142296
-2.265849e-06	-0.0145464
-2.263849e-06	-0.0145992
-2.261849e-06	-0.0144144
-2.259849e-06	-0.0144408
-2.257849e-06	-0.0144408
-2.255849e-06	-0.0145464
-2.253849e-06	-0.0144936
-2.251849e-06	-0.0144144
-2.249849e-06	-0.0143088
-2.247849e-06	-0.01452
-2.245849e-06	-0.0144672
-2.243849e-06	-0.0146256
-2.241849e-06	-0.0145992
-2.239849e-06	-0.0143088
-2.237849e-06	-0.0144672
-2.235849e-06	-0.0144672
-2.233849e-06	-0.0145992
-2.231849e-06	-0.0149424
-2.229849e-06	-0.014916
-2.227849e-06	-0.0151536
-2.225849e-06	-0.0152856
-2.223849e-06	-0.0153912
-2.221849e-06	-0.0156024
-2.219849e-06	-0.0158136
-2.217849e-06	-0.0159456
-2.215849e-06	-0.0163944
-2.213849e-06	-0.0164472
-2.211849e-06	-0.0163944
-2.209849e-06	-0.0163944
-2.207849e-06	-0.0161832
-2.205849e-06	-0.0165528
-2.203849e-06	-0.0167904
-2.201849e-06	-0.0170016
-2.199849e-06	-0.0169488
-2.197849e-06	-0.0167376
-2.195849e-06	-0.017028
-2.193849e-06	-0.0172128
-2.191849e-06	-0.0171072
-2.189849e-06	-0.0173712
-2.187849e-06	-0.0173976
-2.185849e-06	-0.0173976
-2.183849e-06	-0.0172128
-2.181849e-06	-0.0173184
-2.179849e-06	-0.0172128
-2.177849e-06	-0.0172656
-2.175849e-06	-0.0170544
-2.173849e-06	-0.0173712
-2.171849e-06	-0.0173976
-2.169849e-06	-0.0171072
-2.167849e-06	-0.0175824
-2.165849e-06	-0.017688
-2.163849e-06	-0.0176088
-2.161849e-06	-0.0174504
-2.159849e-06	-0.0176088
-2.157849e-06	-0.0177144
-2.155849e-06	-0.0175296
-2.153849e-06	-0.0175296
-2.151849e-06	-0.0178992
-2.149849e-06	-0.0181104
-2.147849e-06	-0.0183744
-2.145849e-06	-0.018216
-2.143849e-06	-0.0185064
-2.141849e-06	-0.018084
-2.139849e-06	-0.0180048
-2.137849e-06	-0.0180048
-2.135849e-06	-0.0181104
-2.133849e-06	-0.0178992
-2.131849e-06	-0.018216
-2.129849e-06	-0.018216
-2.127849e-06	-0.018084
-2.125849e-06	-0.0181104
-2.123849e-06	-0.0183744
-2.121849e-06	-0.0182424
-2.119849e-06	-0.0184536
-2.117849e-06	-0.018612
-2.115849e-06	-0.0189024
-2.113849e-06	-0.0191136
-2.111849e-06	-0.01914
-2.109849e-06	-0.0190872
-2.107849e-06	-0.0192192
-2.105849e-06	-0.0192456
-2.103849e-06	-0.0192192
-2.101849e-06	-0.0196416
-2.099849e-06	-0.0198528
-2.097849e-06	-0.0197472
-2.095849e-06	-0.0199056
-2.093849e-06	-0.020064
-2.091849e-06	-0.0198264
-2.089849e-06	-0.0201696
-2.087849e-06	-0.0205392
-2.085849e-06	-0.0206448
-2.083849e-06	-0.0208824
-2.081849e-06	-0.0208032
-2.079849e-06	-0.0210408
-2.077849e-06	-0.02112
-2.075849e-06	-0.0211992
-2.073849e-06	-0.0215952
-2.071849e-06	-0.0218328
-2.069849e-06	-0.0217536
-2.067849e-06	-0.0219384
-2.065849e-06	-0.0216216
-2.063849e-06	-0.0215424
-2.061849e-06	-0.0212784
-2.059849e-06	-0.0212784
-2.057849e-06	-0.0214104
-2.055849e-06	-0.0213312
-2.053849e-06	-0.021252
-2.051849e-06	-0.0213048
-2.049849e-06	-0.02112
-2.047849e-06	-0.0212256
-2.045849e-06	-0.0212256
-2.043849e-06	-0.021252
-2.041849e-06	-0.0207504
-2.039849e-06	-0.0206976
-2.037849e-06	-0.0204864
-2.035849e-06	-0.0203016
-2.033849e-06	-0.0198528
-2.031849e-06	-0.0198
-2.029849e-06	-0.0200112
-2.027849e-06	-0.0198528
-2.025849e-06	-0.019932
-2.023849e-06	-0.0198
-2.021849e-06	-0.0195096
-2.019849e-06	-0.0195888
-2.017849e-06	-0.0196416
-2.015849e-06	-0.019932
-2.013849e-06	-0.0198792
-2.011849e-06	-0.0198792
-2.009849e-06	-0.0198264
-2.007849e-06	-0.019668
-2.005849e-06	-0.0196152
-2.003849e-06	-0.019932
-2.001849e-06	-0.0200112
-1.999849e-06	-0.0198264
-1.997849e-06	-0.0197472
-1.995849e-06	-0.0196944
-1.993849e-06	-0.0195624
-1.991849e-06	-0.0194304
-1.989849e-06	-0.0194832
-1.987849e-06	-0.0196944
-1.985849e-06	-0.0194568
-1.983849e-06	-0.0193776
-1.981849e-06	-0.0190608
-1.979849e-06	-0.0187704
-1.977849e-06	-0.0186648
-1.975849e-06	-0.0183216
-1.973849e-06	-0.0180312
-1.971849e-06	-0.0175296
-1.969849e-06	-0.0168696
-1.967849e-06	-0.0165792
-1.965849e-06	-0.0165528
-1.963849e-06	-0.016368
-1.961849e-06	-0.016104
-1.959849e-06	-0.0154704
-1.957849e-06	-0.0149688
-1.955849e-06	-0.014916
-1.953849e-06	-0.0144936
-1.951849e-06	-0.014388
-1.949849e-06	-0.0140712
-1.947849e-06	-0.0139656
-1.945849e-06	-0.0139392
-1.943849e-06	-0.013728
-1.941849e-06	-0.013464
-1.939849e-06	-0.0130944
-1.937849e-06	-0.012804
-1.935849e-06	-0.0123288
-1.933849e-06	-0.0118272
-1.931849e-06	-0.0116424
-1.929849e-06	-0.0112464
-1.927849e-06	-0.0111408
-1.925849e-06	-0.0110616
-1.923849e-06	-0.0112464
-1.921849e-06	-0.0109824
-1.919849e-06	-0.010956
-1.917849e-06	-0.0109032
-1.915849e-06	-0.010956
-1.913849e-06	-0.0115104
-1.911849e-06	-0.0114048
-1.909849e-06	-0.0116688
-1.907849e-06	-0.011748
-1.905849e-06	-0.011484
-1.903849e-06	-0.0115896
-1.901849e-06	-0.0113256
-1.899849e-06	-0.0109824
-1.897849e-06	-0.0112992
-1.895849e-06	-0.011352
-1.893849e-06	-0.0116952
-1.891849e-06	-0.011748
-1.889849e-06	-0.0118008
-1.887849e-06	-0.0119856
-1.885849e-06	-0.0122232
-1.883849e-06	-0.0121968
-1.881849e-06	-0.0123816
-1.879849e-06	-0.01254
-1.877849e-06	-0.0126192
-1.875849e-06	-0.0127248
-1.873849e-06	-0.0128304
-1.871849e-06	-0.0130944
-1.869849e-06	-0.0133584
-1.867849e-06	-0.013596
-1.865849e-06	-0.0137808
-1.863849e-06	-0.0137544
-1.861849e-06	-0.0139656
-1.859849e-06	-0.0141768
-1.857849e-06	-0.0142296
-1.855849e-06	-0.0147312
-1.853849e-06	-0.0151272
-1.851849e-06	-0.015576
-1.849849e-06	-0.0156816
-1.847849e-06	-0.0158664
-1.845849e-06	-0.0158136
-1.843849e-06	-0.016368
-1.841849e-06	-0.0168168
-1.839849e-06	-0.0166848
-1.837849e-06	-0.0163152
-1.835849e-06	-0.0164472
-1.833849e-06	-0.016368
-1.831849e-06	-0.0165528
-1.829849e-06	-0.0164736
-1.827849e-06	-0.0163944
-1.825849e-06	-0.016764
-1.823849e-06	-0.0168696
-1.821849e-06	-0.01716
-1.819849e-06	-0.017556
-1.817849e-06	-0.0172656
-1.815849e-06	-0.0173184
-1.813849e-06	-0.0175296
-1.811849e-06	-0.0177408
-1.809849e-06	-0.0178992
-1.807849e-06	-0.0178728
-1.805849e-06	-0.0178728
-1.803849e-06	-0.0182952
-1.801849e-06	-0.01848
-1.799849e-06	-0.0183744
-1.797849e-06	-0.018084
-1.795849e-06	-0.018084
-1.793849e-06	-0.0181104
-1.791849e-06	-0.018084
-1.789849e-06	-0.0182952
-1.787849e-06	-0.018348
-1.785849e-06	-0.0185328
-1.783849e-06	-0.0188496
-1.781849e-06	-0.0189816
-1.779849e-06	-0.0186648
-1.777849e-06	-0.0186912
-1.775849e-06	-0.0187968
-1.773849e-06	-0.0190344
-1.771849e-06	-0.0184536
-1.769849e-06	-0.0180312
-1.767849e-06	-0.0177936
-1.765849e-06	-0.0175032
-1.763849e-06	-0.0175824
-1.761849e-06	-0.0174504
-1.759849e-06	-0.01716
-1.757849e-06	-0.0170808
-1.755849e-06	-0.0170016
-1.753849e-06	-0.017028
-1.751849e-06	-0.0171072
-1.749849e-06	-0.017028
-1.747849e-06	-0.0171072
-1.745849e-06	-0.0172128
-1.743849e-06	-0.0169752
-1.741849e-06	-0.0169752
-1.739849e-06	-0.0172392
-1.737849e-06	-0.0170016
-1.735849e-06	-0.0171864
-1.733849e-06	-0.01716
-1.731849e-06	-0.017292
-1.729849e-06	-0.0175824
-1.727849e-06	-0.01782
-1.725849e-06	-0.0179256
-1.723849e-06	-0.0182952
-1.721849e-06	-0.0180576
-1.719849e-06	-0.0177408
-1.717849e-06	-0.0176352
-1.715849e-06	-0.0177936
-1.713849e-06	-0.0178992
-1.711849e-06	-0.018084
-1.709849e-06	-0.0182424
-1.707849e-06	-0.0180576
-1.705849e-06	-0.0179784
-1.703849e-06	-0.017952
-1.701849e-06	-0.0177408
-1.699849e-06	-0.0173976
-1.697849e-06	-0.017028
-1.695849e-06	-0.0165792
-1.693849e-06	-0.016368
-1.691849e-06	-0.0165
-1.689849e-06	-0.0164472
-1.687849e-06	-0.016632
-1.685849e-06	-0.0162096
-1.683849e-06	-0.0164736
-1.681849e-06	-0.0163152
-1.679849e-06	-0.0165264
-1.677849e-06	-0.0164736
-1.675849e-06	-0.0163152
-1.673849e-06	-0.0162624
-1.671849e-06	-0.0164208
-1.669849e-06	-0.0166848
-1.667849e-06	-0.0165528
-1.665849e-06	-0.0163944
-1.663849e-06	-0.0165
-1.661849e-06	-0.0161832
-1.659849e-06	-0.016104
-1.657849e-06	-0.0159192
-1.655849e-06	-0.015708
-1.653849e-06	-0.0154704
-1.651849e-06	-0.0155232
-1.649849e-06	-0.0150744
-1.647849e-06	-0.01518
-1.645849e-06	-0.014784
-1.643849e-06	-0.0147312
-1.641849e-06	-0.0147048
-1.639849e-06	-0.0147048
-1.637849e-06	-0.014256
-1.635849e-06	-0.0140448
-1.633849e-06	-0.0136224
-1.631849e-06	-0.0135432
-1.629849e-06	-0.0138336
-1.627849e-06	-0.0138336
-1.625849e-06	-0.0139392
-1.623849e-06	-0.0136488
-1.621849e-06	-0.0134376
-1.619849e-06	-0.0138072
-1.617849e-06	-0.0138336
-1.615849e-06	-0.0138072
-1.613849e-06	-0.0139392
-1.611849e-06	-0.0140184
-1.609849e-06	-0.014124
-1.607849e-06	-0.0140712
-1.605849e-06	-0.0140712
-1.603849e-06	-0.0137544
-1.601849e-06	-0.0133584
-1.599849e-06	-0.0131472
-1.597849e-06	-0.0132
-1.595849e-06	-0.0132528
-1.593849e-06	-0.0131208
-1.591849e-06	-0.0128304
-1.589849e-06	-0.012804
-1.587849e-06	-0.0129624
-1.585849e-06	-0.0128832
-1.583849e-06	-0.013332
-1.581849e-06	-0.013068
-1.579849e-06	-0.013332
-1.577849e-06	-0.0136752
-1.575849e-06	-0.0140184
-1.573849e-06	-0.0145728
-1.571849e-06	-0.0147048
-1.569849e-06	-0.015048
-1.567849e-06	-0.0153912
-1.565849e-06	-0.0156816
-1.563849e-06	-0.0157608
-1.561849e-06	-0.0161568
-1.559849e-06	-0.0162624
-1.557849e-06	-0.0165528
-1.555849e-06	-0.0167904
-1.553849e-06	-0.0170544
-1.551849e-06	-0.0167904
-1.549849e-06	-0.016896
-1.547849e-06	-0.0168432
-1.545849e-06	-0.0171072
-1.543849e-06	-0.0175032
-1.541849e-06	-0.0177672
-1.539849e-06	-0.0177936
-1.537849e-06	-0.0177936
-1.535849e-06	-0.0178728
-1.533849e-06	-0.0182424
-1.531849e-06	-0.0187968
-1.529849e-06	-0.0185592
-1.527849e-06	-0.0187704
-1.525849e-06	-0.0189024
-1.523849e-06	-0.019008
-1.521849e-06	-0.0190872
-1.519849e-06	-0.0192456
-1.517849e-06	-0.0197208
-1.515849e-06	-0.0196416
-1.513849e-06	-0.0198
-1.511849e-06	-0.019668
-1.509849e-06	-0.0194832
-1.507849e-06	-0.019272
-1.505849e-06	-0.0191136
-1.503849e-06	-0.0192984
-1.501849e-06	-0.01914
-1.499849e-06	-0.0190872
-1.497849e-06	-0.0189816
-1.495849e-06	-0.0189288
-1.493849e-06	-0.0189288
-1.491849e-06	-0.018744
-1.489849e-06	-0.0187968
-1.487849e-06	-0.0182688
-1.485849e-06	-0.018216
-1.483849e-06	-0.0184536
-1.481849e-06	-0.018348
-1.479849e-06	-0.0183744
-1.477849e-06	-0.0179256
-1.475849e-06	-0.0177936
-1.473849e-06	-0.0180312
-1.471849e-06	-0.0180048
-1.469849e-06	-0.0171864
-1.467849e-06	-0.016632
-1.465849e-06	-0.0165792
-1.463849e-06	-0.0171336
-1.461849e-06	-0.0170808
-1.459849e-06	-0.016632
-1.457849e-06	-0.0167112
-1.455849e-06	-0.0169488
-1.453849e-06	-0.0170016
-1.451849e-06	-0.017028
-1.449849e-06	-0.0171072
-1.447849e-06	-0.0171072
-1.445849e-06	-0.0171336
-1.443849e-06	-0.0175824
-1.441849e-06	-0.0176088
-1.439849e-06	-0.0172656
-1.437849e-06	-0.0171072
-1.435849e-06	-0.0173712
-1.433849e-06	-0.0171336
-1.431849e-06	-0.016632
-1.429849e-06	-0.0166056
-1.427849e-06	-0.016236
-1.425849e-06	-0.0160776
-1.423849e-06	-0.0162888
-1.421849e-06	-0.0163152
-1.419849e-06	-0.016236
-1.417849e-06	-0.0162096
-1.415849e-06	-0.0161568
-1.413849e-06	-0.0161304
-1.411849e-06	-0.0160248
-1.409849e-06	-0.0158928
-1.407849e-06	-0.0162888
-1.405849e-06	-0.016368
-1.403849e-06	-0.0165792
-1.401849e-06	-0.0166584
-1.399849e-06	-0.0165528
-1.397849e-06	-0.016368
-1.395849e-06	-0.0162624
-1.393849e-06	-0.0159456
-1.391849e-06	-0.0158928
-1.389849e-06	-0.0158664
-1.387849e-06	-0.0159984
-1.385849e-06	-0.0160248
-1.383849e-06	-0.0160776
-1.381849e-06	-0.0162624
-1.379849e-06	-0.0164736
-1.377849e-06	-0.0163944
-1.375849e-06	-0.0166584
-1.373849e-06	-0.0170808
-1.371849e-06	-0.0169488
-1.369849e-06	-0.016632
-1.367849e-06	-0.0168432
-1.365849e-06	-0.0167376
-1.363849e-06	-0.01716
-1.361849e-06	-0.0169752
-1.359849e-06	-0.0166848
-1.357849e-06	-0.0163944
-1.355849e-06	-0.0167112
-1.353849e-06	-0.0165792
-1.351849e-06	-0.0164736
-1.349849e-06	-0.016368
-1.347849e-06	-0.0162096
-1.345849e-06	-0.0162888
-1.343849e-06	-0.0165264
-1.341849e-06	-0.0167112
-1.339849e-06	-0.0166584
-1.337849e-06	-0.0168696
-1.335849e-06	-0.0169488
-1.333849e-06	-0.0170016
-1.331849e-06	-0.0167904
-1.329849e-06	-0.0170808
-1.327849e-06	-0.0173712
-1.325849e-06	-0.0173712
-1.323849e-06	-0.0174768
-1.321849e-06	-0.0177144
-1.319849e-06	-0.0177408
-1.317849e-06	-0.0180576
-1.315849e-06	-0.0178464
-1.313849e-06	-0.0180048
-1.311849e-06	-0.0181368
-1.309849e-06	-0.0177936
-1.307849e-06	-0.0177936
-1.305849e-06	-0.0177408
-1.303849e-06	-0.0178992
-1.301849e-06	-0.0179256
-1.299849e-06	-0.0177144
-1.297849e-06	-0.017556
-1.295849e-06	-0.0173448
-1.293849e-06	-0.0177408
-1.291849e-06	-0.0182952
-1.289849e-06	-0.0178728
-1.287849e-06	-0.0178992
-1.285849e-06	-0.0177144
-1.283849e-06	-0.0182424
-1.281849e-06	-0.0181104
-1.279849e-06	-0.0182688
-1.277849e-06	-0.0180312
-1.275849e-06	-0.0178464
-1.273849e-06	-0.0178728
-1.271849e-06	-0.0174504
-1.269849e-06	-0.0173448
-1.267849e-06	-0.0175032
-1.265849e-06	-0.0175824
-1.263849e-06	-0.0174768
-1.261849e-06	-0.0173976
-1.259849e-06	-0.0178464
-1.257849e-06	-0.0180048
-1.255849e-06	-0.0184272
-1.253849e-06	-0.0184536
-1.251849e-06	-0.0188232
-1.249849e-06	-0.0187176
-1.247849e-06	-0.0190344
-1.245849e-06	-0.0191664
-1.243849e-06	-0.0193512
-1.241849e-06	-0.019536
-1.239849e-06	-0.0195888
-1.237849e-06	-0.0197472
-1.235849e-06	-0.0201168
-1.233849e-06	-0.0201432
-1.231849e-06	-0.0204864
-1.229849e-06	-0.0206448
-1.227849e-06	-0.0204864
-1.225849e-06	-0.0205392
-1.223849e-06	-0.0204072
-1.221849e-06	-0.0206184
-1.219849e-06	-0.020856
-1.217849e-06	-0.0206184
-1.215849e-06	-0.0203544
-1.213849e-06	-0.0206712
-1.211849e-06	-0.020328
-1.209849e-06	-0.0202224
-1.207849e-06	-0.0200112
-1.205849e-06	-0.019668
-1.203849e-06	-0.019932
-1.201849e-06	-0.019932
-1.199849e-06	-0.0199584
-1.197849e-06	-0.0203016
-1.195849e-06	-0.0199584
-1.193849e-06	-0.0198792
-1.191849e-06	-0.0196152
-1.189849e-06	-0.0192984
-1.187849e-06	-0.0191928
-1.185849e-06	-0.0189552
-1.183849e-06	-0.0186648
-1.181849e-06	-0.018348
-1.179849e-06	-0.0179784
-1.177849e-06	-0.0178992
-1.175849e-06	-0.017952
-1.173849e-06	-0.0175296
-1.171849e-06	-0.01716
-1.169849e-06	-0.0167376
-1.167849e-06	-0.0166848
-1.165849e-06	-0.0163944
-1.163849e-06	-0.0161832
-1.161849e-06	-0.0156288
-1.159849e-06	-0.015444
-1.157849e-06	-0.015576
-1.155849e-06	-0.015444
-1.153849e-06	-0.0148368
-1.151849e-06	-0.0145464
-1.149849e-06	-0.014256
-1.147849e-06	-0.0143352
-1.145849e-06	-0.0140712
-1.143849e-06	-0.0137808
-1.141849e-06	-0.0138864
-1.139849e-06	-0.0138864
-1.137849e-06	-0.0140184
-1.135849e-06	-0.0142032
-1.133849e-06	-0.0141768
-1.131849e-06	-0.014256
-1.129849e-06	-0.0144672
-1.127849e-06	-0.0144144
-1.125849e-06	-0.014388
-1.123849e-06	-0.0148104
-1.121849e-06	-0.014784
-1.119849e-06	-0.0147576
-1.117849e-06	-0.014916
-1.115849e-06	-0.0150744
-1.113849e-06	-0.0152856
-1.111849e-06	-0.0156024
-1.109849e-06	-0.0159192
-1.107849e-06	-0.0161568
-1.105849e-06	-0.0160512
-1.103849e-06	-0.0160512
-1.101849e-06	-0.0162888
-1.099849e-06	-0.0164736
-1.097849e-06	-0.0166848
-1.095849e-06	-0.0169752
-1.093849e-06	-0.01716
-1.091849e-06	-0.0174768
-1.089849e-06	-0.0177144
-1.087849e-06	-0.0179256
-1.085849e-06	-0.0177936
-1.083849e-06	-0.0181896
-1.081849e-06	-0.0180048
-1.079849e-06	-0.0183216
-1.077849e-06	-0.018216
-1.075849e-06	-0.0180312
-1.073849e-06	-0.0179256
-1.071849e-06	-0.0182952
-1.069849e-06	-0.0184272
-1.067849e-06	-0.0180576
-1.065849e-06	-0.0178992
-1.063849e-06	-0.0179256
-1.061849e-06	-0.0176616
-1.059849e-06	-0.0176088
-1.057849e-06	-0.0177408
-1.055849e-06	-0.0180576
-1.053849e-06	-0.0184272
-1.051849e-06	-0.0184536
-1.049849e-06	-0.0187704
-1.047849e-06	-0.018876
-1.045849e-06	-0.01914
-1.043849e-06	-0.0192984
-1.041849e-06	-0.0189288
-1.039849e-06	-0.0190872
-1.037849e-06	-0.0189024
-1.035849e-06	-0.0187704
-1.033849e-06	-0.0187968
-1.031849e-06	-0.0189816
-1.029849e-06	-0.0190872
-1.027849e-06	-0.0195096
-1.025849e-06	-0.019404
-1.023849e-06	-0.0193512
-1.021849e-06	-0.019272
-1.019849e-06	-0.019404
-1.017849e-06	-0.0193776
-1.015849e-06	-0.0193512
-1.013849e-06	-0.0194304
-1.011849e-06	-0.0195624
-1.009849e-06	-0.0198264
-1.007849e-06	-0.019932
-1.005849e-06	-0.020064
-1.003849e-06	-0.0202224
-1.001849e-06	-0.0202488
-9.998491e-07	-0.0200904
-9.978491e-07	-0.020196
-9.958491e-07	-0.0200904
-9.938491e-07	-0.0199056
-9.918491e-07	-0.0203016
-9.898491e-07	-0.0204336
-9.878491e-07	-0.0207768
-9.858491e-07	-0.020592
-9.838491e-07	-0.0206976
-9.818491e-07	-0.0205392
-9.798491e-07	-0.0205392
-9.778491e-07	-0.0206976
-9.758491e-07	-0.0208032
-9.738491e-07	-0.0211728
-9.718491e-07	-0.02112
-9.698491e-07	-0.0214104
-9.678491e-07	-0.0214632
-9.658491e-07	-0.0214632
-9.638491e-07	-0.021648
-9.618491e-07	-0.0215424
-9.598491e-07	-0.0213312
-9.578491e-07	-0.021384
-9.558491e-07	-0.0214368
-9.538491e-07	-0.0215952
-9.518491e-07	-0.02178
-9.498491e-07	-0.0218064
-9.478491e-07	-0.022176
-9.458491e-07	-0.0214368
-9.438491e-07	-0.0211728
-9.418491e-07	-0.0207504
-9.398491e-07	-0.0208032
-9.378491e-07	-0.0205656
-9.358491e-07	-0.0206976
-9.338491e-07	-0.020856
-9.318491e-07	-0.0209616
-9.298491e-07	-0.0203808
-9.278491e-07	-0.0203544
-9.258491e-07	-0.019932
-9.238491e-07	-0.0200112
-9.218491e-07	-0.0199056
-9.198491e-07	-0.0198264
-9.178491e-07	-0.0197472
-9.158491e-07	-0.0197208
-9.138491e-07	-0.0196944
-9.118491e-07	-0.0197736
-9.098491e-07	-0.0197472
-9.078491e-07	-0.0197472
-9.058491e-07	-0.0194832
-9.038491e-07	-0.0193512
-9.018491e-07	-0.0190344
-8.998491e-07	-0.019008
-8.978491e-07	-0.0190872
-8.958491e-07	-0.0189024
-8.938491e-07	-0.0187176
-8.918491e-07	-0.0190608
-8.898491e-07	-0.0191136
-8.878491e-07	-0.0192984
-8.858491e-07	-0.0195888
-8.838491e-07	-0.019404
-8.818491e-07	-0.0190608
-8.798491e-07	-0.0191928
-8.778491e-07	-0.0193512
-8.758491e-07	-0.019404
-8.738491e-07	-0.0194832
-8.718491e-07	-0.0197208
-8.698491e-07	-0.0198264
-8.678491e-07	-0.0197208
-8.658491e-07	-0.019404
-8.638491e-07	-0.0196944
-8.618491e-07	-0.0194832
-8.598491e-07	-0.0194832
-8.578491e-07	-0.019536
-8.558491e-07	-0.0198264
-8.538491e-07	-0.0198792
-8.518491e-07	-0.020064
-8.498491e-07	-0.0199056
-8.478491e-07	-0.020064
-8.458491e-07	-0.0195624
-8.438491e-07	-0.0196152
-8.418491e-07	-0.0198
-8.398491e-07	-0.0196944
-8.378491e-07	-0.0198
-8.358491e-07	-0.0199584
-8.338491e-07	-0.0199056
-8.318491e-07	-0.0203016
-8.298491e-07	-0.0201432
-8.278491e-07	-0.0202224
-8.258491e-07	-0.0203544
-8.238491e-07	-0.0204864
-8.218491e-07	-0.0202752
-8.198491e-07	-0.0203016
-8.178491e-07	-0.0201696
-8.158491e-07	-0.02046
-8.138491e-07	-0.0205128
-8.118491e-07	-0.0204072
-8.098491e-07	-0.0200376
-8.078491e-07	-0.019932
-8.058491e-07	-0.0198792
-8.038491e-07	-0.0197208
-8.018491e-07	-0.01914
-7.998491e-07	-0.019008
-7.978491e-07	-0.018744
-7.958491e-07	-0.0185592
-7.938491e-07	-0.0178992
-7.918491e-07	-0.0174768
-7.898491e-07	-0.017028
-7.878491e-07	-0.0166056
-7.858491e-07	-0.0165264
-7.838491e-07	-0.0162624
-7.818491e-07	-0.0160776
-7.798491e-07	-0.015708
-7.778491e-07	-0.015312
-7.758491e-07	-0.0156024
-7.738491e-07	-0.0152328
-7.718491e-07	-0.01518
-7.698491e-07	-0.0148368
-7.678491e-07	-0.0149424
-7.658491e-07	-0.0148896
-7.638491e-07	-0.0147312
-7.618491e-07	-0.0146784
-7.598491e-07	-0.0148896
-7.578491e-07	-0.0147048
-7.558491e-07	-0.0147312
-7.538491e-07	-0.0145992
-7.518491e-07	-0.0146256
-7.498491e-07	-0.014784
-7.478491e-07	-0.015048
-7.458491e-07	-0.0149424
-7.438491e-07	-0.0152328
-7.418491e-07	-0.0154176
-7.398491e-07	-0.0154968
-7.378491e-07	-0.0158136
-7.358491e-07	-0.0160776
-7.338491e-07	-0.0159984
-7.318491e-07	-0.0162624
-7.298491e-07	-0.0161568
-7.278491e-07	-0.016368
-7.258491e-07	-0.0163944
-7.238491e-07	-0.0163944
-7.218491e-07	-0.016632
-7.198491e-07	-0.016632
-7.178491e-07	-0.0167112
-7.158491e-07	-0.0170544
-7.138491e-07	-0.0169752
-7.118491e-07	-0.0170808
-7.098491e-07	-0.0170544
-7.078491e-07	-0.0168696
-7.058491e-07	-0.0165792
-7.038491e-07	-0.0167904
-7.018491e-07	-0.0167904
-6.998491e-07	-0.0170808
-6.978491e-07	-0.0165528
-6.958491e-07	-0.016368
-6.938491e-07	-0.0162096
-6.918491e-07	-0.016104
-6.898491e-07	-0.0157608
-6.878491e-07	-0.0154704
-6.858491e-07	-0.01518
-6.838491e-07	-0.015048
-6.818491e-07	-0.0146256
-6.798491e-07	-0.0145728
-6.778491e-07	-0.014256
-6.758491e-07	-0.0141768
-6.738491e-07	-0.0140976
-6.718491e-07	-0.0137016
-6.698491e-07	-0.0137016
-6.678491e-07	-0.0138336
-6.658491e-07	-0.0139128
-6.638491e-07	-0.0140712
-6.618491e-07	-0.0138072
-6.598491e-07	-0.0138336
-6.578491e-07	-0.0138072
-6.558491e-07	-0.0140448
-6.538491e-07	-0.0140976
-6.518491e-07	-0.014256
-6.498491e-07	-0.0138864
-6.478491e-07	-0.0141504
-6.458491e-07	-0.014256
-6.438491e-07	-0.0143616
-6.418491e-07	-0.0142032
-6.398491e-07	-0.0143088
-6.378491e-07	-0.0144144
-6.358491e-07	-0.0142824
-6.338491e-07	-0.0140184
-6.318491e-07	-0.0140976
-6.298491e-07	-0.0138864
-6.278491e-07	-0.0131736
-6.258491e-07	-0.013068
-6.238491e-07	-0.0125928
-6.218491e-07	-0.0126984
-6.198491e-07	-0.012672
-6.178491e-07	-0.0125136
-6.158491e-07	-0.0124608
-6.138491e-07	-0.0120912
-6.118491e-07	-0.0120648
-6.098491e-07	-0.0119856
-6.078491e-07	-0.0121176
-6.058491e-07	-0.0124344
-6.038491e-07	-0.01254
-6.018491e-07	-0.0123552
-5.998491e-07	-0.0121968
-5.978491e-07	-0.0126456
-5.958491e-07	-0.0130944
-5.938491e-07	-0.0132264
-5.918491e-07	-0.0132792
-5.898491e-07	-0.0132792
-5.878491e-07	-0.0128832
-5.858491e-07	-0.012408
-5.838491e-07	-0.0125136
-5.818491e-07	-0.0125928
-5.798491e-07	-0.012804
-5.778491e-07	-0.012672
-5.758491e-07	-0.0127512
-5.738491e-07	-0.0127512
-5.718491e-07	-0.0128832
-5.698491e-07	-0.0129096
-5.678491e-07	-0.013068
-5.658491e-07	-0.0134112
-5.638491e-07	-0.0135696
-5.618491e-07	-0.0137544
-5.598491e-07	-0.0138336
-5.578491e-07	-0.0136752
-5.558491e-07	-0.013596
-5.538491e-07	-0.0135696
-5.518491e-07	-0.0138336
-5.498491e-07	-0.01386
-5.478491e-07	-0.014256
-5.458491e-07	-0.0138864
-5.438491e-07	-0.0141768
-5.418491e-07	-0.01452
-5.398491e-07	-0.0147048
-5.378491e-07	-0.0148368
-5.358491e-07	-0.0150216
-5.338491e-07	-0.0151536
-5.318491e-07	-0.0153912
-5.298491e-07	-0.0153648
-5.278491e-07	-0.0153912
-5.258491e-07	-0.0155496
-5.238491e-07	-0.015576
-5.218491e-07	-0.0151536
-5.198491e-07	-0.0152856
-5.178491e-07	-0.0151008
-5.158491e-07	-0.0151008
-5.138491e-07	-0.0155232
-5.118491e-07	-0.0153384
-5.098491e-07	-0.0152592
-5.078491e-07	-0.0151008
-5.058491e-07	-0.0150744
-5.038491e-07	-0.01518
-5.018491e-07	-0.015312
-4.998491e-07	-0.0152328
-4.978491e-07	-0.0151272
-4.958491e-07	-0.0150216
-4.938491e-07	-0.0149688
-4.918491e-07	-0.0149688
-4.898491e-07	-0.014652
-4.878491e-07	-0.01452
-4.858491e-07	-0.0143088
-4.838491e-07	-0.0143088
-4.818491e-07	-0.0144672
-4.798491e-07	-0.014124
-4.778491e-07	-0.0139128
-4.758491e-07	-0.0139392
-4.738491e-07	-0.0140184
-4.718491e-07	-0.0140448
-4.698491e-07	-0.0136224
-4.678491e-07	-0.0131472
-4.658491e-07	-0.0133848
-4.638491e-07	-0.0134904
-4.618491e-07	-0.0135696
-4.598491e-07	-0.0137544
-4.578491e-07	-0.014124
-4.558491e-07	-0.0142296
-4.538491e-07	-0.014124
-4.518491e-07	-0.0142296
-4.498491e-07	-0.0144408
-4.478491e-07	-0.0145728
-4.458491e-07	-0.0144936
-4.438491e-07	-0.014652
-4.418491e-07	-0.0145992
-4.398491e-07	-0.0145992
-4.378491e-07	-0.0148104
-4.358491e-07	-0.0148896
-4.338491e-07	-0.0147312
-4.318491e-07	-0.0149952
-4.298491e-07	-0.0146256
-4.278491e-07	-0.014652
-4.258491e-07	-0.014784
-4.238491e-07	-0.0147576
-4.218491e-07	-0.0152592
-4.198491e-07	-0.0154176
-4.178491e-07	-0.0153648
-4.158491e-07	-0.0151272
-4.138491e-07	-0.015312
-4.118491e-07	-0.015576
-4.098491e-07	-0.015576
-4.078491e-07	-0.0159984
-4.058491e-07	-0.0160512
-4.038491e-07	-0.0160248
-4.018491e-07	-0.0160248
-3.998491e-07	-0.016236
-3.978491e-07	-0.0165
-3.958491e-07	-0.0168168
-3.938491e-07	-0.0170016
-3.918491e-07	-0.0168432
-3.898491e-07	-0.0167904
-3.878491e-07	-0.0171072
-3.858491e-07	-0.016764
-3.838491e-07	-0.0167112
-3.818491e-07	-0.0163152
-3.798491e-07	-0.016236
-3.778491e-07	-0.0162624
-3.758491e-07	-0.0161568
-3.738491e-07	-0.0163152
-3.718491e-07	-0.0163944
-3.698491e-07	-0.0161832
-3.678491e-07	-0.016104
-3.658491e-07	-0.0157608
-3.638491e-07	-0.0153384
-3.618491e-07	-0.0153384
-3.598491e-07	-0.015312
-3.578491e-07	-0.0152592
-3.558491e-07	-0.015444
-3.538491e-07	-0.0154176
-3.518491e-07	-0.0155496
-3.498491e-07	-0.0156024
-3.478491e-07	-0.0156816
-3.458491e-07	-0.0156288
-3.438491e-07	-0.0154176
-3.418491e-07	-0.0156288
-3.398491e-07	-0.015972
-3.378491e-07	-0.0157344
-3.358491e-07	-0.0158928
-3.338491e-07	-0.0157344
-3.318491e-07	-0.015972
-3.298491e-07	-0.0158664
-3.278491e-07	-0.0159984
-3.258491e-07	-0.0161568
-3.238491e-07	-0.0165
-3.218491e-07	-0.0164736
-3.198491e-07	-0.0165792
-3.178491e-07	-0.0165792
-3.158491e-07	-0.0164736
-3.138491e-07	-0.0163416
-3.118491e-07	-0.0164208
-3.098491e-07	-0.0163152
-3.078491e-07	-0.0165
-3.058491e-07	-0.0163944
-3.038491e-07	-0.016632
-3.018491e-07	-0.0169752
-2.998491e-07	-0.0170016
-2.978491e-07	-0.0172128
-2.958491e-07	-0.0171336
-2.938491e-07	-0.0169224
-2.918491e-07	-0.0167904
-2.898491e-07	-0.0169488
-2.878491e-07	-0.0170544
-2.858491e-07	-0.017424
-2.838491e-07	-0.0175824
-2.818491e-07	-0.01782
-2.798491e-07	-0.0177144
-2.778491e-07	-0.0178464
-2.758491e-07	-0.0181104
-2.738491e-07	-0.017952
-2.718491e-07	-0.0181896
-2.698491e-07	-0.017952
-2.678491e-07	-0.0181104
-2.658491e-07	-0.0180048
-2.638491e-07	-0.0182688
-2.618491e-07	-0.0179784
-2.598491e-07	-0.0182952
-2.578491e-07	-0.018084
-2.558491e-07	-0.018084
-2.538491e-07	-0.0184272
-2.518491e-07	-0.0187176
-2.498491e-07	-0.0185592
-2.478491e-07	-0.0187704
-2.458491e-07	-0.018348
-2.438491e-07	-0.0189024
-2.418491e-07	-0.0189288
-2.398491e-07	-0.0189552
-2.378491e-07	-0.0193248
-2.358491e-07	-0.0195096
-2.338491e-07	-0.0195888
-2.318491e-07	-0.019404
-2.298491e-07	-0.0198
-2.278491e-07	-0.0194568
-2.258491e-07	-0.019272
-2.238491e-07	-0.0189288
-2.218491e-07	-0.0189288
-2.198491e-07	-0.0189288
-2.178491e-07	-0.0186648
-2.158491e-07	-0.0185064
-2.138491e-07	-0.01848
-2.118491e-07	-0.0184272
-2.098491e-07	-0.0180048
-2.078491e-07	-0.017556
-2.058491e-07	-0.0173184
-2.038491e-07	-0.0172656
-2.018491e-07	-0.0164472
-1.998491e-07	-0.0163416
-1.978491e-07	-0.0159456
-1.958491e-07	-0.0158136
-1.938491e-07	-0.0158136
-1.918491e-07	-0.0157608
-1.898491e-07	-0.0156816
-1.878491e-07	-0.0161568
-1.858491e-07	-0.0157872
-1.838491e-07	-0.01584
-1.818491e-07	-0.0159984
-1.798491e-07	-0.0161568
-1.778491e-07	-0.016104
-1.758491e-07	-0.0160512
-1.738491e-07	-0.0158664
-1.718491e-07	-0.0158664
-1.698491e-07	-0.016104
-1.678491e-07	-0.016104
-1.658491e-07	-0.016236
-1.638491e-07	-0.0163944
-1.618491e-07	-0.0163416
-1.598491e-07	-0.0166056
-1.578491e-07	-0.016764
-1.558491e-07	-0.0165
-1.538491e-07	-0.0163152
-1.518491e-07	-0.0163944
-1.498491e-07	-0.0165264
-1.478491e-07	-0.0168168
-1.458491e-07	-0.0166584
-1.438491e-07	-0.0165264
-1.418491e-07	-0.016632
-1.398491e-07	-0.0168432
-1.378491e-07	-0.0169488
-1.358491e-07	-0.0168168
-1.338491e-07	-0.0165528
-1.318491e-07	-0.016764
-1.298491e-07	-0.016896
-1.278491e-07	-0.0169752
-1.258491e-07	-0.0171336
-1.238491e-07	-0.0171336
-1.218491e-07	-0.0170544
-1.198491e-07	-0.0173976
-1.178491e-07	-0.017424
-1.158491e-07	-0.0174504
-1.138491e-07	-0.0175296
-1.118491e-07	-0.0175032
-1.098491e-07	-0.0172392
-1.078491e-07	-0.0178464
-1.058491e-07	-0.0177408
-1.038491e-07	-0.0176616
-1.018491e-07	-0.017292
-9.984909e-08	-0.0173712
-9.784909e-08	-0.01716
-9.584909e-08	-0.01716
-9.384909e-08	-0.0169488
-9.184909e-08	-0.0166056
-8.984909e-08	-0.0162624
-8.784909e-08	-0.0162888
-8.584909e-08	-0.0165792
-8.384909e-08	-0.0166848
-8.184909e-08	-0.0165264
-7.984909e-08	-0.016764
-7.784909e-08	-0.0169488
-7.584909e-08	-0.0170016
-7.384909e-08	-0.0172392
-7.184909e-08	-0.0176352
-6.984909e-08	-0.017556
-6.784909e-08	-0.017556
-6.584909e-08	-0.0173184
-6.384909e-08	-0.0174504
-6.184909e-08	-0.0176616
-5.984909e-08	-0.0177408
-5.784909e-08	-0.017688
-5.584909e-08	-0.01782
-5.384909e-08	-0.0182688
-5.184909e-08	-0.0183744
-4.984909e-08	-0.0182424
-4.784909e-08	-0.018216
-4.584909e-08	-0.018348
-4.384909e-08	-0.0184008
-4.184909e-08	-0.0180312
-3.984909e-08	-0.0178992
-3.784909e-08	-0.0180048
-3.584909e-08	-0.0178728
-3.384909e-08	-0.0175032
-3.184909e-08	-0.0175824
-2.984909e-08	-0.0178464
-2.784909e-08	-0.0176352
-2.584909e-08	-0.0174504
-2.384909e-08	-0.0173976
-2.184909e-08	-0.0176616
-1.984909e-08	-0.0177144
-1.784909e-08	-0.0177936
-1.584909e-08	-0.0178728
-1.384909e-08	-0.0180576
-1.184909e-08	-0.0180048
-9.849094e-09	-0.0177672
-7.849094e-09	-0.017556
-5.849094e-09	-0.0172128
-3.849094e-09	-0.01716
-1.849094e-09	-0.0171336
1.509057e-10	-0.0170808
2.150906e-09	-0.0170544
4.150906e-09	-0.01716
6.150906e-09	-0.0168432
8.150906e-09	-0.0169488
1.015091e-08	-0.01716
1.215091e-08	-0.0174504
1.415091e-08	-0.0175032
1.615091e-08	-0.0175296
1.815091e-08	-0.0174504
2.015091e-08	-0.0178992
2.215091e-08	-0.0180576
2.415091e-08	-0.01782
2.615091e-08	-0.0178728
2.815091e-08	-0.017952
3.015091e-08	-0.0177408
3.215091e-08	-0.0181368
3.415091e-08	-0.0181368
3.615091e-08	-0.0182424
3.815091e-08	-0.0179784
4.015091e-08	-0.0180576
4.215091e-08	-0.0181632
4.415091e-08	-0.0182424
4.615091e-08	-0.0184008
4.815091e-08	-0.0182688
5.015091e-08	-0.0186384
5.215091e-08	-0.0187176
5.415091e-08	-0.0187176
5.615091e-08	-0.0186912
5.815091e-08	-0.0188496
6.015091e-08	-0.0185856
6.215091e-08	-0.0188232
6.415091e-08	-0.0186384
6.615091e-08	-0.0188232
6.815091e-08	-0.019008
7.015091e-08	-0.0189024
7.215091e-08	-0.0192456
7.415091e-08	-0.0193776
7.615091e-08	-0.0190872
7.815091e-08	-0.018876
8.015091e-08	-0.01848
8.215091e-08	-0.0185592
8.415091e-08	-0.0185856
8.615091e-08	-0.01848
8.815091e-08	-0.0184536
9.015091e-08	-0.0182424
9.215091e-08	-0.0181896
9.415091e-08	-0.0179256
9.615091e-08	-0.0175296
9.815091e-08	-0.0175032
1.001509e-07	-0.0177936
1.021509e-07	-0.0178992
1.041509e-07	-0.0177672
1.061509e-07	-0.0176616
1.081509e-07	-0.0176352
1.101509e-07	-0.017556
1.121509e-07	-0.0173976
1.141509e-07	-0.0173976
1.161509e-07	-0.0173976
1.181509e-07	-0.0173184
1.201509e-07	-0.01716
1.221509e-07	-0.0171336
1.241509e-07	-0.017424
1.261509e-07	-0.0173712
1.281509e-07	-0.0173712
1.301509e-07	-0.017028
1.321509e-07	-0.0166584
1.341509e-07	-0.0163152
1.361509e-07	-0.0152856
1.381509e-07	-0.0135168
1.401509e-07	-0.0104544
1.421509e-07	-0.0067584
1.441509e-07	-0.002904
1.461509e-07	0.0012408
1.481509e-07	0.004752
1.501509e-07	0.008316
1.521509e-07	0.0115104
1.541509e-07	0.0142296
1.561509e-07	0.0165792
1.581509e-07	0.019536
1.601509e-07	0.0220968
1.621509e-07	0.0244728
1.641509e-07	0.0264528
1.661509e-07	0.0280368
1.681509e-07	0.0292248
1.701509e-07	0.0307824
1.721509e-07	0.0316008
1.741509e-07	0.0325512
1.761509e-07	0.0331584
1.781509e-07	0.0336864
1.801509e-07	0.0338976
1.821509e-07	0.034188
1.841509e-07	0.0342144
1.861509e-07	0.0340296
1.881509e-07	0.0342144
1.901509e-07	0.034056
1.921509e-07	0.03366
1.941509e-07	0.0335016
1.961509e-07	0.0329472
1.981509e-07	0.0325512
2.001509e-07	0.03168
2.021509e-07	0.0314952
2.041509e-07	0.0310992
2.061509e-07	0.0303864
2.081509e-07	0.029304
2.101509e-07	0.0290928
2.121509e-07	0.0284328
2.141509e-07	0.0278256
2.161509e-07	0.0267432
2.181509e-07	0.0259248
2.201509e-07	0.025212
2.221509e-07	0.0243408
2.241509e-07	0.0234168
2.261509e-07	0.0227832
2.281509e-07	0.02178
2.301509e-07	0.0213576
2.321509e-07	0.0205128
2.341509e-07	0.0193776
2.361509e-07	0.0184272
2.381509e-07	0.0173712
2.401509e-07	0.0164736
2.421509e-07	0.0154704
2.441509e-07	0.0144672
2.461509e-07	0.0136752
2.481509e-07	0.0127776
2.501509e-07	0.0122232
2.521509e-07	0.011484
2.541509e-07	0.0111672
2.561509e-07	0.0106656
2.581509e-07	0.0100584
2.601509e-07	0.0090552
2.621509e-07	0.0086592
2.641509e-07	0.008052
2.661509e-07	0.0079464
2.681509e-07	0.007524
2.701509e-07	0.0067848
2.721509e-07	0.0060984
2.741509e-07	0.0058344
2.761509e-07	0.0052008
2.781509e-07	0.0045936
2.801509e-07	0.0041448
2.821509e-07	0.0037488
2.841509e-07	0.002904
2.861509e-07	0.0023496
2.881509e-07	0.0020064
2.901509e-07	0.0017952
2.921509e-07	0.00132
2.941509e-07	0.0012672
2.961509e-07	0.0011352
2.981509e-07	0.0008976
3.001509e-07	0.0001056
3.021509e-07	0.0002904
3.041509e-07	0.000132
3.061509e-07	2.64e-05
3.081509e-07	-0.0003696
3.101509e-07	-0.000396
3.121509e-07	-0.001056
3.141509e-07	-0.0009768
3.161509e-07	-0.0015048
3.181509e-07	-0.0015312
3.201509e-07	-0.0019272
3.221509e-07	-0.002112
3.241509e-07	-0.0028512
3.261509e-07	-0.0032208
3.281509e-07	-0.0030888
3.301509e-07	-0.0033264
3.321509e-07	-0.0039336
3.341509e-07	-0.0043296
3.361509e-07	-0.0042504
3.381509e-07	-0.004224
3.401509e-07	-0.004488
3.421509e-07	-0.0046992
3.441509e-07	-0.0050688
3.461509e-07	-0.0052008
3.481509e-07	-0.0055968
3.501509e-07	-0.0055176
3.521509e-07	-0.0054912
3.541509e-07	-0.005544
3.561509e-07	-0.0056496
3.581509e-07	-0.0057552
3.601509e-07	-0.0061776
3.621509e-07	-0.0064152
3.641509e-07	-0.0070488
3.661509e-07	-0.0071544
3.681509e-07	-0.0071016
3.701509e-07	-0.0071016
3.721509e-07	-0.0071808
3.741509e-07	-0.0076296
3.761509e-07	-0.0079464
3.781509e-07	-0.0078408
3.801509e-07	-0.008316
3.821509e-07	-0.0085272
3.841509e-07	-0.0091872
3.861509e-07	-0.009372
3.881509e-07	-0.0098208
3.901509e-07	-0.0102696
3.921509e-07	-0.0105336
3.941509e-07	-0.0103224
3.961509e-07	-0.0104544
3.981509e-07	-0.0104808
4.001509e-07	-0.0106392
4.021509e-07	-0.0110352
4.041509e-07	-0.0114312
4.061509e-07	-0.0115104
4.081509e-07	-0.0117216
4.101509e-07	-0.0119592
4.121509e-07	-0.012144
4.141509e-07	-0.0120648
4.161509e-07	-0.0126456
4.181509e-07	-0.0129888
4.201509e-07	-0.0131208
4.221509e-07	-0.0134376
4.241509e-07	-0.0135432
4.261509e-07	-0.0139128
4.281509e-07	-0.0139656
4.301509e-07	-0.0138864
4.321509e-07	-0.0141768
4.341509e-07	-0.0142296
4.361509e-07	-0.01452
4.381509e-07	-0.0145464
4.401509e-07	-0.0151008
4.421509e-07	-0.0154176
4.441509e-07	-0.0157344
4.461509e-07	-0.0156288
4.481509e-07	-0.0159192
4.501509e-07	-0.0160512
4.521509e-07	-0.0163152
4.541509e-07	-0.0165264
4.561509e-07	-0.0166584
4.581509e-07	-0.0166848
4.601509e-07	-0.0168168
4.621509e-07	-0.0168432
4.641509e-07	-0.0171336
4.661509e-07	-0.0172392
4.681509e-07	-0.017028
4.701509e-07	-0.0165528
4.721509e-07	-0.0165528
4.741509e-07	-0.0163944
4.761509e-07	-0.0164736
4.781509e-07	-0.0166584
4.801509e-07	-0.0170016
4.821509e-07	-0.0169224
4.841509e-07	-0.0169752
4.861509e-07	-0.016896
4.881509e-07	-0.0169224
4.901509e-07	-0.0169488
4.921509e-07	-0.0170808
4.941509e-07	-0.0176088
4.961509e-07	-0.0176352
4.981509e-07	-0.01716
5.001509e-07	-0.0172128
5.021509e-07	-0.017688
5.041509e-07	-0.0180576
5.061509e-07	-0.0178728
5.081509e-07	-0.0178728
5.101509e-07	-0.0180312
5.121509e-07	-0.0182688
5.141509e-07	-0.018084
5.161509e-07	-0.0180312
5.181509e-07	-0.0177408
5.201509e-07	-0.0183216
5.221509e-07	-0.0187704
5.241509e-07	-0.018876
5.261509e-07	-0.0184272
5.281509e-07	-0.0186384
5.301509e-07	-0.0186648
5.321509e-07	-0.0187968
5.341509e-07	-0.0182424
5.361509e-07	-0.0181368
5.381509e-07	-0.0184536
5.401509e-07	-0.0187704
5.421509e-07	-0.018876
5.441509e-07	-0.0190344
5.461509e-07	-0.0191928
5.481509e-07	-0.0191928
5.501509e-07	-0.0191928
5.521509e-07	-0.01914
5.541509e-07	-0.0190608
5.561509e-07	-0.0191928
5.581509e-07	-0.0190344
5.601509e-07	-0.0188496
5.621509e-07	-0.0188496
5.641509e-07	-0.0189552
5.661509e-07	-0.018612
5.681509e-07	-0.0185064
5.701509e-07	-0.018612
5.721509e-07	-0.0184272
5.741509e-07	-0.018216
5.761509e-07	-0.0182424
5.781509e-07	-0.018084
5.801509e-07	-0.0184536
5.821509e-07	-0.018348
5.841509e-07	-0.0185064
5.861509e-07	-0.0184536
5.881509e-07	-0.0182688
5.901509e-07	-0.0181896
5.921509e-07	-0.017952
5.941509e-07	-0.0178728
5.961509e-07	-0.0182952
5.981509e-07	-0.0179784
6.001509e-07	-0.0176352
6.021509e-07	-0.0177936
6.041509e-07	-0.0179256
6.061509e-07	-0.017688
6.081509e-07	-0.0177672
6.101509e-07	-0.0175032
6.121509e-07	-0.0176088
6.141509e-07	-0.017292
6.161509e-07	-0.0172656
6.181509e-07	-0.0172656
6.201509e-07	-0.0175032
6.221509e-07	-0.0176616
6.241509e-07	-0.0177936
6.261509e-07	-0.0180312
6.281509e-07	-0.017952
6.301509e-07	-0.017952
6.321509e-07	-0.017952
6.341509e-07	-0.0176616
6.361509e-07	-0.0176088
6.381509e-07	-0.0176616
6.401509e-07	-0.0175296
6.421509e-07	-0.0172392
6.441509e-07	-0.0178992
6.461509e-07	-0.01782
6.481509e-07	-0.017952
6.501509e-07	-0.0178728
6.521509e-07	-0.0180048
6.541509e-07	-0.0181368
6.561509e-07	-0.0179784
6.581509e-07	-0.0177408
6.601509e-07	-0.0180576
6.621509e-07	-0.0178728
6.641509e-07	-0.0178992
6.661509e-07	-0.0181632
6.681509e-07	-0.0182688
6.701509e-07	-0.0187176
6.721509e-07	-0.0192984
6.741509e-07	-0.0192984
6.761509e-07	-0.0192456
6.781509e-07	-0.0188496
6.801509e-07	-0.019008
6.821509e-07	-0.0192192
6.841509e-07	-0.0189552
6.861509e-07	-0.0185328
6.881509e-07	-0.018216
6.901509e-07	-0.0182952
6.921509e-07	-0.0184272
6.941509e-07	-0.01782
6.961509e-07	-0.0179256
6.981509e-07	-0.0177144
7.001509e-07	-0.0179256
7.021509e-07	-0.0176088
7.041509e-07	-0.0173976
7.061509e-07	-0.0172392
7.081509e-07	-0.0175296
7.101509e-07	-0.0173712
7.121509e-07	-0.0172392
7.141509e-07	-0.0172656
7.161509e-07	-0.0176088
7.181509e-07	-0.0177144
7.201509e-07	-0.017688
7.221509e-07	-0.01782
7.241509e-07	-0.0177144
7.261509e-07	-0.0175296
7.281509e-07	-0.0172656
7.301509e-07	-0.0174768
7.321509e-07	-0.0175824
7.341509e-07	-0.017424
7.361509e-07	-0.0178464
7.381509e-07	-0.017952
7.401509e-07	-0.0181896
7.421509e-07	-0.0180312
7.441509e-07	-0.017952
7.461509e-07	-0.0182688
7.481509e-07	-0.0183216
7.501509e-07	-0.0181104
7.521509e-07	-0.0181368
7.541509e-07	-0.0182688
7.561509e-07	-0.0185592
7.581509e-07	-0.0181896
7.601509e-07	-0.0183744
7.621509e-07	-0.0182688
7.641509e-07	-0.0178464
7.661509e-07	-0.0179784
7.681509e-07	-0.0179256
7.701509e-07	-0.0178464
7.721509e-07	-0.0178464
7.741509e-07	-0.017688
7.761509e-07	-0.0172656
7.781509e-07	-0.0173184
7.801509e-07	-0.017028
7.821509e-07	-0.017028
7.841509e-07	-0.0172128
7.861509e-07	-0.0170808
7.881509e-07	-0.0173712
7.901509e-07	-0.0171864
7.921509e-07	-0.0175296
7.941509e-07	-0.0174768
7.961509e-07	-0.0177408
7.981509e-07	-0.0173184
8.001509e-07	-0.0172128
8.021509e-07	-0.0166056
8.041509e-07	-0.0167376
8.061509e-07	-0.016632
8.081509e-07	-0.0162096
8.101509e-07	-0.0157608
8.121509e-07	-0.015708
8.141509e-07	-0.0156816
8.161509e-07	-0.01584
8.181509e-07	-0.0154704
8.201509e-07	-0.0155496
8.221509e-07	-0.0153384
8.241509e-07	-0.0157344
8.261509e-07	-0.0155496
8.281509e-07	-0.0152856
8.301509e-07	-0.0150216
8.321509e-07	-0.0148104
8.341509e-07	-0.0145728
8.361509e-07	-0.0148104
8.381509e-07	-0.0147576
8.401509e-07	-0.0150216
8.421509e-07	-0.0145992
8.441509e-07	-0.014652
8.461509e-07	-0.0147312
8.481509e-07	-0.0144672
8.501509e-07	-0.0142824
8.521509e-07	-0.01386
8.541509e-07	-0.0133848
8.561509e-07	-0.0134376
8.581509e-07	-0.013332
8.601509e-07	-0.0128568
8.621509e-07	-0.0129888
8.641509e-07	-0.012936
8.661509e-07	-0.0126192
8.681509e-07	-0.01254
8.701509e-07	-0.0124344
8.721509e-07	-0.0123552
8.741509e-07	-0.012144
8.761509e-07	-0.01188
8.781509e-07	-0.0115632
8.801509e-07	-0.0115632
8.821509e-07	-0.0116688
8.841509e-07	-0.011748
8.861509e-07	-0.011748
8.881509e-07	-0.0119064
8.901509e-07	-0.0122496
8.921509e-07	-0.0127248
8.941509e-07	-0.0125664
8.961509e-07	-0.0129096
8.981509e-07	-0.0126984
9.001509e-07	-0.0129096
9.021509e-07	-0.012936
9.041509e-07	-0.0127512
9.061509e-07	-0.0127512
9.081509e-07	-0.012936
9.101509e-07	-0.0130152
9.121509e-07	-0.0130944
9.141509e-07	-0.0134904
9.161509e-07	-0.0135696
9.181509e-07	-0.0136224
9.201509e-07	-0.0138072
9.221509e-07	-0.0141504
9.241509e-07	-0.0144408
9.261509e-07	-0.0143088
9.281509e-07	-0.0143616
9.301509e-07	-0.01452
9.321509e-07	-0.0145992
9.341509e-07	-0.0142824
9.361509e-07	-0.0144672
9.381509e-07	-0.0145992
9.401509e-07	-0.0147312
9.421509e-07	-0.0145992
9.441509e-07	-0.0142824
9.461509e-07	-0.0147048
9.481509e-07	-0.0151008
9.501509e-07	-0.0151008
9.521509e-07	-0.0151536
9.541509e-07	-0.015312
9.561509e-07	-0.0153648
9.581509e-07	-0.0154704
9.601509e-07	-0.0156552
9.621509e-07	-0.0162096
9.641509e-07	-0.016104
9.661509e-07	-0.0162624
9.681509e-07	-0.0166848
9.701509e-07	-0.0167904
9.721509e-07	-0.0170808
9.741509e-07	-0.0168168
9.761509e-07	-0.0168168
9.781509e-07	-0.0168696
9.801509e-07	-0.0169488
9.821509e-07	-0.0169488
9.841509e-07	-0.017028
9.861509e-07	-0.0172128
9.881509e-07	-0.0175824
9.901509e-07	-0.0173448
9.921509e-07	-0.017556
9.941509e-07	-0.017952
9.961509e-07	-0.0178464
9.981509e-07	-0.0178728
1.000151e-06	-0.0180048
1.002151e-06	-0.0181896
1.004151e-06	-0.0183744
1.006151e-06	-0.01848
1.008151e-06	-0.0187176
1.010151e-06	-0.0188496
1.012151e-06	-0.0193248
1.014151e-06	-0.0194304
1.016151e-06	-0.0193512
1.018151e-06	-0.0197208
1.020151e-06	-0.0195624
1.022151e-06	-0.0197208
1.024151e-06	-0.0198528
1.026151e-06	-0.0201432
1.028151e-06	-0.020196
1.030151e-06	-0.02046
1.032151e-06	-0.0207504
1.034151e-06	-0.0206448
1.036151e-06	-0.0206448
1.038151e-06	-0.0206976
1.040151e-06	-0.0206184
1.042151e-06	-0.02046
1.044151e-06	-0.0201696
1.046151e-06	-0.0197208
1.048151e-06	-0.0195888
1.050151e-06	-0.0192456
1.052151e-06	-0.0189552
1.054151e-06	-0.0185856
1.056151e-06	-0.01848
1.058151e-06	-0.0181368
1.060151e-06	-0.0178992
1.062151e-06	-0.017292
1.064151e-06	-0.017292
1.066151e-06	-0.0165792
1.068151e-06	-0.016104
1.070151e-06	-0.0155496
1.072151e-06	-0.0147312
1.074151e-06	-0.0144408
1.076151e-06	-0.01386
1.078151e-06	-0.013728
1.080151e-06	-0.0136752
1.082151e-06	-0.013464
1.084151e-06	-0.0134376
1.086151e-06	-0.0131208
1.088151e-06	-0.0132264
1.090151e-06	-0.0129624
1.092151e-06	-0.0124608
1.094151e-06	-0.0121176
1.096151e-06	-0.0121704
1.098151e-06	-0.0120912
1.100151e-06	-0.012144
1.102151e-06	-0.0121704
1.104151e-06	-0.0122232
1.106151e-06	-0.012012
1.108151e-06	-0.0120384
1.110151e-06	-0.012144
1.112151e-06	-0.0125664
1.114151e-06	-0.0127776
1.116151e-06	-0.0131736
1.118151e-06	-0.0128832
1.120151e-06	-0.0127248
1.122151e-06	-0.0126984
1.124151e-06	-0.0126192
1.126151e-06	-0.0127776
1.128151e-06	-0.0126192
1.130151e-06	-0.0125928
1.132151e-06	-0.0129096
1.134151e-06	-0.0129096
1.136151e-06	-0.012672
1.138151e-06	-0.0125664
1.140151e-06	-0.012936
1.142151e-06	-0.0129888
1.144151e-06	-0.0128568
1.146151e-06	-0.0128832
1.148151e-06	-0.0126192
1.150151e-06	-0.0126984
1.152151e-06	-0.0128832
1.154151e-06	-0.0128832
1.156151e-06	-0.0127512
1.158151e-06	-0.0128568
1.160151e-06	-0.0130416
1.162151e-06	-0.0129888
1.164151e-06	-0.0130152
1.166151e-06	-0.012672
1.168151e-06	-0.0128304
1.170151e-06	-0.0126192
1.172151e-06	-0.0126984
1.174151e-06	-0.0124608
1.176151e-06	-0.0125664
1.178151e-06	-0.0124344
1.180151e-06	-0.0125136
1.182151e-06	-0.0124872
1.184151e-06	-0.0126984
1.186151e-06	-0.0130152
1.188151e-06	-0.0128304
1.190151e-06	-0.0126456
1.192151e-06	-0.01254
1.194151e-06	-0.0123816
1.196151e-06	-0.01254
1.198151e-06	-0.0124608
1.200151e-06	-0.0127512
1.202151e-06	-0.0127248
1.204151e-06	-0.0129888
1.206151e-06	-0.0130152
1.208151e-06	-0.0132
1.210151e-06	-0.0130944
1.212151e-06	-0.013068
1.214151e-06	-0.0133056
1.216151e-06	-0.0134376
1.218151e-06	-0.0134112
1.220151e-06	-0.0137016
1.222151e-06	-0.0136488
1.224151e-06	-0.0135432
1.226151e-06	-0.0142296
1.228151e-06	-0.014256
1.230151e-06	-0.014124
1.232151e-06	-0.01386
1.234151e-06	-0.0140712
1.236151e-06	-0.0140712
1.238151e-06	-0.0138864
1.240151e-06	-0.0141504
1.242151e-06	-0.0144408
1.244151e-06	-0.0141768
1.246151e-06	-0.0140712
1.248151e-06	-0.013992
1.250151e-06	-0.0141768
1.252151e-06	-0.0146784
1.254151e-06	-0.0147576
1.256151e-06	-0.0149952
1.258151e-06	-0.01518
1.260151e-06	-0.0152856
1.262151e-06	-0.0152592
1.264151e-06	-0.01584
1.266151e-06	-0.0162096
1.268151e-06	-0.0165
1.270151e-06	-0.0164736
1.272151e-06	-0.0165792
1.274151e-06	-0.0170016
1.276151e-06	-0.01716
1.278151e-06	-0.0170544
1.280151e-06	-0.0170544
1.282151e-06	-0.0170808
1.284151e-06	-0.0171336
1.286151e-06	-0.0174504
1.288151e-06	-0.0173712
1.290151e-06	-0.0172392
1.292151e-06	-0.017292
1.294151e-06	-0.017292
1.296151e-06	-0.017556
1.298151e-06	-0.0178992
1.300151e-06	-0.0176352
1.302151e-06	-0.0175032
1.304151e-06	-0.0172656
1.306151e-06	-0.0172656
1.308151e-06	-0.017556
1.310151e-06	-0.0175824
1.312151e-06	-0.0175296
1.314151e-06	-0.017688
1.316151e-06	-0.0179256
1.318151e-06	-0.0177408
1.320151e-06	-0.017556
1.322151e-06	-0.017292
1.324151e-06	-0.0171336
1.326151e-06	-0.0169224
1.328151e-06	-0.016764
1.330151e-06	-0.0165
1.332151e-06	-0.0166584
1.334151e-06	-0.016368
1.336151e-06	-0.0167112
1.338151e-06	-0.017028
1.340151e-06	-0.0168168
1.342151e-06	-0.0166584
1.344151e-06	-0.0167376
1.346151e-06	-0.0167376
1.348151e-06	-0.0171336
1.350151e-06	-0.0171864
1.352151e-06	-0.0171072
1.354151e-06	-0.0172128
1.356151e-06	-0.0176352
1.358151e-06	-0.0173976
1.360151e-06	-0.0173448
1.362151e-06	-0.0170808
1.364151e-06	-0.017028
1.366151e-06	-0.0168432
1.368151e-06	-0.0169488
1.370151e-06	-0.0170016
1.372151e-06	-0.0169488
1.374151e-06	-0.0164736
1.376151e-06	-0.0165792
1.378151e-06	-0.0164736
1.380151e-06	-0.0166848
1.382151e-06	-0.0167112
1.384151e-06	-0.0166848
1.386151e-06	-0.0167112
1.388151e-06	-0.0169488
1.390151e-06	-0.0171072
1.392151e-06	-0.0171336
1.394151e-06	-0.0171336
1.396151e-06	-0.0170016
1.398151e-06	-0.016896
1.400151e-06	-0.017028
1.402151e-06	-0.0168696
1.404151e-06	-0.0166584
1.406151e-06	-0.0165264
1.408151e-06	-0.0166848
1.410151e-06	-0.0164472
1.412151e-06	-0.0162888
1.414151e-06	-0.0162096
1.416151e-06	-0.0161832
1.418151e-06	-0.0161568
1.420151e-06	-0.0161832
1.422151e-06	-0.015972
1.424151e-06	-0.016104
1.426151e-06	-0.0158136
1.428151e-06	-0.0156552
1.430151e-06	-0.0158664
1.432151e-06	-0.016236
1.434151e-06	-0.0163944
1.436151e-06	-0.0162888
1.438151e-06	-0.015972
1.440151e-06	-0.0159984
1.442151e-06	-0.0159456
1.444151e-06	-0.0162888
1.446151e-06	-0.0161568
1.448151e-06	-0.0165
1.450151e-06	-0.0165528
1.452151e-06	-0.016368
1.454151e-06	-0.0160248
1.456151e-06	-0.0158928
1.458151e-06	-0.0158928
1.460151e-06	-0.0160776
1.462151e-06	-0.0156024
1.464151e-06	-0.0154176
1.466151e-06	-0.0154176
1.468151e-06	-0.0154968
1.470151e-06	-0.0159192
1.472151e-06	-0.015708
1.474151e-06	-0.0153648
1.476151e-06	-0.0154704
1.478151e-06	-0.015312
1.480151e-06	-0.0154176
1.482151e-06	-0.0150744
1.484151e-06	-0.0147312
1.486151e-06	-0.0147312
1.488151e-06	-0.0147576
1.490151e-06	-0.0148368
1.492151e-06	-0.01452
1.494151e-06	-0.0143088
1.496151e-06	-0.0140712
1.498151e-06	-0.0140712
1.500151e-06	-0.0139128
1.502151e-06	-0.0136488
1.504151e-06	-0.0134376
1.506151e-06	-0.0133584
1.508151e-06	-0.0133056
1.510151e-06	-0.0132
1.512151e-06	-0.013068
1.514151e-06	-0.012936
1.516151e-06	-0.0125664
1.518151e-06	-0.0123288
1.520151e-06	-0.0127248
1.522151e-06	-0.0126456
1.524151e-06	-0.0124608
1.526151e-06	-0.0123288
1.528151e-06	-0.0123288
1.530151e-06	-0.012672
1.532151e-06	-0.0128304
1.534151e-06	-0.0130416
1.536151e-06	-0.0128832
1.538151e-06	-0.0128304
1.540151e-06	-0.0129624
1.542151e-06	-0.0128832
1.544151e-06	-0.0130944
1.546151e-06	-0.0131208
1.548151e-06	-0.013332
1.550151e-06	-0.0133848
1.552151e-06	-0.01386
1.554151e-06	-0.0139128
1.556151e-06	-0.0143088
1.558151e-06	-0.01452
1.560151e-06	-0.0151536
1.562151e-06	-0.0152856
1.564151e-06	-0.0154176
1.566151e-06	-0.0157344
1.568151e-06	-0.0159192
1.570151e-06	-0.0165
1.572151e-06	-0.0165528
1.574151e-06	-0.0169488
1.576151e-06	-0.0172128
1.578151e-06	-0.017424
1.580151e-06	-0.0178728
1.582151e-06	-0.0179256
1.584151e-06	-0.0181632
1.586151e-06	-0.0186384
1.588151e-06	-0.0189816
1.590151e-06	-0.0192192
1.592151e-06	-0.0194832
1.594151e-06	-0.0196944
1.596151e-06	-0.0192984
1.598151e-06	-0.0194568
1.600151e-06	-0.019668
1.602151e-06	-0.0201432
1.604151e-06	-0.0201168
1.606151e-06	-0.0201696
1.608151e-06	-0.0203544
1.610151e-06	-0.0205392
1.612151e-06	-0.020328
1.614151e-06	-0.0202488
1.616151e-06	-0.0201432
1.618151e-06	-0.0204072
1.620151e-06	-0.0205128
1.622151e-06	-0.0205128
1.624151e-06	-0.0204072
1.626151e-06	-0.0206712
1.628151e-06	-0.0207504
1.630151e-06	-0.0206448
1.632151e-06	-0.0205392
1.634151e-06	-0.02046
1.636151e-06	-0.0200376
1.638151e-06	-0.0195888
1.640151e-06	-0.019404
1.642151e-06	-0.0194304
1.644151e-06	-0.0192192
1.646151e-06	-0.0190344
1.648151e-06	-0.01914
1.650151e-06	-0.019008
1.652151e-06	-0.0185328
1.654151e-06	-0.0181632
1.656151e-06	-0.018084
1.658151e-06	-0.0184272
1.660151e-06	-0.0186648
1.662151e-06	-0.018348
1.664151e-06	-0.0181896
1.666151e-06	-0.018084
1.668151e-06	-0.0179256
1.670151e-06	-0.0177408
1.672151e-06	-0.0177936
1.674151e-06	-0.0178992
1.676151e-06	-0.0177408
1.678151e-06	-0.0178992
1.680151e-06	-0.0177144
1.682151e-06	-0.0177408
1.684151e-06	-0.01782
1.686151e-06	-0.01782
1.688151e-06	-0.017952
1.690151e-06	-0.0179784
1.692151e-06	-0.0182688
1.694151e-06	-0.018348
1.696151e-06	-0.0185592
1.698151e-06	-0.0187704
1.700151e-06	-0.0189288
1.702151e-06	-0.0191664
1.704151e-06	-0.0191928
1.706151e-06	-0.0189816
1.708151e-06	-0.01914
1.710151e-06	-0.0189552
1.712151e-06	-0.0191136
1.714151e-06	-0.0190872
1.716151e-06	-0.0194304
1.718151e-06	-0.0193776
1.720151e-06	-0.019404
1.722151e-06	-0.0195888
1.724151e-06	-0.0198792
1.726151e-06	-0.0199056
1.728151e-06	-0.0198264
1.730151e-06	-0.0200112
1.732151e-06	-0.0199848
1.734151e-06	-0.0200112
1.736151e-06	-0.0201432
1.738151e-06	-0.0202752
1.740151e-06	-0.0205128
1.742151e-06	-0.0207504
1.744151e-06	-0.020856
1.746151e-06	-0.0210408
1.748151e-06	-0.0210936
1.750151e-06	-0.020988
1.752151e-06	-0.0210408
1.754151e-06	-0.0209088
1.756151e-06	-0.02112
1.758151e-06	-0.0214104
1.760151e-06	-0.021384
1.762151e-06	-0.021516
1.764151e-06	-0.0216216
1.766151e-06	-0.0213576
1.768151e-06	-0.0214104
1.770151e-06	-0.0211728
1.772151e-06	-0.0212784
1.774151e-06	-0.021384
1.776151e-06	-0.0216216
1.778151e-06	-0.0219384
1.780151e-06	-0.0221232
1.782151e-06	-0.02244
1.784151e-06	-0.0223608
1.786151e-06	-0.0224664
1.788151e-06	-0.022704
1.790151e-06	-0.022308
1.792151e-06	-0.0225192
1.794151e-06	-0.0227304
1.796151e-06	-0.0230472
1.798151e-06	-0.0232056
1.800151e-06	-0.023364
1.802151e-06	-0.023364
1.804151e-06	-0.0234432
1.806151e-06	-0.0234696
1.808151e-06	-0.0233112
1.810151e-06	-0.0235488
1.812151e-06	-0.0237336
1.814151e-06	-0.0238392
1.816151e-06	-0.023892
1.818151e-06	-0.0237072
1.820151e-06	-0.0238392
1.822151e-06	-0.0237072
1.824151e-06	-0.02376
1.826151e-06	-0.0236016
1.828151e-06	-0.0236544
1.830151e-06	-0.0232584
1.832151e-06	-0.0230208
1.834151e-06	-0.0230208
1.836151e-06	-0.0230736
1.838151e-06	-0.0228096
1.840151e-06	-0.0222552
1.842151e-06	-0.0222816
1.844151e-06	-0.0222024
1.846151e-06	-0.0217272
1.848151e-06	-0.0216216
1.850151e-06	-0.0215424
1.852151e-06	-0.0213312
1.854151e-06	-0.0208296
1.856151e-06	-0.0206184
1.858151e-06	-0.0205392
1.860151e-06	-0.0205392
1.862151e-06	-0.0207768
1.864151e-06	-0.0203808
1.866151e-06	-0.0198264
1.868151e-06	-0.0192984
1.870151e-06	-0.0189288
1.872151e-06	-0.0189552
1.874151e-06	-0.0186648
1.876151e-06	-0.0186648
1.878151e-06	-0.018216
1.880151e-06	-0.0181632
1.882151e-06	-0.0181368
1.884151e-06	-0.017952
1.886151e-06	-0.0180048
1.888151e-06	-0.0181104
1.890151e-06	-0.0182952
1.892151e-06	-0.0182952
1.894151e-06	-0.0182424
1.896151e-06	-0.0181632
1.898151e-06	-0.0181104
1.900151e-06	-0.018348
1.902151e-06	-0.0183216
1.904151e-06	-0.0182424
1.906151e-06	-0.0183216
1.908151e-06	-0.0181104
1.910151e-06	-0.0184008
1.912151e-06	-0.0183216
1.914151e-06	-0.0183216
1.916151e-06	-0.0187704
1.918151e-06	-0.0191136
1.920151e-06	-0.0191928
1.922151e-06	-0.0193512
1.924151e-06	-0.0192984
1.926151e-06	-0.0192456
1.928151e-06	-0.019272
1.930151e-06	-0.0192984
1.932151e-06	-0.019536
1.934151e-06	-0.0193512
1.936151e-06	-0.0194304
1.938151e-06	-0.019668
1.940151e-06	-0.0195624
1.942151e-06	-0.0195624
1.944151e-06	-0.0195888
1.946151e-06	-0.019932
1.948151e-06	-0.0197208
1.950151e-06	-0.019932
1.952151e-06	-0.0201168
1.954151e-06	-0.0202488
1.956151e-06	-0.0203016
1.958151e-06	-0.0204864
1.960151e-06	-0.0205128
1.962151e-06	-0.0208032
1.964151e-06	-0.02112
1.966151e-06	-0.0212256
1.968151e-06	-0.0215424
1.970151e-06	-0.021252
1.972151e-06	-0.0211464
1.974151e-06	-0.020856
1.976151e-06	-0.0206712
1.978151e-06	-0.0205392
1.980151e-06	-0.020328
1.982151e-06	-0.0198528
1.984151e-06	-0.0198528
1.986151e-06	-0.0197472
1.988151e-06	-0.019668
1.990151e-06	-0.0196152
1.992151e-06	-0.0195624
1.994151e-06	-0.0193512
1.996151e-06	-0.019008
1.998151e-06	-0.0193248
2.000151e-06	-0.0194304
2.002151e-06	-0.0192984
2.004151e-06	-0.0193512
2.006151e-06	-0.0193512
2.008151e-06	-0.0196152
2.010151e-06	-0.019404
2.012151e-06	-0.0196944
2.014151e-06	-0.0194832
2.016151e-06	-0.0194568
2.018151e-06	-0.0192192
2.020151e-06	-0.0191664
2.022151e-06	-0.0192984
2.024151e-06	-0.0195096
2.026151e-06	-0.0192984
2.028151e-06	-0.019272
2.030151e-06	-0.01914
2.032151e-06	-0.0190872
2.034151e-06	-0.0192984
2.036151e-06	-0.0194304
2.038151e-06	-0.0196944
2.040151e-06	-0.019404
2.042151e-06	-0.0192984
2.044151e-06	-0.0192456
2.046151e-06	-0.0191664
2.048151e-06	-0.0192984
2.050151e-06	-0.019272
2.052151e-06	-0.0192984
2.054151e-06	-0.0189288
2.056151e-06	-0.018876
2.058151e-06	-0.0186912
2.060151e-06	-0.0185592
2.062151e-06	-0.0182424
2.064151e-06	-0.0183216
2.066151e-06	-0.0177936
2.068151e-06	-0.0177672
2.070151e-06	-0.0172392
2.072151e-06	-0.017556
2.074151e-06	-0.0177408
2.076151e-06	-0.01782
2.078151e-06	-0.0178464
2.080151e-06	-0.01782
2.082151e-06	-0.017688
2.084151e-06	-0.0176088
2.086151e-06	-0.017424
2.088151e-06	-0.0176088
2.090151e-06	-0.0169488
2.092151e-06	-0.0166848
2.094151e-06	-0.0164472
2.096151e-06	-0.0165792
2.098151e-06	-0.0164736
2.100151e-06	-0.0164736
2.102151e-06	-0.0164736
2.104151e-06	-0.0166056
2.106151e-06	-0.0165
2.108151e-06	-0.0165528
2.110151e-06	-0.016632
2.112151e-06	-0.0167376
2.114151e-06	-0.0164736
2.116151e-06	-0.0164472
2.118151e-06	-0.0163416
2.120151e-06	-0.0165
2.122151e-06	-0.0164736
2.124151e-06	-0.0164736
2.126151e-06	-0.0164472
2.128151e-06	-0.016368
2.130151e-06	-0.0165
2.132151e-06	-0.016764
2.134151e-06	-0.0165
2.136151e-06	-0.0165
2.138151e-06	-0.0165528
2.140151e-06	-0.0168168
2.142151e-06	-0.0167376
2.144151e-06	-0.0166056
2.146151e-06	-0.0165264
2.148151e-06	-0.0162888
2.150151e-06	-0.015972
2.152151e-06	-0.015972
2.154151e-06	-0.0158928
2.156151e-06	-0.0159456
2.158151e-06	-0.0159456
2.160151e-06	-0.0158136
2.162151e-06	-0.0158136
2.164151e-06	-0.0157608
2.166151e-06	-0.0154704
2.168151e-06	-0.0156816
2.170151e-06	-0.0155232
2.172151e-06	-0.015312
2.174151e-06	-0.015312
2.176151e-06	-0.0152592
2.178151e-06	-0.0149424
2.180151e-06	-0.0152064
2.182151e-06	-0.0150744
2.184151e-06	-0.0147048
2.186151e-06	-0.0147312
2.188151e-06	-0.014784
2.190151e-06	-0.0148368
2.192151e-06	-0.0146784
2.194151e-06	-0.0144144
2.196151e-06	-0.0145992
2.198151e-06	-0.0147576
2.200151e-06	-0.0146256
2.202151e-06	-0.014784
2.204151e-06	-0.0147576
2.206151e-06	-0.0148632
2.208151e-06	-0.0152328
2.210151e-06	-0.0157608
2.212151e-06	-0.0158928
2.214151e-06	-0.0159456
2.216151e-06	-0.0160512
2.218151e-06	-0.0159456
2.220151e-06	-0.0160512
2.222151e-06	-0.0160248
2.224151e-06	-0.0158136
2.226151e-06	-0.01584
2.228151e-06	-0.0156552
2.230151e-06	-0.0155232
2.232151e-06	-0.0154176
2.234151e-06	-0.0151008
2.236151e-06	-0.0149952
2.238151e-06	-0.0147048
2.240151e-06	-0.0148104
2.242151e-06	-0.014652
2.244151e-06	-0.0144936
2.246151e-06	-0.0144672
2.248151e-06	-0.01452
2.250151e-06	-0.014784
2.252151e-06	-0.0148896
2.254151e-06	-0.0146256
2.256151e-06	-0.0143616
2.258151e-06	-0.0141504
2.260151e-06	-0.0141768
2.262151e-06	-0.0141504
2.264151e-06	-0.0144144
2.266151e-06	-0.0145728
2.268151e-06	-0.0145992
2.270151e-06	-0.0144408
2.272151e-06	-0.014388
2.274151e-06	-0.0144408
2.276151e-06	-0.0145992
2.278151e-06	-0.0147576
2.280151e-06	-0.0150744
2.282151e-06	-0.0151008
2.284151e-06	-0.0151536
2.286151e-06	-0.0145992
2.288151e-06	-0.01452
2.290151e-06	-0.0145464
2.292151e-06	-0.0147312
2.294151e-06	-0.014916
2.296151e-06	-0.0149688
2.298151e-06	-0.0149424
2.300151e-06	-0.0151008
2.302151e-06	-0.014784
2.304151e-06	-0.0150744
2.306151e-06	-0.0149424
2.308151e-06	-0.0148632
2.310151e-06	-0.0148896
2.312151e-06	-0.0153912
2.314151e-06	-0.0152856
2.316151e-06	-0.0159456
2.318151e-06	-0.0161568
2.320151e-06	-0.0165792
2.322151e-06	-0.016632
2.324151e-06	-0.0167904
2.326151e-06	-0.0164472
2.328151e-06	-0.0166584
2.330151e-06	-0.0166848
2.332151e-06	-0.017028
2.334151e-06	-0.016896
2.336151e-06	-0.0167112
2.338151e-06	-0.0165
2.340151e-06	-0.0168696
2.342151e-06	-0.0167376
2.344151e-06	-0.0167112
2.346151e-06	-0.016632
2.348151e-06	-0.0167904
2.350151e-06	-0.0168696
2.352151e-06	-0.016632
2.354151e-06	-0.016368
2.356151e-06	-0.0167376
2.358151e-06	-0.0166848
2.360151e-06	-0.0165
2.362151e-06	-0.0161304
2.364151e-06	-0.0160248
2.366151e-06	-0.0160512
2.368151e-06	-0.0164208
2.370151e-06	-0.0163944
2.372151e-06	-0.016104
2.374151e-06	-0.0164208
2.376151e-06	-0.0163152
2.378151e-06	-0.0165264
2.380151e-06	-0.0168432
2.382151e-06	-0.0165
2.384151e-06	-0.0164472
2.386151e-06	-0.0161568
2.388151e-06	-0.0163152
2.390151e-06	-0.0162888
2.392151e-06	-0.016632
2.394151e-06	-0.0163944
2.396151e-06	-0.0164736
2.398151e-06	-0.0164472
2.400151e-06	-0.0167112
2.402151e-06	-0.0165264
2.404151e-06	-0.0165
2.406151e-06	-0.0160248
2.408151e-06	-0.016236
2.410151e-06	-0.0161832
2.412151e-06	-0.016236
2.414151e-06	-0.0163416
2.416151e-06	-0.0161832
2.418151e-06	-0.0159192
2.420151e-06	-0.0156024
2.422151e-06	-0.0156552
2.424151e-06	-0.0157344
2.426151e-06	-0.0158136
2.428151e-06	-0.0161304
2.430151e-06	-0.0157608
2.432151e-06	-0.0158664
2.434151e-06	-0.0157872
2.436151e-06	-0.0158928
2.438151e-06	-0.0159984
2.440151e-06	-0.0160248
2.442151e-06	-0.015708
2.444151e-06	-0.0156816
2.446151e-06	-0.0156816
2.448151e-06	-0.0158664
2.450151e-06	-0.0156816
2.452151e-06	-0.0158136
2.454151e-06	-0.0156816
2.456151e-06	-0.0157344
2.458151e-06	-0.0153384
2.460151e-06	-0.0153912
2.462151e-06	-0.0155496
2.464151e-06	-0.015048
2.466151e-06	-0.0148104
2.468151e-06	-0.0149952
2.470151e-06	-0.0152592
2.472151e-06	-0.0154968
2.474151e-06	-0.0149952
2.476151e-06	-0.014784
2.478151e-06	-0.0148368
2.480151e-06	-0.015048
2.482151e-06	-0.0147048
2.484151e-06	-0.0145728
2.486151e-06	-0.0147312
2.488151e-06	-0.0153384
2.490151e-06	-0.0152856
2.492151e-06	-0.0152064
2.494151e-06	-0.0151008
2.496151e-06	-0.0154176
2.498151e-06	-0.0156816
2.500151e-06	-0.015972
