LECROYHDO6104A	50809	Waveform
Segments	1	SegmentSize	2502
Segment	TrigTime	TimeSinceSegment1
#1	19-Dec-2022 19:49:37	0                 
Time	Ampl
-2.500528e-06	-0.02358
-2.498528e-06	-0.02645
-2.496528e-06	-0.02768
-2.494528e-06	-0.02768
-2.492528e-06	-0.02481
-2.490528e-06	-0.02727
-2.488528e-06	-0.02809
-2.486528e-06	-0.02809
-2.484528e-06	-0.02645
-2.482528e-06	-0.02768
-2.480528e-06	-0.02645
-2.478528e-06	-0.02727
-2.476528e-06	-0.02522
-2.474528e-06	-0.02891
-2.472528e-06	-0.02604
-2.470528e-06	-0.02768
-2.468528e-06	-0.02358
-2.466528e-06	-0.02563
-2.464528e-06	-0.02399
-2.462528e-06	-0.02481
-2.460528e-06	-0.02563
-2.458528e-06	-0.02686
-2.456528e-06	-0.02399
-2.454528e-06	-0.02399
-2.452528e-06	-0.0244
-2.450528e-06	-0.02604
-2.448528e-06	-0.02481
-2.446528e-06	-0.02563
-2.444528e-06	-0.02522
-2.442528e-06	-0.02727
-2.440528e-06	-0.0244
-2.438528e-06	-0.02481
-2.436528e-06	-0.02481
-2.434528e-06	-0.02727
-2.432528e-06	-0.02276
-2.430528e-06	-0.02194
-2.428528e-06	-0.02358
-2.426528e-06	-0.02604
-2.424528e-06	-0.02563
-2.422528e-06	-0.02399
-2.420528e-06	-0.02235
-2.418528e-06	-0.0244
-2.416528e-06	-0.02235
-2.414528e-06	-0.02481
-2.412528e-06	-0.02112
-2.410528e-06	-0.02358
-2.408528e-06	-0.02399
-2.406528e-06	-0.02399
-2.404528e-06	-0.02399
-2.402528e-06	-0.0244
-2.400528e-06	-0.02399
-2.398528e-06	-0.02194
-2.396528e-06	-0.02358
-2.394528e-06	-0.02276
-2.392528e-06	-0.02317
-2.390528e-06	-0.02522
-2.388528e-06	-0.02358
-2.386528e-06	-0.02317
-2.384528e-06	-0.02358
-2.382528e-06	-0.02194
-2.380528e-06	-0.02399
-2.378528e-06	-0.02276
-2.376528e-06	-0.02604
-2.374528e-06	-0.0244
-2.372528e-06	-0.02358
-2.370528e-06	-0.02235
-2.368528e-06	-0.02317
-2.366528e-06	-0.02276
-2.364528e-06	-0.02235
-2.362528e-06	-0.0244
-2.360528e-06	-0.02153
-2.358528e-06	-0.02235
-2.356528e-06	-0.02276
-2.354528e-06	-0.0244
-2.352528e-06	-0.02194
-2.350528e-06	-0.02563
-2.348528e-06	-0.02235
-2.346528e-06	-0.02317
-2.344528e-06	-0.02317
-2.342528e-06	-0.02358
-2.340528e-06	-0.02276
-2.338528e-06	-0.0244
-2.336528e-06	-0.02276
-2.334528e-06	-0.02604
-2.332528e-06	-0.02604
-2.330528e-06	-0.02399
-2.328528e-06	-0.02358
-2.326528e-06	-0.02481
-2.324528e-06	-0.02563
-2.322528e-06	-0.02481
-2.320528e-06	-0.02358
-2.318528e-06	-0.02522
-2.316528e-06	-0.02481
-2.314528e-06	-0.02604
-2.312528e-06	-0.02768
-2.310528e-06	-0.02686
-2.308528e-06	-0.02563
-2.306528e-06	-0.02522
-2.304528e-06	-0.02317
-2.302528e-06	-0.02276
-2.300528e-06	-0.02276
-2.298528e-06	-0.02481
-2.296528e-06	-0.02235
-2.294528e-06	-0.0244
-2.292528e-06	-0.02522
-2.290528e-06	-0.02481
-2.288528e-06	-0.02563
-2.286528e-06	-0.02481
-2.284528e-06	-0.02481
-2.282528e-06	-0.02727
-2.280528e-06	-0.02399
-2.278528e-06	-0.02358
-2.276528e-06	-0.02276
-2.274528e-06	-0.02645
-2.272528e-06	-0.02399
-2.270528e-06	-0.0244
-2.268528e-06	-0.02563
-2.266528e-06	-0.02645
-2.264528e-06	-0.0244
-2.262528e-06	-0.02481
-2.260528e-06	-0.0244
-2.258528e-06	-0.02522
-2.256528e-06	-0.02522
-2.254528e-06	-0.02604
-2.252528e-06	-0.0244
-2.250528e-06	-0.0244
-2.248528e-06	-0.02399
-2.246528e-06	-0.02645
-2.244528e-06	-0.02481
-2.242528e-06	-0.02604
-2.240528e-06	-0.02522
-2.238528e-06	-0.0244
-2.236528e-06	-0.02563
-2.234528e-06	-0.02768
-2.232528e-06	-0.02317
-2.230528e-06	-0.0244
-2.228528e-06	-0.02563
-2.226528e-06	-0.02686
-2.224528e-06	-0.02522
-2.222528e-06	-0.02686
-2.220528e-06	-0.02481
-2.218528e-06	-0.02645
-2.216528e-06	-0.02317
-2.214528e-06	-0.02399
-2.212528e-06	-0.02358
-2.210528e-06	-0.02153
-2.208528e-06	-0.02153
-2.206528e-06	-0.02317
-2.204528e-06	-0.02153
-2.202528e-06	-0.02481
-2.200528e-06	-0.02235
-2.198528e-06	-0.02194
-2.196528e-06	-0.02317
-2.194528e-06	-0.02235
-2.192528e-06	-0.02112
-2.190528e-06	-0.0203
-2.188528e-06	-0.01948
-2.186528e-06	-0.02276
-2.184528e-06	-0.02194
-2.182528e-06	-0.02194
-2.180528e-06	-0.02071
-2.178528e-06	-0.02235
-2.176528e-06	-0.02235
-2.174528e-06	-0.0244
-2.172528e-06	-0.02153
-2.170528e-06	-0.02235
-2.168528e-06	-0.02071
-2.166528e-06	-0.02235
-2.164528e-06	-0.02071
-2.162528e-06	-0.02153
-2.160528e-06	-0.02071
-2.158528e-06	-0.02399
-2.156528e-06	-0.02358
-2.154528e-06	-0.02235
-2.152528e-06	-0.02317
-2.150528e-06	-0.02481
-2.148528e-06	-0.02276
-2.146528e-06	-0.02481
-2.144528e-06	-0.02276
-2.142528e-06	-0.02194
-2.140528e-06	-0.02317
-2.138528e-06	-0.02399
-2.136528e-06	-0.02481
-2.134528e-06	-0.02399
-2.132528e-06	-0.02276
-2.130528e-06	-0.02481
-2.128528e-06	-0.02071
-2.126528e-06	-0.02235
-2.124528e-06	-0.0244
-2.122528e-06	-0.0244
-2.120528e-06	-0.02399
-2.118528e-06	-0.02317
-2.116528e-06	-0.02399
-2.114528e-06	-0.02522
-2.112528e-06	-0.02563
-2.110528e-06	-0.02358
-2.108528e-06	-0.02358
-2.106528e-06	-0.02809
-2.104528e-06	-0.0244
-2.102528e-06	-0.0285
-2.100528e-06	-0.02645
-2.098528e-06	-0.02604
-2.096528e-06	-0.02522
-2.094528e-06	-0.02563
-2.092528e-06	-0.02563
-2.090528e-06	-0.02727
-2.088528e-06	-0.02768
-2.086528e-06	-0.02604
-2.084528e-06	-0.02686
-2.082528e-06	-0.02809
-2.080528e-06	-0.02809
-2.078528e-06	-0.02686
-2.076528e-06	-0.02481
-2.074528e-06	-0.02645
-2.072528e-06	-0.0244
-2.070528e-06	-0.02604
-2.068528e-06	-0.02563
-2.066528e-06	-0.02932
-2.064528e-06	-0.02645
-2.062528e-06	-0.02686
-2.060528e-06	-0.02809
-2.058528e-06	-0.02686
-2.056528e-06	-0.02686
-2.054528e-06	-0.02522
-2.052528e-06	-0.02604
-2.050528e-06	-0.02727
-2.048528e-06	-0.02563
-2.046528e-06	-0.02768
-2.044528e-06	-0.02563
-2.042528e-06	-0.02768
-2.040528e-06	-0.02727
-2.038528e-06	-0.02809
-2.036528e-06	-0.02768
-2.034528e-06	-0.02891
-2.032528e-06	-0.02686
-2.030528e-06	-0.02604
-2.028528e-06	-0.02727
-2.026528e-06	-0.02932
-2.024528e-06	-0.02604
-2.022528e-06	-0.02891
-2.020528e-06	-0.02645
-2.018528e-06	-0.02809
-2.016528e-06	-0.02604
-2.014528e-06	-0.0285
-2.012528e-06	-0.02645
-2.010528e-06	-0.03055
-2.008528e-06	-0.02727
-2.006528e-06	-0.02891
-2.004528e-06	-0.02645
-2.002528e-06	-0.02973
-2.000528e-06	-0.0285
-1.998528e-06	-0.02768
-1.996528e-06	-0.02891
-1.994528e-06	-0.03014
-1.992528e-06	-0.02686
-1.990528e-06	-0.0285
-1.988528e-06	-0.02645
-1.986528e-06	-0.0285
-1.984528e-06	-0.02768
-1.982528e-06	-0.02932
-1.980528e-06	-0.02809
-1.978528e-06	-0.02932
-1.976528e-06	-0.02891
-1.974528e-06	-0.03096
-1.972528e-06	-0.02727
-1.970528e-06	-0.02973
-1.968528e-06	-0.02686
-1.966528e-06	-0.02809
-1.964528e-06	-0.03137
-1.962528e-06	-0.02973
-1.960528e-06	-0.03096
-1.958528e-06	-0.03055
-1.956528e-06	-0.02973
-1.954528e-06	-0.03096
-1.952528e-06	-0.03137
-1.950528e-06	-0.0285
-1.948528e-06	-0.0285
-1.946528e-06	-0.03055
-1.944528e-06	-0.0285
-1.942528e-06	-0.03137
-1.940528e-06	-0.03219
-1.938528e-06	-0.03178
-1.936528e-06	-0.03014
-1.934528e-06	-0.03137
-1.932528e-06	-0.03178
-1.930528e-06	-0.03055
-1.928528e-06	-0.02768
-1.926528e-06	-0.03137
-1.924528e-06	-0.03014
-1.922528e-06	-0.03219
-1.920528e-06	-0.03014
-1.918528e-06	-0.02973
-1.916528e-06	-0.03178
-1.914528e-06	-0.03178
-1.912528e-06	-0.03055
-1.910528e-06	-0.03219
-1.908528e-06	-0.03014
-1.906528e-06	-0.0326
-1.904528e-06	-0.03178
-1.902528e-06	-0.03137
-1.900528e-06	-0.03014
-1.898528e-06	-0.03342
-1.896528e-06	-0.03178
-1.894528e-06	-0.03137
-1.892528e-06	-0.0326
-1.890528e-06	-0.03219
-1.888528e-06	-0.03014
-1.886528e-06	-0.03219
-1.884528e-06	-0.03178
-1.882528e-06	-0.0326
-1.880528e-06	-0.03096
-1.878528e-06	-0.03096
-1.876528e-06	-0.03055
-1.874528e-06	-0.03178
-1.872528e-06	-0.02686
-1.870528e-06	-0.02645
-1.868528e-06	-0.02973
-1.866528e-06	-0.03178
-1.864528e-06	-0.02891
-1.862528e-06	-0.02604
-1.860528e-06	-0.02809
-1.858528e-06	-0.03096
-1.856528e-06	-0.02809
-1.854528e-06	-0.02686
-1.852528e-06	-0.02686
-1.850528e-06	-0.0285
-1.848528e-06	-0.02768
-1.846528e-06	-0.0285
-1.844528e-06	-0.02809
-1.842528e-06	-0.02645
-1.840528e-06	-0.02563
-1.838528e-06	-0.02727
-1.836528e-06	-0.0244
-1.834528e-06	-0.0285
-1.832528e-06	-0.02809
-1.830528e-06	-0.02686
-1.828528e-06	-0.02563
-1.826528e-06	-0.02563
-1.824528e-06	-0.02481
-1.822528e-06	-0.02686
-1.820528e-06	-0.0244
-1.818528e-06	-0.02768
-1.816528e-06	-0.02604
-1.814528e-06	-0.02727
-1.812528e-06	-0.02727
-1.810528e-06	-0.0285
-1.808528e-06	-0.02645
-1.806528e-06	-0.02768
-1.804528e-06	-0.0244
-1.802528e-06	-0.02645
-1.800528e-06	-0.02563
-1.798528e-06	-0.02481
-1.796528e-06	-0.02358
-1.794528e-06	-0.0285
-1.792528e-06	-0.02645
-1.790528e-06	-0.02481
-1.788528e-06	-0.02604
-1.786528e-06	-0.02481
-1.784528e-06	-0.02481
-1.782528e-06	-0.02522
-1.780528e-06	-0.0244
-1.778528e-06	-0.02686
-1.776528e-06	-0.02686
-1.774528e-06	-0.02317
-1.772528e-06	-0.0244
-1.770528e-06	-0.02604
-1.768528e-06	-0.02727
-1.766528e-06	-0.02481
-1.764528e-06	-0.02235
-1.762528e-06	-0.02563
-1.760528e-06	-0.02276
-1.758528e-06	-0.0244
-1.756528e-06	-0.0244
-1.754528e-06	-0.02522
-1.752528e-06	-0.02686
-1.750528e-06	-0.02399
-1.748528e-06	-0.02317
-1.746528e-06	-0.02563
-1.744528e-06	-0.02235
-1.742528e-06	-0.02522
-1.740528e-06	-0.02481
-1.738528e-06	-0.0285
-1.736528e-06	-0.02317
-1.734528e-06	-0.02604
-1.732528e-06	-0.02604
-1.730528e-06	-0.02563
-1.728528e-06	-0.02317
-1.726528e-06	-0.02194
-1.724528e-06	-0.0244
-1.722528e-06	-0.02399
-1.720528e-06	-0.02481
-1.718528e-06	-0.02522
-1.716528e-06	-0.0244
-1.714528e-06	-0.02686
-1.712528e-06	-0.02399
-1.710528e-06	-0.02317
-1.708528e-06	-0.02358
-1.706528e-06	-0.02481
-1.704528e-06	-0.02399
-1.702528e-06	-0.02194
-1.700528e-06	-0.02358
-1.698528e-06	-0.02481
-1.696528e-06	-0.02317
-1.694528e-06	-0.02317
-1.692528e-06	-0.02235
-1.690528e-06	-0.02399
-1.688528e-06	-0.02153
-1.686528e-06	-0.0244
-1.684528e-06	-0.0203
-1.682528e-06	-0.02317
-1.680528e-06	-0.02194
-1.678528e-06	-0.02358
-1.676528e-06	-0.02071
-1.674528e-06	-0.02112
-1.672528e-06	-0.01948
-1.670528e-06	-0.01989
-1.668528e-06	-0.01989
-1.666528e-06	-0.02358
-1.664528e-06	-0.01907
-1.662528e-06	-0.02153
-1.660528e-06	-0.01907
-1.658528e-06	-0.0244
-1.656528e-06	-0.02235
-1.654528e-06	-0.02276
-1.652528e-06	-0.02235
-1.650528e-06	-0.02481
-1.648528e-06	-0.02317
-1.646528e-06	-0.02358
-1.644528e-06	-0.02522
-1.642528e-06	-0.02686
-1.640528e-06	-0.02399
-1.638528e-06	-0.02604
-1.636528e-06	-0.02481
-1.634528e-06	-0.02645
-1.632528e-06	-0.02522
-1.630528e-06	-0.02604
-1.628528e-06	-0.02399
-1.626528e-06	-0.02727
-1.624528e-06	-0.02727
-1.622528e-06	-0.02604
-1.620528e-06	-0.02399
-1.618528e-06	-0.0285
-1.616528e-06	-0.02481
-1.614528e-06	-0.02522
-1.612528e-06	-0.0285
-1.610528e-06	-0.02809
-1.608528e-06	-0.02727
-1.606528e-06	-0.02891
-1.604528e-06	-0.02809
-1.602528e-06	-0.02932
-1.600528e-06	-0.02973
-1.598528e-06	-0.0285
-1.596528e-06	-0.02522
-1.594528e-06	-0.02932
-1.592528e-06	-0.03055
-1.590528e-06	-0.0285
-1.588528e-06	-0.02727
-1.586528e-06	-0.02891
-1.584528e-06	-0.02809
-1.582528e-06	-0.0285
-1.580528e-06	-0.02809
-1.578528e-06	-0.03301
-1.576528e-06	-0.02809
-1.574528e-06	-0.02727
-1.572528e-06	-0.02727
-1.570528e-06	-0.02973
-1.568528e-06	-0.02973
-1.566528e-06	-0.02891
-1.564528e-06	-0.02686
-1.562528e-06	-0.0285
-1.560528e-06	-0.02932
-1.558528e-06	-0.02973
-1.556528e-06	-0.0285
-1.554528e-06	-0.02973
-1.552528e-06	-0.02768
-1.550528e-06	-0.02809
-1.548528e-06	-0.02932
-1.546528e-06	-0.0285
-1.544528e-06	-0.02604
-1.542528e-06	-0.02809
-1.540528e-06	-0.02932
-1.538528e-06	-0.0285
-1.536528e-06	-0.02932
-1.534528e-06	-0.0285
-1.532528e-06	-0.03014
-1.530528e-06	-0.02891
-1.528528e-06	-0.02809
-1.526528e-06	-0.02809
-1.524528e-06	-0.02809
-1.522528e-06	-0.02932
-1.520528e-06	-0.02973
-1.518528e-06	-0.03096
-1.516528e-06	-0.02932
-1.514528e-06	-0.03014
-1.512528e-06	-0.02891
-1.510528e-06	-0.03014
-1.508528e-06	-0.02932
-1.506528e-06	-0.0285
-1.504528e-06	-0.02727
-1.502528e-06	-0.02932
-1.500528e-06	-0.02645
-1.498528e-06	-0.02727
-1.496528e-06	-0.0285
-1.494528e-06	-0.02891
-1.492528e-06	-0.02727
-1.490528e-06	-0.03096
-1.488528e-06	-0.02891
-1.486528e-06	-0.0285
-1.484528e-06	-0.02809
-1.482528e-06	-0.02973
-1.480528e-06	-0.02768
-1.478528e-06	-0.0285
-1.476528e-06	-0.0285
-1.474528e-06	-0.02809
-1.472528e-06	-0.02809
-1.470528e-06	-0.02932
-1.468528e-06	-0.02932
-1.466528e-06	-0.03014
-1.464528e-06	-0.02891
-1.462528e-06	-0.02891
-1.460528e-06	-0.0285
-1.458528e-06	-0.02891
-1.456528e-06	-0.03014
-1.454528e-06	-0.03014
-1.452528e-06	-0.03055
-1.450528e-06	-0.03014
-1.448528e-06	-0.02932
-1.446528e-06	-0.02768
-1.444528e-06	-0.02932
-1.442528e-06	-0.03096
-1.440528e-06	-0.02973
-1.438528e-06	-0.0285
-1.436528e-06	-0.0285
-1.434528e-06	-0.03055
-1.432528e-06	-0.02973
-1.430528e-06	-0.02768
-1.428528e-06	-0.02809
-1.426528e-06	-0.02973
-1.424528e-06	-0.02686
-1.422528e-06	-0.02973
-1.420528e-06	-0.02891
-1.418528e-06	-0.03014
-1.416528e-06	-0.02686
-1.414528e-06	-0.02481
-1.412528e-06	-0.02727
-1.410528e-06	-0.02932
-1.408528e-06	-0.02809
-1.406528e-06	-0.02891
-1.404528e-06	-0.02768
-1.402528e-06	-0.03055
-1.400528e-06	-0.02768
-1.398528e-06	-0.02809
-1.396528e-06	-0.02686
-1.394528e-06	-0.02891
-1.392528e-06	-0.02973
-1.390528e-06	-0.02891
-1.388528e-06	-0.02604
-1.386528e-06	-0.03014
-1.384528e-06	-0.02768
-1.382528e-06	-0.02686
-1.380528e-06	-0.02809
-1.378528e-06	-0.03137
-1.376528e-06	-0.0285
-1.374528e-06	-0.02809
-1.372528e-06	-0.0285
-1.370528e-06	-0.03055
-1.368528e-06	-0.0285
-1.366528e-06	-0.02809
-1.364528e-06	-0.02768
-1.362528e-06	-0.02973
-1.360528e-06	-0.03096
-1.358528e-06	-0.02768
-1.356528e-06	-0.02604
-1.354528e-06	-0.02768
-1.352528e-06	-0.02973
-1.350528e-06	-0.02809
-1.348528e-06	-0.02932
-1.346528e-06	-0.03096
-1.344528e-06	-0.02932
-1.342528e-06	-0.02727
-1.340528e-06	-0.0285
-1.338528e-06	-0.03096
-1.336528e-06	-0.02809
-1.334528e-06	-0.02932
-1.332528e-06	-0.02686
-1.330528e-06	-0.0285
-1.328528e-06	-0.02768
-1.326528e-06	-0.03219
-1.324528e-06	-0.0285
-1.322528e-06	-0.03055
-1.320528e-06	-0.02809
-1.318528e-06	-0.02973
-1.316528e-06	-0.02604
-1.314528e-06	-0.02932
-1.312528e-06	-0.02973
-1.310528e-06	-0.02727
-1.308528e-06	-0.03055
-1.306528e-06	-0.0285
-1.304528e-06	-0.02604
-1.302528e-06	-0.02686
-1.300528e-06	-0.02686
-1.298528e-06	-0.02891
-1.296528e-06	-0.02645
-1.294528e-06	-0.02522
-1.292528e-06	-0.02686
-1.290528e-06	-0.02604
-1.288528e-06	-0.02399
-1.286528e-06	-0.02481
-1.284528e-06	-0.02481
-1.282528e-06	-0.02522
-1.280528e-06	-0.0244
-1.278528e-06	-0.02645
-1.276528e-06	-0.02563
-1.274528e-06	-0.02604
-1.272528e-06	-0.02604
-1.270528e-06	-0.02809
-1.268528e-06	-0.02686
-1.266528e-06	-0.0244
-1.264528e-06	-0.02399
-1.262528e-06	-0.02522
-1.260528e-06	-0.02317
-1.258528e-06	-0.02727
-1.256528e-06	-0.02563
-1.254528e-06	-0.02481
-1.252528e-06	-0.02932
-1.250528e-06	-0.02604
-1.248528e-06	-0.02563
-1.246528e-06	-0.02809
-1.244528e-06	-0.02604
-1.242528e-06	-0.02973
-1.240528e-06	-0.02809
-1.238528e-06	-0.0285
-1.236528e-06	-0.0244
-1.234528e-06	-0.02645
-1.232528e-06	-0.02645
-1.230528e-06	-0.02522
-1.228528e-06	-0.02358
-1.226528e-06	-0.02809
-1.224528e-06	-0.02727
-1.222528e-06	-0.02891
-1.220528e-06	-0.0244
-1.218528e-06	-0.02973
-1.216528e-06	-0.02768
-1.214528e-06	-0.02358
-1.212528e-06	-0.02563
-1.210528e-06	-0.02727
-1.208528e-06	-0.02481
-1.206528e-06	-0.0244
-1.204528e-06	-0.02399
-1.202528e-06	-0.02727
-1.200528e-06	-0.02768
-1.198528e-06	-0.0285
-1.196528e-06	-0.02317
-1.194528e-06	-0.02891
-1.192528e-06	-0.02604
-1.190528e-06	-0.02809
-1.188528e-06	-0.0285
-1.186528e-06	-0.02768
-1.184528e-06	-0.02481
-1.182528e-06	-0.02604
-1.180528e-06	-0.02481
-1.178528e-06	-0.02932
-1.176528e-06	-0.02522
-1.174528e-06	-0.02686
-1.172528e-06	-0.02358
-1.170528e-06	-0.02481
-1.168528e-06	-0.02481
-1.166528e-06	-0.02645
-1.164528e-06	-0.02071
-1.162528e-06	-0.02235
-1.160528e-06	-0.02317
-1.158528e-06	-0.02604
-1.156528e-06	-0.0244
-1.154528e-06	-0.02235
-1.152528e-06	-0.0244
-1.150528e-06	-0.02604
-1.148528e-06	-0.02522
-1.146528e-06	-0.0244
-1.144528e-06	-0.02235
-1.142528e-06	-0.02317
-1.140528e-06	-0.02563
-1.138528e-06	-0.0285
-1.136528e-06	-0.02358
-1.134528e-06	-0.02481
-1.132528e-06	-0.02563
-1.130528e-06	-0.02604
-1.128528e-06	-0.02276
-1.126528e-06	-0.02522
-1.124528e-06	-0.02522
-1.122528e-06	-0.02768
-1.120528e-06	-0.02604
-1.118528e-06	-0.02604
-1.116528e-06	-0.02399
-1.114528e-06	-0.02563
-1.112528e-06	-0.02563
-1.110528e-06	-0.02727
-1.108528e-06	-0.02604
-1.106528e-06	-0.02891
-1.104528e-06	-0.02563
-1.102528e-06	-0.02563
-1.100528e-06	-0.02522
-1.098528e-06	-0.02727
-1.096528e-06	-0.02768
-1.094528e-06	-0.02809
-1.092528e-06	-0.02727
-1.090528e-06	-0.02809
-1.088528e-06	-0.02727
-1.086528e-06	-0.02932
-1.084528e-06	-0.02809
-1.082528e-06	-0.02768
-1.080528e-06	-0.02686
-1.078528e-06	-0.02809
-1.076528e-06	-0.02809
-1.074528e-06	-0.0285
-1.072528e-06	-0.02481
-1.070528e-06	-0.02686
-1.068528e-06	-0.02522
-1.066528e-06	-0.02891
-1.064528e-06	-0.02686
-1.062528e-06	-0.02358
-1.060528e-06	-0.02522
-1.058528e-06	-0.02809
-1.056528e-06	-0.0244
-1.054528e-06	-0.02645
-1.052528e-06	-0.02317
-1.050528e-06	-0.02727
-1.048528e-06	-0.02645
-1.046528e-06	-0.02563
-1.044528e-06	-0.0244
-1.042528e-06	-0.02686
-1.040528e-06	-0.02522
-1.038528e-06	-0.02563
-1.036528e-06	-0.02604
-1.034528e-06	-0.02768
-1.032528e-06	-0.02604
-1.030528e-06	-0.02727
-1.028528e-06	-0.02604
-1.026528e-06	-0.02563
-1.024528e-06	-0.02604
-1.022528e-06	-0.02604
-1.020528e-06	-0.02727
-1.018528e-06	-0.02727
-1.016528e-06	-0.02604
-1.014528e-06	-0.02645
-1.012528e-06	-0.02604
-1.010528e-06	-0.02604
-1.008528e-06	-0.02358
-1.006528e-06	-0.02645
-1.004528e-06	-0.02399
-1.002528e-06	-0.02522
-1.000528e-06	-0.0244
-9.985284e-07	-0.02522
-9.965284e-07	-0.02481
-9.945284e-07	-0.02686
-9.925284e-07	-0.02563
-9.905284e-07	-0.02481
-9.885284e-07	-0.0244
-9.865284e-07	-0.02645
-9.845284e-07	-0.02686
-9.825284e-07	-0.02481
-9.805284e-07	-0.02358
-9.785284e-07	-0.02522
-9.765284e-07	-0.02563
-9.745284e-07	-0.02481
-9.725284e-07	-0.02358
-9.705284e-07	-0.02358
-9.685284e-07	-0.02317
-9.665284e-07	-0.02112
-9.645284e-07	-0.02153
-9.625284e-07	-0.02317
-9.605284e-07	-0.02563
-9.585284e-07	-0.02399
-9.565284e-07	-0.02317
-9.545284e-07	-0.02235
-9.525284e-07	-0.02317
-9.505284e-07	-0.02399
-9.485284e-07	-0.02358
-9.465284e-07	-0.02686
-9.445284e-07	-0.02399
-9.425284e-07	-0.02399
-9.405284e-07	-0.02235
-9.385284e-07	-0.02686
-9.365284e-07	-0.02563
-9.345284e-07	-0.02522
-9.325284e-07	-0.02194
-9.305284e-07	-0.02522
-9.285284e-07	-0.02317
-9.265284e-07	-0.0244
-9.245284e-07	-0.02112
-9.225284e-07	-0.02358
-9.205284e-07	-0.02235
-9.185284e-07	-0.0244
-9.165284e-07	-0.02235
-9.145284e-07	-0.02194
-9.125284e-07	-0.02276
-9.105284e-07	-0.0244
-9.085284e-07	-0.02153
-9.065284e-07	-0.02645
-9.045284e-07	-0.02481
-9.025284e-07	-0.02522
-9.005284e-07	-0.02276
-8.985284e-07	-0.02686
-8.965284e-07	-0.0244
-8.945284e-07	-0.02481
-8.925284e-07	-0.02522
-8.905284e-07	-0.0285
-8.885284e-07	-0.02563
-8.865284e-07	-0.02645
-8.845284e-07	-0.02604
-8.825284e-07	-0.02686
-8.805284e-07	-0.02686
-8.785284e-07	-0.02727
-8.765284e-07	-0.02563
-8.745284e-07	-0.02727
-8.725284e-07	-0.02481
-8.705284e-07	-0.02358
-8.685284e-07	-0.02481
-8.665284e-07	-0.02686
-8.645284e-07	-0.02522
-8.625284e-07	-0.02522
-8.605284e-07	-0.02358
-8.585284e-07	-0.02645
-8.565284e-07	-0.02604
-8.545284e-07	-0.02645
-8.525284e-07	-0.0244
-8.505284e-07	-0.02686
-8.485284e-07	-0.02481
-8.465284e-07	-0.02768
-8.445284e-07	-0.0244
-8.425284e-07	-0.02481
-8.405284e-07	-0.0244
-8.385284e-07	-0.02809
-8.365284e-07	-0.02563
-8.345284e-07	-0.02727
-8.325284e-07	-0.02399
-8.305284e-07	-0.02358
-8.285284e-07	-0.02235
-8.265284e-07	-0.0244
-8.245284e-07	-0.02276
-8.225284e-07	-0.02235
-8.205284e-07	-0.02399
-8.185284e-07	-0.02317
-8.165284e-07	-0.02358
-8.145284e-07	-0.02153
-8.125284e-07	-0.02194
-8.105284e-07	-0.02194
-8.085284e-07	-0.02235
-8.065284e-07	-0.02112
-8.045284e-07	-0.02317
-8.025284e-07	-0.02317
-8.005284e-07	-0.02194
-7.985284e-07	-0.02235
-7.965284e-07	-0.02276
-7.945284e-07	-0.02481
-7.925284e-07	-0.02235
-7.905284e-07	-0.02235
-7.885284e-07	-0.02112
-7.865284e-07	-0.02399
-7.845284e-07	-0.02153
-7.825284e-07	-0.01989
-7.805284e-07	-0.0203
-7.785284e-07	-0.02276
-7.765284e-07	-0.02276
-7.745284e-07	-0.02317
-7.725284e-07	-0.02358
-7.705284e-07	-0.02604
-7.685284e-07	-0.02317
-7.665284e-07	-0.02276
-7.645284e-07	-0.02317
-7.625284e-07	-0.02194
-7.605284e-07	-0.02317
-7.585284e-07	-0.02317
-7.565284e-07	-0.02358
-7.545284e-07	-0.02522
-7.525284e-07	-0.02358
-7.505284e-07	-0.02358
-7.485284e-07	-0.02481
-7.465284e-07	-0.02645
-7.445284e-07	-0.02563
-7.425284e-07	-0.0244
-7.405284e-07	-0.0244
-7.385284e-07	-0.02604
-7.365284e-07	-0.02358
-7.345284e-07	-0.02522
-7.325284e-07	-0.02604
-7.305284e-07	-0.02604
-7.285284e-07	-0.02604
-7.265284e-07	-0.02604
-7.245284e-07	-0.02399
-7.225284e-07	-0.02563
-7.205284e-07	-0.02399
-7.185284e-07	-0.02481
-7.165284e-07	-0.02399
-7.145284e-07	-0.02563
-7.125284e-07	-0.02604
-7.105284e-07	-0.02276
-7.085284e-07	-0.02276
-7.065284e-07	-0.02358
-7.045284e-07	-0.02317
-7.025284e-07	-0.02481
-7.005284e-07	-0.02194
-6.985284e-07	-0.02645
-6.965284e-07	-0.02399
-6.945284e-07	-0.02604
-6.925284e-07	-0.0244
-6.905284e-07	-0.02522
-6.885284e-07	-0.02194
-6.865284e-07	-0.02399
-6.845284e-07	-0.02112
-6.825284e-07	-0.02235
-6.805284e-07	-0.02317
-6.785284e-07	-0.02317
-6.765284e-07	-0.02276
-6.745284e-07	-0.02358
-6.725284e-07	-0.02235
-6.705284e-07	-0.02276
-6.685284e-07	-0.02071
-6.665284e-07	-0.02276
-6.645284e-07	-0.02276
-6.625284e-07	-0.02317
-6.605284e-07	-0.01948
-6.585284e-07	-0.02317
-6.565284e-07	-0.02153
-6.545284e-07	-0.01907
-6.525284e-07	-0.02112
-6.505284e-07	-0.02276
-6.485284e-07	-0.02112
-6.465284e-07	-0.02276
-6.445284e-07	-0.02071
-6.425284e-07	-0.02563
-6.405284e-07	-0.0203
-6.385284e-07	-0.02071
-6.365284e-07	-0.02276
-6.345284e-07	-0.02194
-6.325284e-07	-0.01989
-6.305284e-07	-0.02522
-6.285284e-07	-0.02276
-6.265284e-07	-0.02235
-6.245284e-07	-0.02112
-6.225284e-07	-0.02235
-6.205284e-07	-0.01989
-6.185284e-07	-0.02481
-6.165284e-07	-0.02358
-6.145284e-07	-0.02235
-6.125284e-07	-0.02153
-6.105284e-07	-0.02399
-6.085284e-07	-0.02358
-6.065284e-07	-0.02194
-6.045284e-07	-0.02235
-6.025284e-07	-0.02563
-6.005284e-07	-0.02399
-5.985284e-07	-0.02563
-5.965284e-07	-0.02358
-5.945284e-07	-0.0244
-5.925284e-07	-0.02317
-5.905284e-07	-0.02481
-5.885284e-07	-0.02317
-5.865284e-07	-0.02522
-5.845284e-07	-0.02358
-5.825284e-07	-0.0244
-5.805284e-07	-0.02563
-5.785284e-07	-0.02645
-5.765284e-07	-0.0244
-5.745284e-07	-0.02522
-5.725284e-07	-0.02604
-5.705284e-07	-0.02727
-5.685284e-07	-0.02522
-5.665284e-07	-0.02604
-5.645284e-07	-0.02481
-5.625284e-07	-0.02809
-5.605284e-07	-0.02563
-5.585284e-07	-0.02686
-5.565284e-07	-0.02686
-5.545284e-07	-0.02932
-5.525284e-07	-0.02686
-5.505284e-07	-0.02768
-5.485284e-07	-0.02727
-5.465284e-07	-0.0285
-5.445284e-07	-0.02727
-5.425284e-07	-0.02973
-5.405284e-07	-0.02809
-5.385284e-07	-0.02891
-5.365284e-07	-0.02645
-5.345284e-07	-0.02686
-5.325284e-07	-0.02686
-5.305284e-07	-0.02809
-5.285284e-07	-0.02891
-5.265284e-07	-0.0285
-5.245284e-07	-0.03014
-5.225284e-07	-0.02809
-5.205284e-07	-0.02768
-5.185284e-07	-0.0285
-5.165284e-07	-0.02809
-5.145284e-07	-0.02932
-5.125284e-07	-0.03014
-5.105284e-07	-0.02809
-5.085284e-07	-0.02809
-5.065284e-07	-0.03014
-5.045284e-07	-0.02891
-5.025284e-07	-0.02809
-5.005284e-07	-0.02932
-4.985284e-07	-0.02686
-4.965284e-07	-0.02768
-4.945284e-07	-0.02686
-4.925284e-07	-0.02727
-4.905284e-07	-0.02809
-4.885284e-07	-0.02768
-4.865284e-07	-0.02727
-4.845284e-07	-0.02645
-4.825284e-07	-0.02645
-4.805284e-07	-0.02686
-4.785284e-07	-0.02604
-4.765284e-07	-0.02645
-4.745284e-07	-0.0285
-4.725284e-07	-0.02522
-4.705284e-07	-0.02891
-4.685284e-07	-0.02645
-4.665284e-07	-0.02768
-4.645284e-07	-0.02604
-4.625284e-07	-0.02645
-4.605284e-07	-0.02522
-4.585284e-07	-0.02891
-4.565284e-07	-0.02768
-4.545284e-07	-0.02686
-4.525284e-07	-0.02809
-4.505284e-07	-0.02932
-4.485284e-07	-0.02768
-4.465284e-07	-0.02604
-4.445284e-07	-0.02645
-4.425284e-07	-0.03014
-4.405284e-07	-0.02522
-4.385284e-07	-0.0244
-4.365284e-07	-0.02686
-4.345284e-07	-0.02768
-4.325284e-07	-0.02563
-4.305284e-07	-0.02686
-4.285284e-07	-0.02645
-4.265284e-07	-0.02645
-4.245284e-07	-0.02686
-4.225284e-07	-0.02645
-4.205284e-07	-0.02481
-4.185284e-07	-0.02768
-4.165284e-07	-0.02809
-4.145284e-07	-0.02686
-4.125284e-07	-0.02809
-4.105284e-07	-0.02891
-4.085284e-07	-0.02604
-4.065284e-07	-0.0244
-4.045284e-07	-0.02399
-4.025284e-07	-0.0244
-4.005284e-07	-0.02481
-3.985284e-07	-0.02522
-3.965284e-07	-0.02276
-3.945284e-07	-0.02522
-3.925284e-07	-0.02522
-3.905284e-07	-0.0244
-3.885284e-07	-0.02481
-3.865284e-07	-0.02727
-3.845284e-07	-0.02399
-3.825284e-07	-0.02317
-3.805284e-07	-0.02112
-3.785284e-07	-0.0244
-3.765284e-07	-0.02358
-3.745284e-07	-0.02276
-3.725284e-07	-0.02358
-3.705284e-07	-0.02604
-3.685284e-07	-0.02399
-3.665284e-07	-0.02563
-3.645284e-07	-0.02522
-3.625284e-07	-0.02727
-3.605284e-07	-0.0244
-3.585284e-07	-0.02768
-3.565284e-07	-0.02604
-3.545284e-07	-0.02645
-3.525284e-07	-0.02727
-3.505284e-07	-0.02604
-3.485284e-07	-0.02481
-3.465284e-07	-0.02645
-3.445284e-07	-0.02604
-3.425284e-07	-0.02481
-3.405284e-07	-0.02522
-3.385284e-07	-0.02686
-3.365284e-07	-0.02604
-3.345284e-07	-0.0244
-3.325284e-07	-0.02276
-3.305284e-07	-0.02563
-3.285284e-07	-0.02563
-3.265284e-07	-0.02727
-3.245284e-07	-0.02727
-3.225284e-07	-0.02891
-3.205284e-07	-0.0244
-3.185284e-07	-0.02522
-3.165284e-07	-0.02604
-3.145284e-07	-0.02768
-3.125284e-07	-0.02809
-3.105284e-07	-0.02727
-3.085284e-07	-0.02522
-3.065284e-07	-0.02768
-3.045284e-07	-0.02686
-3.025284e-07	-0.02686
-3.005284e-07	-0.02645
-2.985284e-07	-0.03055
-2.965284e-07	-0.02973
-2.945284e-07	-0.02973
-2.925284e-07	-0.02809
-2.905284e-07	-0.0285
-2.885284e-07	-0.02809
-2.865284e-07	-0.02891
-2.845284e-07	-0.03137
-2.825284e-07	-0.03055
-2.805284e-07	-0.02686
-2.785284e-07	-0.02563
-2.765284e-07	-0.02809
-2.745284e-07	-0.02973
-2.725284e-07	-0.02768
-2.705284e-07	-0.02522
-2.685284e-07	-0.02768
-2.665284e-07	-0.0285
-2.645284e-07	-0.02727
-2.625284e-07	-0.02809
-2.605284e-07	-0.0244
-2.585284e-07	-0.02645
-2.565284e-07	-0.02645
-2.545284e-07	-0.02522
-2.525284e-07	-0.02522
-2.505284e-07	-0.02768
-2.485284e-07	-0.02522
-2.465284e-07	-0.02645
-2.445284e-07	-0.02727
-2.425284e-07	-0.02727
-2.405284e-07	-0.02563
-2.385284e-07	-0.02727
-2.365284e-07	-0.02727
-2.345284e-07	-0.02768
-2.325284e-07	-0.02686
-2.305284e-07	-0.0285
-2.285284e-07	-0.02768
-2.265284e-07	-0.02604
-2.245284e-07	-0.02563
-2.225284e-07	-0.02563
-2.205284e-07	-0.02563
-2.185284e-07	-0.02686
-2.165284e-07	-0.02522
-2.145284e-07	-0.02604
-2.125284e-07	-0.02645
-2.105284e-07	-0.02686
-2.085284e-07	-0.02604
-2.065284e-07	-0.02727
-2.045284e-07	-0.02604
-2.025284e-07	-0.02768
-2.005284e-07	-0.02604
-1.985284e-07	-0.02686
-1.965284e-07	-0.02399
-1.945284e-07	-0.02973
-1.925284e-07	-0.02809
-1.905284e-07	-0.02686
-1.885284e-07	-0.02727
-1.865284e-07	-0.02727
-1.845284e-07	-0.02522
-1.825284e-07	-0.02645
-1.805284e-07	-0.02522
-1.785284e-07	-0.02891
-1.765284e-07	-0.02973
-1.745284e-07	-0.02891
-1.725284e-07	-0.02727
-1.705284e-07	-0.02891
-1.685284e-07	-0.02481
-1.665284e-07	-0.02891
-1.645284e-07	-0.02768
-1.625284e-07	-0.0285
-1.605284e-07	-0.02809
-1.585284e-07	-0.02604
-1.565284e-07	-0.02563
-1.545284e-07	-0.0285
-1.525284e-07	-0.02563
-1.505284e-07	-0.02727
-1.485284e-07	-0.02522
-1.465284e-07	-0.02686
-1.445284e-07	-0.02563
-1.425284e-07	-0.0244
-1.405284e-07	-0.0244
-1.385284e-07	-0.02686
-1.365284e-07	-0.02481
-1.345284e-07	-0.02727
-1.325284e-07	-0.02563
-1.305284e-07	-0.02481
-1.285284e-07	-0.02358
-1.265284e-07	-0.02768
-1.245284e-07	-0.0244
-1.225284e-07	-0.02809
-1.205284e-07	-0.0244
-1.185284e-07	-0.0244
-1.165284e-07	-0.02604
-1.145284e-07	-0.02604
-1.125284e-07	-0.02604
-1.105284e-07	-0.02399
-1.085284e-07	-0.02604
-1.065284e-07	-0.02686
-1.045284e-07	-0.02563
-1.025284e-07	-0.02973
-1.005284e-07	-0.02891
-9.852835e-08	-0.02686
-9.652835e-08	-0.02604
-9.452835e-08	-0.02604
-9.252835e-08	-0.02481
-9.052835e-08	-0.02932
-8.852835e-08	-0.02563
-8.652835e-08	-0.02563
-8.452835e-08	-0.02522
-8.252835e-08	-0.02891
-8.052835e-08	-0.0244
-7.852835e-08	-0.02358
-7.652835e-08	-0.02358
-7.452835e-08	-0.02686
-7.252835e-08	-0.02235
-7.052835e-08	-0.0244
-6.852835e-08	-0.02399
-6.652835e-08	-0.02645
-6.452835e-08	-0.0244
-6.252835e-08	-0.02686
-6.052835e-08	-0.02522
-5.852835e-08	-0.02645
-5.652835e-08	-0.02686
-5.452835e-08	-0.02399
-5.252835e-08	-0.02358
-5.052835e-08	-0.02522
-4.852835e-08	-0.02645
-4.652835e-08	-0.02563
-4.452835e-08	-0.02235
-4.252835e-08	-0.02604
-4.052835e-08	-0.02604
-3.852835e-08	-0.02604
-3.652835e-08	-0.02399
-3.452835e-08	-0.02604
-3.252835e-08	-0.02604
-3.052835e-08	-0.02645
-2.852835e-08	-0.02194
-2.652835e-08	-0.02891
-2.452835e-08	-0.02604
-2.252835e-08	-0.02563
-2.052835e-08	-0.02481
-1.852835e-08	-0.02522
-1.652835e-08	-0.02071
-1.452835e-08	-0.02522
-1.252835e-08	-0.02358
-1.052835e-08	-0.02358
-8.528353e-09	-0.02235
-6.528353e-09	-0.0244
-4.528353e-09	-0.02153
-2.528353e-09	-0.02194
-5.28353e-10	-0.01948
1.471647e-09	-0.02112
3.471647e-09	-0.01907
5.471647e-09	-0.02194
7.471647e-09	-0.01866
9.471647e-09	-0.01948
1.147165e-08	-0.02071
1.347165e-08	-0.02194
1.547165e-08	-0.01866
1.747165e-08	-0.02071
1.947165e-08	-0.01907
2.147165e-08	-0.02358
2.347165e-08	-0.01907
2.547165e-08	-0.0203
2.747165e-08	-0.02112
2.947165e-08	-0.02358
3.147165e-08	-0.02194
3.347165e-08	-0.02276
3.547165e-08	-0.01989
3.747165e-08	-0.02071
3.947165e-08	-0.02153
4.147165e-08	-0.02071
4.347165e-08	-0.01907
4.547165e-08	-0.02194
4.747165e-08	-0.02112
4.947165e-08	-0.02112
5.147165e-08	-0.01825
5.347165e-08	-0.01948
5.547165e-08	-0.01784
5.747165e-08	-0.0203
5.947165e-08	-0.02112
6.147165e-08	-0.02276
6.347165e-08	-0.01989
6.547165e-08	-0.0203
6.747165e-08	-0.02153
6.947165e-08	-0.02153
7.147165e-08	-0.01989
7.347165e-08	-0.02112
7.547165e-08	-0.01989
7.747165e-08	-0.02153
7.947165e-08	-0.02071
8.147165e-08	-0.0203
8.347165e-08	-0.0203
8.547165e-08	-0.0203
8.747165e-08	-0.02071
8.947165e-08	-0.02153
9.147165e-08	-0.02112
9.347165e-08	-0.02358
9.547165e-08	-0.02071
9.747165e-08	-0.0203
9.947165e-08	-0.01948
1.014716e-07	-0.02399
1.034716e-07	-0.02194
1.054716e-07	-0.02276
1.074716e-07	-0.02071
1.094716e-07	-0.02194
1.114716e-07	-0.02112
1.134716e-07	-0.0203
1.154716e-07	-0.02112
1.174716e-07	-0.02276
1.194716e-07	-0.02358
1.214716e-07	-0.02235
1.234716e-07	-0.02112
1.254716e-07	-0.02317
1.274716e-07	-0.01907
1.294716e-07	-0.01907
1.314716e-07	-0.01538
1.334716e-07	-0.00759
1.354716e-07	0.01373
1.374716e-07	0.04776
1.394716e-07	0.09778
1.414716e-07	0.156
1.434716e-07	0.22406
1.454716e-07	0.28966
1.474716e-07	0.35649
1.494716e-07	0.41717
1.514716e-07	0.48195
1.534716e-07	0.53771
1.554716e-07	0.58978
1.574716e-07	0.63857
1.594716e-07	0.68244
1.614716e-07	0.72221
1.634716e-07	0.76116
1.654716e-07	0.79191
1.674716e-07	0.8202
1.694716e-07	0.84193
1.714716e-07	0.86243
1.734716e-07	0.8776
1.754716e-07	0.89195
1.774716e-07	0.90015
1.794716e-07	0.91163
1.814716e-07	0.91491
1.834716e-07	0.91983
1.854716e-07	0.92065
1.874716e-07	0.92311
1.894716e-07	0.91655
1.914716e-07	0.91368
1.934716e-07	0.90507
1.954716e-07	0.89933
1.974716e-07	0.89318
1.994716e-07	0.88908
2.014716e-07	0.87596
2.034716e-07	0.86694
2.054716e-07	0.85505
2.074716e-07	0.84398
2.094716e-07	0.82922
2.114716e-07	0.81651
2.134716e-07	0.8038
2.154716e-07	0.79273
2.174716e-07	0.77879
2.194716e-07	0.76526
2.214716e-07	0.75132
2.234716e-07	0.73779
2.254716e-07	0.7218
2.274716e-07	0.71073
2.294716e-07	0.69433
2.314716e-07	0.67957
2.334716e-07	0.66276
2.354716e-07	0.65087
2.374716e-07	0.63734
2.394716e-07	0.62463
2.414716e-07	0.61069
2.434716e-07	0.59962
2.454716e-07	0.58199
2.474716e-07	0.5701
2.494716e-07	0.55821
2.514716e-07	0.54509
2.534716e-07	0.53115
2.554716e-07	0.51926
2.574716e-07	0.50655
2.594716e-07	0.4963
2.614716e-07	0.48236
2.634716e-07	0.47088
2.654716e-07	0.45776
2.674716e-07	0.44915
2.694716e-07	0.43521
2.714716e-07	0.42619
2.734716e-07	0.41307
2.754716e-07	0.40692
2.774716e-07	0.39421
2.794716e-07	0.38478
2.814716e-07	0.37371
2.834716e-07	0.36428
2.854716e-07	0.35321
2.874716e-07	0.34419
2.894716e-07	0.33517
2.914716e-07	0.32656
2.934716e-07	0.31795
2.954716e-07	0.31057
2.974716e-07	0.30196
2.994716e-07	0.29663
3.014716e-07	0.28679
3.034716e-07	0.27777
3.054716e-07	0.26916
3.074716e-07	0.26547
3.094716e-07	0.25481
3.114716e-07	0.24989
3.134716e-07	0.24292
3.154716e-07	0.23718
3.174716e-07	0.2298
3.194716e-07	0.22406
3.214716e-07	0.21627
3.234716e-07	0.21299
3.254716e-07	0.20684
3.274716e-07	0.20151
3.294716e-07	0.19618
3.314716e-07	0.19085
3.334716e-07	0.18675
3.354716e-07	0.1806
3.374716e-07	0.17855
3.394716e-07	0.17281
3.414716e-07	0.16748
3.434716e-07	0.16297
3.454716e-07	0.15846
3.474716e-07	0.15559
3.494716e-07	0.14985
3.514716e-07	0.14452
3.534716e-07	0.1437
3.554716e-07	0.13919
3.574716e-07	0.13468
3.594716e-07	0.1314
3.614716e-07	0.1273
3.634716e-07	0.12566
3.654716e-07	0.12115
3.674716e-07	0.12033
3.694716e-07	0.11541
3.714716e-07	0.1109
3.734716e-07	0.10475
3.754716e-07	0.10639
3.774716e-07	0.10147
3.794716e-07	0.09983
3.814716e-07	0.0945
3.834716e-07	0.09409
3.854716e-07	0.08958
3.874716e-07	0.08835
3.894716e-07	0.08384
3.914716e-07	0.08343
3.934716e-07	0.08015
3.954716e-07	0.07933
3.974716e-07	0.07359
3.994716e-07	0.07154
4.014716e-07	0.0699
4.034716e-07	0.0658
4.054716e-07	0.06334
4.074716e-07	0.06416
4.094716e-07	0.06416
4.114716e-07	0.0617
4.134716e-07	0.05842
4.154716e-07	0.05719
4.174716e-07	0.05637
4.194716e-07	0.05473
4.214716e-07	0.04899
4.234716e-07	0.05022
4.254716e-07	0.04858
4.274716e-07	0.04694
4.294716e-07	0.04571
4.314716e-07	0.04571
4.334716e-07	0.04284
4.354716e-07	0.04284
4.374716e-07	0.03956
4.394716e-07	0.03792
4.414716e-07	0.03751
4.434716e-07	0.03546
4.454716e-07	0.03464
4.474716e-07	0.03382
4.494716e-07	0.03259
4.514716e-07	0.03177
4.534716e-07	0.02849
4.554716e-07	0.02972
4.574716e-07	0.03054
4.594716e-07	0.02603
4.614716e-07	0.02193
4.634716e-07	0.02439
4.654716e-07	0.02398
4.674716e-07	0.02152
4.694716e-07	0.0207
4.714716e-07	0.01906
4.734716e-07	0.02029
4.754716e-07	0.01865
4.774716e-07	0.01619
4.794716e-07	0.01619
4.814716e-07	0.01619
4.834716e-07	0.01537
4.854716e-07	0.01496
4.874716e-07	0.01291
4.894716e-07	0.0125
4.914716e-07	0.01127
4.934716e-07	0.01127
4.954716e-07	0.00963
4.974716e-07	0.01127
4.994716e-07	0.00881
5.014716e-07	0.00717
5.034716e-07	0.00799
5.054716e-07	0.00676
5.074716e-07	0.00389
5.094716e-07	0.0043
5.114716e-07	0.00348
5.134716e-07	0.00348
5.154716e-07	0.00389
5.174716e-07	0.00102
5.194716e-07	0.00348
5.214716e-07	-0.00021
5.234716e-07	-0.00021
5.254716e-07	-0.00021
5.274716e-07	0.00102
5.294716e-07	0.00184
5.314716e-07	-0.00308
5.334716e-07	-0.00103
5.354716e-07	-0.00144
5.374716e-07	-0.00267
5.394716e-07	-0.0039
5.414716e-07	-0.00677
5.434716e-07	-0.00513
5.454716e-07	-0.00349
5.474716e-07	-0.0039
5.494716e-07	-0.00718
5.514716e-07	-0.00677
5.534716e-07	-0.00595
5.554716e-07	-0.00677
5.574716e-07	-0.00923
5.594716e-07	-0.00882
5.614716e-07	-0.01087
5.634716e-07	-0.01005
5.654716e-07	-0.01087
5.674716e-07	-0.01128
5.694716e-07	-0.01169
5.714716e-07	-0.01046
5.734716e-07	-0.01538
5.754716e-07	-0.01128
5.774716e-07	-0.01415
5.794716e-07	-0.01374
5.814716e-07	-0.01497
5.834716e-07	-0.01497
5.854716e-07	-0.01251
5.874716e-07	-0.01702
5.894716e-07	-0.01784
5.914716e-07	-0.0162
5.934716e-07	-0.01825
5.954716e-07	-0.01743
5.974716e-07	-0.02071
5.994716e-07	-0.01907
6.014716e-07	-0.01825
6.034716e-07	-0.01784
6.054716e-07	-0.01907
6.074716e-07	-0.01784
6.094716e-07	-0.01743
6.114716e-07	-0.01702
6.134716e-07	-0.01989
6.154716e-07	-0.01825
6.174716e-07	-0.01948
6.194716e-07	-0.01948
6.214716e-07	-0.02071
6.234716e-07	-0.01948
6.254716e-07	-0.01989
6.274716e-07	-0.01866
6.294716e-07	-0.02071
6.314716e-07	-0.01743
6.334716e-07	-0.0203
6.354716e-07	-0.02071
6.374716e-07	-0.0203
6.394716e-07	-0.02071
6.414716e-07	-0.01784
6.434716e-07	-0.01907
6.454716e-07	-0.02235
6.474716e-07	-0.01989
6.494716e-07	-0.01948
6.514716e-07	-0.01948
6.534716e-07	-0.02399
6.554716e-07	-0.02153
6.574716e-07	-0.0244
6.594716e-07	-0.02194
6.614716e-07	-0.02358
6.634716e-07	-0.02317
6.654716e-07	-0.02235
6.674716e-07	-0.02235
6.694716e-07	-0.02481
6.714716e-07	-0.02399
6.734716e-07	-0.02112
6.754716e-07	-0.02153
6.774716e-07	-0.02481
6.794716e-07	-0.02358
6.814716e-07	-0.02399
6.834716e-07	-0.02153
6.854716e-07	-0.02481
6.874716e-07	-0.02153
6.894716e-07	-0.0244
6.914716e-07	-0.02399
6.934716e-07	-0.02522
6.954716e-07	-0.02235
6.974716e-07	-0.0244
6.994716e-07	-0.02481
7.014716e-07	-0.02399
7.034716e-07	-0.02112
7.054716e-07	-0.02399
7.074716e-07	-0.02399
7.094716e-07	-0.02768
7.114716e-07	-0.02522
7.134716e-07	-0.02399
7.154716e-07	-0.02358
7.174716e-07	-0.02522
7.194716e-07	-0.02194
7.214716e-07	-0.02358
7.234716e-07	-0.02358
7.254716e-07	-0.02768
7.274716e-07	-0.0244
7.294716e-07	-0.0244
7.314716e-07	-0.02399
7.334716e-07	-0.02645
7.354716e-07	-0.02276
7.374716e-07	-0.02399
7.394716e-07	-0.02276
7.414716e-07	-0.02563
7.434716e-07	-0.01989
7.454716e-07	-0.02317
7.474716e-07	-0.02235
7.494716e-07	-0.02727
7.514716e-07	-0.02522
7.534716e-07	-0.02358
7.554716e-07	-0.02358
7.574716e-07	-0.02563
7.594716e-07	-0.02481
7.614716e-07	-0.02522
7.634716e-07	-0.02276
7.654716e-07	-0.02563
7.674716e-07	-0.02399
7.694716e-07	-0.02973
7.714716e-07	-0.02604
7.734716e-07	-0.02563
7.754716e-07	-0.02686
7.774716e-07	-0.02686
7.794716e-07	-0.02686
7.814716e-07	-0.02645
7.834716e-07	-0.02563
7.854716e-07	-0.02563
7.874716e-07	-0.02399
7.894716e-07	-0.02686
7.914716e-07	-0.02604
7.934716e-07	-0.02645
7.954716e-07	-0.02645
7.974716e-07	-0.02645
7.994716e-07	-0.02563
8.014716e-07	-0.02973
8.034716e-07	-0.02481
8.054716e-07	-0.02973
8.074716e-07	-0.02604
8.094716e-07	-0.02645
8.114716e-07	-0.0244
8.134716e-07	-0.02686
8.154716e-07	-0.02768
8.174716e-07	-0.02932
8.194716e-07	-0.02809
8.214716e-07	-0.02768
8.234716e-07	-0.02563
8.254716e-07	-0.02686
8.274716e-07	-0.02809
8.294716e-07	-0.02604
8.314716e-07	-0.02317
8.334716e-07	-0.02686
8.354716e-07	-0.02481
8.374716e-07	-0.02727
8.394716e-07	-0.02399
8.414716e-07	-0.02645
8.434716e-07	-0.02358
8.454716e-07	-0.02481
8.474716e-07	-0.0244
8.494716e-07	-0.02317
8.514716e-07	-0.0244
8.534716e-07	-0.02317
8.554716e-07	-0.02358
8.574716e-07	-0.02276
8.594716e-07	-0.02317
8.614716e-07	-0.02399
8.634716e-07	-0.02276
8.654716e-07	-0.02071
8.674716e-07	-0.01948
8.694716e-07	-0.02235
8.714716e-07	-0.02071
8.734716e-07	-0.02071
8.754716e-07	-0.02235
8.774716e-07	-0.02112
8.794716e-07	-0.01907
8.814716e-07	-0.01989
8.834716e-07	-0.01948
8.854716e-07	-0.02358
8.874716e-07	-0.02153
8.894716e-07	-0.0203
8.914716e-07	-0.02112
8.934716e-07	-0.02235
8.954716e-07	-0.02071
8.974716e-07	-0.02071
8.994716e-07	-0.01948
9.014716e-07	-0.01989
9.034716e-07	-0.01989
9.054716e-07	-0.0203
9.074716e-07	-0.01825
9.094716e-07	-0.02276
9.114716e-07	-0.02071
9.134716e-07	-0.0203
9.154716e-07	-0.02276
9.174716e-07	-0.02153
9.194716e-07	-0.0203
9.214716e-07	-0.02276
9.234716e-07	-0.02235
9.254716e-07	-0.02235
9.274716e-07	-0.02317
9.294716e-07	-0.02522
9.314716e-07	-0.02358
9.334716e-07	-0.02522
9.354716e-07	-0.02358
9.374716e-07	-0.0244
9.394716e-07	-0.02317
9.414716e-07	-0.02522
9.434716e-07	-0.02276
9.454716e-07	-0.02112
9.474716e-07	-0.0244
9.494716e-07	-0.02112
9.514716e-07	-0.02194
9.534716e-07	-0.02235
9.554716e-07	-0.02399
9.574716e-07	-0.02727
9.594716e-07	-0.02194
9.614716e-07	-0.02399
9.634716e-07	-0.02481
9.654716e-07	-0.02604
9.674716e-07	-0.02481
9.694716e-07	-0.02276
9.714716e-07	-0.0244
9.734716e-07	-0.02768
9.754716e-07	-0.02522
9.774716e-07	-0.02563
9.794716e-07	-0.02235
9.814716e-07	-0.02686
9.834716e-07	-0.02645
9.854716e-07	-0.02481
9.874716e-07	-0.02727
9.894716e-07	-0.0244
9.914716e-07	-0.02399
9.934716e-07	-0.02686
9.954716e-07	-0.02645
9.974716e-07	-0.02932
9.994716e-07	-0.02522
1.001472e-06	-0.02604
1.003472e-06	-0.02604
1.005472e-06	-0.02768
1.007472e-06	-0.02727
1.009472e-06	-0.02522
1.011472e-06	-0.02727
1.013472e-06	-0.03055
1.015472e-06	-0.02563
1.017472e-06	-0.02645
1.019472e-06	-0.02727
1.021472e-06	-0.02563
1.023472e-06	-0.02686
1.025472e-06	-0.02604
1.027472e-06	-0.02604
1.029472e-06	-0.02932
1.031472e-06	-0.02645
1.033472e-06	-0.02604
1.035472e-06	-0.02727
1.037472e-06	-0.02932
1.039472e-06	-0.0285
1.041472e-06	-0.03014
1.043472e-06	-0.02768
1.045472e-06	-0.03014
1.047472e-06	-0.02768
1.049472e-06	-0.02686
1.051472e-06	-0.02727
1.053472e-06	-0.0285
1.055472e-06	-0.0285
1.057472e-06	-0.02768
1.059472e-06	-0.02809
1.061472e-06	-0.03055
1.063472e-06	-0.03055
1.065472e-06	-0.02809
1.067472e-06	-0.02768
1.069472e-06	-0.02932
1.071472e-06	-0.02563
1.073472e-06	-0.02727
1.075472e-06	-0.02727
1.077472e-06	-0.0285
1.079472e-06	-0.02768
1.081472e-06	-0.02645
1.083472e-06	-0.02604
1.085472e-06	-0.02891
1.087472e-06	-0.02604
1.089472e-06	-0.02727
1.091472e-06	-0.02522
1.093472e-06	-0.03014
1.095472e-06	-0.02645
1.097472e-06	-0.02727
1.099472e-06	-0.02604
1.101472e-06	-0.02932
1.103472e-06	-0.02645
1.105472e-06	-0.02686
1.107472e-06	-0.02768
1.109472e-06	-0.02768
1.111472e-06	-0.02481
1.113472e-06	-0.02686
1.115472e-06	-0.02727
1.117472e-06	-0.02604
1.119472e-06	-0.02604
1.121472e-06	-0.02686
1.123472e-06	-0.02891
1.125472e-06	-0.02932
1.127472e-06	-0.02768
1.129472e-06	-0.02891
1.131472e-06	-0.03055
1.133472e-06	-0.03055
1.135472e-06	-0.02604
1.137472e-06	-0.02891
1.139472e-06	-0.02686
1.141472e-06	-0.03055
1.143472e-06	-0.02973
1.145472e-06	-0.02809
1.147472e-06	-0.02973
1.149472e-06	-0.02973
1.151472e-06	-0.02891
1.153472e-06	-0.02932
1.155472e-06	-0.02727
1.157472e-06	-0.03014
1.159472e-06	-0.02686
1.161472e-06	-0.02932
1.163472e-06	-0.02768
1.165472e-06	-0.03055
1.167472e-06	-0.02973
1.169472e-06	-0.02686
1.171472e-06	-0.02727
1.173472e-06	-0.03014
1.175472e-06	-0.02768
1.177472e-06	-0.02727
1.179472e-06	-0.02809
1.181472e-06	-0.0285
1.183472e-06	-0.02809
1.185472e-06	-0.02891
1.187472e-06	-0.02727
1.189472e-06	-0.03014
1.191472e-06	-0.02645
1.193472e-06	-0.02768
1.195472e-06	-0.0285
1.197472e-06	-0.02809
1.199472e-06	-0.02727
1.201472e-06	-0.02686
1.203472e-06	-0.02645
1.205472e-06	-0.02727
1.207472e-06	-0.02645
1.209472e-06	-0.02604
1.211472e-06	-0.02604
1.213472e-06	-0.02686
1.215472e-06	-0.02727
1.217472e-06	-0.02809
1.219472e-06	-0.02563
1.221472e-06	-0.02686
1.223472e-06	-0.02522
1.225472e-06	-0.02809
1.227472e-06	-0.02768
1.229472e-06	-0.02645
1.231472e-06	-0.02604
1.233472e-06	-0.02481
1.235472e-06	-0.02563
1.237472e-06	-0.02809
1.239472e-06	-0.02522
1.241472e-06	-0.02768
1.243472e-06	-0.02727
1.245472e-06	-0.02891
1.247472e-06	-0.02686
1.249472e-06	-0.02686
1.251472e-06	-0.02563
1.253472e-06	-0.02973
1.255472e-06	-0.02891
1.257472e-06	-0.02604
1.259472e-06	-0.02522
1.261472e-06	-0.0285
1.263472e-06	-0.02768
1.265472e-06	-0.0244
1.267472e-06	-0.02686
1.269472e-06	-0.02727
1.271472e-06	-0.02563
1.273472e-06	-0.02481
1.275472e-06	-0.02645
1.277472e-06	-0.02604
1.279472e-06	-0.02358
1.281472e-06	-0.02645
1.283472e-06	-0.02563
1.285472e-06	-0.02563
1.287472e-06	-0.02358
1.289472e-06	-0.02768
1.291472e-06	-0.02399
1.293472e-06	-0.02727
1.295472e-06	-0.02317
1.297472e-06	-0.02276
1.299472e-06	-0.02563
1.301472e-06	-0.02645
1.303472e-06	-0.02768
1.305472e-06	-0.02686
1.307472e-06	-0.02235
1.309472e-06	-0.02645
1.311472e-06	-0.02645
1.313472e-06	-0.02809
1.315472e-06	-0.0244
1.317472e-06	-0.0285
1.319472e-06	-0.02563
1.321472e-06	-0.02481
1.323472e-06	-0.02481
1.325472e-06	-0.02563
1.327472e-06	-0.02276
1.329472e-06	-0.02481
1.331472e-06	-0.02358
1.333472e-06	-0.02399
1.335472e-06	-0.02481
1.337472e-06	-0.02522
1.339472e-06	-0.02358
1.341472e-06	-0.02604
1.343472e-06	-0.02317
1.345472e-06	-0.02481
1.347472e-06	-0.02276
1.349472e-06	-0.02358
1.351472e-06	-0.02317
1.353472e-06	-0.02194
1.355472e-06	-0.02276
1.357472e-06	-0.0244
1.359472e-06	-0.02071
1.361472e-06	-0.02194
1.363472e-06	-0.02194
1.365472e-06	-0.02481
1.367472e-06	-0.02112
1.369472e-06	-0.02112
1.371472e-06	-0.0203
1.373472e-06	-0.0244
1.375472e-06	-0.01907
1.377472e-06	-0.02399
1.379472e-06	-0.02194
1.381472e-06	-0.02276
1.383472e-06	-0.02276
1.385472e-06	-0.0203
1.387472e-06	-0.02071
1.389472e-06	-0.02235
1.391472e-06	-0.02194
1.393472e-06	-0.02317
1.395472e-06	-0.02235
1.397472e-06	-0.0244
1.399472e-06	-0.02235
1.401472e-06	-0.0244
1.403472e-06	-0.02399
1.405472e-06	-0.02276
1.407472e-06	-0.02276
1.409472e-06	-0.02276
1.411472e-06	-0.02112
1.413472e-06	-0.02563
1.415472e-06	-0.0244
1.417472e-06	-0.02604
1.419472e-06	-0.0244
1.421472e-06	-0.0244
1.423472e-06	-0.02317
1.425472e-06	-0.02481
1.427472e-06	-0.02686
1.429472e-06	-0.02522
1.431472e-06	-0.02399
1.433472e-06	-0.02604
1.435472e-06	-0.02563
1.437472e-06	-0.02727
1.439472e-06	-0.02686
1.441472e-06	-0.02645
1.443472e-06	-0.02522
1.445472e-06	-0.02604
1.447472e-06	-0.02563
1.449472e-06	-0.02604
1.451472e-06	-0.03055
1.453472e-06	-0.02686
1.455472e-06	-0.02522
1.457472e-06	-0.02604
1.459472e-06	-0.02768
1.461472e-06	-0.02768
1.463472e-06	-0.02522
1.465472e-06	-0.02686
1.467472e-06	-0.02768
1.469472e-06	-0.02727
1.471472e-06	-0.02809
1.473472e-06	-0.0285
1.475472e-06	-0.02727
1.477472e-06	-0.03014
1.479472e-06	-0.02768
1.481472e-06	-0.02727
1.483472e-06	-0.02522
1.485472e-06	-0.02891
1.487472e-06	-0.02809
1.489472e-06	-0.03014
1.491472e-06	-0.0244
1.493472e-06	-0.02768
1.495472e-06	-0.02686
1.497472e-06	-0.02932
1.499472e-06	-0.02358
1.501472e-06	-0.02891
1.503472e-06	-0.02645
1.505472e-06	-0.02973
1.507472e-06	-0.02768
1.509472e-06	-0.03014
1.511472e-06	-0.02645
1.513472e-06	-0.02809
1.515472e-06	-0.02727
1.517472e-06	-0.02809
1.519472e-06	-0.02768
1.521472e-06	-0.02399
1.523472e-06	-0.02563
1.525472e-06	-0.0285
1.527472e-06	-0.02604
1.529472e-06	-0.02768
1.531472e-06	-0.02973
1.533472e-06	-0.03178
1.535472e-06	-0.02522
1.537472e-06	-0.02768
1.539472e-06	-0.02727
1.541472e-06	-0.02891
1.543472e-06	-0.02604
1.545472e-06	-0.02809
1.547472e-06	-0.02645
1.549472e-06	-0.03096
1.551472e-06	-0.02768
1.553472e-06	-0.02686
1.555472e-06	-0.02768
1.557472e-06	-0.0285
1.559472e-06	-0.02768
1.561472e-06	-0.02727
1.563472e-06	-0.02727
1.565472e-06	-0.0285
1.567472e-06	-0.02809
1.569472e-06	-0.02932
1.571472e-06	-0.02932
1.573472e-06	-0.03055
1.575472e-06	-0.02809
1.577472e-06	-0.02563
1.579472e-06	-0.02686
1.581472e-06	-0.02973
1.583472e-06	-0.02809
1.585472e-06	-0.02973
1.587472e-06	-0.02686
1.589472e-06	-0.02891
1.591472e-06	-0.02768
1.593472e-06	-0.03055
1.595472e-06	-0.0285
1.597472e-06	-0.0285
1.599472e-06	-0.02809
1.601472e-06	-0.02973
1.603472e-06	-0.02932
1.605472e-06	-0.02891
1.607472e-06	-0.02809
1.609472e-06	-0.02727
1.611472e-06	-0.02809
1.613472e-06	-0.0285
1.615472e-06	-0.02645
1.617472e-06	-0.02768
1.619472e-06	-0.0285
1.621472e-06	-0.02645
1.623472e-06	-0.0285
1.625472e-06	-0.02973
1.627472e-06	-0.03014
1.629472e-06	-0.02932
1.631472e-06	-0.02604
1.633472e-06	-0.02686
1.635472e-06	-0.02686
1.637472e-06	-0.02768
1.639472e-06	-0.02522
1.641472e-06	-0.02604
1.643472e-06	-0.02768
1.645472e-06	-0.02645
1.647472e-06	-0.02481
1.649472e-06	-0.0244
1.651472e-06	-0.02604
1.653472e-06	-0.02645
1.655472e-06	-0.02522
1.657472e-06	-0.02481
1.659472e-06	-0.02563
1.661472e-06	-0.02563
1.663472e-06	-0.02604
1.665472e-06	-0.02686
1.667472e-06	-0.02727
1.669472e-06	-0.02563
1.671472e-06	-0.02563
1.673472e-06	-0.02604
1.675472e-06	-0.02604
1.677472e-06	-0.02686
1.679472e-06	-0.02235
1.681472e-06	-0.02604
1.683472e-06	-0.02522
1.685472e-06	-0.02399
1.687472e-06	-0.02153
1.689472e-06	-0.0244
1.691472e-06	-0.02317
1.693472e-06	-0.02399
1.695472e-06	-0.02358
1.697472e-06	-0.02481
1.699472e-06	-0.0244
1.701472e-06	-0.02522
1.703472e-06	-0.02399
1.705472e-06	-0.02317
1.707472e-06	-0.01907
1.709472e-06	-0.02481
1.711472e-06	-0.0244
1.713472e-06	-0.02358
1.715472e-06	-0.02358
1.717472e-06	-0.0244
1.719472e-06	-0.0203
1.721472e-06	-0.02522
1.723472e-06	-0.02276
1.725472e-06	-0.02563
1.727472e-06	-0.01948
1.729472e-06	-0.02399
1.731472e-06	-0.02153
1.733472e-06	-0.0244
1.735472e-06	-0.02481
1.737472e-06	-0.02276
1.739472e-06	-0.02071
1.741472e-06	-0.02317
1.743472e-06	-0.02358
1.745472e-06	-0.0244
1.747472e-06	-0.02399
1.749472e-06	-0.02522
1.751472e-06	-0.02194
1.753472e-06	-0.02399
1.755472e-06	-0.02235
1.757472e-06	-0.02358
1.759472e-06	-0.0203
1.761472e-06	-0.02194
1.763472e-06	-0.02276
1.765472e-06	-0.02481
1.767472e-06	-0.02071
1.769472e-06	-0.02194
1.771472e-06	-0.0244
1.773472e-06	-0.02727
1.775472e-06	-0.02276
1.777472e-06	-0.02276
1.779472e-06	-0.02317
1.781472e-06	-0.02481
1.783472e-06	-0.02604
1.785472e-06	-0.02522
1.787472e-06	-0.02604
1.789472e-06	-0.02686
1.791472e-06	-0.02276
1.793472e-06	-0.02481
1.795472e-06	-0.02522
1.797472e-06	-0.02481
1.799472e-06	-0.02399
1.801472e-06	-0.02399
1.803472e-06	-0.0244
1.805472e-06	-0.02727
1.807472e-06	-0.02604
1.809472e-06	-0.02522
1.811472e-06	-0.0244
1.813472e-06	-0.02563
1.815472e-06	-0.02686
1.817472e-06	-0.02604
1.819472e-06	-0.02604
1.821472e-06	-0.02481
1.823472e-06	-0.02522
1.825472e-06	-0.02645
1.827472e-06	-0.02563
1.829472e-06	-0.02768
1.831472e-06	-0.02645
1.833472e-06	-0.02686
1.835472e-06	-0.02563
1.837472e-06	-0.02686
1.839472e-06	-0.02645
1.841472e-06	-0.02645
1.843472e-06	-0.0285
1.845472e-06	-0.02686
1.847472e-06	-0.02686
1.849472e-06	-0.02768
1.851472e-06	-0.02645
1.853472e-06	-0.02973
1.855472e-06	-0.02768
1.857472e-06	-0.03055
1.859472e-06	-0.03137
1.861472e-06	-0.02932
1.863472e-06	-0.0285
1.865472e-06	-0.02563
1.867472e-06	-0.02686
1.869472e-06	-0.03096
1.871472e-06	-0.02932
1.873472e-06	-0.02727
1.875472e-06	-0.02604
1.877472e-06	-0.0285
1.879472e-06	-0.03014
1.881472e-06	-0.0285
1.883472e-06	-0.02768
1.885472e-06	-0.02973
1.887472e-06	-0.02809
1.889472e-06	-0.02645
1.891472e-06	-0.02727
1.893472e-06	-0.02891
1.895472e-06	-0.02686
1.897472e-06	-0.02686
1.899472e-06	-0.02645
1.901472e-06	-0.0285
1.903472e-06	-0.02768
1.905472e-06	-0.02727
1.907472e-06	-0.02727
1.909472e-06	-0.03096
1.911472e-06	-0.02604
1.913472e-06	-0.02932
1.915472e-06	-0.02809
1.917472e-06	-0.03014
1.919472e-06	-0.0285
1.921472e-06	-0.02973
1.923472e-06	-0.02768
1.925472e-06	-0.03055
1.927472e-06	-0.02645
1.929472e-06	-0.02891
1.931472e-06	-0.02768
1.933472e-06	-0.03055
1.935472e-06	-0.02686
1.937472e-06	-0.02891
1.939472e-06	-0.02809
1.941472e-06	-0.02973
1.943472e-06	-0.02891
1.945472e-06	-0.02604
1.947472e-06	-0.0285
1.949472e-06	-0.03014
1.951472e-06	-0.02768
1.953472e-06	-0.02891
1.955472e-06	-0.03055
1.957472e-06	-0.02973
1.959472e-06	-0.02809
1.961472e-06	-0.03014
1.963472e-06	-0.02645
1.965472e-06	-0.03055
1.967472e-06	-0.02932
1.969472e-06	-0.03096
1.971472e-06	-0.02727
1.973472e-06	-0.02768
1.975472e-06	-0.02891
1.977472e-06	-0.02645
1.979472e-06	-0.02604
1.981472e-06	-0.03055
1.983472e-06	-0.02686
1.985472e-06	-0.0244
1.987472e-06	-0.02768
1.989472e-06	-0.02932
1.991472e-06	-0.02604
1.993472e-06	-0.02563
1.995472e-06	-0.02891
1.997472e-06	-0.03055
1.999472e-06	-0.02727
2.001472e-06	-0.02686
2.003472e-06	-0.02645
2.005472e-06	-0.0285
2.007472e-06	-0.02727
2.009472e-06	-0.02891
2.011472e-06	-0.02809
2.013472e-06	-0.02645
2.015472e-06	-0.02809
2.017472e-06	-0.02932
2.019472e-06	-0.02645
2.021472e-06	-0.02768
2.023472e-06	-0.02563
2.025472e-06	-0.02727
2.027472e-06	-0.02891
2.029472e-06	-0.03055
2.031472e-06	-0.02809
2.033472e-06	-0.0285
2.035472e-06	-0.02645
2.037472e-06	-0.02809
2.039472e-06	-0.02768
2.041472e-06	-0.02686
2.043472e-06	-0.02481
2.045472e-06	-0.02686
2.047472e-06	-0.02727
2.049472e-06	-0.0285
2.051472e-06	-0.02727
2.053472e-06	-0.02809
2.055472e-06	-0.02686
2.057472e-06	-0.02686
2.059472e-06	-0.02563
2.061472e-06	-0.02645
2.063472e-06	-0.02727
2.065472e-06	-0.02727
2.067472e-06	-0.0285
2.069472e-06	-0.03055
2.071472e-06	-0.02768
2.073472e-06	-0.0285
2.075472e-06	-0.02932
2.077472e-06	-0.0285
2.079472e-06	-0.02727
2.081472e-06	-0.02809
2.083472e-06	-0.0285
2.085472e-06	-0.03219
2.087472e-06	-0.02768
2.089472e-06	-0.0285
2.091472e-06	-0.02686
2.093472e-06	-0.02768
2.095472e-06	-0.02645
2.097472e-06	-0.02727
2.099472e-06	-0.02563
2.101472e-06	-0.02727
2.103472e-06	-0.02399
2.105472e-06	-0.02686
2.107472e-06	-0.02399
2.109472e-06	-0.02686
2.111472e-06	-0.02563
2.113472e-06	-0.02563
2.115472e-06	-0.02481
2.117472e-06	-0.02481
2.119472e-06	-0.02358
2.121472e-06	-0.02358
2.123472e-06	-0.0244
2.125472e-06	-0.02563
2.127472e-06	-0.02317
2.129472e-06	-0.02563
2.131472e-06	-0.02235
2.133472e-06	-0.02727
2.135472e-06	-0.02235
2.137472e-06	-0.02522
2.139472e-06	-0.02235
2.141472e-06	-0.02727
2.143472e-06	-0.02276
2.145472e-06	-0.02399
2.147472e-06	-0.02399
2.149472e-06	-0.02563
2.151472e-06	-0.02399
2.153472e-06	-0.02522
2.155472e-06	-0.02276
2.157472e-06	-0.02645
2.159472e-06	-0.02194
2.161472e-06	-0.0244
2.163472e-06	-0.02317
2.165472e-06	-0.02645
2.167472e-06	-0.02358
2.169472e-06	-0.02481
2.171472e-06	-0.02399
2.173472e-06	-0.02563
2.175472e-06	-0.02399
2.177472e-06	-0.02317
2.179472e-06	-0.02399
2.181472e-06	-0.02645
2.183472e-06	-0.02522
2.185472e-06	-0.02563
2.187472e-06	-0.02604
2.189472e-06	-0.02686
2.191472e-06	-0.0244
2.193472e-06	-0.02481
2.195472e-06	-0.02563
2.197472e-06	-0.02645
2.199472e-06	-0.02604
2.201472e-06	-0.02604
2.203472e-06	-0.02399
2.205472e-06	-0.02604
2.207472e-06	-0.02481
2.209472e-06	-0.02358
2.211472e-06	-0.02358
2.213472e-06	-0.02563
2.215472e-06	-0.02604
2.217472e-06	-0.02727
2.219472e-06	-0.02399
2.221472e-06	-0.02686
2.223472e-06	-0.02522
2.225472e-06	-0.02358
2.227472e-06	-0.02358
2.229472e-06	-0.02563
2.231472e-06	-0.02235
2.233472e-06	-0.02481
2.235472e-06	-0.02563
2.237472e-06	-0.02522
2.239472e-06	-0.02563
2.241472e-06	-0.02604
2.243472e-06	-0.02399
2.245472e-06	-0.02727
2.247472e-06	-0.02358
2.249472e-06	-0.02645
2.251472e-06	-0.02399
2.253472e-06	-0.02809
2.255472e-06	-0.02399
2.257472e-06	-0.02317
2.259472e-06	-0.02481
2.261472e-06	-0.02563
2.263472e-06	-0.02481
2.265472e-06	-0.02563
2.267472e-06	-0.02522
2.269472e-06	-0.02563
2.271472e-06	-0.02727
2.273472e-06	-0.02481
2.275472e-06	-0.02317
2.277472e-06	-0.02768
2.279472e-06	-0.02563
2.281472e-06	-0.02809
2.283472e-06	-0.02686
2.285472e-06	-0.02563
2.287472e-06	-0.02358
2.289472e-06	-0.0244
2.291472e-06	-0.02604
2.293472e-06	-0.02604
2.295472e-06	-0.02317
2.297472e-06	-0.02481
2.299472e-06	-0.02563
2.301472e-06	-0.02604
2.303472e-06	-0.02563
2.305472e-06	-0.02563
2.307472e-06	-0.02686
2.309472e-06	-0.02645
2.311472e-06	-0.02481
2.313472e-06	-0.02809
2.315472e-06	-0.02522
2.317472e-06	-0.02481
2.319472e-06	-0.0244
2.321472e-06	-0.02563
2.323472e-06	-0.02358
2.325472e-06	-0.02727
2.327472e-06	-0.02563
2.329472e-06	-0.02686
2.331472e-06	-0.02686
2.333472e-06	-0.02809
2.335472e-06	-0.02563
2.337472e-06	-0.0244
2.339472e-06	-0.02563
2.341472e-06	-0.02768
2.343472e-06	-0.02563
2.345472e-06	-0.02522
2.347472e-06	-0.02686
2.349472e-06	-0.02686
2.351472e-06	-0.0244
2.353472e-06	-0.02645
2.355472e-06	-0.02399
2.357472e-06	-0.02686
2.359472e-06	-0.0244
2.361472e-06	-0.02604
2.363472e-06	-0.02522
2.365472e-06	-0.02809
2.367472e-06	-0.02399
2.369472e-06	-0.02522
2.371472e-06	-0.02194
2.373472e-06	-0.0244
2.375472e-06	-0.02317
2.377472e-06	-0.02481
2.379472e-06	-0.02522
2.381472e-06	-0.02727
2.383472e-06	-0.0244
2.385472e-06	-0.02522
2.387472e-06	-0.02604
2.389472e-06	-0.02522
2.391472e-06	-0.02522
2.393472e-06	-0.02727
2.395472e-06	-0.02358
2.397472e-06	-0.02645
2.399472e-06	-0.02399
2.401472e-06	-0.02358
2.403472e-06	-0.02112
2.405472e-06	-0.0244
2.407472e-06	-0.0244
2.409472e-06	-0.02358
2.411472e-06	-0.02522
2.413472e-06	-0.02809
2.415472e-06	-0.02358
2.417472e-06	-0.02399
2.419472e-06	-0.02235
2.421472e-06	-0.02768
2.423472e-06	-0.02276
2.425472e-06	-0.02522
2.427472e-06	-0.02358
2.429472e-06	-0.02481
2.431472e-06	-0.02481
2.433472e-06	-0.02563
2.435472e-06	-0.02399
2.437472e-06	-0.02645
2.439472e-06	-0.02645
2.441472e-06	-0.02522
2.443472e-06	-0.02276
2.445472e-06	-0.02481
2.447472e-06	-0.0285
2.449472e-06	-0.02727
2.451472e-06	-0.02481
2.453472e-06	-0.02768
2.455472e-06	-0.02973
2.457472e-06	-0.02727
2.459472e-06	-0.02399
2.461472e-06	-0.02768
2.463472e-06	-0.02809
2.465472e-06	-0.02809
2.467472e-06	-0.0285
2.469472e-06	-0.02891
2.471472e-06	-0.02563
2.473472e-06	-0.02809
2.475472e-06	-0.02809
2.477472e-06	-0.02809
2.479472e-06	-0.02645
2.481472e-06	-0.02645
2.483472e-06	-0.02727
2.485472e-06	-0.0285
2.487472e-06	-0.02604
2.489472e-06	-0.02809
2.491472e-06	-0.02645
2.493472e-06	-0.02809
2.495472e-06	-0.02686
2.497472e-06	-0.02686
2.499472e-06	-0.02973
2.501472e-06	-0.03055
