LECROYHDO6104A	50809	Waveform
Segments	1	SegmentSize	2502
Segment	TrigTime	TimeSinceSegment1
#1	19-Dec-2022 20:03:26	0                 
Time	Ampl
-2.500318e-06	-0.0214
-2.498318e-06	-0.022
-2.496318e-06	-0.0224
-2.494318e-06	-0.0228
-2.492318e-06	-0.0212
-2.490318e-06	-0.022
-2.488318e-06	-0.022
-2.486318e-06	-0.0218
-2.484318e-06	-0.0202
-2.482318e-06	-0.0212
-2.480318e-06	-0.0206
-2.478318e-06	-0.0218
-2.476318e-06	-0.0202
-2.474318e-06	-0.0212
-2.472318e-06	-0.0216
-2.470318e-06	-0.0214
-2.468318e-06	-0.0208
-2.466318e-06	-0.0212
-2.464318e-06	-0.0206
-2.462318e-06	-0.0206
-2.460318e-06	-0.0202
-2.458318e-06	-0.0204
-2.456318e-06	-0.021
-2.454318e-06	-0.0208
-2.452318e-06	-0.0202
-2.450318e-06	-0.0208
-2.448318e-06	-0.0206
-2.446318e-06	-0.0214
-2.444318e-06	-0.0196
-2.442318e-06	-0.02
-2.440318e-06	-0.0204
-2.438318e-06	-0.0198
-2.436318e-06	-0.0194
-2.434318e-06	-0.02
-2.432318e-06	-0.0202
-2.430318e-06	-0.021
-2.428318e-06	-0.0192
-2.426318e-06	-0.02
-2.424318e-06	-0.02
-2.422318e-06	-0.02
-2.420318e-06	-0.018
-2.418318e-06	-0.0188
-2.416318e-06	-0.0188
-2.414318e-06	-0.0194
-2.412318e-06	-0.0174
-2.410318e-06	-0.0178
-2.408318e-06	-0.018
-2.406318e-06	-0.0186
-2.404318e-06	-0.018
-2.402318e-06	-0.0174
-2.400318e-06	-0.0178
-2.398318e-06	-0.0178
-2.396318e-06	-0.017
-2.394318e-06	-0.0174
-2.392318e-06	-0.0178
-2.390318e-06	-0.017
-2.388318e-06	-0.0154
-2.386318e-06	-0.0162
-2.384318e-06	-0.016
-2.382318e-06	-0.0148
-2.380318e-06	-0.0146
-2.378318e-06	-0.0152
-2.376318e-06	-0.0146
-2.374318e-06	-0.0146
-2.372318e-06	-0.0142
-2.370318e-06	-0.0154
-2.368318e-06	-0.0156
-2.366318e-06	-0.0152
-2.364318e-06	-0.0148
-2.362318e-06	-0.0154
-2.360318e-06	-0.0154
-2.358318e-06	-0.0152
-2.356318e-06	-0.0148
-2.354318e-06	-0.0154
-2.352318e-06	-0.0162
-2.350318e-06	-0.0158
-2.348318e-06	-0.0148
-2.346318e-06	-0.0156
-2.344318e-06	-0.0166
-2.342318e-06	-0.0164
-2.340318e-06	-0.0162
-2.338318e-06	-0.0162
-2.336318e-06	-0.0168
-2.334318e-06	-0.0178
-2.332318e-06	-0.0162
-2.330318e-06	-0.0174
-2.328318e-06	-0.0176
-2.326318e-06	-0.0172
-2.324318e-06	-0.0168
-2.322318e-06	-0.0172
-2.320318e-06	-0.0176
-2.318318e-06	-0.0178
-2.316318e-06	-0.0166
-2.314318e-06	-0.0174
-2.312318e-06	-0.0174
-2.310318e-06	-0.0182
-2.308318e-06	-0.0164
-2.306318e-06	-0.0166
-2.304318e-06	-0.0178
-2.302318e-06	-0.017
-2.300318e-06	-0.0164
-2.298318e-06	-0.0166
-2.296318e-06	-0.017
-2.294318e-06	-0.0176
-2.292318e-06	-0.017
-2.290318e-06	-0.0174
-2.288318e-06	-0.0182
-2.286318e-06	-0.0188
-2.284318e-06	-0.018
-2.282318e-06	-0.018
-2.280318e-06	-0.0184
-2.278318e-06	-0.0194
-2.276318e-06	-0.0182
-2.274318e-06	-0.0188
-2.272318e-06	-0.02
-2.270318e-06	-0.0194
-2.268318e-06	-0.0192
-2.266318e-06	-0.019
-2.264318e-06	-0.0196
-2.262318e-06	-0.0192
-2.260318e-06	-0.019
-2.258318e-06	-0.0192
-2.256318e-06	-0.0188
-2.254318e-06	-0.0192
-2.252318e-06	-0.019
-2.250318e-06	-0.0188
-2.248318e-06	-0.019
-2.246318e-06	-0.0194
-2.244318e-06	-0.0192
-2.242318e-06	-0.0198
-2.240318e-06	-0.02
-2.238318e-06	-0.0196
-2.236318e-06	-0.02
-2.234318e-06	-0.0204
-2.232318e-06	-0.0208
-2.230318e-06	-0.021
-2.228318e-06	-0.0212
-2.226318e-06	-0.0212
-2.224318e-06	-0.0214
-2.222318e-06	-0.022
-2.220318e-06	-0.0202
-2.218318e-06	-0.0202
-2.216318e-06	-0.0212
-2.214318e-06	-0.0214
-2.212318e-06	-0.0204
-2.210318e-06	-0.0212
-2.208318e-06	-0.0216
-2.206318e-06	-0.0212
-2.204318e-06	-0.0208
-2.202318e-06	-0.0214
-2.200318e-06	-0.0218
-2.198318e-06	-0.0214
-2.196318e-06	-0.021
-2.194318e-06	-0.0214
-2.192318e-06	-0.0214
-2.190318e-06	-0.021
-2.188318e-06	-0.0196
-2.186318e-06	-0.0208
-2.184318e-06	-0.0214
-2.182318e-06	-0.0212
-2.180318e-06	-0.0212
-2.178318e-06	-0.0198
-2.176318e-06	-0.0216
-2.174318e-06	-0.0224
-2.172318e-06	-0.0208
-2.170318e-06	-0.022
-2.168318e-06	-0.0218
-2.166318e-06	-0.0222
-2.164318e-06	-0.0208
-2.162318e-06	-0.022
-2.160318e-06	-0.0228
-2.158318e-06	-0.0218
-2.156318e-06	-0.0214
-2.154318e-06	-0.0218
-2.152318e-06	-0.0226
-2.150318e-06	-0.0222
-2.148318e-06	-0.0212
-2.146318e-06	-0.0214
-2.144318e-06	-0.0222
-2.142318e-06	-0.0218
-2.140318e-06	-0.022
-2.138318e-06	-0.022
-2.136318e-06	-0.0226
-2.134318e-06	-0.0222
-2.132318e-06	-0.0214
-2.130318e-06	-0.0216
-2.128318e-06	-0.0228
-2.126318e-06	-0.0226
-2.124318e-06	-0.0232
-2.122318e-06	-0.0228
-2.120318e-06	-0.0234
-2.118318e-06	-0.0228
-2.116318e-06	-0.0226
-2.114318e-06	-0.0228
-2.112318e-06	-0.023
-2.110318e-06	-0.0222
-2.108318e-06	-0.0218
-2.106318e-06	-0.022
-2.104318e-06	-0.0222
-2.102318e-06	-0.022
-2.100318e-06	-0.0208
-2.098318e-06	-0.0208
-2.096318e-06	-0.0202
-2.094318e-06	-0.0196
-2.092318e-06	-0.0174
-2.090318e-06	-0.0182
-2.088318e-06	-0.018
-2.086318e-06	-0.0172
-2.084318e-06	-0.0156
-2.082318e-06	-0.0158
-2.080318e-06	-0.016
-2.078318e-06	-0.0154
-2.076318e-06	-0.0134
-2.074318e-06	-0.0136
-2.072318e-06	-0.0146
-2.070318e-06	-0.0142
-2.068318e-06	-0.0122
-2.066318e-06	-0.0126
-2.064318e-06	-0.0132
-2.062318e-06	-0.0126
-2.060318e-06	-0.012
-2.058318e-06	-0.012
-2.056318e-06	-0.0126
-2.054318e-06	-0.0122
-2.052318e-06	-0.0118
-2.050318e-06	-0.0116
-2.048318e-06	-0.013
-2.046318e-06	-0.013
-2.044318e-06	-0.0122
-2.042318e-06	-0.0114
-2.040318e-06	-0.0124
-2.038318e-06	-0.0118
-2.036318e-06	-0.0116
-2.034318e-06	-0.0116
-2.032318e-06	-0.0124
-2.030318e-06	-0.0124
-2.028318e-06	-0.012
-2.026318e-06	-0.0122
-2.024318e-06	-0.0126
-2.022318e-06	-0.0128
-2.020318e-06	-0.0128
-2.018318e-06	-0.0126
-2.016318e-06	-0.0136
-2.014318e-06	-0.0138
-2.012318e-06	-0.0134
-2.010318e-06	-0.0134
-2.008318e-06	-0.0136
-2.006318e-06	-0.0142
-2.004318e-06	-0.014
-2.002318e-06	-0.0138
-2.000318e-06	-0.0148
-1.998318e-06	-0.0148
-1.996318e-06	-0.0144
-1.994318e-06	-0.0148
-1.992318e-06	-0.0154
-1.990318e-06	-0.0152
-1.988318e-06	-0.014
-1.986318e-06	-0.0146
-1.984318e-06	-0.0154
-1.982318e-06	-0.0152
-1.980318e-06	-0.0148
-1.978318e-06	-0.015
-1.976318e-06	-0.016
-1.974318e-06	-0.0152
-1.972318e-06	-0.0144
-1.970318e-06	-0.0152
-1.968318e-06	-0.0156
-1.966318e-06	-0.0156
-1.964318e-06	-0.0148
-1.962318e-06	-0.0154
-1.960318e-06	-0.0162
-1.958318e-06	-0.015
-1.956318e-06	-0.0152
-1.954318e-06	-0.0146
-1.952318e-06	-0.016
-1.950318e-06	-0.0158
-1.948318e-06	-0.015
-1.946318e-06	-0.016
-1.944318e-06	-0.0164
-1.942318e-06	-0.0164
-1.940318e-06	-0.017
-1.938318e-06	-0.0168
-1.936318e-06	-0.0176
-1.934318e-06	-0.0178
-1.932318e-06	-0.0168
-1.930318e-06	-0.017
-1.928318e-06	-0.018
-1.926318e-06	-0.0178
-1.924318e-06	-0.0172
-1.922318e-06	-0.0178
-1.920318e-06	-0.018
-1.918318e-06	-0.018
-1.916318e-06	-0.0172
-1.914318e-06	-0.0182
-1.912318e-06	-0.0184
-1.910318e-06	-0.0182
-1.908318e-06	-0.0172
-1.906318e-06	-0.0176
-1.904318e-06	-0.0176
-1.902318e-06	-0.0172
-1.900318e-06	-0.018
-1.898318e-06	-0.0172
-1.896318e-06	-0.0178
-1.894318e-06	-0.0178
-1.892318e-06	-0.0164
-1.890318e-06	-0.0172
-1.888318e-06	-0.0172
-1.886318e-06	-0.0172
-1.884318e-06	-0.016
-1.882318e-06	-0.0162
-1.880318e-06	-0.0164
-1.878318e-06	-0.0168
-1.876318e-06	-0.016
-1.874318e-06	-0.0174
-1.872318e-06	-0.0174
-1.870318e-06	-0.016
-1.868318e-06	-0.0156
-1.866318e-06	-0.0164
-1.864318e-06	-0.0174
-1.862318e-06	-0.0174
-1.860318e-06	-0.017
-1.858318e-06	-0.0164
-1.856318e-06	-0.017
-1.854318e-06	-0.0164
-1.852318e-06	-0.016
-1.850318e-06	-0.0164
-1.848318e-06	-0.0176
-1.846318e-06	-0.0168
-1.844318e-06	-0.0162
-1.842318e-06	-0.0162
-1.840318e-06	-0.0178
-1.838318e-06	-0.0186
-1.836318e-06	-0.0166
-1.834318e-06	-0.0178
-1.832318e-06	-0.0186
-1.830318e-06	-0.0176
-1.828318e-06	-0.0176
-1.826318e-06	-0.0176
-1.824318e-06	-0.0188
-1.822318e-06	-0.0186
-1.820318e-06	-0.0174
-1.818318e-06	-0.0182
-1.816318e-06	-0.0186
-1.814318e-06	-0.0184
-1.812318e-06	-0.0176
-1.810318e-06	-0.0178
-1.808318e-06	-0.0178
-1.806318e-06	-0.017
-1.804318e-06	-0.0166
-1.802318e-06	-0.0172
-1.800318e-06	-0.0182
-1.798318e-06	-0.0178
-1.796318e-06	-0.0174
-1.794318e-06	-0.0174
-1.792318e-06	-0.0174
-1.790318e-06	-0.0178
-1.788318e-06	-0.0162
-1.786318e-06	-0.017
-1.784318e-06	-0.0176
-1.782318e-06	-0.0178
-1.780318e-06	-0.0166
-1.778318e-06	-0.017
-1.776318e-06	-0.0178
-1.774318e-06	-0.0176
-1.772318e-06	-0.0168
-1.770318e-06	-0.0166
-1.768318e-06	-0.0172
-1.766318e-06	-0.0166
-1.764318e-06	-0.0168
-1.762318e-06	-0.0162
-1.760318e-06	-0.017
-1.758318e-06	-0.016
-1.756318e-06	-0.0156
-1.754318e-06	-0.0166
-1.752318e-06	-0.0164
-1.750318e-06	-0.0164
-1.748318e-06	-0.0152
-1.746318e-06	-0.0162
-1.744318e-06	-0.0168
-1.742318e-06	-0.0152
-1.740318e-06	-0.0148
-1.738318e-06	-0.015
-1.736318e-06	-0.016
-1.734318e-06	-0.0172
-1.732318e-06	-0.0162
-1.730318e-06	-0.0164
-1.728318e-06	-0.0168
-1.726318e-06	-0.0176
-1.724318e-06	-0.0164
-1.722318e-06	-0.0166
-1.720318e-06	-0.017
-1.718318e-06	-0.0176
-1.716318e-06	-0.0158
-1.714318e-06	-0.0172
-1.712318e-06	-0.0178
-1.710318e-06	-0.0182
-1.708318e-06	-0.018
-1.706318e-06	-0.0182
-1.704318e-06	-0.0188
-1.702318e-06	-0.0182
-1.700318e-06	-0.018
-1.698318e-06	-0.0176
-1.696318e-06	-0.0188
-1.694318e-06	-0.0182
-1.692318e-06	-0.0172
-1.690318e-06	-0.0176
-1.688318e-06	-0.0192
-1.686318e-06	-0.019
-1.684318e-06	-0.0176
-1.682318e-06	-0.0186
-1.680318e-06	-0.0192
-1.678318e-06	-0.0184
-1.676318e-06	-0.0174
-1.674318e-06	-0.0178
-1.672318e-06	-0.018
-1.670318e-06	-0.0176
-1.668318e-06	-0.0172
-1.666318e-06	-0.018
-1.664318e-06	-0.018
-1.662318e-06	-0.0176
-1.660318e-06	-0.0174
-1.658318e-06	-0.0178
-1.656318e-06	-0.0184
-1.654318e-06	-0.0188
-1.652318e-06	-0.0178
-1.650318e-06	-0.0186
-1.648318e-06	-0.0196
-1.646318e-06	-0.019
-1.644318e-06	-0.0184
-1.642318e-06	-0.0184
-1.640318e-06	-0.0182
-1.638318e-06	-0.0184
-1.636318e-06	-0.018
-1.634318e-06	-0.0184
-1.632318e-06	-0.0188
-1.630318e-06	-0.019
-1.628318e-06	-0.0192
-1.626318e-06	-0.0186
-1.624318e-06	-0.0188
-1.622318e-06	-0.0196
-1.620318e-06	-0.0184
-1.618318e-06	-0.0192
-1.616318e-06	-0.0202
-1.614318e-06	-0.0198
-1.612318e-06	-0.0202
-1.610318e-06	-0.0194
-1.608318e-06	-0.0212
-1.606318e-06	-0.021
-1.604318e-06	-0.0202
-1.602318e-06	-0.0214
-1.600318e-06	-0.0218
-1.598318e-06	-0.0216
-1.596318e-06	-0.0208
-1.594318e-06	-0.0202
-1.592318e-06	-0.0208
-1.590318e-06	-0.02
-1.588318e-06	-0.0192
-1.586318e-06	-0.0192
-1.584318e-06	-0.0196
-1.582318e-06	-0.0196
-1.580318e-06	-0.0198
-1.578318e-06	-0.0184
-1.576318e-06	-0.0194
-1.574318e-06	-0.0192
-1.572318e-06	-0.0184
-1.570318e-06	-0.019
-1.568318e-06	-0.02
-1.566318e-06	-0.0192
-1.564318e-06	-0.019
-1.562318e-06	-0.0192
-1.560318e-06	-0.0198
-1.558318e-06	-0.0202
-1.556318e-06	-0.0192
-1.554318e-06	-0.0186
-1.552318e-06	-0.0204
-1.550318e-06	-0.0202
-1.548318e-06	-0.0194
-1.546318e-06	-0.019
-1.544318e-06	-0.0202
-1.542318e-06	-0.02
-1.540318e-06	-0.0182
-1.538318e-06	-0.0188
-1.536318e-06	-0.0198
-1.534318e-06	-0.019
-1.532318e-06	-0.0186
-1.530318e-06	-0.0188
-1.528318e-06	-0.0198
-1.526318e-06	-0.019
-1.524318e-06	-0.019
-1.522318e-06	-0.0194
-1.520318e-06	-0.0196
-1.518318e-06	-0.019
-1.516318e-06	-0.019
-1.514318e-06	-0.0188
-1.512318e-06	-0.0202
-1.510318e-06	-0.019
-1.508318e-06	-0.0182
-1.506318e-06	-0.0186
-1.504318e-06	-0.0182
-1.502318e-06	-0.0194
-1.500318e-06	-0.0178
-1.498318e-06	-0.0186
-1.496318e-06	-0.019
-1.494318e-06	-0.0192
-1.492318e-06	-0.0178
-1.490318e-06	-0.0184
-1.488318e-06	-0.0194
-1.486318e-06	-0.0186
-1.484318e-06	-0.0184
-1.482318e-06	-0.018
-1.480318e-06	-0.019
-1.478318e-06	-0.0192
-1.476318e-06	-0.0194
-1.474318e-06	-0.0198
-1.472318e-06	-0.0204
-1.470318e-06	-0.0204
-1.468318e-06	-0.0184
-1.466318e-06	-0.0192
-1.464318e-06	-0.0202
-1.462318e-06	-0.0194
-1.460318e-06	-0.0178
-1.458318e-06	-0.0188
-1.456318e-06	-0.0186
-1.454318e-06	-0.0194
-1.452318e-06	-0.0186
-1.450318e-06	-0.018
-1.448318e-06	-0.0188
-1.446318e-06	-0.018
-1.444318e-06	-0.0166
-1.442318e-06	-0.0176
-1.440318e-06	-0.0176
-1.438318e-06	-0.0186
-1.436318e-06	-0.0176
-1.434318e-06	-0.018
-1.432318e-06	-0.018
-1.430318e-06	-0.0184
-1.428318e-06	-0.018
-1.426318e-06	-0.018
-1.424318e-06	-0.0188
-1.422318e-06	-0.0184
-1.420318e-06	-0.0182
-1.418318e-06	-0.0188
-1.416318e-06	-0.0188
-1.414318e-06	-0.0194
-1.412318e-06	-0.0188
-1.410318e-06	-0.0196
-1.408318e-06	-0.0206
-1.406318e-06	-0.0204
-1.404318e-06	-0.0198
-1.402318e-06	-0.0194
-1.400318e-06	-0.0206
-1.398318e-06	-0.0206
-1.396318e-06	-0.0198
-1.394318e-06	-0.02
-1.392318e-06	-0.0212
-1.390318e-06	-0.021
-1.388318e-06	-0.0212
-1.386318e-06	-0.0204
-1.384318e-06	-0.021
-1.382318e-06	-0.0206
-1.380318e-06	-0.0206
-1.378318e-06	-0.0214
-1.376318e-06	-0.0218
-1.374318e-06	-0.0224
-1.372318e-06	-0.0218
-1.370318e-06	-0.0214
-1.368318e-06	-0.0214
-1.366318e-06	-0.0218
-1.364318e-06	-0.0206
-1.362318e-06	-0.0204
-1.360318e-06	-0.0208
-1.358318e-06	-0.0206
-1.356318e-06	-0.0198
-1.354318e-06	-0.0196
-1.352318e-06	-0.02
-1.350318e-06	-0.02
-1.348318e-06	-0.0192
-1.346318e-06	-0.0192
-1.344318e-06	-0.0198
-1.342318e-06	-0.0192
-1.340318e-06	-0.0184
-1.338318e-06	-0.0186
-1.336318e-06	-0.0194
-1.334318e-06	-0.0178
-1.332318e-06	-0.017
-1.330318e-06	-0.0172
-1.328318e-06	-0.0178
-1.326318e-06	-0.018
-1.324318e-06	-0.0172
-1.322318e-06	-0.0174
-1.320318e-06	-0.0172
-1.318318e-06	-0.0172
-1.316318e-06	-0.0162
-1.314318e-06	-0.017
-1.312318e-06	-0.0166
-1.310318e-06	-0.0174
-1.308318e-06	-0.0166
-1.306318e-06	-0.0164
-1.304318e-06	-0.0178
-1.302318e-06	-0.0166
-1.300318e-06	-0.0162
-1.298318e-06	-0.0172
-1.296318e-06	-0.0172
-1.294318e-06	-0.0178
-1.292318e-06	-0.0164
-1.290318e-06	-0.0168
-1.288318e-06	-0.018
-1.286318e-06	-0.0182
-1.284318e-06	-0.017
-1.282318e-06	-0.018
-1.280318e-06	-0.0174
-1.278318e-06	-0.0186
-1.276318e-06	-0.0178
-1.274318e-06	-0.0184
-1.272318e-06	-0.0184
-1.270318e-06	-0.019
-1.268318e-06	-0.0172
-1.266318e-06	-0.0184
-1.264318e-06	-0.0188
-1.262318e-06	-0.0192
-1.260318e-06	-0.0178
-1.258318e-06	-0.0182
-1.256318e-06	-0.0198
-1.254318e-06	-0.0192
-1.252318e-06	-0.019
-1.250318e-06	-0.0188
-1.248318e-06	-0.0204
-1.246318e-06	-0.0202
-1.244318e-06	-0.0182
-1.242318e-06	-0.0186
-1.240318e-06	-0.0192
-1.238318e-06	-0.019
-1.236318e-06	-0.0178
-1.234318e-06	-0.0182
-1.232318e-06	-0.019
-1.230318e-06	-0.019
-1.228318e-06	-0.0184
-1.226318e-06	-0.0198
-1.224318e-06	-0.0198
-1.222318e-06	-0.02
-1.220318e-06	-0.0196
-1.218318e-06	-0.0196
-1.216318e-06	-0.0214
-1.214318e-06	-0.021
-1.212318e-06	-0.0198
-1.210318e-06	-0.0206
-1.208318e-06	-0.0218
-1.206318e-06	-0.0214
-1.204318e-06	-0.0208
-1.202318e-06	-0.0212
-1.200318e-06	-0.0212
-1.198318e-06	-0.0224
-1.196318e-06	-0.0216
-1.194318e-06	-0.0222
-1.192318e-06	-0.0222
-1.190318e-06	-0.022
-1.188318e-06	-0.021
-1.186318e-06	-0.0216
-1.184318e-06	-0.0216
-1.182318e-06	-0.0222
-1.180318e-06	-0.0216
-1.178318e-06	-0.0218
-1.176318e-06	-0.0228
-1.174318e-06	-0.0224
-1.172318e-06	-0.0218
-1.170318e-06	-0.0216
-1.168318e-06	-0.0228
-1.166318e-06	-0.0222
-1.164318e-06	-0.0216
-1.162318e-06	-0.0226
-1.160318e-06	-0.023
-1.158318e-06	-0.0226
-1.156318e-06	-0.0232
-1.154318e-06	-0.0216
-1.152318e-06	-0.023
-1.150318e-06	-0.0218
-1.148318e-06	-0.0212
-1.146318e-06	-0.0216
-1.144318e-06	-0.0222
-1.142318e-06	-0.0216
-1.140318e-06	-0.0212
-1.138318e-06	-0.0216
-1.136318e-06	-0.022
-1.134318e-06	-0.0222
-1.132318e-06	-0.0208
-1.130318e-06	-0.0222
-1.128318e-06	-0.0218
-1.126318e-06	-0.0218
-1.124318e-06	-0.0204
-1.122318e-06	-0.0212
-1.120318e-06	-0.0212
-1.118318e-06	-0.0212
-1.116318e-06	-0.0208
-1.114318e-06	-0.0208
-1.112318e-06	-0.0218
-1.110318e-06	-0.0214
-1.108318e-06	-0.0202
-1.106318e-06	-0.0212
-1.104318e-06	-0.022
-1.102318e-06	-0.0216
-1.100318e-06	-0.0212
-1.098318e-06	-0.0208
-1.096318e-06	-0.022
-1.094318e-06	-0.0226
-1.092318e-06	-0.0218
-1.090318e-06	-0.0216
-1.088318e-06	-0.0226
-1.086318e-06	-0.0224
-1.084318e-06	-0.022
-1.082318e-06	-0.0228
-1.080318e-06	-0.023
-1.078318e-06	-0.0224
-1.076318e-06	-0.0218
-1.074318e-06	-0.0228
-1.072318e-06	-0.0238
-1.070318e-06	-0.0234
-1.068318e-06	-0.0226
-1.066318e-06	-0.023
-1.064318e-06	-0.0238
-1.062318e-06	-0.0226
-1.060318e-06	-0.021
-1.058318e-06	-0.0216
-1.056318e-06	-0.0226
-1.054318e-06	-0.0216
-1.052318e-06	-0.0204
-1.050318e-06	-0.0204
-1.048318e-06	-0.0212
-1.046318e-06	-0.0204
-1.044318e-06	-0.0194
-1.042318e-06	-0.0196
-1.040318e-06	-0.0206
-1.038318e-06	-0.02
-1.036318e-06	-0.0194
-1.034318e-06	-0.0188
-1.032318e-06	-0.0196
-1.030318e-06	-0.0202
-1.028318e-06	-0.0194
-1.026318e-06	-0.0196
-1.024318e-06	-0.0202
-1.022318e-06	-0.0206
-1.020318e-06	-0.0196
-1.018318e-06	-0.0204
-1.016318e-06	-0.0206
-1.014318e-06	-0.0202
-1.012318e-06	-0.0196
-1.010318e-06	-0.0192
-1.008318e-06	-0.0204
-1.006318e-06	-0.0198
-1.004318e-06	-0.0186
-1.002318e-06	-0.019
-1.000318e-06	-0.0204
-9.983178e-07	-0.0198
-9.963178e-07	-0.0194
-9.943178e-07	-0.0192
-9.923178e-07	-0.0198
-9.903178e-07	-0.0198
-9.883178e-07	-0.0186
-9.863178e-07	-0.0188
-9.843178e-07	-0.0188
-9.823178e-07	-0.0186
-9.803178e-07	-0.018
-9.783178e-07	-0.0184
-9.763178e-07	-0.0192
-9.743178e-07	-0.0186
-9.723178e-07	-0.0186
-9.703178e-07	-0.0192
-9.683178e-07	-0.0198
-9.663178e-07	-0.0188
-9.643178e-07	-0.0198
-9.623178e-07	-0.02
-9.603178e-07	-0.0196
-9.583178e-07	-0.0194
-9.563178e-07	-0.0182
-9.543178e-07	-0.0198
-9.523178e-07	-0.0198
-9.503178e-07	-0.0196
-9.483178e-07	-0.0188
-9.463178e-07	-0.019
-9.443178e-07	-0.0198
-9.423178e-07	-0.02
-9.403178e-07	-0.02
-9.383178e-07	-0.0198
-9.363178e-07	-0.0204
-9.343178e-07	-0.02
-9.323178e-07	-0.0194
-9.303178e-07	-0.019
-9.283178e-07	-0.0198
-9.263178e-07	-0.02
-9.243178e-07	-0.0188
-9.223178e-07	-0.0192
-9.203178e-07	-0.0198
-9.183178e-07	-0.02
-9.163178e-07	-0.0192
-9.143178e-07	-0.0198
-9.123178e-07	-0.0208
-9.103178e-07	-0.0206
-9.083178e-07	-0.02
-9.063178e-07	-0.0198
-9.043178e-07	-0.0204
-9.023178e-07	-0.02
-9.003178e-07	-0.0198
-8.983178e-07	-0.0206
-8.963178e-07	-0.0208
-8.943178e-07	-0.0206
-8.923178e-07	-0.0196
-8.903178e-07	-0.02
-8.883178e-07	-0.0206
-8.863178e-07	-0.0202
-8.843178e-07	-0.0198
-8.823178e-07	-0.0192
-8.803178e-07	-0.0206
-8.783178e-07	-0.0204
-8.763178e-07	-0.0186
-8.743178e-07	-0.0204
-8.723178e-07	-0.0206
-8.703178e-07	-0.0208
-8.683178e-07	-0.0204
-8.663178e-07	-0.0208
-8.643178e-07	-0.0202
-8.623178e-07	-0.0206
-8.603178e-07	-0.0204
-8.583178e-07	-0.0206
-8.563178e-07	-0.0212
-8.543178e-07	-0.0206
-8.523178e-07	-0.021
-8.503178e-07	-0.0212
-8.483178e-07	-0.0214
-8.463178e-07	-0.0212
-8.443178e-07	-0.021
-8.423178e-07	-0.0212
-8.403178e-07	-0.0216
-8.383178e-07	-0.021
-8.363178e-07	-0.0202
-8.343178e-07	-0.0204
-8.323178e-07	-0.021
-8.303178e-07	-0.021
-8.283178e-07	-0.02
-8.263178e-07	-0.0212
-8.243178e-07	-0.0208
-8.223178e-07	-0.0208
-8.203178e-07	-0.0202
-8.183178e-07	-0.0202
-8.163178e-07	-0.0206
-8.143178e-07	-0.0208
-8.123178e-07	-0.0202
-8.103178e-07	-0.0204
-8.083178e-07	-0.0212
-8.063178e-07	-0.0206
-8.043178e-07	-0.0204
-8.023178e-07	-0.0204
-8.003178e-07	-0.0212
-7.983178e-07	-0.0206
-7.963178e-07	-0.02
-7.943178e-07	-0.0202
-7.923178e-07	-0.0212
-7.903178e-07	-0.0208
-7.883178e-07	-0.0204
-7.863178e-07	-0.02
-7.843178e-07	-0.0202
-7.823178e-07	-0.0202
-7.803178e-07	-0.02
-7.783178e-07	-0.0204
-7.763178e-07	-0.0204
-7.743178e-07	-0.0202
-7.723178e-07	-0.0198
-7.703178e-07	-0.0196
-7.683178e-07	-0.0196
-7.663178e-07	-0.019
-7.643178e-07	-0.018
-7.623178e-07	-0.0184
-7.603178e-07	-0.0194
-7.583178e-07	-0.0192
-7.563178e-07	-0.0186
-7.543178e-07	-0.018
-7.523178e-07	-0.0186
-7.503178e-07	-0.0184
-7.483178e-07	-0.018
-7.463178e-07	-0.0176
-7.443178e-07	-0.0176
-7.423178e-07	-0.0176
-7.403178e-07	-0.0166
-7.383178e-07	-0.0168
-7.363178e-07	-0.0176
-7.343178e-07	-0.0172
-7.323178e-07	-0.0176
-7.303178e-07	-0.0168
-7.283178e-07	-0.0166
-7.263178e-07	-0.0162
-7.243178e-07	-0.0166
-7.223178e-07	-0.017
-7.203178e-07	-0.0168
-7.183178e-07	-0.0168
-7.163178e-07	-0.0162
-7.143178e-07	-0.0168
-7.123178e-07	-0.0176
-7.103178e-07	-0.0174
-7.083178e-07	-0.0166
-7.063178e-07	-0.0182
-7.043178e-07	-0.0186
-7.023178e-07	-0.0178
-7.003178e-07	-0.0176
-6.983178e-07	-0.0182
-6.963178e-07	-0.018
-6.943178e-07	-0.0172
-6.923178e-07	-0.0174
-6.903178e-07	-0.0176
-6.883178e-07	-0.018
-6.863178e-07	-0.0174
-6.843178e-07	-0.0164
-6.823178e-07	-0.0164
-6.803178e-07	-0.0166
-6.783178e-07	-0.0166
-6.763178e-07	-0.0154
-6.743178e-07	-0.016
-6.723178e-07	-0.0164
-6.703178e-07	-0.0162
-6.683178e-07	-0.016
-6.663178e-07	-0.0154
-6.643178e-07	-0.0166
-6.623178e-07	-0.0154
-6.603178e-07	-0.0154
-6.583178e-07	-0.0154
-6.563178e-07	-0.0152
-6.543178e-07	-0.0154
-6.523178e-07	-0.0142
-6.503178e-07	-0.0148
-6.483178e-07	-0.0156
-6.463178e-07	-0.0142
-6.443178e-07	-0.0142
-6.423178e-07	-0.0146
-6.403178e-07	-0.0152
-6.383178e-07	-0.0148
-6.363178e-07	-0.0136
-6.343178e-07	-0.0148
-6.323178e-07	-0.015
-6.303178e-07	-0.0148
-6.283178e-07	-0.0142
-6.263178e-07	-0.0154
-6.243178e-07	-0.0156
-6.223178e-07	-0.0144
-6.203178e-07	-0.0138
-6.183178e-07	-0.0158
-6.163178e-07	-0.0156
-6.143178e-07	-0.0148
-6.123178e-07	-0.0148
-6.103178e-07	-0.0154
-6.083178e-07	-0.0164
-6.063178e-07	-0.016
-6.043178e-07	-0.0156
-6.023178e-07	-0.0166
-6.003178e-07	-0.017
-5.983178e-07	-0.0162
-5.963178e-07	-0.0166
-5.943178e-07	-0.0172
-5.923178e-07	-0.0184
-5.903178e-07	-0.0184
-5.883178e-07	-0.0176
-5.863178e-07	-0.018
-5.843178e-07	-0.0188
-5.823178e-07	-0.019
-5.803178e-07	-0.0174
-5.783178e-07	-0.0182
-5.763178e-07	-0.0192
-5.743178e-07	-0.0194
-5.723178e-07	-0.0188
-5.703178e-07	-0.0188
-5.683178e-07	-0.0186
-5.663178e-07	-0.019
-5.643178e-07	-0.0178
-5.623178e-07	-0.0186
-5.603178e-07	-0.0194
-5.583178e-07	-0.0194
-5.563178e-07	-0.0194
-5.543178e-07	-0.0194
-5.523178e-07	-0.0194
-5.503178e-07	-0.0194
-5.483178e-07	-0.0178
-5.463178e-07	-0.0184
-5.443178e-07	-0.0188
-5.423178e-07	-0.018
-5.403178e-07	-0.0174
-5.383178e-07	-0.0176
-5.363178e-07	-0.0184
-5.343178e-07	-0.0174
-5.323178e-07	-0.0168
-5.303178e-07	-0.0164
-5.283178e-07	-0.0174
-5.263178e-07	-0.016
-5.243178e-07	-0.016
-5.223178e-07	-0.0162
-5.203178e-07	-0.0172
-5.183178e-07	-0.0164
-5.163178e-07	-0.016
-5.143178e-07	-0.0158
-5.123178e-07	-0.0172
-5.103178e-07	-0.017
-5.083178e-07	-0.0164
-5.063178e-07	-0.017
-5.043178e-07	-0.0172
-5.023178e-07	-0.0168
-5.003178e-07	-0.0178
-4.983178e-07	-0.0174
-4.963178e-07	-0.0176
-4.943178e-07	-0.0172
-4.923178e-07	-0.0168
-4.903178e-07	-0.0166
-4.883178e-07	-0.0182
-4.863178e-07	-0.0178
-4.843178e-07	-0.0168
-4.823178e-07	-0.0172
-4.803178e-07	-0.017
-4.783178e-07	-0.0168
-4.763178e-07	-0.0164
-4.743178e-07	-0.017
-4.723178e-07	-0.0178
-4.703178e-07	-0.0174
-4.683178e-07	-0.0162
-4.663178e-07	-0.0172
-4.643178e-07	-0.0174
-4.623178e-07	-0.017
-4.603178e-07	-0.0164
-4.583178e-07	-0.0166
-4.563178e-07	-0.018
-4.543178e-07	-0.0166
-4.523178e-07	-0.016
-4.503178e-07	-0.0168
-4.483178e-07	-0.0176
-4.463178e-07	-0.0166
-4.443178e-07	-0.0158
-4.423178e-07	-0.0162
-4.403178e-07	-0.0168
-4.383178e-07	-0.0162
-4.363178e-07	-0.0154
-4.343178e-07	-0.0166
-4.323178e-07	-0.0166
-4.303178e-07	-0.0168
-4.283178e-07	-0.0168
-4.263178e-07	-0.0164
-4.243178e-07	-0.0164
-4.223178e-07	-0.016
-4.203178e-07	-0.016
-4.183178e-07	-0.0156
-4.163178e-07	-0.0164
-4.143178e-07	-0.0156
-4.123178e-07	-0.0152
-4.103178e-07	-0.0152
-4.083178e-07	-0.0152
-4.063178e-07	-0.0146
-4.043178e-07	-0.014
-4.023178e-07	-0.0136
-4.003178e-07	-0.0138
-3.983178e-07	-0.0136
-3.963178e-07	-0.0132
-3.943178e-07	-0.0134
-3.923178e-07	-0.0132
-3.903178e-07	-0.013
-3.883178e-07	-0.013
-3.863178e-07	-0.0126
-3.843178e-07	-0.014
-3.823178e-07	-0.0136
-3.803178e-07	-0.0128
-3.783178e-07	-0.0132
-3.763178e-07	-0.0148
-3.743178e-07	-0.0138
-3.723178e-07	-0.013
-3.703178e-07	-0.0142
-3.683178e-07	-0.0146
-3.663178e-07	-0.0154
-3.643178e-07	-0.014
-3.623178e-07	-0.0136
-3.603178e-07	-0.015
-3.583178e-07	-0.015
-3.563178e-07	-0.0146
-3.543178e-07	-0.0148
-3.523178e-07	-0.0154
-3.503178e-07	-0.0146
-3.483178e-07	-0.0154
-3.463178e-07	-0.0144
-3.443178e-07	-0.015
-3.423178e-07	-0.0146
-3.403178e-07	-0.015
-3.383178e-07	-0.015
-3.363178e-07	-0.016
-3.343178e-07	-0.016
-3.323178e-07	-0.0156
-3.303178e-07	-0.0154
-3.283178e-07	-0.0162
-3.263178e-07	-0.0162
-3.243178e-07	-0.016
-3.223178e-07	-0.0162
-3.203178e-07	-0.0168
-3.183178e-07	-0.0168
-3.163178e-07	-0.0154
-3.143178e-07	-0.0158
-3.123178e-07	-0.0182
-3.103178e-07	-0.018
-3.083178e-07	-0.0166
-3.063178e-07	-0.0182
-3.043178e-07	-0.0182
-3.023178e-07	-0.0184
-3.003178e-07	-0.017
-2.983178e-07	-0.018
-2.963178e-07	-0.018
-2.943178e-07	-0.018
-2.923178e-07	-0.018
-2.903178e-07	-0.018
-2.883178e-07	-0.0196
-2.863178e-07	-0.0196
-2.843178e-07	-0.0186
-2.823178e-07	-0.0186
-2.803178e-07	-0.0198
-2.783178e-07	-0.0194
-2.763178e-07	-0.0196
-2.743178e-07	-0.0196
-2.723178e-07	-0.0208
-2.703178e-07	-0.0204
-2.683178e-07	-0.0208
-2.663178e-07	-0.0204
-2.643178e-07	-0.0214
-2.623178e-07	-0.0208
-2.603178e-07	-0.0206
-2.583178e-07	-0.0208
-2.563178e-07	-0.021
-2.543178e-07	-0.0212
-2.523178e-07	-0.0208
-2.503178e-07	-0.0214
-2.483178e-07	-0.0222
-2.463178e-07	-0.0218
-2.443178e-07	-0.0206
-2.423178e-07	-0.0212
-2.403178e-07	-0.0218
-2.383178e-07	-0.0218
-2.363178e-07	-0.022
-2.343178e-07	-0.0216
-2.323178e-07	-0.022
-2.303178e-07	-0.0224
-2.283178e-07	-0.0216
-2.263178e-07	-0.0226
-2.243178e-07	-0.0228
-2.223178e-07	-0.0228
-2.203178e-07	-0.0226
-2.183178e-07	-0.0224
-2.163178e-07	-0.023
-2.143178e-07	-0.0228
-2.123178e-07	-0.0222
-2.103178e-07	-0.0228
-2.083178e-07	-0.0226
-2.063178e-07	-0.0222
-2.043178e-07	-0.022
-2.023178e-07	-0.0224
-2.003178e-07	-0.0232
-1.983178e-07	-0.022
-1.963178e-07	-0.022
-1.943178e-07	-0.0218
-1.923178e-07	-0.0228
-1.903178e-07	-0.022
-1.883178e-07	-0.0214
-1.863178e-07	-0.0218
-1.843178e-07	-0.022
-1.823178e-07	-0.0214
-1.803178e-07	-0.02
-1.783178e-07	-0.0194
-1.763178e-07	-0.0214
-1.743178e-07	-0.0206
-1.723178e-07	-0.0198
-1.703178e-07	-0.0198
-1.683178e-07	-0.0208
-1.663178e-07	-0.0204
-1.643178e-07	-0.0202
-1.623178e-07	-0.0196
-1.603178e-07	-0.0196
-1.583178e-07	-0.0192
-1.563178e-07	-0.018
-1.543178e-07	-0.0186
-1.523178e-07	-0.02
-1.503178e-07	-0.02
-1.483178e-07	-0.0192
-1.463178e-07	-0.0198
-1.443178e-07	-0.0202
-1.423178e-07	-0.02
-1.403178e-07	-0.0188
-1.383178e-07	-0.0184
-1.363178e-07	-0.0196
-1.343178e-07	-0.02
-1.323178e-07	-0.0184
-1.303178e-07	-0.0186
-1.283178e-07	-0.0198
-1.263178e-07	-0.0194
-1.243178e-07	-0.0186
-1.223178e-07	-0.0182
-1.203178e-07	-0.0186
-1.183178e-07	-0.0192
-1.163178e-07	-0.0174
-1.143178e-07	-0.0182
-1.123178e-07	-0.018
-1.103178e-07	-0.018
-1.083178e-07	-0.0168
-1.063178e-07	-0.0166
-1.043178e-07	-0.0172
-1.023178e-07	-0.018
-1.003178e-07	-0.017
-9.83178e-08	-0.0164
-9.63178e-08	-0.0166
-9.43178e-08	-0.0176
-9.23178e-08	-0.016
-9.03178e-08	-0.0166
-8.83178e-08	-0.0174
-8.63178e-08	-0.0174
-8.43178e-08	-0.0162
-8.23178e-08	-0.0168
-8.03178e-08	-0.0166
-7.83178e-08	-0.0172
-7.63178e-08	-0.0158
-7.43178e-08	-0.0168
-7.23178e-08	-0.0168
-7.03178e-08	-0.0162
-6.83178e-08	-0.0158
-6.63178e-08	-0.0166
-6.43178e-08	-0.0168
-6.23178e-08	-0.017
-6.03178e-08	-0.0166
-5.83178e-08	-0.0168
-5.63178e-08	-0.0168
-5.43178e-08	-0.016
-5.23178e-08	-0.0154
-5.03178e-08	-0.016
-4.83178e-08	-0.0166
-4.63178e-08	-0.0166
-4.43178e-08	-0.0162
-4.23178e-08	-0.0166
-4.03178e-08	-0.0172
-3.83178e-08	-0.0164
-3.63178e-08	-0.0166
-3.43178e-08	-0.0168
-3.23178e-08	-0.018
-3.03178e-08	-0.0172
-2.83178e-08	-0.0168
-2.63178e-08	-0.0172
-2.43178e-08	-0.0176
-2.23178e-08	-0.0178
-2.03178e-08	-0.017
-1.83178e-08	-0.0182
-1.63178e-08	-0.0188
-1.43178e-08	-0.019
-1.23178e-08	-0.0178
-1.03178e-08	-0.019
-8.317804e-09	-0.0194
-6.317804e-09	-0.0194
-4.317804e-09	-0.018
-2.317804e-09	-0.0194
-3.178042e-10	-0.0198
1.682196e-09	-0.0198
3.682196e-09	-0.019
5.682196e-09	-0.0188
7.682196e-09	-0.0198
9.682196e-09	-0.0198
1.16822e-08	-0.0196
1.36822e-08	-0.0198
1.56822e-08	-0.0206
1.76822e-08	-0.0212
1.96822e-08	-0.0196
2.16822e-08	-0.021
2.36822e-08	-0.0222
2.56822e-08	-0.0218
2.76822e-08	-0.0208
2.96822e-08	-0.0208
3.16822e-08	-0.0218
3.36822e-08	-0.021
3.56822e-08	-0.0202
3.76822e-08	-0.0212
3.96822e-08	-0.0222
4.16822e-08	-0.0216
4.36822e-08	-0.021
4.56822e-08	-0.0218
4.76822e-08	-0.0218
4.96822e-08	-0.0218
5.16822e-08	-0.0206
5.36822e-08	-0.022
5.56822e-08	-0.0214
5.76822e-08	-0.0222
5.96822e-08	-0.0208
6.16822e-08	-0.0208
6.36822e-08	-0.022
6.56822e-08	-0.022
6.76822e-08	-0.0214
6.96822e-08	-0.0202
7.16822e-08	-0.0218
7.36822e-08	-0.0212
7.56822e-08	-0.0204
7.76822e-08	-0.0214
7.96822e-08	-0.0212
8.16822e-08	-0.0208
8.36822e-08	-0.0202
8.56822e-08	-0.0204
8.76822e-08	-0.0204
8.96822e-08	-0.0208
9.16822e-08	-0.02
9.36822e-08	-0.021
9.56822e-08	-0.0202
9.76822e-08	-0.0204
9.96822e-08	-0.0196
1.016822e-07	-0.0196
1.036822e-07	-0.0196
1.056822e-07	-0.02
1.076822e-07	-0.0182
1.096822e-07	-0.0186
1.116822e-07	-0.0194
1.136822e-07	-0.0186
1.156822e-07	-0.0174
1.176822e-07	-0.018
1.196822e-07	-0.0188
1.216822e-07	-0.0182
1.236822e-07	-0.0168
1.256822e-07	-0.0168
1.276822e-07	-0.0172
1.296822e-07	-0.0162
1.316822e-07	-0.0138
1.336822e-07	-0.0092
1.356822e-07	-0.0004
1.376822e-07	0.0162
1.396822e-07	0.0376
1.416822e-07	0.0668
1.436822e-07	0.097
1.456822e-07	0.1312
1.476822e-07	0.163
1.496822e-07	0.1968
1.516822e-07	0.2268
1.536822e-07	0.2568
1.556822e-07	0.2834
1.576822e-07	0.3098
1.596822e-07	0.3328
1.616822e-07	0.3544
1.636822e-07	0.373
1.656822e-07	0.3908
1.676822e-07	0.4046
1.696822e-07	0.4184
1.716822e-07	0.428
1.736822e-07	0.4388
1.756822e-07	0.4444
1.776822e-07	0.4512
1.796822e-07	0.455
1.816822e-07	0.4606
1.836822e-07	0.462
1.856822e-07	0.462
1.876822e-07	0.4622
1.896822e-07	0.462
1.916822e-07	0.4586
1.936822e-07	0.4566
1.956822e-07	0.4536
1.976822e-07	0.4508
1.996822e-07	0.4454
2.016822e-07	0.442
2.036822e-07	0.4358
2.056822e-07	0.4308
2.076822e-07	0.4244
2.096822e-07	0.419
2.116822e-07	0.4118
2.136822e-07	0.406
2.156822e-07	0.3988
2.176822e-07	0.3928
2.196822e-07	0.3854
2.216822e-07	0.3778
2.236822e-07	0.3702
2.256822e-07	0.3636
2.276822e-07	0.3556
2.296822e-07	0.349
2.316822e-07	0.3412
2.336822e-07	0.3338
2.356822e-07	0.3262
2.376822e-07	0.3196
2.396822e-07	0.3124
2.416822e-07	0.3056
2.436822e-07	0.2986
2.456822e-07	0.2924
2.476822e-07	0.2846
2.496822e-07	0.2788
2.516822e-07	0.272
2.536822e-07	0.2658
2.556822e-07	0.2592
2.576822e-07	0.2528
2.596822e-07	0.2456
2.616822e-07	0.24
2.636822e-07	0.2338
2.656822e-07	0.229
2.676822e-07	0.223
2.696822e-07	0.2182
2.716822e-07	0.2118
2.736822e-07	0.2072
2.756822e-07	0.2016
2.776822e-07	0.198
2.796822e-07	0.1922
2.816822e-07	0.1872
2.836822e-07	0.1818
2.856822e-07	0.178
2.876822e-07	0.1732
2.896822e-07	0.1688
2.916822e-07	0.1642
2.936822e-07	0.1608
2.956822e-07	0.1572
2.976822e-07	0.1546
2.996822e-07	0.151
3.016822e-07	0.1472
3.036822e-07	0.1428
3.056822e-07	0.1404
3.076822e-07	0.1362
3.096822e-07	0.1336
3.116822e-07	0.13
3.136822e-07	0.1268
3.156822e-07	0.123
3.176822e-07	0.1202
3.196822e-07	0.1168
3.216822e-07	0.1152
3.236822e-07	0.1114
3.256822e-07	0.1094
3.276822e-07	0.1066
3.296822e-07	0.1038
3.316822e-07	0.101
3.336822e-07	0.0982
3.356822e-07	0.0956
3.376822e-07	0.0948
3.396822e-07	0.091
3.416822e-07	0.0894
3.436822e-07	0.0864
3.456822e-07	0.0842
3.476822e-07	0.0818
3.496822e-07	0.079
3.516822e-07	0.077
3.536822e-07	0.076
3.556822e-07	0.0736
3.576822e-07	0.0706
3.596822e-07	0.0698
3.616822e-07	0.0678
3.636822e-07	0.0654
3.656822e-07	0.0636
3.676822e-07	0.0618
3.696822e-07	0.0602
3.716822e-07	0.0576
3.736822e-07	0.0566
3.756822e-07	0.0544
3.776822e-07	0.0536
3.796822e-07	0.051
3.816822e-07	0.0498
3.836822e-07	0.048
3.856822e-07	0.0476
3.876822e-07	0.045
3.896822e-07	0.0426
3.916822e-07	0.0418
3.936822e-07	0.041
3.956822e-07	0.0386
3.976822e-07	0.0378
3.996822e-07	0.0366
4.016822e-07	0.036
4.036822e-07	0.0334
4.056822e-07	0.0332
4.076822e-07	0.032
4.096822e-07	0.0318
4.116822e-07	0.0306
4.136822e-07	0.0294
4.156822e-07	0.0276
4.176822e-07	0.0272
4.196822e-07	0.026
4.216822e-07	0.0258
4.236822e-07	0.0248
4.256822e-07	0.0242
4.276822e-07	0.0222
4.296822e-07	0.022
4.316822e-07	0.02
4.336822e-07	0.02
4.356822e-07	0.019
4.376822e-07	0.018
4.396822e-07	0.017
4.416822e-07	0.0164
4.436822e-07	0.0152
4.456822e-07	0.0144
4.476822e-07	0.0134
4.496822e-07	0.014
4.516822e-07	0.013
4.536822e-07	0.012
4.556822e-07	0.0116
4.576822e-07	0.0112
4.596822e-07	0.0096
4.616822e-07	0.0092
4.636822e-07	0.0088
4.656822e-07	0.0086
4.676822e-07	0.0074
4.696822e-07	0.007
4.716822e-07	0.006
4.736822e-07	0.0056
4.756822e-07	0.0048
4.776822e-07	0.0054
4.796822e-07	0.0042
4.816822e-07	0.004
4.836822e-07	0.0032
4.856822e-07	0.0032
4.876822e-07	0.0034
4.896822e-07	0.0028
4.916822e-07	0.002
4.936822e-07	0.0016
4.956822e-07	0.0004
4.976822e-07	0.001
4.996822e-07	0.0006
5.016822e-07	-0.0004
5.036822e-07	-0.0006
5.056822e-07	-0.0012
5.076822e-07	-0.0008
5.096822e-07	-0.002
5.116822e-07	-0.0022
5.136822e-07	-0.0022
5.156822e-07	-0.0026
5.176822e-07	-0.0024
5.196822e-07	-0.0032
5.216822e-07	-0.0024
5.236822e-07	-0.0022
5.256822e-07	-0.0024
5.276822e-07	-0.0026
5.296822e-07	-0.002
5.316822e-07	-0.0028
5.336822e-07	-0.0034
5.356822e-07	-0.003
5.376822e-07	-0.0024
5.396822e-07	-0.0028
5.416822e-07	-0.0036
5.436822e-07	-0.004
5.456822e-07	-0.0042
5.476822e-07	-0.0038
5.496822e-07	-0.0044
5.516822e-07	-0.0056
5.536822e-07	-0.005
5.556822e-07	-0.0052
5.576822e-07	-0.005
5.596822e-07	-0.0072
5.616822e-07	-0.0064
5.636822e-07	-0.0064
5.656822e-07	-0.0072
5.676822e-07	-0.0068
5.696822e-07	-0.0076
5.716822e-07	-0.007
5.736822e-07	-0.0068
5.756822e-07	-0.0082
5.776822e-07	-0.0076
5.796822e-07	-0.0074
5.816822e-07	-0.0086
5.836822e-07	-0.0086
5.856822e-07	-0.0084
5.876822e-07	-0.0084
5.896822e-07	-0.0088
5.916822e-07	-0.0102
5.936822e-07	-0.0096
5.956822e-07	-0.0092
5.976822e-07	-0.01
5.996822e-07	-0.0108
6.016822e-07	-0.0102
6.036822e-07	-0.0098
6.056822e-07	-0.0102
6.076822e-07	-0.0104
6.096822e-07	-0.0096
6.116822e-07	-0.0102
6.136822e-07	-0.01
6.156822e-07	-0.0106
6.176822e-07	-0.0106
6.196822e-07	-0.0098
6.216822e-07	-0.0098
6.236822e-07	-0.0112
6.256822e-07	-0.0104
6.276822e-07	-0.0104
6.296822e-07	-0.0116
6.316822e-07	-0.0116
6.336822e-07	-0.0114
6.356822e-07	-0.0104
6.376822e-07	-0.0112
6.396822e-07	-0.0118
6.416822e-07	-0.0112
6.436822e-07	-0.0112
6.456822e-07	-0.011
6.476822e-07	-0.0116
6.496822e-07	-0.0102
6.516822e-07	-0.01
6.536822e-07	-0.0114
6.556822e-07	-0.0114
6.576822e-07	-0.011
6.596822e-07	-0.0104
6.616822e-07	-0.0114
6.636822e-07	-0.0118
6.656822e-07	-0.0116
6.676822e-07	-0.0116
6.696822e-07	-0.0126
6.716822e-07	-0.012
6.736822e-07	-0.0118
6.756822e-07	-0.0114
6.776822e-07	-0.0118
6.796822e-07	-0.0124
6.816822e-07	-0.0106
6.836822e-07	-0.0104
6.856822e-07	-0.0108
6.876822e-07	-0.0112
6.896822e-07	-0.0112
6.916822e-07	-0.0106
6.936822e-07	-0.0104
6.956822e-07	-0.011
6.976822e-07	-0.011
6.996822e-07	-0.0108
7.016822e-07	-0.0106
7.036822e-07	-0.011
7.056822e-07	-0.0106
7.076822e-07	-0.0112
7.096822e-07	-0.011
7.116822e-07	-0.0118
7.136822e-07	-0.0114
7.156822e-07	-0.0114
7.176822e-07	-0.011
7.196822e-07	-0.0122
7.216822e-07	-0.013
7.236822e-07	-0.0122
7.256822e-07	-0.0122
7.276822e-07	-0.0136
7.296822e-07	-0.0134
7.316822e-07	-0.0138
7.336822e-07	-0.0144
7.356822e-07	-0.0148
7.376822e-07	-0.015
7.396822e-07	-0.0142
7.416822e-07	-0.0142
7.436822e-07	-0.0152
7.456822e-07	-0.0148
7.476822e-07	-0.015
7.496822e-07	-0.0156
7.516822e-07	-0.0162
7.536822e-07	-0.0162
7.556822e-07	-0.0162
7.576822e-07	-0.017
7.596822e-07	-0.0172
7.616822e-07	-0.0172
7.636822e-07	-0.0164
7.656822e-07	-0.017
7.676822e-07	-0.0174
7.696822e-07	-0.0168
7.716822e-07	-0.016
7.736822e-07	-0.0162
7.756822e-07	-0.017
7.776822e-07	-0.0172
7.796822e-07	-0.017
7.816822e-07	-0.017
7.836822e-07	-0.0174
7.856822e-07	-0.0172
7.876822e-07	-0.0172
7.896822e-07	-0.0168
7.916822e-07	-0.0174
7.936822e-07	-0.0176
7.956822e-07	-0.0172
7.976822e-07	-0.0178
7.996822e-07	-0.0188
8.016822e-07	-0.0184
8.036822e-07	-0.017
8.056822e-07	-0.0182
8.076822e-07	-0.0188
8.096822e-07	-0.0184
8.116822e-07	-0.0168
8.136822e-07	-0.018
8.156822e-07	-0.0176
8.176822e-07	-0.0176
8.196822e-07	-0.0176
8.216822e-07	-0.0182
8.236822e-07	-0.0178
8.256822e-07	-0.0184
8.276822e-07	-0.0184
8.296822e-07	-0.0184
8.316822e-07	-0.0194
8.336822e-07	-0.019
8.356822e-07	-0.0176
8.376822e-07	-0.0184
8.396822e-07	-0.0192
8.416822e-07	-0.0184
8.436822e-07	-0.0168
8.456822e-07	-0.018
8.476822e-07	-0.019
8.496822e-07	-0.0188
8.516822e-07	-0.0178
8.536822e-07	-0.0188
8.556822e-07	-0.0188
8.576822e-07	-0.0192
8.596822e-07	-0.018
8.616822e-07	-0.0184
8.636822e-07	-0.0204
8.656822e-07	-0.0194
8.676822e-07	-0.0184
8.696822e-07	-0.0188
8.716822e-07	-0.02
8.736822e-07	-0.0196
8.756822e-07	-0.0182
8.776822e-07	-0.0188
8.796822e-07	-0.0194
8.816822e-07	-0.02
8.836822e-07	-0.019
8.856822e-07	-0.0192
8.876822e-07	-0.0198
8.896822e-07	-0.0192
8.916822e-07	-0.0186
8.936822e-07	-0.0194
8.956822e-07	-0.0194
8.976822e-07	-0.02
8.996822e-07	-0.0192
9.016822e-07	-0.0198
9.036822e-07	-0.021
9.056822e-07	-0.0206
9.076822e-07	-0.0186
9.096822e-07	-0.0196
9.116822e-07	-0.0204
9.136822e-07	-0.0208
9.156822e-07	-0.0198
9.176822e-07	-0.0206
9.196822e-07	-0.0212
9.216822e-07	-0.0212
9.236822e-07	-0.02
9.256822e-07	-0.0216
9.276822e-07	-0.0212
9.296822e-07	-0.0216
9.316822e-07	-0.0204
9.336822e-07	-0.0212
9.356822e-07	-0.0216
9.376822e-07	-0.0206
9.396822e-07	-0.02
9.416822e-07	-0.0198
9.436822e-07	-0.021
9.456822e-07	-0.0206
9.476822e-07	-0.0198
9.496822e-07	-0.0204
9.516822e-07	-0.0204
9.536822e-07	-0.021
9.556822e-07	-0.0206
9.576822e-07	-0.02
9.596822e-07	-0.0214
9.616822e-07	-0.0212
9.636822e-07	-0.0196
9.656822e-07	-0.0196
9.676822e-07	-0.0202
9.696822e-07	-0.0204
9.716822e-07	-0.019
9.736822e-07	-0.0196
9.756822e-07	-0.0202
9.776822e-07	-0.0204
9.796822e-07	-0.0194
9.816822e-07	-0.0204
9.836822e-07	-0.021
9.856822e-07	-0.0206
9.876822e-07	-0.02
9.896822e-07	-0.02
9.916822e-07	-0.0206
9.936822e-07	-0.021
9.956822e-07	-0.0204
9.976822e-07	-0.02
9.996822e-07	-0.0194
1.001682e-06	-0.0218
1.003682e-06	-0.021
1.005682e-06	-0.0204
1.007682e-06	-0.0206
1.009682e-06	-0.0208
1.011682e-06	-0.0198
1.013682e-06	-0.0198
1.015682e-06	-0.0208
1.017682e-06	-0.0204
1.019682e-06	-0.02
1.021682e-06	-0.0194
1.023682e-06	-0.0204
1.025682e-06	-0.02
1.027682e-06	-0.0178
1.029682e-06	-0.0182
1.031682e-06	-0.019
1.033682e-06	-0.0184
1.035682e-06	-0.017
1.037682e-06	-0.0168
1.039682e-06	-0.0174
1.041682e-06	-0.0172
1.043682e-06	-0.0148
1.045682e-06	-0.016
1.047682e-06	-0.0168
1.049682e-06	-0.016
1.051682e-06	-0.015
1.053682e-06	-0.0156
1.055682e-06	-0.0158
1.057682e-06	-0.0156
1.059682e-06	-0.0152
1.061682e-06	-0.016
1.063682e-06	-0.0164
1.065682e-06	-0.0156
1.067682e-06	-0.0152
1.069682e-06	-0.0152
1.071682e-06	-0.0154
1.073682e-06	-0.0144
1.075682e-06	-0.0134
1.077682e-06	-0.0136
1.079682e-06	-0.0146
1.081682e-06	-0.0134
1.083682e-06	-0.0112
1.085682e-06	-0.0112
1.087682e-06	-0.012
1.089682e-06	-0.0116
1.091682e-06	-0.0108
1.093682e-06	-0.01
1.095682e-06	-0.0112
1.097682e-06	-0.0098
1.099682e-06	-0.0096
1.101682e-06	-0.0098
1.103682e-06	-0.0098
1.105682e-06	-0.0092
1.107682e-06	-0.0094
1.109682e-06	-0.0096
1.111682e-06	-0.0092
1.113682e-06	-0.0092
1.115682e-06	-0.0092
1.117682e-06	-0.0086
1.119682e-06	-0.0108
1.121682e-06	-0.009
1.123682e-06	-0.0092
1.125682e-06	-0.0092
1.127682e-06	-0.0098
1.129682e-06	-0.0094
1.131682e-06	-0.0092
1.133682e-06	-0.0094
1.135682e-06	-0.0094
1.137682e-06	-0.01
1.139682e-06	-0.0096
1.141682e-06	-0.0102
1.143682e-06	-0.0102
1.145682e-06	-0.0104
1.147682e-06	-0.0098
1.149682e-06	-0.0108
1.151682e-06	-0.012
1.153682e-06	-0.0112
1.155682e-06	-0.0102
1.157682e-06	-0.0104
1.159682e-06	-0.0114
1.161682e-06	-0.0118
1.163682e-06	-0.01
1.165682e-06	-0.011
1.167682e-06	-0.0116
1.169682e-06	-0.0108
1.171682e-06	-0.0106
1.173682e-06	-0.0108
1.175682e-06	-0.011
1.177682e-06	-0.012
1.179682e-06	-0.0106
1.181682e-06	-0.0104
1.183682e-06	-0.0122
1.185682e-06	-0.0112
1.187682e-06	-0.012
1.189682e-06	-0.0118
1.191682e-06	-0.0108
1.193682e-06	-0.0112
1.195682e-06	-0.0108
1.197682e-06	-0.011
1.199682e-06	-0.011
1.201682e-06	-0.011
1.203682e-06	-0.0106
1.205682e-06	-0.0106
1.207682e-06	-0.011
1.209682e-06	-0.0106
1.211682e-06	-0.0102
1.213682e-06	-0.0116
1.215682e-06	-0.0114
1.217682e-06	-0.011
1.219682e-06	-0.0108
1.221682e-06	-0.0114
1.223682e-06	-0.0116
1.225682e-06	-0.0114
1.227682e-06	-0.0112
1.229682e-06	-0.0114
1.231682e-06	-0.0124
1.233682e-06	-0.0124
1.235682e-06	-0.0124
1.237682e-06	-0.0118
1.239682e-06	-0.0128
1.241682e-06	-0.0132
1.243682e-06	-0.0128
1.245682e-06	-0.0122
1.247682e-06	-0.0138
1.249682e-06	-0.0138
1.251682e-06	-0.0138
1.253682e-06	-0.015
1.255682e-06	-0.0158
1.257682e-06	-0.0152
1.259682e-06	-0.0148
1.261682e-06	-0.0154
1.263682e-06	-0.016
1.265682e-06	-0.0154
1.267682e-06	-0.015
1.269682e-06	-0.0164
1.271682e-06	-0.0164
1.273682e-06	-0.0168
1.275682e-06	-0.0162
1.277682e-06	-0.0158
1.279682e-06	-0.0174
1.281682e-06	-0.0172
1.283682e-06	-0.0164
1.285682e-06	-0.017
1.287682e-06	-0.018
1.289682e-06	-0.0178
1.291682e-06	-0.0176
1.293682e-06	-0.0178
1.295682e-06	-0.0184
1.297682e-06	-0.0186
1.299682e-06	-0.0176
1.301682e-06	-0.0188
1.303682e-06	-0.0188
1.305682e-06	-0.0194
1.307682e-06	-0.0184
1.309682e-06	-0.0188
1.311682e-06	-0.0194
1.313682e-06	-0.0196
1.315682e-06	-0.0184
1.317682e-06	-0.0186
1.319682e-06	-0.0196
1.321682e-06	-0.0202
1.323682e-06	-0.019
1.325682e-06	-0.0188
1.327682e-06	-0.0196
1.329682e-06	-0.02
1.331682e-06	-0.0194
1.333682e-06	-0.0192
1.335682e-06	-0.0196
1.337682e-06	-0.0202
1.339682e-06	-0.0196
1.341682e-06	-0.0196
1.343682e-06	-0.0194
1.345682e-06	-0.021
1.347682e-06	-0.0192
1.349682e-06	-0.0196
1.351682e-06	-0.02
1.353682e-06	-0.019
1.355682e-06	-0.0194
1.357682e-06	-0.0188
1.359682e-06	-0.0202
1.361682e-06	-0.0194
1.363682e-06	-0.0188
1.365682e-06	-0.018
1.367682e-06	-0.019
1.369682e-06	-0.0184
1.371682e-06	-0.018
1.373682e-06	-0.0188
1.375682e-06	-0.0186
1.377682e-06	-0.0192
1.379682e-06	-0.0188
1.381682e-06	-0.019
1.383682e-06	-0.0194
1.385682e-06	-0.0184
1.387682e-06	-0.0186
1.389682e-06	-0.019
1.391682e-06	-0.02
1.393682e-06	-0.0194
1.395682e-06	-0.018
1.397682e-06	-0.0182
1.399682e-06	-0.0194
1.401682e-06	-0.0194
1.403682e-06	-0.0176
1.405682e-06	-0.0186
1.407682e-06	-0.0196
1.409682e-06	-0.0192
1.411682e-06	-0.019
1.413682e-06	-0.0188
1.415682e-06	-0.0192
1.417682e-06	-0.0186
1.419682e-06	-0.0176
1.421682e-06	-0.0186
1.423682e-06	-0.0188
1.425682e-06	-0.0198
1.427682e-06	-0.019
1.429682e-06	-0.0186
1.431682e-06	-0.0192
1.433682e-06	-0.0196
1.435682e-06	-0.018
1.437682e-06	-0.0186
1.439682e-06	-0.02
1.441682e-06	-0.019
1.443682e-06	-0.0178
1.445682e-06	-0.0186
1.447682e-06	-0.0202
1.449682e-06	-0.02
1.451682e-06	-0.0194
1.453682e-06	-0.0188
1.455682e-06	-0.02
1.457682e-06	-0.02
1.459682e-06	-0.0192
1.461682e-06	-0.0192
1.463682e-06	-0.0192
1.465682e-06	-0.0202
1.467682e-06	-0.0192
1.469682e-06	-0.0198
1.471682e-06	-0.0214
1.473682e-06	-0.0208
1.475682e-06	-0.019
1.477682e-06	-0.02
1.479682e-06	-0.0208
1.481682e-06	-0.0208
1.483682e-06	-0.02
1.485682e-06	-0.0208
1.487682e-06	-0.0214
1.489682e-06	-0.0216
1.491682e-06	-0.0218
1.493682e-06	-0.0214
1.495682e-06	-0.023
1.497682e-06	-0.0224
1.499682e-06	-0.0216
1.501682e-06	-0.022
1.503682e-06	-0.0222
1.505682e-06	-0.0224
1.507682e-06	-0.022
1.509682e-06	-0.0216
1.511682e-06	-0.0222
1.513682e-06	-0.0224
1.515682e-06	-0.0216
1.517682e-06	-0.0218
1.519682e-06	-0.0222
1.521682e-06	-0.0222
1.523682e-06	-0.0222
1.525682e-06	-0.022
1.527682e-06	-0.0222
1.529682e-06	-0.0226
1.531682e-06	-0.0224
1.533682e-06	-0.0218
1.535682e-06	-0.0224
1.537682e-06	-0.023
1.539682e-06	-0.022
1.541682e-06	-0.0224
1.543682e-06	-0.0226
1.545682e-06	-0.0228
1.547682e-06	-0.0218
1.549682e-06	-0.0218
1.551682e-06	-0.022
1.553682e-06	-0.0224
1.555682e-06	-0.0212
1.557682e-06	-0.021
1.559682e-06	-0.022
1.561682e-06	-0.0216
1.563682e-06	-0.0212
1.565682e-06	-0.0212
1.567682e-06	-0.0222
1.569682e-06	-0.0218
1.571682e-06	-0.0218
1.573682e-06	-0.0216
1.575682e-06	-0.0218
1.577682e-06	-0.0212
1.579682e-06	-0.0212
1.581682e-06	-0.0204
1.583682e-06	-0.021
1.585682e-06	-0.0208
1.587682e-06	-0.0196
1.589682e-06	-0.0192
1.591682e-06	-0.0198
1.593682e-06	-0.0192
1.595682e-06	-0.0178
1.597682e-06	-0.0182
1.599682e-06	-0.0182
1.601682e-06	-0.0184
1.603682e-06	-0.017
1.605682e-06	-0.0186
1.607682e-06	-0.0186
1.609682e-06	-0.019
1.611682e-06	-0.0174
1.613682e-06	-0.018
1.615682e-06	-0.018
1.617682e-06	-0.0186
1.619682e-06	-0.017
1.621682e-06	-0.0174
1.623682e-06	-0.0182
1.625682e-06	-0.018
1.627682e-06	-0.0166
1.629682e-06	-0.0168
1.631682e-06	-0.0176
1.633682e-06	-0.0174
1.635682e-06	-0.0166
1.637682e-06	-0.0178
1.639682e-06	-0.0178
1.641682e-06	-0.018
1.643682e-06	-0.017
1.645682e-06	-0.017
1.647682e-06	-0.0176
1.649682e-06	-0.0182
1.651682e-06	-0.0168
1.653682e-06	-0.0168
1.655682e-06	-0.0174
1.657682e-06	-0.0174
1.659682e-06	-0.017
1.661682e-06	-0.017
1.663682e-06	-0.018
1.665682e-06	-0.018
1.667682e-06	-0.0174
1.669682e-06	-0.0166
1.671682e-06	-0.0182
1.673682e-06	-0.0184
1.675682e-06	-0.0174
1.677682e-06	-0.0184
1.679682e-06	-0.0178
1.681682e-06	-0.0188
1.683682e-06	-0.0174
1.685682e-06	-0.018
1.687682e-06	-0.0192
1.689682e-06	-0.0198
1.691682e-06	-0.0182
1.693682e-06	-0.019
1.695682e-06	-0.0196
1.697682e-06	-0.0202
1.699682e-06	-0.0184
1.701682e-06	-0.019
1.703682e-06	-0.0204
1.705682e-06	-0.0202
1.707682e-06	-0.0198
1.709682e-06	-0.0198
1.711682e-06	-0.0202
1.713682e-06	-0.021
1.715682e-06	-0.0196
1.717682e-06	-0.0202
1.719682e-06	-0.0208
1.721682e-06	-0.0208
1.723682e-06	-0.0206
1.725682e-06	-0.02
1.727682e-06	-0.0206
1.729682e-06	-0.0204
1.731682e-06	-0.0194
1.733682e-06	-0.0198
1.735682e-06	-0.021
1.737682e-06	-0.02
1.739682e-06	-0.0196
1.741682e-06	-0.0196
1.743682e-06	-0.0206
1.745682e-06	-0.0208
1.747682e-06	-0.0204
1.749682e-06	-0.0198
1.751682e-06	-0.0202
1.753682e-06	-0.0202
1.755682e-06	-0.0198
1.757682e-06	-0.0204
1.759682e-06	-0.0208
1.761682e-06	-0.0206
1.763682e-06	-0.0196
1.765682e-06	-0.0198
1.767682e-06	-0.0208
1.769682e-06	-0.0208
1.771682e-06	-0.0202
1.773682e-06	-0.0202
1.775682e-06	-0.0218
1.777682e-06	-0.0208
1.779682e-06	-0.0202
1.781682e-06	-0.0206
1.783682e-06	-0.0222
1.785682e-06	-0.022
1.787682e-06	-0.0204
1.789682e-06	-0.0212
1.791682e-06	-0.022
1.793682e-06	-0.0214
1.795682e-06	-0.0204
1.797682e-06	-0.0212
1.799682e-06	-0.0224
1.801682e-06	-0.0218
1.803682e-06	-0.0212
1.805682e-06	-0.022
1.807682e-06	-0.0222
1.809682e-06	-0.022
1.811682e-06	-0.021
1.813682e-06	-0.0214
1.815682e-06	-0.0222
1.817682e-06	-0.022
1.819682e-06	-0.0216
1.821682e-06	-0.0208
1.823682e-06	-0.0216
1.825682e-06	-0.022
1.827682e-06	-0.0216
1.829682e-06	-0.0214
1.831682e-06	-0.0222
1.833682e-06	-0.022
1.835682e-06	-0.0218
1.837682e-06	-0.022
1.839682e-06	-0.0228
1.841682e-06	-0.022
1.843682e-06	-0.0204
1.845682e-06	-0.021
1.847682e-06	-0.0212
1.849682e-06	-0.0208
1.851682e-06	-0.02
1.853682e-06	-0.0208
1.855682e-06	-0.0206
1.857682e-06	-0.0204
1.859682e-06	-0.0202
1.861682e-06	-0.0208
1.863682e-06	-0.0216
1.865682e-06	-0.0204
1.867682e-06	-0.0184
1.869682e-06	-0.0192
1.871682e-06	-0.0198
1.873682e-06	-0.0194
1.875682e-06	-0.0186
1.877682e-06	-0.0198
1.879682e-06	-0.0206
1.881682e-06	-0.0208
1.883682e-06	-0.0198
1.885682e-06	-0.019
1.887682e-06	-0.0194
1.889682e-06	-0.0192
1.891682e-06	-0.0186
1.893682e-06	-0.0188
1.895682e-06	-0.0198
1.897682e-06	-0.0198
1.899682e-06	-0.0186
1.901682e-06	-0.0184
1.903682e-06	-0.0198
1.905682e-06	-0.0202
1.907682e-06	-0.0184
1.909682e-06	-0.0192
1.911682e-06	-0.0192
1.913682e-06	-0.0194
1.915682e-06	-0.0192
1.917682e-06	-0.019
1.919682e-06	-0.0194
1.921682e-06	-0.019
1.923682e-06	-0.0182
1.925682e-06	-0.0186
1.927682e-06	-0.0196
1.929682e-06	-0.0196
1.931682e-06	-0.018
1.933682e-06	-0.0198
1.935682e-06	-0.0206
1.937682e-06	-0.0202
1.939682e-06	-0.0186
1.941682e-06	-0.019
1.943682e-06	-0.02
1.945682e-06	-0.02
1.947682e-06	-0.02
1.949682e-06	-0.0192
1.951682e-06	-0.0208
1.953682e-06	-0.0212
1.955682e-06	-0.0204
1.957682e-06	-0.0206
1.959682e-06	-0.0206
1.961682e-06	-0.0208
1.963682e-06	-0.019
1.965682e-06	-0.0204
1.967682e-06	-0.021
1.969682e-06	-0.0206
1.971682e-06	-0.0204
1.973682e-06	-0.0202
1.975682e-06	-0.0204
1.977682e-06	-0.021
1.979682e-06	-0.02
1.981682e-06	-0.0202
1.983682e-06	-0.0214
1.985682e-06	-0.0212
1.987682e-06	-0.02
1.989682e-06	-0.0208
1.991682e-06	-0.021
1.993682e-06	-0.0212
1.995682e-06	-0.0194
1.997682e-06	-0.0196
1.999682e-06	-0.0204
2.001682e-06	-0.0204
2.003682e-06	-0.0198
2.005682e-06	-0.0208
2.007682e-06	-0.0212
2.009682e-06	-0.0206
2.011682e-06	-0.0194
2.013682e-06	-0.0192
2.015682e-06	-0.0204
2.017682e-06	-0.0194
2.019682e-06	-0.0184
2.021682e-06	-0.0188
2.023682e-06	-0.0194
2.025682e-06	-0.0192
2.027682e-06	-0.0192
2.029682e-06	-0.0206
2.031682e-06	-0.0204
2.033682e-06	-0.02
2.035682e-06	-0.0198
2.037682e-06	-0.0194
2.039682e-06	-0.0194
2.041682e-06	-0.0202
2.043682e-06	-0.0192
2.045682e-06	-0.0196
2.047682e-06	-0.0204
2.049682e-06	-0.0198
2.051682e-06	-0.0192
2.053682e-06	-0.02
2.055682e-06	-0.0198
2.057682e-06	-0.0198
2.059682e-06	-0.0186
2.061682e-06	-0.0194
2.063682e-06	-0.02
2.065682e-06	-0.0196
2.067682e-06	-0.0186
2.069682e-06	-0.0188
2.071682e-06	-0.02
2.073682e-06	-0.0194
2.075682e-06	-0.019
2.077682e-06	-0.0194
2.079682e-06	-0.0208
2.081682e-06	-0.0202
2.083682e-06	-0.0184
2.085682e-06	-0.0198
2.087682e-06	-0.0202
2.089682e-06	-0.019
2.091682e-06	-0.0184
2.093682e-06	-0.0188
2.095682e-06	-0.019
2.097682e-06	-0.0196
2.099682e-06	-0.019
2.101682e-06	-0.0188
2.103682e-06	-0.0194
2.105682e-06	-0.0198
2.107682e-06	-0.0194
2.109682e-06	-0.0194
2.111682e-06	-0.019
2.113682e-06	-0.0194
2.115682e-06	-0.019
2.117682e-06	-0.0194
2.119682e-06	-0.0206
2.121682e-06	-0.0198
2.123682e-06	-0.0192
2.125682e-06	-0.0198
2.127682e-06	-0.0196
2.129682e-06	-0.0194
2.131682e-06	-0.0192
2.133682e-06	-0.0194
2.135682e-06	-0.0206
2.137682e-06	-0.0202
2.139682e-06	-0.0194
2.141682e-06	-0.0202
2.143682e-06	-0.0202
2.145682e-06	-0.0204
2.147682e-06	-0.0196
2.149682e-06	-0.0206
2.151682e-06	-0.021
2.153682e-06	-0.0206
2.155682e-06	-0.0194
2.157682e-06	-0.02
2.159682e-06	-0.021
2.161682e-06	-0.0208
2.163682e-06	-0.0208
2.165682e-06	-0.021
2.167682e-06	-0.022
2.169682e-06	-0.0208
2.171682e-06	-0.02
2.173682e-06	-0.0212
2.175682e-06	-0.0218
2.177682e-06	-0.0222
2.179682e-06	-0.0218
2.181682e-06	-0.0224
2.183682e-06	-0.0222
2.185682e-06	-0.022
2.187682e-06	-0.021
2.189682e-06	-0.021
2.191682e-06	-0.0228
2.193682e-06	-0.0224
2.195682e-06	-0.0218
2.197682e-06	-0.0226
2.199682e-06	-0.0222
2.201682e-06	-0.0224
2.203682e-06	-0.0206
2.205682e-06	-0.021
2.207682e-06	-0.0216
2.209682e-06	-0.0212
2.211682e-06	-0.0214
2.213682e-06	-0.0214
2.215682e-06	-0.0218
2.217682e-06	-0.0214
2.219682e-06	-0.0212
2.221682e-06	-0.021
2.223682e-06	-0.0218
2.225682e-06	-0.0212
2.227682e-06	-0.0214
2.229682e-06	-0.0216
2.231682e-06	-0.0222
2.233682e-06	-0.0222
2.235682e-06	-0.0214
2.237682e-06	-0.0218
2.239682e-06	-0.023
2.241682e-06	-0.0222
2.243682e-06	-0.022
2.245682e-06	-0.0218
2.247682e-06	-0.0222
2.249682e-06	-0.0226
2.251682e-06	-0.0224
2.253682e-06	-0.0228
2.255682e-06	-0.0232
2.257682e-06	-0.0234
2.259682e-06	-0.0234
2.261682e-06	-0.023
2.263682e-06	-0.0236
2.265682e-06	-0.024
2.267682e-06	-0.0228
2.269682e-06	-0.023
2.271682e-06	-0.0248
2.273682e-06	-0.0238
2.275682e-06	-0.0238
2.277682e-06	-0.0234
2.279682e-06	-0.025
2.281682e-06	-0.0234
2.283682e-06	-0.023
2.285682e-06	-0.0232
2.287682e-06	-0.0242
2.289682e-06	-0.0246
2.291682e-06	-0.0238
2.293682e-06	-0.0238
2.295682e-06	-0.0246
2.297682e-06	-0.0238
2.299682e-06	-0.0228
2.301682e-06	-0.0238
2.303682e-06	-0.0248
2.305682e-06	-0.0234
2.307682e-06	-0.0236
2.309682e-06	-0.0232
2.311682e-06	-0.024
2.313682e-06	-0.024
2.315682e-06	-0.024
2.317682e-06	-0.024
2.319682e-06	-0.024
2.321682e-06	-0.0242
2.323682e-06	-0.0232
2.325682e-06	-0.0238
2.327682e-06	-0.0248
2.329682e-06	-0.0244
2.331682e-06	-0.0242
2.333682e-06	-0.0238
2.335682e-06	-0.0242
2.337682e-06	-0.0244
2.339682e-06	-0.0238
2.341682e-06	-0.0238
2.343682e-06	-0.0244
2.345682e-06	-0.0246
2.347682e-06	-0.0242
2.349682e-06	-0.0244
2.351682e-06	-0.0248
2.353682e-06	-0.0244
2.355682e-06	-0.024
2.357682e-06	-0.0244
2.359682e-06	-0.0254
2.361682e-06	-0.0258
2.363682e-06	-0.0252
2.365682e-06	-0.0246
2.367682e-06	-0.0248
2.369682e-06	-0.025
2.371682e-06	-0.0258
2.373682e-06	-0.026
2.375682e-06	-0.0262
2.377682e-06	-0.026
2.379682e-06	-0.0248
2.381682e-06	-0.025
2.383682e-06	-0.0258
2.385682e-06	-0.0256
2.387682e-06	-0.0258
2.389682e-06	-0.0256
2.391682e-06	-0.0254
2.393682e-06	-0.025
2.395682e-06	-0.0238
2.397682e-06	-0.023
2.399682e-06	-0.0236
2.401682e-06	-0.023
2.403682e-06	-0.0224
2.405682e-06	-0.022
2.407682e-06	-0.023
2.409682e-06	-0.0224
2.411682e-06	-0.0214
2.413682e-06	-0.0222
2.415682e-06	-0.0226
2.417682e-06	-0.0226
2.419682e-06	-0.0214
2.421682e-06	-0.021
2.423682e-06	-0.0212
2.425682e-06	-0.0214
2.427682e-06	-0.0204
2.429682e-06	-0.0216
2.431682e-06	-0.0216
2.433682e-06	-0.0208
2.435682e-06	-0.0204
2.437682e-06	-0.0214
2.439682e-06	-0.0216
2.441682e-06	-0.0206
2.443682e-06	-0.0198
2.445682e-06	-0.0198
2.447682e-06	-0.0206
2.449682e-06	-0.0202
2.451682e-06	-0.0192
2.453682e-06	-0.0186
2.455682e-06	-0.0194
2.457682e-06	-0.02
2.459682e-06	-0.0182
2.461682e-06	-0.0194
2.463682e-06	-0.02
2.465682e-06	-0.02
2.467682e-06	-0.0184
2.469682e-06	-0.0184
2.471682e-06	-0.019
2.473682e-06	-0.0186
2.475682e-06	-0.0174
2.477682e-06	-0.0182
2.479682e-06	-0.0188
2.481682e-06	-0.0184
2.483682e-06	-0.018
2.485682e-06	-0.0186
2.487682e-06	-0.0196
2.489682e-06	-0.0194
2.491682e-06	-0.0176
2.493682e-06	-0.0182
2.495682e-06	-0.0186
2.497682e-06	-0.0194
2.499682e-06	-0.0182
2.501682e-06	-0.0182
