LECROYHDO6104A	50809	Waveform
Segments	1	SegmentSize	2502
Segment	TrigTime	TimeSinceSegment1
#1	19-Dec-2022 19:35:24	0                 
Time	Ampl
-2.501629e-06	-0.022534
-2.499629e-06	-0.022534
-2.497629e-06	-0.021922
-2.495629e-06	-0.021616
-2.493629e-06	-0.021616
-2.491629e-06	-0.021718
-2.489629e-06	-0.022024
-2.487629e-06	-0.021004
-2.485629e-06	-0.02182
-2.483629e-06	-0.021208
-2.481629e-06	-0.021106
-2.479629e-06	-0.021004
-2.477629e-06	-0.021106
-2.475629e-06	-0.020902
-2.473629e-06	-0.02131
-2.471629e-06	-0.020698
-2.469629e-06	-0.0208
-2.467629e-06	-0.020392
-2.465629e-06	-0.0208
-2.463629e-06	-0.020086
-2.461629e-06	-0.020494
-2.459629e-06	-0.020596
-2.457629e-06	-0.020392
-2.455629e-06	-0.019882
-2.453629e-06	-0.020494
-2.451629e-06	-0.020494
-2.449629e-06	-0.020086
-2.447629e-06	-0.019882
-2.445629e-06	-0.020494
-2.443629e-06	-0.019882
-2.441629e-06	-0.019678
-2.439629e-06	-0.018658
-2.437629e-06	-0.019168
-2.435629e-06	-0.018964
-2.433629e-06	-0.018862
-2.431629e-06	-0.018556
-2.429629e-06	-0.018658
-2.427629e-06	-0.018454
-2.425629e-06	-0.01825
-2.423629e-06	-0.017638
-2.421629e-06	-0.018148
-2.419629e-06	-0.017944
-2.417629e-06	-0.01825
-2.415629e-06	-0.017332
-2.413629e-06	-0.017434
-2.411629e-06	-0.017434
-2.409629e-06	-0.01774
-2.407629e-06	-0.017434
-2.405629e-06	-0.017536
-2.403629e-06	-0.017434
-2.401629e-06	-0.018046
-2.399629e-06	-0.01723
-2.397629e-06	-0.017434
-2.395629e-06	-0.017026
-2.393629e-06	-0.01723
-2.391629e-06	-0.017026
-2.389629e-06	-0.016924
-2.387629e-06	-0.01672
-2.385629e-06	-0.01672
-2.383629e-06	-0.01621
-2.381629e-06	-0.016414
-2.379629e-06	-0.016414
-2.377629e-06	-0.016822
-2.375629e-06	-0.017638
-2.373629e-06	-0.017332
-2.371629e-06	-0.016924
-2.369629e-06	-0.01723
-2.367629e-06	-0.016414
-2.365629e-06	-0.017128
-2.363629e-06	-0.016618
-2.361629e-06	-0.017434
-2.359629e-06	-0.017128
-2.357629e-06	-0.017128
-2.355629e-06	-0.016822
-2.353629e-06	-0.017332
-2.351629e-06	-0.016516
-2.349629e-06	-0.01672
-2.347629e-06	-0.016618
-2.345629e-06	-0.016924
-2.343629e-06	-0.015802
-2.341629e-06	-0.016312
-2.339629e-06	-0.016006
-2.337629e-06	-0.016516
-2.335629e-06	-0.016006
-2.333629e-06	-0.016516
-2.331629e-06	-0.016516
-2.329629e-06	-0.016618
-2.327629e-06	-0.016618
-2.325629e-06	-0.016924
-2.323629e-06	-0.01723
-2.321629e-06	-0.017638
-2.319629e-06	-0.016414
-2.317629e-06	-0.016924
-2.315629e-06	-0.016822
-2.313629e-06	-0.017434
-2.311629e-06	-0.016618
-2.309629e-06	-0.017128
-2.307629e-06	-0.017434
-2.305629e-06	-0.01825
-2.303629e-06	-0.018046
-2.301629e-06	-0.018556
-2.299629e-06	-0.01876
-2.297629e-06	-0.01876
-2.295629e-06	-0.018148
-2.293629e-06	-0.019066
-2.291629e-06	-0.018352
-2.289629e-06	-0.019168
-2.287629e-06	-0.01825
-2.285629e-06	-0.018454
-2.283629e-06	-0.01876
-2.281629e-06	-0.018556
-2.279629e-06	-0.018454
-2.277629e-06	-0.018862
-2.275629e-06	-0.018352
-2.273629e-06	-0.018658
-2.271629e-06	-0.018148
-2.269629e-06	-0.018352
-2.267629e-06	-0.018046
-2.265629e-06	-0.017842
-2.263629e-06	-0.01774
-2.261629e-06	-0.018148
-2.259629e-06	-0.017638
-2.257629e-06	-0.017638
-2.255629e-06	-0.016618
-2.253629e-06	-0.016618
-2.251629e-06	-0.016822
-2.249629e-06	-0.017128
-2.247629e-06	-0.016108
-2.245629e-06	-0.01672
-2.243629e-06	-0.016516
-2.241629e-06	-0.016618
-2.239629e-06	-0.01672
-2.237629e-06	-0.016618
-2.235629e-06	-0.016414
-2.233629e-06	-0.01672
-2.231629e-06	-0.016516
-2.229629e-06	-0.01621
-2.227629e-06	-0.016312
-2.225629e-06	-0.016822
-2.223629e-06	-0.016006
-2.221629e-06	-0.016924
-2.219629e-06	-0.01672
-2.217629e-06	-0.017026
-2.215629e-06	-0.01672
-2.213629e-06	-0.017332
-2.211629e-06	-0.01723
-2.209629e-06	-0.018046
-2.207629e-06	-0.017842
-2.205629e-06	-0.018454
-2.203629e-06	-0.018658
-2.201629e-06	-0.018964
-2.199629e-06	-0.018658
-2.197629e-06	-0.019066
-2.195629e-06	-0.018556
-2.193629e-06	-0.018862
-2.191629e-06	-0.018658
-2.189629e-06	-0.018658
-2.187629e-06	-0.018658
-2.185629e-06	-0.019066
-2.183629e-06	-0.019168
-2.181629e-06	-0.01927
-2.179629e-06	-0.018964
-2.177629e-06	-0.019984
-2.175629e-06	-0.01978
-2.173629e-06	-0.020188
-2.171629e-06	-0.020188
-2.169629e-06	-0.019984
-2.167629e-06	-0.019372
-2.165629e-06	-0.019576
-2.163629e-06	-0.018658
-2.161629e-06	-0.019066
-2.159629e-06	-0.018658
-2.157629e-06	-0.019066
-2.155629e-06	-0.019678
-2.153629e-06	-0.018964
-2.151629e-06	-0.01876
-2.149629e-06	-0.019168
-2.147629e-06	-0.019678
-2.145629e-06	-0.019372
-2.143629e-06	-0.019066
-2.141629e-06	-0.019474
-2.139629e-06	-0.019474
-2.137629e-06	-0.019984
-2.135629e-06	-0.01978
-2.133629e-06	-0.020086
-2.131629e-06	-0.019984
-2.129629e-06	-0.020392
-2.127629e-06	-0.019984
-2.125629e-06	-0.020392
-2.123629e-06	-0.020596
-2.121629e-06	-0.021004
-2.119629e-06	-0.020494
-2.117629e-06	-0.020188
-2.115629e-06	-0.020188
-2.113629e-06	-0.020086
-2.111629e-06	-0.01927
-2.109629e-06	-0.019168
-2.107629e-06	-0.018862
-2.105629e-06	-0.018862
-2.103629e-06	-0.018862
-2.101629e-06	-0.018862
-2.099629e-06	-0.018964
-2.097629e-06	-0.019168
-2.095629e-06	-0.018556
-2.093629e-06	-0.018556
-2.091629e-06	-0.018454
-2.089629e-06	-0.01825
-2.087629e-06	-0.017842
-2.085629e-06	-0.018046
-2.083629e-06	-0.017842
-2.081629e-06	-0.018454
-2.079629e-06	-0.017332
-2.077629e-06	-0.017842
-2.075629e-06	-0.017638
-2.073629e-06	-0.01774
-2.071629e-06	-0.017026
-2.069629e-06	-0.017536
-2.067629e-06	-0.017128
-2.065629e-06	-0.017944
-2.063629e-06	-0.017128
-2.061629e-06	-0.01774
-2.059629e-06	-0.018352
-2.057629e-06	-0.018148
-2.055629e-06	-0.017944
-2.053629e-06	-0.018556
-2.051629e-06	-0.018454
-2.049629e-06	-0.018964
-2.047629e-06	-0.018556
-2.045629e-06	-0.018658
-2.043629e-06	-0.01876
-2.041629e-06	-0.01876
-2.039629e-06	-0.019168
-2.037629e-06	-0.019678
-2.035629e-06	-0.019474
-2.033629e-06	-0.020188
-2.031629e-06	-0.019678
-2.029629e-06	-0.020188
-2.027629e-06	-0.019984
-2.025629e-06	-0.020188
-2.023629e-06	-0.019882
-2.021629e-06	-0.019882
-2.019629e-06	-0.020188
-2.017629e-06	-0.020494
-2.015629e-06	-0.020392
-2.013629e-06	-0.0208
-2.011629e-06	-0.021004
-2.009629e-06	-0.020902
-2.007629e-06	-0.0208
-2.005629e-06	-0.020902
-2.003629e-06	-0.020902
-2.001629e-06	-0.021412
-1.999629e-06	-0.020698
-1.997629e-06	-0.021004
-1.995629e-06	-0.02182
-1.993629e-06	-0.022024
-1.991629e-06	-0.021514
-1.989629e-06	-0.02182
-1.987629e-06	-0.021208
-1.985629e-06	-0.021718
-1.983629e-06	-0.021208
-1.981629e-06	-0.020902
-1.979629e-06	-0.020494
-1.977629e-06	-0.020086
-1.975629e-06	-0.01978
-1.973629e-06	-0.020392
-1.971629e-06	-0.020188
-1.969629e-06	-0.020596
-1.967629e-06	-0.020086
-1.965629e-06	-0.020596
-1.963629e-06	-0.020596
-1.961629e-06	-0.020494
-1.959629e-06	-0.019678
-1.957629e-06	-0.019882
-1.955629e-06	-0.019984
-1.953629e-06	-0.019984
-1.951629e-06	-0.019474
-1.949629e-06	-0.01978
-1.947629e-06	-0.01978
-1.945629e-06	-0.019474
-1.943629e-06	-0.01927
-1.941629e-06	-0.019168
-1.939629e-06	-0.018964
-1.937629e-06	-0.018658
-1.935629e-06	-0.018148
-1.933629e-06	-0.01876
-1.931629e-06	-0.019066
-1.929629e-06	-0.018964
-1.927629e-06	-0.018556
-1.925629e-06	-0.018556
-1.923629e-06	-0.018862
-1.921629e-06	-0.018556
-1.919629e-06	-0.018046
-1.917629e-06	-0.018148
-1.915629e-06	-0.018046
-1.913629e-06	-0.017944
-1.911629e-06	-0.017026
-1.909629e-06	-0.017434
-1.907629e-06	-0.017638
-1.905629e-06	-0.017944
-1.903629e-06	-0.01774
-1.901629e-06	-0.01774
-1.899629e-06	-0.017842
-1.897629e-06	-0.01825
-1.895629e-06	-0.017332
-1.893629e-06	-0.017638
-1.891629e-06	-0.01774
-1.889629e-06	-0.01825
-1.887629e-06	-0.017434
-1.885629e-06	-0.018148
-1.883629e-06	-0.01774
-1.881629e-06	-0.018046
-1.879629e-06	-0.018352
-1.877629e-06	-0.018862
-1.875629e-06	-0.018964
-1.873629e-06	-0.019576
-1.871629e-06	-0.019168
-1.869629e-06	-0.019678
-1.867629e-06	-0.019372
-1.865629e-06	-0.019474
-1.863629e-06	-0.01876
-1.861629e-06	-0.01978
-1.859629e-06	-0.019984
-1.857629e-06	-0.020392
-1.855629e-06	-0.01978
-1.853629e-06	-0.019984
-1.851629e-06	-0.019882
-1.849629e-06	-0.019882
-1.847629e-06	-0.019372
-1.845629e-06	-0.01978
-1.843629e-06	-0.019882
-1.841629e-06	-0.020086
-1.839629e-06	-0.019882
-1.837629e-06	-0.020188
-1.835629e-06	-0.02029
-1.833629e-06	-0.02029
-1.831629e-06	-0.019372
-1.829629e-06	-0.019678
-1.827629e-06	-0.019576
-1.825629e-06	-0.020086
-1.823629e-06	-0.019576
-1.821629e-06	-0.020188
-1.819629e-06	-0.020188
-1.817629e-06	-0.020494
-1.815629e-06	-0.019474
-1.813629e-06	-0.019984
-1.811629e-06	-0.019474
-1.809629e-06	-0.019678
-1.807629e-06	-0.019474
-1.805629e-06	-0.019882
-1.803629e-06	-0.019576
-1.801629e-06	-0.01978
-1.799629e-06	-0.01927
-1.797629e-06	-0.019576
-1.795629e-06	-0.019984
-1.793629e-06	-0.020086
-1.791629e-06	-0.01927
-1.789629e-06	-0.019066
-1.787629e-06	-0.019066
-1.785629e-06	-0.018964
-1.783629e-06	-0.018556
-1.781629e-06	-0.01876
-1.779629e-06	-0.018862
-1.777629e-06	-0.018862
-1.775629e-06	-0.018454
-1.773629e-06	-0.018862
-1.771629e-06	-0.018352
-1.769629e-06	-0.018556
-1.767629e-06	-0.01774
-1.765629e-06	-0.018658
-1.763629e-06	-0.018454
-1.761629e-06	-0.018658
-1.759629e-06	-0.018454
-1.757629e-06	-0.018658
-1.755629e-06	-0.018556
-1.753629e-06	-0.019066
-1.751629e-06	-0.018862
-1.749629e-06	-0.018862
-1.747629e-06	-0.018046
-1.745629e-06	-0.01876
-1.743629e-06	-0.018352
-1.741629e-06	-0.018556
-1.739629e-06	-0.018658
-1.737629e-06	-0.018658
-1.735629e-06	-0.018352
-1.733629e-06	-0.019168
-1.731629e-06	-0.019474
-1.729629e-06	-0.018964
-1.727629e-06	-0.018148
-1.725629e-06	-0.019066
-1.723629e-06	-0.019372
-1.721629e-06	-0.019984
-1.719629e-06	-0.019474
-1.717629e-06	-0.019678
-1.715629e-06	-0.019678
-1.713629e-06	-0.019678
-1.711629e-06	-0.019168
-1.709629e-06	-0.019678
-1.707629e-06	-0.01927
-1.705629e-06	-0.019474
-1.703629e-06	-0.01876
-1.701629e-06	-0.019168
-1.699629e-06	-0.019372
-1.697629e-06	-0.018862
-1.695629e-06	-0.018148
-1.693629e-06	-0.018454
-1.691629e-06	-0.01825
-1.689629e-06	-0.01825
-1.687629e-06	-0.018046
-1.685629e-06	-0.01825
-1.683629e-06	-0.017536
-1.681629e-06	-0.017638
-1.679629e-06	-0.017128
-1.677629e-06	-0.016822
-1.675629e-06	-0.01672
-1.673629e-06	-0.017332
-1.671629e-06	-0.016108
-1.669629e-06	-0.016822
-1.667629e-06	-0.016516
-1.665629e-06	-0.016924
-1.663629e-06	-0.016414
-1.661629e-06	-0.017434
-1.659629e-06	-0.017026
-1.657629e-06	-0.018046
-1.655629e-06	-0.017332
-1.653629e-06	-0.017434
-1.651629e-06	-0.017536
-1.649629e-06	-0.01825
-1.647629e-06	-0.018046
-1.645629e-06	-0.018658
-1.643629e-06	-0.018964
-1.641629e-06	-0.018556
-1.639629e-06	-0.018556
-1.637629e-06	-0.018658
-1.635629e-06	-0.018352
-1.633629e-06	-0.018556
-1.631629e-06	-0.017944
-1.629629e-06	-0.018352
-1.627629e-06	-0.018046
-1.625629e-06	-0.018148
-1.623629e-06	-0.017842
-1.621629e-06	-0.018046
-1.619629e-06	-0.017944
-1.617629e-06	-0.01825
-1.615629e-06	-0.017842
-1.613629e-06	-0.018352
-1.611629e-06	-0.018046
-1.609629e-06	-0.018148
-1.607629e-06	-0.018556
-1.605629e-06	-0.018556
-1.603629e-06	-0.018964
-1.601629e-06	-0.019372
-1.599629e-06	-0.019372
-1.597629e-06	-0.019882
-1.595629e-06	-0.01927
-1.593629e-06	-0.018658
-1.591629e-06	-0.018454
-1.589629e-06	-0.01927
-1.587629e-06	-0.018964
-1.585629e-06	-0.019576
-1.583629e-06	-0.019372
-1.581629e-06	-0.019678
-1.579629e-06	-0.01927
-1.577629e-06	-0.01978
-1.575629e-06	-0.019372
-1.573629e-06	-0.01978
-1.571629e-06	-0.019678
-1.569629e-06	-0.019984
-1.567629e-06	-0.019882
-1.565629e-06	-0.019882
-1.563629e-06	-0.019576
-1.561629e-06	-0.019882
-1.559629e-06	-0.019576
-1.557629e-06	-0.01978
-1.555629e-06	-0.020188
-1.553629e-06	-0.01978
-1.551629e-06	-0.019066
-1.549629e-06	-0.019984
-1.547629e-06	-0.019984
-1.545629e-06	-0.019984
-1.543629e-06	-0.019984
-1.541629e-06	-0.01978
-1.539629e-06	-0.020086
-1.537629e-06	-0.019984
-1.535629e-06	-0.019984
-1.533629e-06	-0.019984
-1.531629e-06	-0.019678
-1.529629e-06	-0.020494
-1.527629e-06	-0.020188
-1.525629e-06	-0.019882
-1.523629e-06	-0.020086
-1.521629e-06	-0.019678
-1.519629e-06	-0.019474
-1.517629e-06	-0.019984
-1.515629e-06	-0.020086
-1.513629e-06	-0.020086
-1.511629e-06	-0.01978
-1.509629e-06	-0.019576
-1.507629e-06	-0.01927
-1.505629e-06	-0.019168
-1.503629e-06	-0.019066
-1.501629e-06	-0.019066
-1.499629e-06	-0.01876
-1.497629e-06	-0.019066
-1.495629e-06	-0.018964
-1.493629e-06	-0.019678
-1.491629e-06	-0.020188
-1.489629e-06	-0.019984
-1.487629e-06	-0.01978
-1.485629e-06	-0.019882
-1.483629e-06	-0.019576
-1.481629e-06	-0.020086
-1.479629e-06	-0.019576
-1.477629e-06	-0.019984
-1.475629e-06	-0.020188
-1.473629e-06	-0.020188
-1.471629e-06	-0.020188
-1.469629e-06	-0.020596
-1.467629e-06	-0.020392
-1.465629e-06	-0.0208
-1.463629e-06	-0.02029
-1.461629e-06	-0.020494
-1.459629e-06	-0.02029
-1.457629e-06	-0.019882
-1.455629e-06	-0.019372
-1.453629e-06	-0.019678
-1.451629e-06	-0.019678
-1.449629e-06	-0.019576
-1.447629e-06	-0.019372
-1.445629e-06	-0.019474
-1.443629e-06	-0.019678
-1.441629e-06	-0.019984
-1.439629e-06	-0.019882
-1.437629e-06	-0.020392
-1.435629e-06	-0.01978
-1.433629e-06	-0.019474
-1.431629e-06	-0.019678
-1.429629e-06	-0.019984
-1.427629e-06	-0.019984
-1.425629e-06	-0.019882
-1.423629e-06	-0.019678
-1.421629e-06	-0.020086
-1.419629e-06	-0.01978
-1.417629e-06	-0.02029
-1.415629e-06	-0.019984
-1.413629e-06	-0.020494
-1.411629e-06	-0.020698
-1.409629e-06	-0.021004
-1.407629e-06	-0.020698
-1.405629e-06	-0.0208
-1.403629e-06	-0.021208
-1.401629e-06	-0.02131
-1.399629e-06	-0.0208
-1.397629e-06	-0.0208
-1.395629e-06	-0.020596
-1.393629e-06	-0.021208
-1.391629e-06	-0.020392
-1.389629e-06	-0.020494
-1.387629e-06	-0.020698
-1.385629e-06	-0.021106
-1.383629e-06	-0.021004
-1.381629e-06	-0.021106
-1.379629e-06	-0.021004
-1.377629e-06	-0.020494
-1.375629e-06	-0.020086
-1.373629e-06	-0.019678
-1.371629e-06	-0.019984
-1.369629e-06	-0.020392
-1.367629e-06	-0.02029
-1.365629e-06	-0.020086
-1.363629e-06	-0.020086
-1.361629e-06	-0.020188
-1.359629e-06	-0.01978
-1.357629e-06	-0.019984
-1.355629e-06	-0.020086
-1.353629e-06	-0.019984
-1.351629e-06	-0.01978
-1.349629e-06	-0.019882
-1.347629e-06	-0.019984
-1.345629e-06	-0.019984
-1.343629e-06	-0.019882
-1.341629e-06	-0.020392
-1.339629e-06	-0.020494
-1.337629e-06	-0.020596
-1.335629e-06	-0.020494
-1.333629e-06	-0.020902
-1.331629e-06	-0.021004
-1.329629e-06	-0.02131
-1.327629e-06	-0.0208
-1.325629e-06	-0.02131
-1.323629e-06	-0.021616
-1.321629e-06	-0.021412
-1.319629e-06	-0.02131
-1.317629e-06	-0.021514
-1.315629e-06	-0.021208
-1.313629e-06	-0.021616
-1.311629e-06	-0.021718
-1.309629e-06	-0.021514
-1.307629e-06	-0.021514
-1.305629e-06	-0.021718
-1.303629e-06	-0.021208
-1.301629e-06	-0.020902
-1.299629e-06	-0.021004
-1.297629e-06	-0.021208
-1.295629e-06	-0.02029
-1.293629e-06	-0.020392
-1.291629e-06	-0.020902
-1.289629e-06	-0.02131
-1.287629e-06	-0.020596
-1.285629e-06	-0.020596
-1.283629e-06	-0.020392
-1.281629e-06	-0.02029
-1.279629e-06	-0.020188
-1.277629e-06	-0.019984
-1.275629e-06	-0.020494
-1.273629e-06	-0.020902
-1.271629e-06	-0.020698
-1.269629e-06	-0.020596
-1.267629e-06	-0.02029
-1.265629e-06	-0.020596
-1.263629e-06	-0.020086
-1.261629e-06	-0.019882
-1.259629e-06	-0.020392
-1.257629e-06	-0.02029
-1.255629e-06	-0.01978
-1.253629e-06	-0.020494
-1.251629e-06	-0.02029
-1.249629e-06	-0.021106
-1.247629e-06	-0.020392
-1.245629e-06	-0.021106
-1.243629e-06	-0.021208
-1.241629e-06	-0.021004
-1.239629e-06	-0.020494
-1.237629e-06	-0.020902
-1.235629e-06	-0.0208
-1.233629e-06	-0.021004
-1.231629e-06	-0.020596
-1.229629e-06	-0.020188
-1.227629e-06	-0.020392
-1.225629e-06	-0.0208
-1.223629e-06	-0.021106
-1.221629e-06	-0.020698
-1.219629e-06	-0.0208
-1.217629e-06	-0.020494
-1.215629e-06	-0.020494
-1.213629e-06	-0.021004
-1.211629e-06	-0.021208
-1.209629e-06	-0.021106
-1.207629e-06	-0.0208
-1.205629e-06	-0.020494
-1.203629e-06	-0.02029
-1.201629e-06	-0.020494
-1.199629e-06	-0.020188
-1.197629e-06	-0.020698
-1.195629e-06	-0.020392
-1.193629e-06	-0.020392
-1.191629e-06	-0.019882
-1.189629e-06	-0.019984
-1.187629e-06	-0.019984
-1.185629e-06	-0.020188
-1.183629e-06	-0.019678
-1.181629e-06	-0.01978
-1.179629e-06	-0.019882
-1.177629e-06	-0.020188
-1.175629e-06	-0.019678
-1.173629e-06	-0.01978
-1.171629e-06	-0.019474
-1.169629e-06	-0.019576
-1.167629e-06	-0.019576
-1.165629e-06	-0.019576
-1.163629e-06	-0.020086
-1.161629e-06	-0.019882
-1.159629e-06	-0.019678
-1.157629e-06	-0.019882
-1.155629e-06	-0.02029
-1.153629e-06	-0.019984
-1.151629e-06	-0.01978
-1.149629e-06	-0.019474
-1.147629e-06	-0.019984
-1.145629e-06	-0.020086
-1.143629e-06	-0.019474
-1.141629e-06	-0.019984
-1.139629e-06	-0.019984
-1.137629e-06	-0.020698
-1.135629e-06	-0.020392
-1.133629e-06	-0.020494
-1.131629e-06	-0.020392
-1.129629e-06	-0.02029
-1.127629e-06	-0.019474
-1.125629e-06	-0.019882
-1.123629e-06	-0.019984
-1.121629e-06	-0.020188
-1.119629e-06	-0.019576
-1.117629e-06	-0.019984
-1.115629e-06	-0.019882
-1.113629e-06	-0.01978
-1.111629e-06	-0.019474
-1.109629e-06	-0.019882
-1.107629e-06	-0.019474
-1.105629e-06	-0.01978
-1.103629e-06	-0.019372
-1.101629e-06	-0.019576
-1.099629e-06	-0.018964
-1.097629e-06	-0.019372
-1.095629e-06	-0.018556
-1.093629e-06	-0.018658
-1.091629e-06	-0.018454
-1.089629e-06	-0.018556
-1.087629e-06	-0.01774
-1.085629e-06	-0.018148
-1.083629e-06	-0.017638
-1.081629e-06	-0.017536
-1.079629e-06	-0.017332
-1.077629e-06	-0.017536
-1.075629e-06	-0.01672
-1.073629e-06	-0.01672
-1.071629e-06	-0.016108
-1.069629e-06	-0.016414
-1.067629e-06	-0.01621
-1.065629e-06	-0.016414
-1.063629e-06	-0.015802
-1.061629e-06	-0.016312
-1.059629e-06	-0.015802
-1.057629e-06	-0.015904
-1.055629e-06	-0.015802
-1.053629e-06	-0.016006
-1.051629e-06	-0.015598
-1.049629e-06	-0.016108
-1.047629e-06	-0.016108
-1.045629e-06	-0.01621
-1.043629e-06	-0.01621
-1.041629e-06	-0.016516
-1.039629e-06	-0.0157
-1.037629e-06	-0.016414
-1.035629e-06	-0.01672
-1.033629e-06	-0.016618
-1.031629e-06	-0.016414
-1.029629e-06	-0.016822
-1.027629e-06	-0.017128
-1.025629e-06	-0.01723
-1.023629e-06	-0.017026
-1.021629e-06	-0.017842
-1.019629e-06	-0.017332
-1.017629e-06	-0.017434
-1.015629e-06	-0.017128
-1.013629e-06	-0.017536
-1.011629e-06	-0.017434
-1.009629e-06	-0.01825
-1.007629e-06	-0.017944
-1.005629e-06	-0.018148
-1.003629e-06	-0.017842
-1.001629e-06	-0.01825
-9.996287e-07	-0.018454
-9.976287e-07	-0.018454
-9.956287e-07	-0.018964
-9.936287e-07	-0.019168
-9.916287e-07	-0.01876
-9.896287e-07	-0.019372
-9.876287e-07	-0.019168
-9.856287e-07	-0.019372
-9.836287e-07	-0.019168
-9.816287e-07	-0.019882
-9.796287e-07	-0.019678
-9.776287e-07	-0.020086
-9.756287e-07	-0.019984
-9.736287e-07	-0.019576
-9.716287e-07	-0.019984
-9.696287e-07	-0.02029
-9.676287e-07	-0.02029
-9.656287e-07	-0.020494
-9.636287e-07	-0.020188
-9.616287e-07	-0.02029
-9.596287e-07	-0.019882
-9.576287e-07	-0.02029
-9.556287e-07	-0.020596
-9.536287e-07	-0.020596
-9.516287e-07	-0.020494
-9.496287e-07	-0.020392
-9.476287e-07	-0.020392
-9.456287e-07	-0.02029
-9.436287e-07	-0.02029
-9.416287e-07	-0.020188
-9.396287e-07	-0.020392
-9.376287e-07	-0.020188
-9.356287e-07	-0.019882
-9.336287e-07	-0.020596
-9.316287e-07	-0.020596
-9.296287e-07	-0.020494
-9.276287e-07	-0.020086
-9.256287e-07	-0.02029
-9.236287e-07	-0.020596
-9.216287e-07	-0.021616
-9.196287e-07	-0.021106
-9.176287e-07	-0.021208
-9.156287e-07	-0.0208
-9.136287e-07	-0.021412
-9.116287e-07	-0.0208
-9.096287e-07	-0.021208
-9.076287e-07	-0.021208
-9.056287e-07	-0.021616
-9.036287e-07	-0.021106
-9.016287e-07	-0.02131
-8.996287e-07	-0.020902
-8.976287e-07	-0.020902
-8.956287e-07	-0.020596
-8.936287e-07	-0.021208
-8.916287e-07	-0.020902
-8.896287e-07	-0.02131
-8.876287e-07	-0.02131
-8.856287e-07	-0.021718
-8.836287e-07	-0.021514
-8.816287e-07	-0.021922
-8.796287e-07	-0.02182
-8.776287e-07	-0.022126
-8.756287e-07	-0.022534
-8.736287e-07	-0.022228
-8.716287e-07	-0.022534
-8.696287e-07	-0.022126
-8.676287e-07	-0.022024
-8.656287e-07	-0.022636
-8.636287e-07	-0.022126
-8.616287e-07	-0.022432
-8.596287e-07	-0.022636
-8.576287e-07	-0.023044
-8.556287e-07	-0.022228
-8.536287e-07	-0.02284
-8.516287e-07	-0.022432
-8.496287e-07	-0.02284
-8.476287e-07	-0.022432
-8.456287e-07	-0.022432
-8.436287e-07	-0.022636
-8.416287e-07	-0.023656
-8.396287e-07	-0.023554
-8.376287e-07	-0.023656
-8.356287e-07	-0.023248
-8.336287e-07	-0.023554
-8.316287e-07	-0.023146
-8.296287e-07	-0.024268
-8.276287e-07	-0.02437
-8.256287e-07	-0.02437
-8.236287e-07	-0.02335
-8.216287e-07	-0.023452
-8.196287e-07	-0.023146
-8.176287e-07	-0.02386
-8.156287e-07	-0.023146
-8.136287e-07	-0.023044
-8.116287e-07	-0.023044
-8.096287e-07	-0.023248
-8.076287e-07	-0.022942
-8.056287e-07	-0.02284
-8.036287e-07	-0.02284
-8.016287e-07	-0.02284
-7.996287e-07	-0.022228
-7.976287e-07	-0.022126
-7.956287e-07	-0.021922
-7.936287e-07	-0.02233
-7.916287e-07	-0.021616
-7.896287e-07	-0.022228
-7.876287e-07	-0.022228
-7.856287e-07	-0.022738
-7.836287e-07	-0.022126
-7.816287e-07	-0.02233
-7.796287e-07	-0.022534
-7.776287e-07	-0.022228
-7.756287e-07	-0.022126
-7.736287e-07	-0.022126
-7.716287e-07	-0.022432
-7.696287e-07	-0.02233
-7.676287e-07	-0.021922
-7.656287e-07	-0.021514
-7.636287e-07	-0.02182
-7.616287e-07	-0.021718
-7.596287e-07	-0.021616
-7.576287e-07	-0.021718
-7.556287e-07	-0.021718
-7.536287e-07	-0.021718
-7.516287e-07	-0.021514
-7.496287e-07	-0.02131
-7.476287e-07	-0.021412
-7.456287e-07	-0.022024
-7.436287e-07	-0.021106
-7.416287e-07	-0.022024
-7.396287e-07	-0.021514
-7.376287e-07	-0.021514
-7.356287e-07	-0.021004
-7.336287e-07	-0.021004
-7.316287e-07	-0.020902
-7.296287e-07	-0.02131
-7.276287e-07	-0.02029
-7.256287e-07	-0.021106
-7.236287e-07	-0.020902
-7.216287e-07	-0.020698
-7.196287e-07	-0.020494
-7.176287e-07	-0.02029
-7.156287e-07	-0.020086
-7.136287e-07	-0.020596
-7.116287e-07	-0.019882
-7.096287e-07	-0.019576
-7.076287e-07	-0.020596
-7.056287e-07	-0.020698
-7.036287e-07	-0.020086
-7.016287e-07	-0.019474
-6.996287e-07	-0.019882
-6.976287e-07	-0.020188
-6.956287e-07	-0.019576
-6.936287e-07	-0.019576
-6.916287e-07	-0.019678
-6.896287e-07	-0.019678
-6.876287e-07	-0.01876
-6.856287e-07	-0.019372
-6.836287e-07	-0.019168
-6.816287e-07	-0.01876
-6.796287e-07	-0.018454
-6.776287e-07	-0.01876
-6.756287e-07	-0.018658
-6.736287e-07	-0.019168
-6.716287e-07	-0.01876
-6.696287e-07	-0.019066
-6.676287e-07	-0.018658
-6.656287e-07	-0.018964
-6.636287e-07	-0.01876
-6.616287e-07	-0.019372
-6.596287e-07	-0.01978
-6.576287e-07	-0.02029
-6.556287e-07	-0.019372
-6.536287e-07	-0.019678
-6.516287e-07	-0.01978
-6.496287e-07	-0.019678
-6.476287e-07	-0.019576
-6.456287e-07	-0.020188
-6.436287e-07	-0.020188
-6.416287e-07	-0.020086
-6.396287e-07	-0.019474
-6.376287e-07	-0.020086
-6.356287e-07	-0.019168
-6.336287e-07	-0.019984
-6.316287e-07	-0.01978
-6.296287e-07	-0.020086
-6.276287e-07	-0.019984
-6.256287e-07	-0.020188
-6.236287e-07	-0.019678
-6.216287e-07	-0.01978
-6.196287e-07	-0.019576
-6.176287e-07	-0.020596
-6.156287e-07	-0.020188
-6.136287e-07	-0.020596
-6.116287e-07	-0.020902
-6.096287e-07	-0.021412
-6.076287e-07	-0.021208
-6.056287e-07	-0.020902
-6.036287e-07	-0.021208
-6.016287e-07	-0.02131
-5.996287e-07	-0.021004
-5.976287e-07	-0.021208
-5.956287e-07	-0.020698
-5.936287e-07	-0.020902
-5.916287e-07	-0.020698
-5.896287e-07	-0.020494
-5.876287e-07	-0.020698
-5.856287e-07	-0.021004
-5.836287e-07	-0.020596
-5.816287e-07	-0.021004
-5.796287e-07	-0.02131
-5.776287e-07	-0.021616
-5.756287e-07	-0.021004
-5.736287e-07	-0.02131
-5.716287e-07	-0.02182
-5.696287e-07	-0.022126
-5.676287e-07	-0.021616
-5.656287e-07	-0.02182
-5.636287e-07	-0.021514
-5.616287e-07	-0.021616
-5.596287e-07	-0.021208
-5.576287e-07	-0.021412
-5.556287e-07	-0.022126
-5.536287e-07	-0.022024
-5.516287e-07	-0.021616
-5.496287e-07	-0.021922
-5.476287e-07	-0.021922
-5.456287e-07	-0.022126
-5.436287e-07	-0.021208
-5.416287e-07	-0.021616
-5.396287e-07	-0.02182
-5.376287e-07	-0.022126
-5.356287e-07	-0.02182
-5.336287e-07	-0.022228
-5.316287e-07	-0.022534
-5.296287e-07	-0.022738
-5.276287e-07	-0.022432
-5.256287e-07	-0.02284
-5.236287e-07	-0.023146
-5.216287e-07	-0.023656
-5.196287e-07	-0.023656
-5.176287e-07	-0.023962
-5.156287e-07	-0.024166
-5.136287e-07	-0.024472
-5.116287e-07	-0.023656
-5.096287e-07	-0.023656
-5.076287e-07	-0.023452
-5.056287e-07	-0.02335
-5.036287e-07	-0.023044
-5.016287e-07	-0.022636
-4.996287e-07	-0.022636
-4.976287e-07	-0.022432
-4.956287e-07	-0.021718
-4.936287e-07	-0.021616
-4.916287e-07	-0.021616
-4.896287e-07	-0.02182
-4.876287e-07	-0.021208
-4.856287e-07	-0.021514
-4.836287e-07	-0.021208
-4.816287e-07	-0.02131
-4.796287e-07	-0.0208
-4.776287e-07	-0.020698
-4.756287e-07	-0.020596
-4.736287e-07	-0.020698
-4.716287e-07	-0.020392
-4.696287e-07	-0.020596
-4.676287e-07	-0.020494
-4.656287e-07	-0.020494
-4.636287e-07	-0.020188
-4.616287e-07	-0.020188
-4.596287e-07	-0.020086
-4.576287e-07	-0.019678
-4.556287e-07	-0.01978
-4.536287e-07	-0.020494
-4.516287e-07	-0.020392
-4.496287e-07	-0.02029
-4.476287e-07	-0.019984
-4.456287e-07	-0.020086
-4.436287e-07	-0.0208
-4.416287e-07	-0.020596
-4.396287e-07	-0.02029
-4.376287e-07	-0.020698
-4.356287e-07	-0.020698
-4.336287e-07	-0.020596
-4.316287e-07	-0.0208
-4.296287e-07	-0.020494
-4.276287e-07	-0.021208
-4.256287e-07	-0.02182
-4.236287e-07	-0.0208
-4.216287e-07	-0.021208
-4.196287e-07	-0.021412
-4.176287e-07	-0.02131
-4.156287e-07	-0.020902
-4.136287e-07	-0.021412
-4.116287e-07	-0.021514
-4.096287e-07	-0.022024
-4.076287e-07	-0.021412
-4.056287e-07	-0.022024
-4.036287e-07	-0.02182
-4.016287e-07	-0.022534
-3.996287e-07	-0.022126
-3.976287e-07	-0.022126
-3.956287e-07	-0.022738
-3.936287e-07	-0.022738
-3.916287e-07	-0.02233
-3.896287e-07	-0.022024
-3.876287e-07	-0.022126
-3.856287e-07	-0.022228
-3.836287e-07	-0.021616
-3.816287e-07	-0.021718
-3.796287e-07	-0.021514
-3.776287e-07	-0.021718
-3.756287e-07	-0.021106
-3.736287e-07	-0.021106
-3.716287e-07	-0.021004
-3.696287e-07	-0.021514
-3.676287e-07	-0.021106
-3.656287e-07	-0.021718
-3.636287e-07	-0.020698
-3.616287e-07	-0.021004
-3.596287e-07	-0.020698
-3.576287e-07	-0.021208
-3.556287e-07	-0.021412
-3.536287e-07	-0.021718
-3.516287e-07	-0.021412
-3.496287e-07	-0.021718
-3.476287e-07	-0.021718
-3.456287e-07	-0.021922
-3.436287e-07	-0.021922
-3.416287e-07	-0.021922
-3.396287e-07	-0.021616
-3.376287e-07	-0.02182
-3.356287e-07	-0.021514
-3.336287e-07	-0.021616
-3.316287e-07	-0.021922
-3.296287e-07	-0.021718
-3.276287e-07	-0.021208
-3.256287e-07	-0.021718
-3.236287e-07	-0.021208
-3.216287e-07	-0.021922
-3.196287e-07	-0.021514
-3.176287e-07	-0.021718
-3.156287e-07	-0.021412
-3.136287e-07	-0.02182
-3.116287e-07	-0.02182
-3.096287e-07	-0.022534
-3.076287e-07	-0.022126
-3.056287e-07	-0.022228
-3.036287e-07	-0.022024
-3.016287e-07	-0.022432
-2.996287e-07	-0.022636
-2.976287e-07	-0.023044
-2.956287e-07	-0.023146
-2.936287e-07	-0.022942
-2.916287e-07	-0.022942
-2.896287e-07	-0.022636
-2.876287e-07	-0.022126
-2.856287e-07	-0.022432
-2.836287e-07	-0.022432
-2.816287e-07	-0.022432
-2.796287e-07	-0.022228
-2.776287e-07	-0.022942
-2.756287e-07	-0.022636
-2.736287e-07	-0.023248
-2.716287e-07	-0.022942
-2.696287e-07	-0.023452
-2.676287e-07	-0.02335
-2.656287e-07	-0.02335
-2.636287e-07	-0.022738
-2.616287e-07	-0.023452
-2.596287e-07	-0.023452
-2.576287e-07	-0.023656
-2.556287e-07	-0.023146
-2.536287e-07	-0.023656
-2.516287e-07	-0.02386
-2.496287e-07	-0.024064
-2.476287e-07	-0.024166
-2.456287e-07	-0.024268
-2.436287e-07	-0.023962
-2.416287e-07	-0.02386
-2.396287e-07	-0.023452
-2.376287e-07	-0.02386
-2.356287e-07	-0.02386
-2.336287e-07	-0.02386
-2.316287e-07	-0.023656
-2.296287e-07	-0.023554
-2.276287e-07	-0.023554
-2.256287e-07	-0.023554
-2.236287e-07	-0.023146
-2.216287e-07	-0.023044
-2.196287e-07	-0.02284
-2.176287e-07	-0.023452
-2.156287e-07	-0.023146
-2.136287e-07	-0.023146
-2.116287e-07	-0.023656
-2.096287e-07	-0.023962
-2.076287e-07	-0.023656
-2.056287e-07	-0.023146
-2.036287e-07	-0.02335
-2.016287e-07	-0.023146
-1.996287e-07	-0.02284
-1.976287e-07	-0.022942
-1.956287e-07	-0.02284
-1.936287e-07	-0.02284
-1.916287e-07	-0.022432
-1.896287e-07	-0.022636
-1.876287e-07	-0.022126
-1.856287e-07	-0.022636
-1.836287e-07	-0.022636
-1.816287e-07	-0.022738
-1.796287e-07	-0.022126
-1.776287e-07	-0.022024
-1.756287e-07	-0.021718
-1.736287e-07	-0.022534
-1.716287e-07	-0.021922
-1.696287e-07	-0.021106
-1.676287e-07	-0.020494
-1.656287e-07	-0.020596
-1.636287e-07	-0.019984
-1.616287e-07	-0.020494
-1.596287e-07	-0.019474
-1.576287e-07	-0.019678
-1.556287e-07	-0.019882
-1.536287e-07	-0.020086
-1.516287e-07	-0.018862
-1.496287e-07	-0.019168
-1.476287e-07	-0.018964
-1.456287e-07	-0.019066
-1.436287e-07	-0.01825
-1.416287e-07	-0.018148
-1.396287e-07	-0.017638
-1.376287e-07	-0.018148
-1.356287e-07	-0.01723
-1.336287e-07	-0.017434
-1.316287e-07	-0.017536
-1.296287e-07	-0.017944
-1.276287e-07	-0.017332
-1.256287e-07	-0.01774
-1.236287e-07	-0.017638
-1.216287e-07	-0.01774
-1.196287e-07	-0.017332
-1.176287e-07	-0.017944
-1.156287e-07	-0.017944
-1.136287e-07	-0.018148
-1.116287e-07	-0.018454
-1.096287e-07	-0.018352
-1.076287e-07	-0.018556
-1.056287e-07	-0.019066
-1.036287e-07	-0.019168
-1.016287e-07	-0.018964
-9.962871e-08	-0.01927
-9.762871e-08	-0.019474
-9.562871e-08	-0.018658
-9.362871e-08	-0.018862
-9.162871e-08	-0.019066
-8.962871e-08	-0.018964
-8.762871e-08	-0.018454
-8.562871e-08	-0.018454
-8.362871e-08	-0.018148
-8.162871e-08	-0.01825
-7.962871e-08	-0.017842
-7.762871e-08	-0.018352
-7.562871e-08	-0.01825
-7.362871e-08	-0.01876
-7.162871e-08	-0.017944
-6.962871e-08	-0.018352
-6.762871e-08	-0.018148
-6.562871e-08	-0.01876
-6.362871e-08	-0.018454
-6.162871e-08	-0.018658
-5.962871e-08	-0.019066
-5.762871e-08	-0.018964
-5.562871e-08	-0.018658
-5.362871e-08	-0.01927
-5.162871e-08	-0.018862
-4.962871e-08	-0.018658
-4.762871e-08	-0.018556
-4.562871e-08	-0.019066
-4.362871e-08	-0.018862
-4.162871e-08	-0.019474
-3.962871e-08	-0.019066
-3.762871e-08	-0.01927
-3.562871e-08	-0.018862
-3.362871e-08	-0.019066
-3.162871e-08	-0.019882
-2.962871e-08	-0.019678
-2.762871e-08	-0.01978
-2.562871e-08	-0.019984
-2.362871e-08	-0.019372
-2.162871e-08	-0.019474
-1.962871e-08	-0.019678
-1.762871e-08	-0.020188
-1.562871e-08	-0.019576
-1.362871e-08	-0.019678
-1.162871e-08	-0.019882
-9.628709e-09	-0.019678
-7.628709e-09	-0.019168
-5.628709e-09	-0.019474
-3.628709e-09	-0.019168
-1.628709e-09	-0.01978
3.712906e-10	-0.01927
2.371291e-09	-0.01978
4.371291e-09	-0.019372
6.371291e-09	-0.019372
8.371291e-09	-0.019474
1.037129e-08	-0.019984
1.237129e-08	-0.020188
1.437129e-08	-0.020086
1.637129e-08	-0.019168
1.837129e-08	-0.01927
2.037129e-08	-0.01927
2.237129e-08	-0.019474
2.437129e-08	-0.019066
2.637129e-08	-0.019066
2.837129e-08	-0.018862
3.037129e-08	-0.018964
3.237129e-08	-0.018454
3.437129e-08	-0.019372
3.637129e-08	-0.018454
3.837129e-08	-0.018862
4.037129e-08	-0.018454
4.237129e-08	-0.01876
4.437129e-08	-0.018454
4.637129e-08	-0.018658
4.837129e-08	-0.018454
5.037129e-08	-0.017842
5.237129e-08	-0.018046
5.437129e-08	-0.017944
5.637129e-08	-0.017842
5.837129e-08	-0.018046
6.037129e-08	-0.017434
6.237129e-08	-0.017944
6.437129e-08	-0.017026
6.637129e-08	-0.016924
6.837129e-08	-0.017536
7.037129e-08	-0.017842
7.237129e-08	-0.017332
7.437129e-08	-0.017434
7.637129e-08	-0.01723
7.837129e-08	-0.01723
8.037129e-08	-0.016516
8.237129e-08	-0.017026
8.437129e-08	-0.01672
8.637129e-08	-0.017128
8.837129e-08	-0.016822
9.037129e-08	-0.01723
9.237129e-08	-0.017536
9.437129e-08	-0.017536
9.637129e-08	-0.017434
9.837129e-08	-0.017944
1.003713e-07	-0.017842
1.023713e-07	-0.01774
1.043713e-07	-0.017332
1.063713e-07	-0.017536
1.083713e-07	-0.016822
1.103713e-07	-0.017536
1.123713e-07	-0.016414
1.143713e-07	-0.016618
1.163713e-07	-0.016516
1.183713e-07	-0.016618
1.203713e-07	-0.015394
1.223713e-07	-0.015598
1.243713e-07	-0.015394
1.263713e-07	-0.015292
1.283713e-07	-0.014884
1.303713e-07	-0.014272
1.323713e-07	-0.012946
1.343713e-07	-0.00958
1.363713e-07	-0.00244
1.383713e-07	0.00878
1.403713e-07	0.023774
1.423713e-07	0.041114
1.443713e-07	0.0608
1.463713e-07	0.079466
1.483713e-07	0.098438
1.503713e-07	0.116492
1.523713e-07	0.13373
1.543713e-07	0.148928
1.563713e-07	0.163718
1.583713e-07	0.176366
1.603713e-07	0.188912
1.623713e-07	0.199418
1.643713e-07	0.209312
1.663713e-07	0.217574
1.683713e-07	0.225632
1.703713e-07	0.231752
1.723713e-07	0.23675
1.743713e-07	0.240932
1.763713e-07	0.24491
1.783713e-07	0.24695
1.803713e-07	0.248684
1.823713e-07	0.2495
1.843713e-07	0.250622
1.863713e-07	0.25052
1.883713e-07	0.248888
1.903713e-07	0.247868
1.923713e-07	0.246542
1.943713e-07	0.244094
1.963713e-07	0.24185
1.983713e-07	0.238892
2.003713e-07	0.236444
2.023713e-07	0.232466
2.043713e-07	0.22961
2.063713e-07	0.226346
2.083713e-07	0.222878
2.103713e-07	0.219206
2.123713e-07	0.21482
2.143713e-07	0.210536
2.163713e-07	0.20768
2.183713e-07	0.203396
2.203713e-07	0.200132
2.223713e-07	0.195746
2.243713e-07	0.191666
2.263713e-07	0.187586
2.283713e-07	0.183506
2.303713e-07	0.178916
2.323713e-07	0.174836
2.343713e-07	0.170654
2.363713e-07	0.166982
2.383713e-07	0.163004
2.403713e-07	0.159638
2.423713e-07	0.155558
2.443713e-07	0.152294
2.463713e-07	0.148214
2.483713e-07	0.144542
2.503713e-07	0.139952
2.523713e-07	0.137096
2.543713e-07	0.132914
2.563713e-07	0.130262
2.583713e-07	0.126488
2.603713e-07	0.122714
2.623713e-07	0.11894
2.643713e-07	0.115676
2.663713e-07	0.11231
2.683713e-07	0.109148
2.703713e-07	0.105986
2.723713e-07	0.102722
2.743713e-07	0.10007
2.763713e-07	0.097418
2.783713e-07	0.094562
2.803713e-07	0.091604
2.823713e-07	0.089054
2.843713e-07	0.08579
2.863713e-07	0.083138
2.883713e-07	0.080996
2.903713e-07	0.078752
2.923713e-07	0.076916
2.943713e-07	0.07355
2.963713e-07	0.071816
2.983713e-07	0.06947
3.003713e-07	0.067532
3.023713e-07	0.06539
3.043713e-07	0.063452
3.063713e-07	0.061514
3.083713e-07	0.059066
3.103713e-07	0.056924
3.123713e-07	0.055802
3.143713e-07	0.053762
3.163713e-07	0.052028
3.183713e-07	0.050192
3.203713e-07	0.048764
3.223713e-07	0.04652
3.243713e-07	0.045296
3.263713e-07	0.043664
3.283713e-07	0.04244
3.303713e-07	0.041012
3.323713e-07	0.039176
3.343713e-07	0.037544
3.363713e-07	0.036728
3.383713e-07	0.035504
3.403713e-07	0.034382
3.423713e-07	0.033362
3.443713e-07	0.03224
3.463713e-07	0.030914
3.483713e-07	0.0302
3.503713e-07	0.029282
3.523713e-07	0.028364
3.543713e-07	0.02714
3.563713e-07	0.026528
3.583713e-07	0.025712
3.603713e-07	0.025304
3.623713e-07	0.02459
3.643713e-07	0.023468
3.663713e-07	0.022448
3.683713e-07	0.021632
3.703713e-07	0.020612
3.723713e-07	0.019796
3.743713e-07	0.01898
3.763713e-07	0.017756
3.783713e-07	0.017246
3.803713e-07	0.01643
3.823713e-07	0.01541
3.843713e-07	0.014288
3.863713e-07	0.013268
3.883713e-07	0.012554
3.903713e-07	0.011942
3.923713e-07	0.011432
3.943713e-07	0.010616
3.963713e-07	0.010106
3.983713e-07	0.009392
4.003713e-07	0.009086
4.023713e-07	0.008168
4.043713e-07	0.008066
4.063713e-07	0.007658
4.083713e-07	0.007556
4.103713e-07	0.007046
4.123713e-07	0.006638
4.143713e-07	0.006128
4.163713e-07	0.005516
4.183713e-07	0.004802
4.203713e-07	0.004394
4.223713e-07	0.004088
4.243713e-07	0.004496
4.263713e-07	0.00317
4.283713e-07	0.00317
4.303713e-07	0.003068
4.323713e-07	0.002864
4.343713e-07	0.001538
4.363713e-07	0.001844
4.383713e-07	0.00113
4.403713e-07	0.000518
4.423713e-07	0.00011
4.443713e-07	0.000212
4.463713e-07	-0.000808
4.483713e-07	-0.000502
4.503713e-07	-0.00142
4.523713e-07	-0.001624
4.543713e-07	-0.002032
4.563713e-07	-0.002032
4.583713e-07	-0.003358
4.603713e-07	-0.00295
4.623713e-07	-0.00397
4.643713e-07	-0.00397
4.663713e-07	-0.004786
4.683713e-07	-0.004786
4.703713e-07	-0.0055
4.723713e-07	-0.00499
4.743713e-07	-0.005806
4.763713e-07	-0.0055
4.783713e-07	-0.005602
4.803713e-07	-0.005194
4.823713e-07	-0.005602
4.843713e-07	-0.006112
4.863713e-07	-0.006418
4.883713e-07	-0.006112
4.903713e-07	-0.00652
4.923713e-07	-0.006418
4.943713e-07	-0.006622
4.963713e-07	-0.006724
4.983713e-07	-0.007132
5.003713e-07	-0.007438
5.023713e-07	-0.007846
5.043713e-07	-0.007438
5.063713e-07	-0.007948
5.083713e-07	-0.008662
5.103713e-07	-0.009478
5.123713e-07	-0.008968
5.143713e-07	-0.009274
5.163713e-07	-0.010192
5.183713e-07	-0.010498
5.203713e-07	-0.010396
5.223713e-07	-0.010702
5.243713e-07	-0.010702
5.263713e-07	-0.01111
5.283713e-07	-0.010702
5.303713e-07	-0.011416
5.323713e-07	-0.011926
5.343713e-07	-0.012436
5.363713e-07	-0.011824
5.383713e-07	-0.01213
5.403713e-07	-0.012334
5.423713e-07	-0.012946
5.443713e-07	-0.012538
5.463713e-07	-0.012844
5.483713e-07	-0.012946
5.503713e-07	-0.013456
5.523713e-07	-0.013048
5.543713e-07	-0.013762
5.563713e-07	-0.013966
5.583713e-07	-0.014374
5.603713e-07	-0.014068
5.623713e-07	-0.014476
5.643713e-07	-0.014986
5.663713e-07	-0.015496
5.683713e-07	-0.014986
5.703713e-07	-0.015802
5.723713e-07	-0.015904
5.743713e-07	-0.016516
5.763713e-07	-0.015904
5.783713e-07	-0.01672
5.803713e-07	-0.016414
5.823713e-07	-0.016414
5.843713e-07	-0.015598
5.863713e-07	-0.016618
5.883713e-07	-0.016618
5.903713e-07	-0.017128
5.923713e-07	-0.01672
5.943713e-07	-0.017026
5.963713e-07	-0.016924
5.983713e-07	-0.01774
6.003713e-07	-0.016618
6.023713e-07	-0.017128
6.043713e-07	-0.01723
6.063713e-07	-0.017332
6.083713e-07	-0.016516
6.103713e-07	-0.016516
6.123713e-07	-0.01672
6.143713e-07	-0.017026
6.163713e-07	-0.016414
6.183713e-07	-0.016108
6.203713e-07	-0.0157
6.223713e-07	-0.01621
6.243713e-07	-0.015598
6.263713e-07	-0.0157
6.283713e-07	-0.0157
6.303713e-07	-0.016516
6.323713e-07	-0.016108
6.343713e-07	-0.016108
6.363713e-07	-0.015802
6.383713e-07	-0.016516
6.403713e-07	-0.015598
6.423713e-07	-0.016006
6.443713e-07	-0.016312
6.463713e-07	-0.01672
6.483713e-07	-0.01621
6.503713e-07	-0.01672
6.523713e-07	-0.016822
6.543713e-07	-0.017842
6.563713e-07	-0.017026
6.583713e-07	-0.017638
6.603713e-07	-0.017332
6.623713e-07	-0.017944
6.643713e-07	-0.01723
6.663713e-07	-0.017332
6.683713e-07	-0.017128
6.703713e-07	-0.017842
6.723713e-07	-0.01723
6.743713e-07	-0.01774
6.763713e-07	-0.018046
6.783713e-07	-0.018352
6.803713e-07	-0.017944
6.823713e-07	-0.018556
6.843713e-07	-0.01876
6.863713e-07	-0.019066
6.883713e-07	-0.018964
6.903713e-07	-0.01978
6.923713e-07	-0.020086
6.943713e-07	-0.020188
6.963713e-07	-0.019474
6.983713e-07	-0.020392
7.003713e-07	-0.020698
7.023713e-07	-0.020902
7.043713e-07	-0.020188
7.063713e-07	-0.020494
7.083713e-07	-0.020596
7.103713e-07	-0.020698
7.123713e-07	-0.02029
7.143713e-07	-0.020596
7.163713e-07	-0.020494
7.183713e-07	-0.020494
7.203713e-07	-0.01978
7.223713e-07	-0.020494
7.243713e-07	-0.019984
7.263713e-07	-0.0208
7.283713e-07	-0.020086
7.303713e-07	-0.020392
7.323713e-07	-0.02029
7.343713e-07	-0.020086
7.363713e-07	-0.019882
7.383713e-07	-0.020392
7.403713e-07	-0.020188
7.423713e-07	-0.020188
7.443713e-07	-0.019576
7.463713e-07	-0.019576
7.483713e-07	-0.019372
7.503713e-07	-0.01927
7.523713e-07	-0.019576
7.543713e-07	-0.01978
7.563713e-07	-0.020392
7.583713e-07	-0.02029
7.603713e-07	-0.01978
7.623713e-07	-0.02029
7.643713e-07	-0.019882
7.663713e-07	-0.020086
7.683713e-07	-0.019678
7.703713e-07	-0.019474
7.723713e-07	-0.020494
7.743713e-07	-0.019678
7.763713e-07	-0.019372
7.783713e-07	-0.01978
7.803713e-07	-0.019678
7.823713e-07	-0.01978
7.843713e-07	-0.019066
7.863713e-07	-0.019882
7.883713e-07	-0.019474
7.903713e-07	-0.019984
7.923713e-07	-0.020086
7.943713e-07	-0.020392
7.963713e-07	-0.02029
7.983713e-07	-0.020494
8.003713e-07	-0.019372
8.023713e-07	-0.019576
8.043713e-07	-0.01978
8.063713e-07	-0.019678
8.083713e-07	-0.018862
8.103713e-07	-0.019576
8.123713e-07	-0.020188
8.143713e-07	-0.020392
8.163713e-07	-0.019576
8.183713e-07	-0.020086
8.203713e-07	-0.020698
8.223713e-07	-0.020698
8.243713e-07	-0.020086
8.263713e-07	-0.02029
8.283713e-07	-0.020188
8.303713e-07	-0.020086
8.323713e-07	-0.020188
8.343713e-07	-0.020494
8.363713e-07	-0.020188
8.383713e-07	-0.0208
8.403713e-07	-0.020596
8.423713e-07	-0.02131
8.443713e-07	-0.021208
8.463713e-07	-0.02131
8.483713e-07	-0.020188
8.503713e-07	-0.020494
8.523713e-07	-0.020392
8.543713e-07	-0.021004
8.563713e-07	-0.020494
8.583713e-07	-0.020188
8.603713e-07	-0.020698
8.623713e-07	-0.020902
8.643713e-07	-0.020902
8.663713e-07	-0.0208
8.683713e-07	-0.021004
8.703713e-07	-0.021718
8.723713e-07	-0.021514
8.743713e-07	-0.021718
8.763713e-07	-0.022024
8.783713e-07	-0.022228
8.803713e-07	-0.02182
8.823713e-07	-0.021922
8.843713e-07	-0.02182
8.863713e-07	-0.021922
8.883713e-07	-0.021004
8.903713e-07	-0.021412
8.923713e-07	-0.021922
8.943713e-07	-0.02182
8.963713e-07	-0.021106
8.983713e-07	-0.021718
9.003713e-07	-0.021106
9.023713e-07	-0.02131
9.043713e-07	-0.021004
9.063713e-07	-0.021412
9.083713e-07	-0.021412
9.103713e-07	-0.02131
9.123713e-07	-0.020596
9.143713e-07	-0.021208
9.163713e-07	-0.02131
9.183713e-07	-0.021208
9.203713e-07	-0.021106
9.223713e-07	-0.021412
9.243713e-07	-0.021208
9.263713e-07	-0.021514
9.283713e-07	-0.020494
9.303713e-07	-0.020494
9.323713e-07	-0.019984
9.343713e-07	-0.02029
9.363713e-07	-0.019984
9.383713e-07	-0.02029
9.403713e-07	-0.020392
9.423713e-07	-0.020698
9.443713e-07	-0.019882
9.463713e-07	-0.019882
9.483713e-07	-0.019984
9.503713e-07	-0.020188
9.523713e-07	-0.019678
9.543713e-07	-0.020188
9.563713e-07	-0.020698
9.583713e-07	-0.020698
9.603713e-07	-0.020902
9.623713e-07	-0.020902
9.643713e-07	-0.0208
9.663713e-07	-0.020392
9.683713e-07	-0.019882
9.703713e-07	-0.019984
9.723713e-07	-0.01978
9.743713e-07	-0.020494
9.763713e-07	-0.019882
9.783713e-07	-0.020494
9.803713e-07	-0.020698
9.823713e-07	-0.021004
9.843713e-07	-0.020086
9.863713e-07	-0.020188
9.883713e-07	-0.020494
9.903713e-07	-0.020392
9.923713e-07	-0.020086
9.943713e-07	-0.020188
9.963713e-07	-0.020494
9.983713e-07	-0.020188
1.000371e-06	-0.019882
1.002371e-06	-0.020188
1.004371e-06	-0.020188
1.006371e-06	-0.019984
1.008371e-06	-0.01978
1.010371e-06	-0.020188
1.012371e-06	-0.019984
1.014371e-06	-0.020188
1.016371e-06	-0.019678
1.018371e-06	-0.020392
1.020371e-06	-0.020494
1.022371e-06	-0.020392
1.024371e-06	-0.019678
1.026371e-06	-0.019882
1.028371e-06	-0.01927
1.030371e-06	-0.01978
1.032371e-06	-0.018964
1.034371e-06	-0.019576
1.036371e-06	-0.01978
1.038371e-06	-0.019576
1.040371e-06	-0.01927
1.042371e-06	-0.018964
1.044371e-06	-0.01927
1.046371e-06	-0.019066
1.048371e-06	-0.018454
1.050371e-06	-0.018862
1.052371e-06	-0.01825
1.054371e-06	-0.018454
1.056371e-06	-0.01825
1.058371e-06	-0.018862
1.060371e-06	-0.01825
1.062371e-06	-0.019168
1.064371e-06	-0.018964
1.066371e-06	-0.019066
1.068371e-06	-0.019066
1.070371e-06	-0.01927
1.072371e-06	-0.018658
1.074371e-06	-0.019474
1.076371e-06	-0.018862
1.078371e-06	-0.01876
1.080371e-06	-0.017944
1.082371e-06	-0.018454
1.084371e-06	-0.01825
1.086371e-06	-0.01927
1.088371e-06	-0.019066
1.090371e-06	-0.01927
1.092371e-06	-0.018862
1.094371e-06	-0.018862
1.096371e-06	-0.019168
1.098371e-06	-0.019576
1.100371e-06	-0.019066
1.102371e-06	-0.019168
1.104371e-06	-0.018658
1.106371e-06	-0.019066
1.108371e-06	-0.018862
1.110371e-06	-0.019474
1.112371e-06	-0.018964
1.114371e-06	-0.019678
1.116371e-06	-0.019678
1.118371e-06	-0.01978
1.120371e-06	-0.019168
1.122371e-06	-0.019576
1.124371e-06	-0.020086
1.126371e-06	-0.020086
1.128371e-06	-0.019474
1.130371e-06	-0.019474
1.132371e-06	-0.019678
1.134371e-06	-0.020086
1.136371e-06	-0.019882
1.138371e-06	-0.020494
1.140371e-06	-0.019984
1.142371e-06	-0.020086
1.144371e-06	-0.01978
1.146371e-06	-0.020698
1.148371e-06	-0.020086
1.150371e-06	-0.019882
1.152371e-06	-0.019678
1.154371e-06	-0.020698
1.156371e-06	-0.020698
1.158371e-06	-0.021718
1.160371e-06	-0.021616
1.162371e-06	-0.022024
1.164371e-06	-0.022942
1.166371e-06	-0.022126
1.168371e-06	-0.022024
1.170371e-06	-0.022534
1.172371e-06	-0.02284
1.174371e-06	-0.022942
1.176371e-06	-0.022432
1.178371e-06	-0.023044
1.180371e-06	-0.022942
1.182371e-06	-0.023044
1.184371e-06	-0.022024
1.186371e-06	-0.02233
1.188371e-06	-0.022534
1.190371e-06	-0.022738
1.192371e-06	-0.02233
1.194371e-06	-0.022534
1.196371e-06	-0.02233
1.198371e-06	-0.022534
1.200371e-06	-0.022636
1.202371e-06	-0.022024
1.204371e-06	-0.022126
1.206371e-06	-0.022636
1.208371e-06	-0.02233
1.210371e-06	-0.022432
1.212371e-06	-0.02284
1.214371e-06	-0.02284
1.216371e-06	-0.02284
1.218371e-06	-0.022738
1.220371e-06	-0.023044
1.222371e-06	-0.022942
1.224371e-06	-0.022228
1.226371e-06	-0.02233
1.228371e-06	-0.022024
1.230371e-06	-0.022432
1.232371e-06	-0.021718
1.234371e-06	-0.021922
1.236371e-06	-0.021718
1.238371e-06	-0.022024
1.240371e-06	-0.022228
1.242371e-06	-0.022024
1.244371e-06	-0.022228
1.246371e-06	-0.022126
1.248371e-06	-0.022126
1.250371e-06	-0.022024
1.252371e-06	-0.022024
1.254371e-06	-0.022126
1.256371e-06	-0.021106
1.258371e-06	-0.021718
1.260371e-06	-0.021616
1.262371e-06	-0.02182
1.264371e-06	-0.020902
1.266371e-06	-0.021514
1.268371e-06	-0.021718
1.270371e-06	-0.021718
1.272371e-06	-0.021718
1.274371e-06	-0.0208
1.276371e-06	-0.021514
1.278371e-06	-0.02131
1.280371e-06	-0.020902
1.282371e-06	-0.021106
1.284371e-06	-0.02131
1.286371e-06	-0.021514
1.288371e-06	-0.021616
1.290371e-06	-0.021616
1.292371e-06	-0.021412
1.294371e-06	-0.021412
1.296371e-06	-0.0208
1.298371e-06	-0.020902
1.300371e-06	-0.020698
1.302371e-06	-0.021412
1.304371e-06	-0.0208
1.306371e-06	-0.020902
1.308371e-06	-0.0208
1.310371e-06	-0.020596
1.312371e-06	-0.01978
1.314371e-06	-0.020188
1.316371e-06	-0.020698
1.318371e-06	-0.020698
1.320371e-06	-0.020494
1.322371e-06	-0.02131
1.324371e-06	-0.021004
1.326371e-06	-0.020902
1.328371e-06	-0.0208
1.330371e-06	-0.0208
1.332371e-06	-0.021208
1.334371e-06	-0.021208
1.336371e-06	-0.021106
1.338371e-06	-0.02131
1.340371e-06	-0.02131
1.342371e-06	-0.021004
1.344371e-06	-0.0208
1.346371e-06	-0.021106
1.348371e-06	-0.021208
1.350371e-06	-0.0208
1.352371e-06	-0.020902
1.354371e-06	-0.021412
1.356371e-06	-0.020902
1.358371e-06	-0.02131
1.360371e-06	-0.020596
1.362371e-06	-0.021208
1.364371e-06	-0.021106
1.366371e-06	-0.02131
1.368371e-06	-0.02131
1.370371e-06	-0.021718
1.372371e-06	-0.021106
1.374371e-06	-0.021208
1.376371e-06	-0.021412
1.378371e-06	-0.021616
1.380371e-06	-0.021208
1.382371e-06	-0.021514
1.384371e-06	-0.021004
1.386371e-06	-0.02131
1.388371e-06	-0.020902
1.390371e-06	-0.020596
1.392371e-06	-0.020188
1.394371e-06	-0.020698
1.396371e-06	-0.021208
1.398371e-06	-0.021106
1.400371e-06	-0.020392
1.402371e-06	-0.020086
1.404371e-06	-0.020494
1.406371e-06	-0.020188
1.408371e-06	-0.019474
1.410371e-06	-0.019576
1.412371e-06	-0.019678
1.414371e-06	-0.019372
1.416371e-06	-0.019168
1.418371e-06	-0.01927
1.420371e-06	-0.018658
1.422371e-06	-0.01825
1.424371e-06	-0.01774
1.426371e-06	-0.018148
1.428371e-06	-0.018148
1.430371e-06	-0.018046
1.432371e-06	-0.017434
1.434371e-06	-0.017638
1.436371e-06	-0.017536
1.438371e-06	-0.017944
1.440371e-06	-0.01774
1.442371e-06	-0.01825
1.444371e-06	-0.018046
1.446371e-06	-0.018964
1.448371e-06	-0.017842
1.450371e-06	-0.018454
1.452371e-06	-0.018148
1.454371e-06	-0.018148
1.456371e-06	-0.017332
1.458371e-06	-0.017842
1.460371e-06	-0.01774
1.462371e-06	-0.018148
1.464371e-06	-0.01774
1.466371e-06	-0.017842
1.468371e-06	-0.017434
1.470371e-06	-0.018352
1.472371e-06	-0.018046
1.474371e-06	-0.018148
1.476371e-06	-0.018556
1.478371e-06	-0.018862
1.480371e-06	-0.018964
1.482371e-06	-0.019474
1.484371e-06	-0.018964
1.486371e-06	-0.019168
1.488371e-06	-0.018964
1.490371e-06	-0.019168
1.492371e-06	-0.019168
1.494371e-06	-0.019372
1.496371e-06	-0.019066
1.498371e-06	-0.019984
1.500371e-06	-0.019678
1.502371e-06	-0.019678
1.504371e-06	-0.019372
1.506371e-06	-0.019576
1.508371e-06	-0.019474
1.510371e-06	-0.019372
1.512371e-06	-0.019066
1.514371e-06	-0.019066
1.516371e-06	-0.018964
1.518371e-06	-0.019066
1.520371e-06	-0.018148
1.522371e-06	-0.018556
1.524371e-06	-0.018352
1.526371e-06	-0.018556
1.528371e-06	-0.018454
1.530371e-06	-0.018556
1.532371e-06	-0.018658
1.534371e-06	-0.019372
1.536371e-06	-0.018556
1.538371e-06	-0.018964
1.540371e-06	-0.018658
1.542371e-06	-0.019372
1.544371e-06	-0.018862
1.546371e-06	-0.019372
1.548371e-06	-0.019066
1.550371e-06	-0.019474
1.552371e-06	-0.019168
1.554371e-06	-0.019372
1.556371e-06	-0.019984
1.558371e-06	-0.020494
1.560371e-06	-0.01978
1.562371e-06	-0.020188
1.564371e-06	-0.020086
1.566371e-06	-0.019984
1.568371e-06	-0.019882
1.570371e-06	-0.019984
1.572371e-06	-0.01978
1.574371e-06	-0.020188
1.576371e-06	-0.01978
1.578371e-06	-0.020188
1.580371e-06	-0.020698
1.582371e-06	-0.021412
1.584371e-06	-0.0208
1.586371e-06	-0.021514
1.588371e-06	-0.021208
1.590371e-06	-0.021718
1.592371e-06	-0.021412
1.594371e-06	-0.021616
1.596371e-06	-0.021922
1.598371e-06	-0.021922
1.600371e-06	-0.021514
1.602371e-06	-0.021922
1.604371e-06	-0.02182
1.606371e-06	-0.021718
1.608371e-06	-0.021514
1.610371e-06	-0.021718
1.612371e-06	-0.021718
1.614371e-06	-0.022024
1.616371e-06	-0.02131
1.618371e-06	-0.02131
1.620371e-06	-0.021616
1.622371e-06	-0.021922
1.624371e-06	-0.021208
1.626371e-06	-0.021514
1.628371e-06	-0.021514
1.630371e-06	-0.022024
1.632371e-06	-0.021922
1.634371e-06	-0.022024
1.636371e-06	-0.022126
1.638371e-06	-0.022432
1.640371e-06	-0.022228
1.642371e-06	-0.022126
1.644371e-06	-0.022636
1.646371e-06	-0.022432
1.648371e-06	-0.022228
1.650371e-06	-0.022126
1.652371e-06	-0.022636
1.654371e-06	-0.022738
1.656371e-06	-0.02182
1.658371e-06	-0.022126
1.660371e-06	-0.022534
1.662371e-06	-0.022432
1.664371e-06	-0.02182
1.666371e-06	-0.022024
1.668371e-06	-0.021922
1.670371e-06	-0.02182
1.672371e-06	-0.021718
1.674371e-06	-0.022024
1.676371e-06	-0.021616
1.678371e-06	-0.021514
1.680371e-06	-0.020902
1.682371e-06	-0.020902
1.684371e-06	-0.021004
1.686371e-06	-0.020902
1.688371e-06	-0.020392
1.690371e-06	-0.020188
1.692371e-06	-0.020494
1.694371e-06	-0.021004
1.696371e-06	-0.0208
1.698371e-06	-0.0208
1.700371e-06	-0.0208
1.702371e-06	-0.021208
1.704371e-06	-0.020698
1.706371e-06	-0.021208
1.708371e-06	-0.0208
1.710371e-06	-0.021106
1.712371e-06	-0.020902
1.714371e-06	-0.02131
1.716371e-06	-0.021514
1.718371e-06	-0.021922
1.720371e-06	-0.021514
1.722371e-06	-0.022126
1.724371e-06	-0.02182
1.726371e-06	-0.022024
1.728371e-06	-0.021718
1.730371e-06	-0.022228
1.732371e-06	-0.022126
1.734371e-06	-0.022534
1.736371e-06	-0.022432
1.738371e-06	-0.022738
1.740371e-06	-0.02233
1.742371e-06	-0.02284
1.744371e-06	-0.021616
1.746371e-06	-0.02182
1.748371e-06	-0.021412
1.750371e-06	-0.021616
1.752371e-06	-0.021514
1.754371e-06	-0.021106
1.756371e-06	-0.021208
1.758371e-06	-0.021616
1.760371e-06	-0.021004
1.762371e-06	-0.021004
1.764371e-06	-0.0208
1.766371e-06	-0.020596
1.768371e-06	-0.020596
1.770371e-06	-0.020596
1.772371e-06	-0.020698
1.774371e-06	-0.020902
1.776371e-06	-0.020086
1.778371e-06	-0.020494
1.780371e-06	-0.020596
1.782371e-06	-0.020698
1.784371e-06	-0.020392
1.786371e-06	-0.020188
1.788371e-06	-0.020596
1.790371e-06	-0.0208
1.792371e-06	-0.020494
1.794371e-06	-0.0208
1.796371e-06	-0.020902
1.798371e-06	-0.021514
1.800371e-06	-0.021004
1.802371e-06	-0.021412
1.804371e-06	-0.021514
1.806371e-06	-0.02182
1.808371e-06	-0.02182
1.810371e-06	-0.021514
1.812371e-06	-0.021412
1.814371e-06	-0.021616
1.816371e-06	-0.021004
1.818371e-06	-0.021412
1.820371e-06	-0.021514
1.822371e-06	-0.021718
1.824371e-06	-0.021208
1.826371e-06	-0.021514
1.828371e-06	-0.02131
1.830371e-06	-0.021514
1.832371e-06	-0.021514
1.834371e-06	-0.02182
1.836371e-06	-0.021412
1.838371e-06	-0.021412
1.840371e-06	-0.021106
1.842371e-06	-0.020698
1.844371e-06	-0.0208
1.846371e-06	-0.0208
1.848371e-06	-0.020188
1.850371e-06	-0.020596
1.852371e-06	-0.019984
1.854371e-06	-0.020086
1.856371e-06	-0.019474
1.858371e-06	-0.020086
1.860371e-06	-0.019984
1.862371e-06	-0.019678
1.864371e-06	-0.019168
1.866371e-06	-0.019576
1.868371e-06	-0.019576
1.870371e-06	-0.019474
1.872371e-06	-0.019168
1.874371e-06	-0.018964
1.876371e-06	-0.019372
1.878371e-06	-0.019066
1.880371e-06	-0.018658
1.882371e-06	-0.018862
1.884371e-06	-0.019066
1.886371e-06	-0.018964
1.888371e-06	-0.018862
1.890371e-06	-0.019372
1.892371e-06	-0.018964
1.894371e-06	-0.019576
1.896371e-06	-0.019168
1.898371e-06	-0.019066
1.900371e-06	-0.018454
1.902371e-06	-0.018352
1.904371e-06	-0.017842
1.906371e-06	-0.018046
1.908371e-06	-0.017842
1.910371e-06	-0.018148
1.912371e-06	-0.018046
1.914371e-06	-0.01825
1.916371e-06	-0.018148
1.918371e-06	-0.01876
1.920371e-06	-0.018556
1.922371e-06	-0.018454
1.924371e-06	-0.018658
1.926371e-06	-0.01978
1.928371e-06	-0.019474
1.930371e-06	-0.019474
1.932371e-06	-0.019984
1.934371e-06	-0.020188
1.936371e-06	-0.019882
1.938371e-06	-0.020494
1.940371e-06	-0.02029
1.942371e-06	-0.0208
1.944371e-06	-0.02029
1.946371e-06	-0.020902
1.948371e-06	-0.020902
1.950371e-06	-0.020902
1.952371e-06	-0.020188
1.954371e-06	-0.020596
1.956371e-06	-0.020596
1.958371e-06	-0.020596
1.960371e-06	-0.020392
1.962371e-06	-0.021004
1.964371e-06	-0.02131
1.966371e-06	-0.021412
1.968371e-06	-0.021004
1.970371e-06	-0.022126
1.972371e-06	-0.021412
1.974371e-06	-0.02182
1.976371e-06	-0.02131
1.978371e-06	-0.02131
1.980371e-06	-0.021208
1.982371e-06	-0.021616
1.984371e-06	-0.021106
1.986371e-06	-0.021616
1.988371e-06	-0.021106
1.990371e-06	-0.021412
1.992371e-06	-0.021004
1.994371e-06	-0.021514
1.996371e-06	-0.021718
1.998371e-06	-0.021616
2.000371e-06	-0.021208
2.002371e-06	-0.021106
2.004371e-06	-0.020698
2.006371e-06	-0.021208
2.008371e-06	-0.020698
2.010371e-06	-0.021004
2.012371e-06	-0.020698
2.014371e-06	-0.020902
2.016371e-06	-0.02029
2.018371e-06	-0.020698
2.020371e-06	-0.020494
2.022371e-06	-0.020188
2.024371e-06	-0.020086
2.026371e-06	-0.020494
2.028371e-06	-0.020392
2.030371e-06	-0.020086
2.032371e-06	-0.01978
2.034371e-06	-0.019984
2.036371e-06	-0.019474
2.038371e-06	-0.020188
2.040371e-06	-0.019984
2.042371e-06	-0.019984
2.044371e-06	-0.020086
2.046371e-06	-0.019576
2.048371e-06	-0.019168
2.050371e-06	-0.019372
2.052371e-06	-0.019576
2.054371e-06	-0.019882
2.056371e-06	-0.018964
2.058371e-06	-0.01927
2.060371e-06	-0.019372
2.062371e-06	-0.019372
2.064371e-06	-0.019372
2.066371e-06	-0.019576
2.068371e-06	-0.019474
2.070371e-06	-0.019474
2.072371e-06	-0.019168
2.074371e-06	-0.019066
2.076371e-06	-0.01927
2.078371e-06	-0.019372
2.080371e-06	-0.018862
2.082371e-06	-0.01927
2.084371e-06	-0.019678
2.086371e-06	-0.01978
2.088371e-06	-0.019882
2.090371e-06	-0.020086
2.092371e-06	-0.020188
2.094371e-06	-0.020596
2.096371e-06	-0.019984
2.098371e-06	-0.020494
2.100371e-06	-0.0208
2.102371e-06	-0.020698
2.104371e-06	-0.020392
2.106371e-06	-0.020698
2.108371e-06	-0.020698
2.110371e-06	-0.020902
2.112371e-06	-0.020086
2.114371e-06	-0.020698
2.116371e-06	-0.020392
2.118371e-06	-0.020902
2.120371e-06	-0.021004
2.122371e-06	-0.021106
2.124371e-06	-0.020698
2.126371e-06	-0.021718
2.128371e-06	-0.02131
2.130371e-06	-0.02131
2.132371e-06	-0.021514
2.134371e-06	-0.021412
2.136371e-06	-0.020902
2.138371e-06	-0.021004
2.140371e-06	-0.02131
2.142371e-06	-0.02182
2.144371e-06	-0.02131
2.146371e-06	-0.021412
2.148371e-06	-0.02131
2.150371e-06	-0.0208
2.152371e-06	-0.020392
2.154371e-06	-0.0208
2.156371e-06	-0.021208
2.158371e-06	-0.021514
2.160371e-06	-0.0208
2.162371e-06	-0.02131
2.164371e-06	-0.020902
2.166371e-06	-0.0208
2.168371e-06	-0.019984
2.170371e-06	-0.020188
2.172371e-06	-0.01978
2.174371e-06	-0.020188
2.176371e-06	-0.019474
2.178371e-06	-0.019984
2.180371e-06	-0.02029
2.182371e-06	-0.02131
2.184371e-06	-0.019882
2.186371e-06	-0.02029
2.188371e-06	-0.02029
2.190371e-06	-0.020596
2.192371e-06	-0.020188
2.194371e-06	-0.020494
2.196371e-06	-0.02029
2.198371e-06	-0.02029
2.200371e-06	-0.019882
2.202371e-06	-0.020392
2.204371e-06	-0.020188
2.206371e-06	-0.020698
2.208371e-06	-0.019984
2.210371e-06	-0.020494
2.212371e-06	-0.020698
2.214371e-06	-0.020596
2.216371e-06	-0.02029
2.218371e-06	-0.020698
2.220371e-06	-0.021208
2.222371e-06	-0.020392
2.224371e-06	-0.019984
2.226371e-06	-0.02029
2.228371e-06	-0.0208
2.230371e-06	-0.020698
2.232371e-06	-0.020698
2.234371e-06	-0.021004
2.236371e-06	-0.020902
2.238371e-06	-0.020698
2.240371e-06	-0.02029
2.242371e-06	-0.020902
2.244371e-06	-0.020494
2.246371e-06	-0.021004
2.248371e-06	-0.020188
2.250371e-06	-0.020392
2.252371e-06	-0.020392
2.254371e-06	-0.020494
2.256371e-06	-0.020494
2.258371e-06	-0.020392
2.260371e-06	-0.020596
2.262371e-06	-0.020392
2.264371e-06	-0.020596
2.266371e-06	-0.02029
2.268371e-06	-0.02029
2.270371e-06	-0.020698
2.272371e-06	-0.01978
2.274371e-06	-0.020188
2.276371e-06	-0.019984
2.278371e-06	-0.020188
2.280371e-06	-0.019882
2.282371e-06	-0.019984
2.284371e-06	-0.019576
2.286371e-06	-0.01978
2.288371e-06	-0.01927
2.290371e-06	-0.019168
2.292371e-06	-0.019678
2.294371e-06	-0.019678
2.296371e-06	-0.019576
2.298371e-06	-0.01978
2.300371e-06	-0.019678
2.302371e-06	-0.020086
2.304371e-06	-0.019168
2.306371e-06	-0.019984
2.308371e-06	-0.019984
2.310371e-06	-0.020086
2.312371e-06	-0.019576
2.314371e-06	-0.01978
2.316371e-06	-0.019576
2.318371e-06	-0.019984
2.320371e-06	-0.019474
2.322371e-06	-0.01978
2.324371e-06	-0.019882
2.326371e-06	-0.019168
2.328371e-06	-0.019372
2.330371e-06	-0.019168
2.332371e-06	-0.019066
2.334371e-06	-0.019168
2.336371e-06	-0.018556
2.338371e-06	-0.018964
2.340371e-06	-0.01927
2.342371e-06	-0.019474
2.344371e-06	-0.019372
2.346371e-06	-0.019474
2.348371e-06	-0.019984
2.350371e-06	-0.020188
2.352371e-06	-0.019984
2.354371e-06	-0.020596
2.356371e-06	-0.0208
2.358371e-06	-0.020902
2.360371e-06	-0.020698
2.362371e-06	-0.021106
2.364371e-06	-0.021208
2.366371e-06	-0.021514
2.368371e-06	-0.021004
2.370371e-06	-0.021412
2.372371e-06	-0.021514
2.374371e-06	-0.021718
2.376371e-06	-0.021106
2.378371e-06	-0.021004
2.380371e-06	-0.02131
2.382371e-06	-0.021922
2.384371e-06	-0.021514
2.386371e-06	-0.021412
2.388371e-06	-0.021208
2.390371e-06	-0.021922
2.392371e-06	-0.021106
2.394371e-06	-0.021514
2.396371e-06	-0.021412
2.398371e-06	-0.022024
2.400371e-06	-0.021514
2.402371e-06	-0.021718
2.404371e-06	-0.021106
2.406371e-06	-0.021922
2.408371e-06	-0.020902
2.410371e-06	-0.020494
2.412371e-06	-0.021106
2.414371e-06	-0.021514
2.416371e-06	-0.021106
2.418371e-06	-0.020902
2.420371e-06	-0.021004
2.422371e-06	-0.021004
2.424371e-06	-0.0208
2.426371e-06	-0.020596
2.428371e-06	-0.020596
2.430371e-06	-0.020494
2.432371e-06	-0.020698
2.434371e-06	-0.020494
2.436371e-06	-0.020494
2.438371e-06	-0.02131
2.440371e-06	-0.020902
2.442371e-06	-0.02131
2.444371e-06	-0.021412
2.446371e-06	-0.021514
2.448371e-06	-0.020596
2.450371e-06	-0.0208
2.452371e-06	-0.021514
2.454371e-06	-0.021412
2.456371e-06	-0.021208
2.458371e-06	-0.021106
2.460371e-06	-0.021412
2.462371e-06	-0.021922
2.464371e-06	-0.021616
2.466371e-06	-0.02182
2.468371e-06	-0.022126
2.470371e-06	-0.022228
2.472371e-06	-0.021718
2.474371e-06	-0.021922
2.476371e-06	-0.022024
2.478371e-06	-0.022024
2.480371e-06	-0.021718
2.482371e-06	-0.021922
2.484371e-06	-0.022228
2.486371e-06	-0.022432
2.488371e-06	-0.021718
2.490371e-06	-0.02233
2.492371e-06	-0.02233
2.494371e-06	-0.02233
2.496371e-06	-0.022024
2.498371e-06	-0.022432
2.500371e-06	-0.022636
