LECROYHDO6104A	50809	Waveform
Segments	1	SegmentSize	2502
Segment	TrigTime	TimeSinceSegment1
#1	19-Dec-2022 19:16:46	0                 
Time	Ampl
-2.490002e-06	-0.018656
-2.488002e-06	-0.018656
-2.486002e-06	-0.018718
-2.484002e-06	-0.018346
-2.482002e-06	-0.018532
-2.480002e-06	-0.018966
-2.478002e-06	-0.018532
-2.476002e-06	-0.018532
-2.474002e-06	-0.018532
-2.472002e-06	-0.018408
-2.470002e-06	-0.018718
-2.468002e-06	-0.01847
-2.466002e-06	-0.018656
-2.464002e-06	-0.018842
-2.462002e-06	-0.018718
-2.460002e-06	-0.01847
-2.458002e-06	-0.018284
-2.456002e-06	-0.01816
-2.454002e-06	-0.01785
-2.452002e-06	-0.017974
-2.450002e-06	-0.017664
-2.448002e-06	-0.017664
-2.446002e-06	-0.01754
-2.444002e-06	-0.01723
-2.442002e-06	-0.017106
-2.440002e-06	-0.016548
-2.438002e-06	-0.01661
-2.436002e-06	-0.016176
-2.434002e-06	-0.0163
-2.432002e-06	-0.015928
-2.430002e-06	-0.016238
-2.428002e-06	-0.016114
-2.426002e-06	-0.016424
-2.424002e-06	-0.016362
-2.422002e-06	-0.016672
-2.420002e-06	-0.016362
-2.418002e-06	-0.016858
-2.416002e-06	-0.01692
-2.414002e-06	-0.017044
-2.412002e-06	-0.017044
-2.410002e-06	-0.016858
-2.408002e-06	-0.016672
-2.406002e-06	-0.016734
-2.404002e-06	-0.016548
-2.402002e-06	-0.016734
-2.400002e-06	-0.016796
-2.398002e-06	-0.01692
-2.396002e-06	-0.016858
-2.394002e-06	-0.017354
-2.392002e-06	-0.017602
-2.390002e-06	-0.017416
-2.388002e-06	-0.017354
-2.386002e-06	-0.017106
-2.384002e-06	-0.01692
-2.382002e-06	-0.017292
-2.380002e-06	-0.01692
-2.378002e-06	-0.017168
-2.376002e-06	-0.016672
-2.374002e-06	-0.016424
-2.372002e-06	-0.0163
-2.370002e-06	-0.016672
-2.368002e-06	-0.016672
-2.366002e-06	-0.01661
-2.364002e-06	-0.016424
-2.362002e-06	-0.016672
-2.360002e-06	-0.01661
-2.358002e-06	-0.016734
-2.356002e-06	-0.016858
-2.354002e-06	-0.017044
-2.352002e-06	-0.01723
-2.350002e-06	-0.017292
-2.348002e-06	-0.017106
-2.346002e-06	-0.017354
-2.344002e-06	-0.017416
-2.342002e-06	-0.018222
-2.340002e-06	-0.018284
-2.338002e-06	-0.018408
-2.336002e-06	-0.018222
-2.334002e-06	-0.01816
-2.332002e-06	-0.018222
-2.330002e-06	-0.018408
-2.328002e-06	-0.018222
-2.326002e-06	-0.018408
-2.324002e-06	-0.01847
-2.322002e-06	-0.018656
-2.320002e-06	-0.018718
-2.318002e-06	-0.018594
-2.316002e-06	-0.01878
-2.314002e-06	-0.0194
-2.312002e-06	-0.018966
-2.310002e-06	-0.0194
-2.308002e-06	-0.019338
-2.306002e-06	-0.019214
-2.304002e-06	-0.019276
-2.302002e-06	-0.019152
-2.300002e-06	-0.01878
-2.298002e-06	-0.018594
-2.296002e-06	-0.018594
-2.294002e-06	-0.018842
-2.292002e-06	-0.01847
-2.290002e-06	-0.018284
-2.288002e-06	-0.01816
-2.286002e-06	-0.018532
-2.284002e-06	-0.018656
-2.282002e-06	-0.018594
-2.280002e-06	-0.01847
-2.278002e-06	-0.018036
-2.276002e-06	-0.018036
-2.274002e-06	-0.01816
-2.272002e-06	-0.017726
-2.270002e-06	-0.01754
-2.268002e-06	-0.01754
-2.266002e-06	-0.018222
-2.264002e-06	-0.01847
-2.262002e-06	-0.01847
-2.260002e-06	-0.018594
-2.258002e-06	-0.018036
-2.256002e-06	-0.017912
-2.254002e-06	-0.017974
-2.252002e-06	-0.018036
-2.250002e-06	-0.01847
-2.248002e-06	-0.018904
-2.246002e-06	-0.019276
-2.244002e-06	-0.018656
-2.242002e-06	-0.018656
-2.240002e-06	-0.018408
-2.238002e-06	-0.018904
-2.236002e-06	-0.018904
-2.234002e-06	-0.01909
-2.232002e-06	-0.019028
-2.230002e-06	-0.019276
-2.228002e-06	-0.01909
-2.226002e-06	-0.019028
-2.224002e-06	-0.018966
-2.222002e-06	-0.018718
-2.220002e-06	-0.018532
-2.218002e-06	-0.018718
-2.216002e-06	-0.01847
-2.214002e-06	-0.018594
-2.212002e-06	-0.018532
-2.210002e-06	-0.01909
-2.208002e-06	-0.019028
-2.206002e-06	-0.019214
-2.204002e-06	-0.01909
-2.202002e-06	-0.019276
-2.200002e-06	-0.018966
-2.198002e-06	-0.019276
-2.196002e-06	-0.018904
-2.194002e-06	-0.019462
-2.192002e-06	-0.019338
-2.190002e-06	-0.019214
-2.188002e-06	-0.019028
-2.186002e-06	-0.019214
-2.184002e-06	-0.018966
-2.182002e-06	-0.018904
-2.180002e-06	-0.019152
-2.178002e-06	-0.019462
-2.176002e-06	-0.019152
-2.174002e-06	-0.019152
-2.172002e-06	-0.018842
-2.170002e-06	-0.019028
-2.168002e-06	-0.018842
-2.166002e-06	-0.018842
-2.164002e-06	-0.01878
-2.162002e-06	-0.018842
-2.160002e-06	-0.018966
-2.158002e-06	-0.019028
-2.156002e-06	-0.018284
-2.154002e-06	-0.018656
-2.152002e-06	-0.018656
-2.150002e-06	-0.01878
-2.148002e-06	-0.018656
-2.146002e-06	-0.018842
-2.144002e-06	-0.018656
-2.142002e-06	-0.01847
-2.140002e-06	-0.018532
-2.138002e-06	-0.018904
-2.136002e-06	-0.018904
-2.134002e-06	-0.018842
-2.132002e-06	-0.018718
-2.130002e-06	-0.018656
-2.128002e-06	-0.018904
-2.126002e-06	-0.018532
-2.124002e-06	-0.018594
-2.122002e-06	-0.01909
-2.120002e-06	-0.0194
-2.118002e-06	-0.019276
-2.116002e-06	-0.018842
-2.114002e-06	-0.019338
-2.112002e-06	-0.018966
-2.110002e-06	-0.01847
-2.108002e-06	-0.018532
-2.106002e-06	-0.018842
-2.104002e-06	-0.018594
-2.102002e-06	-0.01878
-2.100002e-06	-0.018594
-2.098002e-06	-0.019276
-2.096002e-06	-0.019524
-2.094002e-06	-0.019586
-2.092002e-06	-0.0194
-2.090002e-06	-0.019586
-2.088002e-06	-0.019462
-2.086002e-06	-0.019214
-2.084002e-06	-0.01971
-2.082002e-06	-0.020144
-2.080002e-06	-0.019772
-2.078002e-06	-0.019586
-2.076002e-06	-0.019524
-2.074002e-06	-0.019958
-2.072002e-06	-0.019338
-2.070002e-06	-0.019028
-2.068002e-06	-0.018966
-2.066002e-06	-0.02002
-2.064002e-06	-0.02002
-2.062002e-06	-0.01971
-2.060002e-06	-0.019586
-2.058002e-06	-0.020144
-2.056002e-06	-0.019524
-2.054002e-06	-0.019276
-2.052002e-06	-0.01909
-2.050002e-06	-0.019028
-2.048002e-06	-0.018718
-2.046002e-06	-0.018346
-2.044002e-06	-0.018036
-2.042002e-06	-0.01785
-2.040002e-06	-0.017602
-2.038002e-06	-0.017354
-2.036002e-06	-0.017106
-2.034002e-06	-0.017664
-2.032002e-06	-0.01754
-2.030002e-06	-0.01754
-2.028002e-06	-0.017292
-2.026002e-06	-0.017292
-2.024002e-06	-0.016982
-2.022002e-06	-0.016672
-2.020002e-06	-0.016734
-2.018002e-06	-0.01661
-2.016002e-06	-0.016362
-2.014002e-06	-0.016486
-2.012002e-06	-0.016238
-2.010002e-06	-0.016238
-2.008002e-06	-0.015928
-2.006002e-06	-0.01599
-2.004002e-06	-0.0163
-2.002002e-06	-0.016238
-2.000002e-06	-0.015928
-1.998002e-06	-0.015928
-1.996002e-06	-0.015556
-1.994002e-06	-0.015866
-1.992002e-06	-0.015804
-1.990002e-06	-0.015494
-1.988002e-06	-0.015804
-1.986002e-06	-0.016424
-1.984002e-06	-0.016238
-1.982002e-06	-0.0163
-1.980002e-06	-0.016548
-1.978002e-06	-0.017044
-1.976002e-06	-0.01692
-1.974002e-06	-0.016734
-1.972002e-06	-0.016982
-1.970002e-06	-0.017416
-1.968002e-06	-0.017292
-1.966002e-06	-0.017292
-1.964002e-06	-0.017726
-1.962002e-06	-0.017912
-1.960002e-06	-0.017726
-1.958002e-06	-0.018036
-1.956002e-06	-0.018284
-1.954002e-06	-0.018284
-1.952002e-06	-0.018098
-1.950002e-06	-0.018346
-1.948002e-06	-0.018036
-1.946002e-06	-0.018222
-1.944002e-06	-0.01816
-1.942002e-06	-0.018222
-1.940002e-06	-0.017726
-1.938002e-06	-0.018098
-1.936002e-06	-0.018408
-1.934002e-06	-0.017912
-1.932002e-06	-0.017788
-1.930002e-06	-0.01816
-1.928002e-06	-0.017726
-1.926002e-06	-0.017974
-1.924002e-06	-0.017788
-1.922002e-06	-0.017974
-1.920002e-06	-0.017044
-1.918002e-06	-0.01661
-1.916002e-06	-0.016672
-1.914002e-06	-0.017354
-1.912002e-06	-0.017044
-1.910002e-06	-0.016734
-1.908002e-06	-0.016548
-1.906002e-06	-0.016982
-1.904002e-06	-0.017106
-1.902002e-06	-0.016734
-1.900002e-06	-0.016548
-1.898002e-06	-0.017354
-1.896002e-06	-0.017416
-1.894002e-06	-0.01754
-1.892002e-06	-0.017168
-1.890002e-06	-0.017292
-1.888002e-06	-0.01754
-1.886002e-06	-0.01785
-1.884002e-06	-0.017168
-1.882002e-06	-0.017292
-1.880002e-06	-0.017168
-1.878002e-06	-0.017354
-1.876002e-06	-0.017354
-1.874002e-06	-0.017416
-1.872002e-06	-0.017416
-1.870002e-06	-0.017664
-1.868002e-06	-0.017788
-1.866002e-06	-0.017788
-1.864002e-06	-0.017788
-1.862002e-06	-0.017974
-1.860002e-06	-0.01816
-1.858002e-06	-0.018842
-1.856002e-06	-0.01847
-1.854002e-06	-0.018842
-1.852002e-06	-0.01878
-1.850002e-06	-0.01878
-1.848002e-06	-0.018842
-1.846002e-06	-0.01909
-1.844002e-06	-0.01878
-1.842002e-06	-0.018842
-1.840002e-06	-0.018718
-1.838002e-06	-0.01878
-1.836002e-06	-0.018408
-1.834002e-06	-0.018966
-1.832002e-06	-0.019276
-1.830002e-06	-0.0194
-1.828002e-06	-0.019338
-1.826002e-06	-0.019276
-1.824002e-06	-0.019152
-1.822002e-06	-0.019276
-1.820002e-06	-0.019028
-1.818002e-06	-0.018408
-1.816002e-06	-0.01847
-1.814002e-06	-0.018718
-1.812002e-06	-0.018718
-1.810002e-06	-0.018966
-1.808002e-06	-0.018594
-1.806002e-06	-0.01878
-1.804002e-06	-0.018718
-1.802002e-06	-0.018904
-1.800002e-06	-0.018594
-1.798002e-06	-0.018284
-1.796002e-06	-0.01847
-1.794002e-06	-0.018966
-1.792002e-06	-0.019214
-1.790002e-06	-0.01847
-1.788002e-06	-0.018594
-1.786002e-06	-0.018842
-1.784002e-06	-0.018656
-1.782002e-06	-0.018904
-1.780002e-06	-0.018656
-1.778002e-06	-0.018842
-1.776002e-06	-0.018594
-1.774002e-06	-0.01847
-1.772002e-06	-0.018594
-1.770002e-06	-0.018408
-1.768002e-06	-0.01847
-1.766002e-06	-0.018532
-1.764002e-06	-0.018532
-1.762002e-06	-0.01878
-1.760002e-06	-0.019028
-1.758002e-06	-0.01878
-1.756002e-06	-0.018842
-1.754002e-06	-0.018966
-1.752002e-06	-0.018718
-1.750002e-06	-0.018842
-1.748002e-06	-0.018718
-1.746002e-06	-0.019028
-1.744002e-06	-0.018966
-1.742002e-06	-0.019152
-1.740002e-06	-0.019028
-1.738002e-06	-0.019524
-1.736002e-06	-0.019462
-1.734002e-06	-0.019276
-1.732002e-06	-0.019648
-1.730002e-06	-0.020144
-1.728002e-06	-0.01971
-1.726002e-06	-0.019648
-1.724002e-06	-0.019648
-1.722002e-06	-0.020144
-1.720002e-06	-0.019896
-1.718002e-06	-0.019772
-1.716002e-06	-0.020082
-1.714002e-06	-0.020578
-1.712002e-06	-0.020454
-1.710002e-06	-0.02064
-1.708002e-06	-0.02064
-1.706002e-06	-0.020702
-1.704002e-06	-0.020516
-1.702002e-06	-0.020454
-1.700002e-06	-0.020454
-1.698002e-06	-0.02033
-1.696002e-06	-0.020206
-1.694002e-06	-0.02002
-1.692002e-06	-0.019586
-1.690002e-06	-0.019586
-1.688002e-06	-0.019028
-1.686002e-06	-0.018966
-1.684002e-06	-0.018842
-1.682002e-06	-0.019028
-1.680002e-06	-0.01878
-1.678002e-06	-0.01847
-1.676002e-06	-0.018284
-1.674002e-06	-0.018036
-1.672002e-06	-0.017974
-1.670002e-06	-0.017788
-1.668002e-06	-0.017354
-1.666002e-06	-0.017726
-1.664002e-06	-0.017354
-1.662002e-06	-0.01723
-1.660002e-06	-0.01754
-1.658002e-06	-0.017354
-1.656002e-06	-0.01754
-1.654002e-06	-0.01754
-1.652002e-06	-0.017478
-1.650002e-06	-0.017664
-1.648002e-06	-0.01754
-1.646002e-06	-0.01723
-1.644002e-06	-0.016982
-1.642002e-06	-0.017726
-1.640002e-06	-0.017354
-1.638002e-06	-0.017292
-1.636002e-06	-0.01723
-1.634002e-06	-0.017664
-1.632002e-06	-0.017292
-1.630002e-06	-0.01754
-1.628002e-06	-0.01754
-1.626002e-06	-0.017726
-1.624002e-06	-0.017292
-1.622002e-06	-0.016982
-1.620002e-06	-0.016796
-1.618002e-06	-0.016796
-1.616002e-06	-0.016362
-1.614002e-06	-0.015742
-1.612002e-06	-0.015184
-1.610002e-06	-0.015556
-1.608002e-06	-0.014874
-1.606002e-06	-0.015122
-1.604002e-06	-0.014936
-1.602002e-06	-0.014998
-1.600002e-06	-0.014874
-1.598002e-06	-0.01506
-1.596002e-06	-0.015122
-1.594002e-06	-0.015246
-1.592002e-06	-0.015184
-1.590002e-06	-0.015246
-1.588002e-06	-0.014936
-1.586002e-06	-0.015432
-1.584002e-06	-0.01537
-1.582002e-06	-0.015494
-1.580002e-06	-0.015246
-1.578002e-06	-0.015866
-1.576002e-06	-0.015866
-1.574002e-06	-0.015928
-1.572002e-06	-0.016424
-1.570002e-06	-0.01661
-1.568002e-06	-0.017106
-1.566002e-06	-0.017106
-1.564002e-06	-0.017478
-1.562002e-06	-0.017912
-1.560002e-06	-0.01754
-1.558002e-06	-0.017974
-1.556002e-06	-0.017726
-1.554002e-06	-0.01785
-1.552002e-06	-0.017664
-1.550002e-06	-0.017478
-1.548002e-06	-0.017292
-1.546002e-06	-0.017478
-1.544002e-06	-0.017106
-1.542002e-06	-0.017106
-1.540002e-06	-0.017602
-1.538002e-06	-0.017912
-1.536002e-06	-0.01754
-1.534002e-06	-0.017106
-1.532002e-06	-0.017354
-1.530002e-06	-0.017478
-1.528002e-06	-0.017664
-1.526002e-06	-0.017664
-1.524002e-06	-0.017354
-1.522002e-06	-0.017788
-1.520002e-06	-0.018036
-1.518002e-06	-0.01816
-1.516002e-06	-0.018222
-1.514002e-06	-0.018594
-1.512002e-06	-0.018408
-1.510002e-06	-0.01847
-1.508002e-06	-0.018098
-1.506002e-06	-0.018656
-1.504002e-06	-0.018656
-1.502002e-06	-0.018718
-1.500002e-06	-0.018346
-1.498002e-06	-0.018718
-1.496002e-06	-0.018718
-1.494002e-06	-0.018842
-1.492002e-06	-0.018718
-1.490002e-06	-0.0194
-1.488002e-06	-0.018842
-1.486002e-06	-0.019214
-1.484002e-06	-0.01878
-1.482002e-06	-0.019276
-1.480002e-06	-0.019338
-1.478002e-06	-0.019152
-1.476002e-06	-0.019338
-1.474002e-06	-0.019524
-1.472002e-06	-0.019276
-1.470002e-06	-0.019214
-1.468002e-06	-0.019276
-1.466002e-06	-0.019586
-1.464002e-06	-0.02002
-1.462002e-06	-0.01971
-1.460002e-06	-0.019648
-1.458002e-06	-0.019586
-1.456002e-06	-0.01971
-1.454002e-06	-0.019648
-1.452002e-06	-0.019586
-1.450002e-06	-0.020268
-1.448002e-06	-0.020268
-1.446002e-06	-0.020454
-1.444002e-06	-0.020082
-1.442002e-06	-0.02095
-1.440002e-06	-0.02064
-1.438002e-06	-0.020888
-1.436002e-06	-0.02064
-1.434002e-06	-0.02064
-1.432002e-06	-0.020578
-1.430002e-06	-0.020268
-1.428002e-06	-0.019896
-1.426002e-06	-0.019586
-1.424002e-06	-0.0194
-1.422002e-06	-0.019524
-1.420002e-06	-0.018842
-1.418002e-06	-0.01847
-1.416002e-06	-0.017664
-1.414002e-06	-0.01816
-1.412002e-06	-0.018036
-1.410002e-06	-0.018098
-1.408002e-06	-0.01785
-1.406002e-06	-0.01785
-1.404002e-06	-0.017912
-1.402002e-06	-0.018284
-1.400002e-06	-0.018408
-1.398002e-06	-0.018532
-1.396002e-06	-0.018284
-1.394002e-06	-0.018408
-1.392002e-06	-0.018284
-1.390002e-06	-0.018098
-1.388002e-06	-0.017974
-1.386002e-06	-0.017974
-1.384002e-06	-0.01723
-1.382002e-06	-0.017168
-1.380002e-06	-0.017044
-1.378002e-06	-0.017044
-1.376002e-06	-0.016548
-1.374002e-06	-0.016424
-1.372002e-06	-0.016672
-1.370002e-06	-0.016982
-1.368002e-06	-0.016486
-1.366002e-06	-0.016362
-1.364002e-06	-0.0163
-1.362002e-06	-0.016672
-1.360002e-06	-0.016052
-1.358002e-06	-0.016486
-1.356002e-06	-0.016052
-1.354002e-06	-0.016734
-1.352002e-06	-0.016238
-1.350002e-06	-0.016424
-1.348002e-06	-0.016486
-1.346002e-06	-0.016734
-1.344002e-06	-0.016858
-1.342002e-06	-0.016672
-1.340002e-06	-0.016362
-1.338002e-06	-0.016424
-1.336002e-06	-0.016052
-1.334002e-06	-0.016052
-1.332002e-06	-0.015742
-1.330002e-06	-0.016114
-1.328002e-06	-0.015866
-1.326002e-06	-0.015804
-1.324002e-06	-0.01599
-1.322002e-06	-0.016486
-1.320002e-06	-0.016424
-1.318002e-06	-0.016238
-1.316002e-06	-0.016362
-1.314002e-06	-0.016672
-1.312002e-06	-0.016238
-1.310002e-06	-0.01661
-1.308002e-06	-0.016362
-1.306002e-06	-0.017168
-1.304002e-06	-0.016858
-1.302002e-06	-0.016796
-1.300002e-06	-0.016486
-1.298002e-06	-0.016982
-1.296002e-06	-0.016858
-1.294002e-06	-0.01723
-1.292002e-06	-0.01692
-1.290002e-06	-0.01754
-1.288002e-06	-0.01754
-1.286002e-06	-0.017478
-1.284002e-06	-0.017788
-1.282002e-06	-0.018098
-1.280002e-06	-0.01816
-1.278002e-06	-0.018532
-1.276002e-06	-0.018222
-1.274002e-06	-0.01816
-1.272002e-06	-0.018346
-1.270002e-06	-0.01847
-1.268002e-06	-0.01816
-1.266002e-06	-0.018718
-1.264002e-06	-0.018346
-1.262002e-06	-0.01878
-1.260002e-06	-0.019028
-1.258002e-06	-0.01909
-1.256002e-06	-0.018966
-1.254002e-06	-0.018842
-1.252002e-06	-0.01878
-1.250002e-06	-0.019028
-1.248002e-06	-0.019276
-1.246002e-06	-0.019462
-1.244002e-06	-0.019214
-1.242002e-06	-0.019586
-1.240002e-06	-0.019462
-1.238002e-06	-0.019214
-1.236002e-06	-0.019152
-1.234002e-06	-0.019338
-1.232002e-06	-0.019772
-1.230002e-06	-0.019524
-1.228002e-06	-0.01971
-1.226002e-06	-0.020268
-1.224002e-06	-0.019462
-1.222002e-06	-0.019586
-1.220002e-06	-0.019648
-1.218002e-06	-0.020144
-1.216002e-06	-0.019896
-1.214002e-06	-0.020144
-1.212002e-06	-0.02033
-1.210002e-06	-0.02126
-1.208002e-06	-0.020702
-1.206002e-06	-0.021012
-1.204002e-06	-0.020826
-1.202002e-06	-0.021322
-1.200002e-06	-0.020764
-1.198002e-06	-0.02064
-1.196002e-06	-0.02064
-1.194002e-06	-0.020826
-1.192002e-06	-0.020578
-1.190002e-06	-0.020888
-1.188002e-06	-0.020764
-1.186002e-06	-0.021198
-1.184002e-06	-0.020888
-1.182002e-06	-0.020826
-1.180002e-06	-0.021012
-1.178002e-06	-0.020826
-1.176002e-06	-0.020578
-1.174002e-06	-0.021074
-1.172002e-06	-0.02064
-1.170002e-06	-0.021074
-1.168002e-06	-0.021198
-1.166002e-06	-0.021012
-1.164002e-06	-0.020702
-1.162002e-06	-0.02095
-1.160002e-06	-0.021012
-1.158002e-06	-0.021136
-1.156002e-06	-0.02095
-1.154002e-06	-0.021446
-1.152002e-06	-0.021446
-1.150002e-06	-0.021322
-1.148002e-06	-0.02095
-1.146002e-06	-0.021074
-1.144002e-06	-0.021136
-1.142002e-06	-0.021384
-1.140002e-06	-0.021074
-1.138002e-06	-0.021322
-1.136002e-06	-0.021074
-1.134002e-06	-0.021446
-1.132002e-06	-0.021074
-1.130002e-06	-0.02126
-1.128002e-06	-0.021012
-1.126002e-06	-0.020826
-1.124002e-06	-0.020764
-1.122002e-06	-0.021012
-1.120002e-06	-0.020764
-1.118002e-06	-0.021012
-1.116002e-06	-0.02064
-1.114002e-06	-0.020764
-1.112002e-06	-0.020144
-1.110002e-06	-0.02002
-1.108002e-06	-0.019958
-1.106002e-06	-0.020516
-1.104002e-06	-0.020516
-1.102002e-06	-0.020578
-1.100002e-06	-0.020268
-1.098002e-06	-0.020578
-1.096002e-06	-0.020206
-1.094002e-06	-0.020392
-1.092002e-06	-0.019896
-1.090002e-06	-0.02002
-1.088002e-06	-0.019896
-1.086002e-06	-0.01971
-1.084002e-06	-0.019772
-1.082002e-06	-0.019896
-1.080002e-06	-0.02002
-1.078002e-06	-0.01971
-1.076002e-06	-0.019834
-1.074002e-06	-0.019586
-1.072002e-06	-0.019586
-1.070002e-06	-0.019834
-1.068002e-06	-0.02002
-1.066002e-06	-0.020578
-1.064002e-06	-0.020516
-1.062002e-06	-0.020578
-1.060002e-06	-0.020516
-1.058002e-06	-0.020764
-1.056002e-06	-0.021136
-1.054002e-06	-0.021074
-1.052002e-06	-0.02095
-1.050002e-06	-0.021074
-1.048002e-06	-0.020516
-1.046002e-06	-0.020516
-1.044002e-06	-0.02033
-1.042002e-06	-0.020702
-1.040002e-06	-0.020268
-1.038002e-06	-0.02033
-1.036002e-06	-0.02033
-1.034002e-06	-0.020764
-1.032002e-06	-0.02064
-1.030002e-06	-0.020826
-1.028002e-06	-0.020516
-1.026002e-06	-0.020764
-1.024002e-06	-0.020578
-1.022002e-06	-0.020516
-1.020002e-06	-0.020206
-1.018002e-06	-0.02033
-1.016002e-06	-0.02002
-1.014002e-06	-0.019958
-1.012002e-06	-0.019648
-1.010002e-06	-0.020268
-1.008002e-06	-0.020082
-1.006002e-06	-0.02002
-1.004002e-06	-0.019834
-1.002002e-06	-0.019524
-1.000002e-06	-0.019524
-9.980016e-07	-0.019462
-9.960016e-07	-0.019338
-9.940016e-07	-0.019958
-9.920016e-07	-0.01971
-9.900016e-07	-0.019834
-9.880016e-07	-0.019586
-9.860016e-07	-0.020206
-9.840016e-07	-0.020144
-9.820016e-07	-0.019958
-9.800016e-07	-0.019896
-9.780016e-07	-0.020268
-9.760016e-07	-0.01971
-9.740016e-07	-0.019462
-9.720016e-07	-0.018842
-9.700016e-07	-0.019028
-9.680016e-07	-0.01878
-9.660016e-07	-0.01847
-9.640016e-07	-0.018036
-9.620016e-07	-0.017788
-9.600016e-07	-0.017416
-9.580016e-07	-0.01723
-9.560016e-07	-0.01692
-9.540016e-07	-0.017292
-9.520016e-07	-0.016362
-9.500016e-07	-0.016424
-9.480016e-07	-0.0163
-9.460016e-07	-0.01692
-9.440016e-07	-0.016114
-9.420016e-07	-0.016548
-9.400016e-07	-0.016114
-9.380016e-07	-0.015928
-9.360016e-07	-0.015928
-9.340016e-07	-0.016362
-9.320016e-07	-0.016238
-9.300016e-07	-0.016176
-9.280016e-07	-0.01568
-9.260016e-07	-0.01599
-9.240016e-07	-0.015804
-9.220016e-07	-0.016424
-9.200016e-07	-0.016238
-9.180016e-07	-0.0163
-9.160016e-07	-0.016176
-9.140016e-07	-0.016424
-9.120016e-07	-0.016114
-9.100016e-07	-0.0163
-9.080016e-07	-0.016424
-9.060016e-07	-0.016486
-9.040016e-07	-0.01661
-9.020016e-07	-0.016734
-9.000016e-07	-0.016672
-8.980016e-07	-0.016734
-8.960016e-07	-0.016548
-8.940016e-07	-0.015804
-8.920016e-07	-0.015742
-8.900016e-07	-0.01599
-8.880016e-07	-0.015432
-8.860016e-07	-0.015308
-8.840016e-07	-0.01506
-8.820016e-07	-0.015246
-8.800016e-07	-0.015122
-8.780016e-07	-0.01506
-8.760016e-07	-0.01506
-8.740016e-07	-0.01475
-8.720016e-07	-0.014688
-8.700016e-07	-0.014502
-8.680016e-07	-0.01413
-8.660016e-07	-0.014316
-8.640016e-07	-0.013882
-8.620016e-07	-0.013572
-8.600016e-07	-0.01382
-8.580016e-07	-0.014068
-8.560016e-07	-0.01382
-8.540016e-07	-0.013882
-8.520016e-07	-0.01351
-8.500016e-07	-0.013386
-8.480016e-07	-0.013634
-8.460016e-07	-0.013572
-8.440016e-07	-0.01351
-8.420016e-07	-0.01351
-8.400016e-07	-0.013882
-8.380016e-07	-0.013138
-8.360016e-07	-0.013262
-8.340016e-07	-0.013324
-8.320016e-07	-0.01351
-8.300016e-07	-0.01351
-8.280016e-07	-0.013386
-8.260016e-07	-0.01351
-8.240016e-07	-0.013386
-8.220016e-07	-0.01351
-8.200016e-07	-0.014068
-8.180016e-07	-0.014006
-8.160016e-07	-0.01413
-8.140016e-07	-0.014564
-8.120016e-07	-0.014378
-8.100016e-07	-0.014378
-8.080016e-07	-0.014378
-8.060016e-07	-0.01475
-8.040016e-07	-0.014998
-8.020016e-07	-0.015246
-8.000016e-07	-0.014998
-7.980016e-07	-0.015184
-7.960016e-07	-0.015432
-7.940016e-07	-0.015866
-7.920016e-07	-0.015928
-7.900016e-07	-0.016052
-7.880016e-07	-0.015866
-7.860016e-07	-0.016176
-7.840016e-07	-0.016238
-7.820016e-07	-0.016486
-7.800016e-07	-0.016548
-7.780016e-07	-0.016548
-7.760016e-07	-0.016734
-7.740016e-07	-0.016796
-7.720016e-07	-0.016362
-7.700016e-07	-0.016238
-7.680016e-07	-0.016982
-7.660016e-07	-0.017106
-7.640016e-07	-0.01661
-7.620016e-07	-0.016858
-7.600016e-07	-0.01723
-7.580016e-07	-0.01754
-7.560016e-07	-0.01754
-7.540016e-07	-0.01754
-7.520016e-07	-0.01754
-7.500016e-07	-0.017416
-7.480016e-07	-0.017044
-7.460016e-07	-0.017416
-7.440016e-07	-0.017106
-7.420016e-07	-0.016982
-7.400016e-07	-0.016982
-7.380016e-07	-0.017788
-7.360016e-07	-0.01785
-7.340016e-07	-0.017788
-7.320016e-07	-0.017664
-7.300016e-07	-0.017912
-7.280016e-07	-0.017478
-7.260016e-07	-0.018036
-7.240016e-07	-0.01816
-7.220016e-07	-0.01785
-7.200016e-07	-0.018284
-7.180016e-07	-0.018408
-7.160016e-07	-0.018222
-7.140016e-07	-0.018408
-7.120016e-07	-0.01847
-7.100016e-07	-0.01878
-7.080016e-07	-0.018532
-7.060016e-07	-0.019152
-7.040016e-07	-0.018842
-7.020016e-07	-0.018966
-7.000016e-07	-0.018532
-6.980016e-07	-0.018904
-6.960016e-07	-0.018532
-6.940016e-07	-0.018656
-6.920016e-07	-0.018594
-6.900016e-07	-0.01909
-6.880016e-07	-0.018904
-6.860016e-07	-0.019028
-6.840016e-07	-0.018656
-6.820016e-07	-0.019462
-6.800016e-07	-0.019648
-6.780016e-07	-0.019648
-6.760016e-07	-0.019028
-6.740016e-07	-0.019586
-6.720016e-07	-0.018904
-6.700016e-07	-0.019028
-6.680016e-07	-0.018904
-6.660016e-07	-0.01909
-6.640016e-07	-0.01878
-6.620016e-07	-0.018532
-6.600016e-07	-0.018098
-6.580016e-07	-0.018346
-6.560016e-07	-0.018842
-6.540016e-07	-0.018718
-6.520016e-07	-0.018842
-6.500016e-07	-0.018966
-6.480016e-07	-0.019028
-6.460016e-07	-0.019152
-6.440016e-07	-0.019028
-6.420016e-07	-0.02002
-6.400016e-07	-0.01909
-6.380016e-07	-0.01878
-6.360016e-07	-0.019152
-6.340016e-07	-0.019896
-6.320016e-07	-0.019896
-6.300016e-07	-0.02002
-6.280016e-07	-0.019462
-6.260016e-07	-0.020206
-6.240016e-07	-0.020082
-6.220016e-07	-0.02002
-6.200016e-07	-0.020206
-6.180016e-07	-0.02033
-6.160016e-07	-0.02002
-6.140016e-07	-0.02033
-6.120016e-07	-0.02002
-6.100016e-07	-0.020578
-6.080016e-07	-0.020392
-6.060016e-07	-0.020268
-6.040016e-07	-0.019896
-6.020016e-07	-0.0194
-6.000016e-07	-0.01909
-5.980016e-07	-0.018904
-5.960016e-07	-0.018842
-5.940016e-07	-0.018532
-5.920016e-07	-0.01816
-5.900016e-07	-0.01816
-5.880016e-07	-0.01785
-5.860016e-07	-0.018222
-5.840016e-07	-0.017912
-5.820016e-07	-0.01754
-5.800016e-07	-0.017044
-5.780016e-07	-0.01723
-5.760016e-07	-0.017416
-5.740016e-07	-0.01723
-5.720016e-07	-0.01692
-5.700016e-07	-0.017478
-5.680016e-07	-0.017168
-5.660016e-07	-0.017168
-5.640016e-07	-0.016982
-5.620016e-07	-0.017168
-5.600016e-07	-0.016796
-5.580016e-07	-0.016486
-5.560016e-07	-0.016362
-5.540016e-07	-0.016858
-5.520016e-07	-0.017044
-5.500016e-07	-0.01723
-5.480016e-07	-0.016858
-5.460016e-07	-0.016734
-5.440016e-07	-0.01661
-5.420016e-07	-0.016424
-5.400016e-07	-0.01599
-5.380016e-07	-0.015308
-5.360016e-07	-0.015122
-5.340016e-07	-0.014998
-5.320016e-07	-0.015122
-5.300016e-07	-0.015246
-5.280016e-07	-0.014874
-5.260016e-07	-0.01475
-5.240016e-07	-0.014688
-5.220016e-07	-0.01506
-5.200016e-07	-0.014626
-5.180016e-07	-0.014626
-5.160016e-07	-0.01444
-5.140016e-07	-0.014378
-5.120016e-07	-0.014254
-5.100016e-07	-0.014564
-5.080016e-07	-0.014626
-5.060016e-07	-0.014378
-5.040016e-07	-0.014068
-5.020016e-07	-0.014192
-5.000016e-07	-0.014254
-4.980016e-07	-0.01413
-4.960016e-07	-0.013882
-4.940016e-07	-0.01351
-4.920016e-07	-0.013758
-4.900016e-07	-0.013572
-4.880016e-07	-0.013634
-4.860016e-07	-0.013386
-4.840016e-07	-0.013262
-4.820016e-07	-0.013262
-4.800016e-07	-0.0132
-4.780016e-07	-0.013262
-4.760016e-07	-0.01289
-4.740016e-07	-0.013014
-4.720016e-07	-0.013138
-4.700016e-07	-0.013076
-4.680016e-07	-0.01289
-4.660016e-07	-0.012766
-4.640016e-07	-0.01289
-4.620016e-07	-0.0132
-4.600016e-07	-0.013324
-4.580016e-07	-0.013882
-4.560016e-07	-0.013386
-4.540016e-07	-0.013448
-4.520016e-07	-0.013324
-4.500016e-07	-0.014068
-4.480016e-07	-0.013758
-4.460016e-07	-0.01413
-4.440016e-07	-0.013944
-4.420016e-07	-0.014502
-4.400016e-07	-0.014626
-4.380016e-07	-0.014812
-4.360016e-07	-0.01475
-4.340016e-07	-0.014874
-4.320016e-07	-0.01506
-4.300016e-07	-0.015742
-4.280016e-07	-0.015866
-4.260016e-07	-0.015928
-4.240016e-07	-0.016114
-4.220016e-07	-0.0163
-4.200016e-07	-0.016424
-4.180016e-07	-0.016858
-4.160016e-07	-0.016486
-4.140016e-07	-0.016982
-4.120016e-07	-0.016548
-4.100016e-07	-0.016982
-4.080016e-07	-0.016548
-4.060016e-07	-0.016796
-4.040016e-07	-0.017168
-4.020016e-07	-0.017664
-4.000016e-07	-0.017168
-3.980016e-07	-0.017354
-3.960016e-07	-0.017354
-3.940016e-07	-0.017974
-3.920016e-07	-0.018098
-3.900016e-07	-0.018408
-3.880016e-07	-0.01847
-3.860016e-07	-0.018718
-3.840016e-07	-0.01878
-3.820016e-07	-0.018718
-3.800016e-07	-0.018656
-3.780016e-07	-0.01909
-3.760016e-07	-0.019028
-3.740016e-07	-0.019152
-3.720016e-07	-0.018904
-3.700016e-07	-0.019648
-3.680016e-07	-0.01971
-3.660016e-07	-0.02002
-3.640016e-07	-0.019772
-3.620016e-07	-0.020206
-3.600016e-07	-0.020082
-3.580016e-07	-0.02033
-3.560016e-07	-0.019958
-3.540016e-07	-0.020392
-3.520016e-07	-0.020082
-3.500016e-07	-0.020392
-3.480016e-07	-0.020268
-3.460016e-07	-0.020578
-3.440016e-07	-0.020082
-3.420016e-07	-0.019524
-3.400016e-07	-0.0194
-3.380016e-07	-0.019276
-3.360016e-07	-0.018904
-3.340016e-07	-0.019028
-3.320016e-07	-0.018966
-3.300016e-07	-0.018904
-3.280016e-07	-0.018656
-3.260016e-07	-0.018966
-3.240016e-07	-0.018842
-3.220016e-07	-0.01909
-3.200016e-07	-0.019214
-3.180016e-07	-0.01878
-3.160016e-07	-0.01847
-3.140016e-07	-0.018718
-3.120016e-07	-0.018532
-3.100016e-07	-0.018532
-3.080016e-07	-0.01816
-3.060016e-07	-0.018408
-3.040016e-07	-0.018346
-3.020016e-07	-0.018222
-3.000016e-07	-0.017974
-2.980016e-07	-0.01785
-2.960016e-07	-0.017912
-2.940016e-07	-0.017726
-2.920016e-07	-0.017912
-2.900016e-07	-0.017788
-2.880016e-07	-0.017602
-2.860016e-07	-0.017292
-2.840016e-07	-0.017106
-2.820016e-07	-0.01723
-2.800016e-07	-0.017106
-2.780016e-07	-0.016858
-2.760016e-07	-0.016486
-2.740016e-07	-0.016486
-2.720016e-07	-0.016114
-2.700016e-07	-0.016052
-2.680016e-07	-0.015742
-2.660016e-07	-0.016176
-2.640016e-07	-0.015432
-2.620016e-07	-0.015432
-2.600016e-07	-0.015246
-2.580016e-07	-0.015556
-2.560016e-07	-0.015742
-2.540016e-07	-0.01568
-2.520016e-07	-0.01568
-2.500016e-07	-0.016238
-2.480016e-07	-0.016362
-2.460016e-07	-0.016052
-2.440016e-07	-0.015804
-2.420016e-07	-0.016176
-2.400016e-07	-0.015928
-2.380016e-07	-0.016424
-2.360016e-07	-0.0163
-2.340016e-07	-0.016548
-2.320016e-07	-0.016672
-2.300016e-07	-0.016548
-2.280016e-07	-0.016734
-2.260016e-07	-0.017354
-2.240016e-07	-0.017106
-2.220016e-07	-0.017726
-2.200016e-07	-0.017602
-2.180016e-07	-0.01785
-2.160016e-07	-0.01754
-2.140016e-07	-0.01754
-2.120016e-07	-0.01723
-2.100016e-07	-0.018098
-2.080016e-07	-0.017478
-2.060016e-07	-0.017664
-2.040016e-07	-0.017292
-2.020016e-07	-0.017726
-2.000016e-07	-0.017416
-1.980016e-07	-0.01723
-1.960016e-07	-0.017168
-1.940016e-07	-0.017292
-1.920016e-07	-0.01723
-1.900016e-07	-0.01692
-1.880016e-07	-0.016734
-1.860016e-07	-0.016858
-1.840016e-07	-0.017106
-1.820016e-07	-0.017044
-1.800016e-07	-0.016982
-1.780016e-07	-0.017168
-1.760016e-07	-0.017044
-1.740016e-07	-0.016796
-1.720016e-07	-0.016796
-1.700016e-07	-0.017106
-1.680016e-07	-0.017168
-1.660016e-07	-0.017044
-1.640016e-07	-0.016362
-1.620016e-07	-0.01661
-1.600016e-07	-0.016858
-1.580016e-07	-0.01661
-1.560016e-07	-0.016548
-1.540016e-07	-0.017106
-1.520016e-07	-0.016548
-1.500016e-07	-0.016362
-1.480016e-07	-0.016052
-1.460016e-07	-0.01692
-1.440016e-07	-0.016548
-1.420016e-07	-0.016672
-1.400016e-07	-0.016486
-1.380016e-07	-0.016486
-1.360016e-07	-0.016238
-1.340016e-07	-0.015866
-1.320016e-07	-0.01568
-1.300016e-07	-0.016052
-1.280016e-07	-0.015804
-1.260016e-07	-0.01568
-1.240016e-07	-0.015308
-1.220016e-07	-0.015556
-1.200016e-07	-0.015308
-1.180016e-07	-0.01537
-1.160016e-07	-0.015122
-1.140016e-07	-0.015618
-1.120016e-07	-0.01506
-1.100016e-07	-0.015122
-1.080016e-07	-0.014936
-1.060016e-07	-0.015184
-1.040016e-07	-0.014998
-1.020016e-07	-0.015122
-1.000016e-07	-0.014564
-9.800162e-08	-0.015432
-9.600162e-08	-0.01506
-9.400162e-08	-0.014688
-9.200162e-08	-0.014626
-9.000162e-08	-0.015246
-8.800162e-08	-0.014936
-8.600162e-08	-0.015122
-8.400162e-08	-0.014998
-8.200162e-08	-0.015122
-8.000162e-08	-0.014874
-7.800162e-08	-0.014998
-7.600162e-08	-0.014874
-7.400162e-08	-0.01506
-7.200162e-08	-0.014936
-7.000162e-08	-0.015308
-6.800162e-08	-0.015122
-6.600162e-08	-0.014936
-6.400162e-08	-0.014998
-6.200162e-08	-0.014998
-6.000162e-08	-0.01475
-5.800162e-08	-0.014564
-5.600162e-08	-0.014502
-5.400162e-08	-0.014688
-5.200162e-08	-0.014688
-5.000162e-08	-0.015246
-4.800162e-08	-0.014998
-4.600162e-08	-0.015184
-4.400162e-08	-0.015308
-4.200162e-08	-0.015742
-4.000162e-08	-0.015804
-3.800162e-08	-0.016114
-3.600162e-08	-0.016176
-3.400162e-08	-0.016176
-3.200162e-08	-0.016052
-3.000162e-08	-0.01661
-2.800162e-08	-0.016548
-2.600162e-08	-0.016486
-2.400162e-08	-0.016362
-2.200162e-08	-0.016672
-2.000162e-08	-0.016548
-1.800162e-08	-0.017354
-1.600162e-08	-0.017478
-1.400162e-08	-0.017664
-1.200162e-08	-0.017912
-1.000162e-08	-0.018036
-8.001625e-09	-0.01816
-6.001625e-09	-0.018346
-4.001625e-09	-0.018098
-2.001625e-09	-0.018532
-1.624553e-12	-0.018408
1.998375e-09	-0.018408
3.998375e-09	-0.018656
5.998375e-09	-0.018842
7.998375e-09	-0.01878
9.998375e-09	-0.019028
1.199838e-08	-0.01878
1.399838e-08	-0.019338
1.599838e-08	-0.019276
1.799838e-08	-0.019462
1.999838e-08	-0.0194
2.199838e-08	-0.019958
2.399838e-08	-0.019834
2.599838e-08	-0.020082
2.799838e-08	-0.019896
2.999838e-08	-0.020268
3.199838e-08	-0.02033
3.399838e-08	-0.020144
3.599838e-08	-0.019896
3.799838e-08	-0.02033
3.999838e-08	-0.020144
4.199838e-08	-0.019958
4.399838e-08	-0.019772
4.599838e-08	-0.020268
4.799838e-08	-0.020206
4.999838e-08	-0.020392
5.199838e-08	-0.020144
5.399838e-08	-0.02064
5.599838e-08	-0.019958
5.799838e-08	-0.019586
5.999838e-08	-0.019648
6.199838e-08	-0.019958
6.399838e-08	-0.019648
6.599838e-08	-0.018966
6.799838e-08	-0.018904
6.999838e-08	-0.019276
7.199838e-08	-0.019028
7.399838e-08	-0.01847
7.599838e-08	-0.018036
7.799838e-08	-0.017912
7.999838e-08	-0.017912
8.199838e-08	-0.017726
8.399838e-08	-0.01754
8.599838e-08	-0.017664
8.799838e-08	-0.01754
8.999838e-08	-0.017478
9.199838e-08	-0.017168
9.399838e-08	-0.017416
9.599838e-08	-0.017416
9.799838e-08	-0.017602
9.999838e-08	-0.017354
1.019984e-07	-0.01754
1.039984e-07	-0.016982
1.059984e-07	-0.017168
1.079984e-07	-0.016362
1.099984e-07	-0.016424
1.119984e-07	-0.016362
1.139984e-07	-0.01661
1.159984e-07	-0.0163
1.179984e-07	-0.016362
1.199984e-07	-0.016114
1.219984e-07	-0.016238
1.239984e-07	-0.016052
1.259984e-07	-0.016238
1.279984e-07	-0.016052
1.299984e-07	-0.016052
1.319984e-07	-0.015246
1.339984e-07	-0.013324
1.359984e-07	-0.008984
1.379984e-07	-0.001358
1.399984e-07	0.008748
1.419984e-07	0.021086
1.439984e-07	0.034106
1.459984e-07	0.047312
1.479984e-07	0.059712
1.499984e-07	0.071802
1.519984e-07	0.082962
1.539984e-07	0.093626
1.559984e-07	0.102988
1.579984e-07	0.111606
1.599984e-07	0.119666
1.619984e-07	0.1263
1.639984e-07	0.132376
1.659984e-07	0.137212
1.679984e-07	0.141366
1.699984e-07	0.144342
1.719984e-07	0.147194
1.739984e-07	0.148682
1.759984e-07	0.149984
1.779984e-07	0.150728
1.799984e-07	0.150728
1.819984e-07	0.149674
1.839984e-07	0.148992
1.859984e-07	0.147194
1.879984e-07	0.145706
1.899984e-07	0.142792
1.919984e-07	0.14087
1.939984e-07	0.138328
1.959984e-07	0.135724
1.979984e-07	0.132686
1.999984e-07	0.129648
2.019984e-07	0.126176
2.039984e-07	0.123014
2.059984e-07	0.11917
2.079984e-07	0.116194
2.099984e-07	0.112164
2.119984e-07	0.108506
2.139984e-07	0.10491
2.159984e-07	0.101314
2.179984e-07	0.097222
2.199984e-07	0.093688
2.219984e-07	0.089844
2.239984e-07	0.086558
2.259984e-07	0.083272
2.279984e-07	0.079366
2.299984e-07	0.07608
2.319984e-07	0.072918
2.339984e-07	0.069198
2.359984e-07	0.06616
2.379984e-07	0.062998
2.399984e-07	0.060146
2.419984e-07	0.057294
2.439984e-07	0.054566
2.459984e-07	0.051404
2.479984e-07	0.049048
2.499984e-07	0.046134
2.519984e-07	0.043964
2.539984e-07	0.041608
2.559984e-07	0.039066
2.579984e-07	0.036958
2.599984e-07	0.034664
2.619984e-07	0.032866
2.639984e-07	0.03082
2.659984e-07	0.028464
2.679984e-07	0.026542
2.699984e-07	0.024124
2.719984e-07	0.023194
2.739984e-07	0.021396
2.759984e-07	0.020156
2.779984e-07	0.01842
2.799984e-07	0.017366
2.819984e-07	0.016064
2.839984e-07	0.014452
2.859984e-07	0.013088
2.879984e-07	0.011724
2.899984e-07	0.010298
2.919984e-07	0.009244
2.939984e-07	0.008314
2.959984e-07	0.007446
2.979984e-07	0.006764
2.999984e-07	0.005462
3.019984e-07	0.004594
3.039984e-07	0.003912
3.059984e-07	0.002734
3.079984e-07	0.002238
3.099984e-07	0.001494
3.119984e-07	0.001184
3.139984e-07	6e-06
3.159984e-07	-0.00049
3.179984e-07	-0.001482
3.199984e-07	-0.001978
3.219984e-07	-0.002784
3.239984e-07	-0.003404
3.259984e-07	-0.004024
3.279984e-07	-0.00452
3.299984e-07	-0.005016
3.319984e-07	-0.004892
3.339984e-07	-0.005388
3.359984e-07	-0.005946
3.379984e-07	-0.006318
3.399984e-07	-0.006504
3.419984e-07	-0.006752
3.439984e-07	-0.006876
3.459984e-07	-0.007248
3.479984e-07	-0.007372
3.499984e-07	-0.00762
3.519984e-07	-0.007558
3.539984e-07	-0.00824
3.559984e-07	-0.008488
3.579984e-07	-0.009108
3.599984e-07	-0.00948
3.619984e-07	-0.009604
3.639984e-07	-0.00979
3.659984e-07	-0.009976
3.679984e-07	-0.010038
3.699984e-07	-0.010038
3.719984e-07	-0.010224
3.739984e-07	-0.010906
3.759984e-07	-0.010782
3.779984e-07	-0.010782
3.799984e-07	-0.010906
3.819984e-07	-0.011464
3.839984e-07	-0.01103
3.859984e-07	-0.011278
3.879984e-07	-0.011278
3.899984e-07	-0.011464
3.919984e-07	-0.011464
3.939984e-07	-0.011526
3.959984e-07	-0.011588
3.979984e-07	-0.012084
3.999984e-07	-0.01227
4.019984e-07	-0.012146
4.039984e-07	-0.011836
4.059984e-07	-0.012208
4.079984e-07	-0.011836
4.099984e-07	-0.01165
4.119984e-07	-0.012022
4.139984e-07	-0.012394
4.159984e-07	-0.012642
4.179984e-07	-0.012828
4.199984e-07	-0.012766
4.219984e-07	-0.012828
4.239984e-07	-0.012828
4.259984e-07	-0.012828
4.279984e-07	-0.0132
4.299984e-07	-0.013014
4.319984e-07	-0.013572
4.339984e-07	-0.013572
4.359984e-07	-0.013076
4.379984e-07	-0.01351
4.399984e-07	-0.013758
4.419984e-07	-0.014254
4.439984e-07	-0.014068
4.459984e-07	-0.014502
4.479984e-07	-0.014998
4.499984e-07	-0.015432
4.519984e-07	-0.01537
4.539984e-07	-0.015618
4.559984e-07	-0.015556
4.579984e-07	-0.015928
4.599984e-07	-0.015184
4.619984e-07	-0.015742
4.639984e-07	-0.015432
4.659984e-07	-0.01599
4.679984e-07	-0.015618
4.699984e-07	-0.015928
4.719984e-07	-0.015432
4.739984e-07	-0.016176
4.759984e-07	-0.016424
4.779984e-07	-0.016424
4.799984e-07	-0.0163
4.819984e-07	-0.016548
4.839984e-07	-0.015866
4.859984e-07	-0.015804
4.879984e-07	-0.015866
4.899984e-07	-0.015804
4.919984e-07	-0.015928
4.939984e-07	-0.0163
4.959984e-07	-0.016176
4.979984e-07	-0.016114
4.999984e-07	-0.016052
5.019984e-07	-0.016238
5.039984e-07	-0.015866
5.059984e-07	-0.015866
5.079984e-07	-0.015618
5.099984e-07	-0.01599
5.119984e-07	-0.015494
5.139984e-07	-0.01568
5.159984e-07	-0.015928
5.179984e-07	-0.0163
5.199984e-07	-0.016548
5.219984e-07	-0.016734
5.239984e-07	-0.016486
5.259984e-07	-0.016362
5.279984e-07	-0.016424
5.299984e-07	-0.016486
5.319984e-07	-0.016982
5.339984e-07	-0.017044
5.359984e-07	-0.016858
5.379984e-07	-0.016982
5.399984e-07	-0.017354
5.419984e-07	-0.017664
5.439984e-07	-0.017974
5.459984e-07	-0.018222
5.479984e-07	-0.018346
5.499984e-07	-0.018842
5.519984e-07	-0.018718
5.539984e-07	-0.018656
5.559984e-07	-0.01878
5.579984e-07	-0.01971
5.599984e-07	-0.019276
5.619984e-07	-0.019462
5.639984e-07	-0.019524
5.659984e-07	-0.020454
5.679984e-07	-0.020516
5.699984e-07	-0.020454
5.719984e-07	-0.020454
5.739984e-07	-0.020764
5.759984e-07	-0.020516
5.779984e-07	-0.020764
5.799984e-07	-0.020578
5.819984e-07	-0.021074
5.839984e-07	-0.020826
5.859984e-07	-0.02095
5.879984e-07	-0.020764
5.899984e-07	-0.02064
5.919984e-07	-0.020578
5.939984e-07	-0.02033
5.959984e-07	-0.020082
5.979984e-07	-0.02033
5.999984e-07	-0.020206
6.019984e-07	-0.019772
6.039984e-07	-0.019338
6.059984e-07	-0.019958
6.079984e-07	-0.019338
6.099984e-07	-0.019524
6.119984e-07	-0.018966
6.139984e-07	-0.019338
6.159984e-07	-0.0194
6.179984e-07	-0.019338
6.199984e-07	-0.01878
6.219984e-07	-0.019214
6.239984e-07	-0.018966
6.259984e-07	-0.018842
6.279984e-07	-0.018346
6.299984e-07	-0.018222
6.319984e-07	-0.017912
6.339984e-07	-0.018036
6.359984e-07	-0.01816
6.379984e-07	-0.01847
6.399984e-07	-0.018098
6.419984e-07	-0.01847
6.439984e-07	-0.017912
6.459984e-07	-0.017912
6.479984e-07	-0.017478
6.499984e-07	-0.017168
6.519984e-07	-0.017168
6.539984e-07	-0.017478
6.559984e-07	-0.017726
6.579984e-07	-0.01754
6.599984e-07	-0.017478
6.619984e-07	-0.018098
6.639984e-07	-0.017974
6.659984e-07	-0.01785
6.679984e-07	-0.017974
6.699984e-07	-0.018408
6.719984e-07	-0.01816
6.739984e-07	-0.018408
6.759984e-07	-0.01847
6.779984e-07	-0.018656
6.799984e-07	-0.018408
6.819984e-07	-0.018718
6.839984e-07	-0.01816
6.859984e-07	-0.018656
6.879984e-07	-0.018532
6.899984e-07	-0.018656
6.919984e-07	-0.018656
6.939984e-07	-0.018904
6.959984e-07	-0.01816
6.979984e-07	-0.01847
6.999984e-07	-0.018656
7.019984e-07	-0.01878
7.039984e-07	-0.01847
7.059984e-07	-0.018594
7.079984e-07	-0.01847
7.099984e-07	-0.018594
7.119984e-07	-0.018532
7.139984e-07	-0.018842
7.159984e-07	-0.018346
7.179984e-07	-0.018718
7.199984e-07	-0.01816
7.219984e-07	-0.017726
7.239984e-07	-0.017788
7.259984e-07	-0.01816
7.279984e-07	-0.01816
7.299984e-07	-0.018532
7.319984e-07	-0.01816
7.339984e-07	-0.01816
7.359984e-07	-0.017726
7.379984e-07	-0.01723
7.399984e-07	-0.017354
7.419984e-07	-0.017602
7.439984e-07	-0.01754
7.459984e-07	-0.017292
7.479984e-07	-0.016796
7.499984e-07	-0.01723
7.519984e-07	-0.016982
7.539984e-07	-0.016734
7.559984e-07	-0.017044
7.579984e-07	-0.017044
7.599984e-07	-0.016858
7.619984e-07	-0.016548
7.639984e-07	-0.01599
7.659984e-07	-0.016114
7.679984e-07	-0.015866
7.699984e-07	-0.016238
7.719984e-07	-0.015804
7.739984e-07	-0.015742
7.759984e-07	-0.015742
7.779984e-07	-0.015804
7.799984e-07	-0.016114
7.819984e-07	-0.016362
7.839984e-07	-0.0163
7.859984e-07	-0.016548
7.879984e-07	-0.016796
7.899984e-07	-0.017106
7.919984e-07	-0.016796
7.939984e-07	-0.017044
7.959984e-07	-0.016486
7.979984e-07	-0.017106
7.999984e-07	-0.017106
8.019984e-07	-0.017292
8.039984e-07	-0.017044
8.059984e-07	-0.01754
8.079984e-07	-0.017726
8.099984e-07	-0.017602
8.119984e-07	-0.017726
8.139984e-07	-0.018284
8.159984e-07	-0.01816
8.179984e-07	-0.017602
8.199984e-07	-0.017416
8.219984e-07	-0.017602
8.239984e-07	-0.01754
8.259984e-07	-0.017354
8.279984e-07	-0.016858
8.299984e-07	-0.017664
8.319984e-07	-0.017726
8.339984e-07	-0.017726
8.359984e-07	-0.018222
8.379984e-07	-0.01816
8.399984e-07	-0.018098
8.419984e-07	-0.018036
8.439984e-07	-0.017602
8.459984e-07	-0.01816
8.479984e-07	-0.018594
8.499984e-07	-0.018842
8.519984e-07	-0.018346
8.539984e-07	-0.018594
8.559984e-07	-0.018656
8.579984e-07	-0.01847
8.599984e-07	-0.018222
8.619984e-07	-0.018036
8.639984e-07	-0.018098
8.659984e-07	-0.018036
8.679984e-07	-0.018098
8.699984e-07	-0.017788
8.719984e-07	-0.017664
8.739984e-07	-0.01785
8.759984e-07	-0.018036
8.779984e-07	-0.01785
8.799984e-07	-0.017912
8.819984e-07	-0.018284
8.839984e-07	-0.017912
8.859984e-07	-0.018594
8.879984e-07	-0.018532
8.899984e-07	-0.018408
8.919984e-07	-0.018718
8.939984e-07	-0.01909
8.959984e-07	-0.018966
8.979984e-07	-0.01878
8.999984e-07	-0.01878
9.019984e-07	-0.019338
9.039984e-07	-0.01909
9.059984e-07	-0.019462
9.079984e-07	-0.019276
9.099984e-07	-0.019958
9.119984e-07	-0.019772
9.139984e-07	-0.020082
9.159984e-07	-0.019834
9.179984e-07	-0.019958
9.199984e-07	-0.020206
9.219984e-07	-0.020392
9.239984e-07	-0.02033
9.259984e-07	-0.020826
9.279984e-07	-0.020516
9.299984e-07	-0.020888
9.319984e-07	-0.020888
9.339984e-07	-0.021322
9.359984e-07	-0.021508
9.379984e-07	-0.021694
9.399984e-07	-0.02157
9.419984e-07	-0.02188
9.439984e-07	-0.022128
9.459984e-07	-0.022066
9.479984e-07	-0.02219
9.499984e-07	-0.022748
9.519984e-07	-0.022748
9.539984e-07	-0.022748
9.559984e-07	-0.022872
9.579984e-07	-0.022996
9.599984e-07	-0.022934
9.619984e-07	-0.022624
9.639984e-07	-0.022066
9.659984e-07	-0.022252
9.679984e-07	-0.022128
9.699984e-07	-0.021756
9.719984e-07	-0.02157
9.739984e-07	-0.021632
9.759984e-07	-0.021446
9.779984e-07	-0.021136
9.799984e-07	-0.020826
9.819984e-07	-0.021198
9.839984e-07	-0.021136
9.859984e-07	-0.02064
9.879984e-07	-0.020082
9.899984e-07	-0.020578
9.919984e-07	-0.02033
9.939984e-07	-0.02033
9.959984e-07	-0.02033
9.979984e-07	-0.020454
9.999984e-07	-0.02033
1.001998e-06	-0.020516
1.003998e-06	-0.020764
1.005998e-06	-0.02157
1.007998e-06	-0.021694
1.009998e-06	-0.021632
1.011998e-06	-0.021384
1.013998e-06	-0.021508
1.015998e-06	-0.021632
1.017998e-06	-0.021198
1.019998e-06	-0.020888
1.021998e-06	-0.021198
1.023998e-06	-0.020702
1.025998e-06	-0.020888
1.027998e-06	-0.021074
1.029998e-06	-0.021942
1.031998e-06	-0.021818
1.033998e-06	-0.02188
1.035998e-06	-0.021694
1.037998e-06	-0.021942
1.039998e-06	-0.022128
1.041998e-06	-0.022066
1.043998e-06	-0.021818
1.045998e-06	-0.0225
1.047998e-06	-0.022314
1.049998e-06	-0.022376
1.051998e-06	-0.022004
1.053998e-06	-0.02219
1.055998e-06	-0.022128
1.057998e-06	-0.021942
1.059998e-06	-0.02188
1.061998e-06	-0.022066
1.063998e-06	-0.022128
1.065998e-06	-0.022066
1.067998e-06	-0.021632
1.069998e-06	-0.022686
1.071998e-06	-0.022128
1.073998e-06	-0.022128
1.075998e-06	-0.021632
1.077998e-06	-0.021694
1.079998e-06	-0.02126
1.081998e-06	-0.021074
1.083998e-06	-0.021074
1.085998e-06	-0.020764
1.087998e-06	-0.021074
1.089998e-06	-0.020888
1.091998e-06	-0.020392
1.093998e-06	-0.02064
1.095998e-06	-0.020144
1.097998e-06	-0.019896
1.099998e-06	-0.019958
1.101998e-06	-0.020392
1.103998e-06	-0.020206
1.105998e-06	-0.019586
1.107998e-06	-0.019152
1.109998e-06	-0.019648
1.111998e-06	-0.01971
1.113998e-06	-0.019834
1.115998e-06	-0.019524
1.117998e-06	-0.01971
1.119998e-06	-0.01971
1.121998e-06	-0.019524
1.123998e-06	-0.019834
1.125998e-06	-0.019772
1.127998e-06	-0.019772
1.129998e-06	-0.0194
1.131998e-06	-0.019214
1.133998e-06	-0.019648
1.135998e-06	-0.01971
1.137998e-06	-0.02002
1.139998e-06	-0.02033
1.141998e-06	-0.02064
1.143998e-06	-0.02033
1.145998e-06	-0.020206
1.147998e-06	-0.019772
1.149998e-06	-0.019896
1.151998e-06	-0.0194
1.153998e-06	-0.019772
1.155998e-06	-0.02002
1.157998e-06	-0.019958
1.159998e-06	-0.01971
1.161998e-06	-0.01971
1.163998e-06	-0.019524
1.165998e-06	-0.019586
1.167998e-06	-0.018718
1.169998e-06	-0.018718
1.171998e-06	-0.018718
1.173998e-06	-0.01878
1.175998e-06	-0.018222
1.177998e-06	-0.018408
1.179998e-06	-0.018036
1.181998e-06	-0.018532
1.183998e-06	-0.018532
1.185998e-06	-0.01878
1.187998e-06	-0.018408
1.189998e-06	-0.018904
1.191998e-06	-0.018904
1.193998e-06	-0.018904
1.195998e-06	-0.019028
1.197998e-06	-0.019152
1.199998e-06	-0.019152
1.201998e-06	-0.019214
1.203998e-06	-0.019152
1.205998e-06	-0.019524
1.207998e-06	-0.01971
1.209998e-06	-0.019958
1.211998e-06	-0.019524
1.213998e-06	-0.02002
1.215998e-06	-0.019772
1.217998e-06	-0.01971
1.219998e-06	-0.019276
1.221998e-06	-0.019524
1.223998e-06	-0.019028
1.225998e-06	-0.01878
1.227998e-06	-0.01847
1.229998e-06	-0.018842
1.231998e-06	-0.018532
1.233998e-06	-0.018222
1.235998e-06	-0.017726
1.237998e-06	-0.018098
1.239998e-06	-0.018036
1.241998e-06	-0.01785
1.243998e-06	-0.017974
1.245998e-06	-0.018098
1.247998e-06	-0.01785
1.249998e-06	-0.018098
1.251998e-06	-0.017478
1.253998e-06	-0.01785
1.255998e-06	-0.017664
1.257998e-06	-0.017168
1.259998e-06	-0.016858
1.261998e-06	-0.017044
1.263998e-06	-0.016858
1.265998e-06	-0.017044
1.267998e-06	-0.016858
1.269998e-06	-0.01692
1.271998e-06	-0.016672
1.273998e-06	-0.016734
1.275998e-06	-0.016796
1.277998e-06	-0.016982
1.279998e-06	-0.016982
1.281998e-06	-0.017168
1.283998e-06	-0.017168
1.285998e-06	-0.017726
1.287998e-06	-0.017416
1.289998e-06	-0.01723
1.291998e-06	-0.01692
1.293998e-06	-0.017416
1.295998e-06	-0.017292
1.297998e-06	-0.017478
1.299998e-06	-0.016982
1.301998e-06	-0.017354
1.303998e-06	-0.017044
1.305998e-06	-0.017106
1.307998e-06	-0.016672
1.309998e-06	-0.01692
1.311998e-06	-0.017168
1.313998e-06	-0.017168
1.315998e-06	-0.017168
1.317998e-06	-0.01754
1.319998e-06	-0.017354
1.321998e-06	-0.017416
1.323998e-06	-0.016982
1.325998e-06	-0.01723
1.327998e-06	-0.016734
1.329998e-06	-0.01661
1.331998e-06	-0.016114
1.333998e-06	-0.016176
1.335998e-06	-0.015494
1.337998e-06	-0.015494
1.339998e-06	-0.015432
1.341998e-06	-0.015804
1.343998e-06	-0.015556
1.345998e-06	-0.015866
1.347998e-06	-0.015804
1.349998e-06	-0.016176
1.351998e-06	-0.016238
1.353998e-06	-0.016548
1.355998e-06	-0.016548
1.357998e-06	-0.01661
1.359998e-06	-0.016734
1.361998e-06	-0.017044
1.363998e-06	-0.016858
1.365998e-06	-0.017354
1.367998e-06	-0.017292
1.369998e-06	-0.01754
1.371998e-06	-0.01723
1.373998e-06	-0.017788
1.375998e-06	-0.018036
1.377998e-06	-0.018222
1.379998e-06	-0.018284
1.381998e-06	-0.018718
1.383998e-06	-0.017974
1.385998e-06	-0.018346
1.387998e-06	-0.018284
1.389998e-06	-0.018842
1.391998e-06	-0.01847
1.393998e-06	-0.019028
1.395998e-06	-0.019152
1.397998e-06	-0.019152
1.399998e-06	-0.019276
1.401998e-06	-0.019214
1.403998e-06	-0.019276
1.405998e-06	-0.019648
1.407998e-06	-0.019338
1.409998e-06	-0.019462
1.411998e-06	-0.0194
1.413998e-06	-0.019524
1.415998e-06	-0.019462
1.417998e-06	-0.019462
1.419998e-06	-0.019462
1.421998e-06	-0.019648
1.423998e-06	-0.01971
1.425998e-06	-0.019586
1.427998e-06	-0.019276
1.429998e-06	-0.01971
1.431998e-06	-0.019834
1.433998e-06	-0.019648
1.435998e-06	-0.02002
1.437998e-06	-0.021136
1.439998e-06	-0.020888
1.441998e-06	-0.020888
1.443998e-06	-0.02064
1.445998e-06	-0.021198
1.447998e-06	-0.021446
1.449998e-06	-0.021198
1.451998e-06	-0.020702
1.453998e-06	-0.020826
1.455998e-06	-0.020888
1.457998e-06	-0.020888
1.459998e-06	-0.020144
1.461998e-06	-0.02064
1.463998e-06	-0.020268
1.465998e-06	-0.020268
1.467998e-06	-0.019524
1.469998e-06	-0.019462
1.471998e-06	-0.019276
1.473998e-06	-0.01909
1.475998e-06	-0.019028
1.477998e-06	-0.018966
1.479998e-06	-0.018656
1.481998e-06	-0.018904
1.483998e-06	-0.01847
1.485998e-06	-0.018098
1.487998e-06	-0.017726
1.489998e-06	-0.017974
1.491998e-06	-0.017788
1.493998e-06	-0.017974
1.495998e-06	-0.01816
1.497998e-06	-0.018036
1.499998e-06	-0.017726
1.501998e-06	-0.018284
1.503998e-06	-0.018284
1.505998e-06	-0.018098
1.507998e-06	-0.018408
1.509998e-06	-0.018346
1.511998e-06	-0.018346
1.513998e-06	-0.018594
1.515998e-06	-0.01878
1.517998e-06	-0.018842
1.519998e-06	-0.018718
1.521998e-06	-0.018966
1.523998e-06	-0.01878
1.525998e-06	-0.01878
1.527998e-06	-0.018656
1.529998e-06	-0.018532
1.531998e-06	-0.01847
1.533998e-06	-0.01878
1.535998e-06	-0.019214
1.537998e-06	-0.01909
1.539998e-06	-0.018966
1.541998e-06	-0.01909
1.543998e-06	-0.019028
1.545998e-06	-0.019028
1.547998e-06	-0.019214
1.549998e-06	-0.019772
1.551998e-06	-0.019834
1.553998e-06	-0.019462
1.555998e-06	-0.019214
1.557998e-06	-0.019586
1.559998e-06	-0.019896
1.561998e-06	-0.020082
1.563998e-06	-0.020392
1.565998e-06	-0.020702
1.567998e-06	-0.021136
1.569998e-06	-0.020764
1.571998e-06	-0.020826
1.573998e-06	-0.021384
1.575998e-06	-0.02157
1.577998e-06	-0.02157
1.579998e-06	-0.021074
1.581998e-06	-0.021508
1.583998e-06	-0.02126
1.585998e-06	-0.021012
1.587998e-06	-0.02126
1.589998e-06	-0.021322
1.591998e-06	-0.02157
1.593998e-06	-0.021508
1.595998e-06	-0.021198
1.597998e-06	-0.021508
1.599998e-06	-0.021198
1.601998e-06	-0.020888
1.603998e-06	-0.020702
1.605998e-06	-0.02095
1.607998e-06	-0.020888
1.609998e-06	-0.02033
1.611998e-06	-0.019958
1.613998e-06	-0.019834
1.615998e-06	-0.019772
1.617998e-06	-0.019462
1.619998e-06	-0.0194
1.621998e-06	-0.0194
1.623998e-06	-0.0194
1.625998e-06	-0.0194
1.627998e-06	-0.019214
1.629998e-06	-0.019214
1.631998e-06	-0.01878
1.633998e-06	-0.018966
1.635998e-06	-0.018532
1.637998e-06	-0.018532
1.639998e-06	-0.018842
1.641998e-06	-0.018718
1.643998e-06	-0.018656
1.645998e-06	-0.019152
1.647998e-06	-0.018966
1.649998e-06	-0.018842
1.651998e-06	-0.01847
1.653998e-06	-0.018904
1.655998e-06	-0.018532
1.657998e-06	-0.018594
1.659998e-06	-0.018718
1.661998e-06	-0.019276
1.663998e-06	-0.01909
1.665998e-06	-0.019338
1.667998e-06	-0.01909
1.669998e-06	-0.019214
1.671998e-06	-0.0194
1.673998e-06	-0.019524
1.675998e-06	-0.018842
1.677998e-06	-0.01909
1.679998e-06	-0.019152
1.681998e-06	-0.01909
1.683998e-06	-0.018718
1.685998e-06	-0.018904
1.687998e-06	-0.01878
1.689998e-06	-0.019028
1.691998e-06	-0.018904
1.693998e-06	-0.018904
1.695998e-06	-0.018842
1.697998e-06	-0.01878
1.699998e-06	-0.01878
1.701998e-06	-0.019214
1.703998e-06	-0.019276
1.705998e-06	-0.01909
1.707998e-06	-0.019028
1.709998e-06	-0.019152
1.711998e-06	-0.018842
1.713998e-06	-0.018718
1.715998e-06	-0.018532
1.717998e-06	-0.018718
1.719998e-06	-0.018842
1.721998e-06	-0.01878
1.723998e-06	-0.018594
1.725998e-06	-0.018718
1.727998e-06	-0.018594
1.729998e-06	-0.018532
1.731998e-06	-0.018966
1.733998e-06	-0.019524
1.735998e-06	-0.019462
1.737998e-06	-0.019834
1.739998e-06	-0.019772
1.741998e-06	-0.020082
1.743998e-06	-0.02002
1.745998e-06	-0.019958
1.747998e-06	-0.019958
1.749998e-06	-0.02033
1.751998e-06	-0.020206
1.753998e-06	-0.020516
1.755998e-06	-0.019958
1.757998e-06	-0.020268
1.759998e-06	-0.020144
1.761998e-06	-0.020392
1.763998e-06	-0.019958
1.765998e-06	-0.020392
1.767998e-06	-0.020392
1.769998e-06	-0.020454
1.771998e-06	-0.020206
1.773998e-06	-0.020454
1.775998e-06	-0.02033
1.777998e-06	-0.019958
1.779998e-06	-0.019648
1.781998e-06	-0.02033
1.783998e-06	-0.020454
1.785998e-06	-0.02002
1.787998e-06	-0.019834
1.789998e-06	-0.020392
1.791998e-06	-0.020082
1.793998e-06	-0.020392
1.795998e-06	-0.020082
1.797998e-06	-0.020206
1.799998e-06	-0.019772
1.801998e-06	-0.019462
1.803998e-06	-0.018718
1.805998e-06	-0.019214
1.807998e-06	-0.01878
1.809998e-06	-0.01878
1.811998e-06	-0.018656
1.813998e-06	-0.01878
1.815998e-06	-0.018966
1.817998e-06	-0.0194
1.819998e-06	-0.018842
1.821998e-06	-0.01909
1.823998e-06	-0.01909
1.825998e-06	-0.019152
1.827998e-06	-0.018904
1.829998e-06	-0.019152
1.831998e-06	-0.018842
1.833998e-06	-0.01847
1.835998e-06	-0.018408
1.837998e-06	-0.018656
1.839998e-06	-0.01847
1.841998e-06	-0.018284
1.843998e-06	-0.018036
1.845998e-06	-0.01816
1.847998e-06	-0.018098
1.849998e-06	-0.01754
1.851998e-06	-0.017106
1.853998e-06	-0.017106
1.855998e-06	-0.016858
1.857998e-06	-0.016734
1.859998e-06	-0.016734
1.861998e-06	-0.016734
1.863998e-06	-0.016424
1.865998e-06	-0.016734
1.867998e-06	-0.016424
1.869998e-06	-0.01692
1.871998e-06	-0.016672
1.873998e-06	-0.017106
1.875998e-06	-0.017044
1.877998e-06	-0.017106
1.879998e-06	-0.01723
1.881998e-06	-0.017168
1.883998e-06	-0.016734
1.885998e-06	-0.017044
1.887998e-06	-0.016734
1.889998e-06	-0.017106
1.891998e-06	-0.017044
1.893998e-06	-0.017602
1.895998e-06	-0.017416
1.897998e-06	-0.01723
1.899998e-06	-0.017664
1.901998e-06	-0.01785
1.903998e-06	-0.017602
1.905998e-06	-0.017726
1.907998e-06	-0.01754
1.909998e-06	-0.018098
1.911998e-06	-0.017664
1.913998e-06	-0.017416
1.915998e-06	-0.017168
1.917998e-06	-0.017354
1.919998e-06	-0.017354
1.921998e-06	-0.017354
1.923998e-06	-0.01723
1.925998e-06	-0.017726
1.927998e-06	-0.017292
1.929998e-06	-0.01723
1.931998e-06	-0.017168
1.933998e-06	-0.017354
1.935998e-06	-0.017168
1.937998e-06	-0.017788
1.939998e-06	-0.017788
1.941998e-06	-0.01785
1.943998e-06	-0.018098
1.945998e-06	-0.018036
1.947998e-06	-0.017664
1.949998e-06	-0.017602
1.951998e-06	-0.017602
1.953998e-06	-0.017602
1.955998e-06	-0.01754
1.957998e-06	-0.017602
1.959998e-06	-0.01754
1.961998e-06	-0.017478
1.963998e-06	-0.017354
1.965998e-06	-0.017664
1.967998e-06	-0.017664
1.969998e-06	-0.017664
1.971998e-06	-0.01754
1.973998e-06	-0.017912
1.975998e-06	-0.017912
1.977998e-06	-0.017292
1.979998e-06	-0.017168
1.981998e-06	-0.017788
1.983998e-06	-0.017602
1.985998e-06	-0.017912
1.987998e-06	-0.017726
1.989998e-06	-0.01785
1.991998e-06	-0.017478
1.993998e-06	-0.017602
1.995998e-06	-0.017602
1.997998e-06	-0.01785
1.999998e-06	-0.018098
2.001998e-06	-0.018222
2.003998e-06	-0.018284
2.005998e-06	-0.018346
2.007998e-06	-0.01816
2.009998e-06	-0.018346
2.011998e-06	-0.017912
2.013998e-06	-0.018036
2.015998e-06	-0.018036
2.017998e-06	-0.017974
2.019998e-06	-0.017602
2.021998e-06	-0.018284
2.023998e-06	-0.017664
2.025998e-06	-0.01754
2.027998e-06	-0.017416
2.029998e-06	-0.018036
2.031998e-06	-0.017478
2.033998e-06	-0.017292
2.035998e-06	-0.017292
2.037998e-06	-0.017602
2.039998e-06	-0.017292
2.041998e-06	-0.01692
2.043998e-06	-0.016796
2.045998e-06	-0.01754
2.047998e-06	-0.018036
2.049998e-06	-0.01754
2.051998e-06	-0.017292
2.053998e-06	-0.017974
2.055998e-06	-0.018222
2.057998e-06	-0.017974
2.059998e-06	-0.017664
2.061998e-06	-0.018036
2.063998e-06	-0.018346
2.065998e-06	-0.017974
2.067998e-06	-0.017726
2.069998e-06	-0.018036
2.071998e-06	-0.01847
2.073998e-06	-0.018656
2.075998e-06	-0.01847
2.077998e-06	-0.01878
2.079998e-06	-0.01878
2.081998e-06	-0.018656
2.083998e-06	-0.01847
2.085998e-06	-0.018656
2.087998e-06	-0.018718
2.089998e-06	-0.019152
2.091998e-06	-0.018842
2.093998e-06	-0.018904
2.095998e-06	-0.018904
2.097998e-06	-0.01878
2.099998e-06	-0.018966
2.101998e-06	-0.01971
2.103998e-06	-0.0194
2.105998e-06	-0.01971
2.107998e-06	-0.019462
2.109998e-06	-0.019648
2.111998e-06	-0.019214
2.113998e-06	-0.019338
2.115998e-06	-0.01878
2.117998e-06	-0.019586
2.119998e-06	-0.019276
2.121998e-06	-0.019648
2.123998e-06	-0.019028
2.125998e-06	-0.019338
2.127998e-06	-0.019028
2.129998e-06	-0.018718
2.131998e-06	-0.018718
2.133998e-06	-0.018904
2.135998e-06	-0.018904
2.137998e-06	-0.019028
2.139998e-06	-0.018718
2.141998e-06	-0.018966
2.143998e-06	-0.019648
2.145998e-06	-0.019338
2.147998e-06	-0.019214
2.149998e-06	-0.02002
2.151998e-06	-0.019462
2.153998e-06	-0.019524
2.155998e-06	-0.019214
2.157998e-06	-0.019648
2.159998e-06	-0.019648
2.161998e-06	-0.019524
2.163998e-06	-0.019028
2.165998e-06	-0.0194
2.167998e-06	-0.0194
2.169998e-06	-0.019524
2.171998e-06	-0.019958
2.173998e-06	-0.020082
2.175998e-06	-0.02033
2.177998e-06	-0.020144
2.179998e-06	-0.019896
2.181998e-06	-0.020702
2.183998e-06	-0.020764
2.185998e-06	-0.020702
2.187998e-06	-0.02064
2.189998e-06	-0.02095
2.191998e-06	-0.020764
2.193998e-06	-0.020516
2.195998e-06	-0.020764
2.197998e-06	-0.020702
2.199998e-06	-0.020826
2.201998e-06	-0.020516
2.203998e-06	-0.02033
2.205998e-06	-0.020888
2.207998e-06	-0.020702
2.209998e-06	-0.02064
2.211998e-06	-0.020392
2.213998e-06	-0.020702
2.215998e-06	-0.020578
2.217998e-06	-0.020702
2.219998e-06	-0.02064
2.221998e-06	-0.021074
2.223998e-06	-0.020888
2.225998e-06	-0.021074
2.227998e-06	-0.020888
2.229998e-06	-0.021322
2.231998e-06	-0.020888
2.233998e-06	-0.020826
2.235998e-06	-0.02064
2.237998e-06	-0.021446
2.239998e-06	-0.021508
2.241998e-06	-0.021384
2.243998e-06	-0.021136
2.245998e-06	-0.021446
2.247998e-06	-0.021198
2.249998e-06	-0.020888
2.251998e-06	-0.021012
2.253998e-06	-0.02157
2.255998e-06	-0.021384
2.257998e-06	-0.02064
2.259998e-06	-0.020454
2.261998e-06	-0.02064
2.263998e-06	-0.020144
2.265998e-06	-0.019834
2.267998e-06	-0.01909
2.269998e-06	-0.019214
2.271998e-06	-0.018966
2.273998e-06	-0.01878
2.275998e-06	-0.018594
2.277998e-06	-0.01816
2.279998e-06	-0.017974
2.281998e-06	-0.017974
2.283998e-06	-0.017912
2.285998e-06	-0.018098
2.287998e-06	-0.018284
2.289998e-06	-0.018222
2.291998e-06	-0.017664
2.293998e-06	-0.018036
2.295998e-06	-0.017912
2.297998e-06	-0.017602
2.299998e-06	-0.017292
2.301998e-06	-0.01785
2.303998e-06	-0.01754
2.305998e-06	-0.01754
2.307998e-06	-0.017416
2.309998e-06	-0.017912
2.311998e-06	-0.018222
2.313998e-06	-0.018036
2.315998e-06	-0.018098
2.317998e-06	-0.018284
2.319998e-06	-0.017726
2.321998e-06	-0.01785
2.323998e-06	-0.018036
2.325998e-06	-0.01847
2.327998e-06	-0.018532
2.329998e-06	-0.018222
2.331998e-06	-0.018284
2.333998e-06	-0.018594
2.335998e-06	-0.01847
2.337998e-06	-0.018284
2.339998e-06	-0.018532
2.341998e-06	-0.018532
2.343998e-06	-0.01878
2.345998e-06	-0.018842
2.347998e-06	-0.018594
2.349998e-06	-0.01847
2.351998e-06	-0.018718
2.353998e-06	-0.018842
2.355998e-06	-0.018346
2.357998e-06	-0.018594
2.359998e-06	-0.018346
2.361998e-06	-0.018346
2.363998e-06	-0.018346
2.365998e-06	-0.018594
2.367998e-06	-0.018284
2.369998e-06	-0.018284
2.371998e-06	-0.018098
2.373998e-06	-0.01847
2.375998e-06	-0.018408
2.377998e-06	-0.018532
2.379998e-06	-0.018408
2.381998e-06	-0.018408
2.383998e-06	-0.018222
2.385998e-06	-0.017974
2.387998e-06	-0.018284
2.389998e-06	-0.018222
2.391998e-06	-0.01816
2.393998e-06	-0.018532
2.395998e-06	-0.018284
2.397998e-06	-0.01847
2.399998e-06	-0.017788
2.401998e-06	-0.017974
2.403998e-06	-0.017726
2.405998e-06	-0.018098
2.407998e-06	-0.017106
2.409998e-06	-0.017664
2.411998e-06	-0.017726
2.413998e-06	-0.018284
2.415998e-06	-0.018284
2.417998e-06	-0.018346
2.419998e-06	-0.018408
2.421998e-06	-0.01878
2.423998e-06	-0.01878
2.425998e-06	-0.018594
2.427998e-06	-0.018284
2.429998e-06	-0.018408
2.431998e-06	-0.01847
2.433998e-06	-0.018594
2.435998e-06	-0.01847
2.437998e-06	-0.01878
2.439998e-06	-0.018656
2.441998e-06	-0.019214
2.443998e-06	-0.019028
2.445998e-06	-0.019152
2.447998e-06	-0.01909
2.449998e-06	-0.019214
2.451998e-06	-0.01909
2.453998e-06	-0.01971
2.455998e-06	-0.019586
2.457998e-06	-0.01971
2.459998e-06	-0.019896
2.461998e-06	-0.02002
2.463998e-06	-0.020144
2.465998e-06	-0.020454
2.467998e-06	-0.02033
2.469998e-06	-0.020764
2.471998e-06	-0.02033
2.473998e-06	-0.019958
2.475998e-06	-0.020082
2.477998e-06	-0.020702
2.479998e-06	-0.020826
2.481998e-06	-0.02064
2.483998e-06	-0.020392
2.485998e-06	-0.021322
2.487998e-06	-0.021446
2.489998e-06	-0.021012
2.491998e-06	-0.02064
2.493998e-06	-0.020826
2.495998e-06	-0.02126
2.497998e-06	-0.021136
2.499998e-06	-0.021012
2.501998e-06	-0.021136
2.503998e-06	-0.02064
2.505998e-06	-0.02064
2.507998e-06	-0.02033
2.509998e-06	-0.02064
2.511998e-06	-0.020144
