LECROYHDO6104A	50809	Waveform
Segments	1	SegmentSize	2502
Segment	TrigTime	TimeSinceSegment1
#1	19-Dec-2022 19:34:21	0                 
Time	Ampl
-2.501814e-06	-0.02659
-2.499814e-06	-0.02757
-2.497814e-06	-0.02561
-2.495814e-06	-0.02659
-2.493814e-06	-0.02512
-2.491814e-06	-0.0261
-2.489814e-06	-0.0261
-2.487814e-06	-0.02708
-2.485814e-06	-0.02414
-2.483814e-06	-0.02708
-2.481814e-06	-0.02561
-2.479814e-06	-0.02708
-2.477814e-06	-0.02757
-2.475814e-06	-0.02561
-2.473814e-06	-0.02708
-2.471814e-06	-0.02806
-2.469814e-06	-0.02512
-2.467814e-06	-0.02463
-2.465814e-06	-0.02414
-2.463814e-06	-0.02855
-2.461814e-06	-0.02414
-2.459814e-06	-0.02512
-2.457814e-06	-0.0261
-2.455814e-06	-0.02953
-2.453814e-06	-0.02365
-2.451814e-06	-0.02659
-2.449814e-06	-0.02708
-2.447814e-06	-0.02659
-2.445814e-06	-0.02316
-2.443814e-06	-0.02708
-2.441814e-06	-0.02708
-2.439814e-06	-0.02512
-2.437814e-06	-0.02512
-2.435814e-06	-0.0261
-2.433814e-06	-0.02463
-2.431814e-06	-0.02659
-2.429814e-06	-0.0261
-2.427814e-06	-0.02904
-2.425814e-06	-0.02659
-2.423814e-06	-0.02855
-2.421814e-06	-0.02806
-2.419814e-06	-0.02463
-2.417814e-06	-0.02708
-2.415814e-06	-0.02806
-2.413814e-06	-0.02659
-2.411814e-06	-0.02463
-2.409814e-06	-0.02512
-2.407814e-06	-0.02708
-2.405814e-06	-0.02953
-2.403814e-06	-0.02855
-2.401814e-06	-0.02855
-2.399814e-06	-0.02708
-2.397814e-06	-0.02659
-2.395814e-06	-0.0261
-2.393814e-06	-0.02806
-2.391814e-06	-0.02806
-2.389814e-06	-0.0261
-2.387814e-06	-0.02806
-2.385814e-06	-0.02708
-2.383814e-06	-0.02806
-2.381814e-06	-0.02659
-2.379814e-06	-0.02855
-2.377814e-06	-0.0261
-2.375814e-06	-0.02855
-2.373814e-06	-0.02757
-2.371814e-06	-0.03002
-2.369814e-06	-0.0261
-2.367814e-06	-0.02806
-2.365814e-06	-0.02561
-2.363814e-06	-0.02757
-2.361814e-06	-0.02904
-2.359814e-06	-0.03002
-2.357814e-06	-0.02708
-2.355814e-06	-0.03002
-2.353814e-06	-0.02953
-2.351814e-06	-0.03247
-2.349814e-06	-0.03002
-2.347814e-06	-0.02757
-2.345814e-06	-0.02904
-2.343814e-06	-0.0261
-2.341814e-06	-0.02806
-2.339814e-06	-0.02855
-2.337814e-06	-0.02855
-2.335814e-06	-0.03149
-2.333814e-06	-0.02708
-2.331814e-06	-0.03002
-2.329814e-06	-0.02855
-2.327814e-06	-0.02806
-2.325814e-06	-0.02806
-2.323814e-06	-0.02855
-2.321814e-06	-0.02708
-2.319814e-06	-0.02904
-2.317814e-06	-0.02904
-2.315814e-06	-0.02757
-2.313814e-06	-0.02904
-2.311814e-06	-0.031
-2.309814e-06	-0.02904
-2.307814e-06	-0.02953
-2.305814e-06	-0.02904
-2.303814e-06	-0.02904
-2.301814e-06	-0.02561
-2.299814e-06	-0.031
-2.297814e-06	-0.031
-2.295814e-06	-0.03149
-2.293814e-06	-0.02757
-2.291814e-06	-0.031
-2.289814e-06	-0.02806
-2.287814e-06	-0.03051
-2.285814e-06	-0.02953
-2.283814e-06	-0.031
-2.281814e-06	-0.03002
-2.279814e-06	-0.03149
-2.277814e-06	-0.02904
-2.275814e-06	-0.02806
-2.273814e-06	-0.02806
-2.271814e-06	-0.03002
-2.269814e-06	-0.02806
-2.267814e-06	-0.03051
-2.265814e-06	-0.02757
-2.263814e-06	-0.03149
-2.261814e-06	-0.02708
-2.259814e-06	-0.02757
-2.257814e-06	-0.03002
-2.255814e-06	-0.02953
-2.253814e-06	-0.02855
-2.251814e-06	-0.02855
-2.249814e-06	-0.02904
-2.247814e-06	-0.02904
-2.245814e-06	-0.02708
-2.243814e-06	-0.02953
-2.241814e-06	-0.02806
-2.239814e-06	-0.02806
-2.237814e-06	-0.02512
-2.235814e-06	-0.02806
-2.233814e-06	-0.02463
-2.231814e-06	-0.02659
-2.229814e-06	-0.02708
-2.227814e-06	-0.03051
-2.225814e-06	-0.02757
-2.223814e-06	-0.03002
-2.221814e-06	-0.02708
-2.219814e-06	-0.02708
-2.217814e-06	-0.02463
-2.215814e-06	-0.02806
-2.213814e-06	-0.02708
-2.211814e-06	-0.02659
-2.209814e-06	-0.02561
-2.207814e-06	-0.02757
-2.205814e-06	-0.02561
-2.203814e-06	-0.0261
-2.201814e-06	-0.0261
-2.199814e-06	-0.02659
-2.197814e-06	-0.02806
-2.195814e-06	-0.02708
-2.193814e-06	-0.02414
-2.191814e-06	-0.02806
-2.189814e-06	-0.02365
-2.187814e-06	-0.02806
-2.185814e-06	-0.02512
-2.183814e-06	-0.02512
-2.181814e-06	-0.02512
-2.179814e-06	-0.02659
-2.177814e-06	-0.02659
-2.175814e-06	-0.02561
-2.173814e-06	-0.02365
-2.171814e-06	-0.02512
-2.169814e-06	-0.02463
-2.167814e-06	-0.02855
-2.165814e-06	-0.02218
-2.163814e-06	-0.02463
-2.161814e-06	-0.02365
-2.159814e-06	-0.02757
-2.157814e-06	-0.02414
-2.155814e-06	-0.02414
-2.153814e-06	-0.02267
-2.151814e-06	-0.02659
-2.149814e-06	-0.02316
-2.147814e-06	-0.02659
-2.145814e-06	-0.02267
-2.143814e-06	-0.02218
-2.141814e-06	-0.02463
-2.139814e-06	-0.02512
-2.137814e-06	-0.02071
-2.135814e-06	-0.02316
-2.133814e-06	-0.02169
-2.131814e-06	-0.02463
-2.129814e-06	-0.02365
-2.127814e-06	-0.02316
-2.125814e-06	-0.02022
-2.123814e-06	-0.02267
-2.121814e-06	-0.02365
-2.119814e-06	-0.02316
-2.117814e-06	-0.01924
-2.115814e-06	-0.02365
-2.113814e-06	-0.0163
-2.111814e-06	-0.01973
-2.109814e-06	-0.02071
-2.107814e-06	-0.02512
-2.105814e-06	-0.01973
-2.103814e-06	-0.02365
-2.101814e-06	-0.02169
-2.099814e-06	-0.02365
-2.097814e-06	-0.02267
-2.095814e-06	-0.02463
-2.093814e-06	-0.02365
-2.091814e-06	-0.0261
-2.089814e-06	-0.02267
-2.087814e-06	-0.02414
-2.085814e-06	-0.02365
-2.083814e-06	-0.02463
-2.081814e-06	-0.02267
-2.079814e-06	-0.02512
-2.077814e-06	-0.02512
-2.075814e-06	-0.0261
-2.073814e-06	-0.02561
-2.071814e-06	-0.0261
-2.069814e-06	-0.02414
-2.067814e-06	-0.02463
-2.065814e-06	-0.02365
-2.063814e-06	-0.0261
-2.061814e-06	-0.02561
-2.059814e-06	-0.0261
-2.057814e-06	-0.02757
-2.055814e-06	-0.02904
-2.053814e-06	-0.02708
-2.051814e-06	-0.0261
-2.049814e-06	-0.02561
-2.047814e-06	-0.02561
-2.045814e-06	-0.02659
-2.043814e-06	-0.02561
-2.041814e-06	-0.02806
-2.039814e-06	-0.03296
-2.037814e-06	-0.02953
-2.035814e-06	-0.02708
-2.033814e-06	-0.0261
-2.031814e-06	-0.02806
-2.029814e-06	-0.02512
-2.027814e-06	-0.02806
-2.025814e-06	-0.02806
-2.023814e-06	-0.02757
-2.021814e-06	-0.02561
-2.019814e-06	-0.02659
-2.017814e-06	-0.02806
-2.015814e-06	-0.0261
-2.013814e-06	-0.0261
-2.011814e-06	-0.02659
-2.009814e-06	-0.02806
-2.007814e-06	-0.02904
-2.005814e-06	-0.02659
-2.003814e-06	-0.02708
-2.001814e-06	-0.02904
-1.999814e-06	-0.02904
-1.997814e-06	-0.02806
-1.995814e-06	-0.02659
-1.993814e-06	-0.02855
-1.991814e-06	-0.03051
-1.989814e-06	-0.02708
-1.987814e-06	-0.03002
-1.985814e-06	-0.0261
-1.983814e-06	-0.03051
-1.981814e-06	-0.02806
-1.979814e-06	-0.03002
-1.977814e-06	-0.02904
-1.975814e-06	-0.031
-1.973814e-06	-0.02659
-1.971814e-06	-0.02659
-1.969814e-06	-0.02855
-1.967814e-06	-0.02904
-1.965814e-06	-0.02904
-1.963814e-06	-0.03002
-1.961814e-06	-0.02659
-1.959814e-06	-0.02855
-1.957814e-06	-0.02757
-1.955814e-06	-0.02757
-1.953814e-06	-0.02806
-1.951814e-06	-0.03002
-1.949814e-06	-0.02708
-1.947814e-06	-0.03002
-1.945814e-06	-0.02659
-1.943814e-06	-0.02659
-1.941814e-06	-0.02561
-1.939814e-06	-0.02806
-1.937814e-06	-0.02904
-1.935814e-06	-0.02904
-1.933814e-06	-0.0261
-1.931814e-06	-0.02708
-1.929814e-06	-0.02414
-1.927814e-06	-0.02855
-1.925814e-06	-0.0261
-1.923814e-06	-0.02512
-1.921814e-06	-0.02218
-1.919814e-06	-0.02708
-1.917814e-06	-0.02316
-1.915814e-06	-0.02218
-1.913814e-06	-0.02022
-1.911814e-06	-0.0212
-1.909814e-06	-0.02071
-1.907814e-06	-0.0212
-1.905814e-06	-0.0212
-1.903814e-06	-0.02365
-1.901814e-06	-0.02022
-1.899814e-06	-0.02169
-1.897814e-06	-0.02218
-1.895814e-06	-0.02218
-1.893814e-06	-0.0212
-1.891814e-06	-0.02267
-1.889814e-06	-0.02071
-1.887814e-06	-0.02463
-1.885814e-06	-0.02316
-1.883814e-06	-0.02267
-1.881814e-06	-0.02316
-1.879814e-06	-0.02708
-1.877814e-06	-0.02218
-1.875814e-06	-0.02316
-1.873814e-06	-0.02169
-1.871814e-06	-0.02561
-1.869814e-06	-0.02267
-1.867814e-06	-0.02365
-1.865814e-06	-0.02316
-1.863814e-06	-0.02463
-1.861814e-06	-0.02512
-1.859814e-06	-0.02414
-1.857814e-06	-0.02316
-1.855814e-06	-0.02708
-1.853814e-06	-0.02708
-1.851814e-06	-0.0261
-1.849814e-06	-0.02463
-1.847814e-06	-0.02365
-1.845814e-06	-0.0261
-1.843814e-06	-0.02414
-1.841814e-06	-0.02561
-1.839814e-06	-0.02561
-1.837814e-06	-0.02561
-1.835814e-06	-0.02414
-1.833814e-06	-0.02561
-1.831814e-06	-0.02757
-1.829814e-06	-0.02659
-1.827814e-06	-0.02757
-1.825814e-06	-0.02414
-1.823814e-06	-0.02757
-1.821814e-06	-0.02365
-1.819814e-06	-0.02806
-1.817814e-06	-0.02708
-1.815814e-06	-0.02757
-1.813814e-06	-0.02806
-1.811814e-06	-0.02659
-1.809814e-06	-0.0261
-1.807814e-06	-0.02512
-1.805814e-06	-0.02463
-1.803814e-06	-0.02708
-1.801814e-06	-0.02512
-1.799814e-06	-0.02659
-1.797814e-06	-0.02561
-1.795814e-06	-0.02806
-1.793814e-06	-0.02659
-1.791814e-06	-0.02855
-1.789814e-06	-0.02757
-1.787814e-06	-0.02561
-1.785814e-06	-0.0261
-1.783814e-06	-0.02708
-1.781814e-06	-0.02806
-1.779814e-06	-0.0261
-1.777814e-06	-0.02953
-1.775814e-06	-0.02757
-1.773814e-06	-0.02757
-1.771814e-06	-0.02904
-1.769814e-06	-0.02659
-1.767814e-06	-0.02757
-1.765814e-06	-0.02757
-1.763814e-06	-0.02953
-1.761814e-06	-0.02806
-1.759814e-06	-0.031
-1.757814e-06	-0.02757
-1.755814e-06	-0.0261
-1.753814e-06	-0.02904
-1.751814e-06	-0.03051
-1.749814e-06	-0.0261
-1.747814e-06	-0.02806
-1.745814e-06	-0.02708
-1.743814e-06	-0.03002
-1.741814e-06	-0.02855
-1.739814e-06	-0.03051
-1.737814e-06	-0.02708
-1.735814e-06	-0.02953
-1.733814e-06	-0.02806
-1.731814e-06	-0.02904
-1.729814e-06	-0.02904
-1.727814e-06	-0.031
-1.725814e-06	-0.02708
-1.723814e-06	-0.03051
-1.721814e-06	-0.03051
-1.719814e-06	-0.03002
-1.717814e-06	-0.02855
-1.715814e-06	-0.02757
-1.713814e-06	-0.02757
-1.711814e-06	-0.03002
-1.709814e-06	-0.02953
-1.707814e-06	-0.02757
-1.705814e-06	-0.02855
-1.703814e-06	-0.03051
-1.701814e-06	-0.02904
-1.699814e-06	-0.031
-1.697814e-06	-0.02806
-1.695814e-06	-0.03149
-1.693814e-06	-0.02708
-1.691814e-06	-0.02953
-1.689814e-06	-0.03051
-1.687814e-06	-0.03051
-1.685814e-06	-0.02953
-1.683814e-06	-0.02953
-1.681814e-06	-0.02953
-1.679814e-06	-0.03051
-1.677814e-06	-0.02757
-1.675814e-06	-0.03002
-1.673814e-06	-0.03002
-1.671814e-06	-0.02904
-1.669814e-06	-0.02855
-1.667814e-06	-0.02855
-1.665814e-06	-0.02512
-1.663814e-06	-0.02953
-1.661814e-06	-0.03002
-1.659814e-06	-0.03198
-1.657814e-06	-0.03051
-1.655814e-06	-0.03002
-1.653814e-06	-0.02855
-1.651814e-06	-0.02953
-1.649814e-06	-0.02953
-1.647814e-06	-0.031
-1.645814e-06	-0.02904
-1.643814e-06	-0.02708
-1.641814e-06	-0.02659
-1.639814e-06	-0.02904
-1.637814e-06	-0.02757
-1.635814e-06	-0.02806
-1.633814e-06	-0.03002
-1.631814e-06	-0.03002
-1.629814e-06	-0.02855
-1.627814e-06	-0.02757
-1.625814e-06	-0.03002
-1.623814e-06	-0.03002
-1.621814e-06	-0.031
-1.619814e-06	-0.02953
-1.617814e-06	-0.02904
-1.615814e-06	-0.02904
-1.613814e-06	-0.02757
-1.611814e-06	-0.02855
-1.609814e-06	-0.02855
-1.607814e-06	-0.02953
-1.605814e-06	-0.02757
-1.603814e-06	-0.02855
-1.601814e-06	-0.02708
-1.599814e-06	-0.02806
-1.597814e-06	-0.02806
-1.595814e-06	-0.02757
-1.593814e-06	-0.02806
-1.591814e-06	-0.031
-1.589814e-06	-0.03051
-1.587814e-06	-0.03051
-1.585814e-06	-0.02953
-1.583814e-06	-0.03051
-1.581814e-06	-0.02659
-1.579814e-06	-0.02855
-1.577814e-06	-0.02708
-1.575814e-06	-0.02953
-1.573814e-06	-0.02953
-1.571814e-06	-0.02855
-1.569814e-06	-0.02561
-1.567814e-06	-0.03002
-1.565814e-06	-0.02953
-1.563814e-06	-0.031
-1.561814e-06	-0.02855
-1.559814e-06	-0.03002
-1.557814e-06	-0.02806
-1.555814e-06	-0.02561
-1.553814e-06	-0.02806
-1.551814e-06	-0.03002
-1.549814e-06	-0.02708
-1.547814e-06	-0.03051
-1.545814e-06	-0.02953
-1.543814e-06	-0.02806
-1.541814e-06	-0.02904
-1.539814e-06	-0.02904
-1.537814e-06	-0.02463
-1.535814e-06	-0.02953
-1.533814e-06	-0.02806
-1.531814e-06	-0.02806
-1.529814e-06	-0.02953
-1.527814e-06	-0.03051
-1.525814e-06	-0.02757
-1.523814e-06	-0.02659
-1.521814e-06	-0.02757
-1.519814e-06	-0.02806
-1.517814e-06	-0.02757
-1.515814e-06	-0.02659
-1.513814e-06	-0.02806
-1.511814e-06	-0.02953
-1.509814e-06	-0.02414
-1.507814e-06	-0.02708
-1.505814e-06	-0.02659
-1.503814e-06	-0.031
-1.501814e-06	-0.02708
-1.499814e-06	-0.02708
-1.497814e-06	-0.02757
-1.495814e-06	-0.02904
-1.493814e-06	-0.02904
-1.491814e-06	-0.02806
-1.489814e-06	-0.02708
-1.487814e-06	-0.02953
-1.485814e-06	-0.02757
-1.483814e-06	-0.02659
-1.481814e-06	-0.02659
-1.479814e-06	-0.02904
-1.477814e-06	-0.02512
-1.475814e-06	-0.02463
-1.473814e-06	-0.02365
-1.471814e-06	-0.02806
-1.469814e-06	-0.02365
-1.467814e-06	-0.0261
-1.465814e-06	-0.02463
-1.463814e-06	-0.02708
-1.461814e-06	-0.02316
-1.459814e-06	-0.02512
-1.457814e-06	-0.02414
-1.455814e-06	-0.0261
-1.453814e-06	-0.02561
-1.451814e-06	-0.02561
-1.449814e-06	-0.02316
-1.447814e-06	-0.02561
-1.445814e-06	-0.02365
-1.443814e-06	-0.0212
-1.441814e-06	-0.02316
-1.439814e-06	-0.02708
-1.437814e-06	-0.02561
-1.435814e-06	-0.02561
-1.433814e-06	-0.02463
-1.431814e-06	-0.02806
-1.429814e-06	-0.02365
-1.427814e-06	-0.02512
-1.425814e-06	-0.02561
-1.423814e-06	-0.02953
-1.421814e-06	-0.02316
-1.419814e-06	-0.02512
-1.417814e-06	-0.02561
-1.415814e-06	-0.031
-1.413814e-06	-0.02365
-1.411814e-06	-0.02757
-1.409814e-06	-0.02414
-1.407814e-06	-0.02904
-1.405814e-06	-0.02365
-1.403814e-06	-0.02365
-1.401814e-06	-0.0261
-1.399814e-06	-0.02806
-1.397814e-06	-0.0261
-1.395814e-06	-0.02463
-1.393814e-06	-0.02512
-1.391814e-06	-0.02708
-1.389814e-06	-0.02708
-1.387814e-06	-0.02708
-1.385814e-06	-0.02365
-1.383814e-06	-0.02904
-1.381814e-06	-0.02365
-1.379814e-06	-0.02855
-1.377814e-06	-0.02855
-1.375814e-06	-0.02806
-1.373814e-06	-0.0261
-1.371814e-06	-0.02561
-1.369814e-06	-0.02463
-1.367814e-06	-0.02512
-1.365814e-06	-0.02463
-1.363814e-06	-0.02365
-1.361814e-06	-0.02806
-1.359814e-06	-0.0261
-1.357814e-06	-0.02708
-1.355814e-06	-0.02659
-1.353814e-06	-0.02267
-1.351814e-06	-0.02561
-1.349814e-06	-0.02022
-1.347814e-06	-0.02414
-1.345814e-06	-0.02757
-1.343814e-06	-0.02708
-1.341814e-06	-0.02365
-1.339814e-06	-0.0261
-1.337814e-06	-0.02708
-1.335814e-06	-0.02953
-1.333814e-06	-0.02659
-1.331814e-06	-0.02953
-1.329814e-06	-0.02561
-1.327814e-06	-0.02757
-1.325814e-06	-0.0261
-1.323814e-06	-0.02659
-1.321814e-06	-0.02708
-1.319814e-06	-0.02953
-1.317814e-06	-0.02659
-1.315814e-06	-0.02561
-1.313814e-06	-0.02904
-1.311814e-06	-0.02659
-1.309814e-06	-0.0261
-1.307814e-06	-0.0261
-1.305814e-06	-0.02708
-1.303814e-06	-0.02904
-1.301814e-06	-0.02806
-1.299814e-06	-0.02757
-1.297814e-06	-0.0261
-1.295814e-06	-0.03002
-1.293814e-06	-0.0261
-1.291814e-06	-0.02806
-1.289814e-06	-0.02904
-1.287814e-06	-0.031
-1.285814e-06	-0.02855
-1.283814e-06	-0.03296
-1.281814e-06	-0.02806
-1.279814e-06	-0.03149
-1.277814e-06	-0.02708
-1.275814e-06	-0.02561
-1.273814e-06	-0.02561
-1.271814e-06	-0.02855
-1.269814e-06	-0.02855
-1.267814e-06	-0.02708
-1.265814e-06	-0.02806
-1.263814e-06	-0.02806
-1.261814e-06	-0.02561
-1.259814e-06	-0.02659
-1.257814e-06	-0.02561
-1.255814e-06	-0.02659
-1.253814e-06	-0.02904
-1.251814e-06	-0.0261
-1.249814e-06	-0.0261
-1.247814e-06	-0.02757
-1.245814e-06	-0.02659
-1.243814e-06	-0.0261
-1.241814e-06	-0.02561
-1.239814e-06	-0.02757
-1.237814e-06	-0.02904
-1.235814e-06	-0.02757
-1.233814e-06	-0.02757
-1.231814e-06	-0.0261
-1.229814e-06	-0.02463
-1.227814e-06	-0.02512
-1.225814e-06	-0.0261
-1.223814e-06	-0.02512
-1.221814e-06	-0.02757
-1.219814e-06	-0.02855
-1.217814e-06	-0.02806
-1.215814e-06	-0.02561
-1.213814e-06	-0.02659
-1.211814e-06	-0.02561
-1.209814e-06	-0.02708
-1.207814e-06	-0.02659
-1.205814e-06	-0.02659
-1.203814e-06	-0.02708
-1.201814e-06	-0.02561
-1.199814e-06	-0.03002
-1.197814e-06	-0.02855
-1.195814e-06	-0.02659
-1.193814e-06	-0.0261
-1.191814e-06	-0.02806
-1.189814e-06	-0.0261
-1.187814e-06	-0.02659
-1.185814e-06	-0.02659
-1.183814e-06	-0.02855
-1.181814e-06	-0.0261
-1.179814e-06	-0.02757
-1.177814e-06	-0.02365
-1.175814e-06	-0.0261
-1.173814e-06	-0.02561
-1.171814e-06	-0.02708
-1.169814e-06	-0.02512
-1.167814e-06	-0.02659
-1.165814e-06	-0.02267
-1.163814e-06	-0.0261
-1.161814e-06	-0.02512
-1.159814e-06	-0.02757
-1.157814e-06	-0.02561
-1.155814e-06	-0.02708
-1.153814e-06	-0.02463
-1.151814e-06	-0.02708
-1.149814e-06	-0.02659
-1.147814e-06	-0.02708
-1.145814e-06	-0.02463
-1.143814e-06	-0.0261
-1.141814e-06	-0.02659
-1.139814e-06	-0.02708
-1.137814e-06	-0.02463
-1.135814e-06	-0.02659
-1.133814e-06	-0.02806
-1.131814e-06	-0.02561
-1.129814e-06	-0.02365
-1.127814e-06	-0.02414
-1.125814e-06	-0.02316
-1.123814e-06	-0.02414
-1.121814e-06	-0.02463
-1.119814e-06	-0.02757
-1.117814e-06	-0.02512
-1.115814e-06	-0.02022
-1.113814e-06	-0.02316
-1.111814e-06	-0.02708
-1.109814e-06	-0.02512
-1.107814e-06	-0.02267
-1.105814e-06	-0.02071
-1.103814e-06	-0.02512
-1.101814e-06	-0.02561
-1.099814e-06	-0.02512
-1.097814e-06	-0.02316
-1.095814e-06	-0.02512
-1.093814e-06	-0.02561
-1.091814e-06	-0.02561
-1.089814e-06	-0.02414
-1.087814e-06	-0.02561
-1.085814e-06	-0.02316
-1.083814e-06	-0.02561
-1.081814e-06	-0.02512
-1.079814e-06	-0.02561
-1.077814e-06	-0.02316
-1.075814e-06	-0.02561
-1.073814e-06	-0.02561
-1.071814e-06	-0.02512
-1.069814e-06	-0.0261
-1.067814e-06	-0.0261
-1.065814e-06	-0.02708
-1.063814e-06	-0.02512
-1.061814e-06	-0.02463
-1.059814e-06	-0.02659
-1.057814e-06	-0.02463
-1.055814e-06	-0.02659
-1.053814e-06	-0.02659
-1.051814e-06	-0.02512
-1.049814e-06	-0.02757
-1.047814e-06	-0.02806
-1.045814e-06	-0.02316
-1.043814e-06	-0.02365
-1.041814e-06	-0.02365
-1.039814e-06	-0.02757
-1.037814e-06	-0.02561
-1.035814e-06	-0.02659
-1.033814e-06	-0.02414
-1.031814e-06	-0.02463
-1.029814e-06	-0.02512
-1.027814e-06	-0.02316
-1.025814e-06	-0.0261
-1.023814e-06	-0.02659
-1.021814e-06	-0.02267
-1.019814e-06	-0.02463
-1.017814e-06	-0.02414
-1.015814e-06	-0.0261
-1.013814e-06	-0.02659
-1.011814e-06	-0.0261
-1.009814e-06	-0.02659
-1.007814e-06	-0.02806
-1.005814e-06	-0.02365
-1.003814e-06	-0.02659
-1.001814e-06	-0.0261
-9.998136e-07	-0.02708
-9.978136e-07	-0.02463
-9.958136e-07	-0.02659
-9.938136e-07	-0.02708
-9.918136e-07	-0.02463
-9.898136e-07	-0.02561
-9.878136e-07	-0.02561
-9.858136e-07	-0.02561
-9.838136e-07	-0.02708
-9.818136e-07	-0.02512
-9.798136e-07	-0.02316
-9.778136e-07	-0.02806
-9.758136e-07	-0.02904
-9.738136e-07	-0.02757
-9.718136e-07	-0.02708
-9.698136e-07	-0.02512
-9.678136e-07	-0.02757
-9.658136e-07	-0.02512
-9.638136e-07	-0.0261
-9.618136e-07	-0.02806
-9.598136e-07	-0.02806
-9.578136e-07	-0.02365
-9.558136e-07	-0.02414
-9.538136e-07	-0.02757
-9.518136e-07	-0.02659
-9.498136e-07	-0.02512
-9.478136e-07	-0.02806
-9.458136e-07	-0.02365
-9.438136e-07	-0.02806
-9.418136e-07	-0.02806
-9.398136e-07	-0.02855
-9.378136e-07	-0.02708
-9.358136e-07	-0.02953
-9.338136e-07	-0.02855
-9.318136e-07	-0.02855
-9.298136e-07	-0.02953
-9.278136e-07	-0.03149
-9.258136e-07	-0.031
-9.238136e-07	-0.02708
-9.218136e-07	-0.02855
-9.198136e-07	-0.03345
-9.178136e-07	-0.02855
-9.158136e-07	-0.02904
-9.138136e-07	-0.02904
-9.118136e-07	-0.03149
-9.098136e-07	-0.02855
-9.078136e-07	-0.02904
-9.058136e-07	-0.03002
-9.038136e-07	-0.03198
-9.018136e-07	-0.02953
-8.998136e-07	-0.03051
-8.978136e-07	-0.03002
-8.958136e-07	-0.03149
-8.938136e-07	-0.02904
-8.918136e-07	-0.02904
-8.898136e-07	-0.02904
-8.878136e-07	-0.02953
-8.858136e-07	-0.02953
-8.838136e-07	-0.02806
-8.818136e-07	-0.02855
-8.798136e-07	-0.02855
-8.778136e-07	-0.02953
-8.758136e-07	-0.02855
-8.738136e-07	-0.02757
-8.718136e-07	-0.02708
-8.698136e-07	-0.02561
-8.678136e-07	-0.02708
-8.658136e-07	-0.03002
-8.638136e-07	-0.02757
-8.618136e-07	-0.02708
-8.598136e-07	-0.02757
-8.578136e-07	-0.02904
-8.558136e-07	-0.02953
-8.538136e-07	-0.02708
-8.518136e-07	-0.02218
-8.498136e-07	-0.02414
-8.478136e-07	-0.02708
-8.458136e-07	-0.02855
-8.438136e-07	-0.02953
-8.418136e-07	-0.02512
-8.398136e-07	-0.02463
-8.378136e-07	-0.0261
-8.358136e-07	-0.02904
-8.338136e-07	-0.02757
-8.318136e-07	-0.0261
-8.298136e-07	-0.02512
-8.278136e-07	-0.02708
-8.258136e-07	-0.02708
-8.238136e-07	-0.02512
-8.218136e-07	-0.02316
-8.198136e-07	-0.02365
-8.178136e-07	-0.02463
-8.158136e-07	-0.02414
-8.138136e-07	-0.02316
-8.118136e-07	-0.02365
-8.098136e-07	-0.0261
-8.078136e-07	-0.02708
-8.058136e-07	-0.02512
-8.038136e-07	-0.02659
-8.018136e-07	-0.02806
-7.998136e-07	-0.02855
-7.978136e-07	-0.02561
-7.958136e-07	-0.02414
-7.938136e-07	-0.02316
-7.918136e-07	-0.02806
-7.898136e-07	-0.02512
-7.878136e-07	-0.02463
-7.858136e-07	-0.02365
-7.838136e-07	-0.0261
-7.818136e-07	-0.02267
-7.798136e-07	-0.02365
-7.778136e-07	-0.02512
-7.758136e-07	-0.02512
-7.738136e-07	-0.02512
-7.718136e-07	-0.02316
-7.698136e-07	-0.02561
-7.678136e-07	-0.02806
-7.658136e-07	-0.02316
-7.638136e-07	-0.02512
-7.618136e-07	-0.02414
-7.598136e-07	-0.02659
-7.578136e-07	-0.02365
-7.558136e-07	-0.02218
-7.538136e-07	-0.02512
-7.518136e-07	-0.02806
-7.498136e-07	-0.02561
-7.478136e-07	-0.02414
-7.458136e-07	-0.02757
-7.438136e-07	-0.02904
-7.418136e-07	-0.02414
-7.398136e-07	-0.02659
-7.378136e-07	-0.02561
-7.358136e-07	-0.02904
-7.338136e-07	-0.02414
-7.318136e-07	-0.02904
-7.298136e-07	-0.02659
-7.278136e-07	-0.02855
-7.258136e-07	-0.02561
-7.238136e-07	-0.02561
-7.218136e-07	-0.02365
-7.198136e-07	-0.02512
-7.178136e-07	-0.02414
-7.158136e-07	-0.02414
-7.138136e-07	-0.02512
-7.118136e-07	-0.02757
-7.098136e-07	-0.02267
-7.078136e-07	-0.02757
-7.058136e-07	-0.02855
-7.038136e-07	-0.02757
-7.018136e-07	-0.02463
-6.998136e-07	-0.02512
-6.978136e-07	-0.02659
-6.958136e-07	-0.02806
-6.938136e-07	-0.02463
-6.918136e-07	-0.02757
-6.898136e-07	-0.02414
-6.878136e-07	-0.02659
-6.858136e-07	-0.02365
-6.838136e-07	-0.02708
-6.818136e-07	-0.0261
-6.798136e-07	-0.02855
-6.778136e-07	-0.02414
-6.758136e-07	-0.02659
-6.738136e-07	-0.02463
-6.718136e-07	-0.02414
-6.698136e-07	-0.0261
-6.678136e-07	-0.02659
-6.658136e-07	-0.02512
-6.638136e-07	-0.02708
-6.618136e-07	-0.02561
-6.598136e-07	-0.02855
-6.578136e-07	-0.02463
-6.558136e-07	-0.02904
-6.538136e-07	-0.02904
-6.518136e-07	-0.02757
-6.498136e-07	-0.02757
-6.478136e-07	-0.02855
-6.458136e-07	-0.02512
-6.438136e-07	-0.02512
-6.418136e-07	-0.0261
-6.398136e-07	-0.02904
-6.378136e-07	-0.02757
-6.358136e-07	-0.02757
-6.338136e-07	-0.02561
-6.318136e-07	-0.0261
-6.298136e-07	-0.02708
-6.278136e-07	-0.02708
-6.258136e-07	-0.02512
-6.238136e-07	-0.02512
-6.218136e-07	-0.02561
-6.198136e-07	-0.02365
-6.178136e-07	-0.02512
-6.158136e-07	-0.02757
-6.138136e-07	-0.0261
-6.118136e-07	-0.02463
-6.098136e-07	-0.02561
-6.078136e-07	-0.0261
-6.058136e-07	-0.02512
-6.038136e-07	-0.02708
-6.018136e-07	-0.02512
-5.998136e-07	-0.02316
-5.978136e-07	-0.02218
-5.958136e-07	-0.02659
-5.938136e-07	-0.02512
-5.918136e-07	-0.02316
-5.898136e-07	-0.0212
-5.878136e-07	-0.02463
-5.858136e-07	-0.02365
-5.838136e-07	-0.02414
-5.818136e-07	-0.01875
-5.798136e-07	-0.02267
-5.778136e-07	-0.02365
-5.758136e-07	-0.02659
-5.738136e-07	-0.02169
-5.718136e-07	-0.02316
-5.698136e-07	-0.02659
-5.678136e-07	-0.02512
-5.658136e-07	-0.02365
-5.638136e-07	-0.02169
-5.618136e-07	-0.02463
-5.598136e-07	-0.02414
-5.578136e-07	-0.02022
-5.558136e-07	-0.02365
-5.538136e-07	-0.02267
-5.518136e-07	-0.02512
-5.498136e-07	-0.02561
-5.478136e-07	-0.02463
-5.458136e-07	-0.02267
-5.438136e-07	-0.02316
-5.418136e-07	-0.02267
-5.398136e-07	-0.02218
-5.378136e-07	-0.02071
-5.358136e-07	-0.02218
-5.338136e-07	-0.0212
-5.318136e-07	-0.02267
-5.298136e-07	-0.01973
-5.278136e-07	-0.02218
-5.258136e-07	-0.02267
-5.238136e-07	-0.02267
-5.218136e-07	-0.01875
-5.198136e-07	-0.02512
-5.178136e-07	-0.01924
-5.158136e-07	-0.02512
-5.138136e-07	-0.02071
-5.118136e-07	-0.0212
-5.098136e-07	-0.01973
-5.078136e-07	-0.0212
-5.058136e-07	-0.02169
-5.038136e-07	-0.0212
-5.018136e-07	-0.01973
-4.998136e-07	-0.0212
-4.978136e-07	-0.02071
-4.958136e-07	-0.02169
-4.938136e-07	-0.01875
-4.918136e-07	-0.02512
-4.898136e-07	-0.02071
-4.878136e-07	-0.02316
-4.858136e-07	-0.02267
-4.838136e-07	-0.02365
-4.818136e-07	-0.02218
-4.798136e-07	-0.02561
-4.778136e-07	-0.02365
-4.758136e-07	-0.02218
-4.738136e-07	-0.02561
-4.718136e-07	-0.02463
-4.698136e-07	-0.02365
-4.678136e-07	-0.02463
-4.658136e-07	-0.02463
-4.638136e-07	-0.02757
-4.618136e-07	-0.02267
-4.598136e-07	-0.02512
-4.578136e-07	-0.02365
-4.558136e-07	-0.02757
-4.538136e-07	-0.02414
-4.518136e-07	-0.02659
-4.498136e-07	-0.02561
-4.478136e-07	-0.02659
-4.458136e-07	-0.0261
-4.438136e-07	-0.02365
-4.418136e-07	-0.02414
-4.398136e-07	-0.02463
-4.378136e-07	-0.02365
-4.358136e-07	-0.02316
-4.338136e-07	-0.02365
-4.318136e-07	-0.02561
-4.298136e-07	-0.02414
-4.278136e-07	-0.02512
-4.258136e-07	-0.02708
-4.238136e-07	-0.02953
-4.218136e-07	-0.02463
-4.198136e-07	-0.02512
-4.178136e-07	-0.02365
-4.158136e-07	-0.02757
-4.138136e-07	-0.02267
-4.118136e-07	-0.02659
-4.098136e-07	-0.02463
-4.078136e-07	-0.02757
-4.058136e-07	-0.02512
-4.038136e-07	-0.02659
-4.018136e-07	-0.02561
-3.998136e-07	-0.02855
-3.978136e-07	-0.02512
-3.958136e-07	-0.02512
-3.938136e-07	-0.0261
-3.918136e-07	-0.02806
-3.898136e-07	-0.02463
-3.878136e-07	-0.02512
-3.858136e-07	-0.02904
-3.838136e-07	-0.02708
-3.818136e-07	-0.02757
-3.798136e-07	-0.02757
-3.778136e-07	-0.02463
-3.758136e-07	-0.02806
-3.738136e-07	-0.031
-3.718136e-07	-0.02855
-3.698136e-07	-0.02855
-3.678136e-07	-0.03051
-3.658136e-07	-0.02561
-3.638136e-07	-0.02855
-3.618136e-07	-0.02904
-3.598136e-07	-0.02953
-3.578136e-07	-0.02855
-3.558136e-07	-0.03002
-3.538136e-07	-0.02904
-3.518136e-07	-0.031
-3.498136e-07	-0.02708
-3.478136e-07	-0.02659
-3.458136e-07	-0.02855
-3.438136e-07	-0.02855
-3.418136e-07	-0.02904
-3.398136e-07	-0.03051
-3.378136e-07	-0.02855
-3.358136e-07	-0.03002
-3.338136e-07	-0.02855
-3.318136e-07	-0.02757
-3.298136e-07	-0.02659
-3.278136e-07	-0.02855
-3.258136e-07	-0.02659
-3.238136e-07	-0.0261
-3.218136e-07	-0.02708
-3.198136e-07	-0.02708
-3.178136e-07	-0.02855
-3.158136e-07	-0.02855
-3.138136e-07	-0.02463
-3.118136e-07	-0.02806
-3.098136e-07	-0.02512
-3.078136e-07	-0.0261
-3.058136e-07	-0.02806
-3.038136e-07	-0.0261
-3.018136e-07	-0.0261
-2.998136e-07	-0.02953
-2.978136e-07	-0.03051
-2.958136e-07	-0.02904
-2.938136e-07	-0.02806
-2.918136e-07	-0.02708
-2.898136e-07	-0.02561
-2.878136e-07	-0.02708
-2.858136e-07	-0.02708
-2.838136e-07	-0.02757
-2.818136e-07	-0.02659
-2.798136e-07	-0.02953
-2.778136e-07	-0.02708
-2.758136e-07	-0.02659
-2.738136e-07	-0.02659
-2.718136e-07	-0.02806
-2.698136e-07	-0.02414
-2.678136e-07	-0.02806
-2.658136e-07	-0.02512
-2.638136e-07	-0.02414
-2.618136e-07	-0.02463
-2.598136e-07	-0.02463
-2.578136e-07	-0.02463
-2.558136e-07	-0.02316
-2.538136e-07	-0.02512
-2.518136e-07	-0.0261
-2.498136e-07	-0.02414
-2.478136e-07	-0.02708
-2.458136e-07	-0.02414
-2.438136e-07	-0.0261
-2.418136e-07	-0.02463
-2.398136e-07	-0.02561
-2.378136e-07	-0.02659
-2.358136e-07	-0.0261
-2.338136e-07	-0.02316
-2.318136e-07	-0.02659
-2.298136e-07	-0.02561
-2.278136e-07	-0.02463
-2.258136e-07	-0.02512
-2.238136e-07	-0.0261
-2.218136e-07	-0.02267
-2.198136e-07	-0.02365
-2.178136e-07	-0.02365
-2.158136e-07	-0.02659
-2.138136e-07	-0.02463
-2.118136e-07	-0.02561
-2.098136e-07	-0.02512
-2.078136e-07	-0.02561
-2.058136e-07	-0.02806
-2.038136e-07	-0.02512
-2.018136e-07	-0.02561
-1.998136e-07	-0.02757
-1.978136e-07	-0.02414
-1.958136e-07	-0.02659
-1.938136e-07	-0.02659
-1.918136e-07	-0.02806
-1.898136e-07	-0.02561
-1.878136e-07	-0.02561
-1.858136e-07	-0.02659
-1.838136e-07	-0.02757
-1.818136e-07	-0.02659
-1.798136e-07	-0.02659
-1.778136e-07	-0.0261
-1.758136e-07	-0.02855
-1.738136e-07	-0.02463
-1.718136e-07	-0.02512
-1.698136e-07	-0.02169
-1.678136e-07	-0.0261
-1.658136e-07	-0.02463
-1.638136e-07	-0.02757
-1.618136e-07	-0.02365
-1.598136e-07	-0.02512
-1.578136e-07	-0.02316
-1.558136e-07	-0.02316
-1.538136e-07	-0.02218
-1.518136e-07	-0.0261
-1.498136e-07	-0.02316
-1.478136e-07	-0.02561
-1.458136e-07	-0.02365
-1.438136e-07	-0.0261
-1.418136e-07	-0.02316
-1.398136e-07	-0.02463
-1.378136e-07	-0.02365
-1.358136e-07	-0.02316
-1.338136e-07	-0.02316
-1.318136e-07	-0.02218
-1.298136e-07	-0.02414
-1.278136e-07	-0.02316
-1.258136e-07	-0.02169
-1.238136e-07	-0.02365
-1.218136e-07	-0.02169
-1.198136e-07	-0.02463
-1.178136e-07	-0.02365
-1.158136e-07	-0.02218
-1.138136e-07	-0.02071
-1.118136e-07	-0.0212
-1.098136e-07	-0.0212
-1.078136e-07	-0.02218
-1.058136e-07	-0.02022
-1.038136e-07	-0.02267
-1.018136e-07	-0.01875
-9.98136e-08	-0.02022
-9.78136e-08	-0.02071
-9.58136e-08	-0.02267
-9.38136e-08	-0.01826
-9.18136e-08	-0.02218
-8.98136e-08	-0.02169
-8.78136e-08	-0.02022
-8.58136e-08	-0.01973
-8.38136e-08	-0.02022
-8.18136e-08	-0.01924
-7.98136e-08	-0.02218
-7.78136e-08	-0.02022
-7.58136e-08	-0.02169
-7.38136e-08	-0.02365
-7.18136e-08	-0.01826
-6.98136e-08	-0.01826
-6.78136e-08	-0.02071
-6.58136e-08	-0.02022
-6.38136e-08	-0.0212
-6.18136e-08	-0.02218
-5.98136e-08	-0.02365
-5.78136e-08	-0.02022
-5.58136e-08	-0.02414
-5.38136e-08	-0.02169
-5.18136e-08	-0.02071
-4.98136e-08	-0.02071
-4.78136e-08	-0.01973
-4.58136e-08	-0.02071
-4.38136e-08	-0.0212
-4.18136e-08	-0.01924
-3.98136e-08	-0.02218
-3.78136e-08	-0.02071
-3.58136e-08	-0.02169
-3.38136e-08	-0.02071
-3.18136e-08	-0.02169
-2.98136e-08	-0.02022
-2.78136e-08	-0.01973
-2.58136e-08	-0.02071
-2.38136e-08	-0.0212
-2.18136e-08	-0.02022
-1.98136e-08	-0.02071
-1.78136e-08	-0.01973
-1.58136e-08	-0.02316
-1.38136e-08	-0.02169
-1.18136e-08	-0.02169
-9.813599e-09	-0.01875
-7.813599e-09	-0.02169
-5.813599e-09	-0.02071
-3.813599e-09	-0.02414
-1.813599e-09	-0.02071
1.864011e-10	-0.02757
2.186401e-09	-0.02071
4.186401e-09	-0.02365
6.186401e-09	-0.02267
8.186401e-09	-0.01924
1.01864e-08	-0.02316
1.21864e-08	-0.02218
1.41864e-08	-0.0212
1.61864e-08	-0.02757
1.81864e-08	-0.02267
2.01864e-08	-0.02365
2.21864e-08	-0.02267
2.41864e-08	-0.02561
2.61864e-08	-0.02169
2.81864e-08	-0.02659
3.01864e-08	-0.02561
3.21864e-08	-0.02365
3.41864e-08	-0.02169
3.61864e-08	-0.02316
3.81864e-08	-0.02316
4.01864e-08	-0.02414
4.21864e-08	-0.02463
4.41864e-08	-0.02316
4.61864e-08	-0.02512
4.81864e-08	-0.02463
5.01864e-08	-0.02414
5.21864e-08	-0.02414
5.41864e-08	-0.02267
5.61864e-08	-0.02365
5.81864e-08	-0.02365
6.01864e-08	-0.02414
6.21864e-08	-0.02708
6.41864e-08	-0.02414
6.61864e-08	-0.02463
6.81864e-08	-0.02561
7.01864e-08	-0.02463
7.21864e-08	-0.02659
7.41864e-08	-0.02512
7.61864e-08	-0.02414
7.81864e-08	-0.0261
8.01864e-08	-0.02561
8.21864e-08	-0.02218
8.41864e-08	-0.02218
8.61864e-08	-0.02757
8.81864e-08	-0.02659
9.01864e-08	-0.0261
9.21864e-08	-0.02561
9.41864e-08	-0.02365
9.61864e-08	-0.02708
9.81864e-08	-0.02659
1.001864e-07	-0.02757
1.021864e-07	-0.02757
1.041864e-07	-0.02463
1.061864e-07	-0.02463
1.081864e-07	-0.02365
1.101864e-07	-0.02414
1.121864e-07	-0.02806
1.141864e-07	-0.02365
1.161864e-07	-0.02708
1.181864e-07	-0.02316
1.201864e-07	-0.02757
1.221864e-07	-0.02267
1.241864e-07	-0.02414
1.261864e-07	-0.02414
1.281864e-07	-0.02561
1.301864e-07	-0.01924
1.321864e-07	-0.01336
1.341864e-07	0.00134
1.361864e-07	0.03221
1.381864e-07	0.08121
1.401864e-07	0.14589
1.421864e-07	0.22135
1.441864e-07	0.3022
1.461864e-07	0.38403
1.481864e-07	0.46586
1.501864e-07	0.54916
1.521864e-07	0.62413
1.541864e-07	0.69518
1.561864e-07	0.75692
1.581864e-07	0.81817
1.601864e-07	0.8706
1.621864e-07	0.92058
1.641864e-07	0.96076
1.661864e-07	1.00045
1.681864e-07	1.03279
1.701864e-07	1.06219
1.721864e-07	1.08277
1.741864e-07	1.10286
1.761864e-07	1.11658
1.781864e-07	1.13275
1.801864e-07	1.13618
1.821864e-07	1.14451
1.841864e-07	1.14647
1.861864e-07	1.14647
1.881864e-07	1.14304
1.901864e-07	1.14157
1.921864e-07	1.13373
1.941864e-07	1.12687
1.961864e-07	1.11315
1.981864e-07	1.10678
2.001864e-07	1.09257
2.021864e-07	1.08081
2.041864e-07	1.06562
2.061864e-07	1.05239
2.081864e-07	1.0372
2.101864e-07	1.02299
2.121864e-07	1.00486
2.141864e-07	0.9882
2.161864e-07	0.96762
2.181864e-07	0.95439
2.201864e-07	0.93528
2.221864e-07	0.91813
2.241864e-07	0.90049
2.261864e-07	0.88334
2.281864e-07	0.8608
2.301864e-07	0.84414
2.321864e-07	0.83042
2.341864e-07	0.81376
2.361864e-07	0.7922
2.381864e-07	0.7775
2.401864e-07	0.75888
2.421864e-07	0.74565
2.441864e-07	0.72311
2.461864e-07	0.70939
2.481864e-07	0.69322
2.501864e-07	0.67852
2.521864e-07	0.65745
2.541864e-07	0.64863
2.561864e-07	0.63246
2.581864e-07	0.61678
2.601864e-07	0.60012
2.621864e-07	0.58836
2.641864e-07	0.57317
2.661864e-07	0.55749
2.681864e-07	0.54524
2.701864e-07	0.5325
2.721864e-07	0.51829
2.741864e-07	0.50408
2.761864e-07	0.49379
2.781864e-07	0.48252
2.801864e-07	0.46782
2.821864e-07	0.459
2.841864e-07	0.44381
2.861864e-07	0.43548
2.881864e-07	0.42078
2.901864e-07	0.41
2.921864e-07	0.40069
2.941864e-07	0.39089
2.961864e-07	0.38011
2.981864e-07	0.37129
3.001864e-07	0.36149
3.021864e-07	0.35561
3.041864e-07	0.3414
3.061864e-07	0.33258
3.081864e-07	0.32278
3.101864e-07	0.31935
3.121864e-07	0.30808
3.141864e-07	0.30269
3.161864e-07	0.29289
3.181864e-07	0.28799
3.201864e-07	0.27868
3.221864e-07	0.27378
3.241864e-07	0.263
3.261864e-07	0.26251
3.281864e-07	0.25173
3.301864e-07	0.24193
3.321864e-07	0.23703
3.341864e-07	0.23458
3.361864e-07	0.2287
3.381864e-07	0.22135
3.401864e-07	0.21498
3.421864e-07	0.20959
3.441864e-07	0.20518
3.461864e-07	0.19832
3.481864e-07	0.19342
3.501864e-07	0.19195
3.521864e-07	0.18558
3.541864e-07	0.18166
3.561864e-07	0.17774
3.581864e-07	0.17284
3.601864e-07	0.16402
3.621864e-07	0.16451
3.641864e-07	0.15863
3.661864e-07	0.15422
3.681864e-07	0.14932
3.701864e-07	0.14589
3.721864e-07	0.14589
3.741864e-07	0.1405
3.761864e-07	0.13511
3.781864e-07	0.13217
3.801864e-07	0.1258
3.821864e-07	0.12629
3.841864e-07	0.11992
3.861864e-07	0.11698
3.881864e-07	0.11159
3.901864e-07	0.10865
3.921864e-07	0.10522
3.941864e-07	0.10228
3.961864e-07	0.10228
3.981864e-07	0.10228
4.001864e-07	0.09738
4.021864e-07	0.09346
4.041864e-07	0.09248
4.061864e-07	0.09003
4.081864e-07	0.0866
4.101864e-07	0.0866
4.121864e-07	0.08268
4.141864e-07	0.07974
4.161864e-07	0.07974
4.181864e-07	0.07876
4.201864e-07	0.07533
4.221864e-07	0.07386
4.241864e-07	0.0719
4.261864e-07	0.06651
4.281864e-07	0.06651
4.301864e-07	0.06357
4.321864e-07	0.06308
4.341864e-07	0.06308
4.361864e-07	0.05916
4.381864e-07	0.05818
4.401864e-07	0.0572
4.421864e-07	0.05573
4.441864e-07	0.05034
4.461864e-07	0.05034
4.481864e-07	0.0474
4.501864e-07	0.0474
4.521864e-07	0.04299
4.541864e-07	0.04397
4.561864e-07	0.04054
4.581864e-07	0.03956
4.601864e-07	0.03858
4.621864e-07	0.03907
4.641864e-07	0.03613
4.661864e-07	0.03466
4.681864e-07	0.03319
4.701864e-07	0.03466
4.721864e-07	0.03221
4.741864e-07	0.03025
4.761864e-07	0.02976
4.781864e-07	0.02927
4.801864e-07	0.02633
4.821864e-07	0.02437
4.841864e-07	0.02486
4.861864e-07	0.02339
4.881864e-07	0.02192
4.901864e-07	0.01996
4.921864e-07	0.02045
4.941864e-07	0.01947
4.961864e-07	0.018
4.981864e-07	0.01898
5.001864e-07	0.01653
5.021864e-07	0.018
5.041864e-07	0.01163
5.061864e-07	0.01457
5.081864e-07	0.01114
5.101864e-07	0.01261
5.121864e-07	0.00869
5.141864e-07	0.00918
5.161864e-07	0.00869
5.181864e-07	0.00918
5.201864e-07	0.00575
5.221864e-07	0.00771
5.241864e-07	0.00428
5.261864e-07	0.00526
5.281864e-07	0.00134
5.301864e-07	0.00624
5.321864e-07	0.00134
5.341864e-07	0.00526
5.361864e-07	0.00134
5.381864e-07	0.00183
5.401864e-07	0.00232
5.421864e-07	0.00134
5.441864e-07	-0.00111
5.461864e-07	0.00036
5.481864e-07	-0.00258
5.501864e-07	-0.00111
5.521864e-07	-0.00454
5.541864e-07	-0.00013
5.561864e-07	-0.00405
5.581864e-07	-0.00552
5.601864e-07	-0.00552
5.621864e-07	-0.00405
5.641864e-07	-0.00454
5.661864e-07	-0.00454
5.681864e-07	-0.00699
5.701864e-07	-0.00405
5.721864e-07	-0.01042
5.741864e-07	-0.00699
5.761864e-07	-0.00797
5.781864e-07	-0.00503
5.801864e-07	-0.0114
5.821864e-07	-0.00552
5.841864e-07	-0.01042
5.861864e-07	-0.00797
5.881864e-07	-0.00846
5.901864e-07	-0.00797
5.921864e-07	-0.01042
5.941864e-07	-0.00895
5.961864e-07	-0.01336
5.981864e-07	-0.01238
6.001864e-07	-0.00846
6.021864e-07	-0.00699
6.041864e-07	-0.00993
6.061864e-07	-0.01091
6.081864e-07	-0.01238
6.101864e-07	-0.01091
6.121864e-07	-0.01336
6.141864e-07	-0.01189
6.161864e-07	-0.01287
6.181864e-07	-0.0114
6.201864e-07	-0.01385
6.221864e-07	-0.01238
6.241864e-07	-0.01532
6.261864e-07	-0.01287
6.281864e-07	-0.01385
6.301864e-07	-0.0163
6.321864e-07	-0.01679
6.341864e-07	-0.0163
6.361864e-07	-0.01532
6.381864e-07	-0.01581
6.401864e-07	-0.01679
6.421864e-07	-0.01483
6.441864e-07	-0.0163
6.461864e-07	-0.01728
6.481864e-07	-0.01777
6.501864e-07	-0.01728
6.521864e-07	-0.01826
6.541864e-07	-0.01434
6.561864e-07	-0.01826
6.581864e-07	-0.01581
6.601864e-07	-0.01875
6.621864e-07	-0.01679
6.641864e-07	-0.01679
6.661864e-07	-0.01679
6.681864e-07	-0.01287
6.701864e-07	-0.01483
6.721864e-07	-0.01728
6.741864e-07	-0.01875
6.761864e-07	-0.01826
6.781864e-07	-0.01679
6.801864e-07	-0.01826
6.821864e-07	-0.01777
6.841864e-07	-0.0163
6.861864e-07	-0.01777
6.881864e-07	-0.01483
6.901864e-07	-0.01777
6.921864e-07	-0.01973
6.941864e-07	-0.01728
6.961864e-07	-0.01924
6.981864e-07	-0.01581
7.001864e-07	-0.01826
7.021864e-07	-0.0163
7.041864e-07	-0.0163
7.061864e-07	-0.0163
7.081864e-07	-0.02071
7.101864e-07	-0.01973
7.121864e-07	-0.01973
7.141864e-07	-0.01973
7.161864e-07	-0.02267
7.181864e-07	-0.01875
7.201864e-07	-0.02316
7.221864e-07	-0.01728
7.241864e-07	-0.02071
7.261864e-07	-0.01826
7.281864e-07	-0.01973
7.301864e-07	-0.01826
7.321864e-07	-0.02169
7.341864e-07	-0.01826
7.361864e-07	-0.0212
7.381864e-07	-0.01924
7.401864e-07	-0.02169
7.421864e-07	-0.01924
7.441864e-07	-0.02071
7.461864e-07	-0.01973
7.481864e-07	-0.02316
7.501864e-07	-0.02071
7.521864e-07	-0.02218
7.541864e-07	-0.01973
7.561864e-07	-0.02267
7.581864e-07	-0.02071
7.601864e-07	-0.02071
7.621864e-07	-0.02218
7.641864e-07	-0.02267
7.661864e-07	-0.0212
7.681864e-07	-0.02463
7.701864e-07	-0.02414
7.721864e-07	-0.02316
7.741864e-07	-0.0212
7.761864e-07	-0.0261
7.781864e-07	-0.0212
7.801864e-07	-0.02365
7.821864e-07	-0.02463
7.841864e-07	-0.02708
7.861864e-07	-0.02169
7.881864e-07	-0.02414
7.901864e-07	-0.02316
7.921864e-07	-0.02561
7.941864e-07	-0.02512
7.961864e-07	-0.02463
7.981864e-07	-0.02365
8.001864e-07	-0.02757
8.021864e-07	-0.02218
8.041864e-07	-0.02659
8.061864e-07	-0.02218
8.081864e-07	-0.0261
8.101864e-07	-0.02659
8.121864e-07	-0.0261
8.141864e-07	-0.02463
8.161864e-07	-0.02463
8.181864e-07	-0.02316
8.201864e-07	-0.02463
8.221864e-07	-0.0261
8.241864e-07	-0.02659
8.261864e-07	-0.02659
8.281864e-07	-0.02463
8.301864e-07	-0.0261
8.321864e-07	-0.02708
8.341864e-07	-0.02463
8.361864e-07	-0.02757
8.381864e-07	-0.02561
8.401864e-07	-0.02757
8.421864e-07	-0.02806
8.441864e-07	-0.0261
8.461864e-07	-0.02414
8.481864e-07	-0.02855
8.501864e-07	-0.02708
8.521864e-07	-0.02855
8.541864e-07	-0.02365
8.561864e-07	-0.02806
8.581864e-07	-0.02757
8.601864e-07	-0.02757
8.621864e-07	-0.02806
8.641864e-07	-0.02659
8.661864e-07	-0.0261
8.681864e-07	-0.02904
8.701864e-07	-0.02708
8.721864e-07	-0.02855
8.741864e-07	-0.02708
8.761864e-07	-0.02757
8.781864e-07	-0.02855
8.801864e-07	-0.03002
8.821864e-07	-0.02561
8.841864e-07	-0.02659
8.861864e-07	-0.02414
8.881864e-07	-0.02904
8.901864e-07	-0.02757
8.921864e-07	-0.0261
8.941864e-07	-0.02757
8.961864e-07	-0.02708
8.981864e-07	-0.02414
9.001864e-07	-0.0261
9.021864e-07	-0.02316
9.041864e-07	-0.02414
9.061864e-07	-0.0261
9.081864e-07	-0.02757
9.101864e-07	-0.02806
9.121864e-07	-0.02855
9.141864e-07	-0.02512
9.161864e-07	-0.02806
9.181864e-07	-0.02708
9.201864e-07	-0.02659
9.221864e-07	-0.0261
9.241864e-07	-0.02512
9.261864e-07	-0.02806
9.281864e-07	-0.0261
9.301864e-07	-0.02512
9.321864e-07	-0.02512
9.341864e-07	-0.02561
9.361864e-07	-0.02708
9.381864e-07	-0.02463
9.401864e-07	-0.02561
9.421864e-07	-0.02708
9.441864e-07	-0.02757
9.461864e-07	-0.02414
9.481864e-07	-0.02659
9.501864e-07	-0.02806
9.521864e-07	-0.02855
9.541864e-07	-0.0261
9.561864e-07	-0.02561
9.581864e-07	-0.02561
9.601864e-07	-0.02659
9.621864e-07	-0.02904
9.641864e-07	-0.02806
9.661864e-07	-0.02659
9.681864e-07	-0.02855
9.701864e-07	-0.02659
9.721864e-07	-0.02806
9.741864e-07	-0.02659
9.761864e-07	-0.02806
9.781864e-07	-0.02512
9.801864e-07	-0.02757
9.821864e-07	-0.02512
9.841864e-07	-0.02806
9.861864e-07	-0.0261
9.881864e-07	-0.02855
9.901864e-07	-0.0261
9.921864e-07	-0.03002
9.941864e-07	-0.02463
9.961864e-07	-0.02904
9.981864e-07	-0.02561
1.000186e-06	-0.02757
1.002186e-06	-0.02561
1.004186e-06	-0.02708
1.006186e-06	-0.02806
1.008186e-06	-0.03149
1.010186e-06	-0.02708
1.012186e-06	-0.02757
1.014186e-06	-0.02463
1.016186e-06	-0.02904
1.018186e-06	-0.02463
1.020186e-06	-0.02953
1.022186e-06	-0.02708
1.024186e-06	-0.031
1.026186e-06	-0.02708
1.028186e-06	-0.0261
1.030186e-06	-0.02512
1.032186e-06	-0.02708
1.034186e-06	-0.02659
1.036186e-06	-0.0261
1.038186e-06	-0.02708
1.040186e-06	-0.02659
1.042186e-06	-0.02659
1.044186e-06	-0.0261
1.046186e-06	-0.02904
1.048186e-06	-0.02806
1.050186e-06	-0.0261
1.052186e-06	-0.02365
1.054186e-06	-0.02463
1.056186e-06	-0.02953
1.058186e-06	-0.02708
1.060186e-06	-0.02708
1.062186e-06	-0.02806
1.064186e-06	-0.02953
1.066186e-06	-0.02806
1.068186e-06	-0.02561
1.070186e-06	-0.02806
1.072186e-06	-0.02806
1.074186e-06	-0.0261
1.076186e-06	-0.02708
1.078186e-06	-0.02708
1.080186e-06	-0.02904
1.082186e-06	-0.02757
1.084186e-06	-0.02806
1.086186e-06	-0.02708
1.088186e-06	-0.02806
1.090186e-06	-0.02659
1.092186e-06	-0.0261
1.094186e-06	-0.02806
1.096186e-06	-0.02904
1.098186e-06	-0.02708
1.100186e-06	-0.02855
1.102186e-06	-0.02855
1.104186e-06	-0.03002
1.106186e-06	-0.02806
1.108186e-06	-0.02561
1.110186e-06	-0.02806
1.112186e-06	-0.02561
1.114186e-06	-0.02659
1.116186e-06	-0.02414
1.118186e-06	-0.02414
1.120186e-06	-0.02708
1.122186e-06	-0.02757
1.124186e-06	-0.02953
1.126186e-06	-0.02365
1.128186e-06	-0.02708
1.130186e-06	-0.02414
1.132186e-06	-0.02463
1.134186e-06	-0.02316
1.136186e-06	-0.02463
1.138186e-06	-0.02414
1.140186e-06	-0.0212
1.142186e-06	-0.02316
1.144186e-06	-0.0261
1.146186e-06	-0.02169
1.148186e-06	-0.02365
1.150186e-06	-0.0212
1.152186e-06	-0.02316
1.154186e-06	-0.02218
1.156186e-06	-0.02022
1.158186e-06	-0.02316
1.160186e-06	-0.02512
1.162186e-06	-0.02316
1.164186e-06	-0.02316
1.166186e-06	-0.02365
1.168186e-06	-0.02512
1.170186e-06	-0.02463
1.172186e-06	-0.0212
1.174186e-06	-0.02218
1.176186e-06	-0.02365
1.178186e-06	-0.01973
1.180186e-06	-0.02414
1.182186e-06	-0.02218
1.184186e-06	-0.02463
1.186186e-06	-0.02022
1.188186e-06	-0.02218
1.190186e-06	-0.0212
1.192186e-06	-0.01973
1.194186e-06	-0.01973
1.196186e-06	-0.02071
1.198186e-06	-0.02414
1.200186e-06	-0.02414
1.202186e-06	-0.02022
1.204186e-06	-0.02071
1.206186e-06	-0.02022
1.208186e-06	-0.0212
1.210186e-06	-0.0212
1.212186e-06	-0.0212
1.214186e-06	-0.01973
1.216186e-06	-0.01973
1.218186e-06	-0.01826
1.220186e-06	-0.02071
1.222186e-06	-0.02022
1.224186e-06	-0.0212
1.226186e-06	-0.0212
1.228186e-06	-0.0212
1.230186e-06	-0.01875
1.232186e-06	-0.02022
1.234186e-06	-0.02022
1.236186e-06	-0.02071
1.238186e-06	-0.02071
1.240186e-06	-0.02169
1.242186e-06	-0.02169
1.244186e-06	-0.02071
1.246186e-06	-0.0212
1.248186e-06	-0.02218
1.250186e-06	-0.02218
1.252186e-06	-0.01973
1.254186e-06	-0.01826
1.256186e-06	-0.01973
1.258186e-06	-0.01973
1.260186e-06	-0.01973
1.262186e-06	-0.01924
1.264186e-06	-0.02022
1.266186e-06	-0.01973
1.268186e-06	-0.01973
1.270186e-06	-0.01777
1.272186e-06	-0.02218
1.274186e-06	-0.0212
1.276186e-06	-0.02267
1.278186e-06	-0.0212
1.280186e-06	-0.02463
1.282186e-06	-0.0212
1.284186e-06	-0.02365
1.286186e-06	-0.02267
1.288186e-06	-0.02561
1.290186e-06	-0.01973
1.292186e-06	-0.02022
1.294186e-06	-0.02218
1.296186e-06	-0.02414
1.298186e-06	-0.0212
1.300186e-06	-0.02365
1.302186e-06	-0.02218
1.304186e-06	-0.02561
1.306186e-06	-0.02022
1.308186e-06	-0.02463
1.310186e-06	-0.02218
1.312186e-06	-0.0261
1.314186e-06	-0.02414
1.316186e-06	-0.02218
1.318186e-06	-0.02316
1.320186e-06	-0.0212
1.322186e-06	-0.02169
1.324186e-06	-0.0212
1.326186e-06	-0.02022
1.328186e-06	-0.02512
1.330186e-06	-0.01973
1.332186e-06	-0.02071
1.334186e-06	-0.02169
1.336186e-06	-0.02561
1.338186e-06	-0.02071
1.340186e-06	-0.02414
1.342186e-06	-0.02267
1.344186e-06	-0.02316
1.346186e-06	-0.02169
1.348186e-06	-0.01973
1.350186e-06	-0.02512
1.352186e-06	-0.02659
1.354186e-06	-0.02414
1.356186e-06	-0.02414
1.358186e-06	-0.02463
1.360186e-06	-0.02316
1.362186e-06	-0.02267
1.364186e-06	-0.02316
1.366186e-06	-0.01973
1.368186e-06	-0.02169
1.370186e-06	-0.02414
1.372186e-06	-0.02414
1.374186e-06	-0.02267
1.376186e-06	-0.0261
1.378186e-06	-0.02022
1.380186e-06	-0.02463
1.382186e-06	-0.0261
1.384186e-06	-0.02659
1.386186e-06	-0.01973
1.388186e-06	-0.02365
1.390186e-06	-0.02218
1.392186e-06	-0.02757
1.394186e-06	-0.01875
1.396186e-06	-0.02218
1.398186e-06	-0.02561
1.400186e-06	-0.02561
1.402186e-06	-0.02267
1.404186e-06	-0.02365
1.406186e-06	-0.02365
1.408186e-06	-0.02757
1.410186e-06	-0.02316
1.412186e-06	-0.02512
1.414186e-06	-0.02463
1.416186e-06	-0.02855
1.418186e-06	-0.02365
1.420186e-06	-0.02659
1.422186e-06	-0.0261
1.424186e-06	-0.02855
1.426186e-06	-0.02659
1.428186e-06	-0.02708
1.430186e-06	-0.02904
1.432186e-06	-0.02708
1.434186e-06	-0.02267
1.436186e-06	-0.02757
1.438186e-06	-0.02708
1.440186e-06	-0.02757
1.442186e-06	-0.02267
1.444186e-06	-0.02904
1.446186e-06	-0.0261
1.448186e-06	-0.02561
1.450186e-06	-0.02365
1.452186e-06	-0.02757
1.454186e-06	-0.02463
1.456186e-06	-0.02806
1.458186e-06	-0.0261
1.460186e-06	-0.02806
1.462186e-06	-0.0261
1.464186e-06	-0.02904
1.466186e-06	-0.0261
1.468186e-06	-0.02757
1.470186e-06	-0.02757
1.472186e-06	-0.02953
1.474186e-06	-0.02414
1.476186e-06	-0.02659
1.478186e-06	-0.0261
1.480186e-06	-0.03002
1.482186e-06	-0.02561
1.484186e-06	-0.02855
1.486186e-06	-0.02561
1.488186e-06	-0.02806
1.490186e-06	-0.02806
1.492186e-06	-0.03051
1.494186e-06	-0.02757
1.496186e-06	-0.02904
1.498186e-06	-0.0261
1.500186e-06	-0.02855
1.502186e-06	-0.02659
1.504186e-06	-0.02806
1.506186e-06	-0.02414
1.508186e-06	-0.02806
1.510186e-06	-0.02806
1.512186e-06	-0.03002
1.514186e-06	-0.02855
1.516186e-06	-0.02806
1.518186e-06	-0.02757
1.520186e-06	-0.03149
1.522186e-06	-0.02659
1.524186e-06	-0.02806
1.526186e-06	-0.02855
1.528186e-06	-0.02757
1.530186e-06	-0.02806
1.532186e-06	-0.02708
1.534186e-06	-0.02855
1.536186e-06	-0.03051
1.538186e-06	-0.02757
1.540186e-06	-0.02806
1.542186e-06	-0.02463
1.544186e-06	-0.02904
1.546186e-06	-0.02512
1.548186e-06	-0.02463
1.550186e-06	-0.0261
1.552186e-06	-0.02757
1.554186e-06	-0.02806
1.556186e-06	-0.02757
1.558186e-06	-0.02806
1.560186e-06	-0.02757
1.562186e-06	-0.02708
1.564186e-06	-0.02953
1.566186e-06	-0.02512
1.568186e-06	-0.02708
1.570186e-06	-0.02414
1.572186e-06	-0.02659
1.574186e-06	-0.02953
1.576186e-06	-0.031
1.578186e-06	-0.02708
1.580186e-06	-0.02904
1.582186e-06	-0.02463
1.584186e-06	-0.02806
1.586186e-06	-0.02659
1.588186e-06	-0.03002
1.590186e-06	-0.02757
1.592186e-06	-0.02904
1.594186e-06	-0.02463
1.596186e-06	-0.02659
1.598186e-06	-0.0261
1.600186e-06	-0.02659
1.602186e-06	-0.02561
1.604186e-06	-0.02806
1.606186e-06	-0.02806
1.608186e-06	-0.02806
1.610186e-06	-0.02512
1.612186e-06	-0.02806
1.614186e-06	-0.0261
1.616186e-06	-0.02659
1.618186e-06	-0.02561
1.620186e-06	-0.02463
1.622186e-06	-0.02365
1.624186e-06	-0.02561
1.626186e-06	-0.02561
1.628186e-06	-0.02463
1.630186e-06	-0.02512
1.632186e-06	-0.02757
1.634186e-06	-0.02463
1.636186e-06	-0.02512
1.638186e-06	-0.02414
1.640186e-06	-0.02365
1.642186e-06	-0.02463
1.644186e-06	-0.02708
1.646186e-06	-0.02316
1.648186e-06	-0.02708
1.650186e-06	-0.02414
1.652186e-06	-0.02365
1.654186e-06	-0.02561
1.656186e-06	-0.02904
1.658186e-06	-0.02708
1.660186e-06	-0.02414
1.662186e-06	-0.02512
1.664186e-06	-0.03051
1.666186e-06	-0.02463
1.668186e-06	-0.02463
1.670186e-06	-0.02414
1.672186e-06	-0.02757
1.674186e-06	-0.02561
1.676186e-06	-0.02806
1.678186e-06	-0.02365
1.680186e-06	-0.02561
1.682186e-06	-0.02414
1.684186e-06	-0.02561
1.686186e-06	-0.02365
1.688186e-06	-0.02708
1.690186e-06	-0.02267
1.692186e-06	-0.02806
1.694186e-06	-0.02659
1.696186e-06	-0.03002
1.698186e-06	-0.02463
1.700186e-06	-0.02757
1.702186e-06	-0.02512
1.704186e-06	-0.02806
1.706186e-06	-0.02757
1.708186e-06	-0.02708
1.710186e-06	-0.02806
1.712186e-06	-0.03149
1.714186e-06	-0.02708
1.716186e-06	-0.02953
1.718186e-06	-0.03002
1.720186e-06	-0.02904
1.722186e-06	-0.02708
1.724186e-06	-0.02659
1.726186e-06	-0.02953
1.728186e-06	-0.02953
1.730186e-06	-0.03051
1.732186e-06	-0.02757
1.734186e-06	-0.02953
1.736186e-06	-0.02904
1.738186e-06	-0.02757
1.740186e-06	-0.03051
1.742186e-06	-0.03051
1.744186e-06	-0.03051
1.746186e-06	-0.03051
1.748186e-06	-0.02806
1.750186e-06	-0.03149
1.752186e-06	-0.03198
1.754186e-06	-0.02953
1.756186e-06	-0.02904
1.758186e-06	-0.03002
1.760186e-06	-0.03198
1.762186e-06	-0.03002
1.764186e-06	-0.031
1.766186e-06	-0.03247
1.768186e-06	-0.03149
1.770186e-06	-0.02855
1.772186e-06	-0.03002
1.774186e-06	-0.02953
1.776186e-06	-0.02904
1.778186e-06	-0.02855
1.780186e-06	-0.02806
1.782186e-06	-0.03051
1.784186e-06	-0.02953
1.786186e-06	-0.02757
1.788186e-06	-0.02806
1.790186e-06	-0.02904
1.792186e-06	-0.03002
1.794186e-06	-0.02512
1.796186e-06	-0.02855
1.798186e-06	-0.02708
1.800186e-06	-0.03247
1.802186e-06	-0.02463
1.804186e-06	-0.02757
1.806186e-06	-0.02708
1.808186e-06	-0.02806
1.810186e-06	-0.02806
1.812186e-06	-0.02757
1.814186e-06	-0.02757
1.816186e-06	-0.03051
1.818186e-06	-0.02953
1.820186e-06	-0.03002
1.822186e-06	-0.02708
1.824186e-06	-0.02855
1.826186e-06	-0.02659
1.828186e-06	-0.03051
1.830186e-06	-0.03002
1.832186e-06	-0.03002
1.834186e-06	-0.02708
1.836186e-06	-0.02904
1.838186e-06	-0.02904
1.840186e-06	-0.02904
1.842186e-06	-0.0261
1.844186e-06	-0.02855
1.846186e-06	-0.02806
1.848186e-06	-0.02953
1.850186e-06	-0.02855
1.852186e-06	-0.02806
1.854186e-06	-0.02855
1.856186e-06	-0.03002
1.858186e-06	-0.03149
1.860186e-06	-0.02855
1.862186e-06	-0.02855
1.864186e-06	-0.03002
1.866186e-06	-0.02953
1.868186e-06	-0.031
1.870186e-06	-0.03051
1.872186e-06	-0.03002
1.874186e-06	-0.02806
1.876186e-06	-0.03002
1.878186e-06	-0.02904
1.880186e-06	-0.03198
1.882186e-06	-0.02708
1.884186e-06	-0.02904
1.886186e-06	-0.0261
1.888186e-06	-0.03296
1.890186e-06	-0.03149
1.892186e-06	-0.02953
1.894186e-06	-0.02953
1.896186e-06	-0.03296
1.898186e-06	-0.02855
1.900186e-06	-0.02855
1.902186e-06	-0.03002
1.904186e-06	-0.03002
1.906186e-06	-0.02708
1.908186e-06	-0.02953
1.910186e-06	-0.03051
1.912186e-06	-0.03345
1.914186e-06	-0.03002
1.916186e-06	-0.03002
1.918186e-06	-0.02757
1.920186e-06	-0.03394
1.922186e-06	-0.02708
1.924186e-06	-0.03051
1.926186e-06	-0.03296
1.928186e-06	-0.03051
1.930186e-06	-0.02953
1.932186e-06	-0.03198
1.934186e-06	-0.03149
1.936186e-06	-0.03247
1.938186e-06	-0.02953
1.940186e-06	-0.03051
1.942186e-06	-0.03051
1.944186e-06	-0.02904
1.946186e-06	-0.02904
1.948186e-06	-0.03149
1.950186e-06	-0.031
1.952186e-06	-0.03198
1.954186e-06	-0.02953
1.956186e-06	-0.02708
1.958186e-06	-0.02904
1.960186e-06	-0.03149
1.962186e-06	-0.02953
1.964186e-06	-0.03051
1.966186e-06	-0.02855
1.968186e-06	-0.03002
1.970186e-06	-0.031
1.972186e-06	-0.03051
1.974186e-06	-0.02561
1.976186e-06	-0.02904
1.978186e-06	-0.02561
1.980186e-06	-0.02757
1.982186e-06	-0.02757
1.984186e-06	-0.02953
1.986186e-06	-0.02708
1.988186e-06	-0.02757
1.990186e-06	-0.02659
1.992186e-06	-0.02708
1.994186e-06	-0.02757
1.996186e-06	-0.02757
1.998186e-06	-0.02512
2.000186e-06	-0.02806
2.002186e-06	-0.02708
2.004186e-06	-0.02855
2.006186e-06	-0.02806
2.008186e-06	-0.02708
2.010186e-06	-0.02316
2.012186e-06	-0.02659
2.014186e-06	-0.0261
2.016186e-06	-0.02953
2.018186e-06	-0.02806
2.020186e-06	-0.02708
2.022186e-06	-0.02855
2.024186e-06	-0.02953
2.026186e-06	-0.02708
2.028186e-06	-0.02561
2.030186e-06	-0.02512
2.032186e-06	-0.02953
2.034186e-06	-0.0261
2.036186e-06	-0.02757
2.038186e-06	-0.02708
2.040186e-06	-0.02855
2.042186e-06	-0.02659
2.044186e-06	-0.02659
2.046186e-06	-0.02855
2.048186e-06	-0.02904
2.050186e-06	-0.02757
2.052186e-06	-0.03051
2.054186e-06	-0.02806
2.056186e-06	-0.02953
2.058186e-06	-0.02708
2.060186e-06	-0.0261
2.062186e-06	-0.02561
2.064186e-06	-0.02953
2.066186e-06	-0.02463
2.068186e-06	-0.02708
2.070186e-06	-0.02904
2.072186e-06	-0.02855
2.074186e-06	-0.02512
2.076186e-06	-0.0261
2.078186e-06	-0.02463
2.080186e-06	-0.0261
2.082186e-06	-0.02365
2.084186e-06	-0.0261
2.086186e-06	-0.02561
2.088186e-06	-0.02659
2.090186e-06	-0.02512
2.092186e-06	-0.02365
2.094186e-06	-0.02463
2.096186e-06	-0.02806
2.098186e-06	-0.02463
2.100186e-06	-0.02512
2.102186e-06	-0.02463
2.104186e-06	-0.02512
2.106186e-06	-0.02316
2.108186e-06	-0.02463
2.110186e-06	-0.02757
2.112186e-06	-0.02757
2.114186e-06	-0.02316
2.116186e-06	-0.0261
2.118186e-06	-0.02659
2.120186e-06	-0.02463
2.122186e-06	-0.02316
2.124186e-06	-0.02561
2.126186e-06	-0.02561
2.128186e-06	-0.02561
2.130186e-06	-0.02512
2.132186e-06	-0.02512
2.134186e-06	-0.02561
2.136186e-06	-0.02708
2.138186e-06	-0.02218
2.140186e-06	-0.02659
2.142186e-06	-0.02855
2.144186e-06	-0.02757
2.146186e-06	-0.02414
2.148186e-06	-0.02708
2.150186e-06	-0.02659
2.152186e-06	-0.02561
2.154186e-06	-0.02708
2.156186e-06	-0.02757
2.158186e-06	-0.02806
2.160186e-06	-0.03002
2.162186e-06	-0.02757
2.164186e-06	-0.02806
2.166186e-06	-0.02708
2.168186e-06	-0.02806
2.170186e-06	-0.02708
2.172186e-06	-0.02708
2.174186e-06	-0.02904
2.176186e-06	-0.02953
2.178186e-06	-0.02659
2.180186e-06	-0.02904
2.182186e-06	-0.02855
2.184186e-06	-0.02904
2.186186e-06	-0.02708
2.188186e-06	-0.02512
2.190186e-06	-0.02561
2.192186e-06	-0.02904
2.194186e-06	-0.02561
2.196186e-06	-0.02708
2.198186e-06	-0.02708
2.200186e-06	-0.02708
2.202186e-06	-0.02757
2.204186e-06	-0.02708
2.206186e-06	-0.02414
2.208186e-06	-0.02904
2.210186e-06	-0.02659
2.212186e-06	-0.02806
2.214186e-06	-0.03051
2.216186e-06	-0.031
2.218186e-06	-0.0261
2.220186e-06	-0.0261
2.222186e-06	-0.02806
2.224186e-06	-0.02659
2.226186e-06	-0.02561
2.228186e-06	-0.02953
2.230186e-06	-0.02953
2.232186e-06	-0.03002
2.234186e-06	-0.02659
2.236186e-06	-0.02757
2.238186e-06	-0.02806
2.240186e-06	-0.02855
2.242186e-06	-0.02855
2.244186e-06	-0.02953
2.246186e-06	-0.02855
2.248186e-06	-0.02855
2.250186e-06	-0.02953
2.252186e-06	-0.02953
2.254186e-06	-0.02414
2.256186e-06	-0.02904
2.258186e-06	-0.02757
2.260186e-06	-0.02904
2.262186e-06	-0.02757
2.264186e-06	-0.02855
2.266186e-06	-0.02757
2.268186e-06	-0.02904
2.270186e-06	-0.02659
2.272186e-06	-0.03051
2.274186e-06	-0.02757
2.276186e-06	-0.02806
2.278186e-06	-0.02904
2.280186e-06	-0.02708
2.282186e-06	-0.02512
2.284186e-06	-0.0261
2.286186e-06	-0.02463
2.288186e-06	-0.02806
2.290186e-06	-0.02414
2.292186e-06	-0.02414
2.294186e-06	-0.02708
2.296186e-06	-0.02806
2.298186e-06	-0.02316
2.300186e-06	-0.02365
2.302186e-06	-0.02267
2.304186e-06	-0.02757
2.306186e-06	-0.02218
2.308186e-06	-0.02561
2.310186e-06	-0.02512
2.312186e-06	-0.02316
2.314186e-06	-0.0212
2.316186e-06	-0.02316
2.318186e-06	-0.02316
2.320186e-06	-0.02365
2.322186e-06	-0.0212
2.324186e-06	-0.02218
2.326186e-06	-0.0212
2.328186e-06	-0.02267
2.330186e-06	-0.02316
2.332186e-06	-0.02071
2.334186e-06	-0.02414
2.336186e-06	-0.02316
2.338186e-06	-0.01973
2.340186e-06	-0.02365
2.342186e-06	-0.02267
2.344186e-06	-0.02071
2.346186e-06	-0.02365
2.348186e-06	-0.02267
2.350186e-06	-0.02218
2.352186e-06	-0.0261
2.354186e-06	-0.02267
2.356186e-06	-0.02365
2.358186e-06	-0.02365
2.360186e-06	-0.0261
2.362186e-06	-0.02463
2.364186e-06	-0.0261
2.366186e-06	-0.0261
2.368186e-06	-0.02659
2.370186e-06	-0.02463
2.372186e-06	-0.02512
2.374186e-06	-0.02316
2.376186e-06	-0.02512
2.378186e-06	-0.02463
2.380186e-06	-0.02463
2.382186e-06	-0.02316
2.384186e-06	-0.02561
2.386186e-06	-0.02316
2.388186e-06	-0.02316
2.390186e-06	-0.02316
2.392186e-06	-0.02365
2.394186e-06	-0.02414
2.396186e-06	-0.02169
2.398186e-06	-0.02463
2.400186e-06	-0.02806
2.402186e-06	-0.02659
2.404186e-06	-0.02463
2.406186e-06	-0.02806
2.408186e-06	-0.02463
2.410186e-06	-0.02316
2.412186e-06	-0.02512
2.414186e-06	-0.02365
2.416186e-06	-0.02218
2.418186e-06	-0.02365
2.420186e-06	-0.02561
2.422186e-06	-0.02806
2.424186e-06	-0.02365
2.426186e-06	-0.02218
2.428186e-06	-0.02316
2.430186e-06	-0.02904
2.432186e-06	-0.02855
2.434186e-06	-0.02414
2.436186e-06	-0.02316
2.438186e-06	-0.02316
2.440186e-06	-0.02757
2.442186e-06	-0.02414
2.444186e-06	-0.02708
2.446186e-06	-0.02267
2.448186e-06	-0.02659
2.450186e-06	-0.0261
2.452186e-06	-0.02365
2.454186e-06	-0.02365
2.456186e-06	-0.02806
2.458186e-06	-0.02512
2.460186e-06	-0.02414
2.462186e-06	-0.02365
2.464186e-06	-0.02757
2.466186e-06	-0.02512
2.468186e-06	-0.02757
2.470186e-06	-0.02463
2.472186e-06	-0.02512
2.474186e-06	-0.02463
2.476186e-06	-0.02757
2.478186e-06	-0.02218
2.480186e-06	-0.02659
2.482186e-06	-0.02561
2.484186e-06	-0.02414
2.486186e-06	-0.02414
2.488186e-06	-0.02659
2.490186e-06	-0.02512
2.492186e-06	-0.02365
2.494186e-06	-0.02414
2.496186e-06	-0.02757
2.498186e-06	-0.02463
2.500186e-06	-0.02512
