LECROYHDO6104A	50809	Waveform
Segments	1	SegmentSize	2502
Segment	TrigTime	TimeSinceSegment1
#1	19-Dec-2022 19:57:46	0                 
Time	Ampl
-2.501086e-06	-0.0175644
-2.499086e-06	-0.0173488
-2.497086e-06	-0.0170716
-2.495086e-06	-0.0166404
-2.493086e-06	-0.0165788
-2.491086e-06	-0.01624
-2.489086e-06	-0.0163632
-2.487086e-06	-0.0163016
-2.485086e-06	-0.0164248
-2.483086e-06	-0.0162092
-2.481086e-06	-0.0159012
-2.479086e-06	-0.0156548
-2.477086e-06	-0.016086
-2.475086e-06	-0.0166096
-2.473086e-06	-0.0165788
-2.471086e-06	-0.0169792
-2.469086e-06	-0.0170408
-2.467086e-06	-0.016856
-2.465086e-06	-0.0172256
-2.463086e-06	-0.0175952
-2.461086e-06	-0.0178724
-2.459086e-06	-0.017626
-2.457086e-06	-0.0174412
-2.455086e-06	-0.0174412
-2.453086e-06	-0.0171948
-2.451086e-06	-0.0174104
-2.449086e-06	-0.0172872
-2.447086e-06	-0.0175028
-2.445086e-06	-0.0173796
-2.443086e-06	-0.0177492
-2.441086e-06	-0.0173488
-2.439086e-06	-0.0172256
-2.437086e-06	-0.0169792
-2.435086e-06	-0.0171332
-2.433086e-06	-0.0168252
-2.431086e-06	-0.0167944
-2.429086e-06	-0.0170716
-2.427086e-06	-0.0171024
-2.425086e-06	-0.0169176
-2.423086e-06	-0.0173488
-2.421086e-06	-0.0174104
-2.419086e-06	-0.0175644
-2.417086e-06	-0.0175028
-2.415086e-06	-0.017472
-2.413086e-06	-0.0177492
-2.411086e-06	-0.0177184
-2.409086e-06	-0.0176568
-2.407086e-06	-0.0172872
-2.405086e-06	-0.0174104
-2.403086e-06	-0.0172872
-2.401086e-06	-0.0171024
-2.399086e-06	-0.0173796
-2.397086e-06	-0.017626
-2.395086e-06	-0.0179648
-2.393086e-06	-0.0179032
-2.391086e-06	-0.018088
-2.389086e-06	-0.018396
-2.387086e-06	-0.0186424
-2.385086e-06	-0.0187656
-2.383086e-06	-0.0189812
-2.381086e-06	-0.0187964
-2.379086e-06	-0.0187348
-2.377086e-06	-0.0188888
-2.375086e-06	-0.0191044
-2.373086e-06	-0.0188888
-2.371086e-06	-0.0189504
-2.369086e-06	-0.0190736
-2.367086e-06	-0.0192584
-2.365086e-06	-0.0194432
-2.363086e-06	-0.0195664
-2.361086e-06	-0.0194432
-2.359086e-06	-0.0193816
-2.357086e-06	-0.0196896
-2.355086e-06	-0.0198436
-2.353086e-06	-0.0196588
-2.351086e-06	-0.0195664
-2.349086e-06	-0.01932
-2.347086e-06	-0.0193816
-2.345086e-06	-0.0188888
-2.343086e-06	-0.019012
-2.341086e-06	-0.0186116
-2.339086e-06	-0.0185192
-2.337086e-06	-0.0180264
-2.335086e-06	-0.0176568
-2.333086e-06	-0.0173796
-2.331086e-06	-0.0174412
-2.329086e-06	-0.0173488
-2.327086e-06	-0.0170408
-2.325086e-06	-0.0166096
-2.323086e-06	-0.01701
-2.321086e-06	-0.0166096
-2.319086e-06	-0.0165788
-2.317086e-06	-0.0165788
-2.315086e-06	-0.0166096
-2.313086e-06	-0.016394
-2.311086e-06	-0.0161168
-2.309086e-06	-0.0160244
-2.307086e-06	-0.0162092
-2.305086e-06	-0.0162708
-2.303086e-06	-0.0161784
-2.301086e-06	-0.016394
-2.299086e-06	-0.0164864
-2.297086e-06	-0.0166096
-2.295086e-06	-0.0171332
-2.293086e-06	-0.016856
-2.291086e-06	-0.0167944
-2.289086e-06	-0.016548
-2.287086e-06	-0.0167944
-2.285086e-06	-0.0167328
-2.283086e-06	-0.0166404
-2.281086e-06	-0.016394
-2.279086e-06	-0.0163324
-2.277086e-06	-0.0161476
-2.275086e-06	-0.0159936
-2.273086e-06	-0.0159012
-2.271086e-06	-0.0163016
-2.269086e-06	-0.0159628
-2.267086e-06	-0.0159012
-2.265086e-06	-0.015624
-2.263086e-06	-0.0152236
-2.261086e-06	-0.015162
-2.259086e-06	-0.0151928
-2.257086e-06	-0.0149464
-2.255086e-06	-0.0150696
-2.253086e-06	-0.0150388
-2.251086e-06	-0.0149772
-2.249086e-06	-0.0147616
-2.247086e-06	-0.014854
-2.245086e-06	-0.0150696
-2.243086e-06	-0.015008
-2.241086e-06	-0.0150696
-2.239086e-06	-0.0154392
-2.237086e-06	-0.0157164
-2.235086e-06	-0.0158704
-2.233086e-06	-0.0157164
-2.231086e-06	-0.0159012
-2.229086e-06	-0.0159628
-2.227086e-06	-0.0161476
-2.225086e-06	-0.016394
-2.223086e-06	-0.016394
-2.221086e-06	-0.016394
-2.219086e-06	-0.0167944
-2.217086e-06	-0.0167328
-2.215086e-06	-0.0170408
-2.213086e-06	-0.0168252
-2.211086e-06	-0.0172256
-2.209086e-06	-0.0171024
-2.207086e-06	-0.017164
-2.205086e-06	-0.01701
-2.203086e-06	-0.0173796
-2.201086e-06	-0.017472
-2.199086e-06	-0.0173488
-2.197086e-06	-0.0169484
-2.195086e-06	-0.0167944
-2.193086e-06	-0.0168252
-2.191086e-06	-0.0166096
-2.189086e-06	-0.0168252
-2.187086e-06	-0.0167944
-2.185086e-06	-0.0166712
-2.183086e-06	-0.0170716
-2.181086e-06	-0.016856
-2.179086e-06	-0.0170408
-2.177086e-06	-0.0170408
-2.175086e-06	-0.0172256
-2.173086e-06	-0.0172256
-2.171086e-06	-0.0173488
-2.169086e-06	-0.017318
-2.167086e-06	-0.0169176
-2.165086e-06	-0.0171948
-2.163086e-06	-0.017626
-2.161086e-06	-0.0175028
-2.159086e-06	-0.0181188
-2.157086e-06	-0.0186116
-2.155086e-06	-0.0184268
-2.153086e-06	-0.018704
-2.151086e-06	-0.0185192
-2.149086e-06	-0.01855
-2.147086e-06	-0.0190428
-2.145086e-06	-0.0192892
-2.143086e-06	-0.018858
-2.141086e-06	-0.0187964
-2.139086e-06	-0.0189812
-2.137086e-06	-0.0185808
-2.135086e-06	-0.0186732
-2.133086e-06	-0.0188272
-2.131086e-06	-0.0186424
-2.129086e-06	-0.0181188
-2.127086e-06	-0.017626
-2.125086e-06	-0.0176568
-2.123086e-06	-0.0178724
-2.121086e-06	-0.017164
-2.119086e-06	-0.017164
-2.117086e-06	-0.0170408
-2.115086e-06	-0.0166096
-2.113086e-06	-0.0166096
-2.111086e-06	-0.016394
-2.109086e-06	-0.0161476
-2.107086e-06	-0.015932
-2.105086e-06	-0.0160552
-2.103086e-06	-0.0163324
-2.101086e-06	-0.016394
-2.099086e-06	-0.0164556
-2.097086e-06	-0.0161168
-2.095086e-06	-0.0160244
-2.093086e-06	-0.0159936
-2.091086e-06	-0.0165172
-2.089086e-06	-0.0165788
-2.087086e-06	-0.0167636
-2.085086e-06	-0.0168252
-2.083086e-06	-0.016548
-2.081086e-06	-0.0166404
-2.079086e-06	-0.0163324
-2.077086e-06	-0.016548
-2.075086e-06	-0.0167944
-2.073086e-06	-0.0166712
-2.071086e-06	-0.0171024
-2.069086e-06	-0.0169792
-2.067086e-06	-0.01701
-2.065086e-06	-0.0172872
-2.063086e-06	-0.01778
-2.061086e-06	-0.0180264
-2.059086e-06	-0.0178724
-2.057086e-06	-0.0176876
-2.055086e-06	-0.0176876
-2.053086e-06	-0.0181188
-2.051086e-06	-0.0186424
-2.049086e-06	-0.0184576
-2.047086e-06	-0.0182112
-2.045086e-06	-0.0183036
-2.043086e-06	-0.018858
-2.041086e-06	-0.0187656
-2.039086e-06	-0.0187656
-2.037086e-06	-0.01855
-2.035086e-06	-0.0192584
-2.033086e-06	-0.0187656
-2.031086e-06	-0.0189812
-2.029086e-06	-0.0191352
-2.027086e-06	-0.0194432
-2.025086e-06	-0.0191968
-2.023086e-06	-0.019012
-2.021086e-06	-0.0192276
-2.019086e-06	-0.0195972
-2.017086e-06	-0.0195356
-2.015086e-06	-0.0192276
-2.013086e-06	-0.019474
-2.011086e-06	-0.0200592
-2.009086e-06	-0.0201824
-2.007086e-06	-0.020244
-2.005086e-06	-0.0204904
-2.003086e-06	-0.0204904
-2.001086e-06	-0.020706
-1.999086e-06	-0.020552
-1.997086e-06	-0.020706
-1.995086e-06	-0.021014
-1.993086e-06	-0.02086
-1.991086e-06	-0.0205828
-1.989086e-06	-0.020398
-1.987086e-06	-0.020398
-1.985086e-06	-0.02009
-1.983086e-06	-0.0204904
-1.981086e-06	-0.0206444
-1.979086e-06	-0.0205828
-1.977086e-06	-0.0205212
-1.975086e-06	-0.0207984
-1.973086e-06	-0.0208908
-1.971086e-06	-0.0212296
-1.969086e-06	-0.0210448
-1.967086e-06	-0.021168
-1.965086e-06	-0.0210756
-1.963086e-06	-0.0212296
-1.961086e-06	-0.0210448
-1.959086e-06	-0.0210448
-1.957086e-06	-0.0207368
-1.955086e-06	-0.0207368
-1.953086e-06	-0.0206444
-1.951086e-06	-0.0205212
-1.949086e-06	-0.0205212
-1.947086e-06	-0.0201516
-1.945086e-06	-0.0200284
-1.943086e-06	-0.0197204
-1.941086e-06	-0.0196588
-1.939086e-06	-0.0197204
-1.937086e-06	-0.0194124
-1.935086e-06	-0.0198128
-1.933086e-06	-0.0195972
-1.931086e-06	-0.0198128
-1.929086e-06	-0.0199976
-1.927086e-06	-0.0198128
-1.925086e-06	-0.0199668
-1.923086e-06	-0.0201516
-1.921086e-06	-0.0196588
-1.919086e-06	-0.0197204
-1.917086e-06	-0.0201208
-1.915086e-06	-0.0199976
-1.913086e-06	-0.0199976
-1.911086e-06	-0.0201516
-1.909086e-06	-0.0202132
-1.907086e-06	-0.019936
-1.905086e-06	-0.0198744
-1.903086e-06	-0.0200592
-1.901086e-06	-0.0199976
-1.899086e-06	-0.0203364
-1.897086e-06	-0.0204288
-1.895086e-06	-0.02086
-1.893086e-06	-0.0209216
-1.891086e-06	-0.0209524
-1.889086e-06	-0.0204904
-1.887086e-06	-0.0205212
-1.885086e-06	-0.020706
-1.883086e-06	-0.02086
-1.881086e-06	-0.0206136
-1.879086e-06	-0.0209524
-1.877086e-06	-0.0211372
-1.875086e-06	-0.021014
-1.873086e-06	-0.0211372
-1.871086e-06	-0.0212912
-1.869086e-06	-0.0213836
-1.867086e-06	-0.0216608
-1.865086e-06	-0.0218456
-1.863086e-06	-0.021938
-1.861086e-06	-0.0217224
-1.859086e-06	-0.0220612
-1.857086e-06	-0.02163
-1.855086e-06	-0.0216608
-1.853086e-06	-0.021476
-1.851086e-06	-0.0212604
-1.849086e-06	-0.0211988
-1.847086e-06	-0.0211988
-1.845086e-06	-0.0211064
-1.843086e-06	-0.0211988
-1.841086e-06	-0.0207676
-1.839086e-06	-0.0207676
-1.837086e-06	-0.020706
-1.835086e-06	-0.02086
-1.833086e-06	-0.0209216
-1.831086e-06	-0.0208292
-1.829086e-06	-0.0204288
-1.827086e-06	-0.0204596
-1.825086e-06	-0.0204596
-1.823086e-06	-0.0210756
-1.821086e-06	-0.0214144
-1.819086e-06	-0.0211988
-1.817086e-06	-0.0207984
-1.815086e-06	-0.0208908
-1.813086e-06	-0.0210448
-1.811086e-06	-0.0212912
-1.809086e-06	-0.02086
-1.807086e-06	-0.0206444
-1.805086e-06	-0.0208292
-1.803086e-06	-0.0211064
-1.801086e-06	-0.0210756
-1.799086e-06	-0.0209216
-1.797086e-06	-0.0209832
-1.795086e-06	-0.0211372
-1.793086e-06	-0.0206136
-1.791086e-06	-0.0204288
-1.789086e-06	-0.0202748
-1.787086e-06	-0.0206136
-1.785086e-06	-0.0207984
-1.783086e-06	-0.0207676
-1.781086e-06	-0.0208908
-1.779086e-06	-0.0204904
-1.777086e-06	-0.0206752
-1.775086e-06	-0.02086
-1.773086e-06	-0.02086
-1.771086e-06	-0.02086
-1.769086e-06	-0.0211064
-1.767086e-06	-0.0211372
-1.765086e-06	-0.0211988
-1.763086e-06	-0.0217224
-1.761086e-06	-0.0214144
-1.759086e-06	-0.0212604
-1.757086e-06	-0.0212296
-1.755086e-06	-0.021322
-1.753086e-06	-0.0212604
-1.751086e-06	-0.0213836
-1.749086e-06	-0.0216916
-1.747086e-06	-0.0216916
-1.745086e-06	-0.0220612
-1.743086e-06	-0.0220612
-1.741086e-06	-0.0224
-1.739086e-06	-0.0221228
-1.737086e-06	-0.0224616
-1.735086e-06	-0.0222768
-1.733086e-06	-0.022092
-1.731086e-06	-0.0219996
-1.729086e-06	-0.0216608
-1.727086e-06	-0.0213836
-1.725086e-06	-0.0215068
-1.723086e-06	-0.0215992
-1.721086e-06	-0.021322
-1.719086e-06	-0.0209832
-1.717086e-06	-0.021014
-1.715086e-06	-0.0209524
-1.713086e-06	-0.0206444
-1.711086e-06	-0.0203364
-1.709086e-06	-0.0201208
-1.707086e-06	-0.0203672
-1.705086e-06	-0.019936
-1.703086e-06	-0.0198436
-1.701086e-06	-0.0198128
-1.699086e-06	-0.0200592
-1.697086e-06	-0.0204288
-1.695086e-06	-0.0203672
-1.693086e-06	-0.0201824
-1.691086e-06	-0.0203056
-1.689086e-06	-0.0204288
-1.687086e-06	-0.0203672
-1.685086e-06	-0.0201824
-1.683086e-06	-0.0199668
-1.681086e-06	-0.0196588
-1.679086e-06	-0.0192892
-1.677086e-06	-0.0192276
-1.675086e-06	-0.0192276
-1.673086e-06	-0.0191352
-1.671086e-06	-0.0188888
-1.669086e-06	-0.018858
-1.667086e-06	-0.0190736
-1.665086e-06	-0.0190736
-1.663086e-06	-0.0195972
-1.661086e-06	-0.019474
-1.659086e-06	-0.0194432
-1.657086e-06	-0.019474
-1.655086e-06	-0.0199052
-1.653086e-06	-0.019628
-1.651086e-06	-0.0196588
-1.649086e-06	-0.019628
-1.647086e-06	-0.0199052
-1.645086e-06	-0.0199052
-1.643086e-06	-0.0201516
-1.641086e-06	-0.0204288
-1.639086e-06	-0.0203056
-1.637086e-06	-0.0204596
-1.635086e-06	-0.0206136
-1.633086e-06	-0.0204596
-1.631086e-06	-0.0202748
-1.629086e-06	-0.0203672
-1.627086e-06	-0.0203672
-1.625086e-06	-0.0200592
-1.623086e-06	-0.0198436
-1.621086e-06	-0.0195972
-1.619086e-06	-0.0196588
-1.617086e-06	-0.0193508
-1.615086e-06	-0.0192276
-1.613086e-06	-0.0192584
-1.611086e-06	-0.0192892
-1.609086e-06	-0.0189812
-1.607086e-06	-0.0189812
-1.605086e-06	-0.0189196
-1.603086e-06	-0.0189812
-1.601086e-06	-0.018858
-1.599086e-06	-0.0186732
-1.597086e-06	-0.0187964
-1.595086e-06	-0.0185192
-1.593086e-06	-0.0185192
-1.591086e-06	-0.0185808
-1.589086e-06	-0.0185192
-1.587086e-06	-0.0186424
-1.585086e-06	-0.0187656
-1.583086e-06	-0.0187964
-1.581086e-06	-0.0187656
-1.579086e-06	-0.0188888
-1.577086e-06	-0.0189196
-1.575086e-06	-0.0192584
-1.573086e-06	-0.0193816
-1.571086e-06	-0.0195048
-1.569086e-06	-0.0192892
-1.567086e-06	-0.0193508
-1.565086e-06	-0.0199052
-1.563086e-06	-0.0198128
-1.561086e-06	-0.019782
-1.559086e-06	-0.0195972
-1.557086e-06	-0.019782
-1.555086e-06	-0.0198744
-1.553086e-06	-0.0200284
-1.551086e-06	-0.0201824
-1.549086e-06	-0.0201208
-1.547086e-06	-0.0201824
-1.545086e-06	-0.020244
-1.543086e-06	-0.0202132
-1.541086e-06	-0.0201516
-1.539086e-06	-0.020244
-1.537086e-06	-0.020244
-1.535086e-06	-0.0199668
-1.533086e-06	-0.0200592
-1.531086e-06	-0.0197204
-1.529086e-06	-0.0195664
-1.527086e-06	-0.0198128
-1.525086e-06	-0.019936
-1.523086e-06	-0.0197204
-1.521086e-06	-0.019474
-1.519086e-06	-0.019782
-1.517086e-06	-0.0198744
-1.515086e-06	-0.0196588
-1.513086e-06	-0.0197204
-1.511086e-06	-0.0195972
-1.509086e-06	-0.0197512
-1.507086e-06	-0.0197512
-1.505086e-06	-0.0195356
-1.503086e-06	-0.019012
-1.501086e-06	-0.0192584
-1.499086e-06	-0.0193508
-1.497086e-06	-0.0193816
-1.495086e-06	-0.0195972
-1.493086e-06	-0.0197204
-1.491086e-06	-0.0201208
-1.489086e-06	-0.0202132
-1.487086e-06	-0.0198128
-1.485086e-06	-0.0196588
-1.483086e-06	-0.0198744
-1.481086e-06	-0.0195048
-1.479086e-06	-0.0194124
-1.477086e-06	-0.0190428
-1.475086e-06	-0.0184884
-1.473086e-06	-0.0185808
-1.471086e-06	-0.018242
-1.469086e-06	-0.0182728
-1.467086e-06	-0.0183036
-1.465086e-06	-0.0183344
-1.463086e-06	-0.0185192
-1.461086e-06	-0.0181804
-1.459086e-06	-0.018242
-1.457086e-06	-0.0181804
-1.455086e-06	-0.0182728
-1.453086e-06	-0.0183036
-1.451086e-06	-0.0183036
-1.449086e-06	-0.0177492
-1.447086e-06	-0.0173796
-1.445086e-06	-0.0175028
-1.443086e-06	-0.0175952
-1.441086e-06	-0.017472
-1.439086e-06	-0.01778
-1.437086e-06	-0.017626
-1.435086e-06	-0.0176876
-1.433086e-06	-0.0179956
-1.431086e-06	-0.0181804
-1.429086e-06	-0.0183344
-1.427086e-06	-0.018396
-1.425086e-06	-0.0181188
-1.423086e-06	-0.018396
-1.421086e-06	-0.0186116
-1.419086e-06	-0.018704
-1.417086e-06	-0.0183652
-1.415086e-06	-0.0185808
-1.413086e-06	-0.0185808
-1.411086e-06	-0.018704
-1.409086e-06	-0.0186116
-1.407086e-06	-0.0185192
-1.405086e-06	-0.0184576
-1.403086e-06	-0.01855
-1.401086e-06	-0.0182112
-1.399086e-06	-0.0180572
-1.397086e-06	-0.0177184
-1.395086e-06	-0.0179648
-1.393086e-06	-0.017934
-1.391086e-06	-0.0180264
-1.389086e-06	-0.017626
-1.387086e-06	-0.0176568
-1.385086e-06	-0.0176568
-1.383086e-06	-0.01778
-1.381086e-06	-0.0178108
-1.379086e-06	-0.0181496
-1.377086e-06	-0.018088
-1.375086e-06	-0.0181804
-1.373086e-06	-0.018242
-1.371086e-06	-0.0183652
-1.369086e-06	-0.0183652
-1.367086e-06	-0.0184576
-1.365086e-06	-0.0185192
-1.363086e-06	-0.0185192
-1.361086e-06	-0.0185808
-1.359086e-06	-0.0186732
-1.357086e-06	-0.0186732
-1.355086e-06	-0.0189812
-1.353086e-06	-0.0189504
-1.351086e-06	-0.0191044
-1.349086e-06	-0.0189812
-1.347086e-06	-0.0189812
-1.345086e-06	-0.0186732
-1.343086e-06	-0.0186116
-1.341086e-06	-0.0188888
-1.339086e-06	-0.0189504
-1.337086e-06	-0.019012
-1.335086e-06	-0.0192892
-1.333086e-06	-0.0191968
-1.331086e-06	-0.019474
-1.329086e-06	-0.0197512
-1.327086e-06	-0.0195972
-1.325086e-06	-0.0195664
-1.323086e-06	-0.019628
-1.321086e-06	-0.019628
-1.319086e-06	-0.0195048
-1.317086e-06	-0.0195356
-1.315086e-06	-0.0197204
-1.313086e-06	-0.0194124
-1.311086e-06	-0.0193508
-1.309086e-06	-0.019166
-1.307086e-06	-0.0192892
-1.305086e-06	-0.019166
-1.303086e-06	-0.019012
-1.301086e-06	-0.0190736
-1.299086e-06	-0.0189812
-1.297086e-06	-0.0187656
-1.295086e-06	-0.018858
-1.293086e-06	-0.0186732
-1.291086e-06	-0.0185808
-1.289086e-06	-0.0182112
-1.287086e-06	-0.0180264
-1.285086e-06	-0.0175644
-1.283086e-06	-0.017164
-1.281086e-06	-0.0171948
-1.279086e-06	-0.0169792
-1.277086e-06	-0.0169176
-1.275086e-06	-0.0167328
-1.273086e-06	-0.0165172
-1.271086e-06	-0.0161476
-1.269086e-06	-0.0157164
-1.267086e-06	-0.0157472
-1.265086e-06	-0.0153776
-1.263086e-06	-0.0152544
-1.261086e-06	-0.0152544
-1.259086e-06	-0.0155932
-1.257086e-06	-0.0148848
-1.255086e-06	-0.0147308
-1.253086e-06	-0.0140532
-1.251086e-06	-0.0140224
-1.249086e-06	-0.0140532
-1.247086e-06	-0.0142072
-1.245086e-06	-0.0140532
-1.243086e-06	-0.0143612
-1.241086e-06	-0.0141456
-1.239086e-06	-0.0139608
-1.237086e-06	-0.0140532
-1.235086e-06	-0.0142996
-1.233086e-06	-0.0144536
-1.231086e-06	-0.0147616
-1.229086e-06	-0.0147308
-1.227086e-06	-0.0151004
-1.225086e-06	-0.0151928
-1.223086e-06	-0.0153468
-1.221086e-06	-0.015316
-1.219086e-06	-0.0153468
-1.217086e-06	-0.0155316
-1.215086e-06	-0.015778
-1.213086e-06	-0.0155624
-1.211086e-06	-0.015624
-1.209086e-06	-0.0155008
-1.207086e-06	-0.015624
-1.205086e-06	-0.0153468
-1.203086e-06	-0.015624
-1.201086e-06	-0.0155932
-1.199086e-06	-0.0153468
-1.197086e-06	-0.0148232
-1.195086e-06	-0.0150388
-1.193086e-06	-0.0150696
-1.191086e-06	-0.0149156
-1.189086e-06	-0.0148848
-1.187086e-06	-0.0151004
-1.185086e-06	-0.0150696
-1.183086e-06	-0.0150388
-1.181086e-06	-0.0149464
-1.179086e-06	-0.0152852
-1.177086e-06	-0.0149156
-1.175086e-06	-0.0148232
-1.173086e-06	-0.0149156
-1.171086e-06	-0.015162
-1.169086e-06	-0.0156856
-1.167086e-06	-0.0158704
-1.165086e-06	-0.015932
-1.163086e-06	-0.01624
-1.161086e-06	-0.0164556
-1.159086e-06	-0.0164248
-1.157086e-06	-0.0164248
-1.155086e-06	-0.0165788
-1.153086e-06	-0.0167636
-1.151086e-06	-0.0167328
-1.149086e-06	-0.0168252
-1.147086e-06	-0.0172564
-1.145086e-06	-0.0171948
-1.143086e-06	-0.017472
-1.141086e-06	-0.017626
-1.139086e-06	-0.0177184
-1.137086e-06	-0.0175028
-1.135086e-06	-0.0177492
-1.133086e-06	-0.0172872
-1.131086e-06	-0.0176876
-1.129086e-06	-0.0177184
-1.127086e-06	-0.0178416
-1.125086e-06	-0.0176568
-1.123086e-06	-0.0173488
-1.121086e-06	-0.0172256
-1.119086e-06	-0.0170716
-1.117086e-06	-0.016856
-1.115086e-06	-0.017164
-1.113086e-06	-0.0163632
-1.111086e-06	-0.0163324
-1.109086e-06	-0.0159936
-1.107086e-06	-0.0159628
-1.105086e-06	-0.0160244
-1.103086e-06	-0.0161784
-1.101086e-06	-0.0158088
-1.099086e-06	-0.015778
-1.097086e-06	-0.0155316
-1.095086e-06	-0.015778
-1.093086e-06	-0.015624
-1.091086e-06	-0.0155624
-1.089086e-06	-0.0154392
-1.087086e-06	-0.0157472
-1.085086e-06	-0.0155316
-1.083086e-06	-0.0156548
-1.081086e-06	-0.0155316
-1.079086e-06	-0.0152544
-1.077086e-06	-0.0152544
-1.075086e-06	-0.015316
-1.073086e-06	-0.0148848
-1.071086e-06	-0.0147
-1.069086e-06	-0.0146384
-1.067086e-06	-0.0144228
-1.065086e-06	-0.0139608
-1.063086e-06	-0.01393
-1.061086e-06	-0.0137144
-1.059086e-06	-0.0138376
-1.057086e-06	-0.0132524
-1.055086e-06	-0.0132216
-1.053086e-06	-0.0130984
-1.051086e-06	-0.0130676
-1.049086e-06	-0.0131292
-1.047086e-06	-0.0130984
-1.045086e-06	-0.0127904
-1.043086e-06	-0.0130984
-1.041086e-06	-0.0132216
-1.039086e-06	-0.0133756
-1.037086e-06	-0.013314
-1.035086e-06	-0.0136836
-1.033086e-06	-0.0135604
-1.031086e-06	-0.0138068
-1.029086e-06	-0.0140224
-1.027086e-06	-0.0142996
-1.025086e-06	-0.014238
-1.023086e-06	-0.0141764
-1.021086e-06	-0.0142996
-1.019086e-06	-0.0147308
-1.017086e-06	-0.0143612
-1.015086e-06	-0.0145152
-1.013086e-06	-0.0144536
-1.011086e-06	-0.0146692
-1.009086e-06	-0.0147616
-1.007086e-06	-0.0151312
-1.005086e-06	-0.0150388
-1.003086e-06	-0.0155932
-1.001086e-06	-0.015778
-9.990862e-07	-0.0161476
-9.970862e-07	-0.0163016
-9.950862e-07	-0.016856
-9.930862e-07	-0.0168868
-9.910862e-07	-0.0172872
-9.890862e-07	-0.0171948
-9.870862e-07	-0.0172872
-9.850862e-07	-0.017318
-9.830862e-07	-0.0175952
-9.810862e-07	-0.0173488
-9.790862e-07	-0.0173796
-9.770862e-07	-0.0173488
-9.750862e-07	-0.0173796
-9.730862e-07	-0.0174104
-9.710862e-07	-0.0175336
-9.690862e-07	-0.0173488
-9.670862e-07	-0.0171332
-9.650862e-07	-0.0172256
-9.630862e-07	-0.0175028
-9.610862e-07	-0.0173796
-9.590862e-07	-0.017164
-9.570862e-07	-0.0169792
-9.550862e-07	-0.0173796
-9.530862e-07	-0.0172564
-9.510862e-07	-0.017472
-9.490862e-07	-0.0174412
-9.470862e-07	-0.0171332
-9.450862e-07	-0.0172256
-9.430862e-07	-0.0172872
-9.410862e-07	-0.0175644
-9.390862e-07	-0.01778
-9.370862e-07	-0.0176876
-9.350862e-07	-0.018242
-9.330862e-07	-0.0185192
-9.310862e-07	-0.0189196
-9.290862e-07	-0.0187348
-9.270862e-07	-0.0188888
-9.250862e-07	-0.0191968
-9.230862e-07	-0.0192584
-9.210862e-07	-0.0188888
-9.190862e-07	-0.019012
-9.170862e-07	-0.0191044
-9.150862e-07	-0.0194124
-9.130862e-07	-0.0191968
-9.110862e-07	-0.0191352
-9.090862e-07	-0.0193816
-9.070862e-07	-0.0194432
-9.050862e-07	-0.0192892
-9.030862e-07	-0.0192276
-9.010862e-07	-0.0195664
-8.990862e-07	-0.0195972
-8.970862e-07	-0.0193508
-8.950862e-07	-0.0194124
-8.930862e-07	-0.0192276
-8.910862e-07	-0.0191968
-8.890862e-07	-0.0191044
-8.870862e-07	-0.019012
-8.850862e-07	-0.018858
-8.830862e-07	-0.018704
-8.810862e-07	-0.018396
-8.790862e-07	-0.018088
-8.770862e-07	-0.0182112
-8.750862e-07	-0.018396
-8.730862e-07	-0.0186116
-8.710862e-07	-0.0184884
-8.690862e-07	-0.0184268
-8.670862e-07	-0.0183652
-8.650862e-07	-0.018088
-8.630862e-07	-0.0183344
-8.610862e-07	-0.0185808
-8.590862e-07	-0.0187348
-8.570862e-07	-0.0186424
-8.550862e-07	-0.0187964
-8.530862e-07	-0.0186116
-8.510862e-07	-0.019012
-8.490862e-07	-0.0191352
-8.470862e-07	-0.0194432
-8.450862e-07	-0.0195048
-8.430862e-07	-0.0198436
-8.410862e-07	-0.0195356
-8.390862e-07	-0.0192892
-8.370862e-07	-0.01932
-8.350862e-07	-0.0195356
-8.330862e-07	-0.0192584
-8.310862e-07	-0.0190428
-8.290862e-07	-0.0189504
-8.270862e-07	-0.0191352
-8.250862e-07	-0.0188272
-8.230862e-07	-0.018858
-8.210862e-07	-0.0187964
-8.190862e-07	-0.0185808
-8.170862e-07	-0.0180572
-8.150862e-07	-0.0182728
-8.130862e-07	-0.0183652
-8.110862e-07	-0.01855
-8.090862e-07	-0.0184576
-8.070862e-07	-0.0185808
-8.050862e-07	-0.0184268
-8.030862e-07	-0.0187964
-8.010862e-07	-0.0189812
-7.990862e-07	-0.0189504
-7.970862e-07	-0.0189812
-7.950862e-07	-0.019166
-7.930862e-07	-0.0190736
-7.910862e-07	-0.0187964
-7.890862e-07	-0.0188272
-7.870862e-07	-0.0187964
-7.850862e-07	-0.018704
-7.830862e-07	-0.0190736
-7.810862e-07	-0.0191044
-7.790862e-07	-0.019166
-7.770862e-07	-0.0190736
-7.750862e-07	-0.0188272
-7.730862e-07	-0.0187964
-7.710862e-07	-0.019012
-7.690862e-07	-0.0189812
-7.670862e-07	-0.0190428
-7.650862e-07	-0.0188888
-7.630862e-07	-0.0188272
-7.610862e-07	-0.0187964
-7.590862e-07	-0.0188272
-7.570862e-07	-0.0189812
-7.550862e-07	-0.0189504
-7.530862e-07	-0.0189504
-7.510862e-07	-0.019012
-7.490862e-07	-0.0187348
-7.470862e-07	-0.0190428
-7.450862e-07	-0.018858
-7.430862e-07	-0.018858
-7.410862e-07	-0.0188888
-7.390862e-07	-0.019012
-7.370862e-07	-0.0190736
-7.350862e-07	-0.018858
-7.330862e-07	-0.01855
-7.310862e-07	-0.0187656
-7.290862e-07	-0.0188272
-7.270862e-07	-0.018858
-7.250862e-07	-0.0188888
-7.230862e-07	-0.0189196
-7.210862e-07	-0.0186732
-7.190862e-07	-0.018858
-7.170862e-07	-0.018396
-7.150862e-07	-0.0184268
-7.130862e-07	-0.0184576
-7.110862e-07	-0.0183036
-7.090862e-07	-0.0185808
-7.070862e-07	-0.0185192
-7.050862e-07	-0.0183344
-7.030862e-07	-0.0183036
-7.010862e-07	-0.0184268
-6.990862e-07	-0.0187964
-6.970862e-07	-0.0186732
-6.950862e-07	-0.0187348
-6.930862e-07	-0.0187964
-6.910862e-07	-0.0187656
-6.890862e-07	-0.0185808
-6.870862e-07	-0.0187656
-6.850862e-07	-0.0187964
-6.830862e-07	-0.018858
-6.810862e-07	-0.0188888
-6.790862e-07	-0.0186424
-6.770862e-07	-0.018858
-6.750862e-07	-0.0191352
-6.730862e-07	-0.0191044
-6.710862e-07	-0.0187964
-6.690862e-07	-0.0186116
-6.670862e-07	-0.0185808
-6.650862e-07	-0.0186116
-6.630862e-07	-0.0186424
-6.610862e-07	-0.0189196
-6.590862e-07	-0.0190428
-6.570862e-07	-0.0189504
-6.550862e-07	-0.019012
-6.530862e-07	-0.0187964
-6.510862e-07	-0.0192892
-6.490862e-07	-0.0190428
-6.470862e-07	-0.0192584
-6.450862e-07	-0.0189196
-6.430862e-07	-0.0190428
-6.410862e-07	-0.0186116
-6.390862e-07	-0.0189812
-6.370862e-07	-0.01932
-6.350862e-07	-0.0195972
-6.330862e-07	-0.0194432
-6.310862e-07	-0.0194124
-6.290862e-07	-0.0193816
-6.270862e-07	-0.0193816
-6.250862e-07	-0.0190736
-6.230862e-07	-0.0189504
-6.210862e-07	-0.018704
-6.190862e-07	-0.0195356
-6.170862e-07	-0.0197204
-6.150862e-07	-0.019782
-6.130862e-07	-0.019474
-6.110862e-07	-0.0199052
-6.090862e-07	-0.019936
-6.070862e-07	-0.0200284
-6.050862e-07	-0.0199668
-6.030862e-07	-0.0199052
-6.010862e-07	-0.0199668
-5.990862e-07	-0.0201208
-5.970862e-07	-0.0202132
-5.950862e-07	-0.0202132
-5.930862e-07	-0.0199668
-5.910862e-07	-0.0201208
-5.890862e-07	-0.0201824
-5.870862e-07	-0.0205212
-5.850862e-07	-0.0205828
-5.830862e-07	-0.0208292
-5.810862e-07	-0.0207368
-5.790862e-07	-0.0210756
-5.770862e-07	-0.0208292
-5.750862e-07	-0.0212604
-5.730862e-07	-0.0209524
-5.710862e-07	-0.0210448
-5.690862e-07	-0.020706
-5.670862e-07	-0.020706
-5.650862e-07	-0.0205828
-5.630862e-07	-0.0204288
-5.610862e-07	-0.0199976
-5.590862e-07	-0.0196896
-5.570862e-07	-0.0191352
-5.550862e-07	-0.019166
-5.530862e-07	-0.0187656
-5.510862e-07	-0.0189504
-5.490862e-07	-0.0189504
-5.470862e-07	-0.0186732
-5.450862e-07	-0.01855
-5.430862e-07	-0.0186116
-5.410862e-07	-0.018858
-5.390862e-07	-0.0189504
-5.370862e-07	-0.018858
-5.350862e-07	-0.019012
-5.330862e-07	-0.0195048
-5.310862e-07	-0.0195664
-5.290862e-07	-0.0199052
-5.270862e-07	-0.0198744
-5.250862e-07	-0.02009
-5.230862e-07	-0.0199052
-5.210862e-07	-0.0200592
-5.190862e-07	-0.0200284
-5.170862e-07	-0.0198744
-5.150862e-07	-0.0199668
-5.130862e-07	-0.0200592
-5.110862e-07	-0.02009
-5.090862e-07	-0.0204288
-5.070862e-07	-0.0205212
-5.050862e-07	-0.0205212
-5.030862e-07	-0.0206752
-5.010862e-07	-0.0204904
-4.990862e-07	-0.0207676
-4.970862e-07	-0.0204904
-4.950862e-07	-0.0206444
-4.930862e-07	-0.020706
-4.910862e-07	-0.0206136
-4.890862e-07	-0.0205828
-4.870862e-07	-0.020552
-4.850862e-07	-0.020706
-4.830862e-07	-0.0207984
-4.810862e-07	-0.020552
-4.790862e-07	-0.0204288
-4.770862e-07	-0.020552
-4.750862e-07	-0.020552
-4.730862e-07	-0.0203672
-4.710862e-07	-0.020398
-4.690862e-07	-0.020552
-4.670862e-07	-0.0207368
-4.650862e-07	-0.0209216
-4.630862e-07	-0.021168
-4.610862e-07	-0.021476
-4.590862e-07	-0.0217224
-4.570862e-07	-0.021476
-4.550862e-07	-0.0212912
-4.530862e-07	-0.0214144
-4.510862e-07	-0.0211988
-4.490862e-07	-0.021014
-4.470862e-07	-0.0209524
-4.450862e-07	-0.0210448
-4.430862e-07	-0.0211988
-4.410862e-07	-0.0208292
-4.390862e-07	-0.0208908
-4.370862e-07	-0.0204904
-4.350862e-07	-0.0204288
-4.330862e-07	-0.0202132
-4.310862e-07	-0.0199976
-4.290862e-07	-0.0195664
-4.270862e-07	-0.0198436
-4.250862e-07	-0.0197512
-4.230862e-07	-0.0194432
-4.210862e-07	-0.0195664
-4.190862e-07	-0.0199052
-4.170862e-07	-0.0198128
-4.150862e-07	-0.0198436
-4.130862e-07	-0.0197512
-4.110862e-07	-0.019936
-4.090862e-07	-0.0197204
-4.070862e-07	-0.0193816
-4.050862e-07	-0.0194432
-4.030862e-07	-0.0196896
-4.010862e-07	-0.0195664
-3.990862e-07	-0.0191968
-3.970862e-07	-0.0192584
-3.950862e-07	-0.01932
-3.930862e-07	-0.0194432
-3.910862e-07	-0.0192584
-3.890862e-07	-0.0194124
-3.870862e-07	-0.0195356
-3.850862e-07	-0.0199052
-3.830862e-07	-0.0198744
-3.810862e-07	-0.0199976
-3.790862e-07	-0.0199052
-3.770862e-07	-0.0201516
-3.750862e-07	-0.0204596
-3.730862e-07	-0.0204288
-3.710862e-07	-0.0198128
-3.690862e-07	-0.0194432
-3.670862e-07	-0.019628
-3.650862e-07	-0.019628
-3.630862e-07	-0.019782
-3.610862e-07	-0.0200284
-3.590862e-07	-0.0198128
-3.570862e-07	-0.0194124
-3.550862e-07	-0.0196588
-3.530862e-07	-0.0194432
-3.510862e-07	-0.0193816
-3.490862e-07	-0.0193508
-3.470862e-07	-0.0191968
-3.450862e-07	-0.0189812
-3.430862e-07	-0.0190428
-3.410862e-07	-0.0188888
-3.390862e-07	-0.0188272
-3.370862e-07	-0.0187348
-3.350862e-07	-0.0190428
-3.330862e-07	-0.018858
-3.310862e-07	-0.0192892
-3.290862e-07	-0.0195048
-3.270862e-07	-0.0192892
-3.250862e-07	-0.0193816
-3.230862e-07	-0.0196588
-3.210862e-07	-0.0195664
-3.190862e-07	-0.019474
-3.170862e-07	-0.0194124
-3.150862e-07	-0.0194432
-3.130862e-07	-0.0193508
-3.110862e-07	-0.0191968
-3.090862e-07	-0.0191352
-3.070862e-07	-0.0194124
-3.050862e-07	-0.019012
-3.030862e-07	-0.0190736
-3.010862e-07	-0.018858
-2.990862e-07	-0.0187656
-2.970862e-07	-0.0183652
-2.950862e-07	-0.0181804
-2.930862e-07	-0.0176876
-2.910862e-07	-0.01778
-2.890862e-07	-0.0175644
-2.870862e-07	-0.0175336
-2.850862e-07	-0.017934
-2.830862e-07	-0.0177492
-2.810862e-07	-0.0175952
-2.790862e-07	-0.0175952
-2.770862e-07	-0.017626
-2.750862e-07	-0.0180264
-2.730862e-07	-0.0179648
-2.710862e-07	-0.0175336
-2.690862e-07	-0.017626
-2.670862e-07	-0.0178108
-2.650862e-07	-0.0174412
-2.630862e-07	-0.0179648
-2.610862e-07	-0.0177184
-2.590862e-07	-0.017934
-2.570862e-07	-0.0176876
-2.550862e-07	-0.0176876
-2.530862e-07	-0.0182112
-2.510862e-07	-0.0181804
-2.490862e-07	-0.0180264
-2.470862e-07	-0.0182112
-2.450862e-07	-0.0181496
-2.430862e-07	-0.0183344
-2.410862e-07	-0.0183344
-2.390862e-07	-0.01855
-2.370862e-07	-0.0186732
-2.350862e-07	-0.0185808
-2.330862e-07	-0.0183036
-2.310862e-07	-0.0185192
-2.290862e-07	-0.018242
-2.270862e-07	-0.018396
-2.250862e-07	-0.0184884
-2.230862e-07	-0.0184576
-2.210862e-07	-0.0183652
-2.190862e-07	-0.0190428
-2.170862e-07	-0.0188888
-2.150862e-07	-0.0189196
-2.130862e-07	-0.01855
-2.110862e-07	-0.018704
-2.090862e-07	-0.0184268
-2.070862e-07	-0.018396
-2.050862e-07	-0.01778
-2.030862e-07	-0.018088
-2.010862e-07	-0.0176568
-1.990862e-07	-0.0173488
-1.970862e-07	-0.0176568
-1.950862e-07	-0.0176568
-1.930862e-07	-0.0166712
-1.910862e-07	-0.0164556
-1.890862e-07	-0.016702
-1.870862e-07	-0.016702
-1.850862e-07	-0.0167328
-1.830862e-07	-0.0169792
-1.810862e-07	-0.0169176
-1.790862e-07	-0.0166712
-1.770862e-07	-0.0167944
-1.750862e-07	-0.0175644
-1.730862e-07	-0.0176876
-1.710862e-07	-0.0176568
-1.690862e-07	-0.0172256
-1.670862e-07	-0.01701
-1.650862e-07	-0.0171024
-1.630862e-07	-0.017318
-1.610862e-07	-0.0171332
-1.590862e-07	-0.0168868
-1.570862e-07	-0.0167636
-1.550862e-07	-0.0172564
-1.530862e-07	-0.0169792
-1.510862e-07	-0.0169484
-1.490862e-07	-0.0166712
-1.470862e-07	-0.0169484
-1.450862e-07	-0.0169176
-1.430862e-07	-0.0172872
-1.410862e-07	-0.0174104
-1.390862e-07	-0.0174104
-1.370862e-07	-0.0172256
-1.350862e-07	-0.017318
-1.330862e-07	-0.017318
-1.310862e-07	-0.0169484
-1.290862e-07	-0.016856
-1.270862e-07	-0.0167636
-1.250862e-07	-0.0166404
-1.230862e-07	-0.0165172
-1.210862e-07	-0.0164864
-1.190862e-07	-0.0163016
-1.170862e-07	-0.0161476
-1.150862e-07	-0.0162092
-1.130862e-07	-0.0164864
-1.110862e-07	-0.0163016
-1.090862e-07	-0.0162708
-1.070862e-07	-0.0166404
-1.050862e-07	-0.0166404
-1.030862e-07	-0.0164248
-1.010862e-07	-0.0163324
-9.908616e-08	-0.0167944
-9.708616e-08	-0.0167328
-9.508616e-08	-0.0166712
-9.308616e-08	-0.0163016
-9.108616e-08	-0.0161168
-8.908616e-08	-0.0160244
-8.708616e-08	-0.0168252
-8.508616e-08	-0.0169176
-8.308616e-08	-0.0168868
-8.108616e-08	-0.0164248
-7.908616e-08	-0.0168252
-7.708616e-08	-0.0171948
-7.508616e-08	-0.0175336
-7.308616e-08	-0.0171332
-7.108616e-08	-0.0172256
-6.908616e-08	-0.0175028
-6.708616e-08	-0.0179956
-6.508616e-08	-0.018088
-6.308616e-08	-0.018396
-6.108616e-08	-0.0184884
-5.908616e-08	-0.018704
-5.708616e-08	-0.0185808
-5.508616e-08	-0.0182112
-5.308616e-08	-0.018088
-5.108616e-08	-0.0181188
-4.908616e-08	-0.0177184
-4.708616e-08	-0.0175644
-4.508616e-08	-0.0175952
-4.308616e-08	-0.01778
-4.108616e-08	-0.0176876
-3.908616e-08	-0.0174412
-3.708616e-08	-0.0171948
-3.508616e-08	-0.017472
-3.308616e-08	-0.0173796
-3.108616e-08	-0.0169176
-2.908616e-08	-0.0167944
-2.708616e-08	-0.0170716
-2.508616e-08	-0.0167636
-2.308616e-08	-0.0162708
-2.108616e-08	-0.0163632
-1.908616e-08	-0.0166404
-1.708616e-08	-0.0163632
-1.508616e-08	-0.0164248
-1.308616e-08	-0.0164248
-1.108616e-08	-0.0163632
-9.086158e-09	-0.0163016
-7.086158e-09	-0.0161168
-5.086158e-09	-0.0158704
-3.086158e-09	-0.015932
-1.086158e-09	-0.0158396
9.138423e-10	-0.0152852
2.913842e-09	-0.0150388
4.913842e-09	-0.0151312
6.913842e-09	-0.015316
8.913842e-09	-0.0152852
1.091384e-08	-0.015008
1.291384e-08	-0.0152544
1.491384e-08	-0.0151004
1.691384e-08	-0.0152236
1.891384e-08	-0.0146384
2.091384e-08	-0.0149464
2.291384e-08	-0.0150696
2.491384e-08	-0.0150696
2.691384e-08	-0.0148232
2.891384e-08	-0.0147924
3.091384e-08	-0.0146384
3.291384e-08	-0.014546
3.491384e-08	-0.0150696
3.691384e-08	-0.0149772
3.891384e-08	-0.0147
4.091384e-08	-0.0145152
4.291384e-08	-0.0144536
4.491384e-08	-0.0143304
4.691384e-08	-0.0146076
4.891384e-08	-0.0146692
5.091384e-08	-0.0145768
5.291384e-08	-0.0147
5.491384e-08	-0.0146384
5.691384e-08	-0.0146384
5.891384e-08	-0.0148848
6.091384e-08	-0.0152544
6.291384e-08	-0.0154392
6.491384e-08	-0.0155932
6.691384e-08	-0.0157164
6.891384e-08	-0.0161476
7.091384e-08	-0.0161168
7.291384e-08	-0.0163324
7.491384e-08	-0.0164556
7.691384e-08	-0.016548
7.891384e-08	-0.016548
8.091384e-08	-0.0167328
8.291384e-08	-0.0168868
8.491384e-08	-0.0169176
8.691384e-08	-0.0168252
8.891384e-08	-0.0168252
9.091384e-08	-0.0169792
9.291384e-08	-0.0175952
9.491384e-08	-0.0177184
9.691384e-08	-0.0180572
9.891384e-08	-0.018088
1.009138e-07	-0.0183652
1.029138e-07	-0.0182728
1.049138e-07	-0.0183652
1.069138e-07	-0.0183652
1.089138e-07	-0.0186424
1.109138e-07	-0.0187964
1.129138e-07	-0.0187964
1.149138e-07	-0.0189812
1.169138e-07	-0.019012
1.189138e-07	-0.0191968
1.209138e-07	-0.0193508
1.229138e-07	-0.0194432
1.249138e-07	-0.0198744
1.269138e-07	-0.0199052
1.289138e-07	-0.0199052
1.309138e-07	-0.0198128
1.329138e-07	-0.0197204
1.349138e-07	-0.0186732
1.369138e-07	-0.0168868
1.389138e-07	-0.0141764
1.409138e-07	-0.0103572
1.429138e-07	-0.0058296
1.449138e-07	-0.0014868
1.469138e-07	0.0031024
1.489138e-07	0.007322
1.509138e-07	0.0115108
1.529138e-07	0.0152376
1.549138e-07	0.0186256
1.569138e-07	0.0215516
1.589138e-07	0.0244776
1.609138e-07	0.0273728
1.629138e-07	0.0301756
1.649138e-07	0.0322084
1.669138e-07	0.0339332
1.689138e-07	0.0352576
1.709138e-07	0.0366744
1.729138e-07	0.037814
1.749138e-07	0.0383992
1.769138e-07	0.0390152
1.789138e-07	0.0397236
1.809138e-07	0.0400932
1.829138e-07	0.0401548
1.849138e-07	0.0404012
1.869138e-07	0.0404936
1.889138e-07	0.0405244
1.909138e-07	0.0404012
1.929138e-07	0.0399084
1.949138e-07	0.0392308
1.969138e-07	0.038892
1.989138e-07	0.038584
2.009138e-07	0.0377832
2.029138e-07	0.0373828
2.049138e-07	0.0369824
2.069138e-07	0.036736
2.089138e-07	0.0363356
2.109138e-07	0.0352576
2.129138e-07	0.0341488
2.149138e-07	0.0333788
2.169138e-07	0.0325164
2.189138e-07	0.0317772
2.209138e-07	0.0311304
2.229138e-07	0.0303296
2.249138e-07	0.0292824
2.269138e-07	0.0286356
2.289138e-07	0.0275268
2.309138e-07	0.0266028
2.329138e-07	0.0259868
2.349138e-07	0.0250628
2.369138e-07	0.024108
2.389138e-07	0.0232148
2.409138e-07	0.02226
2.429138e-07	0.0216748
2.449138e-07	0.0205044
2.469138e-07	0.0198884
2.489138e-07	0.0191492
2.509138e-07	0.0183484
2.529138e-07	0.0177632
2.549138e-07	0.0167776
2.569138e-07	0.0158844
2.589138e-07	0.0151452
2.609138e-07	0.0145292
2.629138e-07	0.0141288
2.649138e-07	0.013328
2.669138e-07	0.012866
2.689138e-07	0.012096
2.709138e-07	0.0114492
2.729138e-07	0.0106484
2.749138e-07	0.0100324
2.769138e-07	0.0092932
2.789138e-07	0.0086464
2.809138e-07	0.0079996
2.829138e-07	0.0073836
2.849138e-07	0.0066444
2.869138e-07	0.006244
2.889138e-07	0.0053816
2.909138e-07	0.0046116
2.929138e-07	0.0039032
2.949138e-07	0.0035644
2.969138e-07	0.0027328
2.989138e-07	0.00224
3.009138e-07	0.0017164
3.029138e-07	0.0013468
3.049138e-07	0.0007924
3.069138e-07	0.000392
3.089138e-07	-0.0004396
3.109138e-07	-0.0009632
3.129138e-07	-0.0017332
3.149138e-07	-0.0022568
3.169138e-07	-0.0030576
3.189138e-07	-0.0035196
3.209138e-07	-0.0035812
3.229138e-07	-0.0040432
3.249138e-07	-0.0048132
3.269138e-07	-0.005306
3.289138e-07	-0.0058912
3.309138e-07	-0.0061068
3.329138e-07	-0.006538
3.349138e-07	-0.007154
3.369138e-07	-0.0073696
3.389138e-07	-0.0078932
3.409138e-07	-0.0084168
3.429138e-07	-0.0084476
3.449138e-07	-0.00854
3.469138e-07	-0.0084476
3.489138e-07	-0.0087864
3.509138e-07	-0.008694
3.529138e-07	-0.0086324
3.549138e-07	-0.0087556
3.569138e-07	-0.0090636
3.589138e-07	-0.0095564
3.609138e-07	-0.0098336
3.629138e-07	-0.0099876
3.649138e-07	-0.0102648
3.669138e-07	-0.010542
3.689138e-07	-0.0108808
3.709138e-07	-0.0107576
3.729138e-07	-0.0107268
3.749138e-07	-0.0106036
3.769138e-07	-0.0104188
3.789138e-07	-0.0101724
3.809138e-07	-0.0104496
3.829138e-07	-0.010388
3.849138e-07	-0.0106652
3.869138e-07	-0.0107884
3.889138e-07	-0.0112196
3.909138e-07	-0.0111888
3.929138e-07	-0.01162
3.949138e-07	-0.0116508
3.969138e-07	-0.0120204
3.989138e-07	-0.0118972
4.009138e-07	-0.0120512
4.029138e-07	-0.0124208
4.049138e-07	-0.0126364
4.069138e-07	-0.0126672
4.089138e-07	-0.012544
4.109138e-07	-0.0125132
4.129138e-07	-0.0126672
4.149138e-07	-0.0125748
4.169138e-07	-0.0129136
4.189138e-07	-0.0129444
4.209138e-07	-0.0130368
4.229138e-07	-0.0132832
4.249138e-07	-0.0134988
4.269138e-07	-0.0130984
4.289138e-07	-0.01316
4.309138e-07	-0.0133448
4.329138e-07	-0.0133756
4.349138e-07	-0.0133448
4.369138e-07	-0.0138376
4.389138e-07	-0.0139916
4.409138e-07	-0.0144844
4.429138e-07	-0.0148848
4.449138e-07	-0.0149156
4.469138e-07	-0.015316
4.489138e-07	-0.015162
4.509138e-07	-0.0151928
4.529138e-07	-0.0149772
4.549138e-07	-0.0148232
4.569138e-07	-0.0147924
4.589138e-07	-0.0151004
4.609138e-07	-0.0153468
4.629138e-07	-0.0147924
4.649138e-07	-0.014854
4.669138e-07	-0.0150696
4.689138e-07	-0.0148232
4.709138e-07	-0.0144536
4.729138e-07	-0.0145768
4.749138e-07	-0.0141456
4.769138e-07	-0.014084
4.789138e-07	-0.0142072
4.809138e-07	-0.0141456
4.829138e-07	-0.014392
4.849138e-07	-0.0146384
4.869138e-07	-0.0145768
4.889138e-07	-0.014546
4.909138e-07	-0.0146076
4.929138e-07	-0.0147
4.949138e-07	-0.0146692
4.969138e-07	-0.014854
4.989138e-07	-0.014854
5.009138e-07	-0.0148232
5.029138e-07	-0.0147616
5.049138e-07	-0.0149156
5.069138e-07	-0.0152544
5.089138e-07	-0.0157472
5.109138e-07	-0.01547
5.129138e-07	-0.0154084
5.149138e-07	-0.0154084
5.169138e-07	-0.015624
5.189138e-07	-0.0155316
5.209138e-07	-0.0153468
5.229138e-07	-0.0152236
5.249138e-07	-0.0153776
5.269138e-07	-0.0156856
5.289138e-07	-0.015932
5.309138e-07	-0.016086
5.329138e-07	-0.0161476
5.349138e-07	-0.016394
5.369138e-07	-0.0166096
5.389138e-07	-0.0168252
5.409138e-07	-0.0167328
5.429138e-07	-0.0164556
5.449138e-07	-0.0163324
5.469138e-07	-0.0167636
5.489138e-07	-0.0171332
5.509138e-07	-0.0171948
5.529138e-07	-0.0170408
5.549138e-07	-0.017318
5.569138e-07	-0.0175336
5.589138e-07	-0.0175952
5.609138e-07	-0.0178724
5.629138e-07	-0.0176876
5.649138e-07	-0.0180572
5.669138e-07	-0.0179956
5.689138e-07	-0.0183036
5.709138e-07	-0.0182112
5.729138e-07	-0.0183036
5.749138e-07	-0.0188888
5.769138e-07	-0.0190428
5.789138e-07	-0.0189504
5.809138e-07	-0.0193508
5.829138e-07	-0.0189812
5.849138e-07	-0.019012
5.869138e-07	-0.0189812
5.889138e-07	-0.0188888
5.909138e-07	-0.018858
5.929138e-07	-0.018704
5.949138e-07	-0.0192892
5.969138e-07	-0.0195356
5.989138e-07	-0.01932
6.009138e-07	-0.0189812
6.029138e-07	-0.0192584
6.049138e-07	-0.019474
6.069138e-07	-0.0192276
6.089138e-07	-0.019166
6.109138e-07	-0.019166
6.129138e-07	-0.0191968
6.149138e-07	-0.0189812
6.169138e-07	-0.0189504
6.189138e-07	-0.0189812
6.209138e-07	-0.0186116
6.229138e-07	-0.018704
6.249138e-07	-0.018704
6.269138e-07	-0.0184884
6.289138e-07	-0.01855
6.309138e-07	-0.01855
6.329138e-07	-0.0182112
6.349138e-07	-0.0179032
6.369138e-07	-0.0179956
6.389138e-07	-0.0175336
6.409138e-07	-0.0180264
6.429138e-07	-0.0180264
6.449138e-07	-0.0184576
6.469138e-07	-0.0181804
6.489138e-07	-0.0181188
6.509138e-07	-0.0181496
6.529138e-07	-0.0177184
6.549138e-07	-0.017626
6.569138e-07	-0.0172872
6.589138e-07	-0.0170716
6.609138e-07	-0.0172256
6.629138e-07	-0.0170408
6.649138e-07	-0.0169792
6.669138e-07	-0.0166404
6.689138e-07	-0.0166096
6.709138e-07	-0.016548
6.729138e-07	-0.0167944
6.749138e-07	-0.0169792
6.769138e-07	-0.0169792
6.789138e-07	-0.016394
6.809138e-07	-0.0165788
6.829138e-07	-0.016856
6.849138e-07	-0.0170408
6.869138e-07	-0.017164
6.889138e-07	-0.0174104
6.909138e-07	-0.0176876
6.929138e-07	-0.0176876
6.949138e-07	-0.0175028
6.969138e-07	-0.0173488
6.989138e-07	-0.0178416
7.009138e-07	-0.0176568
7.029138e-07	-0.0174412
7.049138e-07	-0.0175336
7.069138e-07	-0.0176568
7.089138e-07	-0.0178108
7.109138e-07	-0.0175952
7.129138e-07	-0.0172872
7.149138e-07	-0.017164
7.169138e-07	-0.0175336
7.189138e-07	-0.0173796
7.209138e-07	-0.0171024
7.229138e-07	-0.0168252
7.249138e-07	-0.0163632
7.269138e-07	-0.0160552
7.289138e-07	-0.0162092
7.309138e-07	-0.01624
7.329138e-07	-0.016548
7.349138e-07	-0.0166404
7.369138e-07	-0.016548
7.389138e-07	-0.0163324
7.409138e-07	-0.0163016
7.429138e-07	-0.0159936
7.449138e-07	-0.0159628
7.469138e-07	-0.015932
7.489138e-07	-0.0156548
7.509138e-07	-0.0156548
7.529138e-07	-0.0157164
7.549138e-07	-0.0153776
7.569138e-07	-0.0151312
7.589138e-07	-0.0149156
7.609138e-07	-0.0151928
7.629138e-07	-0.0151004
7.649138e-07	-0.0150696
7.669138e-07	-0.0148232
7.689138e-07	-0.014854
7.709138e-07	-0.0146692
7.729138e-07	-0.014546
7.749138e-07	-0.0141456
7.769138e-07	-0.014084
7.789138e-07	-0.013776
7.809138e-07	-0.0137452
7.829138e-07	-0.0134988
7.849138e-07	-0.0134372
7.869138e-07	-0.0132524
7.889138e-07	-0.0135912
7.909138e-07	-0.0136528
7.929138e-07	-0.0135604
7.949138e-07	-0.0138684
7.969138e-07	-0.014238
7.989138e-07	-0.014392
8.009138e-07	-0.0146692
8.029138e-07	-0.0143612
8.049138e-07	-0.0145152
8.069138e-07	-0.0147
8.089138e-07	-0.0148848
8.109138e-07	-0.0147308
8.129138e-07	-0.0150388
8.149138e-07	-0.015008
8.169138e-07	-0.0149464
8.189138e-07	-0.0152544
8.209138e-07	-0.0151312
8.229138e-07	-0.0152544
8.249138e-07	-0.0150388
8.269138e-07	-0.0148848
8.289138e-07	-0.015162
8.309138e-07	-0.015162
8.329138e-07	-0.0149772
8.349138e-07	-0.0151928
8.369138e-07	-0.0154084
8.389138e-07	-0.015624
8.409138e-07	-0.0155316
8.429138e-07	-0.0159936
8.449138e-07	-0.0165172
8.469138e-07	-0.0164248
8.489138e-07	-0.0162092
8.509138e-07	-0.0159012
8.529138e-07	-0.0158088
8.549138e-07	-0.015932
8.569138e-07	-0.015932
8.589138e-07	-0.015932
8.609138e-07	-0.0163016
8.629138e-07	-0.016548
8.649138e-07	-0.0168252
8.669138e-07	-0.0168868
8.689138e-07	-0.0165788
8.709138e-07	-0.0168868
8.729138e-07	-0.0168868
8.749138e-07	-0.0167944
8.769138e-07	-0.0168868
8.789138e-07	-0.0166096
8.809138e-07	-0.0166096
8.829138e-07	-0.016394
8.849138e-07	-0.0167328
8.869138e-07	-0.0167944
8.889138e-07	-0.0166096
8.909138e-07	-0.01624
8.929138e-07	-0.0165788
8.949138e-07	-0.0162092
8.969138e-07	-0.0164864
8.989138e-07	-0.0161168
9.009138e-07	-0.0164864
9.029138e-07	-0.0164864
9.049138e-07	-0.0166712
9.069138e-07	-0.016548
9.089138e-07	-0.0167328
9.109138e-07	-0.016548
9.129138e-07	-0.0163016
9.149138e-07	-0.0165788
9.169138e-07	-0.016548
9.189138e-07	-0.016548
9.209138e-07	-0.0167636
9.229138e-07	-0.0169484
9.249138e-07	-0.0170408
9.269138e-07	-0.0168868
9.289138e-07	-0.01701
9.309138e-07	-0.0174104
9.329138e-07	-0.0174104
9.349138e-07	-0.017472
9.369138e-07	-0.0175644
9.389138e-07	-0.0176876
9.409138e-07	-0.0176876
9.429138e-07	-0.0174412
9.449138e-07	-0.017626
9.469138e-07	-0.0173488
9.489138e-07	-0.0177492
9.509138e-07	-0.0177184
9.529138e-07	-0.018242
9.549138e-07	-0.018242
9.569138e-07	-0.018396
9.589138e-07	-0.018088
9.609138e-07	-0.018396
9.629138e-07	-0.0185192
9.649138e-07	-0.0186732
9.669138e-07	-0.0186116
9.689138e-07	-0.018704
9.709138e-07	-0.018858
9.729138e-07	-0.018858
9.749138e-07	-0.0186116
9.769138e-07	-0.0184268
9.789138e-07	-0.0183652
9.809138e-07	-0.0184268
9.829138e-07	-0.0180572
9.849138e-07	-0.017934
9.869138e-07	-0.0176876
9.889138e-07	-0.0176568
9.909138e-07	-0.0175028
9.929138e-07	-0.017472
9.949138e-07	-0.017626
9.969138e-07	-0.0179032
9.989138e-07	-0.0175952
1.000914e-06	-0.0178724
1.002914e-06	-0.0176568
1.004914e-06	-0.0175644
1.006914e-06	-0.0177184
1.008914e-06	-0.0178724
1.010914e-06	-0.0182112
1.012914e-06	-0.018088
1.014914e-06	-0.0178416
1.016914e-06	-0.0179032
1.018914e-06	-0.0179956
1.020914e-06	-0.0184268
1.022914e-06	-0.0183652
1.024914e-06	-0.0182728
1.026914e-06	-0.0180264
1.028914e-06	-0.0181804
1.030914e-06	-0.0180264
1.032914e-06	-0.01778
1.034914e-06	-0.0180572
1.036914e-06	-0.0181188
1.038914e-06	-0.018088
1.040914e-06	-0.0181804
1.042914e-06	-0.0182112
1.044914e-06	-0.0186116
1.046914e-06	-0.018242
1.048914e-06	-0.0184576
1.050914e-06	-0.0187348
1.052914e-06	-0.018858
1.054914e-06	-0.0186732
1.056914e-06	-0.0189504
1.058914e-06	-0.0189196
1.060914e-06	-0.018858
1.062914e-06	-0.0184268
1.064914e-06	-0.0189504
1.066914e-06	-0.0188272
1.068914e-06	-0.0187348
1.070914e-06	-0.0181188
1.072914e-06	-0.0179956
1.074914e-06	-0.0179648
1.076914e-06	-0.0183652
1.078914e-06	-0.0182728
1.080914e-06	-0.0183652
1.082914e-06	-0.0186116
1.084914e-06	-0.0187348
1.086914e-06	-0.0187348
1.088914e-06	-0.0185808
1.090914e-06	-0.01855
1.092914e-06	-0.0184884
1.094914e-06	-0.0184576
1.096914e-06	-0.0184884
1.098914e-06	-0.0184576
1.100914e-06	-0.0184268
1.102914e-06	-0.018396
1.104914e-06	-0.0183652
1.106914e-06	-0.0186732
1.108914e-06	-0.0187964
1.110914e-06	-0.0184884
1.112914e-06	-0.0185808
1.114914e-06	-0.0187656
1.116914e-06	-0.0190428
1.118914e-06	-0.0191968
1.120914e-06	-0.0192892
1.122914e-06	-0.0194124
1.124914e-06	-0.019474
1.126914e-06	-0.0195048
1.128914e-06	-0.0195048
1.130914e-06	-0.019782
1.132914e-06	-0.0201208
1.134914e-06	-0.0199976
1.136914e-06	-0.0198436
1.138914e-06	-0.0202132
1.140914e-06	-0.0205212
1.142914e-06	-0.020244
1.144914e-06	-0.0200284
1.146914e-06	-0.0196896
1.148914e-06	-0.0196896
1.150914e-06	-0.019474
1.152914e-06	-0.01932
1.154914e-06	-0.019628
1.156914e-06	-0.0195356
1.158914e-06	-0.0194124
1.160914e-06	-0.0188272
1.162914e-06	-0.01855
1.164914e-06	-0.0186116
1.166914e-06	-0.01855
1.168914e-06	-0.0184576
1.170914e-06	-0.0181804
1.172914e-06	-0.0184576
1.174914e-06	-0.0181496
1.176914e-06	-0.0181804
1.178914e-06	-0.0180264
1.180914e-06	-0.0181804
1.182914e-06	-0.017934
1.184914e-06	-0.0179956
1.186914e-06	-0.0178108
1.188914e-06	-0.0181188
1.190914e-06	-0.0176568
1.192914e-06	-0.0174104
1.194914e-06	-0.0175028
1.196914e-06	-0.0174412
1.198914e-06	-0.0171948
1.200914e-06	-0.0175028
1.202914e-06	-0.0175028
1.204914e-06	-0.018242
1.206914e-06	-0.0183036
1.208914e-06	-0.0187964
1.210914e-06	-0.0190736
1.212914e-06	-0.0193816
1.214914e-06	-0.019012
1.216914e-06	-0.0190428
1.218914e-06	-0.0190428
1.220914e-06	-0.0190428
1.222914e-06	-0.0189504
1.224914e-06	-0.0186424
1.226914e-06	-0.0185808
1.228914e-06	-0.018242
1.230914e-06	-0.0180264
1.232914e-06	-0.0182112
1.234914e-06	-0.017934
1.236914e-06	-0.0178108
1.238914e-06	-0.0179032
1.240914e-06	-0.0176876
1.242914e-06	-0.0173796
1.244914e-06	-0.0176568
1.246914e-06	-0.0172564
1.248914e-06	-0.0170716
1.250914e-06	-0.0164556
1.252914e-06	-0.0166096
1.254914e-06	-0.016394
1.256914e-06	-0.0164556
1.258914e-06	-0.0163324
1.260914e-06	-0.016394
1.262914e-06	-0.0160552
1.264914e-06	-0.0155932
1.266914e-06	-0.0154392
1.268914e-06	-0.0157472
1.270914e-06	-0.0155932
1.272914e-06	-0.0152852
1.274914e-06	-0.015162
1.276914e-06	-0.0154392
1.278914e-06	-0.0157164
1.280914e-06	-0.0159936
1.282914e-06	-0.0159628
1.284914e-06	-0.0161168
1.286914e-06	-0.0157164
1.288914e-06	-0.01547
1.290914e-06	-0.0155008
1.292914e-06	-0.0156548
1.294914e-06	-0.015778
1.296914e-06	-0.0158396
1.298914e-06	-0.0155624
1.300914e-06	-0.0158088
1.302914e-06	-0.0156856
1.304914e-06	-0.015932
1.306914e-06	-0.015932
1.308914e-06	-0.0161476
1.310914e-06	-0.0160244
1.312914e-06	-0.0163016
1.314914e-06	-0.0162708
1.316914e-06	-0.016394
1.318914e-06	-0.0161168
1.320914e-06	-0.01624
1.322914e-06	-0.0163632
1.324914e-06	-0.0163632
1.326914e-06	-0.0160552
1.328914e-06	-0.0161476
1.330914e-06	-0.015932
1.332914e-06	-0.0161476
1.334914e-06	-0.0161168
1.336914e-06	-0.016394
1.338914e-06	-0.0166096
1.340914e-06	-0.0170716
1.342914e-06	-0.0165788
1.344914e-06	-0.0167944
1.346914e-06	-0.0167636
1.348914e-06	-0.0166712
1.350914e-06	-0.0160552
1.352914e-06	-0.0158396
1.354914e-06	-0.016086
1.356914e-06	-0.0162092
1.358914e-06	-0.015932
1.360914e-06	-0.0157164
1.362914e-06	-0.0152852
1.364914e-06	-0.0157164
1.366914e-06	-0.0152544
1.368914e-06	-0.0152236
1.370914e-06	-0.0150696
1.372914e-06	-0.0152236
1.374914e-06	-0.01547
1.376914e-06	-0.0153776
1.378914e-06	-0.0152236
1.380914e-06	-0.0154392
1.382914e-06	-0.015316
1.384914e-06	-0.0154084
1.386914e-06	-0.015008
1.388914e-06	-0.0151928
1.390914e-06	-0.0154084
1.392914e-06	-0.0156548
1.394914e-06	-0.0155316
1.396914e-06	-0.0155624
1.398914e-06	-0.0156856
1.400914e-06	-0.0155624
1.402914e-06	-0.0157164
1.404914e-06	-0.0155008
1.406914e-06	-0.0153776
1.408914e-06	-0.015162
1.410914e-06	-0.0150696
1.412914e-06	-0.0151928
1.414914e-06	-0.0151004
1.416914e-06	-0.015008
1.418914e-06	-0.0152236
1.420914e-06	-0.0151928
1.422914e-06	-0.0152236
1.424914e-06	-0.0156548
1.426914e-06	-0.015932
1.428914e-06	-0.015932
1.430914e-06	-0.016086
1.432914e-06	-0.0161476
1.434914e-06	-0.0163016
1.436914e-06	-0.0161168
1.438914e-06	-0.0162708
1.440914e-06	-0.0163016
1.442914e-06	-0.0161784
1.444914e-06	-0.015778
1.446914e-06	-0.015932
1.448914e-06	-0.0160552
1.450914e-06	-0.01624
1.452914e-06	-0.0167328
1.454914e-06	-0.016856
1.456914e-06	-0.017318
1.458914e-06	-0.017472
1.460914e-06	-0.0181188
1.462914e-06	-0.0181804
1.464914e-06	-0.0184576
1.466914e-06	-0.018396
1.468914e-06	-0.01855
1.470914e-06	-0.0181804
1.472914e-06	-0.0183036
1.474914e-06	-0.0184268
1.476914e-06	-0.0184268
1.478914e-06	-0.0183344
1.480914e-06	-0.0180264
1.482914e-06	-0.018088
1.484914e-06	-0.0183036
1.486914e-06	-0.0178724
1.488914e-06	-0.017626
1.490914e-06	-0.0175644
1.492914e-06	-0.0175952
1.494914e-06	-0.017318
1.496914e-06	-0.0170716
1.498914e-06	-0.0170408
1.500914e-06	-0.016856
1.502914e-06	-0.0167636
1.504914e-06	-0.0167636
1.506914e-06	-0.016702
1.508914e-06	-0.0172564
1.510914e-06	-0.017318
1.512914e-06	-0.0172256
1.514914e-06	-0.0177184
1.516914e-06	-0.0178108
1.518914e-06	-0.0177184
1.520914e-06	-0.0173796
1.522914e-06	-0.0176876
1.524914e-06	-0.0177184
1.526914e-06	-0.0175644
1.528914e-06	-0.0177184
1.530914e-06	-0.0178108
1.532914e-06	-0.017934
1.534914e-06	-0.0181188
1.536914e-06	-0.0179956
1.538914e-06	-0.0178416
1.540914e-06	-0.0178416
1.542914e-06	-0.0175644
1.544914e-06	-0.0176568
1.546914e-06	-0.0179032
1.548914e-06	-0.018242
1.550914e-06	-0.018242
1.552914e-06	-0.0183036
1.554914e-06	-0.0184268
1.556914e-06	-0.0186732
1.558914e-06	-0.0184268
1.560914e-06	-0.0182112
1.562914e-06	-0.0180572
1.564914e-06	-0.0179032
1.566914e-06	-0.0178416
1.568914e-06	-0.0181188
1.570914e-06	-0.0182112
1.572914e-06	-0.0181188
1.574914e-06	-0.018088
1.576914e-06	-0.018242
1.578914e-06	-0.0183344
1.580914e-06	-0.0182112
1.582914e-06	-0.018242
1.584914e-06	-0.0184884
1.586914e-06	-0.0185192
1.588914e-06	-0.0187348
1.590914e-06	-0.0187964
1.592914e-06	-0.0190736
1.594914e-06	-0.0191352
1.596914e-06	-0.0191044
1.598914e-06	-0.0187656
1.600914e-06	-0.018858
1.602914e-06	-0.0189196
1.604914e-06	-0.0187348
1.606914e-06	-0.0187964
1.608914e-06	-0.0184268
1.610914e-06	-0.0183036
1.612914e-06	-0.0183036
1.614914e-06	-0.0180572
1.616914e-06	-0.0179032
1.618914e-06	-0.017934
1.620914e-06	-0.0178724
1.622914e-06	-0.0175336
1.624914e-06	-0.0175644
1.626914e-06	-0.017626
1.628914e-06	-0.0175644
1.630914e-06	-0.0174412
1.632914e-06	-0.0175028
1.634914e-06	-0.017318
1.636914e-06	-0.0172564
1.638914e-06	-0.0169792
1.640914e-06	-0.0165788
1.642914e-06	-0.0163632
1.644914e-06	-0.0164864
1.646914e-06	-0.0164248
1.648914e-06	-0.0163632
1.650914e-06	-0.016394
1.652914e-06	-0.016702
1.654914e-06	-0.0164864
1.656914e-06	-0.0163016
1.658914e-06	-0.0164556
1.660914e-06	-0.016702
1.662914e-06	-0.0164556
1.664914e-06	-0.0169792
1.666914e-06	-0.0167636
1.668914e-06	-0.016856
1.670914e-06	-0.0171024
1.672914e-06	-0.0171948
1.674914e-06	-0.017318
1.676914e-06	-0.017626
1.678914e-06	-0.0174104
1.680914e-06	-0.0175336
1.682914e-06	-0.0176876
1.684914e-06	-0.0179956
1.686914e-06	-0.0180572
1.688914e-06	-0.0184268
1.690914e-06	-0.0184268
1.692914e-06	-0.0184884
1.694914e-06	-0.0183652
1.696914e-06	-0.0186116
1.698914e-06	-0.0187964
1.700914e-06	-0.0189504
1.702914e-06	-0.0189504
1.704914e-06	-0.019012
1.706914e-06	-0.019166
1.708914e-06	-0.0195972
1.710914e-06	-0.0192892
1.712914e-06	-0.019012
1.714914e-06	-0.0186732
1.716914e-06	-0.0188888
1.718914e-06	-0.0187348
1.720914e-06	-0.0187348
1.722914e-06	-0.01855
1.724914e-06	-0.0191968
1.726914e-06	-0.0191044
1.728914e-06	-0.0189504
1.730914e-06	-0.01855
1.732914e-06	-0.0182728
1.734914e-06	-0.0179648
1.736914e-06	-0.0181804
1.738914e-06	-0.018088
1.740914e-06	-0.0177492
1.742914e-06	-0.0173488
1.744914e-06	-0.0175644
1.746914e-06	-0.018088
1.748914e-06	-0.0182728
1.750914e-06	-0.018242
1.752914e-06	-0.0182112
1.754914e-06	-0.0181188
1.756914e-06	-0.0181496
1.758914e-06	-0.018242
1.760914e-06	-0.018242
1.762914e-06	-0.0185192
1.764914e-06	-0.0188272
1.766914e-06	-0.0188888
1.768914e-06	-0.0185808
1.770914e-06	-0.01855
1.772914e-06	-0.01855
1.774914e-06	-0.0183344
1.776914e-06	-0.0185808
1.778914e-06	-0.0184884
1.780914e-06	-0.0184884
1.782914e-06	-0.018396
1.784914e-06	-0.018396
1.786914e-06	-0.0183036
1.788914e-06	-0.0186116
1.790914e-06	-0.0183036
1.792914e-06	-0.0181804
1.794914e-06	-0.0181496
1.796914e-06	-0.0182728
1.798914e-06	-0.0181496
1.800914e-06	-0.0179032
1.802914e-06	-0.018088
1.804914e-06	-0.0181496
1.806914e-06	-0.018242
1.808914e-06	-0.0182112
1.810914e-06	-0.0181804
1.812914e-06	-0.0184576
1.814914e-06	-0.0181804
1.816914e-06	-0.0184576
1.818914e-06	-0.0184884
1.820914e-06	-0.0184884
1.822914e-06	-0.0189504
1.824914e-06	-0.0188888
1.826914e-06	-0.0188272
1.828914e-06	-0.0189504
1.830914e-06	-0.018858
1.832914e-06	-0.0186424
1.834914e-06	-0.018396
1.836914e-06	-0.0183036
1.838914e-06	-0.0181496
1.840914e-06	-0.0180264
1.842914e-06	-0.0179648
1.844914e-06	-0.0179956
1.846914e-06	-0.0181188
1.848914e-06	-0.0178108
1.850914e-06	-0.017934
1.852914e-06	-0.0184268
1.854914e-06	-0.0180264
1.856914e-06	-0.0183036
1.858914e-06	-0.0184268
1.860914e-06	-0.0185808
1.862914e-06	-0.0183652
1.864914e-06	-0.0186732
1.866914e-06	-0.0185808
1.868914e-06	-0.0183344
1.870914e-06	-0.0181496
1.872914e-06	-0.0181496
1.874914e-06	-0.0182728
1.876914e-06	-0.0186424
1.878914e-06	-0.0187964
1.880914e-06	-0.0189196
1.882914e-06	-0.0188888
1.884914e-06	-0.0188888
1.886914e-06	-0.0189196
1.888914e-06	-0.0188888
1.890914e-06	-0.0186424
1.892914e-06	-0.0187656
1.894914e-06	-0.0184576
1.896914e-06	-0.0183652
1.898914e-06	-0.018396
1.900914e-06	-0.0181804
1.902914e-06	-0.0179956
1.904914e-06	-0.0184268
1.906914e-06	-0.01855
1.908914e-06	-0.01855
1.910914e-06	-0.017934
1.912914e-06	-0.0179032
1.914914e-06	-0.0183652
1.916914e-06	-0.0186732
1.918914e-06	-0.0183036
1.920914e-06	-0.0181188
1.922914e-06	-0.0180264
1.924914e-06	-0.018088
1.926914e-06	-0.0182728
1.928914e-06	-0.0184576
1.930914e-06	-0.0184576
1.932914e-06	-0.0187348
1.934914e-06	-0.0188272
1.936914e-06	-0.0188888
1.938914e-06	-0.018858
1.940914e-06	-0.0190428
1.942914e-06	-0.0186116
1.944914e-06	-0.0187348
1.946914e-06	-0.0182728
1.948914e-06	-0.0181188
1.950914e-06	-0.0179032
1.952914e-06	-0.0176568
1.954914e-06	-0.0174412
1.956914e-06	-0.0174104
1.958914e-06	-0.017318
1.960914e-06	-0.0172564
1.962914e-06	-0.0171948
1.964914e-06	-0.0172872
1.966914e-06	-0.016856
1.968914e-06	-0.0166404
1.970914e-06	-0.01701
1.972914e-06	-0.0169176
1.974914e-06	-0.0169176
1.976914e-06	-0.0164864
1.978914e-06	-0.0165788
1.980914e-06	-0.016856
1.982914e-06	-0.016856
1.984914e-06	-0.0171948
1.986914e-06	-0.01701
1.988914e-06	-0.0170716
1.990914e-06	-0.0170408
1.992914e-06	-0.0174412
1.994914e-06	-0.0175952
1.996914e-06	-0.0176876
1.998914e-06	-0.0172564
2.000914e-06	-0.0172564
2.002914e-06	-0.017318
2.004914e-06	-0.0173488
2.006914e-06	-0.017164
2.008914e-06	-0.0171332
2.010914e-06	-0.0172872
2.012914e-06	-0.0174412
2.014914e-06	-0.017472
2.016914e-06	-0.0176568
2.018914e-06	-0.01778
2.020914e-06	-0.0178416
2.022914e-06	-0.0174412
2.024914e-06	-0.0174412
2.026914e-06	-0.017626
2.028914e-06	-0.0178724
2.030914e-06	-0.0178108
2.032914e-06	-0.017626
2.034914e-06	-0.0175028
2.036914e-06	-0.0175028
2.038914e-06	-0.017318
2.040914e-06	-0.0171948
2.042914e-06	-0.0170408
2.044914e-06	-0.0171024
2.046914e-06	-0.0171332
2.048914e-06	-0.0173488
2.050914e-06	-0.0172256
2.052914e-06	-0.017626
2.054914e-06	-0.0175028
2.056914e-06	-0.017472
2.058914e-06	-0.017626
2.060914e-06	-0.0177184
2.062914e-06	-0.0177184
2.064914e-06	-0.0178108
2.066914e-06	-0.0178724
2.068914e-06	-0.0177184
2.070914e-06	-0.0175336
2.072914e-06	-0.017472
2.074914e-06	-0.0178416
2.076914e-06	-0.0180264
2.078914e-06	-0.0179648
2.080914e-06	-0.01778
2.082914e-06	-0.0176876
2.084914e-06	-0.018242
2.086914e-06	-0.0180572
2.088914e-06	-0.0180264
2.090914e-06	-0.0178724
2.092914e-06	-0.0180572
2.094914e-06	-0.0179032
2.096914e-06	-0.0180572
2.098914e-06	-0.0178416
2.100914e-06	-0.0179648
2.102914e-06	-0.0178724
2.104914e-06	-0.0183652
2.106914e-06	-0.018396
2.108914e-06	-0.0181804
2.110914e-06	-0.0183036
2.112914e-06	-0.0184884
2.114914e-06	-0.01855
2.116914e-06	-0.0186424
2.118914e-06	-0.0185192
2.120914e-06	-0.0187964
2.122914e-06	-0.0191968
2.124914e-06	-0.0191352
2.126914e-06	-0.01932
2.128914e-06	-0.019474
2.130914e-06	-0.0198744
2.132914e-06	-0.0199668
2.134914e-06	-0.019782
2.136914e-06	-0.0196588
2.138914e-06	-0.0195048
2.140914e-06	-0.0194432
2.142914e-06	-0.018858
2.144914e-06	-0.0191352
2.146914e-06	-0.0190736
2.148914e-06	-0.01932
2.150914e-06	-0.0190736
2.152914e-06	-0.0196896
2.154914e-06	-0.0195664
2.156914e-06	-0.0199052
2.158914e-06	-0.0197512
2.160914e-06	-0.0195664
2.162914e-06	-0.0195048
2.164914e-06	-0.0196588
2.166914e-06	-0.0192584
2.168914e-06	-0.0191968
2.170914e-06	-0.0195356
2.172914e-06	-0.019628
2.174914e-06	-0.0195356
2.176914e-06	-0.0193508
2.178914e-06	-0.0192276
2.180914e-06	-0.0191968
2.182914e-06	-0.0193508
2.184914e-06	-0.0189504
2.186914e-06	-0.0191968
2.188914e-06	-0.0192276
2.190914e-06	-0.0191352
2.192914e-06	-0.0189812
2.194914e-06	-0.0189196
2.196914e-06	-0.0188888
2.198914e-06	-0.019012
2.200914e-06	-0.0190428
2.202914e-06	-0.0192584
2.204914e-06	-0.0194124
2.206914e-06	-0.019166
2.208914e-06	-0.0190428
2.210914e-06	-0.0187348
2.212914e-06	-0.0187348
2.214914e-06	-0.0184268
2.216914e-06	-0.0184576
2.218914e-06	-0.0184576
2.220914e-06	-0.0183344
2.222914e-06	-0.0181188
2.224914e-06	-0.0183036
2.226914e-06	-0.0179956
2.228914e-06	-0.0181496
2.230914e-06	-0.0180572
2.232914e-06	-0.0179648
2.234914e-06	-0.0177184
2.236914e-06	-0.0178416
2.238914e-06	-0.0174412
2.240914e-06	-0.0176568
2.242914e-06	-0.0174104
2.244914e-06	-0.0173796
2.246914e-06	-0.0171024
2.248914e-06	-0.0170408
2.250914e-06	-0.01701
2.252914e-06	-0.01701
2.254914e-06	-0.016856
2.256914e-06	-0.0168252
2.258914e-06	-0.0166096
2.260914e-06	-0.0165172
2.262914e-06	-0.0162092
2.264914e-06	-0.0159012
2.266914e-06	-0.0162708
2.268914e-06	-0.0161784
2.270914e-06	-0.0163016
2.272914e-06	-0.0164864
2.274914e-06	-0.016394
2.276914e-06	-0.0166712
2.278914e-06	-0.0167944
2.280914e-06	-0.0167328
2.282914e-06	-0.016856
2.284914e-06	-0.0167636
2.286914e-06	-0.0164248
2.288914e-06	-0.0168252
2.290914e-06	-0.016856
2.292914e-06	-0.0170716
2.294914e-06	-0.0170408
2.296914e-06	-0.0174104
2.298914e-06	-0.017626
2.300914e-06	-0.0176568
2.302914e-06	-0.0176568
2.304914e-06	-0.0176568
2.306914e-06	-0.017934
2.308914e-06	-0.0183036
2.310914e-06	-0.018396
2.312914e-06	-0.0189504
2.314914e-06	-0.0186732
2.316914e-06	-0.0190736
2.318914e-06	-0.0190736
2.320914e-06	-0.0191044
2.322914e-06	-0.0195048
2.324914e-06	-0.0198744
2.326914e-06	-0.0199052
2.328914e-06	-0.0200592
2.330914e-06	-0.0200592
2.332914e-06	-0.0201208
2.334914e-06	-0.0200592
2.336914e-06	-0.0201516
2.338914e-06	-0.0201516
2.340914e-06	-0.0201516
2.342914e-06	-0.0198436
2.344914e-06	-0.0198436
2.346914e-06	-0.0197204
2.348914e-06	-0.0200592
2.350914e-06	-0.0203672
2.352914e-06	-0.020398
2.354914e-06	-0.0207368
2.356914e-06	-0.0207368
2.358914e-06	-0.0206136
2.360914e-06	-0.0206444
2.362914e-06	-0.0204288
2.364914e-06	-0.020552
2.366914e-06	-0.020398
2.368914e-06	-0.0209216
2.370914e-06	-0.0210448
2.372914e-06	-0.0207368
2.374914e-06	-0.02009
2.376914e-06	-0.0198128
2.378914e-06	-0.0196588
2.380914e-06	-0.0194124
2.382914e-06	-0.019012
2.384914e-06	-0.0189504
2.386914e-06	-0.0183652
2.388914e-06	-0.0180264
2.390914e-06	-0.0175644
2.392914e-06	-0.0172564
2.394914e-06	-0.0173796
2.396914e-06	-0.0172256
2.398914e-06	-0.016856
2.400914e-06	-0.016702
2.402914e-06	-0.0165788
2.404914e-06	-0.0167636
2.406914e-06	-0.0166096
2.408914e-06	-0.0158396
2.410914e-06	-0.0155008
2.412914e-06	-0.0153776
2.414914e-06	-0.014854
2.416914e-06	-0.0147616
2.418914e-06	-0.0149772
2.420914e-06	-0.0150388
2.422914e-06	-0.0148848
2.424914e-06	-0.0150696
2.426914e-06	-0.015008
2.428914e-06	-0.0146692
2.430914e-06	-0.0146384
2.432914e-06	-0.0145768
2.434914e-06	-0.0142688
2.436914e-06	-0.0141764
2.438914e-06	-0.0141148
2.440914e-06	-0.0140532
2.442914e-06	-0.0143304
2.444914e-06	-0.0143612
2.446914e-06	-0.0142688
2.448914e-06	-0.0141148
2.450914e-06	-0.0142996
2.452914e-06	-0.0145152
2.454914e-06	-0.0144844
2.456914e-06	-0.0142072
2.458914e-06	-0.0146384
2.460914e-06	-0.015008
2.462914e-06	-0.0153468
2.464914e-06	-0.0154084
2.466914e-06	-0.0151312
2.468914e-06	-0.0152852
2.470914e-06	-0.0152236
2.472914e-06	-0.0150696
2.474914e-06	-0.0149464
2.476914e-06	-0.0153468
2.478914e-06	-0.0155624
2.480914e-06	-0.0155624
2.482914e-06	-0.0159012
2.484914e-06	-0.0160552
2.486914e-06	-0.016394
2.488914e-06	-0.0164248
2.490914e-06	-0.0164248
2.492914e-06	-0.0161476
2.494914e-06	-0.0163632
2.496914e-06	-0.0166404
2.498914e-06	-0.0166096
2.500914e-06	-0.0167328
