LECROYHDO6104A	50809	Waveform
Segments	1	SegmentSize	2502
Segment	TrigTime	TimeSinceSegment1
#1	19-Dec-2022 19:37:43	0                 
Time	Ampl
-2.500143e-06	-0.022055
-2.498143e-06	-0.021653
-2.496143e-06	-0.021787
-2.494143e-06	-0.021653
-2.492143e-06	-0.022055
-2.490143e-06	-0.021921
-2.488143e-06	-0.021921
-2.486143e-06	-0.021653
-2.484143e-06	-0.022055
-2.482143e-06	-0.021988
-2.480143e-06	-0.021586
-2.478143e-06	-0.021452
-2.476143e-06	-0.021519
-2.474143e-06	-0.021318
-2.472143e-06	-0.021519
-2.470143e-06	-0.021184
-2.468143e-06	-0.021117
-2.466143e-06	-0.02105
-2.464143e-06	-0.02105
-2.462143e-06	-0.021385
-2.460143e-06	-0.021385
-2.458143e-06	-0.021385
-2.456143e-06	-0.021988
-2.454143e-06	-0.022055
-2.452143e-06	-0.022189
-2.450143e-06	-0.021921
-2.448143e-06	-0.021988
-2.446143e-06	-0.021854
-2.444143e-06	-0.021787
-2.442143e-06	-0.021452
-2.440143e-06	-0.022055
-2.438143e-06	-0.022189
-2.436143e-06	-0.022055
-2.434143e-06	-0.021854
-2.432143e-06	-0.021921
-2.430143e-06	-0.021653
-2.428143e-06	-0.022256
-2.426143e-06	-0.022457
-2.424143e-06	-0.022189
-2.422143e-06	-0.022055
-2.420143e-06	-0.02239
-2.418143e-06	-0.021988
-2.416143e-06	-0.021988
-2.414143e-06	-0.021921
-2.412143e-06	-0.021854
-2.410143e-06	-0.021519
-2.408143e-06	-0.021787
-2.406143e-06	-0.021586
-2.404143e-06	-0.021586
-2.402143e-06	-0.021385
-2.400143e-06	-0.021519
-2.398143e-06	-0.020916
-2.396143e-06	-0.021117
-2.394143e-06	-0.020983
-2.392143e-06	-0.020916
-2.390143e-06	-0.021117
-2.388143e-06	-0.020782
-2.386143e-06	-0.020313
-2.384143e-06	-0.020179
-2.382143e-06	-0.020313
-2.380143e-06	-0.020514
-2.378143e-06	-0.019911
-2.376143e-06	-0.019777
-2.374143e-06	-0.019576
-2.372143e-06	-0.019509
-2.370143e-06	-0.019375
-2.368143e-06	-0.019308
-2.366143e-06	-0.019174
-2.364143e-06	-0.018973
-2.362143e-06	-0.019174
-2.360143e-06	-0.019375
-2.358143e-06	-0.019509
-2.356143e-06	-0.019509
-2.354143e-06	-0.019442
-2.352143e-06	-0.019844
-2.350143e-06	-0.019576
-2.348143e-06	-0.019844
-2.346143e-06	-0.019643
-2.344143e-06	-0.019777
-2.342143e-06	-0.019576
-2.340143e-06	-0.019844
-2.338143e-06	-0.019643
-2.336143e-06	-0.019911
-2.334143e-06	-0.019777
-2.332143e-06	-0.019643
-2.330143e-06	-0.019777
-2.328143e-06	-0.019844
-2.326143e-06	-0.019911
-2.324143e-06	-0.020313
-2.322143e-06	-0.020246
-2.320143e-06	-0.02038
-2.318143e-06	-0.02038
-2.316143e-06	-0.020246
-2.314143e-06	-0.020313
-2.312143e-06	-0.020179
-2.310143e-06	-0.020514
-2.308143e-06	-0.020648
-2.306143e-06	-0.02038
-2.304143e-06	-0.02038
-2.302143e-06	-0.020581
-2.300143e-06	-0.020112
-2.298143e-06	-0.01971
-2.296143e-06	-0.019643
-2.294143e-06	-0.019241
-2.292143e-06	-0.019375
-2.290143e-06	-0.019643
-2.288143e-06	-0.020179
-2.286143e-06	-0.020447
-2.284143e-06	-0.020514
-2.282143e-06	-0.020447
-2.280143e-06	-0.020581
-2.278143e-06	-0.020715
-2.276143e-06	-0.020514
-2.274143e-06	-0.020447
-2.272143e-06	-0.020715
-2.270143e-06	-0.020916
-2.268143e-06	-0.020983
-2.266143e-06	-0.020514
-2.264143e-06	-0.020514
-2.262143e-06	-0.020849
-2.260143e-06	-0.021117
-2.258143e-06	-0.021251
-2.256143e-06	-0.021385
-2.254143e-06	-0.021184
-2.252143e-06	-0.021653
-2.250143e-06	-0.021385
-2.248143e-06	-0.021385
-2.246143e-06	-0.021117
-2.244143e-06	-0.021318
-2.242143e-06	-0.021385
-2.240143e-06	-0.02105
-2.238143e-06	-0.021385
-2.236143e-06	-0.021318
-2.234143e-06	-0.02105
-2.232143e-06	-0.021184
-2.230143e-06	-0.020916
-2.228143e-06	-0.02105
-2.226143e-06	-0.02038
-2.224143e-06	-0.019911
-2.222143e-06	-0.020045
-2.220143e-06	-0.020045
-2.218143e-06	-0.01971
-2.216143e-06	-0.019509
-2.214143e-06	-0.018638
-2.212143e-06	-0.018437
-2.210143e-06	-0.018839
-2.208143e-06	-0.018705
-2.206143e-06	-0.018571
-2.204143e-06	-0.018504
-2.202143e-06	-0.018236
-2.200143e-06	-0.018571
-2.198143e-06	-0.018169
-2.196143e-06	-0.018102
-2.194143e-06	-0.017633
-2.192143e-06	-0.017164
-2.190143e-06	-0.01703
-2.188143e-06	-0.017231
-2.186143e-06	-0.016963
-2.184143e-06	-0.016829
-2.182143e-06	-0.016427
-2.180143e-06	-0.016226
-2.178143e-06	-0.016293
-2.176143e-06	-0.016762
-2.174143e-06	-0.017231
-2.172143e-06	-0.01703
-2.170143e-06	-0.017298
-2.168143e-06	-0.017633
-2.166143e-06	-0.017298
-2.164143e-06	-0.017499
-2.162143e-06	-0.017298
-2.160143e-06	-0.017164
-2.158143e-06	-0.016829
-2.156143e-06	-0.016829
-2.154143e-06	-0.016561
-2.152143e-06	-0.01636
-2.150143e-06	-0.016293
-2.148143e-06	-0.016494
-2.146143e-06	-0.016561
-2.144143e-06	-0.016494
-2.142143e-06	-0.016427
-2.140143e-06	-0.016762
-2.138143e-06	-0.016628
-2.136143e-06	-0.01703
-2.134143e-06	-0.016695
-2.132143e-06	-0.016963
-2.130143e-06	-0.016427
-2.128143e-06	-0.01636
-2.126143e-06	-0.016159
-2.124143e-06	-0.015958
-2.122143e-06	-0.015355
-2.120143e-06	-0.015891
-2.118143e-06	-0.016025
-2.116143e-06	-0.016226
-2.114143e-06	-0.015958
-2.112143e-06	-0.016025
-2.110143e-06	-0.015824
-2.108143e-06	-0.015824
-2.106143e-06	-0.016226
-2.104143e-06	-0.016293
-2.102143e-06	-0.016159
-2.100143e-06	-0.016494
-2.098143e-06	-0.016226
-2.096143e-06	-0.016829
-2.094143e-06	-0.016963
-2.092143e-06	-0.017231
-2.090143e-06	-0.01703
-2.088143e-06	-0.017164
-2.086143e-06	-0.017097
-2.084143e-06	-0.017633
-2.082143e-06	-0.017633
-2.080143e-06	-0.017767
-2.078143e-06	-0.017968
-2.076143e-06	-0.018035
-2.074143e-06	-0.017901
-2.072143e-06	-0.018035
-2.070143e-06	-0.017901
-2.068143e-06	-0.018303
-2.066143e-06	-0.018437
-2.064143e-06	-0.018504
-2.062143e-06	-0.018102
-2.060143e-06	-0.01837
-2.058143e-06	-0.017968
-2.056143e-06	-0.018236
-2.054143e-06	-0.017901
-2.052143e-06	-0.018303
-2.050143e-06	-0.0177
-2.048143e-06	-0.017767
-2.046143e-06	-0.017633
-2.044143e-06	-0.018035
-2.042143e-06	-0.018035
-2.040143e-06	-0.018303
-2.038143e-06	-0.017633
-2.036143e-06	-0.017901
-2.034143e-06	-0.018102
-2.032143e-06	-0.018504
-2.030143e-06	-0.018169
-2.028143e-06	-0.018236
-2.026143e-06	-0.017968
-2.024143e-06	-0.018571
-2.022143e-06	-0.01837
-2.020143e-06	-0.017901
-2.018143e-06	-0.017298
-2.016143e-06	-0.017633
-2.014143e-06	-0.017499
-2.012143e-06	-0.017365
-2.010143e-06	-0.017231
-2.008143e-06	-0.017164
-2.006143e-06	-0.016896
-2.004143e-06	-0.01703
-2.002143e-06	-0.016829
-2.000143e-06	-0.016025
-1.998143e-06	-0.015891
-1.996143e-06	-0.015891
-1.994143e-06	-0.015422
-1.992143e-06	-0.015221
-1.990143e-06	-0.015154
-1.988143e-06	-0.014953
-1.986143e-06	-0.014283
-1.984143e-06	-0.014417
-1.982143e-06	-0.013881
-1.980143e-06	-0.013747
-1.978143e-06	-0.013211
-1.976143e-06	-0.01301
-1.974143e-06	-0.013412
-1.972143e-06	-0.013278
-1.970143e-06	-0.012742
-1.968143e-06	-0.012273
-1.966143e-06	-0.011871
-1.964143e-06	-0.012072
-1.962143e-06	-0.011804
-1.960143e-06	-0.012206
-1.958143e-06	-0.011938
-1.956143e-06	-0.011737
-1.954143e-06	-0.011201
-1.952143e-06	-0.011603
-1.950143e-06	-0.011134
-1.948143e-06	-0.011268
-1.946143e-06	-0.010665
-1.944143e-06	-0.011067
-1.942143e-06	-0.010933
-1.940143e-06	-0.011335
-1.938143e-06	-0.011067
-1.936143e-06	-0.010866
-1.934143e-06	-0.010732
-1.932143e-06	-0.010799
-1.930143e-06	-0.010665
-1.928143e-06	-0.010598
-1.926143e-06	-0.010732
-1.924143e-06	-0.010799
-1.922143e-06	-0.010531
-1.920143e-06	-0.010866
-1.918143e-06	-0.011134
-1.916143e-06	-0.011603
-1.914143e-06	-0.011603
-1.912143e-06	-0.01167
-1.910143e-06	-0.011804
-1.908143e-06	-0.01234
-1.906143e-06	-0.01167
-1.904143e-06	-0.012139
-1.902143e-06	-0.012608
-1.900143e-06	-0.012541
-1.898143e-06	-0.012742
-1.896143e-06	-0.012742
-1.894143e-06	-0.012876
-1.892143e-06	-0.013211
-1.890143e-06	-0.013278
-1.888143e-06	-0.013747
-1.886143e-06	-0.013814
-1.884143e-06	-0.014149
-1.882143e-06	-0.013881
-1.880143e-06	-0.013948
-1.878143e-06	-0.014283
-1.876143e-06	-0.01435
-1.874143e-06	-0.01435
-1.872143e-06	-0.014484
-1.870143e-06	-0.014283
-1.868143e-06	-0.014886
-1.866143e-06	-0.014685
-1.864143e-06	-0.014819
-1.862143e-06	-0.015221
-1.860143e-06	-0.015489
-1.858143e-06	-0.015288
-1.856143e-06	-0.015556
-1.854143e-06	-0.016159
-1.852143e-06	-0.016628
-1.850143e-06	-0.016494
-1.848143e-06	-0.016561
-1.846143e-06	-0.016762
-1.844143e-06	-0.017231
-1.842143e-06	-0.017097
-1.840143e-06	-0.017566
-1.838143e-06	-0.017901
-1.836143e-06	-0.018303
-1.834143e-06	-0.01837
-1.832143e-06	-0.018772
-1.830143e-06	-0.018236
-1.828143e-06	-0.018906
-1.826143e-06	-0.019107
-1.824143e-06	-0.019241
-1.822143e-06	-0.01904
-1.820143e-06	-0.019509
-1.818143e-06	-0.019442
-1.816143e-06	-0.019107
-1.814143e-06	-0.018973
-1.812143e-06	-0.018839
-1.810143e-06	-0.018772
-1.808143e-06	-0.018102
-1.806143e-06	-0.018303
-1.804143e-06	-0.018437
-1.802143e-06	-0.018236
-1.800143e-06	-0.01837
-1.798143e-06	-0.017968
-1.796143e-06	-0.018504
-1.794143e-06	-0.018303
-1.792143e-06	-0.018504
-1.790143e-06	-0.018437
-1.788143e-06	-0.018772
-1.786143e-06	-0.018638
-1.784143e-06	-0.018437
-1.782143e-06	-0.018437
-1.780143e-06	-0.018571
-1.778143e-06	-0.018437
-1.776143e-06	-0.018571
-1.774143e-06	-0.018236
-1.772143e-06	-0.01837
-1.770143e-06	-0.018236
-1.768143e-06	-0.018437
-1.766143e-06	-0.017968
-1.764143e-06	-0.018437
-1.762143e-06	-0.018571
-1.760143e-06	-0.018973
-1.758143e-06	-0.01904
-1.756143e-06	-0.019442
-1.754143e-06	-0.019241
-1.752143e-06	-0.019375
-1.750143e-06	-0.019241
-1.748143e-06	-0.019308
-1.746143e-06	-0.018638
-1.744143e-06	-0.018973
-1.742143e-06	-0.018973
-1.740143e-06	-0.018839
-1.738143e-06	-0.018504
-1.736143e-06	-0.018571
-1.734143e-06	-0.018973
-1.732143e-06	-0.018973
-1.730143e-06	-0.018638
-1.728143e-06	-0.018504
-1.726143e-06	-0.018437
-1.724143e-06	-0.018705
-1.722143e-06	-0.018906
-1.720143e-06	-0.018973
-1.718143e-06	-0.019241
-1.716143e-06	-0.019241
-1.714143e-06	-0.01904
-1.712143e-06	-0.019174
-1.710143e-06	-0.018571
-1.708143e-06	-0.018906
-1.706143e-06	-0.01904
-1.704143e-06	-0.019442
-1.702143e-06	-0.019643
-1.700143e-06	-0.019509
-1.698143e-06	-0.019576
-1.696143e-06	-0.01971
-1.694143e-06	-0.019576
-1.692143e-06	-0.019777
-1.690143e-06	-0.019509
-1.688143e-06	-0.019911
-1.686143e-06	-0.019777
-1.684143e-06	-0.020112
-1.682143e-06	-0.019576
-1.680143e-06	-0.020045
-1.678143e-06	-0.020112
-1.676143e-06	-0.020246
-1.674143e-06	-0.019911
-1.672143e-06	-0.019777
-1.670143e-06	-0.019308
-1.668143e-06	-0.019241
-1.666143e-06	-0.018839
-1.664143e-06	-0.01904
-1.662143e-06	-0.018906
-1.660143e-06	-0.019107
-1.658143e-06	-0.018504
-1.656143e-06	-0.018772
-1.654143e-06	-0.018638
-1.652143e-06	-0.018705
-1.650143e-06	-0.018504
-1.648143e-06	-0.018705
-1.646143e-06	-0.018236
-1.644143e-06	-0.018437
-1.642143e-06	-0.018236
-1.640143e-06	-0.018437
-1.638143e-06	-0.018236
-1.636143e-06	-0.018638
-1.634143e-06	-0.018303
-1.632143e-06	-0.018236
-1.630143e-06	-0.018236
-1.628143e-06	-0.018437
-1.626143e-06	-0.018705
-1.624143e-06	-0.018839
-1.622143e-06	-0.018638
-1.620143e-06	-0.01904
-1.618143e-06	-0.018839
-1.616143e-06	-0.018839
-1.614143e-06	-0.018571
-1.612143e-06	-0.01904
-1.610143e-06	-0.018504
-1.608143e-06	-0.018772
-1.606143e-06	-0.018236
-1.604143e-06	-0.018303
-1.602143e-06	-0.018102
-1.600143e-06	-0.018169
-1.598143e-06	-0.018236
-1.596143e-06	-0.01837
-1.594143e-06	-0.017968
-1.592143e-06	-0.018102
-1.590143e-06	-0.018437
-1.588143e-06	-0.018906
-1.586143e-06	-0.018906
-1.584143e-06	-0.019107
-1.582143e-06	-0.018906
-1.580143e-06	-0.019375
-1.578143e-06	-0.019308
-1.576143e-06	-0.01971
-1.574143e-06	-0.019777
-1.572143e-06	-0.019643
-1.570143e-06	-0.018772
-1.568143e-06	-0.01904
-1.566143e-06	-0.018973
-1.564143e-06	-0.019308
-1.562143e-06	-0.018973
-1.560143e-06	-0.018906
-1.558143e-06	-0.018906
-1.556143e-06	-0.018772
-1.554143e-06	-0.018504
-1.552143e-06	-0.018638
-1.550143e-06	-0.018705
-1.548143e-06	-0.018906
-1.546143e-06	-0.018437
-1.544143e-06	-0.018839
-1.542143e-06	-0.018638
-1.540143e-06	-0.019107
-1.538143e-06	-0.018906
-1.536143e-06	-0.018839
-1.534143e-06	-0.018638
-1.532143e-06	-0.019375
-1.530143e-06	-0.019576
-1.528143e-06	-0.01971
-1.526143e-06	-0.019576
-1.524143e-06	-0.019978
-1.522143e-06	-0.019643
-1.520143e-06	-0.019911
-1.518143e-06	-0.019777
-1.516143e-06	-0.020313
-1.514143e-06	-0.020179
-1.512143e-06	-0.020246
-1.510143e-06	-0.020514
-1.508143e-06	-0.020782
-1.506143e-06	-0.020313
-1.504143e-06	-0.020782
-1.502143e-06	-0.020916
-1.500143e-06	-0.020916
-1.498143e-06	-0.020514
-1.496143e-06	-0.020782
-1.494143e-06	-0.020514
-1.492143e-06	-0.020715
-1.490143e-06	-0.020246
-1.488143e-06	-0.020648
-1.486143e-06	-0.020849
-1.484143e-06	-0.020715
-1.482143e-06	-0.020782
-1.480143e-06	-0.020782
-1.478143e-06	-0.021452
-1.476143e-06	-0.021586
-1.474143e-06	-0.021318
-1.472143e-06	-0.02172
-1.470143e-06	-0.021653
-1.468143e-06	-0.02172
-1.466143e-06	-0.021519
-1.464143e-06	-0.021653
-1.462143e-06	-0.021653
-1.460143e-06	-0.021586
-1.458143e-06	-0.021318
-1.456143e-06	-0.021251
-1.454143e-06	-0.021184
-1.452143e-06	-0.021117
-1.450143e-06	-0.020916
-1.448143e-06	-0.021318
-1.446143e-06	-0.021251
-1.444143e-06	-0.02105
-1.442143e-06	-0.020648
-1.440143e-06	-0.020849
-1.438143e-06	-0.020849
-1.436143e-06	-0.02105
-1.434143e-06	-0.020581
-1.432143e-06	-0.020849
-1.430143e-06	-0.021184
-1.428143e-06	-0.021385
-1.426143e-06	-0.02105
-1.424143e-06	-0.021519
-1.422143e-06	-0.021921
-1.420143e-06	-0.021653
-1.418143e-06	-0.021787
-1.416143e-06	-0.021452
-1.414143e-06	-0.021318
-1.412143e-06	-0.021519
-1.410143e-06	-0.021251
-1.408143e-06	-0.021586
-1.406143e-06	-0.021251
-1.404143e-06	-0.021251
-1.402143e-06	-0.020715
-1.400143e-06	-0.020782
-1.398143e-06	-0.020447
-1.396143e-06	-0.020447
-1.394143e-06	-0.020112
-1.392143e-06	-0.019911
-1.390143e-06	-0.019978
-1.388143e-06	-0.020179
-1.386143e-06	-0.02038
-1.384143e-06	-0.020648
-1.382143e-06	-0.020715
-1.380143e-06	-0.020514
-1.378143e-06	-0.02038
-1.376143e-06	-0.020514
-1.374143e-06	-0.020849
-1.372143e-06	-0.020782
-1.370143e-06	-0.02038
-1.368143e-06	-0.020782
-1.366143e-06	-0.020983
-1.364143e-06	-0.020983
-1.362143e-06	-0.020447
-1.360143e-06	-0.020514
-1.358143e-06	-0.020246
-1.356143e-06	-0.020447
-1.354143e-06	-0.020112
-1.352143e-06	-0.019844
-1.350143e-06	-0.019375
-1.348143e-06	-0.019509
-1.346143e-06	-0.019643
-1.344143e-06	-0.019442
-1.342143e-06	-0.019509
-1.340143e-06	-0.019844
-1.338143e-06	-0.020045
-1.336143e-06	-0.020246
-1.334143e-06	-0.020045
-1.332143e-06	-0.020045
-1.330143e-06	-0.019509
-1.328143e-06	-0.019777
-1.326143e-06	-0.019911
-1.324143e-06	-0.020246
-1.322143e-06	-0.020112
-1.320143e-06	-0.020112
-1.318143e-06	-0.020246
-1.316143e-06	-0.02038
-1.314143e-06	-0.020179
-1.312143e-06	-0.020514
-1.310143e-06	-0.020715
-1.308143e-06	-0.020715
-1.306143e-06	-0.020514
-1.304143e-06	-0.020916
-1.302143e-06	-0.02105
-1.300143e-06	-0.020715
-1.298143e-06	-0.021184
-1.296143e-06	-0.021452
-1.294143e-06	-0.021251
-1.292143e-06	-0.020514
-1.290143e-06	-0.020849
-1.288143e-06	-0.020648
-1.286143e-06	-0.020849
-1.284143e-06	-0.020447
-1.282143e-06	-0.020179
-1.280143e-06	-0.020179
-1.278143e-06	-0.020112
-1.276143e-06	-0.020045
-1.274143e-06	-0.019844
-1.272143e-06	-0.019844
-1.270143e-06	-0.019643
-1.268143e-06	-0.019375
-1.266143e-06	-0.018906
-1.264143e-06	-0.019308
-1.262143e-06	-0.019375
-1.260143e-06	-0.019375
-1.258143e-06	-0.018906
-1.256143e-06	-0.018772
-1.254143e-06	-0.018839
-1.252143e-06	-0.019241
-1.250143e-06	-0.019174
-1.248143e-06	-0.019174
-1.246143e-06	-0.019308
-1.244143e-06	-0.019442
-1.242143e-06	-0.019308
-1.240143e-06	-0.019509
-1.238143e-06	-0.019375
-1.236143e-06	-0.019777
-1.234143e-06	-0.020179
-1.232143e-06	-0.020447
-1.230143e-06	-0.020112
-1.228143e-06	-0.020045
-1.226143e-06	-0.019777
-1.224143e-06	-0.01971
-1.222143e-06	-0.01904
-1.220143e-06	-0.019174
-1.218143e-06	-0.019107
-1.216143e-06	-0.01904
-1.214143e-06	-0.01904
-1.212143e-06	-0.018973
-1.210143e-06	-0.018906
-1.208143e-06	-0.018973
-1.206143e-06	-0.018504
-1.204143e-06	-0.018571
-1.202143e-06	-0.018102
-1.200143e-06	-0.017968
-1.198143e-06	-0.017968
-1.196143e-06	-0.018102
-1.194143e-06	-0.018102
-1.192143e-06	-0.017633
-1.190143e-06	-0.017499
-1.188143e-06	-0.017834
-1.186143e-06	-0.0177
-1.184143e-06	-0.018035
-1.182143e-06	-0.017633
-1.180143e-06	-0.017298
-1.178143e-06	-0.017231
-1.176143e-06	-0.017767
-1.174143e-06	-0.017566
-1.172143e-06	-0.017365
-1.170143e-06	-0.017432
-1.168143e-06	-0.017633
-1.166143e-06	-0.01703
-1.164143e-06	-0.0177
-1.162143e-06	-0.017767
-1.160143e-06	-0.017901
-1.158143e-06	-0.018035
-1.156143e-06	-0.018102
-1.154143e-06	-0.018102
-1.152143e-06	-0.018437
-1.150143e-06	-0.018303
-1.148143e-06	-0.018638
-1.146143e-06	-0.018571
-1.144143e-06	-0.019308
-1.142143e-06	-0.019442
-1.140143e-06	-0.019576
-1.138143e-06	-0.019576
-1.136143e-06	-0.020045
-1.134143e-06	-0.020246
-1.132143e-06	-0.020246
-1.130143e-06	-0.020045
-1.128143e-06	-0.020246
-1.126143e-06	-0.019844
-1.124143e-06	-0.019978
-1.122143e-06	-0.019643
-1.120143e-06	-0.019576
-1.118143e-06	-0.019576
-1.116143e-06	-0.019241
-1.114143e-06	-0.019107
-1.112143e-06	-0.018906
-1.110143e-06	-0.018638
-1.108143e-06	-0.018638
-1.106143e-06	-0.018973
-1.104143e-06	-0.018705
-1.102143e-06	-0.018839
-1.100143e-06	-0.019174
-1.098143e-06	-0.018973
-1.096143e-06	-0.019174
-1.094143e-06	-0.019375
-1.092143e-06	-0.019375
-1.090143e-06	-0.019174
-1.088143e-06	-0.019107
-1.086143e-06	-0.019375
-1.084143e-06	-0.019241
-1.082143e-06	-0.019107
-1.080143e-06	-0.019174
-1.078143e-06	-0.019509
-1.076143e-06	-0.019375
-1.074143e-06	-0.019107
-1.072143e-06	-0.019308
-1.070143e-06	-0.019241
-1.068143e-06	-0.019174
-1.066143e-06	-0.019107
-1.064143e-06	-0.01904
-1.062143e-06	-0.018772
-1.060143e-06	-0.018973
-1.058143e-06	-0.018571
-1.056143e-06	-0.019107
-1.054143e-06	-0.019442
-1.052143e-06	-0.019308
-1.050143e-06	-0.019643
-1.048143e-06	-0.020045
-1.046143e-06	-0.02038
-1.044143e-06	-0.020514
-1.042143e-06	-0.020045
-1.040143e-06	-0.020581
-1.038143e-06	-0.020715
-1.036143e-06	-0.020581
-1.034143e-06	-0.02038
-1.032143e-06	-0.020246
-1.030143e-06	-0.020313
-1.028143e-06	-0.020313
-1.026143e-06	-0.019978
-1.024143e-06	-0.020246
-1.022143e-06	-0.02038
-1.020143e-06	-0.02038
-1.018143e-06	-0.020112
-1.016143e-06	-0.020581
-1.014143e-06	-0.020782
-1.012143e-06	-0.020715
-1.010143e-06	-0.020514
-1.008143e-06	-0.020581
-1.006143e-06	-0.020648
-1.004143e-06	-0.020648
-1.002143e-06	-0.020916
-1.000143e-06	-0.020782
-9.981433e-07	-0.021184
-9.961433e-07	-0.021117
-9.941433e-07	-0.020581
-9.921433e-07	-0.02105
-9.901433e-07	-0.021117
-9.881433e-07	-0.021385
-9.861433e-07	-0.021184
-9.841433e-07	-0.021251
-9.821433e-07	-0.020715
-9.801433e-07	-0.020648
-9.781433e-07	-0.02038
-9.761433e-07	-0.020514
-9.741433e-07	-0.020782
-9.721433e-07	-0.020715
-9.701433e-07	-0.020112
-9.681433e-07	-0.020447
-9.661433e-07	-0.020581
-9.641433e-07	-0.020447
-9.621433e-07	-0.020447
-9.601433e-07	-0.020715
-9.581433e-07	-0.020648
-9.561433e-07	-0.020715
-9.541433e-07	-0.020514
-9.521433e-07	-0.020849
-9.501433e-07	-0.021184
-9.481433e-07	-0.021653
-9.461433e-07	-0.021251
-9.441433e-07	-0.021653
-9.421433e-07	-0.021385
-9.401433e-07	-0.021653
-9.381433e-07	-0.020581
-9.361433e-07	-0.020782
-9.341433e-07	-0.020648
-9.321433e-07	-0.020648
-9.301433e-07	-0.020246
-9.281433e-07	-0.020179
-9.261433e-07	-0.019576
-9.241433e-07	-0.020313
-9.221433e-07	-0.019911
-9.201433e-07	-0.020045
-9.181433e-07	-0.019643
-9.161433e-07	-0.01904
-9.141433e-07	-0.019576
-9.121433e-07	-0.019911
-9.101433e-07	-0.020045
-9.081433e-07	-0.020045
-9.061433e-07	-0.020179
-9.041433e-07	-0.020246
-9.021433e-07	-0.019978
-9.001433e-07	-0.020313
-8.981433e-07	-0.020045
-8.961433e-07	-0.020179
-8.941433e-07	-0.020313
-8.921433e-07	-0.020313
-8.901433e-07	-0.020246
-8.881433e-07	-0.020648
-8.861433e-07	-0.020447
-8.841433e-07	-0.020246
-8.821433e-07	-0.019777
-8.801433e-07	-0.020313
-8.781433e-07	-0.020179
-8.761433e-07	-0.020313
-8.741433e-07	-0.019844
-8.721433e-07	-0.019911
-8.701433e-07	-0.020179
-8.681433e-07	-0.020112
-8.661433e-07	-0.019375
-8.641433e-07	-0.019107
-8.621433e-07	-0.019174
-8.601433e-07	-0.019576
-8.581433e-07	-0.019576
-8.561433e-07	-0.019509
-8.541433e-07	-0.019107
-8.521433e-07	-0.019375
-8.501433e-07	-0.019308
-8.481433e-07	-0.019308
-8.461433e-07	-0.019308
-8.441433e-07	-0.019174
-8.421433e-07	-0.018772
-8.401433e-07	-0.018839
-8.381433e-07	-0.018839
-8.361433e-07	-0.018705
-8.341433e-07	-0.018906
-8.321433e-07	-0.018772
-8.301433e-07	-0.018973
-8.281433e-07	-0.019241
-8.261433e-07	-0.019107
-8.241433e-07	-0.019375
-8.221433e-07	-0.019308
-8.201433e-07	-0.01971
-8.181433e-07	-0.019777
-8.161433e-07	-0.020112
-8.141433e-07	-0.019844
-8.121433e-07	-0.019911
-8.101433e-07	-0.020045
-8.081433e-07	-0.020112
-8.061433e-07	-0.019777
-8.041433e-07	-0.019911
-8.021433e-07	-0.019911
-8.001433e-07	-0.020246
-7.981433e-07	-0.019777
-7.961433e-07	-0.020246
-7.941433e-07	-0.020045
-7.921433e-07	-0.020112
-7.901433e-07	-0.01971
-7.881433e-07	-0.020246
-7.861433e-07	-0.020313
-7.841433e-07	-0.020447
-7.821433e-07	-0.020447
-7.801433e-07	-0.02038
-7.781433e-07	-0.019978
-7.761433e-07	-0.020179
-7.741433e-07	-0.019844
-7.721433e-07	-0.019844
-7.701433e-07	-0.019241
-7.681433e-07	-0.019643
-7.661433e-07	-0.019375
-7.641433e-07	-0.019643
-7.621433e-07	-0.019911
-7.601433e-07	-0.019911
-7.581433e-07	-0.020045
-7.561433e-07	-0.020514
-7.541433e-07	-0.020179
-7.521433e-07	-0.020246
-7.501433e-07	-0.020514
-7.481433e-07	-0.020715
-7.461433e-07	-0.020715
-7.441433e-07	-0.020983
-7.421433e-07	-0.021184
-7.401433e-07	-0.021318
-7.381433e-07	-0.020849
-7.361433e-07	-0.020983
-7.341433e-07	-0.020983
-7.321433e-07	-0.02105
-7.301433e-07	-0.020916
-7.281433e-07	-0.021117
-7.261433e-07	-0.02105
-7.241433e-07	-0.02105
-7.221433e-07	-0.021117
-7.201433e-07	-0.020983
-7.181433e-07	-0.020715
-7.161433e-07	-0.020447
-7.141433e-07	-0.01971
-7.121433e-07	-0.020045
-7.101433e-07	-0.019777
-7.081433e-07	-0.020179
-7.061433e-07	-0.020112
-7.041433e-07	-0.020112
-7.021433e-07	-0.020447
-7.001433e-07	-0.020112
-6.981433e-07	-0.01971
-6.961433e-07	-0.020045
-6.941433e-07	-0.019844
-6.921433e-07	-0.019978
-6.901433e-07	-0.019844
-6.881433e-07	-0.01971
-6.861433e-07	-0.019911
-6.841433e-07	-0.019643
-6.821433e-07	-0.019375
-6.801433e-07	-0.019777
-6.781433e-07	-0.019442
-6.761433e-07	-0.019174
-6.741433e-07	-0.018705
-6.721433e-07	-0.018705
-6.701433e-07	-0.018772
-6.681433e-07	-0.018705
-6.661433e-07	-0.018906
-6.641433e-07	-0.018437
-6.621433e-07	-0.018169
-6.601433e-07	-0.01837
-6.581433e-07	-0.018035
-6.561433e-07	-0.018035
-6.541433e-07	-0.0177
-6.521433e-07	-0.018236
-6.501433e-07	-0.018303
-6.481433e-07	-0.018638
-6.461433e-07	-0.018638
-6.441433e-07	-0.018973
-6.421433e-07	-0.018906
-6.401433e-07	-0.019844
-6.381433e-07	-0.019911
-6.361433e-07	-0.019978
-6.341433e-07	-0.019442
-6.321433e-07	-0.019777
-6.301433e-07	-0.019978
-6.281433e-07	-0.019844
-6.261433e-07	-0.01904
-6.241433e-07	-0.018437
-6.221433e-07	-0.018437
-6.201433e-07	-0.018973
-6.181433e-07	-0.018638
-6.161433e-07	-0.018437
-6.141433e-07	-0.017901
-6.121433e-07	-0.018035
-6.101433e-07	-0.017968
-6.081433e-07	-0.017633
-6.061433e-07	-0.017298
-6.041433e-07	-0.017566
-6.021433e-07	-0.017432
-6.001433e-07	-0.017499
-5.981433e-07	-0.017298
-5.961433e-07	-0.017365
-5.941433e-07	-0.017365
-5.921433e-07	-0.017633
-5.901433e-07	-0.017365
-5.881433e-07	-0.0177
-5.861433e-07	-0.017767
-5.841433e-07	-0.017968
-5.821433e-07	-0.0177
-5.801433e-07	-0.017901
-5.781433e-07	-0.017834
-5.761433e-07	-0.017499
-5.741433e-07	-0.016896
-5.721433e-07	-0.016963
-5.701433e-07	-0.016829
-5.681433e-07	-0.016829
-5.661433e-07	-0.016494
-5.641433e-07	-0.016896
-5.621433e-07	-0.016494
-5.601433e-07	-0.016561
-5.581433e-07	-0.016762
-5.561433e-07	-0.016963
-5.541433e-07	-0.016628
-5.521433e-07	-0.016561
-5.501433e-07	-0.016695
-5.481433e-07	-0.016494
-5.461433e-07	-0.016025
-5.441433e-07	-0.015757
-5.421433e-07	-0.016159
-5.401433e-07	-0.016427
-5.381433e-07	-0.015824
-5.361433e-07	-0.015824
-5.341433e-07	-0.016092
-5.321433e-07	-0.016025
-5.301433e-07	-0.015958
-5.281433e-07	-0.015891
-5.261433e-07	-0.016226
-5.241433e-07	-0.016293
-5.221433e-07	-0.016293
-5.201433e-07	-0.01636
-5.181433e-07	-0.016695
-5.161433e-07	-0.016829
-5.141433e-07	-0.016628
-5.121433e-07	-0.016427
-5.101433e-07	-0.016695
-5.081433e-07	-0.016695
-5.061433e-07	-0.016695
-5.041433e-07	-0.01703
-5.021433e-07	-0.017097
-5.001433e-07	-0.017365
-4.981433e-07	-0.017298
-4.961433e-07	-0.017432
-4.941433e-07	-0.017365
-4.921433e-07	-0.018169
-4.901433e-07	-0.0177
-4.881433e-07	-0.017298
-4.861433e-07	-0.01703
-4.841433e-07	-0.017499
-4.821433e-07	-0.017365
-4.801433e-07	-0.017298
-4.781433e-07	-0.017633
-4.761433e-07	-0.0177
-4.741433e-07	-0.017298
-4.721433e-07	-0.017499
-4.701433e-07	-0.017767
-4.681433e-07	-0.017633
-4.661433e-07	-0.017767
-4.641433e-07	-0.017968
-4.621433e-07	-0.018102
-4.601433e-07	-0.017834
-4.581433e-07	-0.017968
-4.561433e-07	-0.017968
-4.541433e-07	-0.018102
-4.521433e-07	-0.018504
-4.501433e-07	-0.018303
-4.481433e-07	-0.018437
-4.461433e-07	-0.017901
-4.441433e-07	-0.017834
-4.421433e-07	-0.018169
-4.401433e-07	-0.018035
-4.381433e-07	-0.017901
-4.361433e-07	-0.017901
-4.341433e-07	-0.017901
-4.321433e-07	-0.017901
-4.301433e-07	-0.0177
-4.281433e-07	-0.018102
-4.261433e-07	-0.017968
-4.241433e-07	-0.018102
-4.221433e-07	-0.017834
-4.201433e-07	-0.018236
-4.181433e-07	-0.017767
-4.161433e-07	-0.017968
-4.141433e-07	-0.017499
-4.121433e-07	-0.017901
-4.101433e-07	-0.018102
-4.081433e-07	-0.018504
-4.061433e-07	-0.018102
-4.041433e-07	-0.018236
-4.021433e-07	-0.017968
-4.001433e-07	-0.018236
-3.981433e-07	-0.018102
-3.961433e-07	-0.018236
-3.941433e-07	-0.017566
-3.921433e-07	-0.017968
-3.901433e-07	-0.017365
-3.881433e-07	-0.017499
-3.861433e-07	-0.016829
-3.841433e-07	-0.016829
-3.821433e-07	-0.016561
-3.801433e-07	-0.016628
-3.781433e-07	-0.016293
-3.761433e-07	-0.016159
-3.741433e-07	-0.016092
-3.721433e-07	-0.016226
-3.701433e-07	-0.01636
-3.681433e-07	-0.015958
-3.661433e-07	-0.015757
-3.641433e-07	-0.016494
-3.621433e-07	-0.016092
-3.601433e-07	-0.015891
-3.581433e-07	-0.016293
-3.561433e-07	-0.016695
-3.541433e-07	-0.016628
-3.521433e-07	-0.016427
-3.501433e-07	-0.016494
-3.481433e-07	-0.016494
-3.461433e-07	-0.01636
-3.441433e-07	-0.016427
-3.421433e-07	-0.016762
-3.401433e-07	-0.017231
-3.381433e-07	-0.017298
-3.361433e-07	-0.0177
-3.341433e-07	-0.018035
-3.321433e-07	-0.017834
-3.301433e-07	-0.017566
-3.281433e-07	-0.017901
-3.261433e-07	-0.01837
-3.241433e-07	-0.018102
-3.221433e-07	-0.018035
-3.201433e-07	-0.018236
-3.181433e-07	-0.018437
-3.161433e-07	-0.018504
-3.141433e-07	-0.018102
-3.121433e-07	-0.018102
-3.101433e-07	-0.018035
-3.081433e-07	-0.017901
-3.061433e-07	-0.017968
-3.041433e-07	-0.017499
-3.021433e-07	-0.017432
-3.001433e-07	-0.017499
-2.981433e-07	-0.017298
-2.961433e-07	-0.017097
-2.941433e-07	-0.016829
-2.921433e-07	-0.016829
-2.901433e-07	-0.016561
-2.881433e-07	-0.016829
-2.861433e-07	-0.016695
-2.841433e-07	-0.016695
-2.821433e-07	-0.016293
-2.801433e-07	-0.016025
-2.781433e-07	-0.015891
-2.761433e-07	-0.016025
-2.741433e-07	-0.015355
-2.721433e-07	-0.015221
-2.701433e-07	-0.015489
-2.681433e-07	-0.015422
-2.661433e-07	-0.014752
-2.641433e-07	-0.014886
-2.621433e-07	-0.01502
-2.601433e-07	-0.014953
-2.581433e-07	-0.014819
-2.561433e-07	-0.014819
-2.541433e-07	-0.015221
-2.521433e-07	-0.015489
-2.501433e-07	-0.015355
-2.481433e-07	-0.015556
-2.461433e-07	-0.015355
-2.441433e-07	-0.015489
-2.421433e-07	-0.015422
-2.401433e-07	-0.015422
-2.381433e-07	-0.015154
-2.361433e-07	-0.015288
-2.341433e-07	-0.015154
-2.321433e-07	-0.015221
-2.301433e-07	-0.015087
-2.281433e-07	-0.015221
-2.261433e-07	-0.015355
-2.241433e-07	-0.015556
-2.221433e-07	-0.016226
-2.201433e-07	-0.016226
-2.181433e-07	-0.016628
-2.161433e-07	-0.016494
-2.141433e-07	-0.016494
-2.121433e-07	-0.016963
-2.101433e-07	-0.016628
-2.081433e-07	-0.016762
-2.061433e-07	-0.016427
-2.041433e-07	-0.016628
-2.021433e-07	-0.016293
-2.001433e-07	-0.016226
-1.981433e-07	-0.016494
-1.961433e-07	-0.016695
-1.941433e-07	-0.016226
-1.921433e-07	-0.016561
-1.901433e-07	-0.016762
-1.881433e-07	-0.016963
-1.861433e-07	-0.016829
-1.841433e-07	-0.01703
-1.821433e-07	-0.016963
-1.801433e-07	-0.016963
-1.781433e-07	-0.016494
-1.761433e-07	-0.016896
-1.741433e-07	-0.016762
-1.721433e-07	-0.01703
-1.701433e-07	-0.017164
-1.681433e-07	-0.016896
-1.661433e-07	-0.016963
-1.641433e-07	-0.0177
-1.621433e-07	-0.017633
-1.601433e-07	-0.017566
-1.581433e-07	-0.0177
-1.561433e-07	-0.017901
-1.541433e-07	-0.017767
-1.521433e-07	-0.017566
-1.501433e-07	-0.017834
-1.481433e-07	-0.018102
-1.461433e-07	-0.018236
-1.441433e-07	-0.018571
-1.421433e-07	-0.018571
-1.401433e-07	-0.018772
-1.381433e-07	-0.018973
-1.361433e-07	-0.019241
-1.341433e-07	-0.019107
-1.321433e-07	-0.019241
-1.301433e-07	-0.019442
-1.281433e-07	-0.019241
-1.261433e-07	-0.019576
-1.241433e-07	-0.019308
-1.221433e-07	-0.019241
-1.201433e-07	-0.01904
-1.181433e-07	-0.019375
-1.161433e-07	-0.019576
-1.141433e-07	-0.019308
-1.121433e-07	-0.019107
-1.101433e-07	-0.018571
-1.081433e-07	-0.018705
-1.061433e-07	-0.018772
-1.041433e-07	-0.018839
-1.021433e-07	-0.01904
-1.001433e-07	-0.018906
-9.814332e-08	-0.018705
-9.614332e-08	-0.018504
-9.414332e-08	-0.018169
-9.214332e-08	-0.018102
-9.014332e-08	-0.0177
-8.814332e-08	-0.017499
-8.614332e-08	-0.017365
-8.414332e-08	-0.0177
-8.214332e-08	-0.017566
-8.014332e-08	-0.017432
-7.814332e-08	-0.017097
-7.614332e-08	-0.017164
-7.414332e-08	-0.017432
-7.214332e-08	-0.017164
-7.014332e-08	-0.017365
-6.814332e-08	-0.017566
-6.614332e-08	-0.017834
-6.414332e-08	-0.017767
-6.214332e-08	-0.017097
-6.014332e-08	-0.017097
-5.814332e-08	-0.017633
-5.614332e-08	-0.018035
-5.414332e-08	-0.017365
-5.214332e-08	-0.017164
-5.014332e-08	-0.017097
-4.814332e-08	-0.017432
-4.614332e-08	-0.017231
-4.414332e-08	-0.017566
-4.214332e-08	-0.017633
-4.014332e-08	-0.017901
-3.814332e-08	-0.018102
-3.614332e-08	-0.017968
-3.414332e-08	-0.017566
-3.214332e-08	-0.017968
-3.014332e-08	-0.017633
-2.814332e-08	-0.017767
-2.614332e-08	-0.017164
-2.414332e-08	-0.016963
-2.214332e-08	-0.016628
-2.014332e-08	-0.017432
-1.814332e-08	-0.016829
-1.614332e-08	-0.016896
-1.414332e-08	-0.016628
-1.214332e-08	-0.017298
-1.014332e-08	-0.016762
-8.143321e-09	-0.01636
-6.143321e-09	-0.016293
-4.143321e-09	-0.016561
-2.143321e-09	-0.016829
-1.433209e-10	-0.017164
1.856679e-09	-0.016896
3.856679e-09	-0.016963
5.856679e-09	-0.016896
7.856679e-09	-0.017231
9.856679e-09	-0.017097
1.185668e-08	-0.0177
1.385668e-08	-0.017231
1.585668e-08	-0.017164
1.785668e-08	-0.017231
1.985668e-08	-0.0177
2.185668e-08	-0.017499
2.385668e-08	-0.017231
2.585668e-08	-0.016829
2.785668e-08	-0.017097
2.985668e-08	-0.017231
3.185668e-08	-0.01703
3.385668e-08	-0.016427
3.585668e-08	-0.01636
3.785668e-08	-0.01636
3.985668e-08	-0.01636
4.185668e-08	-0.016494
4.385668e-08	-0.016829
4.585668e-08	-0.016427
4.785668e-08	-0.016293
4.985668e-08	-0.01636
5.185668e-08	-0.016896
5.385668e-08	-0.016963
5.585668e-08	-0.017097
5.785668e-08	-0.017499
5.985668e-08	-0.017767
6.185668e-08	-0.0177
6.385668e-08	-0.017767
6.585668e-08	-0.017968
6.785668e-08	-0.018169
6.985668e-08	-0.017901
7.185668e-08	-0.017968
7.385668e-08	-0.018236
7.585668e-08	-0.018705
7.785668e-08	-0.018303
7.985668e-08	-0.018705
8.185668e-08	-0.018638
8.385668e-08	-0.018638
8.585668e-08	-0.018571
8.785668e-08	-0.018437
8.985668e-08	-0.018102
9.185668e-08	-0.018169
9.385668e-08	-0.017767
9.585668e-08	-0.017633
9.785668e-08	-0.017499
9.985668e-08	-0.017499
1.018567e-07	-0.017231
1.038567e-07	-0.017164
1.058567e-07	-0.017432
1.078567e-07	-0.017164
1.098567e-07	-0.017231
1.118567e-07	-0.017365
1.138567e-07	-0.017633
1.158567e-07	-0.017901
1.178567e-07	-0.0177
1.198567e-07	-0.017968
1.218567e-07	-0.018102
1.238567e-07	-0.018303
1.258567e-07	-0.017633
1.278567e-07	-0.017097
1.298567e-07	-0.016427
1.318567e-07	-0.016025
1.338567e-07	-0.014149
1.358567e-07	-0.011603
1.378567e-07	-0.00631
1.398567e-07	0.002132
1.418567e-07	0.011847
1.438567e-07	0.021562
1.458567e-07	0.031746
1.478567e-07	0.04193
1.498567e-07	0.051645
1.518567e-07	0.06069
1.538567e-07	0.069735
1.558567e-07	0.077641
1.578567e-07	0.084542
1.598567e-07	0.091108
1.618567e-07	0.097071
1.638567e-07	0.102364
1.658567e-07	0.107054
1.678567e-07	0.111007
1.698567e-07	0.114558
1.718567e-07	0.117037
1.738567e-07	0.119784
1.758567e-07	0.121928
1.778567e-07	0.123871
1.798567e-07	0.124742
1.818567e-07	0.125814
1.838567e-07	0.126283
1.858567e-07	0.126752
1.878567e-07	0.126015
1.898567e-07	0.126283
1.918567e-07	0.125144
1.938567e-07	0.124809
1.958567e-07	0.123134
1.978567e-07	0.122397
1.998567e-07	0.121057
2.018567e-07	0.119516
2.038567e-07	0.117908
2.058567e-07	0.116501
2.078567e-07	0.11496
2.098567e-07	0.113419
2.118567e-07	0.111208
2.138567e-07	0.109399
2.158567e-07	0.106987
2.178567e-07	0.10491
2.198567e-07	0.102431
2.218567e-07	0.100354
2.238567e-07	0.098277
2.258567e-07	0.096803
2.278567e-07	0.094592
2.298567e-07	0.092984
2.318567e-07	0.090639
2.338567e-07	0.088763
2.358567e-07	0.086753
2.378567e-07	0.085212
2.398567e-07	0.08347
2.418567e-07	0.081862
2.438567e-07	0.079919
2.458567e-07	0.07811
2.478567e-07	0.075966
2.498567e-07	0.07409
2.518567e-07	0.072214
2.538567e-07	0.070472
2.558567e-07	0.068462
2.578567e-07	0.066854
2.598567e-07	0.064844
2.618567e-07	0.062499
2.638567e-07	0.060891
2.658567e-07	0.059082
2.678567e-07	0.05734
2.698567e-07	0.05533
2.718567e-07	0.054191
2.738567e-07	0.052181
2.758567e-07	0.050506
2.778567e-07	0.048697
2.798567e-07	0.047357
2.818567e-07	0.045883
2.838567e-07	0.044275
2.858567e-07	0.043337
2.878567e-07	0.041796
2.898567e-07	0.040791
2.918567e-07	0.03925
2.938567e-07	0.037977
2.958567e-07	0.036302
2.978567e-07	0.034962
2.998567e-07	0.033421
3.018567e-07	0.032148
3.038567e-07	0.03121
3.058567e-07	0.030272
3.078567e-07	0.028865
3.098567e-07	0.027659
3.118567e-07	0.026453
3.138567e-07	0.025582
3.158567e-07	0.024845
3.178567e-07	0.023773
3.198567e-07	0.022232
3.218567e-07	0.02116
3.238567e-07	0.02049
3.258567e-07	0.019418
3.278567e-07	0.018413
3.298567e-07	0.017676
3.318567e-07	0.016872
3.338567e-07	0.016336
3.358567e-07	0.01513
3.378567e-07	0.014527
3.398567e-07	0.013924
3.418567e-07	0.013187
3.438567e-07	0.012383
3.458567e-07	0.01178
3.478567e-07	0.010842
3.498567e-07	0.010306
3.518567e-07	0.009033
3.538567e-07	0.008564
3.558567e-07	0.008028
3.578567e-07	0.007559
3.598567e-07	0.00642
3.618567e-07	0.00575
3.638567e-07	0.005348
3.658567e-07	0.004544
3.678567e-07	0.004008
3.698567e-07	0.003405
3.718567e-07	0.002936
3.738567e-07	0.002668
3.758567e-07	0.002065
3.778567e-07	0.001462
3.798567e-07	0.001194
3.818567e-07	0.000993
3.838567e-07	0.000658
3.858567e-07	0.000189
3.878567e-07	-0.000481
3.898567e-07	-0.000816
3.918567e-07	-0.001151
3.938567e-07	-0.001821
3.958567e-07	-0.002022
3.978567e-07	-0.002558
3.998567e-07	-0.002692
4.018567e-07	-0.00296
4.038567e-07	-0.003295
4.058567e-07	-0.00363
4.078567e-07	-0.003898
4.098567e-07	-0.004501
4.118567e-07	-0.004501
4.138567e-07	-0.004769
4.158567e-07	-0.004702
4.178567e-07	-0.005171
4.198567e-07	-0.005171
4.218567e-07	-0.005908
4.238567e-07	-0.005908
4.258567e-07	-0.00631
4.278567e-07	-0.006176
4.298567e-07	-0.006444
4.318567e-07	-0.006176
4.338567e-07	-0.006511
4.358567e-07	-0.006243
4.378567e-07	-0.006444
4.398567e-07	-0.006511
4.418567e-07	-0.006645
4.438567e-07	-0.006377
4.458567e-07	-0.006645
4.478567e-07	-0.006377
4.498567e-07	-0.006779
4.518567e-07	-0.006913
4.538567e-07	-0.007047
4.558567e-07	-0.006779
4.578567e-07	-0.007382
4.598567e-07	-0.007382
4.618567e-07	-0.007047
4.638567e-07	-0.007114
4.658567e-07	-0.007382
4.678567e-07	-0.00765
4.698567e-07	-0.007851
4.718567e-07	-0.008119
4.738567e-07	-0.007918
4.758567e-07	-0.008454
4.778567e-07	-0.008521
4.798567e-07	-0.008454
4.818567e-07	-0.008923
4.838567e-07	-0.009057
4.858567e-07	-0.008923
4.878567e-07	-0.009124
4.898567e-07	-0.009258
4.918567e-07	-0.010129
4.938567e-07	-0.009995
4.958567e-07	-0.010263
4.978567e-07	-0.010464
4.998567e-07	-0.010665
5.018567e-07	-0.010598
5.038567e-07	-0.010531
5.058567e-07	-0.010732
5.078567e-07	-0.011
5.098567e-07	-0.011201
5.118567e-07	-0.011268
5.138567e-07	-0.012072
5.158567e-07	-0.012273
5.178567e-07	-0.012273
5.198567e-07	-0.012608
5.218567e-07	-0.012675
5.238567e-07	-0.013144
5.258567e-07	-0.012943
5.278567e-07	-0.012876
5.298567e-07	-0.013278
5.318567e-07	-0.013345
5.338567e-07	-0.013546
5.358567e-07	-0.013814
5.378567e-07	-0.014015
5.398567e-07	-0.014417
5.418567e-07	-0.01368
5.438567e-07	-0.014015
5.458567e-07	-0.014618
5.478567e-07	-0.015221
5.498567e-07	-0.01502
5.518567e-07	-0.015489
5.538567e-07	-0.015422
5.558567e-07	-0.015891
5.578567e-07	-0.015556
5.598567e-07	-0.015757
5.618567e-07	-0.016159
5.638567e-07	-0.015958
5.658567e-07	-0.015757
5.678567e-07	-0.016025
5.698567e-07	-0.016293
5.718567e-07	-0.016561
5.738567e-07	-0.016628
5.758567e-07	-0.016762
5.778567e-07	-0.016896
5.798567e-07	-0.017231
5.818567e-07	-0.016896
5.838567e-07	-0.017164
5.858567e-07	-0.016829
5.878567e-07	-0.017231
5.898567e-07	-0.016963
5.918567e-07	-0.017231
5.938567e-07	-0.017097
5.958567e-07	-0.017566
5.978567e-07	-0.017566
5.998567e-07	-0.017767
6.018567e-07	-0.017901
6.038567e-07	-0.018437
6.058567e-07	-0.018236
6.078567e-07	-0.01837
6.098567e-07	-0.018504
6.118567e-07	-0.018504
6.138567e-07	-0.01837
6.158567e-07	-0.018839
6.178567e-07	-0.018973
6.198567e-07	-0.01904
6.218567e-07	-0.019375
6.238567e-07	-0.019911
6.258567e-07	-0.020179
6.278567e-07	-0.019777
6.298567e-07	-0.020112
6.318567e-07	-0.020514
6.338567e-07	-0.020581
6.358567e-07	-0.020514
6.378567e-07	-0.020045
6.398567e-07	-0.020179
6.418567e-07	-0.020045
6.438567e-07	-0.020112
6.458567e-07	-0.02038
6.478567e-07	-0.020916
6.498567e-07	-0.020983
6.518567e-07	-0.021184
6.538567e-07	-0.021318
6.558567e-07	-0.021184
6.578567e-07	-0.021519
6.598567e-07	-0.021385
6.618567e-07	-0.021117
6.638567e-07	-0.02172
6.658567e-07	-0.021519
6.678567e-07	-0.021385
6.698567e-07	-0.02172
6.718567e-07	-0.02239
6.738567e-07	-0.022658
6.758567e-07	-0.022256
6.778567e-07	-0.02172
6.798567e-07	-0.021854
6.818567e-07	-0.021519
6.838567e-07	-0.021988
6.858567e-07	-0.021854
6.878567e-07	-0.022725
6.898567e-07	-0.022591
6.918567e-07	-0.022524
6.938567e-07	-0.022323
6.958567e-07	-0.022524
6.978567e-07	-0.022323
6.998567e-07	-0.022122
7.018567e-07	-0.02172
7.038567e-07	-0.021519
7.058567e-07	-0.021787
7.078567e-07	-0.021586
7.098567e-07	-0.02172
7.118567e-07	-0.022055
7.138567e-07	-0.022323
7.158567e-07	-0.022256
7.178567e-07	-0.022055
7.198567e-07	-0.021586
7.218567e-07	-0.02172
7.238567e-07	-0.021787
7.258567e-07	-0.021318
7.278567e-07	-0.02172
7.298567e-07	-0.021519
7.318567e-07	-0.021988
7.338567e-07	-0.021385
7.358567e-07	-0.021184
7.378567e-07	-0.021653
7.398567e-07	-0.021988
7.418567e-07	-0.021452
7.438567e-07	-0.021854
7.458567e-07	-0.021854
7.478567e-07	-0.021653
7.498567e-07	-0.021184
7.518567e-07	-0.021318
7.538567e-07	-0.021318
7.558567e-07	-0.021385
7.578567e-07	-0.021184
7.598567e-07	-0.020715
7.618567e-07	-0.020581
7.638567e-07	-0.020514
7.658567e-07	-0.019777
7.678567e-07	-0.019643
7.698567e-07	-0.019509
7.718567e-07	-0.019509
7.738567e-07	-0.019308
7.758567e-07	-0.018772
7.778567e-07	-0.018571
7.798567e-07	-0.018303
7.818567e-07	-0.018102
7.838567e-07	-0.018236
7.858567e-07	-0.017968
7.878567e-07	-0.018035
7.898567e-07	-0.017633
7.918567e-07	-0.017566
7.938567e-07	-0.017298
7.958567e-07	-0.017566
7.978567e-07	-0.017365
7.998567e-07	-0.017365
8.018567e-07	-0.017231
8.038567e-07	-0.017566
8.058567e-07	-0.017231
8.078567e-07	-0.017365
8.098567e-07	-0.017365
8.118567e-07	-0.017432
8.138567e-07	-0.016963
8.158567e-07	-0.017365
8.178567e-07	-0.016896
8.198567e-07	-0.017298
8.218567e-07	-0.016762
8.238567e-07	-0.016762
8.258567e-07	-0.016896
8.278567e-07	-0.01703
8.298567e-07	-0.016963
8.318567e-07	-0.017097
8.338567e-07	-0.016963
8.358567e-07	-0.017566
8.378567e-07	-0.017499
8.398567e-07	-0.017298
8.418567e-07	-0.01703
8.438567e-07	-0.017432
8.458567e-07	-0.01703
8.478567e-07	-0.017097
8.498567e-07	-0.016963
8.518567e-07	-0.017164
8.538567e-07	-0.017231
8.558567e-07	-0.017231
8.578567e-07	-0.017231
8.598567e-07	-0.017298
8.618567e-07	-0.016963
8.638567e-07	-0.0177
8.658567e-07	-0.017834
8.678567e-07	-0.018102
8.698567e-07	-0.017834
8.718567e-07	-0.018236
8.738567e-07	-0.018236
8.758567e-07	-0.018772
8.778567e-07	-0.018705
8.798567e-07	-0.018973
8.818567e-07	-0.01904
8.838567e-07	-0.019107
8.858567e-07	-0.01904
8.878567e-07	-0.019241
8.898567e-07	-0.019442
8.918567e-07	-0.019308
8.938567e-07	-0.01904
8.958567e-07	-0.019241
8.978567e-07	-0.019308
8.998567e-07	-0.019911
9.018567e-07	-0.019576
9.038567e-07	-0.019777
9.058567e-07	-0.019911
9.078567e-07	-0.019911
9.098567e-07	-0.019911
9.118567e-07	-0.019777
9.138567e-07	-0.019643
9.158567e-07	-0.019643
9.178567e-07	-0.019576
9.198567e-07	-0.019844
9.218567e-07	-0.020112
9.238567e-07	-0.020112
9.258567e-07	-0.020112
9.278567e-07	-0.020313
9.298567e-07	-0.01971
9.318567e-07	-0.019509
9.338567e-07	-0.019174
9.358567e-07	-0.019576
9.378567e-07	-0.019308
9.398567e-07	-0.01971
9.418567e-07	-0.019107
9.438567e-07	-0.020045
9.458567e-07	-0.019844
9.478567e-07	-0.020112
9.498567e-07	-0.019978
9.518567e-07	-0.020648
9.538567e-07	-0.020514
9.558567e-07	-0.020715
9.578567e-07	-0.019844
9.598567e-07	-0.020313
9.618567e-07	-0.020246
9.638567e-07	-0.02038
9.658567e-07	-0.020045
9.678567e-07	-0.019978
9.698567e-07	-0.019375
9.718567e-07	-0.018973
9.738567e-07	-0.019375
9.758567e-07	-0.019308
9.778567e-07	-0.019107
9.798567e-07	-0.019308
9.818567e-07	-0.01904
9.838567e-07	-0.019174
9.858567e-07	-0.019375
9.878567e-07	-0.019643
9.898567e-07	-0.019107
9.918567e-07	-0.019107
9.938567e-07	-0.018973
9.958567e-07	-0.019375
9.978567e-07	-0.019509
9.998567e-07	-0.019509
1.001857e-06	-0.019241
1.003857e-06	-0.019643
1.005857e-06	-0.019442
1.007857e-06	-0.01971
1.009857e-06	-0.019308
1.011857e-06	-0.019844
1.013857e-06	-0.019844
1.015857e-06	-0.019777
1.017857e-06	-0.020112
1.019857e-06	-0.020447
1.021857e-06	-0.020313
1.023857e-06	-0.020112
1.025857e-06	-0.020648
1.027857e-06	-0.020782
1.029857e-06	-0.020581
1.031857e-06	-0.02105
1.033857e-06	-0.020581
1.035857e-06	-0.020782
1.037857e-06	-0.020581
1.039857e-06	-0.021117
1.041857e-06	-0.021184
1.043857e-06	-0.021519
1.045857e-06	-0.020983
1.047857e-06	-0.021318
1.049857e-06	-0.021318
1.051857e-06	-0.021117
1.053857e-06	-0.020849
1.055857e-06	-0.020447
1.057857e-06	-0.020179
1.059857e-06	-0.020782
1.061857e-06	-0.020246
1.063857e-06	-0.020313
1.065857e-06	-0.020648
1.067857e-06	-0.020514
1.069857e-06	-0.020782
1.071857e-06	-0.020782
1.073857e-06	-0.020983
1.075857e-06	-0.020983
1.077857e-06	-0.020514
1.079857e-06	-0.020246
1.081857e-06	-0.020782
1.083857e-06	-0.020983
1.085857e-06	-0.020849
1.087857e-06	-0.02105
1.089857e-06	-0.020782
1.091857e-06	-0.020782
1.093857e-06	-0.02038
1.095857e-06	-0.020648
1.097857e-06	-0.020983
1.099857e-06	-0.020514
1.101857e-06	-0.020715
1.103857e-06	-0.020782
1.105857e-06	-0.021117
1.107857e-06	-0.02105
1.109857e-06	-0.021184
1.111857e-06	-0.020849
1.113857e-06	-0.020782
1.115857e-06	-0.02105
1.117857e-06	-0.020447
1.119857e-06	-0.020313
1.121857e-06	-0.020447
1.123857e-06	-0.020313
1.125857e-06	-0.020313
1.127857e-06	-0.020648
1.129857e-06	-0.020715
1.131857e-06	-0.020849
1.133857e-06	-0.020514
1.135857e-06	-0.020849
1.137857e-06	-0.020782
1.139857e-06	-0.021184
1.141857e-06	-0.020581
1.143857e-06	-0.020849
1.145857e-06	-0.020715
1.147857e-06	-0.020581
1.149857e-06	-0.020447
1.151857e-06	-0.020648
1.153857e-06	-0.020581
1.155857e-06	-0.020648
1.157857e-06	-0.020179
1.159857e-06	-0.020313
1.161857e-06	-0.020179
1.163857e-06	-0.020179
1.165857e-06	-0.020045
1.167857e-06	-0.020447
1.169857e-06	-0.020715
1.171857e-06	-0.020715
1.173857e-06	-0.020782
1.175857e-06	-0.020782
1.177857e-06	-0.020849
1.179857e-06	-0.021117
1.181857e-06	-0.020715
1.183857e-06	-0.020849
1.185857e-06	-0.020849
1.187857e-06	-0.020514
1.189857e-06	-0.020045
1.191857e-06	-0.020313
1.193857e-06	-0.020648
1.195857e-06	-0.020715
1.197857e-06	-0.020782
1.199857e-06	-0.020782
1.201857e-06	-0.020715
1.203857e-06	-0.020514
1.205857e-06	-0.020514
1.207857e-06	-0.020648
1.209857e-06	-0.020648
1.211857e-06	-0.020447
1.213857e-06	-0.020246
1.215857e-06	-0.020581
1.217857e-06	-0.020648
1.219857e-06	-0.021117
1.221857e-06	-0.020849
1.223857e-06	-0.021117
1.225857e-06	-0.021184
1.227857e-06	-0.021385
1.229857e-06	-0.021452
1.231857e-06	-0.021385
1.233857e-06	-0.021452
1.235857e-06	-0.021385
1.237857e-06	-0.021385
1.239857e-06	-0.021452
1.241857e-06	-0.021184
1.243857e-06	-0.021318
1.245857e-06	-0.02105
1.247857e-06	-0.021854
1.249857e-06	-0.022055
1.251857e-06	-0.022122
1.253857e-06	-0.021586
1.255857e-06	-0.021787
1.257857e-06	-0.021787
1.259857e-06	-0.022122
1.261857e-06	-0.021653
1.263857e-06	-0.021653
1.265857e-06	-0.021519
1.267857e-06	-0.021988
1.269857e-06	-0.02172
1.271857e-06	-0.021653
1.273857e-06	-0.021787
1.275857e-06	-0.021519
1.277857e-06	-0.02105
1.279857e-06	-0.021184
1.281857e-06	-0.021117
1.283857e-06	-0.021184
1.285857e-06	-0.020849
1.287857e-06	-0.020849
1.289857e-06	-0.020648
1.291857e-06	-0.020782
1.293857e-06	-0.020581
1.295857e-06	-0.020581
1.297857e-06	-0.020514
1.299857e-06	-0.020715
1.301857e-06	-0.02038
1.303857e-06	-0.020447
1.305857e-06	-0.019911
1.307857e-06	-0.020045
1.309857e-06	-0.020112
1.311857e-06	-0.020514
1.313857e-06	-0.020514
1.315857e-06	-0.020581
1.317857e-06	-0.020514
1.319857e-06	-0.020648
1.321857e-06	-0.020581
1.323857e-06	-0.020045
1.325857e-06	-0.019509
1.327857e-06	-0.019308
1.329857e-06	-0.018973
1.331857e-06	-0.019308
1.333857e-06	-0.01904
1.335857e-06	-0.018772
1.337857e-06	-0.018906
1.339857e-06	-0.018705
1.341857e-06	-0.018839
1.343857e-06	-0.018973
1.345857e-06	-0.018973
1.347857e-06	-0.018638
1.349857e-06	-0.017968
1.351857e-06	-0.018303
1.353857e-06	-0.018236
1.355857e-06	-0.018102
1.357857e-06	-0.018236
1.359857e-06	-0.018437
1.361857e-06	-0.018772
1.363857e-06	-0.018705
1.365857e-06	-0.018303
1.367857e-06	-0.018236
1.369857e-06	-0.018504
1.371857e-06	-0.018303
1.373857e-06	-0.018303
1.375857e-06	-0.018035
1.377857e-06	-0.018102
1.379857e-06	-0.018504
1.381857e-06	-0.018303
1.383857e-06	-0.018303
1.385857e-06	-0.017767
1.387857e-06	-0.018236
1.389857e-06	-0.017968
1.391857e-06	-0.017968
1.393857e-06	-0.018236
1.395857e-06	-0.018638
1.397857e-06	-0.018839
1.399857e-06	-0.019375
1.401857e-06	-0.019107
1.403857e-06	-0.019107
1.405857e-06	-0.018906
1.407857e-06	-0.019107
1.409857e-06	-0.019375
1.411857e-06	-0.019375
1.413857e-06	-0.019241
1.415857e-06	-0.01904
1.417857e-06	-0.019107
1.419857e-06	-0.019308
1.421857e-06	-0.019107
1.423857e-06	-0.018839
1.425857e-06	-0.018772
1.427857e-06	-0.018839
1.429857e-06	-0.018504
1.431857e-06	-0.018437
1.433857e-06	-0.0177
1.435857e-06	-0.017834
1.437857e-06	-0.017298
1.439857e-06	-0.016494
1.441857e-06	-0.016159
1.443857e-06	-0.016092
1.445857e-06	-0.01569
1.447857e-06	-0.015221
1.449857e-06	-0.015154
1.451857e-06	-0.015221
1.453857e-06	-0.014752
1.455857e-06	-0.015087
1.457857e-06	-0.014149
1.459857e-06	-0.014953
1.461857e-06	-0.014886
1.463857e-06	-0.014886
1.465857e-06	-0.014819
1.467857e-06	-0.015422
1.469857e-06	-0.014953
1.471857e-06	-0.015355
1.473857e-06	-0.015556
1.475857e-06	-0.015489
1.477857e-06	-0.015556
1.479857e-06	-0.015556
1.481857e-06	-0.015824
1.483857e-06	-0.016226
1.485857e-06	-0.015824
1.487857e-06	-0.015623
1.489857e-06	-0.015891
1.491857e-06	-0.016293
1.493857e-06	-0.016159
1.495857e-06	-0.016159
1.497857e-06	-0.016494
1.499857e-06	-0.016628
1.501857e-06	-0.01636
1.503857e-06	-0.016896
1.505857e-06	-0.016762
1.507857e-06	-0.017231
1.509857e-06	-0.017231
1.511857e-06	-0.017566
1.513857e-06	-0.017432
1.515857e-06	-0.017633
1.517857e-06	-0.017298
1.519857e-06	-0.017566
1.521857e-06	-0.017499
1.523857e-06	-0.017432
1.525857e-06	-0.017231
1.527857e-06	-0.017298
1.529857e-06	-0.01703
1.531857e-06	-0.017432
1.533857e-06	-0.017231
1.535857e-06	-0.017097
1.537857e-06	-0.017365
1.539857e-06	-0.017231
1.541857e-06	-0.016829
1.543857e-06	-0.01703
1.545857e-06	-0.016896
1.547857e-06	-0.016762
1.549857e-06	-0.016025
1.551857e-06	-0.015757
1.553857e-06	-0.015891
1.555857e-06	-0.015958
1.557857e-06	-0.015556
1.559857e-06	-0.015422
1.561857e-06	-0.015154
1.563857e-06	-0.015824
1.565857e-06	-0.01502
1.567857e-06	-0.014953
1.569857e-06	-0.014417
1.571857e-06	-0.014618
1.573857e-06	-0.014082
1.575857e-06	-0.013948
1.577857e-06	-0.01368
1.579857e-06	-0.013814
1.581857e-06	-0.013479
1.583857e-06	-0.013412
1.585857e-06	-0.012876
1.587857e-06	-0.01301
1.589857e-06	-0.013077
1.591857e-06	-0.012943
1.593857e-06	-0.013479
1.595857e-06	-0.013479
1.597857e-06	-0.013479
1.599857e-06	-0.013345
1.601857e-06	-0.013613
1.603857e-06	-0.013948
1.605857e-06	-0.013479
1.607857e-06	-0.013144
1.609857e-06	-0.013747
1.611857e-06	-0.013613
1.613857e-06	-0.013613
1.615857e-06	-0.014015
1.617857e-06	-0.013747
1.619857e-06	-0.013747
1.621857e-06	-0.013278
1.623857e-06	-0.013747
1.625857e-06	-0.013412
1.627857e-06	-0.013948
1.629857e-06	-0.013546
1.631857e-06	-0.013747
1.633857e-06	-0.01368
1.635857e-06	-0.014015
1.637857e-06	-0.013613
1.639857e-06	-0.013546
1.641857e-06	-0.013412
1.643857e-06	-0.014015
1.645857e-06	-0.013881
1.647857e-06	-0.013814
1.649857e-06	-0.014283
1.651857e-06	-0.014283
1.653857e-06	-0.014618
1.655857e-06	-0.014819
1.657857e-06	-0.014819
1.659857e-06	-0.015556
1.661857e-06	-0.014953
1.663857e-06	-0.015489
1.665857e-06	-0.015556
1.667857e-06	-0.016293
1.669857e-06	-0.016025
1.671857e-06	-0.015958
1.673857e-06	-0.015891
1.675857e-06	-0.016159
1.677857e-06	-0.015288
1.679857e-06	-0.015422
1.681857e-06	-0.015288
1.683857e-06	-0.015422
1.685857e-06	-0.01502
1.687857e-06	-0.01502
1.689857e-06	-0.014484
1.691857e-06	-0.014082
1.693857e-06	-0.01368
1.695857e-06	-0.013814
1.697857e-06	-0.01368
1.699857e-06	-0.013613
1.701857e-06	-0.013278
1.703857e-06	-0.013211
1.705857e-06	-0.013345
1.707857e-06	-0.013412
1.709857e-06	-0.012943
1.711857e-06	-0.013077
1.713857e-06	-0.012809
1.715857e-06	-0.013144
1.717857e-06	-0.013077
1.719857e-06	-0.01301
1.721857e-06	-0.012809
1.723857e-06	-0.013278
1.725857e-06	-0.012675
1.727857e-06	-0.013144
1.729857e-06	-0.013278
1.731857e-06	-0.013814
1.733857e-06	-0.013211
1.735857e-06	-0.013479
1.737857e-06	-0.013613
1.739857e-06	-0.014015
1.741857e-06	-0.013211
1.743857e-06	-0.013479
1.745857e-06	-0.013613
1.747857e-06	-0.013948
1.749857e-06	-0.013881
1.751857e-06	-0.014149
1.753857e-06	-0.013613
1.755857e-06	-0.01435
1.757857e-06	-0.014082
1.759857e-06	-0.014149
1.761857e-06	-0.014551
1.763857e-06	-0.01502
1.765857e-06	-0.014819
1.767857e-06	-0.014886
1.769857e-06	-0.015087
1.771857e-06	-0.014685
1.773857e-06	-0.014484
1.775857e-06	-0.014618
1.777857e-06	-0.014752
1.779857e-06	-0.014953
1.781857e-06	-0.014618
1.783857e-06	-0.014819
1.785857e-06	-0.015154
1.787857e-06	-0.014953
1.789857e-06	-0.014618
1.791857e-06	-0.014886
1.793857e-06	-0.014953
1.795857e-06	-0.015087
1.797857e-06	-0.015154
1.799857e-06	-0.01569
1.801857e-06	-0.015623
1.803857e-06	-0.016226
1.805857e-06	-0.015757
1.807857e-06	-0.015891
1.809857e-06	-0.016025
1.811857e-06	-0.016561
1.813857e-06	-0.016628
1.815857e-06	-0.016963
1.817857e-06	-0.016829
1.819857e-06	-0.016561
1.821857e-06	-0.016695
1.823857e-06	-0.016494
1.825857e-06	-0.016561
1.827857e-06	-0.016829
1.829857e-06	-0.01703
1.831857e-06	-0.016963
1.833857e-06	-0.017499
1.835857e-06	-0.017767
1.837857e-06	-0.018035
1.839857e-06	-0.017834
1.841857e-06	-0.018102
1.843857e-06	-0.018437
1.845857e-06	-0.018102
1.847857e-06	-0.018504
1.849857e-06	-0.018705
1.851857e-06	-0.01904
1.853857e-06	-0.01904
1.855857e-06	-0.018839
1.857857e-06	-0.018906
1.859857e-06	-0.018638
1.861857e-06	-0.018839
1.863857e-06	-0.019174
1.865857e-06	-0.018705
1.867857e-06	-0.019375
1.869857e-06	-0.018772
1.871857e-06	-0.018839
1.873857e-06	-0.018437
1.875857e-06	-0.018571
1.877857e-06	-0.018102
1.879857e-06	-0.018303
1.881857e-06	-0.017834
1.883857e-06	-0.018102
1.885857e-06	-0.017499
1.887857e-06	-0.016963
1.889857e-06	-0.017499
1.891857e-06	-0.017566
1.893857e-06	-0.017365
1.895857e-06	-0.017164
1.897857e-06	-0.017298
1.899857e-06	-0.0177
1.901857e-06	-0.017566
1.903857e-06	-0.017432
1.905857e-06	-0.017767
1.907857e-06	-0.017968
1.909857e-06	-0.018035
1.911857e-06	-0.01837
1.913857e-06	-0.017834
1.915857e-06	-0.018236
1.917857e-06	-0.01837
1.919857e-06	-0.018772
1.921857e-06	-0.018236
1.923857e-06	-0.018169
1.925857e-06	-0.018303
1.927857e-06	-0.018102
1.929857e-06	-0.018303
1.931857e-06	-0.01837
1.933857e-06	-0.018236
1.935857e-06	-0.018035
1.937857e-06	-0.018102
1.939857e-06	-0.018102
1.941857e-06	-0.017432
1.943857e-06	-0.017901
1.945857e-06	-0.017834
1.947857e-06	-0.018102
1.949857e-06	-0.017834
1.951857e-06	-0.017968
1.953857e-06	-0.017499
1.955857e-06	-0.017901
1.957857e-06	-0.0177
1.959857e-06	-0.0177
1.961857e-06	-0.017633
1.963857e-06	-0.017968
1.965857e-06	-0.017633
1.967857e-06	-0.017901
1.969857e-06	-0.018035
1.971857e-06	-0.0177
1.973857e-06	-0.017633
1.975857e-06	-0.017566
1.977857e-06	-0.0177
1.979857e-06	-0.018169
1.981857e-06	-0.017968
1.983857e-06	-0.017968
1.985857e-06	-0.017499
1.987857e-06	-0.017432
1.989857e-06	-0.017901
1.991857e-06	-0.018035
1.993857e-06	-0.018102
1.995857e-06	-0.017901
1.997857e-06	-0.017566
1.999857e-06	-0.017633
2.001857e-06	-0.018437
2.003857e-06	-0.018437
2.005857e-06	-0.018303
2.007857e-06	-0.018437
2.009857e-06	-0.018705
2.011857e-06	-0.018638
2.013857e-06	-0.018638
2.015857e-06	-0.018504
2.017857e-06	-0.018705
2.019857e-06	-0.019107
2.021857e-06	-0.018839
2.023857e-06	-0.018772
2.025857e-06	-0.018705
2.027857e-06	-0.019174
2.029857e-06	-0.018839
2.031857e-06	-0.018973
2.033857e-06	-0.018839
2.035857e-06	-0.019107
2.037857e-06	-0.019174
2.039857e-06	-0.019107
2.041857e-06	-0.019174
2.043857e-06	-0.01904
2.045857e-06	-0.019308
2.047857e-06	-0.019308
2.049857e-06	-0.019509
2.051857e-06	-0.019576
2.053857e-06	-0.019844
2.055857e-06	-0.019777
2.057857e-06	-0.019844
2.059857e-06	-0.019978
2.061857e-06	-0.01971
2.063857e-06	-0.01971
2.065857e-06	-0.019777
2.067857e-06	-0.019911
2.069857e-06	-0.019777
2.071857e-06	-0.02038
2.073857e-06	-0.020045
2.075857e-06	-0.02038
2.077857e-06	-0.020045
2.079857e-06	-0.020514
2.081857e-06	-0.020715
2.083857e-06	-0.020983
2.085857e-06	-0.020849
2.087857e-06	-0.020849
2.089857e-06	-0.020849
2.091857e-06	-0.020648
2.093857e-06	-0.02038
2.095857e-06	-0.020447
2.097857e-06	-0.020045
2.099857e-06	-0.020246
2.101857e-06	-0.019844
2.103857e-06	-0.019978
2.105857e-06	-0.020246
2.107857e-06	-0.020782
2.109857e-06	-0.02038
2.111857e-06	-0.020648
2.113857e-06	-0.020447
2.115857e-06	-0.020648
2.117857e-06	-0.020246
2.119857e-06	-0.020246
2.121857e-06	-0.020313
2.123857e-06	-0.020447
2.125857e-06	-0.020246
2.127857e-06	-0.020179
2.129857e-06	-0.019978
2.131857e-06	-0.020045
2.133857e-06	-0.019643
2.135857e-06	-0.020112
2.137857e-06	-0.01971
2.139857e-06	-0.019777
2.141857e-06	-0.019509
2.143857e-06	-0.019509
2.145857e-06	-0.019375
2.147857e-06	-0.018973
2.149857e-06	-0.018906
2.151857e-06	-0.01904
2.153857e-06	-0.019107
2.155857e-06	-0.018638
2.157857e-06	-0.018035
2.159857e-06	-0.01837
2.161857e-06	-0.017633
2.163857e-06	-0.017499
2.165857e-06	-0.017231
2.167857e-06	-0.017298
2.169857e-06	-0.017633
2.171857e-06	-0.017566
2.173857e-06	-0.016896
2.175857e-06	-0.016829
2.177857e-06	-0.016829
2.179857e-06	-0.01703
2.181857e-06	-0.017164
2.183857e-06	-0.017164
2.185857e-06	-0.017566
2.187857e-06	-0.017633
2.189857e-06	-0.017767
2.191857e-06	-0.018169
2.193857e-06	-0.01837
2.195857e-06	-0.018437
2.197857e-06	-0.018437
2.199857e-06	-0.018705
2.201857e-06	-0.019107
2.203857e-06	-0.018973
2.205857e-06	-0.018705
2.207857e-06	-0.018906
2.209857e-06	-0.018839
2.211857e-06	-0.019308
2.213857e-06	-0.018906
2.215857e-06	-0.019241
2.217857e-06	-0.019107
2.219857e-06	-0.019375
2.221857e-06	-0.018906
2.223857e-06	-0.019174
2.225857e-06	-0.019174
2.227857e-06	-0.019308
2.229857e-06	-0.019509
2.231857e-06	-0.019375
2.233857e-06	-0.018906
2.235857e-06	-0.019107
2.237857e-06	-0.019107
2.239857e-06	-0.019107
2.241857e-06	-0.018437
2.243857e-06	-0.018303
2.245857e-06	-0.018169
2.247857e-06	-0.018035
2.249857e-06	-0.017834
2.251857e-06	-0.018303
2.253857e-06	-0.018303
2.255857e-06	-0.019107
2.257857e-06	-0.019107
2.259857e-06	-0.020179
2.261857e-06	-0.019978
2.263857e-06	-0.019978
2.265857e-06	-0.019978
2.267857e-06	-0.019844
2.269857e-06	-0.019911
2.271857e-06	-0.019911
2.273857e-06	-0.019844
2.275857e-06	-0.019777
2.277857e-06	-0.019509
2.279857e-06	-0.019576
2.281857e-06	-0.019241
2.283857e-06	-0.019442
2.285857e-06	-0.019107
2.287857e-06	-0.018906
2.289857e-06	-0.019241
2.291857e-06	-0.019107
2.293857e-06	-0.019241
2.295857e-06	-0.018638
2.297857e-06	-0.018839
2.299857e-06	-0.01837
2.301857e-06	-0.018705
2.303857e-06	-0.018638
2.305857e-06	-0.018169
2.307857e-06	-0.018638
2.309857e-06	-0.018839
2.311857e-06	-0.018839
2.313857e-06	-0.018504
2.315857e-06	-0.018705
2.317857e-06	-0.018035
2.319857e-06	-0.018504
2.321857e-06	-0.018303
2.323857e-06	-0.018705
2.325857e-06	-0.018236
2.327857e-06	-0.018571
2.329857e-06	-0.018772
2.331857e-06	-0.018504
2.333857e-06	-0.018638
2.335857e-06	-0.01904
2.337857e-06	-0.019174
2.339857e-06	-0.01971
2.341857e-06	-0.01971
2.343857e-06	-0.019777
2.345857e-06	-0.020045
2.347857e-06	-0.020246
2.349857e-06	-0.019911
2.351857e-06	-0.020112
2.353857e-06	-0.019844
2.355857e-06	-0.020179
2.357857e-06	-0.020045
2.359857e-06	-0.020246
2.361857e-06	-0.02038
2.363857e-06	-0.020447
2.365857e-06	-0.020313
2.367857e-06	-0.020715
2.369857e-06	-0.020045
2.371857e-06	-0.020581
2.373857e-06	-0.020112
2.375857e-06	-0.020514
2.377857e-06	-0.020581
2.379857e-06	-0.020849
2.381857e-06	-0.020581
2.383857e-06	-0.02105
2.385857e-06	-0.021519
2.387857e-06	-0.021921
2.389857e-06	-0.021184
2.391857e-06	-0.021519
2.393857e-06	-0.021519
2.395857e-06	-0.021854
2.397857e-06	-0.021385
2.399857e-06	-0.021787
2.401857e-06	-0.021653
2.403857e-06	-0.021854
2.405857e-06	-0.021854
2.407857e-06	-0.021988
2.409857e-06	-0.022256
2.411857e-06	-0.02239
2.413857e-06	-0.021921
2.415857e-06	-0.022122
2.417857e-06	-0.022457
2.419857e-06	-0.022524
2.421857e-06	-0.022457
2.423857e-06	-0.022591
2.425857e-06	-0.022926
2.427857e-06	-0.023127
2.429857e-06	-0.022725
2.431857e-06	-0.022859
2.433857e-06	-0.022792
2.435857e-06	-0.022792
2.437857e-06	-0.022591
2.439857e-06	-0.022792
2.441857e-06	-0.022457
2.443857e-06	-0.022457
2.445857e-06	-0.021854
2.447857e-06	-0.022256
2.449857e-06	-0.022256
2.451857e-06	-0.021921
2.453857e-06	-0.021519
2.455857e-06	-0.021586
2.457857e-06	-0.021519
2.459857e-06	-0.021251
2.461857e-06	-0.020782
2.463857e-06	-0.020514
2.465857e-06	-0.020648
2.467857e-06	-0.020715
2.469857e-06	-0.020514
2.471857e-06	-0.020514
2.473857e-06	-0.020447
2.475857e-06	-0.020313
2.477857e-06	-0.02038
2.479857e-06	-0.020313
2.481857e-06	-0.019978
2.483857e-06	-0.020112
2.485857e-06	-0.020045
2.487857e-06	-0.020045
2.489857e-06	-0.020514
2.491857e-06	-0.020514
2.493857e-06	-0.020715
2.495857e-06	-0.020648
2.497857e-06	-0.020648
2.499857e-06	-0.020916
2.501857e-06	-0.020849
