LECROYHDO6104A	50809	Waveform
Segments	1	SegmentSize	2502
Segment	TrigTime	TimeSinceSegment1
#1	19-Dec-2022 19:24:07	0                 
Time	Ampl
-2.490231e-06	-0.020312
-2.488231e-06	-0.0199776
-2.486231e-06	-0.0196736
-2.484231e-06	-0.0195824
-2.482231e-06	-0.0196432
-2.480231e-06	-0.0194608
-2.478231e-06	-0.0197648
-2.476231e-06	-0.0196128
-2.474231e-06	-0.019552
-2.472231e-06	-0.0195824
-2.470231e-06	-0.0197648
-2.468231e-06	-0.019704
-2.466231e-06	-0.0198256
-2.464231e-06	-0.0195216
-2.462231e-06	-0.0197648
-2.460231e-06	-0.0199168
-2.458231e-06	-0.0198864
-2.456231e-06	-0.0199168
-2.454231e-06	-0.0200992
-2.452231e-06	-0.020312
-2.450231e-06	-0.0203728
-2.448231e-06	-0.0201296
-2.446231e-06	-0.0199776
-2.444231e-06	-0.0197952
-2.442231e-06	-0.0200384
-2.440231e-06	-0.0200384
-2.438231e-06	-0.0201296
-2.436231e-06	-0.0200688
-2.434231e-06	-0.0199472
-2.432231e-06	-0.0198864
-2.430231e-06	-0.020008
-2.428231e-06	-0.0200384
-2.426231e-06	-0.019856
-2.424231e-06	-0.0194
-2.422231e-06	-0.019552
-2.420231e-06	-0.0194304
-2.418231e-06	-0.0196736
-2.416231e-06	-0.0195216
-2.414231e-06	-0.019856
-2.412231e-06	-0.019552
-2.410231e-06	-0.0194912
-2.408231e-06	-0.0197952
-2.406231e-06	-0.0201296
-2.404231e-06	-0.0202816
-2.402231e-06	-0.0204336
-2.400231e-06	-0.020312
-2.398231e-06	-0.020008
-2.396231e-06	-0.0202208
-2.394231e-06	-0.02016
-2.392231e-06	-0.0202512
-2.390231e-06	-0.0199168
-2.388231e-06	-0.0196128
-2.386231e-06	-0.0196128
-2.384231e-06	-0.0196736
-2.382231e-06	-0.0193392
-2.380231e-06	-0.0192784
-2.378231e-06	-0.0194304
-2.376231e-06	-0.019552
-2.374231e-06	-0.020008
-2.372231e-06	-0.0200384
-2.370231e-06	-0.0204032
-2.368231e-06	-0.0203728
-2.366231e-06	-0.0202208
-2.364231e-06	-0.0201296
-2.362231e-06	-0.0199472
-2.360231e-06	-0.0199168
-2.358231e-06	-0.0198256
-2.356231e-06	-0.0194304
-2.354231e-06	-0.0191872
-2.352231e-06	-0.0194
-2.350231e-06	-0.0194304
-2.348231e-06	-0.0196128
-2.346231e-06	-0.0193696
-2.344231e-06	-0.0193392
-2.342231e-06	-0.0190048
-2.340231e-06	-0.0193088
-2.338231e-06	-0.0191264
-2.336231e-06	-0.0191872
-2.334231e-06	-0.0193696
-2.332231e-06	-0.0195824
-2.330231e-06	-0.0197952
-2.328231e-06	-0.0197648
-2.326231e-06	-0.0197648
-2.324231e-06	-0.0201296
-2.322231e-06	-0.0199776
-2.320231e-06	-0.0196432
-2.318231e-06	-0.0197952
-2.316231e-06	-0.0196736
-2.314231e-06	-0.0193696
-2.312231e-06	-0.0193696
-2.310231e-06	-0.019248
-2.308231e-06	-0.019552
-2.306231e-06	-0.0196432
-2.304231e-06	-0.0194608
-2.302231e-06	-0.0197648
-2.300231e-06	-0.0197344
-2.298231e-06	-0.019704
-2.296231e-06	-0.0199168
-2.294231e-06	-0.0201296
-2.292231e-06	-0.0200688
-2.290231e-06	-0.020008
-2.288231e-06	-0.019856
-2.286231e-06	-0.0200384
-2.284231e-06	-0.0202208
-2.282231e-06	-0.020008
-2.280231e-06	-0.0200992
-2.278231e-06	-0.0203424
-2.276231e-06	-0.020616
-2.274231e-06	-0.0207072
-2.272231e-06	-0.0204336
-2.270231e-06	-0.0205248
-2.268231e-06	-0.0203424
-2.266231e-06	-0.0202816
-2.264231e-06	-0.0204336
-2.262231e-06	-0.020616
-2.260231e-06	-0.020768
-2.258231e-06	-0.0210112
-2.256231e-06	-0.021376
-2.254231e-06	-0.0211328
-2.252231e-06	-0.0208592
-2.250231e-06	-0.0208288
-2.248231e-06	-0.0208896
-2.246231e-06	-0.0207376
-2.244231e-06	-0.0202208
-2.242231e-06	-0.0200384
-2.240231e-06	-0.0202512
-2.238231e-06	-0.0202816
-2.236231e-06	-0.0200384
-2.234231e-06	-0.0201296
-2.232231e-06	-0.0199472
-2.230231e-06	-0.0197648
-2.228231e-06	-0.0202208
-2.226231e-06	-0.019856
-2.224231e-06	-0.0201296
-2.222231e-06	-0.020312
-2.220231e-06	-0.0204032
-2.218231e-06	-0.020464
-2.216231e-06	-0.0202816
-2.214231e-06	-0.0204032
-2.212231e-06	-0.02016
-2.210231e-06	-0.020464
-2.208231e-06	-0.0202816
-2.206231e-06	-0.020312
-2.204231e-06	-0.0200384
-2.202231e-06	-0.0199168
-2.200231e-06	-0.0195216
-2.198231e-06	-0.0195216
-2.196231e-06	-0.0191264
-2.194231e-06	-0.019096
-2.192231e-06	-0.0187312
-2.190231e-06	-0.0187008
-2.188231e-06	-0.0185184
-2.186231e-06	-0.0188832
-2.184231e-06	-0.0193696
-2.182231e-06	-0.0191872
-2.180231e-06	-0.0193696
-2.178231e-06	-0.0190048
-2.176231e-06	-0.018792
-2.174231e-06	-0.019096
-2.172231e-06	-0.0187312
-2.170231e-06	-0.0185488
-2.168231e-06	-0.0185488
-2.166231e-06	-0.01864
-2.164231e-06	-0.01864
-2.162231e-06	-0.01864
-2.160231e-06	-0.018032
-2.158231e-06	-0.0181536
-2.156231e-06	-0.0184576
-2.154231e-06	-0.0189744
-2.152231e-06	-0.0189744
-2.150231e-06	-0.0189744
-2.148231e-06	-0.0191872
-2.146231e-06	-0.0193392
-2.144231e-06	-0.0194304
-2.142231e-06	-0.0196128
-2.140231e-06	-0.020008
-2.138231e-06	-0.0203728
-2.136231e-06	-0.0201296
-2.134231e-06	-0.0202208
-2.132231e-06	-0.0203424
-2.130231e-06	-0.0203424
-2.128231e-06	-0.0203424
-2.126231e-06	-0.0203728
-2.124231e-06	-0.0205248
-2.122231e-06	-0.0207376
-2.120231e-06	-0.0210112
-2.118231e-06	-0.0208896
-2.116231e-06	-0.0208896
-2.114231e-06	-0.0211024
-2.112231e-06	-0.0208896
-2.110231e-06	-0.0207984
-2.108231e-06	-0.0205856
-2.106231e-06	-0.0206464
-2.104231e-06	-0.0207072
-2.102231e-06	-0.0208592
-2.100231e-06	-0.0208592
-2.098231e-06	-0.0211024
-2.096231e-06	-0.0210112
-2.094231e-06	-0.0208896
-2.092231e-06	-0.0211328
-2.090231e-06	-0.0209808
-2.088231e-06	-0.0206464
-2.086231e-06	-0.021072
-2.084231e-06	-0.0208896
-2.082231e-06	-0.0209504
-2.080231e-06	-0.0212848
-2.078231e-06	-0.0212848
-2.076231e-06	-0.021072
-2.074231e-06	-0.0214672
-2.072231e-06	-0.0213152
-2.070231e-06	-0.021376
-2.068231e-06	-0.0217712
-2.066231e-06	-0.0217104
-2.064231e-06	-0.0215888
-2.062231e-06	-0.0216496
-2.060231e-06	-0.0220752
-2.058231e-06	-0.0220752
-2.056231e-06	-0.0222576
-2.054231e-06	-0.0219536
-2.052231e-06	-0.0220448
-2.050231e-06	-0.0222272
-2.048231e-06	-0.0220752
-2.046231e-06	-0.0220448
-2.044231e-06	-0.0220752
-2.042231e-06	-0.0222576
-2.040231e-06	-0.0220144
-2.038231e-06	-0.0218016
-2.036231e-06	-0.0217104
-2.034231e-06	-0.0218624
-2.032231e-06	-0.0215888
-2.030231e-06	-0.0213456
-2.028231e-06	-0.021224
-2.026231e-06	-0.0208896
-2.024231e-06	-0.0205248
-2.022231e-06	-0.0209808
-2.020231e-06	-0.0211632
-2.018231e-06	-0.0213152
-2.016231e-06	-0.0216496
-2.014231e-06	-0.021224
-2.012231e-06	-0.0212848
-2.010231e-06	-0.021224
-2.008231e-06	-0.0213456
-2.006231e-06	-0.021528
-2.004231e-06	-0.0215584
-2.002231e-06	-0.0213456
-2.000231e-06	-0.021376
-1.998231e-06	-0.0214064
-1.996231e-06	-0.0214368
-1.994231e-06	-0.0211632
-1.992231e-06	-0.0207984
-1.990231e-06	-0.0207376
-1.988231e-06	-0.020768
-1.986231e-06	-0.02092
-1.984231e-06	-0.0212544
-1.982231e-06	-0.02092
-1.980231e-06	-0.0206768
-1.978231e-06	-0.0207984
-1.976231e-06	-0.0209504
-1.974231e-06	-0.0210112
-1.972231e-06	-0.021224
-1.970231e-06	-0.021072
-1.968231e-06	-0.0208288
-1.966231e-06	-0.0208592
-1.964231e-06	-0.0209504
-1.962231e-06	-0.0211936
-1.960231e-06	-0.0211024
-1.958231e-06	-0.0209504
-1.956231e-06	-0.0209808
-1.954231e-06	-0.0207072
-1.952231e-06	-0.020464
-1.950231e-06	-0.0205248
-1.948231e-06	-0.0202208
-1.946231e-06	-0.0203424
-1.944231e-06	-0.019704
-1.942231e-06	-0.0198256
-1.940231e-06	-0.0193696
-1.938231e-06	-0.0198256
-1.936231e-06	-0.0199472
-1.934231e-06	-0.0197648
-1.932231e-06	-0.0197952
-1.930231e-06	-0.0199168
-1.928231e-06	-0.0196736
-1.926231e-06	-0.0194
-1.924231e-06	-0.0194608
-1.922231e-06	-0.0191264
-1.920231e-06	-0.0188528
-1.918231e-06	-0.018792
-1.916231e-06	-0.018944
-1.914231e-06	-0.0190048
-1.912231e-06	-0.018944
-1.910231e-06	-0.0189136
-1.908231e-06	-0.0188528
-1.906231e-06	-0.0186704
-1.904231e-06	-0.0184576
-1.902231e-06	-0.018488
-1.900231e-06	-0.0180016
-1.898231e-06	-0.0177584
-1.896231e-06	-0.0177888
-1.894231e-06	-0.0176672
-1.892231e-06	-0.0173936
-1.890231e-06	-0.0176672
-1.888231e-06	-0.0174544
-1.886231e-06	-0.0178192
-1.884231e-06	-0.0176064
-1.882231e-06	-0.0176368
-1.880231e-06	-0.0179408
-1.878231e-06	-0.01788
-1.876231e-06	-0.0175152
-1.874231e-06	-0.0174848
-1.872231e-06	-0.0169072
-1.870231e-06	-0.0171504
-1.868231e-06	-0.0170592
-1.866231e-06	-0.0164512
-1.864231e-06	-0.015904
-1.862231e-06	-0.0156912
-1.860231e-06	-0.0153568
-1.858231e-06	-0.0152656
-1.856231e-06	-0.0147184
-1.854231e-06	-0.0145664
-1.852231e-06	-0.014384
-1.850231e-06	-0.0144448
-1.848231e-06	-0.0141712
-1.846231e-06	-0.0140496
-1.844231e-06	-0.0140496
-1.842231e-06	-0.0142016
-1.840231e-06	-0.0142016
-1.838231e-06	-0.0143536
-1.836231e-06	-0.0141712
-1.834231e-06	-0.0144752
-1.832231e-06	-0.0146576
-1.830231e-06	-0.0152352
-1.828231e-06	-0.0153264
-1.826231e-06	-0.0155696
-1.824231e-06	-0.0150224
-1.822231e-06	-0.0150528
-1.820231e-06	-0.0151744
-1.818231e-06	-0.0155696
-1.816231e-06	-0.0155088
-1.814231e-06	-0.0154784
-1.812231e-06	-0.0157216
-1.810231e-06	-0.015904
-1.808231e-06	-0.0161168
-1.806231e-06	-0.0161776
-1.804231e-06	-0.0161776
-1.802231e-06	-0.0164512
-1.800231e-06	-0.0162688
-1.798231e-06	-0.01636
-1.796231e-06	-0.0167248
-1.794231e-06	-0.0167856
-1.792231e-06	-0.0165424
-1.790231e-06	-0.0166032
-1.788231e-06	-0.0164208
-1.786231e-06	-0.0162992
-1.784231e-06	-0.0160864
-1.782231e-06	-0.0161168
-1.780231e-06	-0.0160864
-1.778231e-06	-0.0164816
-1.776231e-06	-0.01636
-1.774231e-06	-0.016208
-1.772231e-06	-0.016208
-1.770231e-06	-0.0162992
-1.768231e-06	-0.0161472
-1.766231e-06	-0.0161168
-1.764231e-06	-0.016056
-1.762231e-06	-0.0162688
-1.760231e-06	-0.0166944
-1.758231e-06	-0.0167552
-1.756231e-06	-0.0165728
-1.754231e-06	-0.0170288
-1.752231e-06	-0.0171504
-1.750231e-06	-0.0173024
-1.748231e-06	-0.0174544
-1.746231e-06	-0.0175152
-1.744231e-06	-0.0177888
-1.742231e-06	-0.0180624
-1.740231e-06	-0.0180928
-1.738231e-06	-0.0181232
-1.736231e-06	-0.0183056
-1.734231e-06	-0.0183664
-1.732231e-06	-0.0184272
-1.730231e-06	-0.0183664
-1.728231e-06	-0.0180928
-1.726231e-06	-0.0180624
-1.724231e-06	-0.0178192
-1.722231e-06	-0.0179104
-1.720231e-06	-0.0179408
-1.718231e-06	-0.0179712
-1.716231e-06	-0.0181232
-1.714231e-06	-0.0183664
-1.712231e-06	-0.0187008
-1.710231e-06	-0.0183664
-1.708231e-06	-0.018184
-1.706231e-06	-0.018488
-1.704231e-06	-0.018488
-1.702231e-06	-0.0182448
-1.700231e-06	-0.018184
-1.698231e-06	-0.018336
-1.696231e-06	-0.0182144
-1.694231e-06	-0.018184
-1.692231e-06	-0.0180016
-1.690231e-06	-0.0183056
-1.688231e-06	-0.0179408
-1.686231e-06	-0.018032
-1.684231e-06	-0.0179104
-1.682231e-06	-0.0181232
-1.680231e-06	-0.0181536
-1.678231e-06	-0.018336
-1.676231e-06	-0.0181232
-1.674231e-06	-0.0178192
-1.672231e-06	-0.017576
-1.670231e-06	-0.0174848
-1.668231e-06	-0.0174544
-1.666231e-06	-0.017576
-1.664231e-06	-0.0174544
-1.662231e-06	-0.0175152
-1.660231e-06	-0.017424
-1.658231e-06	-0.0179104
-1.656231e-06	-0.0179712
-1.654231e-06	-0.01788
-1.652231e-06	-0.018184
-1.650231e-06	-0.0184272
-1.648231e-06	-0.0186096
-1.646231e-06	-0.0187312
-1.644231e-06	-0.019248
-1.642231e-06	-0.0189744
-1.640231e-06	-0.0190656
-1.638231e-06	-0.0191568
-1.636231e-06	-0.0191872
-1.634231e-06	-0.0193392
-1.632231e-06	-0.019248
-1.630231e-06	-0.0191264
-1.628231e-06	-0.0192784
-1.626231e-06	-0.0193392
-1.624231e-06	-0.0193392
-1.622231e-06	-0.0194304
-1.620231e-06	-0.019856
-1.618231e-06	-0.019704
-1.616231e-06	-0.0195824
-1.614231e-06	-0.0195216
-1.612231e-06	-0.0195216
-1.610231e-06	-0.0193392
-1.608231e-06	-0.0190048
-1.606231e-06	-0.019096
-1.604231e-06	-0.01864
-1.602231e-06	-0.0187312
-1.600231e-06	-0.0185488
-1.598231e-06	-0.0183664
-1.596231e-06	-0.018336
-1.594231e-06	-0.0185184
-1.592231e-06	-0.018184
-1.590231e-06	-0.0179408
-1.588231e-06	-0.017576
-1.586231e-06	-0.0176064
-1.584231e-06	-0.0173632
-1.582231e-06	-0.0170896
-1.580231e-06	-0.016664
-1.578231e-06	-0.0168464
-1.576231e-06	-0.016968
-1.574231e-06	-0.0168464
-1.572231e-06	-0.0167248
-1.570231e-06	-0.0169072
-1.568231e-06	-0.0170592
-1.566231e-06	-0.0169984
-1.564231e-06	-0.0170592
-1.562231e-06	-0.0170288
-1.560231e-06	-0.0168768
-1.558231e-06	-0.016816
-1.556231e-06	-0.0167248
-1.554231e-06	-0.0169376
-1.552231e-06	-0.0166336
-1.550231e-06	-0.016512
-1.548231e-06	-0.0161776
-1.546231e-06	-0.0162384
-1.544231e-06	-0.016056
-1.542231e-06	-0.0159648
-1.540231e-06	-0.0158128
-1.538231e-06	-0.0159344
-1.536231e-06	-0.0158432
-1.534231e-06	-0.0158128
-1.532231e-06	-0.0158432
-1.530231e-06	-0.0159648
-1.528231e-06	-0.016056
-1.526231e-06	-0.0158736
-1.524231e-06	-0.0158736
-1.522231e-06	-0.0164512
-1.520231e-06	-0.0162688
-1.518231e-06	-0.0162384
-1.516231e-06	-0.0158432
-1.514231e-06	-0.0161168
-1.512231e-06	-0.0159344
-1.510231e-06	-0.0161168
-1.508231e-06	-0.0162688
-1.506231e-06	-0.01636
-1.504231e-06	-0.0162992
-1.502231e-06	-0.0162384
-1.500231e-06	-0.0160864
-1.498231e-06	-0.0163296
-1.496231e-06	-0.0165728
-1.494231e-06	-0.016816
-1.492231e-06	-0.01712
-1.490231e-06	-0.0175456
-1.488231e-06	-0.0176976
-1.486231e-06	-0.0178496
-1.484231e-06	-0.0175456
-1.482231e-06	-0.0175152
-1.480231e-06	-0.0176976
-1.478231e-06	-0.0176064
-1.476231e-06	-0.0173024
-1.474231e-06	-0.0176064
-1.472231e-06	-0.0176064
-1.470231e-06	-0.0177584
-1.468231e-06	-0.0177888
-1.466231e-06	-0.0178192
-1.464231e-06	-0.0176064
-1.462231e-06	-0.0179408
-1.460231e-06	-0.0176672
-1.458231e-06	-0.0180928
-1.456231e-06	-0.0179408
-1.454231e-06	-0.0181232
-1.452231e-06	-0.018032
-1.450231e-06	-0.0182144
-1.448231e-06	-0.0185488
-1.446231e-06	-0.0185792
-1.444231e-06	-0.018336
-1.442231e-06	-0.0187008
-1.440231e-06	-0.0191568
-1.438231e-06	-0.0192784
-1.436231e-06	-0.0194608
-1.434231e-06	-0.0194608
-1.432231e-06	-0.0196432
-1.430231e-06	-0.0196432
-1.428231e-06	-0.0193696
-1.426231e-06	-0.0195824
-1.424231e-06	-0.0191872
-1.422231e-06	-0.0187616
-1.420231e-06	-0.0191568
-1.418231e-06	-0.0190656
-1.416231e-06	-0.0190048
-1.414231e-06	-0.0191872
-1.412231e-06	-0.0193088
-1.410231e-06	-0.0195216
-1.408231e-06	-0.0191568
-1.406231e-06	-0.019096
-1.404231e-06	-0.0187008
-1.402231e-06	-0.0183664
-1.400231e-06	-0.0182752
-1.398231e-06	-0.0185184
-1.396231e-06	-0.0183968
-1.394231e-06	-0.0185184
-1.392231e-06	-0.0186096
-1.390231e-06	-0.0187008
-1.388231e-06	-0.018792
-1.386231e-06	-0.0188528
-1.384231e-06	-0.0187616
-1.382231e-06	-0.01864
-1.380231e-06	-0.018488
-1.378231e-06	-0.0186704
-1.376231e-06	-0.0185184
-1.374231e-06	-0.01864
-1.372231e-06	-0.0185792
-1.370231e-06	-0.0191568
-1.368231e-06	-0.0193392
-1.366231e-06	-0.0189744
-1.364231e-06	-0.0184272
-1.362231e-06	-0.0183968
-1.360231e-06	-0.0185184
-1.358231e-06	-0.0189744
-1.356231e-06	-0.0188224
-1.354231e-06	-0.0180928
-1.352231e-06	-0.017728
-1.350231e-06	-0.0182144
-1.348231e-06	-0.0183664
-1.346231e-06	-0.0182144
-1.344231e-06	-0.0173936
-1.342231e-06	-0.0176368
-1.340231e-06	-0.017576
-1.338231e-06	-0.017576
-1.336231e-06	-0.0177584
-1.334231e-06	-0.017728
-1.332231e-06	-0.01788
-1.330231e-06	-0.0182752
-1.328231e-06	-0.0182752
-1.326231e-06	-0.0183664
-1.324231e-06	-0.0182752
-1.322231e-06	-0.0189744
-1.320231e-06	-0.01864
-1.318231e-06	-0.0182144
-1.316231e-06	-0.0177888
-1.314231e-06	-0.0179712
-1.312231e-06	-0.0180624
-1.310231e-06	-0.0182448
-1.308231e-06	-0.0177584
-1.306231e-06	-0.018032
-1.304231e-06	-0.0183968
-1.302231e-06	-0.018792
-1.300231e-06	-0.0186704
-1.298231e-06	-0.0185184
-1.296231e-06	-0.0190048
-1.294231e-06	-0.0189744
-1.292231e-06	-0.018944
-1.290231e-06	-0.0188832
-1.288231e-06	-0.0188832
-1.286231e-06	-0.0189744
-1.284231e-06	-0.0191568
-1.282231e-06	-0.0192784
-1.280231e-06	-0.0193088
-1.278231e-06	-0.0191568
-1.276231e-06	-0.0196128
-1.274231e-06	-0.0199472
-1.272231e-06	-0.0197344
-1.270231e-06	-0.019704
-1.268231e-06	-0.019704
-1.266231e-06	-0.020008
-1.264231e-06	-0.019856
-1.262231e-06	-0.0199472
-1.260231e-06	-0.0196128
-1.258231e-06	-0.0195216
-1.256231e-06	-0.0194608
-1.254231e-06	-0.0195216
-1.252231e-06	-0.0194304
-1.250231e-06	-0.0191568
-1.248231e-06	-0.0192176
-1.246231e-06	-0.0193088
-1.244231e-06	-0.0192784
-1.242231e-06	-0.0193696
-1.240231e-06	-0.019552
-1.238231e-06	-0.019552
-1.236231e-06	-0.0193088
-1.234231e-06	-0.0194608
-1.232231e-06	-0.0193392
-1.230231e-06	-0.0191568
-1.228231e-06	-0.019704
-1.226231e-06	-0.02016
-1.224231e-06	-0.0201904
-1.222231e-06	-0.0201904
-1.220231e-06	-0.0199168
-1.218231e-06	-0.0203424
-1.216231e-06	-0.0206464
-1.214231e-06	-0.0205248
-1.212231e-06	-0.0202208
-1.210231e-06	-0.020464
-1.208231e-06	-0.0209504
-1.206231e-06	-0.0210112
-1.204231e-06	-0.0211328
-1.202231e-06	-0.0216496
-1.200231e-06	-0.0221056
-1.198231e-06	-0.0218624
-1.196231e-06	-0.021832
-1.194231e-06	-0.0219536
-1.192231e-06	-0.0218016
-1.190231e-06	-0.0220752
-1.188231e-06	-0.0217712
-1.186231e-06	-0.0218928
-1.184231e-06	-0.021832
-1.182231e-06	-0.0218016
-1.180231e-06	-0.0216496
-1.178231e-06	-0.0214368
-1.176231e-06	-0.0211632
-1.174231e-06	-0.0210112
-1.172231e-06	-0.0207376
-1.170231e-06	-0.02092
-1.168231e-06	-0.02092
-1.166231e-06	-0.0211328
-1.164231e-06	-0.02092
-1.162231e-06	-0.0211328
-1.160231e-06	-0.0211024
-1.158231e-06	-0.0212848
-1.156231e-06	-0.021224
-1.154231e-06	-0.0214368
-1.152231e-06	-0.0216192
-1.150231e-06	-0.0217712
-1.148231e-06	-0.0214672
-1.146231e-06	-0.0216496
-1.144231e-06	-0.021528
-1.142231e-06	-0.0214368
-1.140231e-06	-0.021072
-1.138231e-06	-0.0211632
-1.136231e-06	-0.020464
-1.134231e-06	-0.0202816
-1.132231e-06	-0.02016
-1.130231e-06	-0.0205552
-1.128231e-06	-0.0201904
-1.126231e-06	-0.0204944
-1.124231e-06	-0.0204336
-1.122231e-06	-0.0206464
-1.120231e-06	-0.020616
-1.118231e-06	-0.0205248
-1.116231e-06	-0.0199472
-1.114231e-06	-0.0196736
-1.112231e-06	-0.0191568
-1.110231e-06	-0.0186704
-1.108231e-06	-0.0183968
-1.106231e-06	-0.018184
-1.104231e-06	-0.017728
-1.102231e-06	-0.0178496
-1.100231e-06	-0.0173328
-1.098231e-06	-0.0175456
-1.096231e-06	-0.01712
-1.094231e-06	-0.016968
-1.092231e-06	-0.0169376
-1.090231e-06	-0.0166336
-1.088231e-06	-0.0166944
-1.086231e-06	-0.0166336
-1.084231e-06	-0.0164816
-1.082231e-06	-0.0161776
-1.080231e-06	-0.01636
-1.078231e-06	-0.016208
-1.076231e-06	-0.016512
-1.074231e-06	-0.0167552
-1.072231e-06	-0.01636
-1.070231e-06	-0.0162992
-1.068231e-06	-0.0160864
-1.066231e-06	-0.016208
-1.064231e-06	-0.01636
-1.062231e-06	-0.0163904
-1.060231e-06	-0.0163904
-1.058231e-06	-0.0165424
-1.056231e-06	-0.0164512
-1.054231e-06	-0.0166336
-1.052231e-06	-0.0167248
-1.050231e-06	-0.0174544
-1.048231e-06	-0.017424
-1.046231e-06	-0.0171504
-1.044231e-06	-0.0172112
-1.042231e-06	-0.0173328
-1.040231e-06	-0.0174544
-1.038231e-06	-0.0172112
-1.036231e-06	-0.0171504
-1.034231e-06	-0.0172416
-1.032231e-06	-0.017272
-1.030231e-06	-0.0176064
-1.028231e-06	-0.0173632
-1.026231e-06	-0.0175456
-1.024231e-06	-0.017576
-1.022231e-06	-0.0176976
-1.020231e-06	-0.01712
-1.018231e-06	-0.016816
-1.016231e-06	-0.0165424
-1.014231e-06	-0.0165424
-1.012231e-06	-0.0164208
-1.010231e-06	-0.0163296
-1.008231e-06	-0.0159344
-1.006231e-06	-0.015448
-1.004231e-06	-0.0152048
-1.002231e-06	-0.0149616
-1.000231e-06	-0.0149616
-9.982314e-07	-0.0150528
-9.962314e-07	-0.0152352
-9.942314e-07	-0.015448
-9.922314e-07	-0.0155392
-9.902314e-07	-0.0156304
-9.882314e-07	-0.0154784
-9.862314e-07	-0.0156608
-9.842314e-07	-0.015752
-9.822314e-07	-0.0159344
-9.802314e-07	-0.0159344
-9.782314e-07	-0.0161168
-9.762314e-07	-0.0158432
-9.742314e-07	-0.0158128
-9.722314e-07	-0.0159952
-9.702314e-07	-0.0167856
-9.682314e-07	-0.0169072
-9.662314e-07	-0.0172112
-9.642314e-07	-0.0171504
-9.622314e-07	-0.0171808
-9.602314e-07	-0.0172112
-9.582314e-07	-0.017576
-9.562314e-07	-0.017424
-9.542314e-07	-0.017272
-9.522314e-07	-0.0170896
-9.502314e-07	-0.0169376
-9.482314e-07	-0.0173024
-9.462314e-07	-0.0174848
-9.442314e-07	-0.0171504
-9.422314e-07	-0.0172112
-9.402314e-07	-0.0174848
-9.382314e-07	-0.0178192
-9.362314e-07	-0.0176064
-9.342314e-07	-0.0174848
-9.322314e-07	-0.0173328
-9.302314e-07	-0.017424
-9.282314e-07	-0.0176368
-9.262314e-07	-0.0178496
-9.242314e-07	-0.0178192
-9.222314e-07	-0.01788
-9.202314e-07	-0.018032
-9.182314e-07	-0.0181536
-9.162314e-07	-0.0179104
-9.142314e-07	-0.0178496
-9.122314e-07	-0.0179408
-9.102314e-07	-0.0181232
-9.082314e-07	-0.0179712
-9.062314e-07	-0.0177584
-9.042314e-07	-0.0176064
-9.022314e-07	-0.0176976
-9.002314e-07	-0.017728
-8.982314e-07	-0.0179712
-8.962314e-07	-0.0177888
-8.942314e-07	-0.01788
-8.922314e-07	-0.017728
-8.902314e-07	-0.0179104
-8.882314e-07	-0.018032
-8.862314e-07	-0.0182448
-8.842314e-07	-0.0183056
-8.822314e-07	-0.0182752
-8.802314e-07	-0.0182144
-8.782314e-07	-0.0182144
-8.762314e-07	-0.0184272
-8.742314e-07	-0.0186704
-8.722314e-07	-0.018792
-8.702314e-07	-0.0191872
-8.682314e-07	-0.019248
-8.662314e-07	-0.0191568
-8.642314e-07	-0.0188528
-8.622314e-07	-0.0187008
-8.602314e-07	-0.019096
-8.582314e-07	-0.019248
-8.562314e-07	-0.019096
-8.542314e-07	-0.0191264
-8.522314e-07	-0.0195216
-8.502314e-07	-0.019704
-8.482314e-07	-0.0196128
-8.462314e-07	-0.0194608
-8.442314e-07	-0.0194608
-8.422314e-07	-0.0197344
-8.402314e-07	-0.0193392
-8.382314e-07	-0.0193088
-8.362314e-07	-0.0191264
-8.342314e-07	-0.019552
-8.322314e-07	-0.019704
-8.302314e-07	-0.0197648
-8.282314e-07	-0.0196432
-8.262314e-07	-0.0197648
-8.242314e-07	-0.0196128
-8.222314e-07	-0.019248
-8.202314e-07	-0.0194304
-8.182314e-07	-0.0194
-8.162314e-07	-0.0194304
-8.142314e-07	-0.0193088
-8.122314e-07	-0.0192784
-8.102314e-07	-0.019096
-8.082314e-07	-0.0188224
-8.062314e-07	-0.0185488
-8.042314e-07	-0.0182752
-8.022314e-07	-0.0187008
-8.002314e-07	-0.0183968
-7.982314e-07	-0.018336
-7.962314e-07	-0.0181536
-7.942314e-07	-0.0182448
-7.922314e-07	-0.0180016
-7.902314e-07	-0.0182448
-7.882314e-07	-0.0180624
-7.862314e-07	-0.01788
-7.842314e-07	-0.018336
-7.822314e-07	-0.0187008
-7.802314e-07	-0.018488
-7.782314e-07	-0.018336
-7.762314e-07	-0.018336
-7.742314e-07	-0.0183968
-7.722314e-07	-0.018488
-7.702314e-07	-0.01864
-7.682314e-07	-0.0185488
-7.662314e-07	-0.0185488
-7.642314e-07	-0.0185488
-7.622314e-07	-0.0186096
-7.602314e-07	-0.0185184
-7.582314e-07	-0.018488
-7.562314e-07	-0.0186096
-7.542314e-07	-0.0188832
-7.522314e-07	-0.0186704
-7.502314e-07	-0.018944
-7.482314e-07	-0.0190656
-7.462314e-07	-0.0190048
-7.442314e-07	-0.0188528
-7.422314e-07	-0.0188528
-7.402314e-07	-0.018792
-7.382314e-07	-0.0187008
-7.362314e-07	-0.0187008
-7.342314e-07	-0.018944
-7.322314e-07	-0.0191264
-7.302314e-07	-0.0190048
-7.282314e-07	-0.0192784
-7.262314e-07	-0.0193392
-7.242314e-07	-0.0196736
-7.222314e-07	-0.019856
-7.202314e-07	-0.0197952
-7.182314e-07	-0.0200384
-7.162314e-07	-0.0196736
-7.142314e-07	-0.0194912
-7.122314e-07	-0.0195216
-7.102314e-07	-0.0196432
-7.082314e-07	-0.019856
-7.062314e-07	-0.0202816
-7.042314e-07	-0.019856
-7.022314e-07	-0.0198864
-7.002314e-07	-0.0196128
-6.982314e-07	-0.0194608
-6.962314e-07	-0.0194304
-6.942314e-07	-0.0194912
-6.922314e-07	-0.0197952
-6.902314e-07	-0.0194
-6.882314e-07	-0.0191264
-6.862314e-07	-0.0191872
-6.842314e-07	-0.0190656
-6.822314e-07	-0.018944
-6.802314e-07	-0.018792
-6.782314e-07	-0.0185184
-6.762314e-07	-0.0187616
-6.742314e-07	-0.018944
-6.722314e-07	-0.0189136
-6.702314e-07	-0.019096
-6.682314e-07	-0.019248
-6.662314e-07	-0.0196128
-6.642314e-07	-0.0196128
-6.622314e-07	-0.0197344
-6.602314e-07	-0.0192176
-6.582314e-07	-0.0190352
-6.562314e-07	-0.0192784
-6.542314e-07	-0.0194
-6.522314e-07	-0.0194
-6.502314e-07	-0.0188224
-6.482314e-07	-0.0185184
-6.462314e-07	-0.01864
-6.442314e-07	-0.0190048
-6.422314e-07	-0.0192784
-6.402314e-07	-0.0195216
-6.382314e-07	-0.0196736
-6.362314e-07	-0.019248
-6.342314e-07	-0.0191872
-6.322314e-07	-0.0194608
-6.302314e-07	-0.0196432
-6.282314e-07	-0.0195824
-6.262314e-07	-0.019704
-6.242314e-07	-0.0199776
-6.222314e-07	-0.0204032
-6.202314e-07	-0.0207376
-6.182314e-07	-0.0209504
-6.162314e-07	-0.0208288
-6.142314e-07	-0.0207072
-6.122314e-07	-0.0207072
-6.102314e-07	-0.0207072
-6.082314e-07	-0.0202208
-6.062314e-07	-0.0200688
-6.042314e-07	-0.0198864
-6.022314e-07	-0.0200384
-6.002314e-07	-0.0200688
-5.982314e-07	-0.0200992
-5.962314e-07	-0.0200992
-5.942314e-07	-0.02016
-5.922314e-07	-0.0199472
-5.902314e-07	-0.0203424
-5.882314e-07	-0.0202208
-5.862314e-07	-0.0205248
-5.842314e-07	-0.0206464
-5.822314e-07	-0.0207376
-5.802314e-07	-0.0205248
-5.782314e-07	-0.0205248
-5.762314e-07	-0.0202208
-5.742314e-07	-0.0200384
-5.722314e-07	-0.019856
-5.702314e-07	-0.0197952
-5.682314e-07	-0.0193088
-5.662314e-07	-0.0194304
-5.642314e-07	-0.0196736
-5.622314e-07	-0.0200992
-5.602314e-07	-0.020008
-5.582314e-07	-0.0200992
-5.562314e-07	-0.02016
-5.542314e-07	-0.0201904
-5.522314e-07	-0.019704
-5.502314e-07	-0.019552
-5.482314e-07	-0.0191568
-5.462314e-07	-0.0190352
-5.442314e-07	-0.0193696
-5.422314e-07	-0.0191264
-5.402314e-07	-0.0190656
-5.382314e-07	-0.0190048
-5.362314e-07	-0.0189136
-5.342314e-07	-0.018944
-5.322314e-07	-0.0188832
-5.302314e-07	-0.0188528
-5.282314e-07	-0.01864
-5.262314e-07	-0.0187312
-5.242314e-07	-0.0188528
-5.222314e-07	-0.018792
-5.202314e-07	-0.018488
-5.182314e-07	-0.0188528
-5.162314e-07	-0.0185792
-5.142314e-07	-0.0184576
-5.122314e-07	-0.0178192
-5.102314e-07	-0.0176368
-5.082314e-07	-0.0180928
-5.062314e-07	-0.0185184
-5.042314e-07	-0.018336
-5.022314e-07	-0.0185488
-5.002314e-07	-0.0184576
-4.982314e-07	-0.0186096
-4.962314e-07	-0.0183664
-4.942314e-07	-0.018488
-4.922314e-07	-0.0182448
-4.902314e-07	-0.0185488
-4.882314e-07	-0.0187312
-4.862314e-07	-0.0189744
-4.842314e-07	-0.0188224
-4.822314e-07	-0.0187312
-4.802314e-07	-0.0184576
-4.782314e-07	-0.01864
-4.762314e-07	-0.0183664
-4.742314e-07	-0.0186096
-4.722314e-07	-0.0184576
-4.702314e-07	-0.0185488
-4.682314e-07	-0.0183968
-4.662314e-07	-0.018488
-4.642314e-07	-0.0185184
-4.622314e-07	-0.0187616
-4.602314e-07	-0.0187008
-4.582314e-07	-0.0190352
-4.562314e-07	-0.0191872
-4.542314e-07	-0.0189744
-4.522314e-07	-0.0193088
-4.502314e-07	-0.0195824
-4.482314e-07	-0.0196736
-4.462314e-07	-0.0196432
-4.442314e-07	-0.0194912
-4.422314e-07	-0.019856
-4.402314e-07	-0.019856
-4.382314e-07	-0.0200992
-4.362314e-07	-0.02016
-4.342314e-07	-0.0206464
-4.322314e-07	-0.0203424
-4.302314e-07	-0.0205856
-4.282314e-07	-0.0206768
-4.262314e-07	-0.0211328
-4.242314e-07	-0.0209504
-4.222314e-07	-0.0208592
-4.202314e-07	-0.0209808
-4.182314e-07	-0.0209808
-4.162314e-07	-0.02092
-4.142314e-07	-0.0208288
-4.122314e-07	-0.0211024
-4.102314e-07	-0.0212544
-4.082314e-07	-0.0209808
-4.062314e-07	-0.021072
-4.042314e-07	-0.0211632
-4.022314e-07	-0.0213152
-4.002314e-07	-0.0211328
-3.982314e-07	-0.0209808
-3.962314e-07	-0.02092
-3.942314e-07	-0.020768
-3.922314e-07	-0.0207376
-3.902314e-07	-0.0205552
-3.882314e-07	-0.0211024
-3.862314e-07	-0.02092
-3.842314e-07	-0.0208592
-3.822314e-07	-0.020768
-3.802314e-07	-0.0204944
-3.782314e-07	-0.020768
-3.762314e-07	-0.0203728
-3.742314e-07	-0.0204032
-3.722314e-07	-0.0202512
-3.702314e-07	-0.020616
-3.682314e-07	-0.020464
-3.662314e-07	-0.0203728
-3.642314e-07	-0.020464
-3.622314e-07	-0.0205248
-3.602314e-07	-0.020464
-3.582314e-07	-0.0204336
-3.562314e-07	-0.0205856
-3.542314e-07	-0.0209504
-3.522314e-07	-0.021072
-3.502314e-07	-0.021072
-3.482314e-07	-0.0211632
-3.462314e-07	-0.021376
-3.442314e-07	-0.0215888
-3.422314e-07	-0.0219232
-3.402314e-07	-0.0218624
-3.382314e-07	-0.021832
-3.362314e-07	-0.0216496
-3.342314e-07	-0.0216496
-3.322314e-07	-0.021376
-3.302314e-07	-0.0214672
-3.282314e-07	-0.0215888
-3.262314e-07	-0.0218016
-3.242314e-07	-0.0213152
-3.222314e-07	-0.0211936
-3.202314e-07	-0.0213152
-3.182314e-07	-0.0211024
-3.162314e-07	-0.021224
-3.142314e-07	-0.0213456
-3.122314e-07	-0.0212848
-3.102314e-07	-0.0209504
-3.082314e-07	-0.0207984
-3.062314e-07	-0.0207984
-3.042314e-07	-0.0205856
-3.022314e-07	-0.0205248
-3.002314e-07	-0.0206464
-2.982314e-07	-0.0209808
-2.962314e-07	-0.0209504
-2.942314e-07	-0.020616
-2.922314e-07	-0.0204336
-2.902314e-07	-0.0202816
-2.882314e-07	-0.020008
-2.862314e-07	-0.0197952
-2.842314e-07	-0.0195216
-2.822314e-07	-0.0190352
-2.802314e-07	-0.01864
-2.782314e-07	-0.01864
-2.762314e-07	-0.0185792
-2.742314e-07	-0.0186704
-2.722314e-07	-0.0187008
-2.702314e-07	-0.0185488
-2.682314e-07	-0.018792
-2.662314e-07	-0.0189136
-2.642314e-07	-0.0189136
-2.622314e-07	-0.0189744
-2.602314e-07	-0.0188224
-2.582314e-07	-0.0189136
-2.562314e-07	-0.0188832
-2.542314e-07	-0.0189136
-2.522314e-07	-0.0188528
-2.502314e-07	-0.0190656
-2.482314e-07	-0.0194
-2.462314e-07	-0.0192176
-2.442314e-07	-0.0194608
-2.422314e-07	-0.0191568
-2.402314e-07	-0.019248
-2.382314e-07	-0.0194912
-2.362314e-07	-0.0196432
-2.342314e-07	-0.0196128
-2.322314e-07	-0.0195824
-2.302314e-07	-0.0199168
-2.282314e-07	-0.02016
-2.262314e-07	-0.0201904
-2.242314e-07	-0.0202208
-2.222314e-07	-0.0204032
-2.202314e-07	-0.0203424
-2.182314e-07	-0.0203728
-2.162314e-07	-0.0201296
-2.142314e-07	-0.0199472
-2.122314e-07	-0.019856
-2.102314e-07	-0.0203424
-2.082314e-07	-0.0201904
-2.062314e-07	-0.0204336
-2.042314e-07	-0.0202816
-2.022314e-07	-0.0207376
-2.002314e-07	-0.0204944
-1.982314e-07	-0.020464
-1.962314e-07	-0.020312
-1.942314e-07	-0.0207984
-1.922314e-07	-0.0204944
-1.902314e-07	-0.0204336
-1.882314e-07	-0.0205248
-1.862314e-07	-0.0208288
-1.842314e-07	-0.0207072
-1.822314e-07	-0.0208288
-1.802314e-07	-0.02092
-1.782314e-07	-0.0206768
-1.762314e-07	-0.0204336
-1.742314e-07	-0.0205552
-1.722314e-07	-0.0200992
-1.702314e-07	-0.019704
-1.682314e-07	-0.0196128
-1.662314e-07	-0.0197952
-1.642314e-07	-0.0198864
-1.622314e-07	-0.0197344
-1.602314e-07	-0.0199776
-1.582314e-07	-0.0199776
-1.562314e-07	-0.0199776
-1.542314e-07	-0.0198864
-1.522314e-07	-0.019704
-1.502314e-07	-0.0199472
-1.482314e-07	-0.0196736
-1.462314e-07	-0.0199168
-1.442314e-07	-0.0197344
-1.422314e-07	-0.019704
-1.402314e-07	-0.0197952
-1.382314e-07	-0.0196128
-1.362314e-07	-0.0193696
-1.342314e-07	-0.0191568
-1.322314e-07	-0.0191264
-1.302314e-07	-0.0195216
-1.282314e-07	-0.0194304
-1.262314e-07	-0.0194608
-1.242314e-07	-0.0194912
-1.222314e-07	-0.0193696
-1.202314e-07	-0.0194304
-1.182314e-07	-0.0193696
-1.162314e-07	-0.0190656
-1.142314e-07	-0.0188224
-1.122314e-07	-0.0188224
-1.102314e-07	-0.0183968
-1.082314e-07	-0.0182752
-1.062314e-07	-0.0177888
-1.042314e-07	-0.0175456
-1.022314e-07	-0.017576
-1.002314e-07	-0.0172416
-9.823142e-08	-0.0173632
-9.623142e-08	-0.0170896
-9.423142e-08	-0.0169376
-9.223142e-08	-0.016664
-9.023142e-08	-0.016816
-8.823142e-08	-0.0164816
-8.623142e-08	-0.0163904
-8.423142e-08	-0.0160864
-8.223142e-08	-0.0162384
-8.023142e-08	-0.0158432
-7.823142e-08	-0.015752
-7.623142e-08	-0.0155696
-7.423142e-08	-0.0157824
-7.223142e-08	-0.0156912
-7.023142e-08	-0.0156
-6.823142e-08	-0.0155696
-6.623142e-08	-0.015296
-6.423142e-08	-0.0152048
-6.223142e-08	-0.015296
-6.023142e-08	-0.0152656
-5.823142e-08	-0.0150832
-5.623142e-08	-0.0145056
-5.423142e-08	-0.0145968
-5.223142e-08	-0.0146576
-5.023142e-08	-0.014536
-4.823142e-08	-0.0143232
-4.623142e-08	-0.0144752
-4.423142e-08	-0.0144144
-4.223142e-08	-0.0146272
-4.023142e-08	-0.0146576
-3.823142e-08	-0.0147792
-3.623142e-08	-0.0145968
-3.423142e-08	-0.0149312
-3.223142e-08	-0.0147488
-3.023142e-08	-0.0147792
-2.823142e-08	-0.0148704
-2.623142e-08	-0.015144
-2.423142e-08	-0.0152656
-2.223142e-08	-0.0150528
-2.023142e-08	-0.0151136
-1.823142e-08	-0.0155088
-1.623142e-08	-0.0150528
-1.423142e-08	-0.0155088
-1.223142e-08	-0.0156304
-1.023142e-08	-0.0160864
-8.231418e-09	-0.0162992
-6.231418e-09	-0.0163296
-4.231418e-09	-0.0162992
-2.231418e-09	-0.016512
-2.314179e-10	-0.0163296
1.768582e-09	-0.016208
3.768582e-09	-0.0161168
5.768582e-09	-0.0165424
7.768582e-09	-0.0162992
9.768582e-09	-0.0164512
1.176858e-08	-0.0162992
1.376858e-08	-0.0166944
1.576858e-08	-0.0164208
1.776858e-08	-0.016664
1.976858e-08	-0.0164208
2.176858e-08	-0.0165728
2.376858e-08	-0.0167856
2.576858e-08	-0.0168768
2.776858e-08	-0.0170592
2.976858e-08	-0.0173024
3.176858e-08	-0.017272
3.376858e-08	-0.017272
3.576858e-08	-0.0171504
3.776858e-08	-0.0173632
3.976858e-08	-0.0173328
4.176858e-08	-0.0174848
4.376858e-08	-0.0174544
4.576858e-08	-0.0176368
4.776858e-08	-0.0177584
4.976858e-08	-0.0176672
5.176858e-08	-0.0173024
5.376858e-08	-0.0176368
5.576858e-08	-0.0180928
5.776858e-08	-0.0180928
5.976858e-08	-0.0180928
6.176858e-08	-0.0184272
6.376858e-08	-0.0183968
6.576858e-08	-0.0185488
6.776858e-08	-0.0184576
6.976858e-08	-0.018792
7.176858e-08	-0.0186096
7.376858e-08	-0.0187312
7.576858e-08	-0.0185792
7.776858e-08	-0.0185184
7.976858e-08	-0.0185792
8.176858e-08	-0.0189136
8.376858e-08	-0.0188528
8.576858e-08	-0.0183664
8.776858e-08	-0.0181536
8.976858e-08	-0.0176976
9.176858e-08	-0.017272
9.376858e-08	-0.0170592
9.576858e-08	-0.0169984
9.776858e-08	-0.0169072
9.976858e-08	-0.0168464
1.017686e-07	-0.0169072
1.037686e-07	-0.016968
1.057686e-07	-0.0167552
1.077686e-07	-0.0165424
1.097686e-07	-0.0165728
1.117686e-07	-0.0167552
1.137686e-07	-0.0164816
1.157686e-07	-0.016664
1.177686e-07	-0.016664
1.197686e-07	-0.016816
1.217686e-07	-0.016816
1.237686e-07	-0.0167248
1.257686e-07	-0.0169072
1.277686e-07	-0.01712
1.297686e-07	-0.0173024
1.317686e-07	-0.0171808
1.337686e-07	-0.0168464
1.357686e-07	-0.015752
1.377686e-07	-0.0135328
1.397686e-07	-0.0097328
1.417686e-07	-0.0049296
1.437686e-07	0.000512
1.457686e-07	0.0054976
1.477686e-07	0.0104224
1.497686e-07	0.015256
1.517686e-07	0.0194816
1.537686e-07	0.023768
1.557686e-07	0.0274768
1.577686e-07	0.031368
1.597686e-07	0.0348336
1.617686e-07	0.0376608
1.637686e-07	0.0407008
1.657686e-07	0.043224
1.677686e-07	0.0454128
1.697686e-07	0.0469632
1.717686e-07	0.0484224
1.737686e-07	0.049608
1.757686e-07	0.0506416
1.777686e-07	0.0513104
1.797686e-07	0.0521008
1.817686e-07	0.0522528
1.837686e-07	0.0524656
1.857686e-07	0.052344
1.877686e-07	0.0524656
1.897686e-07	0.0519184
1.917686e-07	0.0518272
1.937686e-07	0.0511584
1.957686e-07	0.0511584
1.977686e-07	0.0504592
1.997686e-07	0.0498816
2.017686e-07	0.049
2.037686e-07	0.0483008
2.057686e-07	0.0475712
2.077686e-07	0.046568
2.097686e-07	0.0455952
2.117686e-07	0.0444704
2.137686e-07	0.0435584
2.157686e-07	0.0422816
2.177686e-07	0.0413392
2.197686e-07	0.040032
2.217686e-07	0.0387856
2.237686e-07	0.0377824
2.257686e-07	0.0367792
2.277686e-07	0.0361712
2.297686e-07	0.0349856
2.317686e-07	0.0338608
2.337686e-07	0.0326144
2.357686e-07	0.031368
2.377686e-07	0.0304256
2.397686e-07	0.0292704
2.417686e-07	0.0281456
2.437686e-07	0.0273856
2.457686e-07	0.0266256
2.477686e-07	0.0255616
2.497686e-07	0.024528
2.517686e-07	0.023464
2.537686e-07	0.0224
2.557686e-07	0.021336
2.577686e-07	0.0206672
2.597686e-07	0.0199072
2.617686e-07	0.0186608
2.637686e-07	0.0179616
2.657686e-07	0.0171408
2.677686e-07	0.0164416
2.697686e-07	0.0159248
2.717686e-07	0.015104
2.737686e-07	0.0139184
2.757686e-07	0.0133104
2.777686e-07	0.0124592
2.797686e-07	0.0115472
2.817686e-07	0.0109696
2.837686e-07	0.0106048
2.857686e-07	0.0097536
2.877686e-07	0.008872
2.897686e-07	0.0083552
2.917686e-07	0.0076256
2.937686e-07	0.0065312
2.957686e-07	0.0060752
2.977686e-07	0.0051936
2.997686e-07	0.0044944
3.017686e-07	0.0035824
3.037686e-07	0.0031568
3.057686e-07	0.0021232
3.077686e-07	0.0019104
3.097686e-07	0.0011808
3.117686e-07	0.0007552
3.137686e-07	0.0004816
3.157686e-07	0.0001168
3.177686e-07	-0.0001568
3.197686e-07	-0.0009776
3.217686e-07	-0.0016768
3.237686e-07	-0.0018288
3.257686e-07	-0.0024368
3.277686e-07	-0.0028624
3.297686e-07	-0.003288
3.317686e-07	-0.0034704
3.337686e-07	-0.0040784
3.357686e-07	-0.0043216
3.377686e-07	-0.0045648
3.397686e-07	-0.0047776
3.417686e-07	-0.0050816
3.437686e-07	-0.005264
3.457686e-07	-0.0056896
3.477686e-07	-0.0059024
3.497686e-07	-0.0064496
3.517686e-07	-0.006784
3.537686e-07	-0.0070272
3.557686e-07	-0.0071488
3.577686e-07	-0.0074224
3.597686e-07	-0.0078784
3.617686e-07	-0.0082432
3.637686e-07	-0.0082128
3.657686e-07	-0.0090032
3.677686e-07	-0.0093984
3.697686e-07	-0.009672
3.717686e-07	-0.0097024
3.737686e-07	-0.0100672
3.757686e-07	-0.0102192
3.777686e-07	-0.0107664
3.797686e-07	-0.0109184
3.817686e-07	-0.011192
3.837686e-07	-0.011496
3.857686e-07	-0.0117392
3.877686e-07	-0.0116784
3.897686e-07	-0.0118304
3.917686e-07	-0.0117392
3.937686e-07	-0.0117088
3.957686e-07	-0.0115264
3.977686e-07	-0.0118912
3.997686e-07	-0.0120128
4.017686e-07	-0.0121648
4.037686e-07	-0.0118912
4.057686e-07	-0.0115264
4.077686e-07	-0.011192
4.097686e-07	-0.011192
4.117686e-07	-0.0114048
4.137686e-07	-0.011344
4.157686e-07	-0.011344
4.177686e-07	-0.0113744
4.197686e-07	-0.0112528
4.217686e-07	-0.0112832
4.237686e-07	-0.0112528
4.257686e-07	-0.011344
4.277686e-07	-0.0111312
4.297686e-07	-0.0115872
4.317686e-07	-0.0115568
4.337686e-07	-0.0117392
4.357686e-07	-0.0118
4.377686e-07	-0.011952
4.397686e-07	-0.0118608
4.417686e-07	-0.0120128
4.437686e-07	-0.0123776
4.457686e-07	-0.0124688
4.477686e-07	-0.0126208
4.497686e-07	-0.0126512
4.517686e-07	-0.0129552
4.537686e-07	-0.0132592
4.557686e-07	-0.0131984
4.577686e-07	-0.01332
4.597686e-07	-0.0132592
4.617686e-07	-0.0134416
4.637686e-07	-0.013624
4.657686e-07	-0.0137152
4.677686e-07	-0.0138976
4.697686e-07	-0.01408
4.717686e-07	-0.0138368
4.737686e-07	-0.0139584
4.757686e-07	-0.0141712
4.777686e-07	-0.014688
4.797686e-07	-0.0144448
4.817686e-07	-0.014384
4.837686e-07	-0.0139888
4.857686e-07	-0.0142016
4.877686e-07	-0.0145968
4.897686e-07	-0.0147488
4.917686e-07	-0.0148096
4.937686e-07	-0.0149616
4.957686e-07	-0.0151744
4.977686e-07	-0.0157216
4.997686e-07	-0.0161776
5.017686e-07	-0.0164208
5.037686e-07	-0.0164816
5.057686e-07	-0.016512
5.077686e-07	-0.0164208
5.097686e-07	-0.0163296
5.117686e-07	-0.0162384
5.137686e-07	-0.016208
5.157686e-07	-0.0161776
5.177686e-07	-0.016056
5.197686e-07	-0.0159952
5.217686e-07	-0.015752
5.237686e-07	-0.0157216
5.257686e-07	-0.0159648
5.277686e-07	-0.015904
5.297686e-07	-0.0155696
5.317686e-07	-0.0154176
5.337686e-07	-0.0153264
5.357686e-07	-0.0150832
5.377686e-07	-0.0150832
5.397686e-07	-0.0149008
5.417686e-07	-0.0148096
5.437686e-07	-0.014688
5.457686e-07	-0.0144448
5.477686e-07	-0.0143536
5.497686e-07	-0.0145056
5.517686e-07	-0.0146272
5.537686e-07	-0.0146576
5.557686e-07	-0.0142016
5.577686e-07	-0.0143232
5.597686e-07	-0.0145664
5.617686e-07	-0.014688
5.637686e-07	-0.0143232
5.657686e-07	-0.0146272
5.677686e-07	-0.0147792
5.697686e-07	-0.0151136
5.717686e-07	-0.014992
5.737686e-07	-0.0152352
5.757686e-07	-0.0152656
5.777686e-07	-0.0156304
5.797686e-07	-0.0156
5.817686e-07	-0.015904
5.837686e-07	-0.0162688
5.857686e-07	-0.016208
5.877686e-07	-0.0163904
5.897686e-07	-0.016208
5.917686e-07	-0.0163904
5.937686e-07	-0.0167856
5.957686e-07	-0.0165728
5.977686e-07	-0.0171808
5.997686e-07	-0.017272
6.017686e-07	-0.017272
6.037686e-07	-0.0173936
6.057686e-07	-0.0180016
6.077686e-07	-0.0179104
6.097686e-07	-0.0183968
6.117686e-07	-0.0183664
6.137686e-07	-0.0186096
6.157686e-07	-0.018792
6.177686e-07	-0.0190656
6.197686e-07	-0.0192176
6.217686e-07	-0.019248
6.237686e-07	-0.0196736
6.257686e-07	-0.0204336
6.277686e-07	-0.020768
6.297686e-07	-0.0203424
6.317686e-07	-0.02016
6.337686e-07	-0.0203728
6.357686e-07	-0.0206464
6.377686e-07	-0.020768
6.397686e-07	-0.020312
6.417686e-07	-0.0204032
6.437686e-07	-0.0206768
6.457686e-07	-0.0210416
6.477686e-07	-0.0207376
6.497686e-07	-0.0208592
6.517686e-07	-0.0211936
6.537686e-07	-0.021376
6.557686e-07	-0.0213152
6.577686e-07	-0.0212544
6.597686e-07	-0.0208896
6.617686e-07	-0.0210416
6.637686e-07	-0.0206768
6.657686e-07	-0.0204944
6.677686e-07	-0.0204032
6.697686e-07	-0.0200688
6.717686e-07	-0.019552
6.737686e-07	-0.0196736
6.757686e-07	-0.0195216
6.777686e-07	-0.0190656
6.797686e-07	-0.0188224
6.817686e-07	-0.0187312
6.837686e-07	-0.018792
6.857686e-07	-0.0183056
6.877686e-07	-0.0179712
6.897686e-07	-0.017576
6.917686e-07	-0.0178192
6.937686e-07	-0.0177888
6.957686e-07	-0.0174848
6.977686e-07	-0.0171808
6.997686e-07	-0.0171504
7.017686e-07	-0.0173328
7.037686e-07	-0.0172416
7.057686e-07	-0.0171504
7.077686e-07	-0.01712
7.097686e-07	-0.0169072
7.117686e-07	-0.0167856
7.137686e-07	-0.0166336
7.157686e-07	-0.0161168
7.177686e-07	-0.0161472
7.197686e-07	-0.0162384
7.217686e-07	-0.0162688
7.237686e-07	-0.0162688
7.257686e-07	-0.0163904
7.277686e-07	-0.0162688
7.297686e-07	-0.016056
7.317686e-07	-0.0162384
7.337686e-07	-0.016664
7.357686e-07	-0.0168464
7.377686e-07	-0.0167856
7.397686e-07	-0.0169072
7.417686e-07	-0.0170288
7.437686e-07	-0.0173632
7.457686e-07	-0.0177888
7.477686e-07	-0.0176672
7.497686e-07	-0.0176064
7.517686e-07	-0.0174544
7.537686e-07	-0.0174544
7.557686e-07	-0.0176976
7.577686e-07	-0.0180624
7.597686e-07	-0.0179712
7.617686e-07	-0.0178192
7.637686e-07	-0.0182448
7.657686e-07	-0.018336
7.677686e-07	-0.0183968
7.697686e-07	-0.0183664
7.717686e-07	-0.0185184
7.737686e-07	-0.0183968
7.757686e-07	-0.0182448
7.777686e-07	-0.018336
7.797686e-07	-0.0182144
7.817686e-07	-0.018488
7.837686e-07	-0.0185184
7.857686e-07	-0.0185792
7.877686e-07	-0.01864
7.897686e-07	-0.0188832
7.917686e-07	-0.0187312
7.937686e-07	-0.0187616
7.957686e-07	-0.0186704
7.977686e-07	-0.0183056
7.997686e-07	-0.0180624
8.017686e-07	-0.0180016
8.037686e-07	-0.0180624
8.057686e-07	-0.0181536
8.077686e-07	-0.017576
8.097686e-07	-0.017728
8.117686e-07	-0.0176976
8.137686e-07	-0.0178496
8.157686e-07	-0.0177584
8.177686e-07	-0.0178496
8.197686e-07	-0.0180016
8.217686e-07	-0.0181536
8.237686e-07	-0.0183664
8.257686e-07	-0.0185488
8.277686e-07	-0.0185488
8.297686e-07	-0.0188832
8.317686e-07	-0.0187616
8.337686e-07	-0.0188224
8.357686e-07	-0.0186096
8.377686e-07	-0.01864
8.397686e-07	-0.0183968
8.417686e-07	-0.0185184
8.437686e-07	-0.0183664
8.457686e-07	-0.0180928
8.477686e-07	-0.0182448
8.497686e-07	-0.0184272
8.517686e-07	-0.0182752
8.537686e-07	-0.01864
8.557686e-07	-0.0182448
8.577686e-07	-0.0182144
8.597686e-07	-0.018336
8.617686e-07	-0.0188224
8.637686e-07	-0.0187008
8.657686e-07	-0.0190656
8.677686e-07	-0.0191872
8.697686e-07	-0.0190656
8.717686e-07	-0.0192176
8.737686e-07	-0.0194912
8.757686e-07	-0.019552
8.777686e-07	-0.0195216
8.797686e-07	-0.0197344
8.817686e-07	-0.0197952
8.837686e-07	-0.0197648
8.857686e-07	-0.0194912
8.877686e-07	-0.0195216
8.897686e-07	-0.0191264
8.917686e-07	-0.0194608
8.937686e-07	-0.019552
8.957686e-07	-0.0196736
8.977686e-07	-0.0195824
8.997686e-07	-0.0193392
9.017686e-07	-0.0196736
9.037686e-07	-0.0196128
9.057686e-07	-0.019856
9.077686e-07	-0.0196736
9.097686e-07	-0.019704
9.117686e-07	-0.0198256
9.137686e-07	-0.019704
9.157686e-07	-0.019552
9.177686e-07	-0.0193392
9.197686e-07	-0.0194
9.217686e-07	-0.0193392
9.237686e-07	-0.0191872
9.257686e-07	-0.0189136
9.277686e-07	-0.018792
9.297686e-07	-0.0187312
9.317686e-07	-0.01864
9.337686e-07	-0.0185184
9.357686e-07	-0.0184272
9.377686e-07	-0.0185488
9.397686e-07	-0.0187616
9.417686e-07	-0.0187312
9.437686e-07	-0.0187616
9.457686e-07	-0.0188224
9.477686e-07	-0.0187008
9.497686e-07	-0.0185184
9.517686e-07	-0.0185792
9.537686e-07	-0.0187312
9.557686e-07	-0.0187616
9.577686e-07	-0.0189136
9.597686e-07	-0.0190048
9.617686e-07	-0.019248
9.637686e-07	-0.019248
9.657686e-07	-0.0193088
9.677686e-07	-0.0194912
9.697686e-07	-0.0199168
9.717686e-07	-0.0197952
9.737686e-07	-0.0200384
9.757686e-07	-0.0196736
9.777686e-07	-0.019552
9.797686e-07	-0.0197952
9.817686e-07	-0.0197648
9.837686e-07	-0.0197648
9.857686e-07	-0.0196128
9.877686e-07	-0.0198256
9.897686e-07	-0.0202208
9.917686e-07	-0.0203728
9.937686e-07	-0.020312
9.957686e-07	-0.0199168
9.977686e-07	-0.0199472
9.997686e-07	-0.019552
1.001769e-06	-0.0195216
1.003769e-06	-0.0187616
1.005769e-06	-0.0190048
1.007769e-06	-0.0191872
1.009769e-06	-0.0195216
1.011769e-06	-0.0193696
1.013769e-06	-0.0191872
1.015769e-06	-0.0191568
1.017769e-06	-0.019096
1.019769e-06	-0.0191568
1.021769e-06	-0.0191264
1.023769e-06	-0.019096
1.025769e-06	-0.0190656
1.027769e-06	-0.0191872
1.029769e-06	-0.0194608
1.031769e-06	-0.0193696
1.033769e-06	-0.0193088
1.035769e-06	-0.0192176
1.037769e-06	-0.0190048
1.039769e-06	-0.0193696
1.041769e-06	-0.0190352
1.043769e-06	-0.0193088
1.045769e-06	-0.0191568
1.047769e-06	-0.0189744
1.049769e-06	-0.0194
1.051769e-06	-0.0195824
1.053769e-06	-0.0196128
1.055769e-06	-0.0194
1.057769e-06	-0.0196128
1.059769e-06	-0.0198256
1.061769e-06	-0.0201296
1.063769e-06	-0.0202208
1.065769e-06	-0.0200384
1.067769e-06	-0.0198864
1.069769e-06	-0.0198256
1.071769e-06	-0.0194912
1.073769e-06	-0.0193088
1.075769e-06	-0.0191264
1.077769e-06	-0.0189136
1.079769e-06	-0.0187312
1.081769e-06	-0.018488
1.083769e-06	-0.0183664
1.085769e-06	-0.0182448
1.087769e-06	-0.0180016
1.089769e-06	-0.0179408
1.091769e-06	-0.0176368
1.093769e-06	-0.017728
1.095769e-06	-0.0177584
1.097769e-06	-0.0174544
1.099769e-06	-0.016968
1.101769e-06	-0.0169984
1.103769e-06	-0.01636
1.105769e-06	-0.0164208
1.107769e-06	-0.0166336
1.109769e-06	-0.0169984
1.111769e-06	-0.0171504
1.113769e-06	-0.0169072
1.115769e-06	-0.0167856
1.117769e-06	-0.0169072
1.119769e-06	-0.0169984
1.121769e-06	-0.0171504
1.123769e-06	-0.0170896
1.125769e-06	-0.0170896
1.127769e-06	-0.0170896
1.129769e-06	-0.0169376
1.131769e-06	-0.0167248
1.133769e-06	-0.016816
1.135769e-06	-0.0165728
1.137769e-06	-0.016208
1.139769e-06	-0.0160864
1.141769e-06	-0.0159648
1.143769e-06	-0.0158736
1.145769e-06	-0.015904
1.147769e-06	-0.015752
1.149769e-06	-0.0161776
1.151769e-06	-0.016208
1.153769e-06	-0.0162992
1.155769e-06	-0.01636
1.157769e-06	-0.0165728
1.159769e-06	-0.0168464
1.161769e-06	-0.0167248
1.163769e-06	-0.017272
1.165769e-06	-0.0173024
1.167769e-06	-0.0170896
1.169769e-06	-0.0169984
1.171769e-06	-0.016816
1.173769e-06	-0.0171504
1.175769e-06	-0.0171808
1.177769e-06	-0.0169984
1.179769e-06	-0.0172112
1.181769e-06	-0.016968
1.183769e-06	-0.0167552
1.185769e-06	-0.0166336
1.187769e-06	-0.016208
1.189769e-06	-0.0161472
1.191769e-06	-0.0159952
1.193769e-06	-0.0158128
1.195769e-06	-0.0159344
1.197769e-06	-0.0161472
1.199769e-06	-0.0162384
1.201769e-06	-0.0164208
1.203769e-06	-0.0164208
1.205769e-06	-0.016664
1.207769e-06	-0.0167856
1.209769e-06	-0.0173328
1.211769e-06	-0.0170592
1.213769e-06	-0.017272
1.215769e-06	-0.0170288
1.217769e-06	-0.0171808
1.219769e-06	-0.0171808
1.221769e-06	-0.0172112
1.223769e-06	-0.0171808
1.225769e-06	-0.017272
1.227769e-06	-0.017424
1.229769e-06	-0.0176672
1.231769e-06	-0.0175456
1.233769e-06	-0.0175152
1.235769e-06	-0.0175152
1.237769e-06	-0.0177584
1.239769e-06	-0.0177888
1.241769e-06	-0.0178192
1.243769e-06	-0.0177584
1.245769e-06	-0.0181232
1.247769e-06	-0.018336
1.249769e-06	-0.0186096
1.251769e-06	-0.018792
1.253769e-06	-0.0191568
1.255769e-06	-0.0191872
1.257769e-06	-0.0192784
1.259769e-06	-0.0192784
1.261769e-06	-0.0194608
1.263769e-06	-0.0195824
1.265769e-06	-0.019704
1.267769e-06	-0.019856
1.269769e-06	-0.02016
1.271769e-06	-0.0200992
1.273769e-06	-0.0198864
1.275769e-06	-0.0195824
1.277769e-06	-0.0194
1.279769e-06	-0.0196736
1.281769e-06	-0.0200688
1.283769e-06	-0.0201904
1.285769e-06	-0.0197648
1.287769e-06	-0.0198256
1.289769e-06	-0.0197344
1.291769e-06	-0.019856
1.293769e-06	-0.0195824
1.295769e-06	-0.0198864
1.297769e-06	-0.019704
1.299769e-06	-0.0199776
1.301769e-06	-0.0200384
1.303769e-06	-0.020312
1.305769e-06	-0.0197648
1.307769e-06	-0.0199168
1.309769e-06	-0.020008
1.311769e-06	-0.0199472
1.313769e-06	-0.0197952
1.315769e-06	-0.0201904
1.317769e-06	-0.0202816
1.319769e-06	-0.0205552
1.321769e-06	-0.0205552
1.323769e-06	-0.0202816
1.325769e-06	-0.020464
1.327769e-06	-0.0206768
1.329769e-06	-0.0207072
1.331769e-06	-0.02092
1.333769e-06	-0.0208288
1.335769e-06	-0.0208288
1.337769e-06	-0.0207984
1.339769e-06	-0.0208288
1.341769e-06	-0.0208288
1.343769e-06	-0.0211328
1.345769e-06	-0.0215584
1.347769e-06	-0.0215888
1.349769e-06	-0.0217408
1.351769e-06	-0.021832
1.353769e-06	-0.022136
1.355769e-06	-0.0218016
1.357769e-06	-0.0218928
1.359769e-06	-0.0217104
1.361769e-06	-0.021376
1.363769e-06	-0.0217104
1.365769e-06	-0.021832
1.367769e-06	-0.0216496
1.369769e-06	-0.021528
1.371769e-06	-0.0212544
1.373769e-06	-0.0211936
1.375769e-06	-0.0211632
1.377769e-06	-0.0209504
1.379769e-06	-0.0210416
1.381769e-06	-0.0211936
1.383769e-06	-0.0205248
1.385769e-06	-0.0204336
1.387769e-06	-0.0206464
1.389769e-06	-0.0209808
1.391769e-06	-0.0208896
1.393769e-06	-0.0206768
1.395769e-06	-0.0206768
1.397769e-06	-0.0208592
1.399769e-06	-0.0205856
1.401769e-06	-0.0208592
1.403769e-06	-0.0208896
1.405769e-06	-0.0207072
1.407769e-06	-0.0206464
1.409769e-06	-0.0207072
1.411769e-06	-0.0204944
1.413769e-06	-0.0202816
1.415769e-06	-0.0204336
1.417769e-06	-0.0201296
1.419769e-06	-0.0199472
1.421769e-06	-0.0202816
1.423769e-06	-0.0201904
1.425769e-06	-0.02016
1.427769e-06	-0.019856
1.429769e-06	-0.0199776
1.431769e-06	-0.020008
1.433769e-06	-0.0199472
1.435769e-06	-0.0197344
1.437769e-06	-0.0194608
1.439769e-06	-0.0191872
1.441769e-06	-0.0195216
1.443769e-06	-0.0194912
1.445769e-06	-0.0196128
1.447769e-06	-0.0197344
1.449769e-06	-0.0199168
1.451769e-06	-0.0200688
1.453769e-06	-0.0196128
1.455769e-06	-0.0193088
1.457769e-06	-0.0194
1.459769e-06	-0.0191264
1.461769e-06	-0.0188224
1.463769e-06	-0.0190048
1.465769e-06	-0.0188832
1.467769e-06	-0.0189136
1.469769e-06	-0.0188528
1.471769e-06	-0.0187616
1.473769e-06	-0.0187008
1.475769e-06	-0.0186096
1.477769e-06	-0.0188224
1.479769e-06	-0.018792
1.481769e-06	-0.0188528
1.483769e-06	-0.0189744
1.485769e-06	-0.0188224
1.487769e-06	-0.0187008
1.489769e-06	-0.0185488
1.491769e-06	-0.0188528
1.493769e-06	-0.0189136
1.495769e-06	-0.019248
1.497769e-06	-0.0193088
1.499769e-06	-0.0189744
1.501769e-06	-0.0189744
1.503769e-06	-0.0190352
1.505769e-06	-0.0192784
1.507769e-06	-0.0194304
1.509769e-06	-0.019552
1.511769e-06	-0.0196128
1.513769e-06	-0.0198864
1.515769e-06	-0.0205248
1.517769e-06	-0.0206464
1.519769e-06	-0.0205248
1.521769e-06	-0.0203728
1.523769e-06	-0.0203728
1.525769e-06	-0.0209808
1.527769e-06	-0.020464
1.529769e-06	-0.0204944
1.531769e-06	-0.02092
1.533769e-06	-0.0210416
1.535769e-06	-0.0207984
1.537769e-06	-0.0207072
1.539769e-06	-0.0207984
1.541769e-06	-0.02092
1.543769e-06	-0.0207072
1.545769e-06	-0.0204336
1.547769e-06	-0.020464
1.549769e-06	-0.0203424
1.551769e-06	-0.020464
1.553769e-06	-0.0203424
1.555769e-06	-0.0201296
1.557769e-06	-0.020768
1.559769e-06	-0.0207984
1.561769e-06	-0.0210416
1.563769e-06	-0.0211328
1.565769e-06	-0.0211024
1.567769e-06	-0.021224
1.569769e-06	-0.0209504
1.571769e-06	-0.0211024
1.573769e-06	-0.020768
1.575769e-06	-0.0204336
1.577769e-06	-0.0200992
1.579769e-06	-0.0203424
1.581769e-06	-0.0203728
1.583769e-06	-0.0201296
1.585769e-06	-0.0198256
1.587769e-06	-0.0194304
1.589769e-06	-0.0196736
1.591769e-06	-0.019248
1.593769e-06	-0.0192784
1.595769e-06	-0.0193696
1.597769e-06	-0.0194304
1.599769e-06	-0.019248
1.601769e-06	-0.0194
1.603769e-06	-0.0192176
1.605769e-06	-0.0192176
1.607769e-06	-0.0192784
1.609769e-06	-0.019704
1.611769e-06	-0.0194304
1.613769e-06	-0.0191264
1.615769e-06	-0.0190048
1.617769e-06	-0.0193088
1.619769e-06	-0.0194304
1.621769e-06	-0.0191872
1.623769e-06	-0.0189136
1.625769e-06	-0.018944
1.627769e-06	-0.018792
1.629769e-06	-0.0191264
1.631769e-06	-0.0190048
1.633769e-06	-0.0192176
1.635769e-06	-0.0191568
1.637769e-06	-0.0193392
1.639769e-06	-0.0193088
1.641769e-06	-0.0195824
1.643769e-06	-0.0197952
1.645769e-06	-0.019552
1.647769e-06	-0.0191872
1.649769e-06	-0.018944
1.651769e-06	-0.0185792
1.653769e-06	-0.0185792
1.655769e-06	-0.018184
1.657769e-06	-0.0179104
1.659769e-06	-0.0176976
1.661769e-06	-0.0179104
1.663769e-06	-0.0182752
1.665769e-06	-0.0182144
1.667769e-06	-0.0183664
1.669769e-06	-0.0185488
1.671769e-06	-0.01864
1.673769e-06	-0.0188528
1.675769e-06	-0.0187312
1.677769e-06	-0.0187312
1.679769e-06	-0.0186096
1.681769e-06	-0.018792
1.683769e-06	-0.0186704
1.685769e-06	-0.0188832
1.687769e-06	-0.0187616
1.689769e-06	-0.0190048
1.691769e-06	-0.0188224
1.693769e-06	-0.0188224
1.695769e-06	-0.0185184
1.697769e-06	-0.0183664
1.699769e-06	-0.0184576
1.701769e-06	-0.018792
1.703769e-06	-0.019096
1.705769e-06	-0.0188832
1.707769e-06	-0.0189744
1.709769e-06	-0.0191264
1.711769e-06	-0.018944
1.713769e-06	-0.0194608
1.715769e-06	-0.0196432
1.717769e-06	-0.0194912
1.719769e-06	-0.0197344
1.721769e-06	-0.0198256
1.723769e-06	-0.020008
1.725769e-06	-0.0201296
1.727769e-06	-0.0199776
1.729769e-06	-0.0197344
1.731769e-06	-0.0200992
1.733769e-06	-0.0202816
1.735769e-06	-0.0207072
1.737769e-06	-0.0205552
1.739769e-06	-0.0206464
1.741769e-06	-0.0207984
1.743769e-06	-0.020464
1.745769e-06	-0.020616
1.747769e-06	-0.0209504
1.749769e-06	-0.0211328
1.751769e-06	-0.0208592
1.753769e-06	-0.0206464
1.755769e-06	-0.020312
1.757769e-06	-0.0202512
1.759769e-06	-0.0201904
1.761769e-06	-0.0202208
1.763769e-06	-0.0200992
1.765769e-06	-0.0202208
1.767769e-06	-0.0203424
1.769769e-06	-0.0200688
1.771769e-06	-0.0202816
1.773769e-06	-0.0204032
1.775769e-06	-0.0204336
1.777769e-06	-0.0207072
1.779769e-06	-0.0205856
1.781769e-06	-0.020464
1.783769e-06	-0.0207376
1.785769e-06	-0.0206768
1.787769e-06	-0.0206464
1.789769e-06	-0.0202816
1.791769e-06	-0.0198864
1.793769e-06	-0.0198864
1.795769e-06	-0.0201296
1.797769e-06	-0.0199168
1.799769e-06	-0.02016
1.801769e-06	-0.0200992
1.803769e-06	-0.0202816
1.805769e-06	-0.0201904
1.807769e-06	-0.0200992
1.809769e-06	-0.0204336
1.811769e-06	-0.0206464
1.813769e-06	-0.0207984
1.815769e-06	-0.0206464
1.817769e-06	-0.0208896
1.819769e-06	-0.0208896
1.821769e-06	-0.0211328
1.823769e-06	-0.0211936
1.825769e-06	-0.021224
1.827769e-06	-0.0216192
1.829769e-06	-0.021376
1.831769e-06	-0.0213456
1.833769e-06	-0.021376
1.835769e-06	-0.02092
1.837769e-06	-0.0209504
1.839769e-06	-0.0205856
1.841769e-06	-0.0208288
1.843769e-06	-0.0209504
1.845769e-06	-0.0211328
1.847769e-06	-0.021224
1.849769e-06	-0.0211936
1.851769e-06	-0.0213456
1.853769e-06	-0.0214976
1.855769e-06	-0.0216496
1.857769e-06	-0.021528
1.859769e-06	-0.0217104
1.861769e-06	-0.021984
1.863769e-06	-0.0217104
1.865769e-06	-0.0219536
1.867769e-06	-0.0218928
1.869769e-06	-0.0220752
1.871769e-06	-0.0219536
1.873769e-06	-0.0219232
1.875769e-06	-0.0218928
1.877769e-06	-0.0219536
1.879769e-06	-0.0218928
1.881769e-06	-0.0217712
1.883769e-06	-0.0214976
1.885769e-06	-0.0215888
1.887769e-06	-0.0217712
1.889769e-06	-0.0215888
1.891769e-06	-0.021528
1.893769e-06	-0.0217712
1.895769e-06	-0.0220448
1.897769e-06	-0.0215888
1.899769e-06	-0.0219232
1.901769e-06	-0.0218016
1.903769e-06	-0.0218928
1.905769e-06	-0.0220448
1.907769e-06	-0.0220144
1.909769e-06	-0.0223184
1.911769e-06	-0.0223792
1.913769e-06	-0.0223792
1.915769e-06	-0.0221968
1.917769e-06	-0.0226832
1.919769e-06	-0.0229264
1.921769e-06	-0.0230176
1.923769e-06	-0.0227136
1.925769e-06	-0.022896
1.927769e-06	-0.0226832
1.929769e-06	-0.0224704
1.931769e-06	-0.0224096
1.933769e-06	-0.0225008
1.935769e-06	-0.0221664
1.937769e-06	-0.0220144
1.939769e-06	-0.0224704
1.941769e-06	-0.0223184
1.943769e-06	-0.0225008
1.945769e-06	-0.0223792
1.947769e-06	-0.02244
1.949769e-06	-0.0224704
1.951769e-06	-0.0227136
1.953769e-06	-0.0226528
1.955769e-06	-0.0223488
1.957769e-06	-0.0225008
1.959769e-06	-0.0226224
1.961769e-06	-0.0226224
1.963769e-06	-0.0228656
1.965769e-06	-0.0227744
1.967769e-06	-0.022592
1.969769e-06	-0.0223792
1.971769e-06	-0.022592
1.973769e-06	-0.022744
1.975769e-06	-0.0223792
1.977769e-06	-0.0219232
1.979769e-06	-0.0217408
1.981769e-06	-0.0221968
1.983769e-06	-0.0218624
1.985769e-06	-0.0213456
1.987769e-06	-0.0211024
1.989769e-06	-0.0209504
1.991769e-06	-0.0206464
1.993769e-06	-0.020312
1.995769e-06	-0.0197952
1.997769e-06	-0.0195216
1.999769e-06	-0.0193392
2.001769e-06	-0.0187616
2.003769e-06	-0.01864
2.005769e-06	-0.0181232
2.007769e-06	-0.0181232
2.009769e-06	-0.018032
2.011769e-06	-0.0182448
2.013769e-06	-0.0182144
2.015769e-06	-0.0179712
2.017769e-06	-0.0179408
2.019769e-06	-0.017576
2.021769e-06	-0.0177584
2.023769e-06	-0.0180624
2.025769e-06	-0.0178496
2.027769e-06	-0.0183056
2.029769e-06	-0.0184272
2.031769e-06	-0.01788
2.033769e-06	-0.0177584
2.035769e-06	-0.0176976
2.037769e-06	-0.0178192
2.039769e-06	-0.017728
2.041769e-06	-0.0175152
2.043769e-06	-0.017424
2.045769e-06	-0.0175456
2.047769e-06	-0.0170896
2.049769e-06	-0.016664
2.051769e-06	-0.0169984
2.053769e-06	-0.0168768
2.055769e-06	-0.0168464
2.057769e-06	-0.0166032
2.059769e-06	-0.016208
2.061769e-06	-0.0160864
2.063769e-06	-0.0160256
2.065769e-06	-0.0158128
2.067769e-06	-0.0152656
2.069769e-06	-0.0152048
2.071769e-06	-0.0147488
2.073769e-06	-0.0147184
2.075769e-06	-0.0144448
2.077769e-06	-0.0142624
2.079769e-06	-0.0142928
2.081769e-06	-0.0142016
2.083769e-06	-0.013928
2.085769e-06	-0.0142928
2.087769e-06	-0.0143536
2.089769e-06	-0.0146272
2.091769e-06	-0.0141712
2.093769e-06	-0.0140192
2.095769e-06	-0.013928
2.097769e-06	-0.0140192
2.099769e-06	-0.0142928
2.101769e-06	-0.0141712
2.103769e-06	-0.0141408
2.105769e-06	-0.0142928
2.107769e-06	-0.0144144
2.109769e-06	-0.0148096
2.111769e-06	-0.0149312
2.113769e-06	-0.0150832
2.115769e-06	-0.014992
2.117769e-06	-0.0147792
2.119769e-06	-0.014992
2.121769e-06	-0.014992
2.123769e-06	-0.0147792
2.125769e-06	-0.0147488
2.127769e-06	-0.0146576
2.129769e-06	-0.0149312
2.131769e-06	-0.0150528
2.133769e-06	-0.0148096
2.135769e-06	-0.0147792
2.137769e-06	-0.0150528
2.139769e-06	-0.0146272
2.141769e-06	-0.0147792
2.143769e-06	-0.014992
2.145769e-06	-0.0155696
2.147769e-06	-0.0158736
2.149769e-06	-0.0159648
2.151769e-06	-0.0161776
2.153769e-06	-0.016056
2.155769e-06	-0.0164208
2.157769e-06	-0.0161472
2.159769e-06	-0.0158432
2.161769e-06	-0.0160256
2.163769e-06	-0.0159952
2.165769e-06	-0.0162384
2.167769e-06	-0.0164208
2.169769e-06	-0.0164512
2.171769e-06	-0.0165728
2.173769e-06	-0.0162992
2.175769e-06	-0.01636
2.177769e-06	-0.0167552
2.179769e-06	-0.0168768
2.181769e-06	-0.0169072
2.183769e-06	-0.016968
2.185769e-06	-0.0173024
2.187769e-06	-0.017576
2.189769e-06	-0.0176976
2.191769e-06	-0.0176064
2.193769e-06	-0.017576
2.195769e-06	-0.0176976
2.197769e-06	-0.0179104
2.199769e-06	-0.0179104
2.201769e-06	-0.018336
2.203769e-06	-0.0182144
2.205769e-06	-0.018488
2.207769e-06	-0.018944
2.209769e-06	-0.0187312
2.211769e-06	-0.0188528
2.213769e-06	-0.0188528
2.215769e-06	-0.0187008
2.217769e-06	-0.019096
2.219769e-06	-0.0191264
2.221769e-06	-0.0193088
2.223769e-06	-0.019248
2.225769e-06	-0.0192176
2.227769e-06	-0.0194608
2.229769e-06	-0.0195216
2.231769e-06	-0.0199472
2.233769e-06	-0.0201296
2.235769e-06	-0.0205856
2.237769e-06	-0.0204032
2.239769e-06	-0.0203424
2.241769e-06	-0.0202208
2.243769e-06	-0.0206768
2.245769e-06	-0.0208896
2.247769e-06	-0.0211024
2.249769e-06	-0.0207072
2.251769e-06	-0.0207072
2.253769e-06	-0.020768
2.255769e-06	-0.0204944
2.257769e-06	-0.020768
2.259769e-06	-0.021072
2.261769e-06	-0.0210112
2.263769e-06	-0.0211024
2.265769e-06	-0.0210416
2.267769e-06	-0.0210416
2.269769e-06	-0.0211328
2.271769e-06	-0.0213152
2.273769e-06	-0.0212544
2.275769e-06	-0.021376
2.277769e-06	-0.0214976
2.279769e-06	-0.0213456
2.281769e-06	-0.0214064
2.283769e-06	-0.0211024
2.285769e-06	-0.0211328
2.287769e-06	-0.0209808
2.289769e-06	-0.0208896
2.291769e-06	-0.0214976
2.293769e-06	-0.0211936
2.295769e-06	-0.0210112
2.297769e-06	-0.0207072
2.299769e-06	-0.020616
2.301769e-06	-0.020768
2.303769e-06	-0.0209504
2.305769e-06	-0.0208288
2.307769e-06	-0.0203424
2.309769e-06	-0.0204032
2.311769e-06	-0.0208896
2.313769e-06	-0.0211936
2.315769e-06	-0.0209808
2.317769e-06	-0.0209808
2.319769e-06	-0.0205856
2.321769e-06	-0.0205248
2.323769e-06	-0.0205248
2.325769e-06	-0.020464
2.327769e-06	-0.0206464
2.329769e-06	-0.0205856
2.331769e-06	-0.0205552
2.333769e-06	-0.020616
2.335769e-06	-0.0202512
2.337769e-06	-0.02016
2.339769e-06	-0.0204032
2.341769e-06	-0.020616
2.343769e-06	-0.0206768
2.345769e-06	-0.0203424
2.347769e-06	-0.0198256
2.349769e-06	-0.020008
2.351769e-06	-0.0198864
2.353769e-06	-0.0201296
2.355769e-06	-0.02016
2.357769e-06	-0.0202816
2.359769e-06	-0.0204336
2.361769e-06	-0.0202512
2.363769e-06	-0.0201296
2.365769e-06	-0.019856
2.367769e-06	-0.0199168
2.369769e-06	-0.0199776
2.371769e-06	-0.019856
2.373769e-06	-0.0201904
2.375769e-06	-0.0204336
2.377769e-06	-0.019856
2.379769e-06	-0.0197952
2.381769e-06	-0.0197648
2.383769e-06	-0.0196128
2.385769e-06	-0.0199168
2.387769e-06	-0.0199776
2.389769e-06	-0.020008
2.391769e-06	-0.0201296
2.393769e-06	-0.0200992
2.395769e-06	-0.02016
2.397769e-06	-0.0200992
2.399769e-06	-0.0199776
2.401769e-06	-0.0197952
2.403769e-06	-0.0196736
2.405769e-06	-0.0195824
2.407769e-06	-0.019552
2.409769e-06	-0.0194912
2.411769e-06	-0.019704
2.413769e-06	-0.019552
2.415769e-06	-0.0194
2.417769e-06	-0.0187616
2.419769e-06	-0.0183968
2.421769e-06	-0.0183968
2.423769e-06	-0.0180016
2.425769e-06	-0.017728
2.427769e-06	-0.0173632
2.429769e-06	-0.01712
2.431769e-06	-0.01712
2.433769e-06	-0.0167248
2.435769e-06	-0.0165424
2.437769e-06	-0.0161168
2.439769e-06	-0.015752
2.441769e-06	-0.0155696
2.443769e-06	-0.0153264
2.445769e-06	-0.0152352
2.447769e-06	-0.0147184
2.449769e-06	-0.0143536
2.451769e-06	-0.0141712
2.453769e-06	-0.0140496
2.455769e-06	-0.0139888
2.457769e-06	-0.013776
2.459769e-06	-0.013472
2.461769e-06	-0.013624
2.463769e-06	-0.0133808
2.465769e-06	-0.0132592
2.467769e-06	-0.013016
2.469769e-06	-0.0130464
2.471769e-06	-0.0132592
2.473769e-06	-0.0131984
2.475769e-06	-0.0131984
2.477769e-06	-0.0135328
2.479769e-06	-0.013624
2.481769e-06	-0.0142928
2.483769e-06	-0.0142624
2.485769e-06	-0.0144448
2.487769e-06	-0.0147184
2.489769e-06	-0.0147184
2.491769e-06	-0.0146576
2.493769e-06	-0.0144752
2.495769e-06	-0.0145056
2.497769e-06	-0.0150528
2.499769e-06	-0.0149616
2.501769e-06	-0.0152352
2.503769e-06	-0.0152656
2.505769e-06	-0.0159344
2.507769e-06	-0.016056
2.509769e-06	-0.0161776
2.511769e-06	-0.0163296
