LECROYHDO6104A	50809	Waveform
Segments	1	SegmentSize	2502
Segment	TrigTime	TimeSinceSegment1
#1	19-Dec-2022 19:22:37	0                 
Time	Ampl
-2.490241e-06	-0.018756
-2.488241e-06	-0.019012
-2.486241e-06	-0.018372
-2.484241e-06	-0.0185
-2.482241e-06	-0.018372
-2.480241e-06	-0.018756
-2.478241e-06	-0.0185
-2.476241e-06	-0.017348
-2.474241e-06	-0.01786
-2.472241e-06	-0.0185
-2.470241e-06	-0.017988
-2.468241e-06	-0.017476
-2.466241e-06	-0.017348
-2.464241e-06	-0.017092
-2.462241e-06	-0.016836
-2.460241e-06	-0.016324
-2.458241e-06	-0.016708
-2.456241e-06	-0.016452
-2.454241e-06	-0.016324
-2.452241e-06	-0.0153
-2.450241e-06	-0.01594
-2.448241e-06	-0.016196
-2.446241e-06	-0.01594
-2.444241e-06	-0.015684
-2.442241e-06	-0.015556
-2.440241e-06	-0.015812
-2.438241e-06	-0.015044
-2.436241e-06	-0.014788
-2.434241e-06	-0.014916
-2.432241e-06	-0.015556
-2.430241e-06	-0.014916
-2.428241e-06	-0.01466
-2.426241e-06	-0.014916
-2.424241e-06	-0.015044
-2.422241e-06	-0.015044
-2.420241e-06	-0.014788
-2.418241e-06	-0.015044
-2.416241e-06	-0.0153
-2.414241e-06	-0.015428
-2.412241e-06	-0.015044
-2.410241e-06	-0.014916
-2.408241e-06	-0.014916
-2.406241e-06	-0.0153
-2.404241e-06	-0.014788
-2.402241e-06	-0.015044
-2.400241e-06	-0.015428
-2.398241e-06	-0.015556
-2.396241e-06	-0.01466
-2.394241e-06	-0.014916
-2.392241e-06	-0.0153
-2.390241e-06	-0.015684
-2.388241e-06	-0.0153
-2.386241e-06	-0.015812
-2.384241e-06	-0.01594
-2.382241e-06	-0.01594
-2.380241e-06	-0.015556
-2.378241e-06	-0.015556
-2.376241e-06	-0.016836
-2.374241e-06	-0.016836
-2.372241e-06	-0.016196
-2.370241e-06	-0.016324
-2.368241e-06	-0.01658
-2.366241e-06	-0.017092
-2.364241e-06	-0.016196
-2.362241e-06	-0.017092
-2.360241e-06	-0.017092
-2.358241e-06	-0.01722
-2.356241e-06	-0.017732
-2.354241e-06	-0.017604
-2.352241e-06	-0.017732
-2.350241e-06	-0.017348
-2.348241e-06	-0.016964
-2.346241e-06	-0.016836
-2.344241e-06	-0.017476
-2.342241e-06	-0.017604
-2.340241e-06	-0.01722
-2.338241e-06	-0.017348
-2.336241e-06	-0.017988
-2.334241e-06	-0.0185
-2.332241e-06	-0.018116
-2.330241e-06	-0.017988
-2.328241e-06	-0.017988
-2.326241e-06	-0.018372
-2.324241e-06	-0.017476
-2.322241e-06	-0.018372
-2.320241e-06	-0.018244
-2.318241e-06	-0.018116
-2.316241e-06	-0.017476
-2.314241e-06	-0.017988
-2.312241e-06	-0.019012
-2.310241e-06	-0.018244
-2.308241e-06	-0.01786
-2.306241e-06	-0.01786
-2.304241e-06	-0.01786
-2.302241e-06	-0.018372
-2.300241e-06	-0.017988
-2.298241e-06	-0.017732
-2.296241e-06	-0.018372
-2.294241e-06	-0.018372
-2.292241e-06	-0.01786
-2.290241e-06	-0.017732
-2.288241e-06	-0.018628
-2.286241e-06	-0.018372
-2.284241e-06	-0.0185
-2.282241e-06	-0.018244
-2.280241e-06	-0.018884
-2.278241e-06	-0.018372
-2.276241e-06	-0.018116
-2.274241e-06	-0.017732
-2.272241e-06	-0.01914
-2.270241e-06	-0.018756
-2.268241e-06	-0.018628
-2.266241e-06	-0.018756
-2.264241e-06	-0.01914
-2.262241e-06	-0.01914
-2.260241e-06	-0.019012
-2.258241e-06	-0.018116
-2.256241e-06	-0.019012
-2.254241e-06	-0.019268
-2.252241e-06	-0.018116
-2.250241e-06	-0.018372
-2.248241e-06	-0.019012
-2.246241e-06	-0.018372
-2.244241e-06	-0.01786
-2.242241e-06	-0.018116
-2.240241e-06	-0.018628
-2.238241e-06	-0.0185
-2.236241e-06	-0.017604
-2.234241e-06	-0.017732
-2.232241e-06	-0.018244
-2.230241e-06	-0.017732
-2.228241e-06	-0.016452
-2.226241e-06	-0.016452
-2.224241e-06	-0.016196
-2.222241e-06	-0.016324
-2.220241e-06	-0.015428
-2.218241e-06	-0.015172
-2.216241e-06	-0.015428
-2.214241e-06	-0.014788
-2.212241e-06	-0.014276
-2.210241e-06	-0.014276
-2.208241e-06	-0.014916
-2.206241e-06	-0.014532
-2.204241e-06	-0.013764
-2.202241e-06	-0.013508
-2.200241e-06	-0.01338
-2.198241e-06	-0.012996
-2.196241e-06	-0.012356
-2.194241e-06	-0.013124
-2.192241e-06	-0.01338
-2.190241e-06	-0.012612
-2.188241e-06	-0.012356
-2.186241e-06	-0.012228
-2.184241e-06	-0.012868
-2.182241e-06	-0.012996
-2.180241e-06	-0.011844
-2.178241e-06	-0.012356
-2.176241e-06	-0.012868
-2.174241e-06	-0.012228
-2.172241e-06	-0.012228
-2.170241e-06	-0.012356
-2.168241e-06	-0.013252
-2.166241e-06	-0.012996
-2.164241e-06	-0.012356
-2.162241e-06	-0.01274
-2.160241e-06	-0.01338
-2.158241e-06	-0.013508
-2.156241e-06	-0.012996
-2.154241e-06	-0.012612
-2.152241e-06	-0.013892
-2.150241e-06	-0.01402
-2.148241e-06	-0.013892
-2.146241e-06	-0.01402
-2.144241e-06	-0.014148
-2.142241e-06	-0.013764
-2.140241e-06	-0.01402
-2.138241e-06	-0.014276
-2.136241e-06	-0.014532
-2.134241e-06	-0.014148
-2.132241e-06	-0.013508
-2.130241e-06	-0.01338
-2.128241e-06	-0.014276
-2.126241e-06	-0.014148
-2.124241e-06	-0.013892
-2.122241e-06	-0.013892
-2.120241e-06	-0.01466
-2.118241e-06	-0.014404
-2.116241e-06	-0.01402
-2.114241e-06	-0.013636
-2.112241e-06	-0.01402
-2.110241e-06	-0.01338
-2.108241e-06	-0.013252
-2.106241e-06	-0.013124
-2.104241e-06	-0.013252
-2.102241e-06	-0.013252
-2.100241e-06	-0.012996
-2.098241e-06	-0.013124
-2.096241e-06	-0.013636
-2.094241e-06	-0.013124
-2.092241e-06	-0.013124
-2.090241e-06	-0.012868
-2.088241e-06	-0.01338
-2.086241e-06	-0.01338
-2.084241e-06	-0.013764
-2.082241e-06	-0.013764
-2.080241e-06	-0.01466
-2.078241e-06	-0.014404
-2.076241e-06	-0.013764
-2.074241e-06	-0.014148
-2.072241e-06	-0.01466
-2.070241e-06	-0.014788
-2.068241e-06	-0.01402
-2.066241e-06	-0.01466
-2.064241e-06	-0.01466
-2.062241e-06	-0.015044
-2.060241e-06	-0.01402
-2.058241e-06	-0.014788
-2.056241e-06	-0.015684
-2.054241e-06	-0.015556
-2.052241e-06	-0.015172
-2.050241e-06	-0.016068
-2.048241e-06	-0.016196
-2.046241e-06	-0.016324
-2.044241e-06	-0.015044
-2.042241e-06	-0.015044
-2.040241e-06	-0.015684
-2.038241e-06	-0.016068
-2.036241e-06	-0.015556
-2.034241e-06	-0.015428
-2.032241e-06	-0.01594
-2.030241e-06	-0.016068
-2.028241e-06	-0.01594
-2.026241e-06	-0.015556
-2.024241e-06	-0.01658
-2.022241e-06	-0.016708
-2.020241e-06	-0.015684
-2.018241e-06	-0.016196
-2.016241e-06	-0.016708
-2.014241e-06	-0.01658
-2.012241e-06	-0.016196
-2.010241e-06	-0.016324
-2.008241e-06	-0.016836
-2.006241e-06	-0.016964
-2.004241e-06	-0.016324
-2.002241e-06	-0.017092
-2.000241e-06	-0.017476
-1.998241e-06	-0.016964
-1.996241e-06	-0.017092
-1.994241e-06	-0.016708
-1.992241e-06	-0.016964
-1.990241e-06	-0.017092
-1.988241e-06	-0.017348
-1.986241e-06	-0.01722
-1.984241e-06	-0.017732
-1.982241e-06	-0.017732
-1.980241e-06	-0.017732
-1.978241e-06	-0.01786
-1.976241e-06	-0.018372
-1.974241e-06	-0.018628
-1.972241e-06	-0.018372
-1.970241e-06	-0.018884
-1.968241e-06	-0.019268
-1.966241e-06	-0.019268
-1.964241e-06	-0.019268
-1.962241e-06	-0.018884
-1.960241e-06	-0.019268
-1.958241e-06	-0.018884
-1.956241e-06	-0.018628
-1.954241e-06	-0.01914
-1.952241e-06	-0.019396
-1.950241e-06	-0.018756
-1.948241e-06	-0.0185
-1.946241e-06	-0.0185
-1.944241e-06	-0.01914
-1.942241e-06	-0.019396
-1.940241e-06	-0.0185
-1.938241e-06	-0.019268
-1.936241e-06	-0.01914
-1.934241e-06	-0.019012
-1.932241e-06	-0.019268
-1.930241e-06	-0.019652
-1.928241e-06	-0.020164
-1.926241e-06	-0.019524
-1.924241e-06	-0.020164
-1.922241e-06	-0.020036
-1.920241e-06	-0.02106
-1.918241e-06	-0.020804
-1.916241e-06	-0.020676
-1.914241e-06	-0.020548
-1.912241e-06	-0.02106
-1.910241e-06	-0.020676
-1.908241e-06	-0.020676
-1.906241e-06	-0.020676
-1.904241e-06	-0.0217
-1.902241e-06	-0.020932
-1.900241e-06	-0.020932
-1.898241e-06	-0.0217
-1.896241e-06	-0.0217
-1.894241e-06	-0.021572
-1.892241e-06	-0.021572
-1.890241e-06	-0.021572
-1.888241e-06	-0.022084
-1.886241e-06	-0.021572
-1.884241e-06	-0.021572
-1.882241e-06	-0.021956
-1.880241e-06	-0.022468
-1.878241e-06	-0.021444
-1.876241e-06	-0.021444
-1.874241e-06	-0.021572
-1.872241e-06	-0.022852
-1.870241e-06	-0.022212
-1.868241e-06	-0.021828
-1.866241e-06	-0.021828
-1.864241e-06	-0.022852
-1.862241e-06	-0.021956
-1.860241e-06	-0.021444
-1.858241e-06	-0.021956
-1.856241e-06	-0.021828
-1.854241e-06	-0.021572
-1.852241e-06	-0.021572
-1.850241e-06	-0.0217
-1.848241e-06	-0.02234
-1.846241e-06	-0.021956
-1.844241e-06	-0.021188
-1.842241e-06	-0.021188
-1.840241e-06	-0.022212
-1.838241e-06	-0.021316
-1.836241e-06	-0.0217
-1.834241e-06	-0.021828
-1.832241e-06	-0.021956
-1.830241e-06	-0.022468
-1.828241e-06	-0.022468
-1.826241e-06	-0.022212
-1.824241e-06	-0.023108
-1.822241e-06	-0.022468
-1.820241e-06	-0.022084
-1.818241e-06	-0.021828
-1.816241e-06	-0.02234
-1.814241e-06	-0.022596
-1.812241e-06	-0.0217
-1.810241e-06	-0.021444
-1.808241e-06	-0.021828
-1.806241e-06	-0.02106
-1.804241e-06	-0.021316
-1.802241e-06	-0.021188
-1.800241e-06	-0.021316
-1.798241e-06	-0.021316
-1.796241e-06	-0.021316
-1.794241e-06	-0.020676
-1.792241e-06	-0.0217
-1.790241e-06	-0.021444
-1.788241e-06	-0.02106
-1.786241e-06	-0.02106
-1.784241e-06	-0.022084
-1.782241e-06	-0.021316
-1.780241e-06	-0.020676
-1.778241e-06	-0.020932
-1.776241e-06	-0.021572
-1.774241e-06	-0.021572
-1.772241e-06	-0.02106
-1.770241e-06	-0.020548
-1.768241e-06	-0.022212
-1.766241e-06	-0.02234
-1.764241e-06	-0.02106
-1.762241e-06	-0.021316
-1.760241e-06	-0.021828
-1.758241e-06	-0.02234
-1.756241e-06	-0.021828
-1.754241e-06	-0.0217
-1.752241e-06	-0.022212
-1.750241e-06	-0.022596
-1.748241e-06	-0.022212
-1.746241e-06	-0.022084
-1.744241e-06	-0.022212
-1.742241e-06	-0.021956
-1.740241e-06	-0.0217
-1.738241e-06	-0.022084
-1.736241e-06	-0.02234
-1.734241e-06	-0.021828
-1.732241e-06	-0.0217
-1.730241e-06	-0.021956
-1.728241e-06	-0.022084
-1.726241e-06	-0.020932
-1.724241e-06	-0.021188
-1.722241e-06	-0.021572
-1.720241e-06	-0.0217
-1.718241e-06	-0.02106
-1.716241e-06	-0.020804
-1.714241e-06	-0.020676
-1.712241e-06	-0.02106
-1.710241e-06	-0.020292
-1.708241e-06	-0.019908
-1.706241e-06	-0.019652
-1.704241e-06	-0.020548
-1.702241e-06	-0.020292
-1.700241e-06	-0.019908
-1.698241e-06	-0.019652
-1.696241e-06	-0.01978
-1.694241e-06	-0.019396
-1.692241e-06	-0.019012
-1.690241e-06	-0.019012
-1.688241e-06	-0.01914
-1.686241e-06	-0.019268
-1.684241e-06	-0.01914
-1.682241e-06	-0.019012
-1.680241e-06	-0.019524
-1.678241e-06	-0.019268
-1.676241e-06	-0.0185
-1.674241e-06	-0.018756
-1.672241e-06	-0.019268
-1.670241e-06	-0.019396
-1.668241e-06	-0.018372
-1.666241e-06	-0.01914
-1.664241e-06	-0.01914
-1.662241e-06	-0.018884
-1.660241e-06	-0.019012
-1.658241e-06	-0.018628
-1.656241e-06	-0.01914
-1.654241e-06	-0.01914
-1.652241e-06	-0.018756
-1.650241e-06	-0.019012
-1.648241e-06	-0.019396
-1.646241e-06	-0.019012
-1.644241e-06	-0.019524
-1.642241e-06	-0.019396
-1.640241e-06	-0.020036
-1.638241e-06	-0.019652
-1.636241e-06	-0.019524
-1.634241e-06	-0.019268
-1.632241e-06	-0.01978
-1.630241e-06	-0.019908
-1.628241e-06	-0.018756
-1.626241e-06	-0.01914
-1.624241e-06	-0.01978
-1.622241e-06	-0.019396
-1.620241e-06	-0.018756
-1.618241e-06	-0.019012
-1.616241e-06	-0.01914
-1.614241e-06	-0.019012
-1.612241e-06	-0.0185
-1.610241e-06	-0.018756
-1.608241e-06	-0.019012
-1.606241e-06	-0.019268
-1.604241e-06	-0.018628
-1.602241e-06	-0.018244
-1.600241e-06	-0.0185
-1.598241e-06	-0.0185
-1.596241e-06	-0.017604
-1.594241e-06	-0.018244
-1.592241e-06	-0.018116
-1.590241e-06	-0.01786
-1.588241e-06	-0.017348
-1.586241e-06	-0.01722
-1.584241e-06	-0.017092
-1.582241e-06	-0.016964
-1.580241e-06	-0.016196
-1.578241e-06	-0.01658
-1.576241e-06	-0.01658
-1.574241e-06	-0.016708
-1.572241e-06	-0.015684
-1.570241e-06	-0.016708
-1.568241e-06	-0.016964
-1.566241e-06	-0.016452
-1.564241e-06	-0.015684
-1.562241e-06	-0.016068
-1.560241e-06	-0.016196
-1.558241e-06	-0.016324
-1.556241e-06	-0.015428
-1.554241e-06	-0.016452
-1.552241e-06	-0.01658
-1.550241e-06	-0.016836
-1.548241e-06	-0.016196
-1.546241e-06	-0.016964
-1.544241e-06	-0.017348
-1.542241e-06	-0.017348
-1.540241e-06	-0.017092
-1.538241e-06	-0.017732
-1.536241e-06	-0.01786
-1.534241e-06	-0.017348
-1.532241e-06	-0.016708
-1.530241e-06	-0.01658
-1.528241e-06	-0.01722
-1.526241e-06	-0.016836
-1.524241e-06	-0.016068
-1.522241e-06	-0.01658
-1.520241e-06	-0.01658
-1.518241e-06	-0.01658
-1.516241e-06	-0.016068
-1.514241e-06	-0.016196
-1.512241e-06	-0.016324
-1.510241e-06	-0.016196
-1.508241e-06	-0.016068
-1.506241e-06	-0.015556
-1.504241e-06	-0.015684
-1.502241e-06	-0.015556
-1.500241e-06	-0.015044
-1.498241e-06	-0.015172
-1.496241e-06	-0.015556
-1.494241e-06	-0.015428
-1.492241e-06	-0.0153
-1.490241e-06	-0.015428
-1.488241e-06	-0.015684
-1.486241e-06	-0.015684
-1.484241e-06	-0.015172
-1.482241e-06	-0.015428
-1.480241e-06	-0.015428
-1.478241e-06	-0.015556
-1.476241e-06	-0.015044
-1.474241e-06	-0.015812
-1.472241e-06	-0.015812
-1.470241e-06	-0.016324
-1.468241e-06	-0.016196
-1.466241e-06	-0.016452
-1.464241e-06	-0.016964
-1.462241e-06	-0.016836
-1.460241e-06	-0.015428
-1.458241e-06	-0.016452
-1.456241e-06	-0.016324
-1.454241e-06	-0.016196
-1.452241e-06	-0.0153
-1.450241e-06	-0.016196
-1.448241e-06	-0.016836
-1.446241e-06	-0.016196
-1.444241e-06	-0.01594
-1.442241e-06	-0.015812
-1.440241e-06	-0.016324
-1.438241e-06	-0.015428
-1.436241e-06	-0.015428
-1.434241e-06	-0.016068
-1.432241e-06	-0.01658
-1.430241e-06	-0.016452
-1.428241e-06	-0.015684
-1.426241e-06	-0.016196
-1.424241e-06	-0.016964
-1.422241e-06	-0.016836
-1.420241e-06	-0.016068
-1.418241e-06	-0.016324
-1.416241e-06	-0.016964
-1.414241e-06	-0.016836
-1.412241e-06	-0.016068
-1.410241e-06	-0.016068
-1.408241e-06	-0.016452
-1.406241e-06	-0.016836
-1.404241e-06	-0.015812
-1.402241e-06	-0.015684
-1.400241e-06	-0.016068
-1.398241e-06	-0.015556
-1.396241e-06	-0.014276
-1.394241e-06	-0.014788
-1.392241e-06	-0.014788
-1.390241e-06	-0.014532
-1.388241e-06	-0.01402
-1.386241e-06	-0.01402
-1.384241e-06	-0.015044
-1.382241e-06	-0.014532
-1.380241e-06	-0.01466
-1.378241e-06	-0.014916
-1.376241e-06	-0.015812
-1.374241e-06	-0.015684
-1.372241e-06	-0.015556
-1.370241e-06	-0.015684
-1.368241e-06	-0.015556
-1.366241e-06	-0.015684
-1.364241e-06	-0.015556
-1.362241e-06	-0.01594
-1.360241e-06	-0.016708
-1.358241e-06	-0.016836
-1.356241e-06	-0.016452
-1.354241e-06	-0.016964
-1.352241e-06	-0.017476
-1.350241e-06	-0.017604
-1.348241e-06	-0.016708
-1.346241e-06	-0.016452
-1.344241e-06	-0.017348
-1.342241e-06	-0.017348
-1.340241e-06	-0.016196
-1.338241e-06	-0.016964
-1.336241e-06	-0.017092
-1.334241e-06	-0.01658
-1.332241e-06	-0.016452
-1.330241e-06	-0.016708
-1.328241e-06	-0.017348
-1.326241e-06	-0.01722
-1.324241e-06	-0.016452
-1.322241e-06	-0.01722
-1.320241e-06	-0.017604
-1.318241e-06	-0.017476
-1.316241e-06	-0.017476
-1.314241e-06	-0.017476
-1.312241e-06	-0.017988
-1.310241e-06	-0.018628
-1.308241e-06	-0.018244
-1.306241e-06	-0.0185
-1.304241e-06	-0.018372
-1.302241e-06	-0.018372
-1.300241e-06	-0.018116
-1.298241e-06	-0.01786
-1.296241e-06	-0.018756
-1.294241e-06	-0.018884
-1.292241e-06	-0.017988
-1.290241e-06	-0.018244
-1.288241e-06	-0.018628
-1.286241e-06	-0.0185
-1.284241e-06	-0.018116
-1.282241e-06	-0.018628
-1.280241e-06	-0.019268
-1.278241e-06	-0.019396
-1.276241e-06	-0.0185
-1.274241e-06	-0.01914
-1.272241e-06	-0.019268
-1.270241e-06	-0.018884
-1.268241e-06	-0.0185
-1.266241e-06	-0.0185
-1.264241e-06	-0.01914
-1.262241e-06	-0.01914
-1.260241e-06	-0.0185
-1.258241e-06	-0.018372
-1.256241e-06	-0.0185
-1.254241e-06	-0.018244
-1.252241e-06	-0.0185
-1.250241e-06	-0.019012
-1.248241e-06	-0.019268
-1.246241e-06	-0.018756
-1.244241e-06	-0.017988
-1.242241e-06	-0.018884
-1.240241e-06	-0.019012
-1.238241e-06	-0.018884
-1.236241e-06	-0.018244
-1.234241e-06	-0.018244
-1.232241e-06	-0.018756
-1.230241e-06	-0.018372
-1.228241e-06	-0.01786
-1.226241e-06	-0.018244
-1.224241e-06	-0.018628
-1.222241e-06	-0.018884
-1.220241e-06	-0.018756
-1.218241e-06	-0.019012
-1.216241e-06	-0.020036
-1.214241e-06	-0.01978
-1.212241e-06	-0.01914
-1.210241e-06	-0.019524
-1.208241e-06	-0.019908
-1.206241e-06	-0.020036
-1.204241e-06	-0.020548
-1.202241e-06	-0.02042
-1.200241e-06	-0.020932
-1.198241e-06	-0.020548
-1.196241e-06	-0.020676
-1.194241e-06	-0.020676
-1.192241e-06	-0.021828
-1.190241e-06	-0.021828
-1.188241e-06	-0.021572
-1.186241e-06	-0.021828
-1.184241e-06	-0.022468
-1.182241e-06	-0.022084
-1.180241e-06	-0.022468
-1.178241e-06	-0.021956
-1.176241e-06	-0.022724
-1.174241e-06	-0.022468
-1.172241e-06	-0.0217
-1.170241e-06	-0.02106
-1.168241e-06	-0.022084
-1.166241e-06	-0.0217
-1.164241e-06	-0.020932
-1.162241e-06	-0.020548
-1.160241e-06	-0.021316
-1.158241e-06	-0.020548
-1.156241e-06	-0.020292
-1.154241e-06	-0.020804
-1.152241e-06	-0.021572
-1.150241e-06	-0.020548
-1.148241e-06	-0.020036
-1.146241e-06	-0.020164
-1.144241e-06	-0.020932
-1.142241e-06	-0.020292
-1.140241e-06	-0.01978
-1.138241e-06	-0.019524
-1.136241e-06	-0.020164
-1.134241e-06	-0.019908
-1.132241e-06	-0.019524
-1.130241e-06	-0.020036
-1.128241e-06	-0.019908
-1.126241e-06	-0.01978
-1.124241e-06	-0.019396
-1.122241e-06	-0.019396
-1.120241e-06	-0.019652
-1.118241e-06	-0.019524
-1.116241e-06	-0.018756
-1.114241e-06	-0.01914
-1.112241e-06	-0.019524
-1.110241e-06	-0.019268
-1.108241e-06	-0.018884
-1.106241e-06	-0.01914
-1.104241e-06	-0.01914
-1.102241e-06	-0.018628
-1.100241e-06	-0.018628
-1.098241e-06	-0.019524
-1.096241e-06	-0.019396
-1.094241e-06	-0.019268
-1.092241e-06	-0.018884
-1.090241e-06	-0.01914
-1.088241e-06	-0.01914
-1.086241e-06	-0.018884
-1.084241e-06	-0.018628
-1.082241e-06	-0.0185
-1.080241e-06	-0.01914
-1.078241e-06	-0.018756
-1.076241e-06	-0.017476
-1.074241e-06	-0.01786
-1.072241e-06	-0.0185
-1.070241e-06	-0.0185
-1.068241e-06	-0.017604
-1.066241e-06	-0.017476
-1.064241e-06	-0.017604
-1.062241e-06	-0.017732
-1.060241e-06	-0.017604
-1.058241e-06	-0.017604
-1.056241e-06	-0.018372
-1.054241e-06	-0.018244
-1.052241e-06	-0.01786
-1.050241e-06	-0.018116
-1.048241e-06	-0.0185
-1.046241e-06	-0.018372
-1.044241e-06	-0.01786
-1.042241e-06	-0.017476
-1.040241e-06	-0.017988
-1.038241e-06	-0.017988
-1.036241e-06	-0.017476
-1.034241e-06	-0.017988
-1.032241e-06	-0.018372
-1.030241e-06	-0.018244
-1.028241e-06	-0.017988
-1.026241e-06	-0.018116
-1.024241e-06	-0.018884
-1.022241e-06	-0.018628
-1.020241e-06	-0.018372
-1.018241e-06	-0.018116
-1.016241e-06	-0.018884
-1.014241e-06	-0.019012
-1.012241e-06	-0.018244
-1.010241e-06	-0.018244
-1.008241e-06	-0.01914
-1.006241e-06	-0.019268
-1.004241e-06	-0.018756
-1.002241e-06	-0.018372
-1.000241e-06	-0.018116
-9.982408e-07	-0.0185
-9.962408e-07	-0.018244
-9.942408e-07	-0.0185
-9.922408e-07	-0.018628
-9.902408e-07	-0.018244
-9.882408e-07	-0.018372
-9.862408e-07	-0.018756
-9.842408e-07	-0.018884
-9.822408e-07	-0.018756
-9.802408e-07	-0.018756
-9.782408e-07	-0.018884
-9.762408e-07	-0.019012
-9.742408e-07	-0.019268
-9.722408e-07	-0.018372
-9.702408e-07	-0.018756
-9.682408e-07	-0.019396
-9.662408e-07	-0.019268
-9.642408e-07	-0.019012
-9.622408e-07	-0.019012
-9.602408e-07	-0.019524
-9.582408e-07	-0.019524
-9.562408e-07	-0.019652
-9.542408e-07	-0.019652
-9.522408e-07	-0.019652
-9.502408e-07	-0.019268
-9.482408e-07	-0.019524
-9.462408e-07	-0.020036
-9.442408e-07	-0.02042
-9.422408e-07	-0.019908
-9.402408e-07	-0.019908
-9.382408e-07	-0.020036
-9.362408e-07	-0.020676
-9.342408e-07	-0.020676
-9.322408e-07	-0.020164
-9.302408e-07	-0.019908
-9.282408e-07	-0.02042
-9.262408e-07	-0.020036
-9.242408e-07	-0.020548
-9.222408e-07	-0.020036
-9.202408e-07	-0.021188
-9.182408e-07	-0.021316
-9.162408e-07	-0.020676
-9.142408e-07	-0.020292
-9.122408e-07	-0.021188
-9.102408e-07	-0.020676
-9.082408e-07	-0.020292
-9.062408e-07	-0.02042
-9.042408e-07	-0.02106
-9.022408e-07	-0.020548
-9.002408e-07	-0.020036
-8.982408e-07	-0.019908
-8.962408e-07	-0.01978
-8.942408e-07	-0.01978
-8.922408e-07	-0.01978
-8.902408e-07	-0.019652
-8.882408e-07	-0.020804
-8.862408e-07	-0.020292
-8.842408e-07	-0.020164
-8.822408e-07	-0.019908
-8.802408e-07	-0.020292
-8.782408e-07	-0.020292
-8.762408e-07	-0.019524
-8.742408e-07	-0.019652
-8.722408e-07	-0.020036
-8.702408e-07	-0.019396
-8.682408e-07	-0.01914
-8.662408e-07	-0.019012
-8.642408e-07	-0.01978
-8.622408e-07	-0.018884
-8.602408e-07	-0.018884
-8.582408e-07	-0.01914
-8.562408e-07	-0.019524
-8.542408e-07	-0.01914
-8.522408e-07	-0.018372
-8.502408e-07	-0.019268
-8.482408e-07	-0.019524
-8.462408e-07	-0.019396
-8.442408e-07	-0.018628
-8.422408e-07	-0.018884
-8.402408e-07	-0.019268
-8.382408e-07	-0.019396
-8.362408e-07	-0.018756
-8.342408e-07	-0.019012
-8.322408e-07	-0.019652
-8.302408e-07	-0.019012
-8.282408e-07	-0.018628
-8.262408e-07	-0.018628
-8.242408e-07	-0.01914
-8.222408e-07	-0.018628
-8.202408e-07	-0.018756
-8.182408e-07	-0.018244
-8.162408e-07	-0.018884
-8.142408e-07	-0.018372
-8.122408e-07	-0.018116
-8.102408e-07	-0.017732
-8.082408e-07	-0.0185
-8.062408e-07	-0.018244
-8.042408e-07	-0.018116
-8.022408e-07	-0.018116
-8.002408e-07	-0.018756
-7.982408e-07	-0.0185
-7.962408e-07	-0.018372
-7.942408e-07	-0.019012
-7.922408e-07	-0.018372
-7.902408e-07	-0.017732
-7.882408e-07	-0.017476
-7.862408e-07	-0.017988
-7.842408e-07	-0.0185
-7.822408e-07	-0.018372
-7.802408e-07	-0.017732
-7.782408e-07	-0.017092
-7.762408e-07	-0.018244
-7.742408e-07	-0.017988
-7.722408e-07	-0.01722
-7.702408e-07	-0.017092
-7.682408e-07	-0.017476
-7.662408e-07	-0.01722
-7.642408e-07	-0.016708
-7.622408e-07	-0.017092
-7.602408e-07	-0.017476
-7.582408e-07	-0.017732
-7.562408e-07	-0.017348
-7.542408e-07	-0.017348
-7.522408e-07	-0.017732
-7.502408e-07	-0.018116
-7.482408e-07	-0.017988
-7.462408e-07	-0.017732
-7.442408e-07	-0.018628
-7.422408e-07	-0.018116
-7.402408e-07	-0.017604
-7.382408e-07	-0.017732
-7.362408e-07	-0.018628
-7.342408e-07	-0.018756
-7.322408e-07	-0.018884
-7.302408e-07	-0.018756
-7.282408e-07	-0.01914
-7.262408e-07	-0.019268
-7.242408e-07	-0.019012
-7.222408e-07	-0.01914
-7.202408e-07	-0.019652
-7.182408e-07	-0.019524
-7.162408e-07	-0.019396
-7.142408e-07	-0.01914
-7.122408e-07	-0.01978
-7.102408e-07	-0.019908
-7.082408e-07	-0.019396
-7.062408e-07	-0.01914
-7.042408e-07	-0.01978
-7.022408e-07	-0.019524
-7.002408e-07	-0.01978
-6.982408e-07	-0.019524
-6.962408e-07	-0.02042
-6.942408e-07	-0.020164
-6.922408e-07	-0.019908
-6.902408e-07	-0.019652
-6.882408e-07	-0.020164
-6.862408e-07	-0.020036
-6.842408e-07	-0.020292
-6.822408e-07	-0.019908
-6.802408e-07	-0.020676
-6.782408e-07	-0.020548
-6.762408e-07	-0.02106
-6.742408e-07	-0.020292
-6.722408e-07	-0.020292
-6.702408e-07	-0.01978
-6.682408e-07	-0.019652
-6.662408e-07	-0.020292
-6.642408e-07	-0.020548
-6.622408e-07	-0.020036
-6.602408e-07	-0.020036
-6.582408e-07	-0.020036
-6.562408e-07	-0.020676
-6.542408e-07	-0.020804
-6.522408e-07	-0.020548
-6.502408e-07	-0.020164
-6.482408e-07	-0.020292
-6.462408e-07	-0.020292
-6.442408e-07	-0.020164
-6.422408e-07	-0.019268
-6.402408e-07	-0.020548
-6.382408e-07	-0.020164
-6.362408e-07	-0.020164
-6.342408e-07	-0.019908
-6.322408e-07	-0.020932
-6.302408e-07	-0.02106
-6.282408e-07	-0.020548
-6.262408e-07	-0.020548
-6.242408e-07	-0.020676
-6.222408e-07	-0.021188
-6.202408e-07	-0.020676
-6.182408e-07	-0.020932
-6.162408e-07	-0.021188
-6.142408e-07	-0.0217
-6.122408e-07	-0.020548
-6.102408e-07	-0.020932
-6.082408e-07	-0.02106
-6.062408e-07	-0.02106
-6.042408e-07	-0.021444
-6.022408e-07	-0.020932
-6.002408e-07	-0.021572
-5.982408e-07	-0.021828
-5.962408e-07	-0.0217
-5.942408e-07	-0.021444
-5.922408e-07	-0.021444
-5.902408e-07	-0.021444
-5.882408e-07	-0.021316
-5.862408e-07	-0.021188
-5.842408e-07	-0.021444
-5.822408e-07	-0.020804
-5.802408e-07	-0.020804
-5.782408e-07	-0.020548
-5.762408e-07	-0.02106
-5.742408e-07	-0.020676
-5.722408e-07	-0.020676
-5.702408e-07	-0.020548
-5.682408e-07	-0.021188
-5.662408e-07	-0.02106
-5.642408e-07	-0.020036
-5.622408e-07	-0.019908
-5.602408e-07	-0.02042
-5.582408e-07	-0.020292
-5.562408e-07	-0.020036
-5.542408e-07	-0.020036
-5.522408e-07	-0.020676
-5.502408e-07	-0.020164
-5.482408e-07	-0.020292
-5.462408e-07	-0.019908
-5.442408e-07	-0.020676
-5.422408e-07	-0.02042
-5.402408e-07	-0.020932
-5.382408e-07	-0.020164
-5.362408e-07	-0.02042
-5.342408e-07	-0.020164
-5.322408e-07	-0.020292
-5.302408e-07	-0.020548
-5.282408e-07	-0.020164
-5.262408e-07	-0.020164
-5.242408e-07	-0.020676
-5.222408e-07	-0.020804
-5.202408e-07	-0.020804
-5.182408e-07	-0.020548
-5.162408e-07	-0.020804
-5.142408e-07	-0.02042
-5.122408e-07	-0.021188
-5.102408e-07	-0.02106
-5.082408e-07	-0.020804
-5.062408e-07	-0.020292
-5.042408e-07	-0.021188
-5.022408e-07	-0.021188
-5.002408e-07	-0.020804
-4.982408e-07	-0.02042
-4.962408e-07	-0.021316
-4.942408e-07	-0.02106
-4.922408e-07	-0.020164
-4.902408e-07	-0.020036
-4.882408e-07	-0.020932
-4.862408e-07	-0.020932
-4.842408e-07	-0.020932
-4.822408e-07	-0.020676
-4.802408e-07	-0.02106
-4.782408e-07	-0.020676
-4.762408e-07	-0.020548
-4.742408e-07	-0.02042
-4.722408e-07	-0.020932
-4.702408e-07	-0.02106
-4.682408e-07	-0.020676
-4.662408e-07	-0.020292
-4.642408e-07	-0.020676
-4.622408e-07	-0.020164
-4.602408e-07	-0.020292
-4.582408e-07	-0.01978
-4.562408e-07	-0.020804
-4.542408e-07	-0.020164
-4.522408e-07	-0.020292
-4.502408e-07	-0.020548
-4.482408e-07	-0.02106
-4.462408e-07	-0.02042
-4.442408e-07	-0.020676
-4.422408e-07	-0.019652
-4.402408e-07	-0.020292
-4.382408e-07	-0.01978
-4.362408e-07	-0.019396
-4.342408e-07	-0.019524
-4.322408e-07	-0.019396
-4.302408e-07	-0.019908
-4.282408e-07	-0.019396
-4.262408e-07	-0.019908
-4.242408e-07	-0.019524
-4.222408e-07	-0.01914
-4.202408e-07	-0.01914
-4.182408e-07	-0.018884
-4.162408e-07	-0.019268
-4.142408e-07	-0.01914
-4.122408e-07	-0.019012
-4.102408e-07	-0.01914
-4.082408e-07	-0.019396
-4.062408e-07	-0.019396
-4.042408e-07	-0.019524
-4.022408e-07	-0.019268
-4.002408e-07	-0.019396
-3.982408e-07	-0.019268
-3.962408e-07	-0.019012
-3.942408e-07	-0.019652
-3.922408e-07	-0.020036
-3.902408e-07	-0.020292
-3.882408e-07	-0.020036
-3.862408e-07	-0.01978
-3.842408e-07	-0.020804
-3.822408e-07	-0.020164
-3.802408e-07	-0.020164
-3.782408e-07	-0.019652
-3.762408e-07	-0.019908
-3.742408e-07	-0.019524
-3.722408e-07	-0.019396
-3.702408e-07	-0.019652
-3.682408e-07	-0.020036
-3.662408e-07	-0.020548
-3.642408e-07	-0.019652
-3.622408e-07	-0.019652
-3.602408e-07	-0.019396
-3.582408e-07	-0.019268
-3.562408e-07	-0.018884
-3.542408e-07	-0.019268
-3.522408e-07	-0.019396
-3.502408e-07	-0.019268
-3.482408e-07	-0.019012
-3.462408e-07	-0.018628
-3.442408e-07	-0.018628
-3.422408e-07	-0.01786
-3.402408e-07	-0.017732
-3.382408e-07	-0.018116
-3.362408e-07	-0.017988
-3.342408e-07	-0.017988
-3.322408e-07	-0.017604
-3.302408e-07	-0.01722
-3.282408e-07	-0.017732
-3.262408e-07	-0.017348
-3.242408e-07	-0.016964
-3.222408e-07	-0.016452
-3.202408e-07	-0.016964
-3.182408e-07	-0.016836
-3.162408e-07	-0.015556
-3.142408e-07	-0.0153
-3.122408e-07	-0.016452
-3.102408e-07	-0.016452
-3.082408e-07	-0.015556
-3.062408e-07	-0.015172
-3.042408e-07	-0.016068
-3.022408e-07	-0.016196
-3.002408e-07	-0.015812
-2.982408e-07	-0.01594
-2.962408e-07	-0.016836
-2.942408e-07	-0.016836
-2.922408e-07	-0.01594
-2.902408e-07	-0.016068
-2.882408e-07	-0.01658
-2.862408e-07	-0.016836
-2.842408e-07	-0.01658
-2.822408e-07	-0.016196
-2.802408e-07	-0.017092
-2.782408e-07	-0.017348
-2.762408e-07	-0.017476
-2.742408e-07	-0.01786
-2.722408e-07	-0.018756
-2.702408e-07	-0.018244
-2.682408e-07	-0.017604
-2.662408e-07	-0.017092
-2.642408e-07	-0.017732
-2.622408e-07	-0.017732
-2.602408e-07	-0.01722
-2.582408e-07	-0.017348
-2.562408e-07	-0.017988
-2.542408e-07	-0.017988
-2.522408e-07	-0.016964
-2.502408e-07	-0.017988
-2.482408e-07	-0.018244
-2.462408e-07	-0.018628
-2.442408e-07	-0.017604
-2.422408e-07	-0.017988
-2.402408e-07	-0.018244
-2.382408e-07	-0.0185
-2.362408e-07	-0.018244
-2.342408e-07	-0.018372
-2.322408e-07	-0.018884
-2.302408e-07	-0.019268
-2.282408e-07	-0.018756
-2.262408e-07	-0.018756
-2.242408e-07	-0.019012
-2.222408e-07	-0.01914
-2.202408e-07	-0.018628
-2.182408e-07	-0.0185
-2.162408e-07	-0.018884
-2.142408e-07	-0.0185
-2.122408e-07	-0.017732
-2.102408e-07	-0.018372
-2.082408e-07	-0.018756
-2.062408e-07	-0.018628
-2.042408e-07	-0.017476
-2.022408e-07	-0.01786
-2.002408e-07	-0.018372
-1.982408e-07	-0.018244
-1.962408e-07	-0.01786
-1.942408e-07	-0.018244
-1.922408e-07	-0.018116
-1.902408e-07	-0.018372
-1.882408e-07	-0.017732
-1.862408e-07	-0.01786
-1.842408e-07	-0.017988
-1.822408e-07	-0.019012
-1.802408e-07	-0.018244
-1.782408e-07	-0.018756
-1.762408e-07	-0.0185
-1.742408e-07	-0.019396
-1.722408e-07	-0.0185
-1.702408e-07	-0.01914
-1.682408e-07	-0.019652
-1.662408e-07	-0.019524
-1.642408e-07	-0.01914
-1.622408e-07	-0.01914
-1.602408e-07	-0.019396
-1.582408e-07	-0.01978
-1.562408e-07	-0.020036
-1.542408e-07	-0.020932
-1.522408e-07	-0.021444
-1.502408e-07	-0.02106
-1.482408e-07	-0.021444
-1.462408e-07	-0.020676
-1.442408e-07	-0.02106
-1.422408e-07	-0.021444
-1.402408e-07	-0.020292
-1.382408e-07	-0.019908
-1.362408e-07	-0.020804
-1.342408e-07	-0.02042
-1.322408e-07	-0.020164
-1.302408e-07	-0.019524
-1.282408e-07	-0.019908
-1.262408e-07	-0.019524
-1.242408e-07	-0.018244
-1.222408e-07	-0.018756
-1.202408e-07	-0.019012
-1.182408e-07	-0.01914
-1.162408e-07	-0.018628
-1.142408e-07	-0.018244
-1.122408e-07	-0.019268
-1.102408e-07	-0.018756
-1.082408e-07	-0.0185
-1.062408e-07	-0.018756
-1.042408e-07	-0.019396
-1.022408e-07	-0.019652
-1.002408e-07	-0.019524
-9.824083e-08	-0.019524
-9.624083e-08	-0.019396
-9.424083e-08	-0.019908
-9.224083e-08	-0.01978
-9.024083e-08	-0.019396
-8.824083e-08	-0.019652
-8.624083e-08	-0.01978
-8.424083e-08	-0.01914
-8.224083e-08	-0.019396
-8.024083e-08	-0.019652
-7.824083e-08	-0.019524
-7.624083e-08	-0.019524
-7.424083e-08	-0.019652
-7.224083e-08	-0.01978
-7.024083e-08	-0.018884
-6.824083e-08	-0.018756
-6.624083e-08	-0.01914
-6.424083e-08	-0.01978
-6.224083e-08	-0.019524
-6.024083e-08	-0.019652
-5.824083e-08	-0.01978
-5.624083e-08	-0.01978
-5.424083e-08	-0.019268
-5.224083e-08	-0.01914
-5.024083e-08	-0.019012
-4.824083e-08	-0.018884
-4.624083e-08	-0.018372
-4.424083e-08	-0.018756
-4.224083e-08	-0.0185
-4.024083e-08	-0.019396
-3.824083e-08	-0.019268
-3.624083e-08	-0.019908
-3.424083e-08	-0.018884
-3.224083e-08	-0.019396
-3.024083e-08	-0.019524
-2.824083e-08	-0.01914
-2.624083e-08	-0.019012
-2.424083e-08	-0.019268
-2.224083e-08	-0.018884
-2.024083e-08	-0.018756
-1.824083e-08	-0.01914
-1.624083e-08	-0.01978
-1.424083e-08	-0.020036
-1.224083e-08	-0.020036
-1.024083e-08	-0.019268
-8.240826e-09	-0.020036
-6.240826e-09	-0.019652
-4.240826e-09	-0.019524
-2.240826e-09	-0.019652
-2.408263e-10	-0.02042
1.759174e-09	-0.020036
3.759174e-09	-0.019908
5.759174e-09	-0.020292
7.759174e-09	-0.020932
9.759174e-09	-0.020932
1.175917e-08	-0.020804
1.375917e-08	-0.021188
1.575917e-08	-0.021188
1.775917e-08	-0.020804
1.975917e-08	-0.020932
2.175917e-08	-0.020932
2.375917e-08	-0.021188
2.575917e-08	-0.021316
2.775917e-08	-0.0217
2.975917e-08	-0.020932
3.175917e-08	-0.021444
3.375917e-08	-0.020932
3.575917e-08	-0.020804
3.775917e-08	-0.020676
3.975917e-08	-0.021828
4.175917e-08	-0.0217
4.375917e-08	-0.022212
4.575917e-08	-0.021444
4.775917e-08	-0.022084
4.975917e-08	-0.021956
5.175917e-08	-0.021572
5.375917e-08	-0.020932
5.575917e-08	-0.021572
5.775917e-08	-0.020932
5.975917e-08	-0.02042
6.175917e-08	-0.019908
6.375917e-08	-0.020804
6.575917e-08	-0.020164
6.775917e-08	-0.019268
6.975917e-08	-0.01914
7.175917e-08	-0.019396
7.375917e-08	-0.01914
7.575917e-08	-0.018756
7.775917e-08	-0.018756
7.975917e-08	-0.019012
8.175917e-08	-0.018884
8.375917e-08	-0.01914
8.575917e-08	-0.01914
8.775917e-08	-0.019524
8.975917e-08	-0.0185
9.175917e-08	-0.019524
9.375917e-08	-0.019524
9.575917e-08	-0.02042
9.775917e-08	-0.019908
9.975917e-08	-0.01914
1.017592e-07	-0.01914
1.037592e-07	-0.019652
1.057592e-07	-0.019524
1.077592e-07	-0.018884
1.097592e-07	-0.019012
1.117592e-07	-0.019524
1.137592e-07	-0.01978
1.157592e-07	-0.01914
1.177592e-07	-0.019396
1.197592e-07	-0.019268
1.217592e-07	-0.019396
1.237592e-07	-0.019396
1.257592e-07	-0.018756
1.277592e-07	-0.019268
1.297592e-07	-0.018756
1.317592e-07	-0.016964
1.337592e-07	-0.012996
1.357592e-07	-0.0057
1.377592e-07	0.008892
1.397592e-07	0.029244
1.417592e-07	0.054972
1.437592e-07	0.083516
1.457592e-07	0.1127
1.477592e-07	0.141244
1.497592e-07	0.169532
1.517592e-07	0.195516
1.537592e-07	0.220732
1.557592e-07	0.244156
1.577592e-07	0.265276
1.597592e-07	0.284604
1.617592e-07	0.30214
1.637592e-07	0.3175
1.657592e-07	0.331196
1.677592e-07	0.342972
1.697592e-07	0.353468
1.717592e-07	0.362172
1.737592e-07	0.369852
1.757592e-07	0.3751
1.777592e-07	0.379836
1.797592e-07	0.38278
1.817592e-07	0.385468
1.837592e-07	0.386492
1.857592e-07	0.387772
1.877592e-07	0.386492
1.897592e-07	0.386364
1.917592e-07	0.38406
1.937592e-07	0.382524
1.957592e-07	0.379068
1.977592e-07	0.375996
1.997592e-07	0.371516
2.017592e-07	0.368316
2.037592e-07	0.363836
2.057592e-07	0.359356
2.077592e-07	0.354364
2.097592e-07	0.349884
2.117592e-07	0.343612
2.137592e-07	0.338236
2.157592e-07	0.332348
2.177592e-07	0.326844
2.197592e-07	0.320572
2.217592e-07	0.315196
2.237592e-07	0.308924
2.257592e-07	0.303548
2.277592e-07	0.297532
2.297592e-07	0.29254
2.317592e-07	0.285244
2.337592e-07	0.278844
2.357592e-07	0.272188
2.377592e-07	0.267068
2.397592e-07	0.260796
2.417592e-07	0.255292
2.437592e-07	0.249532
2.457592e-07	0.244156
2.477592e-07	0.239164
2.497592e-07	0.233404
2.517592e-07	0.228156
2.537592e-07	0.222524
2.557592e-07	0.217532
2.577592e-07	0.212284
2.597592e-07	0.206908
2.617592e-07	0.202172
2.637592e-07	0.197052
2.657592e-07	0.192572
2.677592e-07	0.18758
2.697592e-07	0.1831
2.717592e-07	0.17862
2.737592e-07	0.173756
2.757592e-07	0.169148
2.777592e-07	0.164924
2.797592e-07	0.1607
2.817592e-07	0.15686
2.837592e-07	0.151868
2.857592e-07	0.14854
2.877592e-07	0.144444
2.897592e-07	0.140476
2.917592e-07	0.13766
2.937592e-07	0.133436
2.957592e-07	0.129212
2.977592e-07	0.126268
2.997592e-07	0.122044
3.017592e-07	0.118588
3.037592e-07	0.1159
3.057592e-07	0.112572
3.077592e-07	0.109372
3.097592e-07	0.106684
3.117592e-07	0.103484
3.137592e-07	0.100156
3.157592e-07	0.097084
3.177592e-07	0.094524
3.197592e-07	0.091708
3.217592e-07	0.08902
3.237592e-07	0.08646
3.257592e-07	0.083772
3.277592e-07	0.080956
3.297592e-07	0.078652
3.317592e-07	0.076348
3.337592e-07	0.07366
3.357592e-07	0.0711
3.377592e-07	0.069052
3.397592e-07	0.067516
3.417592e-07	0.065724
3.437592e-07	0.06278
3.457592e-07	0.060988
3.477592e-07	0.058684
3.497592e-07	0.05702
3.517592e-07	0.054972
3.537592e-07	0.05318
3.557592e-07	0.051004
3.577592e-07	0.049596
3.597592e-07	0.04806
3.617592e-07	0.046012
3.637592e-07	0.044476
3.657592e-07	0.043324
3.677592e-07	0.041916
3.697592e-07	0.040636
3.717592e-07	0.038716
3.737592e-07	0.038076
3.757592e-07	0.036028
3.777592e-07	0.035132
3.797592e-07	0.033724
3.817592e-07	0.032828
3.837592e-07	0.031164
3.857592e-07	0.03014
3.877592e-07	0.02822
3.897592e-07	0.027452
3.917592e-07	0.0263
3.937592e-07	0.025916
3.957592e-07	0.024636
3.977592e-07	0.023612
3.997592e-07	0.022588
4.017592e-07	0.02182
4.037592e-07	0.020412
4.057592e-07	0.020156
4.077592e-07	0.01862
4.097592e-07	0.018748
4.117592e-07	0.01798
4.137592e-07	0.01734
4.157592e-07	0.016188
4.177592e-07	0.016188
4.197592e-07	0.015292
4.217592e-07	0.014524
4.237592e-07	0.0135
4.257592e-07	0.012604
4.277592e-07	0.01222
4.297592e-07	0.012092
4.317592e-07	0.011452
4.337592e-07	0.010556
4.357592e-07	0.00966
4.377592e-07	0.009916
4.397592e-07	0.00838
4.417592e-07	0.007612
4.437592e-07	0.0071
4.457592e-07	0.006844
4.477592e-07	0.00646
4.497592e-07	0.005948
4.517592e-07	0.005692
4.537592e-07	0.004284
4.557592e-07	0.004028
4.577592e-07	0.004284
4.597592e-07	0.003004
4.617592e-07	0.003516
4.637592e-07	0.002492
4.657592e-07	0.002492
4.677592e-07	0.002236
4.697592e-07	0.001596
4.717592e-07	0.001084
4.737592e-07	0.000828
4.757592e-07	0.000444
4.777592e-07	0.000444
4.797592e-07	-6.8e-05
4.817592e-07	-0.000452
4.837592e-07	-0.001348
4.857592e-07	-0.002116
4.877592e-07	-0.002244
4.897592e-07	-0.002372
4.917592e-07	-0.002372
4.937592e-07	-0.002628
4.957592e-07	-0.00378
4.977592e-07	-0.00378
4.997592e-07	-0.004292
5.017592e-07	-0.004676
5.037592e-07	-0.00442
5.057592e-07	-0.004932
5.077592e-07	-0.00506
5.097592e-07	-0.005444
5.117592e-07	-0.006084
5.137592e-07	-0.006084
5.157592e-07	-0.0057
5.177592e-07	-0.005828
5.197592e-07	-0.006212
5.217592e-07	-0.006724
5.237592e-07	-0.006852
5.257592e-07	-0.007236
5.277592e-07	-0.007748
5.297592e-07	-0.007748
5.317592e-07	-0.007492
5.337592e-07	-0.007876
5.357592e-07	-0.008388
5.377592e-07	-0.00826
5.397592e-07	-0.008388
5.417592e-07	-0.009156
5.437592e-07	-0.009284
5.457592e-07	-0.00954
5.477592e-07	-0.009668
5.497592e-07	-0.010564
5.517592e-07	-0.01082
5.537592e-07	-0.010948
5.557592e-07	-0.011076
5.577592e-07	-0.011716
5.597592e-07	-0.012484
5.617592e-07	-0.01274
5.637592e-07	-0.012484
5.657592e-07	-0.012996
5.677592e-07	-0.013764
5.697592e-07	-0.012996
5.717592e-07	-0.012996
5.737592e-07	-0.013508
5.757592e-07	-0.013892
5.777592e-07	-0.014276
5.797592e-07	-0.013508
5.817592e-07	-0.013764
5.837592e-07	-0.014916
5.857592e-07	-0.013892
5.877592e-07	-0.013508
5.897592e-07	-0.014148
5.917592e-07	-0.014404
5.937592e-07	-0.014532
5.957592e-07	-0.01402
5.977592e-07	-0.013892
5.997592e-07	-0.014916
6.017592e-07	-0.014404
6.037592e-07	-0.014404
6.057592e-07	-0.013892
6.077592e-07	-0.015428
6.097592e-07	-0.014532
6.117592e-07	-0.01466
6.137592e-07	-0.0153
6.157592e-07	-0.01594
6.177592e-07	-0.015684
6.197592e-07	-0.014532
6.217592e-07	-0.014916
6.237592e-07	-0.015044
6.257592e-07	-0.014788
6.277592e-07	-0.014148
6.297592e-07	-0.013764
6.317592e-07	-0.014788
6.337592e-07	-0.014404
6.357592e-07	-0.01402
6.377592e-07	-0.013892
6.397592e-07	-0.014148
6.417592e-07	-0.01466
6.437592e-07	-0.013892
6.457592e-07	-0.013892
6.477592e-07	-0.014148
6.497592e-07	-0.014532
6.517592e-07	-0.014276
6.537592e-07	-0.014532
6.557592e-07	-0.015044
6.577592e-07	-0.0153
6.597592e-07	-0.01466
6.617592e-07	-0.015556
6.637592e-07	-0.015684
6.657592e-07	-0.015556
6.677592e-07	-0.015428
6.697592e-07	-0.015556
6.717592e-07	-0.016196
6.737592e-07	-0.016068
6.757592e-07	-0.015044
6.777592e-07	-0.015556
6.797592e-07	-0.015428
6.817592e-07	-0.015172
6.837592e-07	-0.015044
6.857592e-07	-0.0153
6.877592e-07	-0.015556
6.897592e-07	-0.01594
6.917592e-07	-0.015172
6.937592e-07	-0.015428
6.957592e-07	-0.015556
6.977592e-07	-0.015172
6.997592e-07	-0.014788
7.017592e-07	-0.015428
7.037592e-07	-0.0153
7.057592e-07	-0.016068
7.077592e-07	-0.015044
7.097592e-07	-0.01594
7.117592e-07	-0.016836
7.137592e-07	-0.016452
7.157592e-07	-0.016068
7.177592e-07	-0.016964
7.197592e-07	-0.017348
7.217592e-07	-0.017476
7.237592e-07	-0.016708
7.257592e-07	-0.017348
7.277592e-07	-0.018244
7.297592e-07	-0.017604
7.317592e-07	-0.016452
7.337592e-07	-0.017732
7.357592e-07	-0.018628
7.377592e-07	-0.018372
7.397592e-07	-0.017348
7.417592e-07	-0.01722
7.437592e-07	-0.017732
7.457592e-07	-0.018116
7.477592e-07	-0.017476
7.497592e-07	-0.018116
7.517592e-07	-0.0185
7.537592e-07	-0.018884
7.557592e-07	-0.018244
7.577592e-07	-0.018628
7.597592e-07	-0.01914
7.617592e-07	-0.018884
7.637592e-07	-0.018756
7.657592e-07	-0.018884
7.677592e-07	-0.019396
7.697592e-07	-0.019268
7.717592e-07	-0.018628
7.737592e-07	-0.019012
7.757592e-07	-0.019396
7.777592e-07	-0.019652
7.797592e-07	-0.019012
7.817592e-07	-0.019012
7.837592e-07	-0.019012
7.857592e-07	-0.018884
7.877592e-07	-0.017604
7.897592e-07	-0.017092
7.917592e-07	-0.017732
7.937592e-07	-0.017092
7.957592e-07	-0.016836
7.977592e-07	-0.017348
7.997592e-07	-0.01722
8.017592e-07	-0.016836
8.037592e-07	-0.016068
8.057592e-07	-0.016196
8.077592e-07	-0.016452
8.097592e-07	-0.016836
8.117592e-07	-0.016196
8.137592e-07	-0.016068
8.157592e-07	-0.01722
8.177592e-07	-0.017092
8.197592e-07	-0.016836
8.217592e-07	-0.016964
8.237592e-07	-0.017732
8.257592e-07	-0.017988
8.277592e-07	-0.018116
8.297592e-07	-0.018244
8.317592e-07	-0.018116
8.337592e-07	-0.0185
8.357592e-07	-0.01786
8.377592e-07	-0.018116
8.397592e-07	-0.018628
8.417592e-07	-0.019012
8.437592e-07	-0.01914
8.457592e-07	-0.019396
8.477592e-07	-0.020164
8.497592e-07	-0.019396
8.517592e-07	-0.019396
8.537592e-07	-0.019652
8.557592e-07	-0.020164
8.577592e-07	-0.020036
8.597592e-07	-0.019652
8.617592e-07	-0.01914
8.637592e-07	-0.019908
8.657592e-07	-0.019396
8.677592e-07	-0.019012
8.697592e-07	-0.019268
8.717592e-07	-0.020036
8.737592e-07	-0.01914
8.757592e-07	-0.019396
8.777592e-07	-0.019396
8.797592e-07	-0.019396
8.817592e-07	-0.020036
8.837592e-07	-0.019652
8.857592e-07	-0.019012
8.877592e-07	-0.01914
8.897592e-07	-0.019524
8.917592e-07	-0.01914
8.937592e-07	-0.01978
8.957592e-07	-0.019396
8.977592e-07	-0.019524
8.997592e-07	-0.0185
9.017592e-07	-0.01914
9.037592e-07	-0.019908
9.057592e-07	-0.01914
9.077592e-07	-0.019652
9.097592e-07	-0.020164
9.117592e-07	-0.020164
9.137592e-07	-0.019524
9.157592e-07	-0.01978
9.177592e-07	-0.019652
9.197592e-07	-0.019652
9.217592e-07	-0.019524
9.237592e-07	-0.019396
9.257592e-07	-0.019524
9.277592e-07	-0.020548
9.297592e-07	-0.020036
9.317592e-07	-0.02042
9.337592e-07	-0.020164
9.357592e-07	-0.02042
9.377592e-07	-0.020292
9.397592e-07	-0.020036
9.417592e-07	-0.01978
9.437592e-07	-0.020804
9.457592e-07	-0.020676
9.477592e-07	-0.020292
9.497592e-07	-0.020932
9.517592e-07	-0.020804
9.537592e-07	-0.020676
9.557592e-07	-0.019908
9.577592e-07	-0.019524
9.597592e-07	-0.020164
9.617592e-07	-0.019652
9.637592e-07	-0.019268
9.657592e-07	-0.019396
9.677592e-07	-0.019396
9.697592e-07	-0.01914
9.717592e-07	-0.019268
9.737592e-07	-0.018628
9.757592e-07	-0.018884
9.777592e-07	-0.0185
9.797592e-07	-0.01786
9.817592e-07	-0.017604
9.837592e-07	-0.0185
9.857592e-07	-0.018244
9.877592e-07	-0.017732
9.897592e-07	-0.018116
9.917592e-07	-0.018756
9.937592e-07	-0.018116
9.957592e-07	-0.017988
9.977592e-07	-0.017732
9.997592e-07	-0.017988
1.001759e-06	-0.01786
1.003759e-06	-0.017732
1.005759e-06	-0.017732
1.007759e-06	-0.018628
1.009759e-06	-0.018372
1.011759e-06	-0.01722
1.013759e-06	-0.01786
1.015759e-06	-0.017476
1.017759e-06	-0.01786
1.019759e-06	-0.017092
1.021759e-06	-0.017732
1.023759e-06	-0.018244
1.025759e-06	-0.01786
1.027759e-06	-0.017476
1.029759e-06	-0.017348
1.031759e-06	-0.017988
1.033759e-06	-0.018244
1.035759e-06	-0.018116
1.037759e-06	-0.018116
1.039759e-06	-0.018244
1.041759e-06	-0.018116
1.043759e-06	-0.017732
1.045759e-06	-0.018244
1.047759e-06	-0.018116
1.049759e-06	-0.018116
1.051759e-06	-0.017732
1.053759e-06	-0.0185
1.055759e-06	-0.018244
1.057759e-06	-0.018372
1.059759e-06	-0.017988
1.061759e-06	-0.018628
1.063759e-06	-0.019396
1.065759e-06	-0.018884
1.067759e-06	-0.018756
1.069759e-06	-0.019012
1.071759e-06	-0.018756
1.073759e-06	-0.018116
1.075759e-06	-0.018628
1.077759e-06	-0.018372
1.079759e-06	-0.018756
1.081759e-06	-0.018628
1.083759e-06	-0.018372
1.085759e-06	-0.018756
1.087759e-06	-0.019652
1.089759e-06	-0.019268
1.091759e-06	-0.019012
1.093759e-06	-0.018756
1.095759e-06	-0.01914
1.097759e-06	-0.019012
1.099759e-06	-0.018884
1.101759e-06	-0.018372
1.103759e-06	-0.018884
1.105759e-06	-0.018628
1.107759e-06	-0.018116
1.109759e-06	-0.018116
1.111759e-06	-0.018756
1.113759e-06	-0.018756
1.115759e-06	-0.0185
1.117759e-06	-0.018244
1.119759e-06	-0.018884
1.121759e-06	-0.018756
1.123759e-06	-0.0185
1.125759e-06	-0.018244
1.127759e-06	-0.0185
1.129759e-06	-0.018372
1.131759e-06	-0.017732
1.133759e-06	-0.017988
1.135759e-06	-0.0185
1.137759e-06	-0.018628
1.139759e-06	-0.0185
1.141759e-06	-0.019012
1.143759e-06	-0.019268
1.145759e-06	-0.019012
1.147759e-06	-0.018628
1.149759e-06	-0.01914
1.151759e-06	-0.019524
1.153759e-06	-0.019396
1.155759e-06	-0.018884
1.157759e-06	-0.018884
1.159759e-06	-0.019268
1.161759e-06	-0.019268
1.163759e-06	-0.018628
1.165759e-06	-0.019268
1.167759e-06	-0.019268
1.169759e-06	-0.019268
1.171759e-06	-0.018116
1.173759e-06	-0.018628
1.175759e-06	-0.0185
1.177759e-06	-0.018628
1.179759e-06	-0.017604
1.181759e-06	-0.017732
1.183759e-06	-0.0185
1.185759e-06	-0.018372
1.187759e-06	-0.017604
1.189759e-06	-0.01786
1.191759e-06	-0.018244
1.193759e-06	-0.018628
1.195759e-06	-0.017476
1.197759e-06	-0.018756
1.199759e-06	-0.019012
1.201759e-06	-0.01914
1.203759e-06	-0.018372
1.205759e-06	-0.018628
1.207759e-06	-0.019012
1.209759e-06	-0.018756
1.211759e-06	-0.018372
1.213759e-06	-0.018628
1.215759e-06	-0.019268
1.217759e-06	-0.018756
1.219759e-06	-0.018884
1.221759e-06	-0.018756
1.223759e-06	-0.019012
1.225759e-06	-0.018884
1.227759e-06	-0.018116
1.229759e-06	-0.018628
1.231759e-06	-0.019268
1.233759e-06	-0.01914
1.235759e-06	-0.0185
1.237759e-06	-0.018756
1.239759e-06	-0.020036
1.241759e-06	-0.019396
1.243759e-06	-0.019012
1.245759e-06	-0.019012
1.247759e-06	-0.01914
1.249759e-06	-0.019268
1.251759e-06	-0.018884
1.253759e-06	-0.019524
1.255759e-06	-0.019908
1.257759e-06	-0.01914
1.259759e-06	-0.0185
1.261759e-06	-0.01914
1.263759e-06	-0.01978
1.265759e-06	-0.01978
1.267759e-06	-0.019524
1.269759e-06	-0.019908
1.271759e-06	-0.019908
1.273759e-06	-0.019908
1.275759e-06	-0.019524
1.277759e-06	-0.020036
1.279759e-06	-0.020036
1.281759e-06	-0.019908
1.283759e-06	-0.019908
1.285759e-06	-0.01978
1.287759e-06	-0.020164
1.289759e-06	-0.020036
1.291759e-06	-0.019908
1.293759e-06	-0.020164
1.295759e-06	-0.020292
1.297759e-06	-0.020164
1.299759e-06	-0.019012
1.301759e-06	-0.020292
1.303759e-06	-0.02042
1.305759e-06	-0.020164
1.307759e-06	-0.019908
1.309759e-06	-0.01978
1.311759e-06	-0.020292
1.313759e-06	-0.020164
1.315759e-06	-0.020292
1.317759e-06	-0.019524
1.319759e-06	-0.020548
1.321759e-06	-0.020292
1.323759e-06	-0.019908
1.325759e-06	-0.01978
1.327759e-06	-0.020548
1.329759e-06	-0.020292
1.331759e-06	-0.020036
1.333759e-06	-0.020164
1.335759e-06	-0.020292
1.337759e-06	-0.020804
1.339759e-06	-0.020932
1.341759e-06	-0.020932
1.343759e-06	-0.020804
1.345759e-06	-0.02042
1.347759e-06	-0.020164
1.349759e-06	-0.020292
1.351759e-06	-0.020292
1.353759e-06	-0.020292
1.355759e-06	-0.01978
1.357759e-06	-0.019268
1.359759e-06	-0.019908
1.361759e-06	-0.019908
1.363759e-06	-0.0185
1.365759e-06	-0.019012
1.367759e-06	-0.01914
1.369759e-06	-0.019524
1.371759e-06	-0.018884
1.373759e-06	-0.019268
1.375759e-06	-0.020164
1.377759e-06	-0.019908
1.379759e-06	-0.019652
1.381759e-06	-0.020036
1.383759e-06	-0.020292
1.385759e-06	-0.020676
1.387759e-06	-0.021188
1.389759e-06	-0.020676
1.391759e-06	-0.02106
1.393759e-06	-0.020932
1.395759e-06	-0.020036
1.397759e-06	-0.020676
1.399759e-06	-0.021188
1.401759e-06	-0.020676
1.403759e-06	-0.02042
1.405759e-06	-0.021444
1.407759e-06	-0.021188
1.409759e-06	-0.020548
1.411759e-06	-0.020548
1.413759e-06	-0.020676
1.415759e-06	-0.021188
1.417759e-06	-0.020804
1.419759e-06	-0.020292
1.421759e-06	-0.020292
1.423759e-06	-0.020292
1.425759e-06	-0.02042
1.427759e-06	-0.020164
1.429759e-06	-0.019908
1.431759e-06	-0.020548
1.433759e-06	-0.019652
1.435759e-06	-0.019524
1.437759e-06	-0.019268
1.439759e-06	-0.019268
1.441759e-06	-0.019268
1.443759e-06	-0.0185
1.445759e-06	-0.018756
1.447759e-06	-0.018628
1.449759e-06	-0.018372
1.451759e-06	-0.018244
1.453759e-06	-0.018628
1.455759e-06	-0.018756
1.457759e-06	-0.018756
1.459759e-06	-0.0185
1.461759e-06	-0.0185
1.463759e-06	-0.019396
1.465759e-06	-0.019524
1.467759e-06	-0.019396
1.469759e-06	-0.019396
1.471759e-06	-0.020164
1.473759e-06	-0.01978
1.475759e-06	-0.019268
1.477759e-06	-0.01914
1.479759e-06	-0.019908
1.481759e-06	-0.019268
1.483759e-06	-0.019012
1.485759e-06	-0.019012
1.487759e-06	-0.019652
1.489759e-06	-0.019396
1.491759e-06	-0.0185
1.493759e-06	-0.01914
1.495759e-06	-0.019396
1.497759e-06	-0.01978
1.499759e-06	-0.019908
1.501759e-06	-0.019652
1.503759e-06	-0.020164
1.505759e-06	-0.020548
1.507759e-06	-0.01978
1.509759e-06	-0.020164
1.511759e-06	-0.020548
1.513759e-06	-0.020164
1.515759e-06	-0.020036
1.517759e-06	-0.02042
1.519759e-06	-0.020932
1.521759e-06	-0.02042
1.523759e-06	-0.019908
1.525759e-06	-0.020164
1.527759e-06	-0.020292
1.529759e-06	-0.01978
1.531759e-06	-0.020036
1.533759e-06	-0.020036
1.535759e-06	-0.020676
1.537759e-06	-0.020036
1.539759e-06	-0.019908
1.541759e-06	-0.019524
1.543759e-06	-0.02042
1.545759e-06	-0.020292
1.547759e-06	-0.019908
1.549759e-06	-0.020164
1.551759e-06	-0.020676
1.553759e-06	-0.020676
1.555759e-06	-0.019524
1.557759e-06	-0.020036
1.559759e-06	-0.020292
1.561759e-06	-0.020292
1.563759e-06	-0.020164
1.565759e-06	-0.01978
1.567759e-06	-0.020164
1.569759e-06	-0.019908
1.571759e-06	-0.019524
1.573759e-06	-0.020292
1.575759e-06	-0.02042
1.577759e-06	-0.020292
1.579759e-06	-0.01914
1.581759e-06	-0.019524
1.583759e-06	-0.019908
1.585759e-06	-0.020164
1.587759e-06	-0.01978
1.589759e-06	-0.019908
1.591759e-06	-0.020548
1.593759e-06	-0.02042
1.595759e-06	-0.020292
1.597759e-06	-0.019908
1.599759e-06	-0.020548
1.601759e-06	-0.02042
1.603759e-06	-0.020036
1.605759e-06	-0.020548
1.607759e-06	-0.020804
1.609759e-06	-0.020676
1.611759e-06	-0.019908
1.613759e-06	-0.020036
1.615759e-06	-0.020292
1.617759e-06	-0.020164
1.619759e-06	-0.020548
1.621759e-06	-0.020292
1.623759e-06	-0.020676
1.625759e-06	-0.020804
1.627759e-06	-0.02042
1.629759e-06	-0.02042
1.631759e-06	-0.020676
1.633759e-06	-0.020804
1.635759e-06	-0.020932
1.637759e-06	-0.020676
1.639759e-06	-0.020932
1.641759e-06	-0.020932
1.643759e-06	-0.020676
1.645759e-06	-0.021444
1.647759e-06	-0.021828
1.649759e-06	-0.021444
1.651759e-06	-0.021188
1.653759e-06	-0.021188
1.655759e-06	-0.021828
1.657759e-06	-0.02234
1.659759e-06	-0.021572
1.661759e-06	-0.0217
1.663759e-06	-0.021956
1.665759e-06	-0.0217
1.667759e-06	-0.0217
1.669759e-06	-0.021956
1.671759e-06	-0.021828
1.673759e-06	-0.021828
1.675759e-06	-0.022084
1.677759e-06	-0.021828
1.679759e-06	-0.02234
1.681759e-06	-0.02234
1.683759e-06	-0.02234
1.685759e-06	-0.022212
1.687759e-06	-0.02234
1.689759e-06	-0.022084
1.691759e-06	-0.021828
1.693759e-06	-0.021316
1.695759e-06	-0.022212
1.697759e-06	-0.021828
1.699759e-06	-0.021188
1.701759e-06	-0.021316
1.703759e-06	-0.022212
1.705759e-06	-0.022596
1.707759e-06	-0.022468
1.709759e-06	-0.022084
1.711759e-06	-0.022084
1.713759e-06	-0.021956
1.715759e-06	-0.02106
1.717759e-06	-0.021188
1.719759e-06	-0.021444
1.721759e-06	-0.021572
1.723759e-06	-0.02106
1.725759e-06	-0.02042
1.727759e-06	-0.020676
1.729759e-06	-0.020036
1.731759e-06	-0.020548
1.733759e-06	-0.020676
1.735759e-06	-0.02042
1.737759e-06	-0.020804
1.739759e-06	-0.02042
1.741759e-06	-0.020804
1.743759e-06	-0.020548
1.745759e-06	-0.02042
1.747759e-06	-0.020804
1.749759e-06	-0.020804
1.751759e-06	-0.020804
1.753759e-06	-0.020804
1.755759e-06	-0.021188
1.757759e-06	-0.02106
1.759759e-06	-0.020548
1.761759e-06	-0.020292
1.763759e-06	-0.02042
1.765759e-06	-0.020804
1.767759e-06	-0.020804
1.769759e-06	-0.020676
1.771759e-06	-0.019652
1.773759e-06	-0.020292
1.775759e-06	-0.020676
1.777759e-06	-0.020548
1.779759e-06	-0.020292
1.781759e-06	-0.01978
1.783759e-06	-0.020036
1.785759e-06	-0.020804
1.787759e-06	-0.020164
1.789759e-06	-0.020164
1.791759e-06	-0.020164
1.793759e-06	-0.020164
1.795759e-06	-0.020036
1.797759e-06	-0.019652
1.799759e-06	-0.01978
1.801759e-06	-0.020036
1.803759e-06	-0.02042
1.805759e-06	-0.020676
1.807759e-06	-0.020804
1.809759e-06	-0.020548
1.811759e-06	-0.02042
1.813759e-06	-0.01978
1.815759e-06	-0.020676
1.817759e-06	-0.019908
1.819759e-06	-0.019908
1.821759e-06	-0.01978
1.823759e-06	-0.019396
1.825759e-06	-0.01914
1.827759e-06	-0.019396
1.829759e-06	-0.01978
1.831759e-06	-0.020548
1.833759e-06	-0.019908
1.835759e-06	-0.01914
1.837759e-06	-0.019524
1.839759e-06	-0.019652
1.841759e-06	-0.019524
1.843759e-06	-0.018628
1.845759e-06	-0.018756
1.847759e-06	-0.01914
1.849759e-06	-0.018372
1.851759e-06	-0.018244
1.853759e-06	-0.018244
1.855759e-06	-0.018628
1.857759e-06	-0.0185
1.859759e-06	-0.018628
1.861759e-06	-0.0185
1.863759e-06	-0.018372
1.865759e-06	-0.018244
1.867759e-06	-0.017092
1.869759e-06	-0.01722
1.871759e-06	-0.01722
1.873759e-06	-0.01722
1.875759e-06	-0.016196
1.877759e-06	-0.01594
1.879759e-06	-0.016068
1.881759e-06	-0.016068
1.883759e-06	-0.015172
1.885759e-06	-0.0153
1.887759e-06	-0.015556
1.889759e-06	-0.014788
1.891759e-06	-0.014276
1.893759e-06	-0.014148
1.895759e-06	-0.015044
1.897759e-06	-0.014404
1.899759e-06	-0.01338
1.901759e-06	-0.014148
1.903759e-06	-0.01402
1.905759e-06	-0.01402
1.907759e-06	-0.013764
1.909759e-06	-0.013636
1.911759e-06	-0.013892
1.913759e-06	-0.013508
1.915759e-06	-0.013252
1.917759e-06	-0.01402
1.919759e-06	-0.012996
1.921759e-06	-0.013508
1.923759e-06	-0.013124
1.925759e-06	-0.013764
1.927759e-06	-0.014532
1.929759e-06	-0.014532
1.931759e-06	-0.01338
1.933759e-06	-0.014148
1.935759e-06	-0.015044
1.937759e-06	-0.0153
1.939759e-06	-0.01466
1.941759e-06	-0.014916
1.943759e-06	-0.015428
1.945759e-06	-0.015684
1.947759e-06	-0.0153
1.949759e-06	-0.015812
1.951759e-06	-0.01594
1.953759e-06	-0.01658
1.955759e-06	-0.016196
1.957759e-06	-0.01594
1.959759e-06	-0.016452
1.961759e-06	-0.01722
1.963759e-06	-0.016196
1.965759e-06	-0.016452
1.967759e-06	-0.017092
1.969759e-06	-0.01722
1.971759e-06	-0.016708
1.973759e-06	-0.016964
1.975759e-06	-0.017348
1.977759e-06	-0.01722
1.979759e-06	-0.016452
1.981759e-06	-0.01722
1.983759e-06	-0.018116
1.985759e-06	-0.01786
1.987759e-06	-0.017348
1.989759e-06	-0.018116
1.991759e-06	-0.018756
1.993759e-06	-0.018628
1.995759e-06	-0.018372
1.997759e-06	-0.018372
1.999759e-06	-0.019396
2.001759e-06	-0.019396
2.003759e-06	-0.018244
2.005759e-06	-0.018116
2.007759e-06	-0.018628
2.009759e-06	-0.018628
2.011759e-06	-0.01786
2.013759e-06	-0.018372
2.015759e-06	-0.018884
2.017759e-06	-0.01786
2.019759e-06	-0.017476
2.021759e-06	-0.018244
2.023759e-06	-0.017732
2.025759e-06	-0.017988
2.027759e-06	-0.018372
2.029759e-06	-0.019012
2.031759e-06	-0.018756
2.033759e-06	-0.018884
2.035759e-06	-0.018756
2.037759e-06	-0.019524
2.039759e-06	-0.020036
2.041759e-06	-0.01978
2.043759e-06	-0.020036
2.045759e-06	-0.020548
2.047759e-06	-0.02042
2.049759e-06	-0.01978
2.051759e-06	-0.019396
2.053759e-06	-0.01978
2.055759e-06	-0.020036
2.057759e-06	-0.019652
2.059759e-06	-0.018884
2.061759e-06	-0.019012
2.063759e-06	-0.01914
2.065759e-06	-0.019652
2.067759e-06	-0.01914
2.069759e-06	-0.01914
2.071759e-06	-0.019396
2.073759e-06	-0.019396
2.075759e-06	-0.019268
2.077759e-06	-0.018628
2.079759e-06	-0.018756
2.081759e-06	-0.018372
2.083759e-06	-0.017732
2.085759e-06	-0.017732
2.087759e-06	-0.017988
2.089759e-06	-0.017732
2.091759e-06	-0.017348
2.093759e-06	-0.017732
2.095759e-06	-0.01786
2.097759e-06	-0.017604
2.099759e-06	-0.01722
2.101759e-06	-0.01722
2.103759e-06	-0.01786
2.105759e-06	-0.017988
2.107759e-06	-0.01722
2.109759e-06	-0.018116
2.111759e-06	-0.01786
2.113759e-06	-0.018116
2.115759e-06	-0.017348
2.117759e-06	-0.018116
2.119759e-06	-0.01786
2.121759e-06	-0.017988
2.123759e-06	-0.017092
2.125759e-06	-0.01722
2.127759e-06	-0.01786
2.129759e-06	-0.018244
2.131759e-06	-0.017348
2.133759e-06	-0.016836
2.135759e-06	-0.017732
2.137759e-06	-0.018116
2.139759e-06	-0.017476
2.141759e-06	-0.018372
2.143759e-06	-0.018628
2.145759e-06	-0.01914
2.147759e-06	-0.017732
2.149759e-06	-0.0185
2.151759e-06	-0.018628
2.153759e-06	-0.0185
2.155759e-06	-0.018244
2.157759e-06	-0.018372
2.159759e-06	-0.019012
2.161759e-06	-0.018756
2.163759e-06	-0.018244
2.165759e-06	-0.017732
2.167759e-06	-0.018244
2.169759e-06	-0.018628
2.171759e-06	-0.018244
2.173759e-06	-0.018628
2.175759e-06	-0.0185
2.177759e-06	-0.018244
2.179759e-06	-0.01786
2.181759e-06	-0.017988
2.183759e-06	-0.018884
2.185759e-06	-0.018628
2.187759e-06	-0.018756
2.189759e-06	-0.018884
2.191759e-06	-0.01914
2.193759e-06	-0.018884
2.195759e-06	-0.018628
2.197759e-06	-0.019012
2.199759e-06	-0.019268
2.201759e-06	-0.018884
2.203759e-06	-0.019396
2.205759e-06	-0.019012
2.207759e-06	-0.019396
2.209759e-06	-0.018884
2.211759e-06	-0.019396
2.213759e-06	-0.019012
2.215759e-06	-0.018884
2.217759e-06	-0.0185
2.219759e-06	-0.018372
2.221759e-06	-0.018628
2.223759e-06	-0.019268
2.225759e-06	-0.0185
2.227759e-06	-0.01786
2.229759e-06	-0.019268
2.231759e-06	-0.019908
2.233759e-06	-0.019524
2.235759e-06	-0.018884
2.237759e-06	-0.018884
2.239759e-06	-0.019524
2.241759e-06	-0.01914
2.243759e-06	-0.019268
2.245759e-06	-0.019012
2.247759e-06	-0.01914
2.249759e-06	-0.019012
2.251759e-06	-0.018244
2.253759e-06	-0.019012
2.255759e-06	-0.019396
2.257759e-06	-0.020036
2.259759e-06	-0.019524
2.261759e-06	-0.019524
2.263759e-06	-0.020036
2.265759e-06	-0.019652
2.267759e-06	-0.01914
2.269759e-06	-0.019524
2.271759e-06	-0.020036
2.273759e-06	-0.020164
2.275759e-06	-0.020164
2.277759e-06	-0.02042
2.279759e-06	-0.020932
2.281759e-06	-0.02042
2.283759e-06	-0.02042
2.285759e-06	-0.020292
2.287759e-06	-0.02106
2.289759e-06	-0.02042
2.291759e-06	-0.019524
2.293759e-06	-0.020164
2.295759e-06	-0.019652
2.297759e-06	-0.01978
2.299759e-06	-0.019396
2.301759e-06	-0.018884
2.303759e-06	-0.019012
2.305759e-06	-0.0185
2.307759e-06	-0.018628
2.309759e-06	-0.0185
2.311759e-06	-0.01914
2.313759e-06	-0.01914
2.315759e-06	-0.018116
2.317759e-06	-0.018756
2.319759e-06	-0.018756
2.321759e-06	-0.0185
2.323759e-06	-0.018116
2.325759e-06	-0.017988
2.327759e-06	-0.017476
2.329759e-06	-0.01786
2.331759e-06	-0.016964
2.333759e-06	-0.016964
2.335759e-06	-0.018372
2.337759e-06	-0.018372
2.339759e-06	-0.017732
2.341759e-06	-0.0185
2.343759e-06	-0.019012
2.345759e-06	-0.018756
2.347759e-06	-0.018756
2.349759e-06	-0.019012
2.351759e-06	-0.019268
2.353759e-06	-0.018884
2.355759e-06	-0.018884
2.357759e-06	-0.019012
2.359759e-06	-0.01914
2.361759e-06	-0.018628
2.363759e-06	-0.018372
2.365759e-06	-0.019012
2.367759e-06	-0.018628
2.369759e-06	-0.018628
2.371759e-06	-0.018116
2.373759e-06	-0.01914
2.375759e-06	-0.019268
2.377759e-06	-0.019396
2.379759e-06	-0.018628
2.381759e-06	-0.0185
2.383759e-06	-0.018756
2.385759e-06	-0.01914
2.387759e-06	-0.018372
2.389759e-06	-0.01914
2.391759e-06	-0.019396
2.393759e-06	-0.019652
2.395759e-06	-0.01914
2.397759e-06	-0.019524
2.399759e-06	-0.01914
2.401759e-06	-0.018884
2.403759e-06	-0.018116
2.405759e-06	-0.0185
2.407759e-06	-0.018884
2.409759e-06	-0.018756
2.411759e-06	-0.017988
2.413759e-06	-0.017732
2.415759e-06	-0.018628
2.417759e-06	-0.017604
2.419759e-06	-0.017988
2.421759e-06	-0.017476
2.423759e-06	-0.018756
2.425759e-06	-0.0185
2.427759e-06	-0.01786
2.429759e-06	-0.01786
2.431759e-06	-0.017988
2.433759e-06	-0.018116
2.435759e-06	-0.01786
2.437759e-06	-0.0185
2.439759e-06	-0.018628
2.441759e-06	-0.018884
2.443759e-06	-0.018756
2.445759e-06	-0.018372
2.447759e-06	-0.018628
2.449759e-06	-0.018884
2.451759e-06	-0.018756
2.453759e-06	-0.018884
2.455759e-06	-0.018756
2.457759e-06	-0.0185
2.459759e-06	-0.018372
2.461759e-06	-0.017732
2.463759e-06	-0.017476
2.465759e-06	-0.017604
2.467759e-06	-0.016836
2.469759e-06	-0.016452
2.471759e-06	-0.016452
2.473759e-06	-0.01594
2.475759e-06	-0.0153
2.477759e-06	-0.015684
2.479759e-06	-0.016196
2.481759e-06	-0.0153
2.483759e-06	-0.014788
2.485759e-06	-0.015172
2.487759e-06	-0.014916
2.489759e-06	-0.014916
2.491759e-06	-0.014788
2.493759e-06	-0.014532
2.495759e-06	-0.01466
2.497759e-06	-0.014404
2.499759e-06	-0.014532
2.501759e-06	-0.014276
2.503759e-06	-0.014404
2.505759e-06	-0.014532
2.507759e-06	-0.01402
2.509759e-06	-0.013892
2.511759e-06	-0.014148
