LECROYHDO6104A	50809	Waveform
Segments	1	SegmentSize	2502
Segment	TrigTime	TimeSinceSegment1
#1	19-Dec-2022 19:23:24	0                 
Time	Ampl
-2.491412e-06	-0.02144
-2.489412e-06	-0.021572
-2.487412e-06	-0.021308
-2.485412e-06	-0.020978
-2.483412e-06	-0.021176
-2.481412e-06	-0.02111
-2.479412e-06	-0.02045
-2.477412e-06	-0.020582
-2.475412e-06	-0.020714
-2.473412e-06	-0.020978
-2.471412e-06	-0.020582
-2.469412e-06	-0.020318
-2.467412e-06	-0.020186
-2.465412e-06	-0.02045
-2.463412e-06	-0.02078
-2.461412e-06	-0.020714
-2.459412e-06	-0.02012
-2.457412e-06	-0.020054
-2.455412e-06	-0.02045
-2.453412e-06	-0.02045
-2.451412e-06	-0.02012
-2.449412e-06	-0.019856
-2.447412e-06	-0.01979
-2.445412e-06	-0.020384
-2.443412e-06	-0.020318
-2.441412e-06	-0.019856
-2.439412e-06	-0.019922
-2.437412e-06	-0.020516
-2.435412e-06	-0.021176
-2.433412e-06	-0.020912
-2.431412e-06	-0.020648
-2.429412e-06	-0.02012
-2.427412e-06	-0.020582
-2.425412e-06	-0.02078
-2.423412e-06	-0.020054
-2.421412e-06	-0.020252
-2.419412e-06	-0.02045
-2.417412e-06	-0.020384
-2.415412e-06	-0.020384
-2.413412e-06	-0.020582
-2.411412e-06	-0.020384
-2.409412e-06	-0.020318
-2.407412e-06	-0.020714
-2.405412e-06	-0.020648
-2.403412e-06	-0.020714
-2.401412e-06	-0.020516
-2.399412e-06	-0.020582
-2.397412e-06	-0.021242
-2.395412e-06	-0.021044
-2.393412e-06	-0.020978
-2.391412e-06	-0.020978
-2.389412e-06	-0.02111
-2.387412e-06	-0.02177
-2.385412e-06	-0.021902
-2.383412e-06	-0.021968
-2.381412e-06	-0.021902
-2.379412e-06	-0.022628
-2.377412e-06	-0.022694
-2.375412e-06	-0.022892
-2.373412e-06	-0.022892
-2.371412e-06	-0.023486
-2.369412e-06	-0.02375
-2.367412e-06	-0.023618
-2.365412e-06	-0.023156
-2.363412e-06	-0.023618
-2.361412e-06	-0.02375
-2.359412e-06	-0.023486
-2.357412e-06	-0.02375
-2.355412e-06	-0.024278
-2.353412e-06	-0.024278
-2.351412e-06	-0.02441
-2.349412e-06	-0.024146
-2.347412e-06	-0.024146
-2.345412e-06	-0.023948
-2.343412e-06	-0.02375
-2.341412e-06	-0.023552
-2.339412e-06	-0.023486
-2.337412e-06	-0.02342
-2.335412e-06	-0.023552
-2.333412e-06	-0.023552
-2.331412e-06	-0.023486
-2.329412e-06	-0.022958
-2.327412e-06	-0.022958
-2.325412e-06	-0.02243
-2.323412e-06	-0.022628
-2.321412e-06	-0.022496
-2.319412e-06	-0.02243
-2.317412e-06	-0.022562
-2.315412e-06	-0.022694
-2.313412e-06	-0.02276
-2.311412e-06	-0.022958
-2.309412e-06	-0.022562
-2.307412e-06	-0.022364
-2.305412e-06	-0.022562
-2.303412e-06	-0.022496
-2.301412e-06	-0.0221
-2.299412e-06	-0.022232
-2.297412e-06	-0.022364
-2.295412e-06	-0.02243
-2.293412e-06	-0.021968
-2.291412e-06	-0.021572
-2.289412e-06	-0.021506
-2.287412e-06	-0.020978
-2.285412e-06	-0.021044
-2.283412e-06	-0.020582
-2.281412e-06	-0.020978
-2.279412e-06	-0.020714
-2.277412e-06	-0.020648
-2.275412e-06	-0.020582
-2.273412e-06	-0.020582
-2.271412e-06	-0.020912
-2.269412e-06	-0.020846
-2.267412e-06	-0.020912
-2.265412e-06	-0.02078
-2.263412e-06	-0.02045
-2.261412e-06	-0.02045
-2.259412e-06	-0.02045
-2.257412e-06	-0.020054
-2.255412e-06	-0.019856
-2.253412e-06	-0.019856
-2.251412e-06	-0.020054
-2.249412e-06	-0.020516
-2.247412e-06	-0.020516
-2.245412e-06	-0.020054
-2.243412e-06	-0.019988
-2.241412e-06	-0.020318
-2.239412e-06	-0.020252
-2.237412e-06	-0.019856
-2.235412e-06	-0.01946
-2.233412e-06	-0.019262
-2.231412e-06	-0.018998
-2.229412e-06	-0.019064
-2.227412e-06	-0.019262
-2.225412e-06	-0.019592
-2.223412e-06	-0.019328
-2.221412e-06	-0.019394
-2.219412e-06	-0.019724
-2.217412e-06	-0.019856
-2.215412e-06	-0.01979
-2.213412e-06	-0.02012
-2.211412e-06	-0.020318
-2.209412e-06	-0.02078
-2.207412e-06	-0.020714
-2.205412e-06	-0.020846
-2.203412e-06	-0.02078
-2.201412e-06	-0.02111
-2.199412e-06	-0.02111
-2.197412e-06	-0.021044
-2.195412e-06	-0.02144
-2.193412e-06	-0.021176
-2.191412e-06	-0.021044
-2.189412e-06	-0.02111
-2.187412e-06	-0.021176
-2.185412e-06	-0.02177
-2.183412e-06	-0.021968
-2.181412e-06	-0.02111
-2.179412e-06	-0.021044
-2.177412e-06	-0.020846
-2.175412e-06	-0.020978
-2.173412e-06	-0.020648
-2.171412e-06	-0.02078
-2.169412e-06	-0.020318
-2.167412e-06	-0.020582
-2.165412e-06	-0.020582
-2.163412e-06	-0.020318
-2.161412e-06	-0.02012
-2.159412e-06	-0.020054
-2.157412e-06	-0.019988
-2.155412e-06	-0.01979
-2.153412e-06	-0.019724
-2.151412e-06	-0.019922
-2.149412e-06	-0.019856
-2.147412e-06	-0.01946
-2.145412e-06	-0.019658
-2.143412e-06	-0.01946
-2.141412e-06	-0.019394
-2.139412e-06	-0.019658
-2.137412e-06	-0.019988
-2.135412e-06	-0.019856
-2.133412e-06	-0.019988
-2.131412e-06	-0.019724
-2.129412e-06	-0.019658
-2.127412e-06	-0.019922
-2.125412e-06	-0.019856
-2.123412e-06	-0.020054
-2.121412e-06	-0.01979
-2.119412e-06	-0.019988
-2.117412e-06	-0.019724
-2.115412e-06	-0.01946
-2.113412e-06	-0.019526
-2.111412e-06	-0.019196
-2.109412e-06	-0.019064
-2.107412e-06	-0.018734
-2.105412e-06	-0.018932
-2.103412e-06	-0.018536
-2.101412e-06	-0.018734
-2.099412e-06	-0.01847
-2.097412e-06	-0.018272
-2.095412e-06	-0.017942
-2.093412e-06	-0.018008
-2.091412e-06	-0.017744
-2.089412e-06	-0.017546
-2.087412e-06	-0.017678
-2.085412e-06	-0.01748
-2.083412e-06	-0.01748
-2.081412e-06	-0.01748
-2.079412e-06	-0.017216
-2.077412e-06	-0.01715
-2.075412e-06	-0.017414
-2.073412e-06	-0.017678
-2.071412e-06	-0.017546
-2.069412e-06	-0.017678
-2.067412e-06	-0.017678
-2.065412e-06	-0.017546
-2.063412e-06	-0.017678
-2.061412e-06	-0.017612
-2.059412e-06	-0.017876
-2.057412e-06	-0.018338
-2.055412e-06	-0.01814
-2.053412e-06	-0.018602
-2.051412e-06	-0.018668
-2.049412e-06	-0.018602
-2.047412e-06	-0.018536
-2.045412e-06	-0.0188
-2.043412e-06	-0.0188
-2.041412e-06	-0.018404
-2.039412e-06	-0.01847
-2.037412e-06	-0.0188
-2.035412e-06	-0.018734
-2.033412e-06	-0.018932
-2.031412e-06	-0.018866
-2.029412e-06	-0.018734
-2.027412e-06	-0.018734
-2.025412e-06	-0.018734
-2.023412e-06	-0.018272
-2.021412e-06	-0.018008
-2.019412e-06	-0.018602
-2.017412e-06	-0.0188
-2.015412e-06	-0.018536
-2.013412e-06	-0.018734
-2.011412e-06	-0.018338
-2.009412e-06	-0.018602
-2.007412e-06	-0.018536
-2.005412e-06	-0.018602
-2.003412e-06	-0.0188
-2.001412e-06	-0.018668
-1.999412e-06	-0.01847
-1.997412e-06	-0.01847
-1.995412e-06	-0.018536
-1.993412e-06	-0.018602
-1.991412e-06	-0.018206
-1.989412e-06	-0.01847
-1.987412e-06	-0.018536
-1.985412e-06	-0.018602
-1.983412e-06	-0.018734
-1.981412e-06	-0.018602
-1.979412e-06	-0.018932
-1.977412e-06	-0.0188
-1.975412e-06	-0.018404
-1.973412e-06	-0.0188
-1.971412e-06	-0.018668
-1.969412e-06	-0.018206
-1.967412e-06	-0.018338
-1.965412e-06	-0.017942
-1.963412e-06	-0.018272
-1.961412e-06	-0.01814
-1.959412e-06	-0.017876
-1.957412e-06	-0.017942
-1.955412e-06	-0.017942
-1.953412e-06	-0.017414
-1.951412e-06	-0.017282
-1.949412e-06	-0.01748
-1.947412e-06	-0.017678
-1.945412e-06	-0.017744
-1.943412e-06	-0.017612
-1.941412e-06	-0.017744
-1.939412e-06	-0.018338
-1.937412e-06	-0.01814
-1.935412e-06	-0.017942
-1.933412e-06	-0.01847
-1.931412e-06	-0.018866
-1.929412e-06	-0.018536
-1.927412e-06	-0.0188
-1.925412e-06	-0.018866
-1.923412e-06	-0.018998
-1.921412e-06	-0.018998
-1.919412e-06	-0.01913
-1.917412e-06	-0.019262
-1.915412e-06	-0.01913
-1.913412e-06	-0.019328
-1.911412e-06	-0.018932
-1.909412e-06	-0.018998
-1.907412e-06	-0.01913
-1.905412e-06	-0.019394
-1.903412e-06	-0.019196
-1.901412e-06	-0.019328
-1.899412e-06	-0.019526
-1.897412e-06	-0.01946
-1.895412e-06	-0.019196
-1.893412e-06	-0.019196
-1.891412e-06	-0.019262
-1.889412e-06	-0.0188
-1.887412e-06	-0.018536
-1.885412e-06	-0.018536
-1.883412e-06	-0.0188
-1.881412e-06	-0.018602
-1.879412e-06	-0.019064
-1.877412e-06	-0.018998
-1.875412e-06	-0.019196
-1.873412e-06	-0.018866
-1.871412e-06	-0.018404
-1.869412e-06	-0.018206
-1.867412e-06	-0.018536
-1.865412e-06	-0.018074
-1.863412e-06	-0.018206
-1.861412e-06	-0.018404
-1.859412e-06	-0.018536
-1.857412e-06	-0.01847
-1.855412e-06	-0.018206
-1.853412e-06	-0.018074
-1.851412e-06	-0.01814
-1.849412e-06	-0.01781
-1.847412e-06	-0.01781
-1.845412e-06	-0.018074
-1.843412e-06	-0.01814
-1.841412e-06	-0.01814
-1.839412e-06	-0.018074
-1.837412e-06	-0.018008
-1.835412e-06	-0.018272
-1.833412e-06	-0.017876
-1.831412e-06	-0.018272
-1.829412e-06	-0.018206
-1.827412e-06	-0.018536
-1.825412e-06	-0.017876
-1.823412e-06	-0.017612
-1.821412e-06	-0.017414
-1.819412e-06	-0.017282
-1.817412e-06	-0.017546
-1.815412e-06	-0.017612
-1.813412e-06	-0.017414
-1.811412e-06	-0.017876
-1.809412e-06	-0.017876
-1.807412e-06	-0.017678
-1.805412e-06	-0.017678
-1.803412e-06	-0.017348
-1.801412e-06	-0.01715
-1.799412e-06	-0.017282
-1.797412e-06	-0.017414
-1.795412e-06	-0.017942
-1.793412e-06	-0.017744
-1.791412e-06	-0.017282
-1.789412e-06	-0.01748
-1.787412e-06	-0.017414
-1.785412e-06	-0.017678
-1.783412e-06	-0.01715
-1.781412e-06	-0.017348
-1.779412e-06	-0.017678
-1.777412e-06	-0.017612
-1.775412e-06	-0.017546
-1.773412e-06	-0.017678
-1.771412e-06	-0.018074
-1.769412e-06	-0.017942
-1.767412e-06	-0.018272
-1.765412e-06	-0.017876
-1.763412e-06	-0.018008
-1.761412e-06	-0.01814
-1.759412e-06	-0.018338
-1.757412e-06	-0.018272
-1.755412e-06	-0.018404
-1.753412e-06	-0.01814
-1.751412e-06	-0.018272
-1.749412e-06	-0.018404
-1.747412e-06	-0.018602
-1.745412e-06	-0.018338
-1.743412e-06	-0.01847
-1.741412e-06	-0.018998
-1.739412e-06	-0.019262
-1.737412e-06	-0.019724
-1.735412e-06	-0.019526
-1.733412e-06	-0.01979
-1.731412e-06	-0.02012
-1.729412e-06	-0.020186
-1.727412e-06	-0.019658
-1.725412e-06	-0.019724
-1.723412e-06	-0.020318
-1.721412e-06	-0.020516
-1.719412e-06	-0.020384
-1.717412e-06	-0.020186
-1.715412e-06	-0.020252
-1.713412e-06	-0.02012
-1.711412e-06	-0.020648
-1.709412e-06	-0.020582
-1.707412e-06	-0.02111
-1.705412e-06	-0.020978
-1.703412e-06	-0.021638
-1.701412e-06	-0.021572
-1.699412e-06	-0.021968
-1.697412e-06	-0.0221
-1.695412e-06	-0.022364
-1.693412e-06	-0.021638
-1.691412e-06	-0.02177
-1.689412e-06	-0.0221
-1.687412e-06	-0.021968
-1.685412e-06	-0.021638
-1.683412e-06	-0.022034
-1.681412e-06	-0.021968
-1.679412e-06	-0.022034
-1.677412e-06	-0.022232
-1.675412e-06	-0.0221
-1.673412e-06	-0.02177
-1.671412e-06	-0.0221
-1.669412e-06	-0.022298
-1.667412e-06	-0.022628
-1.665412e-06	-0.02243
-1.663412e-06	-0.022496
-1.661412e-06	-0.022562
-1.659412e-06	-0.022892
-1.657412e-06	-0.02276
-1.655412e-06	-0.02309
-1.653412e-06	-0.022958
-1.651412e-06	-0.023024
-1.649412e-06	-0.02309
-1.647412e-06	-0.022826
-1.645412e-06	-0.022826
-1.643412e-06	-0.023288
-1.641412e-06	-0.023354
-1.639412e-06	-0.023024
-1.637412e-06	-0.02276
-1.635412e-06	-0.022826
-1.633412e-06	-0.02309
-1.631412e-06	-0.023486
-1.629412e-06	-0.02342
-1.627412e-06	-0.023222
-1.625412e-06	-0.023816
-1.623412e-06	-0.023486
-1.621412e-06	-0.024014
-1.619412e-06	-0.024014
-1.617412e-06	-0.023948
-1.615412e-06	-0.024146
-1.613412e-06	-0.024212
-1.611412e-06	-0.024344
-1.609412e-06	-0.02408
-1.607412e-06	-0.02408
-1.605412e-06	-0.02375
-1.603412e-06	-0.023684
-1.601412e-06	-0.023618
-1.599412e-06	-0.023816
-1.597412e-06	-0.02375
-1.595412e-06	-0.023552
-1.593412e-06	-0.02342
-1.591412e-06	-0.02276
-1.589412e-06	-0.022496
-1.587412e-06	-0.022034
-1.585412e-06	-0.021968
-1.583412e-06	-0.021704
-1.581412e-06	-0.021308
-1.579412e-06	-0.021308
-1.577412e-06	-0.021242
-1.575412e-06	-0.02111
-1.573412e-06	-0.020714
-1.571412e-06	-0.02111
-1.569412e-06	-0.021044
-1.567412e-06	-0.02078
-1.565412e-06	-0.02078
-1.563412e-06	-0.020516
-1.561412e-06	-0.020384
-1.559412e-06	-0.020318
-1.557412e-06	-0.020648
-1.555412e-06	-0.020186
-1.553412e-06	-0.020186
-1.551412e-06	-0.019658
-1.549412e-06	-0.019724
-1.547412e-06	-0.01979
-1.545412e-06	-0.019856
-1.543412e-06	-0.019922
-1.541412e-06	-0.019856
-1.539412e-06	-0.019658
-1.537412e-06	-0.020252
-1.535412e-06	-0.020516
-1.533412e-06	-0.020186
-1.531412e-06	-0.020318
-1.529412e-06	-0.020252
-1.527412e-06	-0.02045
-1.525412e-06	-0.02012
-1.523412e-06	-0.02012
-1.521412e-06	-0.019856
-1.519412e-06	-0.019856
-1.517412e-06	-0.019856
-1.515412e-06	-0.019526
-1.513412e-06	-0.019856
-1.511412e-06	-0.019922
-1.509412e-06	-0.01946
-1.507412e-06	-0.019592
-1.505412e-06	-0.01979
-1.503412e-06	-0.019394
-1.501412e-06	-0.019658
-1.499412e-06	-0.01979
-1.497412e-06	-0.020186
-1.495412e-06	-0.019988
-1.493412e-06	-0.020318
-1.491412e-06	-0.02045
-1.489412e-06	-0.020252
-1.487412e-06	-0.020252
-1.485412e-06	-0.02012
-1.483412e-06	-0.020186
-1.481412e-06	-0.019988
-1.479412e-06	-0.019856
-1.477412e-06	-0.019592
-1.475412e-06	-0.019658
-1.473412e-06	-0.019592
-1.471412e-06	-0.019592
-1.469412e-06	-0.019658
-1.467412e-06	-0.020054
-1.465412e-06	-0.02012
-1.463412e-06	-0.02012
-1.461412e-06	-0.020384
-1.459412e-06	-0.02078
-1.457412e-06	-0.020648
-1.455412e-06	-0.02045
-1.453412e-06	-0.020582
-1.451412e-06	-0.021044
-1.449412e-06	-0.02111
-1.447412e-06	-0.021176
-1.445412e-06	-0.021242
-1.443412e-06	-0.021374
-1.441412e-06	-0.021242
-1.439412e-06	-0.021506
-1.437412e-06	-0.021308
-1.435412e-06	-0.021176
-1.433412e-06	-0.02111
-1.431412e-06	-0.021242
-1.429412e-06	-0.021242
-1.427412e-06	-0.02111
-1.425412e-06	-0.020846
-1.423412e-06	-0.021242
-1.421412e-06	-0.021176
-1.419412e-06	-0.02177
-1.417412e-06	-0.02144
-1.415412e-06	-0.021638
-1.413412e-06	-0.021638
-1.411412e-06	-0.021968
-1.409412e-06	-0.022298
-1.407412e-06	-0.022628
-1.405412e-06	-0.0221
-1.403412e-06	-0.022298
-1.401412e-06	-0.022496
-1.399412e-06	-0.022364
-1.397412e-06	-0.022298
-1.395412e-06	-0.022496
-1.393412e-06	-0.022232
-1.391412e-06	-0.022298
-1.389412e-06	-0.0221
-1.387412e-06	-0.02243
-1.385412e-06	-0.022232
-1.383412e-06	-0.022364
-1.381412e-06	-0.022628
-1.379412e-06	-0.02276
-1.377412e-06	-0.023156
-1.375412e-06	-0.022958
-1.373412e-06	-0.02309
-1.371412e-06	-0.023156
-1.369412e-06	-0.023024
-1.367412e-06	-0.022694
-1.365412e-06	-0.022496
-1.363412e-06	-0.0221
-1.361412e-06	-0.021836
-1.359412e-06	-0.02177
-1.357412e-06	-0.021902
-1.355412e-06	-0.022166
-1.353412e-06	-0.021968
-1.351412e-06	-0.0221
-1.349412e-06	-0.022034
-1.347412e-06	-0.022034
-1.345412e-06	-0.021572
-1.343412e-06	-0.021374
-1.341412e-06	-0.021242
-1.339412e-06	-0.02111
-1.337412e-06	-0.02111
-1.335412e-06	-0.020978
-1.333412e-06	-0.020846
-1.331412e-06	-0.020648
-1.329412e-06	-0.02078
-1.327412e-06	-0.020516
-1.325412e-06	-0.02045
-1.323412e-06	-0.020516
-1.321412e-06	-0.019922
-1.319412e-06	-0.019658
-1.317412e-06	-0.020186
-1.315412e-06	-0.020318
-1.313412e-06	-0.020582
-1.311412e-06	-0.020384
-1.309412e-06	-0.020384
-1.307412e-06	-0.020516
-1.305412e-06	-0.02045
-1.303412e-06	-0.02045
-1.301412e-06	-0.020516
-1.299412e-06	-0.020846
-1.297412e-06	-0.020714
-1.295412e-06	-0.020912
-1.293412e-06	-0.020978
-1.291412e-06	-0.021374
-1.289412e-06	-0.021374
-1.287412e-06	-0.02144
-1.285412e-06	-0.021572
-1.283412e-06	-0.021836
-1.281412e-06	-0.021836
-1.279412e-06	-0.02144
-1.277412e-06	-0.021374
-1.275412e-06	-0.022232
-1.273412e-06	-0.022364
-1.271412e-06	-0.022034
-1.269412e-06	-0.021968
-1.267412e-06	-0.022034
-1.265412e-06	-0.0221
-1.263412e-06	-0.022232
-1.261412e-06	-0.022298
-1.259412e-06	-0.02243
-1.257412e-06	-0.022694
-1.255412e-06	-0.02243
-1.253412e-06	-0.022892
-1.251412e-06	-0.02309
-1.249412e-06	-0.02309
-1.247412e-06	-0.022694
-1.245412e-06	-0.023156
-1.243412e-06	-0.023354
-1.241412e-06	-0.023552
-1.239412e-06	-0.023288
-1.237412e-06	-0.023156
-1.235412e-06	-0.02375
-1.233412e-06	-0.02375
-1.231412e-06	-0.023354
-1.229412e-06	-0.023156
-1.227412e-06	-0.023354
-1.225412e-06	-0.022958
-1.223412e-06	-0.023222
-1.221412e-06	-0.023024
-1.219412e-06	-0.023222
-1.217412e-06	-0.022958
-1.215412e-06	-0.023156
-1.213412e-06	-0.022958
-1.211412e-06	-0.022892
-1.209412e-06	-0.02276
-1.207412e-06	-0.022562
-1.205412e-06	-0.022298
-1.203412e-06	-0.022628
-1.201412e-06	-0.022562
-1.199412e-06	-0.0221
-1.197412e-06	-0.021902
-1.195412e-06	-0.022364
-1.193412e-06	-0.0221
-1.191412e-06	-0.022166
-1.189412e-06	-0.02243
-1.187412e-06	-0.021968
-1.185412e-06	-0.021968
-1.183412e-06	-0.021704
-1.181412e-06	-0.021176
-1.179412e-06	-0.021176
-1.177412e-06	-0.021242
-1.175412e-06	-0.021242
-1.173412e-06	-0.021044
-1.171412e-06	-0.020912
-1.169412e-06	-0.021176
-1.167412e-06	-0.021044
-1.165412e-06	-0.020714
-1.163412e-06	-0.020912
-1.161412e-06	-0.02078
-1.159412e-06	-0.020252
-1.157412e-06	-0.019922
-1.155412e-06	-0.01979
-1.153412e-06	-0.019856
-1.151412e-06	-0.02012
-1.149412e-06	-0.019988
-1.147412e-06	-0.019592
-1.145412e-06	-0.019592
-1.143412e-06	-0.01913
-1.141412e-06	-0.0188
-1.139412e-06	-0.018932
-1.137412e-06	-0.018272
-1.135412e-06	-0.017942
-1.133412e-06	-0.017876
-1.131412e-06	-0.01781
-1.129412e-06	-0.017414
-1.127412e-06	-0.017678
-1.125412e-06	-0.017546
-1.123412e-06	-0.017744
-1.121412e-06	-0.017348
-1.119412e-06	-0.017084
-1.117412e-06	-0.017414
-1.115412e-06	-0.017546
-1.113412e-06	-0.01781
-1.111412e-06	-0.017678
-1.109412e-06	-0.017744
-1.107412e-06	-0.01781
-1.105412e-06	-0.017744
-1.103412e-06	-0.017414
-1.101412e-06	-0.01748
-1.099412e-06	-0.017678
-1.097412e-06	-0.01748
-1.095412e-06	-0.017414
-1.093412e-06	-0.01781
-1.091412e-06	-0.018272
-1.089412e-06	-0.01814
-1.087412e-06	-0.018338
-1.085412e-06	-0.018272
-1.083412e-06	-0.018932
-1.081412e-06	-0.018998
-1.079412e-06	-0.018404
-1.077412e-06	-0.0188
-1.075412e-06	-0.01847
-1.073412e-06	-0.018404
-1.071412e-06	-0.018338
-1.069412e-06	-0.018272
-1.067412e-06	-0.018404
-1.065412e-06	-0.018404
-1.063412e-06	-0.018206
-1.061412e-06	-0.018272
-1.059412e-06	-0.018338
-1.057412e-06	-0.017942
-1.055412e-06	-0.017744
-1.053412e-06	-0.01814
-1.051412e-06	-0.017942
-1.049412e-06	-0.017282
-1.047412e-06	-0.017414
-1.045412e-06	-0.017546
-1.043412e-06	-0.017546
-1.041412e-06	-0.017018
-1.039412e-06	-0.016952
-1.037412e-06	-0.017282
-1.035412e-06	-0.017744
-1.033412e-06	-0.017942
-1.031412e-06	-0.017876
-1.029412e-06	-0.017876
-1.027412e-06	-0.018074
-1.025412e-06	-0.018074
-1.023412e-06	-0.017744
-1.021412e-06	-0.01748
-1.019412e-06	-0.017744
-1.017412e-06	-0.017414
-1.015412e-06	-0.016952
-1.013412e-06	-0.017084
-1.011412e-06	-0.017282
-1.009412e-06	-0.017282
-1.007412e-06	-0.01715
-1.005412e-06	-0.017414
-1.003412e-06	-0.01781
-1.001412e-06	-0.017546
-9.994117e-07	-0.017678
-9.974117e-07	-0.018008
-9.954117e-07	-0.018998
-9.934117e-07	-0.0188
-9.914117e-07	-0.018668
-9.894117e-07	-0.018008
-9.874117e-07	-0.018668
-9.854117e-07	-0.018206
-9.834117e-07	-0.018206
-9.814117e-07	-0.018404
-9.794117e-07	-0.018668
-9.774117e-07	-0.018404
-9.754117e-07	-0.018272
-9.734117e-07	-0.018536
-9.714117e-07	-0.018602
-9.694117e-07	-0.018734
-9.674117e-07	-0.018866
-9.654117e-07	-0.018734
-9.634117e-07	-0.019064
-9.614117e-07	-0.019196
-9.594117e-07	-0.018998
-9.574117e-07	-0.018866
-9.554117e-07	-0.01913
-9.534117e-07	-0.01946
-9.514117e-07	-0.01946
-9.494117e-07	-0.019724
-9.474117e-07	-0.01946
-9.454117e-07	-0.019526
-9.434117e-07	-0.01979
-9.414117e-07	-0.019658
-9.394117e-07	-0.01979
-9.374117e-07	-0.02012
-9.354117e-07	-0.01946
-9.334117e-07	-0.01979
-9.314117e-07	-0.019526
-9.294117e-07	-0.01979
-9.274117e-07	-0.019922
-9.254117e-07	-0.02012
-9.234117e-07	-0.020054
-9.214117e-07	-0.020648
-9.194117e-07	-0.020384
-9.174117e-07	-0.020384
-9.154117e-07	-0.020582
-9.134117e-07	-0.021044
-9.114117e-07	-0.020714
-9.094117e-07	-0.021044
-9.074117e-07	-0.021044
-9.054117e-07	-0.021374
-9.034117e-07	-0.021374
-9.014117e-07	-0.021176
-8.994117e-07	-0.02111
-8.974117e-07	-0.020714
-8.954117e-07	-0.020714
-8.934117e-07	-0.020582
-8.914117e-07	-0.020846
-8.894117e-07	-0.020978
-8.874117e-07	-0.020714
-8.854117e-07	-0.020516
-8.834117e-07	-0.020978
-8.814117e-07	-0.02078
-8.794117e-07	-0.020648
-8.774117e-07	-0.020252
-8.754117e-07	-0.020582
-8.734117e-07	-0.020516
-8.714117e-07	-0.020384
-8.694117e-07	-0.020846
-8.674117e-07	-0.02111
-8.654117e-07	-0.02144
-8.634117e-07	-0.02078
-8.614117e-07	-0.02078
-8.594117e-07	-0.020912
-8.574117e-07	-0.02078
-8.554117e-07	-0.021242
-8.534117e-07	-0.020912
-8.514117e-07	-0.021044
-8.494117e-07	-0.021176
-8.474117e-07	-0.021308
-8.454117e-07	-0.020846
-8.434117e-07	-0.020582
-8.414117e-07	-0.020648
-8.394117e-07	-0.020384
-8.374117e-07	-0.019988
-8.354117e-07	-0.019592
-8.334117e-07	-0.019592
-8.314117e-07	-0.0188
-8.294117e-07	-0.019196
-8.274117e-07	-0.019064
-8.254117e-07	-0.019064
-8.234117e-07	-0.018668
-8.214117e-07	-0.018998
-8.194117e-07	-0.018536
-8.174117e-07	-0.018932
-8.154117e-07	-0.018932
-8.134117e-07	-0.018932
-8.114117e-07	-0.018734
-8.094117e-07	-0.018932
-8.074117e-07	-0.019064
-8.054117e-07	-0.01946
-8.034117e-07	-0.019592
-8.014117e-07	-0.019592
-7.994117e-07	-0.01946
-7.974117e-07	-0.019658
-7.954117e-07	-0.019526
-7.934117e-07	-0.019394
-7.914117e-07	-0.019394
-7.894117e-07	-0.019196
-7.874117e-07	-0.019262
-7.854117e-07	-0.019526
-7.834117e-07	-0.01913
-7.814117e-07	-0.01946
-7.794117e-07	-0.019592
-7.774117e-07	-0.019724
-7.754117e-07	-0.019658
-7.734117e-07	-0.019658
-7.714117e-07	-0.020186
-7.694117e-07	-0.020516
-7.674117e-07	-0.020582
-7.654117e-07	-0.020516
-7.634117e-07	-0.020318
-7.614117e-07	-0.020978
-7.594117e-07	-0.02078
-7.574117e-07	-0.020186
-7.554117e-07	-0.019724
-7.534117e-07	-0.019724
-7.514117e-07	-0.019724
-7.494117e-07	-0.01979
-7.474117e-07	-0.019658
-7.454117e-07	-0.019592
-7.434117e-07	-0.019196
-7.414117e-07	-0.019328
-7.394117e-07	-0.019196
-7.374117e-07	-0.0188
-7.354117e-07	-0.01847
-7.334117e-07	-0.018206
-7.314117e-07	-0.018668
-7.294117e-07	-0.018668
-7.274117e-07	-0.018404
-7.254117e-07	-0.01847
-7.234117e-07	-0.018206
-7.214117e-07	-0.018008
-7.194117e-07	-0.017942
-7.174117e-07	-0.017282
-7.154117e-07	-0.017546
-7.134117e-07	-0.017414
-7.114117e-07	-0.017282
-7.094117e-07	-0.017546
-7.074117e-07	-0.01748
-7.054117e-07	-0.017348
-7.034117e-07	-0.017084
-7.014117e-07	-0.016886
-6.994117e-07	-0.017282
-6.974117e-07	-0.017216
-6.954117e-07	-0.017216
-6.934117e-07	-0.017414
-6.914117e-07	-0.017744
-6.894117e-07	-0.01781
-6.874117e-07	-0.017942
-6.854117e-07	-0.017942
-6.834117e-07	-0.017876
-6.814117e-07	-0.017876
-6.794117e-07	-0.017084
-6.774117e-07	-0.017216
-6.754117e-07	-0.017414
-6.734117e-07	-0.017348
-6.714117e-07	-0.017216
-6.694117e-07	-0.017348
-6.674117e-07	-0.017612
-6.654117e-07	-0.017414
-6.634117e-07	-0.017348
-6.614117e-07	-0.01781
-6.594117e-07	-0.018074
-6.574117e-07	-0.018206
-6.554117e-07	-0.018008
-6.534117e-07	-0.018074
-6.514117e-07	-0.01847
-6.494117e-07	-0.018536
-6.474117e-07	-0.018338
-6.454117e-07	-0.018668
-6.434117e-07	-0.018602
-6.414117e-07	-0.018734
-6.394117e-07	-0.018404
-6.374117e-07	-0.01814
-6.354117e-07	-0.018602
-6.334117e-07	-0.018602
-6.314117e-07	-0.01814
-6.294117e-07	-0.01781
-6.274117e-07	-0.018338
-6.254117e-07	-0.018602
-6.234117e-07	-0.018998
-6.214117e-07	-0.018932
-6.194117e-07	-0.019064
-6.174117e-07	-0.019196
-6.154117e-07	-0.018668
-6.134117e-07	-0.018932
-6.114117e-07	-0.019196
-6.094117e-07	-0.01946
-6.074117e-07	-0.019592
-6.054117e-07	-0.019328
-6.034117e-07	-0.019724
-6.014117e-07	-0.019856
-5.994117e-07	-0.020054
-5.974117e-07	-0.02045
-5.954117e-07	-0.020516
-5.934117e-07	-0.020318
-5.914117e-07	-0.020384
-5.894117e-07	-0.020516
-5.874117e-07	-0.02078
-5.854117e-07	-0.021176
-5.834117e-07	-0.020714
-5.814117e-07	-0.021044
-5.794117e-07	-0.021044
-5.774117e-07	-0.021308
-5.754117e-07	-0.021176
-5.734117e-07	-0.020846
-5.714117e-07	-0.020846
-5.694117e-07	-0.020912
-5.674117e-07	-0.020582
-5.654117e-07	-0.020516
-5.634117e-07	-0.020846
-5.614117e-07	-0.021044
-5.594117e-07	-0.020912
-5.574117e-07	-0.020648
-5.554117e-07	-0.020648
-5.534117e-07	-0.020516
-5.514117e-07	-0.020846
-5.494117e-07	-0.020912
-5.474117e-07	-0.020978
-5.454117e-07	-0.021506
-5.434117e-07	-0.021374
-5.414117e-07	-0.021044
-5.394117e-07	-0.021308
-5.374117e-07	-0.021176
-5.354117e-07	-0.020846
-5.334117e-07	-0.020714
-5.314117e-07	-0.020582
-5.294117e-07	-0.02078
-5.274117e-07	-0.02045
-5.254117e-07	-0.020516
-5.234117e-07	-0.02045
-5.214117e-07	-0.020582
-5.194117e-07	-0.020516
-5.174117e-07	-0.020384
-5.154117e-07	-0.020912
-5.134117e-07	-0.020648
-5.114117e-07	-0.02078
-5.094117e-07	-0.021044
-5.074117e-07	-0.021308
-5.054117e-07	-0.021638
-5.034117e-07	-0.021374
-5.014117e-07	-0.021506
-4.994117e-07	-0.021506
-4.974117e-07	-0.02144
-4.954117e-07	-0.021506
-4.934117e-07	-0.021242
-4.914117e-07	-0.021374
-4.894117e-07	-0.021374
-4.874117e-07	-0.021506
-4.854117e-07	-0.021044
-4.834117e-07	-0.021176
-4.814117e-07	-0.021374
-4.794117e-07	-0.021506
-4.774117e-07	-0.02177
-4.754117e-07	-0.021572
-4.734117e-07	-0.021506
-4.714117e-07	-0.021308
-4.694117e-07	-0.021506
-4.674117e-07	-0.021308
-4.654117e-07	-0.020912
-4.634117e-07	-0.020912
-4.614117e-07	-0.021176
-4.594117e-07	-0.021242
-4.574117e-07	-0.02111
-4.554117e-07	-0.020582
-4.534117e-07	-0.020516
-4.514117e-07	-0.02045
-4.494117e-07	-0.020714
-4.474117e-07	-0.020582
-4.454117e-07	-0.020582
-4.434117e-07	-0.020912
-4.414117e-07	-0.02111
-4.394117e-07	-0.02111
-4.374117e-07	-0.021242
-4.354117e-07	-0.021506
-4.334117e-07	-0.022034
-4.314117e-07	-0.02177
-4.294117e-07	-0.021836
-4.274117e-07	-0.022166
-4.254117e-07	-0.022166
-4.234117e-07	-0.022166
-4.214117e-07	-0.021638
-4.194117e-07	-0.02177
-4.174117e-07	-0.021836
-4.154117e-07	-0.021638
-4.134117e-07	-0.021902
-4.114117e-07	-0.021704
-4.094117e-07	-0.02177
-4.074117e-07	-0.021638
-4.054117e-07	-0.021704
-4.034117e-07	-0.021968
-4.014117e-07	-0.021704
-3.994117e-07	-0.021836
-3.974117e-07	-0.02144
-3.954117e-07	-0.021308
-3.934117e-07	-0.021704
-3.914117e-07	-0.021638
-3.894117e-07	-0.02144
-3.874117e-07	-0.021704
-3.854117e-07	-0.0221
-3.834117e-07	-0.022232
-3.814117e-07	-0.022232
-3.794117e-07	-0.0221
-3.774117e-07	-0.022034
-3.754117e-07	-0.021902
-3.734117e-07	-0.02243
-3.714117e-07	-0.02243
-3.694117e-07	-0.022364
-3.674117e-07	-0.02243
-3.654117e-07	-0.022694
-3.634117e-07	-0.02276
-3.614117e-07	-0.022694
-3.594117e-07	-0.022562
-3.574117e-07	-0.02276
-3.554117e-07	-0.022298
-3.534117e-07	-0.0221
-3.514117e-07	-0.02177
-3.494117e-07	-0.021638
-3.474117e-07	-0.021902
-3.454117e-07	-0.021968
-3.434117e-07	-0.02177
-3.414117e-07	-0.021704
-3.394117e-07	-0.02177
-3.374117e-07	-0.021638
-3.354117e-07	-0.021374
-3.334117e-07	-0.021308
-3.314117e-07	-0.021506
-3.294117e-07	-0.021704
-3.274117e-07	-0.021044
-3.254117e-07	-0.021308
-3.234117e-07	-0.021638
-3.214117e-07	-0.02177
-3.194117e-07	-0.02144
-3.174117e-07	-0.020978
-3.154117e-07	-0.02111
-3.134117e-07	-0.02144
-3.114117e-07	-0.02111
-3.094117e-07	-0.021242
-3.074117e-07	-0.021638
-3.054117e-07	-0.021968
-3.034117e-07	-0.021836
-3.014117e-07	-0.021836
-2.994117e-07	-0.022298
-2.974117e-07	-0.022562
-2.954117e-07	-0.022562
-2.934117e-07	-0.022364
-2.914117e-07	-0.02243
-2.894117e-07	-0.022628
-2.874117e-07	-0.022232
-2.854117e-07	-0.021836
-2.834117e-07	-0.0221
-2.814117e-07	-0.0221
-2.794117e-07	-0.021836
-2.774117e-07	-0.021704
-2.754117e-07	-0.021638
-2.734117e-07	-0.021704
-2.714117e-07	-0.021704
-2.694117e-07	-0.021506
-2.674117e-07	-0.021572
-2.654117e-07	-0.02177
-2.634117e-07	-0.021044
-2.614117e-07	-0.021242
-2.594117e-07	-0.021374
-2.574117e-07	-0.021176
-2.554117e-07	-0.020714
-2.534117e-07	-0.020846
-2.514117e-07	-0.021242
-2.494117e-07	-0.02177
-2.474117e-07	-0.021968
-2.454117e-07	-0.021638
-2.434117e-07	-0.021968
-2.414117e-07	-0.0221
-2.394117e-07	-0.021836
-2.374117e-07	-0.021638
-2.354117e-07	-0.021902
-2.334117e-07	-0.021704
-2.314117e-07	-0.021308
-2.294117e-07	-0.021308
-2.274117e-07	-0.021308
-2.254117e-07	-0.02177
-2.234117e-07	-0.021638
-2.214117e-07	-0.02144
-2.194117e-07	-0.021506
-2.174117e-07	-0.022034
-2.154117e-07	-0.02177
-2.134117e-07	-0.02177
-2.114117e-07	-0.021638
-2.094117e-07	-0.021968
-2.074117e-07	-0.021704
-2.054117e-07	-0.02144
-2.034117e-07	-0.021902
-2.014117e-07	-0.021506
-1.994117e-07	-0.021176
-1.974117e-07	-0.02144
-1.954117e-07	-0.021572
-1.934117e-07	-0.021044
-1.914117e-07	-0.021242
-1.894117e-07	-0.021308
-1.874117e-07	-0.021308
-1.854117e-07	-0.021374
-1.834117e-07	-0.020582
-1.814117e-07	-0.020318
-1.794117e-07	-0.020318
-1.774117e-07	-0.020318
-1.754117e-07	-0.020318
-1.734117e-07	-0.020054
-1.714117e-07	-0.020252
-1.694117e-07	-0.020384
-1.674117e-07	-0.019988
-1.654117e-07	-0.020054
-1.634117e-07	-0.020054
-1.614117e-07	-0.020582
-1.594117e-07	-0.020582
-1.574117e-07	-0.021044
-1.554117e-07	-0.021308
-1.534117e-07	-0.021704
-1.514117e-07	-0.021506
-1.494117e-07	-0.02144
-1.474117e-07	-0.02177
-1.454117e-07	-0.021902
-1.434117e-07	-0.021572
-1.414117e-07	-0.021638
-1.394117e-07	-0.021836
-1.374117e-07	-0.021902
-1.354117e-07	-0.021902
-1.334117e-07	-0.021704
-1.314117e-07	-0.021902
-1.294117e-07	-0.021704
-1.274117e-07	-0.021572
-1.254117e-07	-0.021704
-1.234117e-07	-0.02177
-1.214117e-07	-0.02177
-1.194117e-07	-0.021902
-1.174117e-07	-0.021836
-1.154117e-07	-0.021968
-1.134117e-07	-0.021704
-1.114117e-07	-0.021374
-1.094117e-07	-0.021572
-1.074117e-07	-0.02144
-1.054117e-07	-0.021572
-1.034117e-07	-0.021572
-1.014117e-07	-0.021572
-9.941175e-08	-0.021836
-9.741175e-08	-0.022298
-9.541175e-08	-0.021836
-9.341175e-08	-0.021506
-9.141175e-08	-0.021572
-8.941175e-08	-0.021968
-8.741175e-08	-0.021638
-8.541175e-08	-0.021506
-8.341175e-08	-0.021506
-8.141175e-08	-0.021704
-7.941175e-08	-0.02111
-7.741175e-08	-0.021506
-7.541175e-08	-0.021176
-7.341175e-08	-0.021176
-7.141175e-08	-0.021044
-6.941175e-08	-0.020912
-6.741175e-08	-0.021176
-6.541175e-08	-0.021176
-6.341175e-08	-0.021308
-6.141175e-08	-0.021242
-5.941175e-08	-0.021308
-5.741175e-08	-0.021506
-5.541175e-08	-0.021242
-5.341175e-08	-0.020714
-5.141175e-08	-0.020516
-4.941175e-08	-0.020252
-4.741175e-08	-0.020054
-4.541175e-08	-0.020186
-4.341175e-08	-0.02045
-4.141175e-08	-0.020516
-3.941175e-08	-0.02012
-3.741175e-08	-0.020186
-3.541175e-08	-0.02012
-3.341175e-08	-0.019658
-3.141175e-08	-0.019328
-2.941175e-08	-0.019526
-2.741175e-08	-0.019394
-2.541175e-08	-0.019328
-2.341175e-08	-0.0188
-2.141175e-08	-0.018602
-1.941175e-08	-0.0188
-1.741175e-08	-0.0188
-1.541175e-08	-0.018998
-1.341175e-08	-0.018998
-1.141175e-08	-0.01913
-9.411746e-09	-0.01913
-7.411746e-09	-0.0188
-5.411746e-09	-0.018866
-3.411746e-09	-0.018998
-1.411746e-09	-0.018932
5.882543e-10	-0.018536
2.588254e-09	-0.018734
4.588254e-09	-0.019064
6.588254e-09	-0.01913
8.588254e-09	-0.01913
1.058825e-08	-0.019196
1.258825e-08	-0.018866
1.458825e-08	-0.019196
1.658825e-08	-0.019064
1.858825e-08	-0.019328
2.058825e-08	-0.01946
2.258825e-08	-0.019328
2.458825e-08	-0.019196
2.658825e-08	-0.01946
2.858825e-08	-0.019394
3.058825e-08	-0.019856
3.258825e-08	-0.01946
3.458825e-08	-0.019328
3.658825e-08	-0.019262
3.858825e-08	-0.018998
4.058825e-08	-0.018866
4.258825e-08	-0.019394
4.458825e-08	-0.019196
4.658825e-08	-0.0188
4.858825e-08	-0.018404
5.058825e-08	-0.018206
5.258825e-08	-0.018668
5.458825e-08	-0.018602
5.658825e-08	-0.018404
5.858825e-08	-0.018074
6.058825e-08	-0.018008
6.258825e-08	-0.017876
6.458825e-08	-0.017546
6.658825e-08	-0.017348
6.858825e-08	-0.01748
7.058825e-08	-0.017282
7.258825e-08	-0.016886
7.458825e-08	-0.016688
7.658825e-08	-0.01715
7.858825e-08	-0.017612
8.058825e-08	-0.017678
8.258825e-08	-0.01715
8.458825e-08	-0.017216
8.658825e-08	-0.01682
8.858825e-08	-0.016424
9.058825e-08	-0.016424
9.258825e-08	-0.016424
9.458825e-08	-0.016622
9.658825e-08	-0.016292
9.858825e-08	-0.015698
1.005883e-07	-0.015962
1.025883e-07	-0.015962
1.045883e-07	-0.01583
1.065883e-07	-0.015764
1.085883e-07	-0.01583
1.105883e-07	-0.015698
1.125883e-07	-0.015698
1.145883e-07	-0.015302
1.165883e-07	-0.015368
1.185883e-07	-0.0155
1.205883e-07	-0.015566
1.225883e-07	-0.015236
1.245883e-07	-0.014642
1.265883e-07	-0.014246
1.285883e-07	-0.014708
1.305883e-07	-0.01451
1.325883e-07	-0.01385
1.345883e-07	-0.01121
1.365883e-07	-0.007382
1.385883e-07	1e-05
1.405883e-07	0.010768
1.425883e-07	0.02311
1.445883e-07	0.03664
1.465883e-07	0.049774
1.485883e-07	0.062644
1.505883e-07	0.075514
1.525883e-07	0.087064
1.545883e-07	0.098416
1.565883e-07	0.108646
1.585883e-07	0.11815
1.605883e-07	0.126136
1.625883e-07	0.133726
1.645883e-07	0.139534
1.665883e-07	0.145606
1.685883e-07	0.150886
1.705883e-07	0.155308
1.725883e-07	0.158146
1.745883e-07	0.161512
1.765883e-07	0.16369
1.785883e-07	0.165934
1.805883e-07	0.166528
1.825883e-07	0.168376
1.845883e-07	0.168178
1.865883e-07	0.168508
1.885883e-07	0.16765
1.905883e-07	0.167716
1.925883e-07	0.166264
1.945883e-07	0.165472
1.965883e-07	0.163558
1.985883e-07	0.162304
2.005883e-07	0.160126
2.025883e-07	0.15841
2.045883e-07	0.155968
2.065883e-07	0.154318
2.085883e-07	0.15214
2.105883e-07	0.150094
2.125883e-07	0.14752
2.145883e-07	0.145144
2.165883e-07	0.14257
2.185883e-07	0.139996
2.205883e-07	0.13696
2.225883e-07	0.134188
2.245883e-07	0.131284
2.265883e-07	0.128644
2.285883e-07	0.125278
2.305883e-07	0.122968
2.325883e-07	0.120394
2.345883e-07	0.117688
2.365883e-07	0.114784
2.385883e-07	0.112078
2.405883e-07	0.109042
2.425883e-07	0.106534
2.445883e-07	0.103432
2.465883e-07	0.10132
2.485883e-07	0.098218
2.505883e-07	0.095644
2.525883e-07	0.092938
2.545883e-07	0.090298
2.565883e-07	0.087922
2.585883e-07	0.085282
2.605883e-07	0.082642
2.625883e-07	0.080266
2.645883e-07	0.078154
2.665883e-07	0.075844
2.685883e-07	0.073072
2.705883e-07	0.070828
2.725883e-07	0.068782
2.745883e-07	0.066604
2.765883e-07	0.064228
2.785883e-07	0.062248
2.805883e-07	0.060136
2.825883e-07	0.05809
2.845883e-07	0.055846
2.865883e-07	0.054328
2.885883e-07	0.05215
2.905883e-07	0.050566
2.925883e-07	0.048916
2.945883e-07	0.0472
2.965883e-07	0.045814
2.985883e-07	0.044098
3.005883e-07	0.04291
3.025883e-07	0.041524
3.045883e-07	0.039742
3.065883e-07	0.038092
3.085883e-07	0.036442
3.105883e-07	0.035122
3.125883e-07	0.033934
3.145883e-07	0.03301
3.165883e-07	0.03169
3.185883e-07	0.030898
3.205883e-07	0.029446
3.225883e-07	0.028984
3.245883e-07	0.028126
3.265883e-07	0.027268
3.285883e-07	0.026806
3.305883e-07	0.025948
3.325883e-07	0.024562
3.345883e-07	0.02377
3.365883e-07	0.023308
3.385883e-07	0.022252
3.405883e-07	0.02179
3.425883e-07	0.021262
3.445883e-07	0.020206
3.465883e-07	0.019678
3.485883e-07	0.01915
3.505883e-07	0.018688
3.525883e-07	0.017566
3.545883e-07	0.017302
3.565883e-07	0.01651
3.585883e-07	0.016114
3.605883e-07	0.015124
3.625883e-07	0.014134
3.645883e-07	0.013078
3.665883e-07	0.012682
3.685883e-07	0.012286
3.705883e-07	0.01123
3.725883e-07	0.01057
3.745883e-07	0.00991
3.765883e-07	0.009052
3.785883e-07	0.008392
3.805883e-07	0.0076
3.825883e-07	0.007666
3.845883e-07	0.006346
3.865883e-07	0.006148
3.885883e-07	0.005488
3.905883e-07	0.00496
3.925883e-07	0.00397
3.945883e-07	0.003574
3.965883e-07	0.002716
3.985883e-07	0.002452
4.005883e-07	0.001726
4.025883e-07	0.001066
4.045883e-07	0.00034
4.065883e-07	0.000406
4.085883e-07	-0.000452
4.105883e-07	-0.000914
4.125883e-07	-0.00131
4.145883e-07	-0.001112
4.165883e-07	-0.001904
4.185883e-07	-0.002234
4.205883e-07	-0.002696
4.225883e-07	-0.002696
4.245883e-07	-0.00296
4.265883e-07	-0.003554
4.285883e-07	-0.003884
4.305883e-07	-0.004148
4.325883e-07	-0.004214
4.345883e-07	-0.004544
4.365883e-07	-0.004478
4.385883e-07	-0.004544
4.405883e-07	-0.004808
4.425883e-07	-0.005204
4.445883e-07	-0.005336
4.465883e-07	-0.005468
4.485883e-07	-0.005732
4.505883e-07	-0.006392
4.525883e-07	-0.006326
4.545883e-07	-0.006194
4.565883e-07	-0.006524
4.585883e-07	-0.006458
4.605883e-07	-0.006722
4.625883e-07	-0.00659
4.645883e-07	-0.006788
4.665883e-07	-0.006986
4.685883e-07	-0.006788
4.705883e-07	-0.006986
4.725883e-07	-0.007382
4.745883e-07	-0.00725
4.765883e-07	-0.007514
4.785883e-07	-0.007382
4.805883e-07	-0.00824
4.825883e-07	-0.007976
4.845883e-07	-0.00824
4.865883e-07	-0.007976
4.885883e-07	-0.008504
4.905883e-07	-0.008438
4.925883e-07	-0.008372
4.945883e-07	-0.008306
4.965883e-07	-0.0089
4.985883e-07	-0.009296
5.005883e-07	-0.009098
5.025883e-07	-0.009032
5.045883e-07	-0.009296
5.065883e-07	-0.00923
5.085883e-07	-0.00923
5.105883e-07	-0.0089
5.125883e-07	-0.0089
5.145883e-07	-0.009098
5.165883e-07	-0.009032
5.185883e-07	-0.009098
5.205883e-07	-0.00956
5.225883e-07	-0.009428
5.245883e-07	-0.009296
5.265883e-07	-0.009032
5.285883e-07	-0.009098
5.305883e-07	-0.0089
5.325883e-07	-0.008966
5.345883e-07	-0.008966
5.365883e-07	-0.009494
5.385883e-07	-0.009362
5.405883e-07	-0.00956
5.425883e-07	-0.009824
5.445883e-07	-0.010022
5.465883e-07	-0.00989
5.485883e-07	-0.010484
5.505883e-07	-0.01022
5.525883e-07	-0.010484
5.545883e-07	-0.010022
5.565883e-07	-0.010814
5.585883e-07	-0.010748
5.605883e-07	-0.010946
5.625883e-07	-0.01088
5.645883e-07	-0.010946
5.665883e-07	-0.011144
5.685883e-07	-0.011408
5.705883e-07	-0.011738
5.725883e-07	-0.012134
5.745883e-07	-0.012002
5.765883e-07	-0.01253
5.785883e-07	-0.012794
5.805883e-07	-0.01319
5.825883e-07	-0.01352
5.845883e-07	-0.01352
5.865883e-07	-0.014048
5.885883e-07	-0.013982
5.905883e-07	-0.014048
5.925883e-07	-0.013982
5.945883e-07	-0.013916
5.965883e-07	-0.014312
5.985883e-07	-0.014312
6.005883e-07	-0.014378
6.025883e-07	-0.014708
6.045883e-07	-0.014972
6.065883e-07	-0.015038
6.085883e-07	-0.015368
6.105883e-07	-0.015632
6.125883e-07	-0.015896
6.145883e-07	-0.015698
6.165883e-07	-0.015896
6.185883e-07	-0.016358
6.205883e-07	-0.016424
6.225883e-07	-0.016292
6.245883e-07	-0.016028
6.265883e-07	-0.015632
6.285883e-07	-0.016358
6.305883e-07	-0.016556
6.325883e-07	-0.01616
6.345883e-07	-0.016292
6.365883e-07	-0.017018
6.385883e-07	-0.01715
6.405883e-07	-0.017414
6.425883e-07	-0.017414
6.445883e-07	-0.017612
6.465883e-07	-0.017744
6.485883e-07	-0.017942
6.505883e-07	-0.017942
6.525883e-07	-0.018404
6.545883e-07	-0.018338
6.565883e-07	-0.018536
6.585883e-07	-0.018668
6.605883e-07	-0.018734
6.625883e-07	-0.01913
6.645883e-07	-0.019196
6.665883e-07	-0.01913
6.685883e-07	-0.01946
6.705883e-07	-0.019724
6.725883e-07	-0.019592
6.745883e-07	-0.019658
6.765883e-07	-0.019856
6.785883e-07	-0.019856
6.805883e-07	-0.019658
6.825883e-07	-0.02012
6.845883e-07	-0.020186
6.865883e-07	-0.020252
6.885883e-07	-0.020516
6.905883e-07	-0.02012
6.925883e-07	-0.02045
6.945883e-07	-0.020384
6.965883e-07	-0.020318
6.985883e-07	-0.02045
7.005883e-07	-0.020912
7.025883e-07	-0.020912
7.045883e-07	-0.020648
7.065883e-07	-0.020912
7.085883e-07	-0.021044
7.105883e-07	-0.020714
7.125883e-07	-0.020714
7.145883e-07	-0.020582
7.165883e-07	-0.02111
7.185883e-07	-0.021176
7.205883e-07	-0.020846
7.225883e-07	-0.020846
7.245883e-07	-0.021044
7.265883e-07	-0.021044
7.285883e-07	-0.02111
7.305883e-07	-0.02111
7.325883e-07	-0.021374
7.345883e-07	-0.021308
7.365883e-07	-0.02111
7.385883e-07	-0.021242
7.405883e-07	-0.021572
7.425883e-07	-0.021506
7.445883e-07	-0.021572
7.465883e-07	-0.021044
7.485883e-07	-0.021308
7.505883e-07	-0.020846
7.525883e-07	-0.021044
7.545883e-07	-0.020912
7.565883e-07	-0.020714
7.585883e-07	-0.020648
7.605883e-07	-0.020912
7.625883e-07	-0.020978
7.645883e-07	-0.020912
7.665883e-07	-0.020516
7.685883e-07	-0.020384
7.705883e-07	-0.019856
7.725883e-07	-0.020318
7.745883e-07	-0.019856
7.765883e-07	-0.020054
7.785883e-07	-0.020318
7.805883e-07	-0.020384
7.825883e-07	-0.019988
7.845883e-07	-0.020186
7.865883e-07	-0.020186
7.885883e-07	-0.020186
7.905883e-07	-0.020384
7.925883e-07	-0.020054
7.945883e-07	-0.020252
7.965883e-07	-0.020714
7.985883e-07	-0.020648
8.005883e-07	-0.02078
8.025883e-07	-0.02078
8.045883e-07	-0.020846
8.065883e-07	-0.021242
8.085883e-07	-0.020582
8.105883e-07	-0.020648
8.125883e-07	-0.020582
8.145883e-07	-0.02045
8.165883e-07	-0.02078
8.185883e-07	-0.02078
8.205883e-07	-0.021176
8.225883e-07	-0.020978
8.245883e-07	-0.020978
8.265883e-07	-0.02078
8.285883e-07	-0.020648
8.305883e-07	-0.020714
8.325883e-07	-0.020582
8.345883e-07	-0.020846
8.365883e-07	-0.020912
8.385883e-07	-0.020582
8.405883e-07	-0.02045
8.425883e-07	-0.020318
8.445883e-07	-0.020252
8.465883e-07	-0.020252
8.485883e-07	-0.019922
8.505883e-07	-0.020252
8.525883e-07	-0.020252
8.545883e-07	-0.020054
8.565883e-07	-0.019988
8.585883e-07	-0.02012
8.605883e-07	-0.019922
8.625883e-07	-0.019856
8.645883e-07	-0.019724
8.665883e-07	-0.019658
8.685883e-07	-0.019394
8.705883e-07	-0.019196
8.725883e-07	-0.0188
8.745883e-07	-0.018932
8.765883e-07	-0.018932
8.785883e-07	-0.019328
8.805883e-07	-0.018998
8.825883e-07	-0.019064
8.845883e-07	-0.019064
8.865883e-07	-0.018998
8.885883e-07	-0.018536
8.905883e-07	-0.018932
8.925883e-07	-0.018866
8.945883e-07	-0.018734
8.965883e-07	-0.019064
8.985883e-07	-0.019064
9.005883e-07	-0.018932
9.025883e-07	-0.0188
9.045883e-07	-0.01913
9.065883e-07	-0.019064
9.085883e-07	-0.019328
9.105883e-07	-0.018998
9.125883e-07	-0.0188
9.145883e-07	-0.019196
9.165883e-07	-0.019328
9.185883e-07	-0.01946
9.205883e-07	-0.018998
9.225883e-07	-0.019328
9.245883e-07	-0.01979
9.265883e-07	-0.019592
9.285883e-07	-0.019526
9.305883e-07	-0.01979
9.325883e-07	-0.019526
9.345883e-07	-0.018998
9.365883e-07	-0.019064
9.385883e-07	-0.01913
9.405883e-07	-0.018602
9.425883e-07	-0.0188
9.445883e-07	-0.018272
9.465883e-07	-0.018272
9.485883e-07	-0.018074
9.505883e-07	-0.01847
9.525883e-07	-0.018338
9.545883e-07	-0.018074
9.565883e-07	-0.018338
9.585883e-07	-0.018404
9.605883e-07	-0.018272
9.625883e-07	-0.018668
9.645883e-07	-0.018932
9.665883e-07	-0.018932
9.685883e-07	-0.0188
9.705883e-07	-0.01847
9.725883e-07	-0.01847
9.745883e-07	-0.018668
9.765883e-07	-0.018602
9.785883e-07	-0.018866
9.805883e-07	-0.019064
9.825883e-07	-0.01913
9.845883e-07	-0.018998
9.865883e-07	-0.018866
9.885883e-07	-0.0188
9.905883e-07	-0.0188
9.925883e-07	-0.018536
9.945883e-07	-0.018932
9.965883e-07	-0.0188
9.985883e-07	-0.019064
1.000588e-06	-0.018734
1.002588e-06	-0.018866
1.004588e-06	-0.0188
1.006588e-06	-0.01847
1.008588e-06	-0.01847
1.010588e-06	-0.018404
1.012588e-06	-0.018536
1.014588e-06	-0.018404
1.016588e-06	-0.017876
1.018588e-06	-0.01781
1.020588e-06	-0.01748
1.022588e-06	-0.01715
1.024588e-06	-0.016952
1.026588e-06	-0.016688
1.028588e-06	-0.016622
1.030588e-06	-0.016226
1.032588e-06	-0.016028
1.034588e-06	-0.016226
1.036588e-06	-0.016358
1.038588e-06	-0.01616
1.040588e-06	-0.015896
1.042588e-06	-0.015896
1.044588e-06	-0.015962
1.046588e-06	-0.01583
1.048588e-06	-0.015632
1.050588e-06	-0.015764
1.052588e-06	-0.015566
1.054588e-06	-0.015632
1.056588e-06	-0.0155
1.058588e-06	-0.015566
1.060588e-06	-0.015434
1.062588e-06	-0.015368
1.064588e-06	-0.015236
1.066588e-06	-0.015434
1.068588e-06	-0.015302
1.070588e-06	-0.01517
1.072588e-06	-0.015302
1.074588e-06	-0.01517
1.076588e-06	-0.015236
1.078588e-06	-0.015104
1.080588e-06	-0.0155
1.082588e-06	-0.015632
1.084588e-06	-0.015434
1.086588e-06	-0.015698
1.088588e-06	-0.01583
1.090588e-06	-0.015896
1.092588e-06	-0.016028
1.094588e-06	-0.015962
1.096588e-06	-0.015896
1.098588e-06	-0.016358
1.100588e-06	-0.016556
1.102588e-06	-0.01715
1.104588e-06	-0.016688
1.106588e-06	-0.016622
1.108588e-06	-0.016622
1.110588e-06	-0.016622
1.112588e-06	-0.016886
1.114588e-06	-0.016754
1.116588e-06	-0.016754
1.118588e-06	-0.016952
1.120588e-06	-0.016424
1.122588e-06	-0.016424
1.124588e-06	-0.016622
1.126588e-06	-0.016886
1.128588e-06	-0.016886
1.130588e-06	-0.016688
1.132588e-06	-0.016886
1.134588e-06	-0.017282
1.136588e-06	-0.01715
1.138588e-06	-0.017546
1.140588e-06	-0.01748
1.142588e-06	-0.01748
1.144588e-06	-0.017612
1.146588e-06	-0.017678
1.148588e-06	-0.017678
1.150588e-06	-0.017876
1.152588e-06	-0.017348
1.154588e-06	-0.017216
1.156588e-06	-0.017414
1.158588e-06	-0.017876
1.160588e-06	-0.017546
1.162588e-06	-0.01748
1.164588e-06	-0.018206
1.166588e-06	-0.018272
1.168588e-06	-0.018074
1.170588e-06	-0.018338
1.172588e-06	-0.018602
1.174588e-06	-0.018536
1.176588e-06	-0.01847
1.178588e-06	-0.018734
1.180588e-06	-0.0188
1.182588e-06	-0.019394
1.184588e-06	-0.01946
1.186588e-06	-0.019196
1.188588e-06	-0.01913
1.190588e-06	-0.019394
1.192588e-06	-0.01946
1.194588e-06	-0.019658
1.196588e-06	-0.01979
1.198588e-06	-0.02012
1.200588e-06	-0.019988
1.202588e-06	-0.020384
1.204588e-06	-0.02045
1.206588e-06	-0.02045
1.208588e-06	-0.020384
1.210588e-06	-0.020318
1.212588e-06	-0.020714
1.214588e-06	-0.020384
1.216588e-06	-0.020384
1.218588e-06	-0.020582
1.220588e-06	-0.020846
1.222588e-06	-0.021044
1.224588e-06	-0.02045
1.226588e-06	-0.020648
1.228588e-06	-0.020714
1.230588e-06	-0.020516
1.232588e-06	-0.020318
1.234588e-06	-0.02012
1.236588e-06	-0.019856
1.238588e-06	-0.019856
1.240588e-06	-0.019922
1.242588e-06	-0.01979
1.244588e-06	-0.01979
1.246588e-06	-0.019592
1.248588e-06	-0.019262
1.250588e-06	-0.01913
1.252588e-06	-0.019394
1.254588e-06	-0.018998
1.256588e-06	-0.018404
1.258588e-06	-0.018998
1.260588e-06	-0.01913
1.262588e-06	-0.019328
1.264588e-06	-0.019196
1.266588e-06	-0.019394
1.268588e-06	-0.019196
1.270588e-06	-0.019262
1.272588e-06	-0.01913
1.274588e-06	-0.019526
1.276588e-06	-0.01979
1.278588e-06	-0.019856
1.280588e-06	-0.019856
1.282588e-06	-0.01946
1.284588e-06	-0.019262
1.286588e-06	-0.01946
1.288588e-06	-0.01913
1.290588e-06	-0.018932
1.292588e-06	-0.019064
1.294588e-06	-0.01913
1.296588e-06	-0.018272
1.298588e-06	-0.017942
1.300588e-06	-0.017744
1.302588e-06	-0.017612
1.304588e-06	-0.01748
1.306588e-06	-0.01682
1.308588e-06	-0.016028
1.310588e-06	-0.01616
1.312588e-06	-0.016292
1.314588e-06	-0.01616
1.316588e-06	-0.01583
1.318588e-06	-0.015566
1.320588e-06	-0.015566
1.322588e-06	-0.015434
1.324588e-06	-0.015566
1.326588e-06	-0.015104
1.328588e-06	-0.015302
1.330588e-06	-0.015566
1.332588e-06	-0.015566
1.334588e-06	-0.015302
1.336588e-06	-0.01484
1.338588e-06	-0.014708
1.340588e-06	-0.014906
1.342588e-06	-0.014774
1.344588e-06	-0.014906
1.346588e-06	-0.01484
1.348588e-06	-0.015104
1.350588e-06	-0.014906
1.352588e-06	-0.014642
1.354588e-06	-0.01484
1.356588e-06	-0.015104
1.358588e-06	-0.014312
1.360588e-06	-0.013916
1.362588e-06	-0.013982
1.364588e-06	-0.014642
1.366588e-06	-0.014576
1.368588e-06	-0.01451
1.370588e-06	-0.014114
1.372588e-06	-0.014378
1.374588e-06	-0.014906
1.376588e-06	-0.01517
1.378588e-06	-0.01517
1.380588e-06	-0.015236
1.382588e-06	-0.015236
1.384588e-06	-0.015368
1.386588e-06	-0.015632
1.388588e-06	-0.015632
1.390588e-06	-0.01517
1.392588e-06	-0.015434
1.394588e-06	-0.015764
1.396588e-06	-0.0155
1.398588e-06	-0.015566
1.400588e-06	-0.016094
1.402588e-06	-0.016358
1.404588e-06	-0.016424
1.406588e-06	-0.016424
1.408588e-06	-0.016424
1.410588e-06	-0.016622
1.412588e-06	-0.016886
1.414588e-06	-0.016292
1.416588e-06	-0.016556
1.418588e-06	-0.01682
1.420588e-06	-0.016886
1.422588e-06	-0.016952
1.424588e-06	-0.017018
1.426588e-06	-0.016622
1.428588e-06	-0.017282
1.430588e-06	-0.017876
1.432588e-06	-0.017414
1.434588e-06	-0.017414
1.436588e-06	-0.016952
1.438588e-06	-0.017414
1.440588e-06	-0.017282
1.442588e-06	-0.01682
1.444588e-06	-0.016688
1.446588e-06	-0.01682
1.448588e-06	-0.01682
1.450588e-06	-0.017084
1.452588e-06	-0.017018
1.454588e-06	-0.01715
1.456588e-06	-0.016688
1.458588e-06	-0.017084
1.460588e-06	-0.017348
1.462588e-06	-0.017414
1.464588e-06	-0.017612
1.466588e-06	-0.017744
1.468588e-06	-0.017942
1.470588e-06	-0.01814
1.472588e-06	-0.017876
1.474588e-06	-0.018602
1.476588e-06	-0.018272
1.478588e-06	-0.018008
1.480588e-06	-0.017348
1.482588e-06	-0.017348
1.484588e-06	-0.017546
1.486588e-06	-0.018272
1.488588e-06	-0.01781
1.490588e-06	-0.018008
1.492588e-06	-0.018206
1.494588e-06	-0.018602
1.496588e-06	-0.018668
1.498588e-06	-0.019526
1.500588e-06	-0.019262
1.502588e-06	-0.019262
1.504588e-06	-0.019526
1.506588e-06	-0.020054
1.508588e-06	-0.01979
1.510588e-06	-0.019724
1.512588e-06	-0.019988
1.514588e-06	-0.020186
1.516588e-06	-0.020054
1.518588e-06	-0.019922
1.520588e-06	-0.019328
1.522588e-06	-0.019922
1.524588e-06	-0.020186
1.526588e-06	-0.020516
1.528588e-06	-0.02045
1.530588e-06	-0.020516
1.532588e-06	-0.02078
1.534588e-06	-0.020516
1.536588e-06	-0.019988
1.538588e-06	-0.019592
1.540588e-06	-0.019658
1.542588e-06	-0.019592
1.544588e-06	-0.019526
1.546588e-06	-0.019394
1.548588e-06	-0.019262
1.550588e-06	-0.018866
1.552588e-06	-0.018734
1.554588e-06	-0.019262
1.556588e-06	-0.01913
1.558588e-06	-0.018668
1.560588e-06	-0.018602
1.562588e-06	-0.018008
1.564588e-06	-0.017678
1.566588e-06	-0.017744
1.568588e-06	-0.017546
1.570588e-06	-0.01715
1.572588e-06	-0.01748
1.574588e-06	-0.017744
1.576588e-06	-0.01748
1.578588e-06	-0.017216
1.580588e-06	-0.01715
1.582588e-06	-0.017018
1.584588e-06	-0.016754
1.586588e-06	-0.017084
1.588588e-06	-0.017216
1.590588e-06	-0.017084
1.592588e-06	-0.016886
1.594588e-06	-0.016622
1.596588e-06	-0.016556
1.598588e-06	-0.016688
1.600588e-06	-0.01616
1.602588e-06	-0.016226
1.604588e-06	-0.016358
1.606588e-06	-0.016688
1.608588e-06	-0.016358
1.610588e-06	-0.016424
1.612588e-06	-0.01616
1.614588e-06	-0.01616
1.616588e-06	-0.015764
1.618588e-06	-0.016226
1.620588e-06	-0.016358
1.622588e-06	-0.016688
1.624588e-06	-0.016754
1.626588e-06	-0.01649
1.628588e-06	-0.01649
1.630588e-06	-0.016688
1.632588e-06	-0.016556
1.634588e-06	-0.016754
1.636588e-06	-0.017018
1.638588e-06	-0.017348
1.640588e-06	-0.017282
1.642588e-06	-0.017216
1.644588e-06	-0.017348
1.646588e-06	-0.017348
1.648588e-06	-0.01715
1.650588e-06	-0.017282
1.652588e-06	-0.017678
1.654588e-06	-0.017018
1.656588e-06	-0.01682
1.658588e-06	-0.016688
1.660588e-06	-0.016754
1.662588e-06	-0.01715
1.664588e-06	-0.017084
1.666588e-06	-0.017216
1.668588e-06	-0.017612
1.670588e-06	-0.017744
1.672588e-06	-0.017876
1.674588e-06	-0.018008
1.676588e-06	-0.01814
1.678588e-06	-0.018338
1.680588e-06	-0.018338
1.682588e-06	-0.018668
1.684588e-06	-0.018602
1.686588e-06	-0.018668
1.688588e-06	-0.018602
1.690588e-06	-0.018866
1.692588e-06	-0.018998
1.694588e-06	-0.019328
1.696588e-06	-0.019064
1.698588e-06	-0.019856
1.700588e-06	-0.019592
1.702588e-06	-0.01979
1.704588e-06	-0.019922
1.706588e-06	-0.019922
1.708588e-06	-0.019724
1.710588e-06	-0.019856
1.712588e-06	-0.019394
1.714588e-06	-0.019922
1.716588e-06	-0.020318
1.718588e-06	-0.019856
1.720588e-06	-0.019856
1.722588e-06	-0.020516
1.724588e-06	-0.020252
1.726588e-06	-0.020648
1.728588e-06	-0.020318
1.730588e-06	-0.02045
1.732588e-06	-0.020252
1.734588e-06	-0.02078
1.736588e-06	-0.020846
1.738588e-06	-0.020648
1.740588e-06	-0.020582
1.742588e-06	-0.02045
1.744588e-06	-0.02078
1.746588e-06	-0.020846
1.748588e-06	-0.020912
1.750588e-06	-0.020582
1.752588e-06	-0.020186
1.754588e-06	-0.02045
1.756588e-06	-0.020648
1.758588e-06	-0.020384
1.760588e-06	-0.020384
1.762588e-06	-0.020186
1.764588e-06	-0.020648
1.766588e-06	-0.020912
1.768588e-06	-0.020714
1.770588e-06	-0.020648
1.772588e-06	-0.020912
1.774588e-06	-0.020648
1.776588e-06	-0.020516
1.778588e-06	-0.020648
1.780588e-06	-0.020912
1.782588e-06	-0.020714
1.784588e-06	-0.020714
1.786588e-06	-0.020714
1.788588e-06	-0.020846
1.790588e-06	-0.020978
1.792588e-06	-0.02045
1.794588e-06	-0.02078
1.796588e-06	-0.021242
1.798588e-06	-0.021044
1.800588e-06	-0.021176
1.802588e-06	-0.02078
1.804588e-06	-0.021044
1.806588e-06	-0.021506
1.808588e-06	-0.021308
1.810588e-06	-0.021242
1.812588e-06	-0.021704
1.814588e-06	-0.021506
1.816588e-06	-0.0221
1.818588e-06	-0.021902
1.820588e-06	-0.022232
1.822588e-06	-0.022034
1.824588e-06	-0.022298
1.826588e-06	-0.022298
1.828588e-06	-0.0221
1.830588e-06	-0.022496
1.832588e-06	-0.0221
1.834588e-06	-0.021902
1.836588e-06	-0.022034
1.838588e-06	-0.022232
1.840588e-06	-0.021638
1.842588e-06	-0.021638
1.844588e-06	-0.021836
1.846588e-06	-0.022034
1.848588e-06	-0.02177
1.850588e-06	-0.02177
1.852588e-06	-0.022232
1.854588e-06	-0.022232
1.856588e-06	-0.022364
1.858588e-06	-0.022232
1.860588e-06	-0.022298
1.862588e-06	-0.022364
1.864588e-06	-0.02243
1.866588e-06	-0.022562
1.868588e-06	-0.022958
1.870588e-06	-0.022826
1.872588e-06	-0.02309
1.874588e-06	-0.02276
1.876588e-06	-0.022826
1.878588e-06	-0.022562
1.880588e-06	-0.022232
1.882588e-06	-0.0221
1.884588e-06	-0.022298
1.886588e-06	-0.022694
1.888588e-06	-0.022958
1.890588e-06	-0.022628
1.892588e-06	-0.022562
1.894588e-06	-0.022562
1.896588e-06	-0.022628
1.898588e-06	-0.02276
1.900588e-06	-0.023024
1.902588e-06	-0.023288
1.904588e-06	-0.023882
1.906588e-06	-0.02342
1.908588e-06	-0.023882
1.910588e-06	-0.023288
1.912588e-06	-0.023354
1.914588e-06	-0.023156
1.916588e-06	-0.023816
1.918588e-06	-0.023354
1.920588e-06	-0.023288
1.922588e-06	-0.023156
1.924588e-06	-0.023354
1.926588e-06	-0.023222
1.928588e-06	-0.023024
1.930588e-06	-0.02276
1.932588e-06	-0.02276
1.934588e-06	-0.022298
1.936588e-06	-0.022232
1.938588e-06	-0.022298
1.940588e-06	-0.022232
1.942588e-06	-0.021902
1.944588e-06	-0.021638
1.946588e-06	-0.021572
1.948588e-06	-0.021572
1.950588e-06	-0.021176
1.952588e-06	-0.021044
1.954588e-06	-0.02078
1.956588e-06	-0.020516
1.958588e-06	-0.020714
1.960588e-06	-0.020582
1.962588e-06	-0.019856
1.964588e-06	-0.020186
1.966588e-06	-0.02012
1.968588e-06	-0.019724
1.970588e-06	-0.019592
1.972588e-06	-0.019592
1.974588e-06	-0.019658
1.976588e-06	-0.019526
1.978588e-06	-0.019658
1.980588e-06	-0.020186
1.982588e-06	-0.020318
1.984588e-06	-0.020186
1.986588e-06	-0.020318
1.988588e-06	-0.02045
1.990588e-06	-0.019988
1.992588e-06	-0.020318
1.994588e-06	-0.020384
1.996588e-06	-0.020516
1.998588e-06	-0.020582
2.000588e-06	-0.02045
2.002588e-06	-0.019724
2.004588e-06	-0.019724
2.006588e-06	-0.019724
2.008588e-06	-0.019856
2.010588e-06	-0.019922
2.012588e-06	-0.019856
2.014588e-06	-0.020054
2.016588e-06	-0.01979
2.018588e-06	-0.020318
2.020588e-06	-0.019856
2.022588e-06	-0.019922
2.024588e-06	-0.01946
2.026588e-06	-0.019856
2.028588e-06	-0.019856
2.030588e-06	-0.01979
2.032588e-06	-0.019856
2.034588e-06	-0.019856
2.036588e-06	-0.020054
2.038588e-06	-0.020054
2.040588e-06	-0.019922
2.042588e-06	-0.020384
2.044588e-06	-0.020516
2.046588e-06	-0.020714
2.048588e-06	-0.020516
2.050588e-06	-0.020648
2.052588e-06	-0.020714
2.054588e-06	-0.021176
2.056588e-06	-0.021044
2.058588e-06	-0.02144
2.060588e-06	-0.02144
2.062588e-06	-0.021374
2.064588e-06	-0.021176
2.066588e-06	-0.021308
2.068588e-06	-0.021308
2.070588e-06	-0.021572
2.072588e-06	-0.021374
2.074588e-06	-0.021176
2.076588e-06	-0.021374
2.078588e-06	-0.02111
2.080588e-06	-0.021044
2.082588e-06	-0.02078
2.084588e-06	-0.020912
2.086588e-06	-0.020714
2.088588e-06	-0.020516
2.090588e-06	-0.02045
2.092588e-06	-0.020846
2.094588e-06	-0.02078
2.096588e-06	-0.020384
2.098588e-06	-0.020516
2.100588e-06	-0.02045
2.102588e-06	-0.020186
2.104588e-06	-0.020252
2.106588e-06	-0.02045
2.108588e-06	-0.020648
2.110588e-06	-0.020186
2.112588e-06	-0.020516
2.114588e-06	-0.020714
2.116588e-06	-0.020912
2.118588e-06	-0.020978
2.120588e-06	-0.020516
2.122588e-06	-0.02012
2.124588e-06	-0.02012
2.126588e-06	-0.02012
2.128588e-06	-0.02012
2.130588e-06	-0.01979
2.132588e-06	-0.020516
2.134588e-06	-0.02045
2.136588e-06	-0.020252
2.138588e-06	-0.020252
2.140588e-06	-0.020054
2.142588e-06	-0.02012
2.144588e-06	-0.019526
2.146588e-06	-0.019592
2.148588e-06	-0.020186
2.150588e-06	-0.019988
2.152588e-06	-0.020318
2.154588e-06	-0.020252
2.156588e-06	-0.020252
2.158588e-06	-0.020318
2.160588e-06	-0.01979
2.162588e-06	-0.019526
2.164588e-06	-0.019526
2.166588e-06	-0.019658
2.168588e-06	-0.018998
2.170588e-06	-0.01913
2.172588e-06	-0.019526
2.174588e-06	-0.01946
2.176588e-06	-0.019196
2.178588e-06	-0.019526
2.180588e-06	-0.019394
2.182588e-06	-0.019328
2.184588e-06	-0.01913
2.186588e-06	-0.019394
2.188588e-06	-0.01913
2.190588e-06	-0.019526
2.192588e-06	-0.019658
2.194588e-06	-0.019658
2.196588e-06	-0.02012
2.198588e-06	-0.020186
2.200588e-06	-0.020318
2.202588e-06	-0.020648
2.204588e-06	-0.020384
2.206588e-06	-0.020582
2.208588e-06	-0.020384
2.210588e-06	-0.019922
2.212588e-06	-0.020384
2.214588e-06	-0.020186
2.216588e-06	-0.019922
2.218588e-06	-0.019724
2.220588e-06	-0.019724
2.222588e-06	-0.019922
2.224588e-06	-0.020054
2.226588e-06	-0.020054
2.228588e-06	-0.019988
2.230588e-06	-0.01979
2.232588e-06	-0.020054
2.234588e-06	-0.02012
2.236588e-06	-0.020648
2.238588e-06	-0.020384
2.240588e-06	-0.020054
2.242588e-06	-0.020252
2.244588e-06	-0.020384
2.246588e-06	-0.020186
2.248588e-06	-0.020318
2.250588e-06	-0.020516
2.252588e-06	-0.020384
2.254588e-06	-0.020252
2.256588e-06	-0.020186
2.258588e-06	-0.02045
2.260588e-06	-0.020384
2.262588e-06	-0.020252
2.264588e-06	-0.019988
2.266588e-06	-0.020318
2.268588e-06	-0.020516
2.270588e-06	-0.02045
2.272588e-06	-0.020054
2.274588e-06	-0.020054
2.276588e-06	-0.019856
2.278588e-06	-0.019394
2.280588e-06	-0.018734
2.282588e-06	-0.019064
2.284588e-06	-0.0188
2.286588e-06	-0.018272
2.288588e-06	-0.018008
2.290588e-06	-0.017942
2.292588e-06	-0.017942
2.294588e-06	-0.018008
2.296588e-06	-0.017612
2.298588e-06	-0.017018
2.300588e-06	-0.016886
2.302588e-06	-0.016292
2.304588e-06	-0.016292
2.306588e-06	-0.016424
2.308588e-06	-0.01616
2.310588e-06	-0.016292
2.312588e-06	-0.015962
2.314588e-06	-0.016292
2.316588e-06	-0.01616
2.318588e-06	-0.016358
2.320588e-06	-0.015896
2.322588e-06	-0.016556
2.324588e-06	-0.016754
2.326588e-06	-0.016754
2.328588e-06	-0.016622
2.330588e-06	-0.016358
2.332588e-06	-0.016094
2.334588e-06	-0.016424
2.336588e-06	-0.01616
2.338588e-06	-0.015632
2.340588e-06	-0.015896
2.342588e-06	-0.015434
2.344588e-06	-0.015368
2.346588e-06	-0.015698
2.348588e-06	-0.015368
2.350588e-06	-0.015104
2.352588e-06	-0.015038
2.354588e-06	-0.01517
2.356588e-06	-0.015038
2.358588e-06	-0.01517
2.360588e-06	-0.015302
2.362588e-06	-0.01517
2.364588e-06	-0.015566
2.366588e-06	-0.015698
2.368588e-06	-0.015566
2.370588e-06	-0.015764
2.372588e-06	-0.0155
2.374588e-06	-0.015236
2.376588e-06	-0.015236
2.378588e-06	-0.015698
2.380588e-06	-0.015434
2.382588e-06	-0.015302
2.384588e-06	-0.015632
2.386588e-06	-0.015632
2.388588e-06	-0.016028
2.390588e-06	-0.0155
2.392588e-06	-0.015896
2.394588e-06	-0.016028
2.396588e-06	-0.016556
2.398588e-06	-0.016358
2.400588e-06	-0.016094
2.402588e-06	-0.016424
2.404588e-06	-0.016688
2.406588e-06	-0.016688
2.408588e-06	-0.01649
2.410588e-06	-0.016094
2.412588e-06	-0.016358
2.414588e-06	-0.016292
2.416588e-06	-0.016358
2.418588e-06	-0.016556
2.420588e-06	-0.016622
2.422588e-06	-0.016622
2.424588e-06	-0.01649
2.426588e-06	-0.016952
2.428588e-06	-0.016952
2.430588e-06	-0.016556
2.432588e-06	-0.016622
2.434588e-06	-0.016424
2.436588e-06	-0.016688
2.438588e-06	-0.016226
2.440588e-06	-0.016622
2.442588e-06	-0.016886
2.444588e-06	-0.017282
2.446588e-06	-0.017282
2.448588e-06	-0.017546
2.450588e-06	-0.017876
2.452588e-06	-0.01814
2.454588e-06	-0.017744
2.456588e-06	-0.017876
2.458588e-06	-0.017876
2.460588e-06	-0.017876
2.462588e-06	-0.017876
2.464588e-06	-0.017942
2.466588e-06	-0.018272
2.468588e-06	-0.018338
2.470588e-06	-0.017876
2.472588e-06	-0.017612
2.474588e-06	-0.017018
2.476588e-06	-0.016952
2.478588e-06	-0.016952
2.480588e-06	-0.017018
2.482588e-06	-0.01682
2.484588e-06	-0.016886
2.486588e-06	-0.01649
2.488588e-06	-0.01682
2.490588e-06	-0.016688
2.492588e-06	-0.016622
2.494588e-06	-0.016292
2.496588e-06	-0.016292
2.498588e-06	-0.016424
2.500588e-06	-0.01649
2.502588e-06	-0.016292
2.504588e-06	-0.01616
2.506588e-06	-0.016556
2.508588e-06	-0.01616
2.510588e-06	-0.01649
