LECROYHDO6104A	50809	Waveform
Segments	1	SegmentSize	2502
Segment	TrigTime	TimeSinceSegment1
#1	19-Dec-2022 19:15:49	0                 
Time	Ampl
-2.490732e-06	-0.01858
-2.488732e-06	-0.0185
-2.486732e-06	-0.0181
-2.484732e-06	-0.01818
-2.482732e-06	-0.0177
-2.480732e-06	-0.01766
-2.478732e-06	-0.01762
-2.476732e-06	-0.01702
-2.474732e-06	-0.01698
-2.472732e-06	-0.01662
-2.470732e-06	-0.01654
-2.468732e-06	-0.01634
-2.466732e-06	-0.01606
-2.464732e-06	-0.01626
-2.462732e-06	-0.01582
-2.460732e-06	-0.0155
-2.458732e-06	-0.01574
-2.456732e-06	-0.01586
-2.454732e-06	-0.01566
-2.452732e-06	-0.0155
-2.450732e-06	-0.0151
-2.448732e-06	-0.01522
-2.446732e-06	-0.0153
-2.444732e-06	-0.01542
-2.442732e-06	-0.0149
-2.440732e-06	-0.0149
-2.438732e-06	-0.01494
-2.436732e-06	-0.0151
-2.434732e-06	-0.01522
-2.432732e-06	-0.01494
-2.430732e-06	-0.01478
-2.428732e-06	-0.01522
-2.426732e-06	-0.0155
-2.424732e-06	-0.01574
-2.422732e-06	-0.0161
-2.420732e-06	-0.01618
-2.418732e-06	-0.01642
-2.416732e-06	-0.01662
-2.414732e-06	-0.01706
-2.412732e-06	-0.0177
-2.410732e-06	-0.0177
-2.408732e-06	-0.01802
-2.406732e-06	-0.01778
-2.404732e-06	-0.0183
-2.402732e-06	-0.01818
-2.400732e-06	-0.01806
-2.398732e-06	-0.01794
-2.396732e-06	-0.0183
-2.394732e-06	-0.01854
-2.392732e-06	-0.01838
-2.390732e-06	-0.01826
-2.388732e-06	-0.0181
-2.386732e-06	-0.01874
-2.384732e-06	-0.01926
-2.382732e-06	-0.01898
-2.380732e-06	-0.01914
-2.378732e-06	-0.01906
-2.376732e-06	-0.01914
-2.374732e-06	-0.0193
-2.372732e-06	-0.01986
-2.370732e-06	-0.01982
-2.368732e-06	-0.02006
-2.366732e-06	-0.02014
-2.364732e-06	-0.02086
-2.362732e-06	-0.02082
-2.360732e-06	-0.02018
-2.358732e-06	-0.02018
-2.356732e-06	-0.02054
-2.354732e-06	-0.02082
-2.352732e-06	-0.02074
-2.350732e-06	-0.02054
-2.348732e-06	-0.0207
-2.346732e-06	-0.02086
-2.344732e-06	-0.02094
-2.342732e-06	-0.0205
-2.340732e-06	-0.0209
-2.338732e-06	-0.0205
-2.336732e-06	-0.0205
-2.334732e-06	-0.02078
-2.332732e-06	-0.02086
-2.330732e-06	-0.0211
-2.328732e-06	-0.02146
-2.326732e-06	-0.02094
-2.324732e-06	-0.02098
-2.322732e-06	-0.02118
-2.320732e-06	-0.02126
-2.318732e-06	-0.02106
-2.316732e-06	-0.02114
-2.314732e-06	-0.02094
-2.312732e-06	-0.02078
-2.310732e-06	-0.02062
-2.308732e-06	-0.0207
-2.306732e-06	-0.02054
-2.304732e-06	-0.02062
-2.302732e-06	-0.02038
-2.300732e-06	-0.02074
-2.298732e-06	-0.02046
-2.296732e-06	-0.02042
-2.294732e-06	-0.02014
-2.292732e-06	-0.0203
-2.290732e-06	-0.02026
-2.288732e-06	-0.02002
-2.286732e-06	-0.02018
-2.284732e-06	-0.02022
-2.282732e-06	-0.02022
-2.280732e-06	-0.02006
-2.278732e-06	-0.02006
-2.276732e-06	-0.02078
-2.274732e-06	-0.0205
-2.272732e-06	-0.0207
-2.270732e-06	-0.02042
-2.268732e-06	-0.02062
-2.266732e-06	-0.02054
-2.264732e-06	-0.0211
-2.262732e-06	-0.0211
-2.260732e-06	-0.02134
-2.258732e-06	-0.02134
-2.256732e-06	-0.0215
-2.254732e-06	-0.02122
-2.252732e-06	-0.02154
-2.250732e-06	-0.02106
-2.248732e-06	-0.0211
-2.246732e-06	-0.02086
-2.244732e-06	-0.02098
-2.242732e-06	-0.0209
-2.240732e-06	-0.0209
-2.238732e-06	-0.0207
-2.236732e-06	-0.02074
-2.234732e-06	-0.0203
-2.232732e-06	-0.02054
-2.230732e-06	-0.0203
-2.228732e-06	-0.02022
-2.226732e-06	-0.01994
-2.224732e-06	-0.02002
-2.222732e-06	-0.01966
-2.220732e-06	-0.01994
-2.218732e-06	-0.01962
-2.216732e-06	-0.01958
-2.214732e-06	-0.01962
-2.212732e-06	-0.02006
-2.210732e-06	-0.0199
-2.208732e-06	-0.0195
-2.206732e-06	-0.01906
-2.204732e-06	-0.01922
-2.202732e-06	-0.01894
-2.200732e-06	-0.01918
-2.198732e-06	-0.01914
-2.196732e-06	-0.01958
-2.194732e-06	-0.01918
-2.192732e-06	-0.0193
-2.190732e-06	-0.01902
-2.188732e-06	-0.01926
-2.186732e-06	-0.0189
-2.184732e-06	-0.01898
-2.182732e-06	-0.0189
-2.180732e-06	-0.01962
-2.178732e-06	-0.01966
-2.176732e-06	-0.01958
-2.174732e-06	-0.01958
-2.172732e-06	-0.01994
-2.170732e-06	-0.0195
-2.168732e-06	-0.01958
-2.166732e-06	-0.01902
-2.164732e-06	-0.01958
-2.162732e-06	-0.01902
-2.160732e-06	-0.01906
-2.158732e-06	-0.01862
-2.156732e-06	-0.01822
-2.154732e-06	-0.01818
-2.152732e-06	-0.01814
-2.150732e-06	-0.01794
-2.148732e-06	-0.01806
-2.146732e-06	-0.01806
-2.144732e-06	-0.01806
-2.142732e-06	-0.01814
-2.140732e-06	-0.01854
-2.138732e-06	-0.0185
-2.136732e-06	-0.0183
-2.134732e-06	-0.01818
-2.132732e-06	-0.01814
-2.130732e-06	-0.01842
-2.128732e-06	-0.01842
-2.126732e-06	-0.0187
-2.124732e-06	-0.01886
-2.122732e-06	-0.01878
-2.120732e-06	-0.01918
-2.118732e-06	-0.01938
-2.116732e-06	-0.0191
-2.114732e-06	-0.01926
-2.112732e-06	-0.01934
-2.110732e-06	-0.01918
-2.108732e-06	-0.01958
-2.106732e-06	-0.01958
-2.104732e-06	-0.01974
-2.102732e-06	-0.01986
-2.100732e-06	-0.01978
-2.098732e-06	-0.01994
-2.096732e-06	-0.02022
-2.094732e-06	-0.02014
-2.092732e-06	-0.02026
-2.090732e-06	-0.02038
-2.088732e-06	-0.0201
-2.086732e-06	-0.02042
-2.084732e-06	-0.02078
-2.082732e-06	-0.02062
-2.080732e-06	-0.02062
-2.078732e-06	-0.02074
-2.076732e-06	-0.02082
-2.074732e-06	-0.0207
-2.072732e-06	-0.02058
-2.070732e-06	-0.0209
-2.068732e-06	-0.02146
-2.066732e-06	-0.02162
-2.064732e-06	-0.0221
-2.062732e-06	-0.02182
-2.060732e-06	-0.02186
-2.058732e-06	-0.02146
-2.056732e-06	-0.02138
-2.054732e-06	-0.02122
-2.052732e-06	-0.02118
-2.050732e-06	-0.02102
-2.048732e-06	-0.02086
-2.046732e-06	-0.02078
-2.044732e-06	-0.02114
-2.042732e-06	-0.02118
-2.040732e-06	-0.02122
-2.038732e-06	-0.02098
-2.036732e-06	-0.02098
-2.034732e-06	-0.02102
-2.032732e-06	-0.02126
-2.030732e-06	-0.02122
-2.028732e-06	-0.02154
-2.026732e-06	-0.02082
-2.024732e-06	-0.02058
-2.022732e-06	-0.02086
-2.020732e-06	-0.02086
-2.018732e-06	-0.02042
-2.016732e-06	-0.02042
-2.014732e-06	-0.0199
-2.012732e-06	-0.02014
-2.010732e-06	-0.01986
-2.008732e-06	-0.01946
-2.006732e-06	-0.01878
-2.004732e-06	-0.0189
-2.002732e-06	-0.01898
-2.000732e-06	-0.01934
-1.998732e-06	-0.01886
-1.996732e-06	-0.01882
-1.994732e-06	-0.01918
-1.992732e-06	-0.0191
-1.990732e-06	-0.01914
-1.988732e-06	-0.01946
-1.986732e-06	-0.01934
-1.984732e-06	-0.01962
-1.982732e-06	-0.01954
-1.980732e-06	-0.01966
-1.978732e-06	-0.0193
-1.976732e-06	-0.01954
-1.974732e-06	-0.01938
-1.972732e-06	-0.01958
-1.970732e-06	-0.01962
-1.968732e-06	-0.01978
-1.966732e-06	-0.01966
-1.964732e-06	-0.0197
-1.962732e-06	-0.0197
-1.960732e-06	-0.01986
-1.958732e-06	-0.01922
-1.956732e-06	-0.01934
-1.954732e-06	-0.0195
-1.952732e-06	-0.01926
-1.950732e-06	-0.01906
-1.948732e-06	-0.01946
-1.946732e-06	-0.0193
-1.944732e-06	-0.0193
-1.942732e-06	-0.01914
-1.940732e-06	-0.0191
-1.938732e-06	-0.01878
-1.936732e-06	-0.01862
-1.934732e-06	-0.01834
-1.932732e-06	-0.01842
-1.930732e-06	-0.01854
-1.928732e-06	-0.0183
-1.926732e-06	-0.0183
-1.924732e-06	-0.01894
-1.922732e-06	-0.01898
-1.920732e-06	-0.01918
-1.918732e-06	-0.0189
-1.916732e-06	-0.01882
-1.914732e-06	-0.0187
-1.912732e-06	-0.01894
-1.910732e-06	-0.01866
-1.908732e-06	-0.01886
-1.906732e-06	-0.01898
-1.904732e-06	-0.0187
-1.902732e-06	-0.01822
-1.900732e-06	-0.01846
-1.898732e-06	-0.01814
-1.896732e-06	-0.01814
-1.894732e-06	-0.01778
-1.892732e-06	-0.01826
-1.890732e-06	-0.01834
-1.888732e-06	-0.0185
-1.886732e-06	-0.0191
-1.884732e-06	-0.01902
-1.882732e-06	-0.01914
-1.880732e-06	-0.01938
-1.878732e-06	-0.01922
-1.876732e-06	-0.01966
-1.874732e-06	-0.01946
-1.872732e-06	-0.01958
-1.870732e-06	-0.01922
-1.868732e-06	-0.0193
-1.866732e-06	-0.01906
-1.864732e-06	-0.0189
-1.862732e-06	-0.01902
-1.860732e-06	-0.01898
-1.858732e-06	-0.01918
-1.856732e-06	-0.01938
-1.854732e-06	-0.0193
-1.852732e-06	-0.01966
-1.850732e-06	-0.0193
-1.848732e-06	-0.0195
-1.846732e-06	-0.01926
-1.844732e-06	-0.0193
-1.842732e-06	-0.01946
-1.840732e-06	-0.01954
-1.838732e-06	-0.0191
-1.836732e-06	-0.01906
-1.834732e-06	-0.01906
-1.832732e-06	-0.01938
-1.830732e-06	-0.01894
-1.828732e-06	-0.01878
-1.826732e-06	-0.01906
-1.824732e-06	-0.01906
-1.822732e-06	-0.01858
-1.820732e-06	-0.01902
-1.818732e-06	-0.01898
-1.816732e-06	-0.0191
-1.814732e-06	-0.01918
-1.812732e-06	-0.01898
-1.810732e-06	-0.01898
-1.808732e-06	-0.01906
-1.806732e-06	-0.01902
-1.804732e-06	-0.0193
-1.802732e-06	-0.01918
-1.800732e-06	-0.01938
-1.798732e-06	-0.01954
-1.796732e-06	-0.02014
-1.794732e-06	-0.02022
-1.792732e-06	-0.02022
-1.790732e-06	-0.01982
-1.788732e-06	-0.01994
-1.786732e-06	-0.0195
-1.784732e-06	-0.01986
-1.782732e-06	-0.01966
-1.780732e-06	-0.01982
-1.778732e-06	-0.02006
-1.776732e-06	-0.0201
-1.774732e-06	-0.02022
-1.772732e-06	-0.02034
-1.770732e-06	-0.02002
-1.768732e-06	-0.02026
-1.766732e-06	-0.0201
-1.764732e-06	-0.02014
-1.762732e-06	-0.02006
-1.760732e-06	-0.02034
-1.758732e-06	-0.02034
-1.756732e-06	-0.02058
-1.754732e-06	-0.0201
-1.752732e-06	-0.0203
-1.750732e-06	-0.02058
-1.748732e-06	-0.02098
-1.746732e-06	-0.02066
-1.744732e-06	-0.02066
-1.742732e-06	-0.02006
-1.740732e-06	-0.02014
-1.738732e-06	-0.02034
-1.736732e-06	-0.02046
-1.734732e-06	-0.02066
-1.732732e-06	-0.02082
-1.730732e-06	-0.02066
-1.728732e-06	-0.02062
-1.726732e-06	-0.02018
-1.724732e-06	-0.02026
-1.722732e-06	-0.02006
-1.720732e-06	-0.02018
-1.718732e-06	-0.01962
-1.716732e-06	-0.01982
-1.714732e-06	-0.01942
-1.712732e-06	-0.01926
-1.710732e-06	-0.01918
-1.708732e-06	-0.01938
-1.706732e-06	-0.0191
-1.704732e-06	-0.01934
-1.702732e-06	-0.01906
-1.700732e-06	-0.01922
-1.698732e-06	-0.01926
-1.696732e-06	-0.01894
-1.694732e-06	-0.01898
-1.692732e-06	-0.01874
-1.690732e-06	-0.01886
-1.688732e-06	-0.01898
-1.686732e-06	-0.01942
-1.684732e-06	-0.0191
-1.682732e-06	-0.01874
-1.680732e-06	-0.01894
-1.678732e-06	-0.01902
-1.676732e-06	-0.01926
-1.674732e-06	-0.01886
-1.672732e-06	-0.01878
-1.670732e-06	-0.01874
-1.668732e-06	-0.0193
-1.666732e-06	-0.0193
-1.664732e-06	-0.01926
-1.662732e-06	-0.01934
-1.660732e-06	-0.01986
-1.658732e-06	-0.0199
-1.656732e-06	-0.01982
-1.654732e-06	-0.0195
-1.652732e-06	-0.0197
-1.650732e-06	-0.02002
-1.648732e-06	-0.02026
-1.646732e-06	-0.01994
-1.644732e-06	-0.02026
-1.642732e-06	-0.02018
-1.640732e-06	-0.02042
-1.638732e-06	-0.0199
-1.636732e-06	-0.0199
-1.634732e-06	-0.01974
-1.632732e-06	-0.01982
-1.630732e-06	-0.01998
-1.628732e-06	-0.0197
-1.626732e-06	-0.0193
-1.624732e-06	-0.01922
-1.622732e-06	-0.01878
-1.620732e-06	-0.01914
-1.618732e-06	-0.01902
-1.616732e-06	-0.01874
-1.614732e-06	-0.01838
-1.612732e-06	-0.01878
-1.610732e-06	-0.01862
-1.608732e-06	-0.0187
-1.606732e-06	-0.01842
-1.604732e-06	-0.01822
-1.602732e-06	-0.01886
-1.600732e-06	-0.01922
-1.598732e-06	-0.0189
-1.596732e-06	-0.01926
-1.594732e-06	-0.01938
-1.592732e-06	-0.01958
-1.590732e-06	-0.01962
-1.588732e-06	-0.01982
-1.586732e-06	-0.01994
-1.584732e-06	-0.0197
-1.582732e-06	-0.01998
-1.580732e-06	-0.02022
-1.578732e-06	-0.02018
-1.576732e-06	-0.02026
-1.574732e-06	-0.0201
-1.572732e-06	-0.02046
-1.570732e-06	-0.02038
-1.568732e-06	-0.0205
-1.566732e-06	-0.02006
-1.564732e-06	-0.02038
-1.562732e-06	-0.02062
-1.560732e-06	-0.02054
-1.558732e-06	-0.02066
-1.556732e-06	-0.02082
-1.554732e-06	-0.02058
-1.552732e-06	-0.02054
-1.550732e-06	-0.02022
-1.548732e-06	-0.02046
-1.546732e-06	-0.02002
-1.544732e-06	-0.0201
-1.542732e-06	-0.0197
-1.540732e-06	-0.0197
-1.538732e-06	-0.01958
-1.536732e-06	-0.01954
-1.534732e-06	-0.0189
-1.532732e-06	-0.01882
-1.530732e-06	-0.01878
-1.528732e-06	-0.0187
-1.526732e-06	-0.01854
-1.524732e-06	-0.01842
-1.522732e-06	-0.01842
-1.520732e-06	-0.01818
-1.518732e-06	-0.01834
-1.516732e-06	-0.0185
-1.514732e-06	-0.01838
-1.512732e-06	-0.01858
-1.510732e-06	-0.0185
-1.508732e-06	-0.0191
-1.506732e-06	-0.0189
-1.504732e-06	-0.01914
-1.502732e-06	-0.0185
-1.500732e-06	-0.01858
-1.498732e-06	-0.01818
-1.496732e-06	-0.01782
-1.494732e-06	-0.0177
-1.492732e-06	-0.01754
-1.490732e-06	-0.01738
-1.488732e-06	-0.01694
-1.486732e-06	-0.01722
-1.484732e-06	-0.01754
-1.482732e-06	-0.01746
-1.480732e-06	-0.0179
-1.478732e-06	-0.01754
-1.476732e-06	-0.01734
-1.474732e-06	-0.01686
-1.472732e-06	-0.01646
-1.470732e-06	-0.01626
-1.468732e-06	-0.0165
-1.466732e-06	-0.0165
-1.464732e-06	-0.01606
-1.462732e-06	-0.01606
-1.460732e-06	-0.01642
-1.458732e-06	-0.01634
-1.456732e-06	-0.01594
-1.454732e-06	-0.01562
-1.452732e-06	-0.01602
-1.450732e-06	-0.01566
-1.448732e-06	-0.0159
-1.446732e-06	-0.01578
-1.444732e-06	-0.01622
-1.442732e-06	-0.01594
-1.440732e-06	-0.0161
-1.438732e-06	-0.0159
-1.436732e-06	-0.01582
-1.434732e-06	-0.01586
-1.432732e-06	-0.01594
-1.430732e-06	-0.01634
-1.428732e-06	-0.01626
-1.426732e-06	-0.01598
-1.424732e-06	-0.01602
-1.422732e-06	-0.01558
-1.420732e-06	-0.01618
-1.418732e-06	-0.0161
-1.416732e-06	-0.01594
-1.414732e-06	-0.0155
-1.412732e-06	-0.01578
-1.410732e-06	-0.01538
-1.408732e-06	-0.0151
-1.406732e-06	-0.01482
-1.404732e-06	-0.01522
-1.402732e-06	-0.01522
-1.400732e-06	-0.01498
-1.398732e-06	-0.01498
-1.396732e-06	-0.0147
-1.394732e-06	-0.01438
-1.392732e-06	-0.01454
-1.390732e-06	-0.01446
-1.388732e-06	-0.01486
-1.386732e-06	-0.01474
-1.384732e-06	-0.0149
-1.382732e-06	-0.01454
-1.380732e-06	-0.01482
-1.378732e-06	-0.01486
-1.376732e-06	-0.01502
-1.374732e-06	-0.0153
-1.372732e-06	-0.01606
-1.370732e-06	-0.01582
-1.368732e-06	-0.01574
-1.366732e-06	-0.01574
-1.364732e-06	-0.01602
-1.362732e-06	-0.0161
-1.360732e-06	-0.01594
-1.358732e-06	-0.01574
-1.356732e-06	-0.01622
-1.354732e-06	-0.01618
-1.352732e-06	-0.01642
-1.350732e-06	-0.01662
-1.348732e-06	-0.01698
-1.346732e-06	-0.01686
-1.344732e-06	-0.01706
-1.342732e-06	-0.01686
-1.340732e-06	-0.01706
-1.338732e-06	-0.0169
-1.336732e-06	-0.0169
-1.334732e-06	-0.01674
-1.332732e-06	-0.01694
-1.330732e-06	-0.01666
-1.328732e-06	-0.01654
-1.326732e-06	-0.01626
-1.324732e-06	-0.01666
-1.322732e-06	-0.01646
-1.320732e-06	-0.01642
-1.318732e-06	-0.01658
-1.316732e-06	-0.01682
-1.314732e-06	-0.01706
-1.312732e-06	-0.0173
-1.310732e-06	-0.01726
-1.308732e-06	-0.01746
-1.306732e-06	-0.01698
-1.304732e-06	-0.01714
-1.302732e-06	-0.0169
-1.300732e-06	-0.01722
-1.298732e-06	-0.01698
-1.296732e-06	-0.01678
-1.294732e-06	-0.01662
-1.292732e-06	-0.01662
-1.290732e-06	-0.01686
-1.288732e-06	-0.01654
-1.286732e-06	-0.01594
-1.284732e-06	-0.01618
-1.282732e-06	-0.01602
-1.280732e-06	-0.01586
-1.278732e-06	-0.01602
-1.276732e-06	-0.0159
-1.274732e-06	-0.01554
-1.272732e-06	-0.0157
-1.270732e-06	-0.01602
-1.268732e-06	-0.01626
-1.266732e-06	-0.01654
-1.264732e-06	-0.01634
-1.262732e-06	-0.01614
-1.260732e-06	-0.01642
-1.258732e-06	-0.0167
-1.256732e-06	-0.01686
-1.254732e-06	-0.01762
-1.252732e-06	-0.0181
-1.250732e-06	-0.01822
-1.248732e-06	-0.01798
-1.246732e-06	-0.01834
-1.244732e-06	-0.01886
-1.242732e-06	-0.01902
-1.240732e-06	-0.01914
-1.238732e-06	-0.01902
-1.236732e-06	-0.01918
-1.234732e-06	-0.01914
-1.232732e-06	-0.01986
-1.230732e-06	-0.01966
-1.228732e-06	-0.02014
-1.226732e-06	-0.0197
-1.224732e-06	-0.01958
-1.222732e-06	-0.01998
-1.220732e-06	-0.02014
-1.218732e-06	-0.02046
-1.216732e-06	-0.02046
-1.214732e-06	-0.02002
-1.212732e-06	-0.02026
-1.210732e-06	-0.02066
-1.208732e-06	-0.02086
-1.206732e-06	-0.02106
-1.204732e-06	-0.02122
-1.202732e-06	-0.02158
-1.200732e-06	-0.0215
-1.198732e-06	-0.02138
-1.196732e-06	-0.02146
-1.194732e-06	-0.02122
-1.192732e-06	-0.02134
-1.190732e-06	-0.02138
-1.188732e-06	-0.02162
-1.186732e-06	-0.02134
-1.184732e-06	-0.02174
-1.182732e-06	-0.02182
-1.180732e-06	-0.02206
-1.178732e-06	-0.02202
-1.176732e-06	-0.02242
-1.174732e-06	-0.02206
-1.172732e-06	-0.02258
-1.170732e-06	-0.02206
-1.168732e-06	-0.02214
-1.166732e-06	-0.02186
-1.164732e-06	-0.0221
-1.162732e-06	-0.02206
-1.160732e-06	-0.02198
-1.158732e-06	-0.02194
-1.156732e-06	-0.02202
-1.154732e-06	-0.02218
-1.152732e-06	-0.02226
-1.150732e-06	-0.02202
-1.148732e-06	-0.02226
-1.146732e-06	-0.0221
-1.144732e-06	-0.0225
-1.142732e-06	-0.0223
-1.140732e-06	-0.02234
-1.138732e-06	-0.0225
-1.136732e-06	-0.0225
-1.134732e-06	-0.02214
-1.132732e-06	-0.02262
-1.130732e-06	-0.02234
-1.128732e-06	-0.02238
-1.126732e-06	-0.02218
-1.124732e-06	-0.02246
-1.122732e-06	-0.02218
-1.120732e-06	-0.02222
-1.118732e-06	-0.02178
-1.116732e-06	-0.02202
-1.114732e-06	-0.0217
-1.112732e-06	-0.02138
-1.110732e-06	-0.0209
-1.108732e-06	-0.0211
-1.106732e-06	-0.02082
-1.104732e-06	-0.02042
-1.102732e-06	-0.01986
-1.100732e-06	-0.02022
-1.098732e-06	-0.02034
-1.096732e-06	-0.01986
-1.094732e-06	-0.01974
-1.092732e-06	-0.01974
-1.090732e-06	-0.0195
-1.088732e-06	-0.01954
-1.086732e-06	-0.01878
-1.084732e-06	-0.01874
-1.082732e-06	-0.01846
-1.080732e-06	-0.01822
-1.078732e-06	-0.01798
-1.076732e-06	-0.01806
-1.074732e-06	-0.01822
-1.072732e-06	-0.0181
-1.070732e-06	-0.0179
-1.068732e-06	-0.01818
-1.066732e-06	-0.0183
-1.064732e-06	-0.01846
-1.062732e-06	-0.01838
-1.060732e-06	-0.01874
-1.058732e-06	-0.01866
-1.056732e-06	-0.01862
-1.054732e-06	-0.01862
-1.052732e-06	-0.01854
-1.050732e-06	-0.01882
-1.048732e-06	-0.01846
-1.046732e-06	-0.01838
-1.044732e-06	-0.01846
-1.042732e-06	-0.01834
-1.040732e-06	-0.01822
-1.038732e-06	-0.01822
-1.036732e-06	-0.01826
-1.034732e-06	-0.0183
-1.032732e-06	-0.0181
-1.030732e-06	-0.0179
-1.028732e-06	-0.01846
-1.026732e-06	-0.01862
-1.024732e-06	-0.01882
-1.022732e-06	-0.01838
-1.020732e-06	-0.01894
-1.018732e-06	-0.01854
-1.016732e-06	-0.01862
-1.014732e-06	-0.01838
-1.012732e-06	-0.0179
-1.010732e-06	-0.01814
-1.008732e-06	-0.01822
-1.006732e-06	-0.0181
-1.004732e-06	-0.0179
-1.002732e-06	-0.01774
-1.000732e-06	-0.0179
-9.987318e-07	-0.01758
-9.967318e-07	-0.0175
-9.947318e-07	-0.01738
-9.927318e-07	-0.01714
-9.907318e-07	-0.01686
-9.887318e-07	-0.01702
-9.867318e-07	-0.01706
-9.847318e-07	-0.01698
-9.827318e-07	-0.01694
-9.807318e-07	-0.01698
-9.787318e-07	-0.01706
-9.767318e-07	-0.01686
-9.747318e-07	-0.01706
-9.727318e-07	-0.0171
-9.707318e-07	-0.0171
-9.687318e-07	-0.01722
-9.667318e-07	-0.01694
-9.647318e-07	-0.01718
-9.627318e-07	-0.0171
-9.607318e-07	-0.0167
-9.587318e-07	-0.01662
-9.567318e-07	-0.01674
-9.547318e-07	-0.01686
-9.527318e-07	-0.0167
-9.507318e-07	-0.01674
-9.487318e-07	-0.01678
-9.467318e-07	-0.01686
-9.447318e-07	-0.01678
-9.427318e-07	-0.01674
-9.407318e-07	-0.01718
-9.387318e-07	-0.01734
-9.367318e-07	-0.01742
-9.347318e-07	-0.01754
-9.327318e-07	-0.01782
-9.307318e-07	-0.01762
-9.287318e-07	-0.01738
-9.267318e-07	-0.01762
-9.247318e-07	-0.0177
-9.227318e-07	-0.01766
-9.207318e-07	-0.01762
-9.187318e-07	-0.0177
-9.167318e-07	-0.01794
-9.147318e-07	-0.01778
-9.127318e-07	-0.0179
-9.107318e-07	-0.01778
-9.087318e-07	-0.01774
-9.067318e-07	-0.0179
-9.047318e-07	-0.01786
-9.027318e-07	-0.01766
-9.007318e-07	-0.01822
-8.987318e-07	-0.01814
-8.967318e-07	-0.01802
-8.947318e-07	-0.01774
-8.927318e-07	-0.01714
-8.907318e-07	-0.01734
-8.887318e-07	-0.01746
-8.867318e-07	-0.01762
-8.847318e-07	-0.01778
-8.827318e-07	-0.01798
-8.807318e-07	-0.01778
-8.787318e-07	-0.01794
-8.767318e-07	-0.01806
-8.747318e-07	-0.0179
-8.727318e-07	-0.01798
-8.707318e-07	-0.0179
-8.687318e-07	-0.01822
-8.667318e-07	-0.01838
-8.647318e-07	-0.01842
-8.627318e-07	-0.01826
-8.607318e-07	-0.01834
-8.587318e-07	-0.01862
-8.567318e-07	-0.01866
-8.547318e-07	-0.01882
-8.527318e-07	-0.01926
-8.507318e-07	-0.01918
-8.487318e-07	-0.01942
-8.467318e-07	-0.01914
-8.447318e-07	-0.01942
-8.427318e-07	-0.01942
-8.407318e-07	-0.01946
-8.387318e-07	-0.01922
-8.367318e-07	-0.01946
-8.347318e-07	-0.01962
-8.327318e-07	-0.01974
-8.307318e-07	-0.01974
-8.287318e-07	-0.01986
-8.267318e-07	-0.01998
-8.247318e-07	-0.01978
-8.227318e-07	-0.0199
-8.207318e-07	-0.02026
-8.187318e-07	-0.02042
-8.167318e-07	-0.02054
-8.147318e-07	-0.02038
-8.127318e-07	-0.0207
-8.107318e-07	-0.02038
-8.087318e-07	-0.02042
-8.067318e-07	-0.02046
-8.047318e-07	-0.02094
-8.027318e-07	-0.0207
-8.007318e-07	-0.02094
-7.987318e-07	-0.02106
-7.967318e-07	-0.0213
-7.947318e-07	-0.0211
-7.927318e-07	-0.02122
-7.907318e-07	-0.0211
-7.887318e-07	-0.02162
-7.867318e-07	-0.02142
-7.847318e-07	-0.0217
-7.827318e-07	-0.02146
-7.807318e-07	-0.0215
-7.787318e-07	-0.02182
-7.767318e-07	-0.02182
-7.747318e-07	-0.02138
-7.727318e-07	-0.02146
-7.707318e-07	-0.02122
-7.687318e-07	-0.02146
-7.667318e-07	-0.02094
-7.647318e-07	-0.02126
-7.627318e-07	-0.02094
-7.607318e-07	-0.02106
-7.587318e-07	-0.02122
-7.567318e-07	-0.02106
-7.547318e-07	-0.02118
-7.527318e-07	-0.02094
-7.507318e-07	-0.02062
-7.487318e-07	-0.02082
-7.467318e-07	-0.02054
-7.447318e-07	-0.02054
-7.427318e-07	-0.02042
-7.407318e-07	-0.02038
-7.387318e-07	-0.01998
-7.367318e-07	-0.01986
-7.347318e-07	-0.01966
-7.327318e-07	-0.01962
-7.307318e-07	-0.0197
-7.287318e-07	-0.01946
-7.267318e-07	-0.01938
-7.247318e-07	-0.01978
-7.227318e-07	-0.01974
-7.207318e-07	-0.01986
-7.187318e-07	-0.0199
-7.167318e-07	-0.0203
-7.147318e-07	-0.0199
-7.127318e-07	-0.01974
-7.107318e-07	-0.01974
-7.087318e-07	-0.01978
-7.067318e-07	-0.01982
-7.047318e-07	-0.0199
-7.027318e-07	-0.02026
-7.007318e-07	-0.02058
-6.987318e-07	-0.02018
-6.967318e-07	-0.02038
-6.947318e-07	-0.0203
-6.927318e-07	-0.02038
-6.907318e-07	-0.0201
-6.887318e-07	-0.0201
-6.867318e-07	-0.02006
-6.847318e-07	-0.02034
-6.827318e-07	-0.0205
-6.807318e-07	-0.02062
-6.787318e-07	-0.0203
-6.767318e-07	-0.02038
-6.747318e-07	-0.02038
-6.727318e-07	-0.02058
-6.707318e-07	-0.0205
-6.687318e-07	-0.02086
-6.667318e-07	-0.02074
-6.647318e-07	-0.02106
-6.627318e-07	-0.0209
-6.607318e-07	-0.02078
-6.587318e-07	-0.02074
-6.567318e-07	-0.02054
-6.547318e-07	-0.02038
-6.527318e-07	-0.02042
-6.507318e-07	-0.02034
-6.487318e-07	-0.02066
-6.467318e-07	-0.02022
-6.447318e-07	-0.0205
-6.427318e-07	-0.02038
-6.407318e-07	-0.02038
-6.387318e-07	-0.02018
-6.367318e-07	-0.02062
-6.347318e-07	-0.02038
-6.327318e-07	-0.01998
-6.307318e-07	-0.02014
-6.287318e-07	-0.0205
-6.267318e-07	-0.02054
-6.247318e-07	-0.0205
-6.227318e-07	-0.02018
-6.207318e-07	-0.02042
-6.187318e-07	-0.01998
-6.167318e-07	-0.01994
-6.147318e-07	-0.01982
-6.127318e-07	-0.02002
-6.107318e-07	-0.02006
-6.087318e-07	-0.01986
-6.067318e-07	-0.01962
-6.047318e-07	-0.02018
-6.027318e-07	-0.01974
-6.007318e-07	-0.01998
-5.987318e-07	-0.02002
-5.967318e-07	-0.02002
-5.947318e-07	-0.01982
-5.927318e-07	-0.0199
-5.907318e-07	-0.01954
-5.887318e-07	-0.01974
-5.867318e-07	-0.01974
-5.847318e-07	-0.01954
-5.827318e-07	-0.01906
-5.807318e-07	-0.01934
-5.787318e-07	-0.01922
-5.767318e-07	-0.0191
-5.747318e-07	-0.01874
-5.727318e-07	-0.01858
-5.707318e-07	-0.01882
-5.687318e-07	-0.01874
-5.667318e-07	-0.01866
-5.647318e-07	-0.01898
-5.627318e-07	-0.01866
-5.607318e-07	-0.01882
-5.587318e-07	-0.01866
-5.567318e-07	-0.01878
-5.547318e-07	-0.01862
-5.527318e-07	-0.01874
-5.507318e-07	-0.01838
-5.487318e-07	-0.01806
-5.467318e-07	-0.0181
-5.447318e-07	-0.01826
-5.427318e-07	-0.01802
-5.407318e-07	-0.01842
-5.387318e-07	-0.01834
-5.367318e-07	-0.0183
-5.347318e-07	-0.01798
-5.327318e-07	-0.01806
-5.307318e-07	-0.01802
-5.287318e-07	-0.0185
-5.267318e-07	-0.01806
-5.247318e-07	-0.0183
-5.227318e-07	-0.01874
-5.207318e-07	-0.01878
-5.187318e-07	-0.01838
-5.167318e-07	-0.01878
-5.147318e-07	-0.01874
-5.127318e-07	-0.01906
-5.107318e-07	-0.0191
-5.087318e-07	-0.01954
-5.067318e-07	-0.01978
-5.047318e-07	-0.0201
-5.027318e-07	-0.01994
-5.007318e-07	-0.02022
-4.987318e-07	-0.01994
-4.967318e-07	-0.01982
-4.947318e-07	-0.01922
-4.927318e-07	-0.01958
-4.907318e-07	-0.01942
-4.887318e-07	-0.01918
-4.867318e-07	-0.0187
-4.847318e-07	-0.01906
-4.827318e-07	-0.01874
-4.807318e-07	-0.01938
-4.787318e-07	-0.0191
-4.767318e-07	-0.01898
-4.747318e-07	-0.01886
-4.727318e-07	-0.01934
-4.707318e-07	-0.01958
-4.687318e-07	-0.01938
-4.667318e-07	-0.01902
-4.647318e-07	-0.01938
-4.627318e-07	-0.0195
-4.607318e-07	-0.01946
-4.587318e-07	-0.01942
-4.567318e-07	-0.01966
-4.547318e-07	-0.01978
-4.527318e-07	-0.02002
-4.507318e-07	-0.0197
-4.487318e-07	-0.01994
-4.467318e-07	-0.01994
-4.447318e-07	-0.0203
-4.427318e-07	-0.02006
-4.407318e-07	-0.01998
-4.387318e-07	-0.01982
-4.367318e-07	-0.01962
-4.347318e-07	-0.01902
-4.327318e-07	-0.01926
-4.307318e-07	-0.01902
-4.287318e-07	-0.01898
-4.267318e-07	-0.0189
-4.247318e-07	-0.0189
-4.227318e-07	-0.01882
-4.207318e-07	-0.01878
-4.187318e-07	-0.01866
-4.167318e-07	-0.01842
-4.147318e-07	-0.01842
-4.127318e-07	-0.01866
-4.107318e-07	-0.01854
-4.087318e-07	-0.01842
-4.067318e-07	-0.01806
-4.047318e-07	-0.01818
-4.027318e-07	-0.01854
-4.007318e-07	-0.01878
-3.987318e-07	-0.0187
-3.967318e-07	-0.0191
-3.947318e-07	-0.01894
-3.927318e-07	-0.01882
-3.907318e-07	-0.0187
-3.887318e-07	-0.01902
-3.867318e-07	-0.0189
-3.847318e-07	-0.01906
-3.827318e-07	-0.01906
-3.807318e-07	-0.01906
-3.787318e-07	-0.01902
-3.767318e-07	-0.01934
-3.747318e-07	-0.01898
-3.727318e-07	-0.01914
-3.707318e-07	-0.01902
-3.687318e-07	-0.01954
-3.667318e-07	-0.01966
-3.647318e-07	-0.01974
-3.627318e-07	-0.01998
-3.607318e-07	-0.0201
-3.587318e-07	-0.01982
-3.567318e-07	-0.02014
-3.547318e-07	-0.02034
-3.527318e-07	-0.02018
-3.507318e-07	-0.02002
-3.487318e-07	-0.02018
-3.467318e-07	-0.02002
-3.447318e-07	-0.02058
-3.427318e-07	-0.02046
-3.407318e-07	-0.0205
-3.387318e-07	-0.02066
-3.367318e-07	-0.02098
-3.347318e-07	-0.0205
-3.327318e-07	-0.02082
-3.307318e-07	-0.02098
-3.287318e-07	-0.02078
-3.267318e-07	-0.02066
-3.247318e-07	-0.02078
-3.227318e-07	-0.0207
-3.207318e-07	-0.02082
-3.187318e-07	-0.0205
-3.167318e-07	-0.02074
-3.147318e-07	-0.02038
-3.127318e-07	-0.0205
-3.107318e-07	-0.0205
-3.087318e-07	-0.02094
-3.067318e-07	-0.02094
-3.047318e-07	-0.02102
-3.027318e-07	-0.02126
-3.007318e-07	-0.02122
-2.987318e-07	-0.02098
-2.967318e-07	-0.02106
-2.947318e-07	-0.0209
-2.927318e-07	-0.02118
-2.907318e-07	-0.0209
-2.887318e-07	-0.0209
-2.867318e-07	-0.02078
-2.847318e-07	-0.02122
-2.827318e-07	-0.02086
-2.807318e-07	-0.02118
-2.787318e-07	-0.02106
-2.767318e-07	-0.02086
-2.747318e-07	-0.02074
-2.727318e-07	-0.02066
-2.707318e-07	-0.02058
-2.687318e-07	-0.02106
-2.667318e-07	-0.0207
-2.647318e-07	-0.0207
-2.627318e-07	-0.02002
-2.607318e-07	-0.02038
-2.587318e-07	-0.02014
-2.567318e-07	-0.0203
-2.547318e-07	-0.02046
-2.527318e-07	-0.02046
-2.507318e-07	-0.02074
-2.487318e-07	-0.02038
-2.467318e-07	-0.02058
-2.447318e-07	-0.0209
-2.427318e-07	-0.0209
-2.407318e-07	-0.02078
-2.387318e-07	-0.02094
-2.367318e-07	-0.02106
-2.347318e-07	-0.02098
-2.327318e-07	-0.0209
-2.307318e-07	-0.0209
-2.287318e-07	-0.02086
-2.267318e-07	-0.0207
-2.247318e-07	-0.02046
-2.227318e-07	-0.0205
-2.207318e-07	-0.02046
-2.187318e-07	-0.02066
-2.167318e-07	-0.0203
-2.147318e-07	-0.02042
-2.127318e-07	-0.02038
-2.107318e-07	-0.02038
-2.087318e-07	-0.02014
-2.067318e-07	-0.02018
-2.047318e-07	-0.02058
-2.027318e-07	-0.0203
-2.007318e-07	-0.01994
-1.987318e-07	-0.01998
-1.967318e-07	-0.02022
-1.947318e-07	-0.01978
-1.927318e-07	-0.02014
-1.907318e-07	-0.02034
-1.887318e-07	-0.02062
-1.867318e-07	-0.02058
-1.847318e-07	-0.02034
-1.827318e-07	-0.02054
-1.807318e-07	-0.02018
-1.787318e-07	-0.02074
-1.767318e-07	-0.0213
-1.747318e-07	-0.0211
-1.727318e-07	-0.02118
-1.707318e-07	-0.0211
-1.687318e-07	-0.02106
-1.667318e-07	-0.02102
-1.647318e-07	-0.0213
-1.627318e-07	-0.02122
-1.607318e-07	-0.02102
-1.587318e-07	-0.02086
-1.567318e-07	-0.02046
-1.547318e-07	-0.02038
-1.527318e-07	-0.02018
-1.507318e-07	-0.02006
-1.487318e-07	-0.0201
-1.467318e-07	-0.01978
-1.447318e-07	-0.01954
-1.427318e-07	-0.01922
-1.407318e-07	-0.01902
-1.387318e-07	-0.01878
-1.367318e-07	-0.01914
-1.347318e-07	-0.01854
-1.327318e-07	-0.01886
-1.307318e-07	-0.01854
-1.287318e-07	-0.01882
-1.267318e-07	-0.01874
-1.247318e-07	-0.0191
-1.227318e-07	-0.01906
-1.207318e-07	-0.01882
-1.187318e-07	-0.01874
-1.167318e-07	-0.01898
-1.147318e-07	-0.01934
-1.127318e-07	-0.01946
-1.107318e-07	-0.01886
-1.087318e-07	-0.01878
-1.067318e-07	-0.01862
-1.047318e-07	-0.01858
-1.027318e-07	-0.0185
-1.007318e-07	-0.01858
-9.873177e-08	-0.01858
-9.673177e-08	-0.01822
-9.473177e-08	-0.01818
-9.273177e-08	-0.01794
-9.073177e-08	-0.01794
-8.873177e-08	-0.01786
-8.673177e-08	-0.01798
-8.473177e-08	-0.01886
-8.273177e-08	-0.01894
-8.073177e-08	-0.01914
-7.873177e-08	-0.01934
-7.673177e-08	-0.01934
-7.473177e-08	-0.01962
-7.273177e-08	-0.01954
-7.073177e-08	-0.01962
-6.873177e-08	-0.0195
-6.673177e-08	-0.01934
-6.473177e-08	-0.0197
-6.273177e-08	-0.01918
-6.073177e-08	-0.01886
-5.873177e-08	-0.0187
-5.673177e-08	-0.0185
-5.473177e-08	-0.01802
-5.273177e-08	-0.0183
-5.073177e-08	-0.01834
-4.873177e-08	-0.01826
-4.673177e-08	-0.01834
-4.473177e-08	-0.01806
-4.273177e-08	-0.01818
-4.073177e-08	-0.0181
-3.873177e-08	-0.01818
-3.673177e-08	-0.01826
-3.473177e-08	-0.01798
-3.273177e-08	-0.01834
-3.073177e-08	-0.01806
-2.873177e-08	-0.01838
-2.673177e-08	-0.01834
-2.473177e-08	-0.01806
-2.273177e-08	-0.01774
-2.073177e-08	-0.01782
-1.873177e-08	-0.01774
-1.673177e-08	-0.01802
-1.473177e-08	-0.01766
-1.273177e-08	-0.01758
-1.073177e-08	-0.01706
-8.731774e-09	-0.01678
-6.731774e-09	-0.01666
-4.731774e-09	-0.0165
-2.731774e-09	-0.0165
-7.317742e-10	-0.01614
1.268226e-09	-0.01578
3.268226e-09	-0.01594
5.268226e-09	-0.01562
7.268226e-09	-0.0155
9.268226e-09	-0.01486
1.126823e-08	-0.01498
1.326823e-08	-0.01498
1.526823e-08	-0.01502
1.726823e-08	-0.01438
1.926823e-08	-0.01422
2.126823e-08	-0.01394
2.326823e-08	-0.01382
2.526823e-08	-0.01354
2.726823e-08	-0.01398
2.926823e-08	-0.0135
3.126823e-08	-0.01346
3.326823e-08	-0.01366
3.526823e-08	-0.01398
3.726823e-08	-0.01398
3.926823e-08	-0.01366
4.126823e-08	-0.01342
4.326823e-08	-0.0137
4.526823e-08	-0.01382
4.726823e-08	-0.01438
4.926823e-08	-0.01466
5.126823e-08	-0.01454
5.326823e-08	-0.01482
5.526823e-08	-0.0151
5.726823e-08	-0.01522
5.926823e-08	-0.01494
6.126823e-08	-0.0151
6.326823e-08	-0.01518
6.526823e-08	-0.01518
6.726823e-08	-0.01554
6.926823e-08	-0.01562
7.126823e-08	-0.01594
7.326823e-08	-0.01598
7.526823e-08	-0.01654
7.726823e-08	-0.0167
7.926823e-08	-0.01654
8.126823e-08	-0.01674
8.326823e-08	-0.01718
8.526823e-08	-0.01718
8.726823e-08	-0.01722
8.926823e-08	-0.0171
9.126823e-08	-0.01718
9.326823e-08	-0.01754
9.526823e-08	-0.01778
9.726823e-08	-0.01786
9.926823e-08	-0.01782
1.012682e-07	-0.01758
1.032682e-07	-0.01814
1.052682e-07	-0.0179
1.072682e-07	-0.01802
1.092682e-07	-0.01802
1.112682e-07	-0.01838
1.132682e-07	-0.01834
1.152682e-07	-0.01886
1.172682e-07	-0.01902
1.192682e-07	-0.01882
1.212682e-07	-0.01826
1.232682e-07	-0.01834
1.252682e-07	-0.01858
1.272682e-07	-0.01874
1.292682e-07	-0.0183
1.312682e-07	-0.01842
1.332682e-07	-0.01754
1.352682e-07	-0.01594
1.372682e-07	-0.01334
1.392682e-07	-0.00958
1.412682e-07	-0.0043
1.432682e-07	0.0015
1.452682e-07	0.00754
1.472682e-07	0.01342
1.492682e-07	0.0185
1.512682e-07	0.02346
1.532682e-07	0.0285
1.552682e-07	0.03298
1.572682e-07	0.03702
1.592682e-07	0.04058
1.612682e-07	0.04418
1.632682e-07	0.04686
1.652682e-07	0.04898
1.672682e-07	0.05114
1.692682e-07	0.05254
1.712682e-07	0.0539
1.732682e-07	0.05494
1.752682e-07	0.05522
1.772682e-07	0.05574
1.792682e-07	0.05546
1.812682e-07	0.0553
1.832682e-07	0.05502
1.852682e-07	0.05462
1.872682e-07	0.05338
1.892682e-07	0.05298
1.912682e-07	0.05154
1.932682e-07	0.05102
1.952682e-07	0.04938
1.972682e-07	0.04814
1.992682e-07	0.04682
2.012682e-07	0.04518
2.032682e-07	0.04374
2.052682e-07	0.04234
2.072682e-07	0.04106
2.092682e-07	0.03954
2.112682e-07	0.03782
2.132682e-07	0.03606
2.152682e-07	0.0343
2.172682e-07	0.03266
2.192682e-07	0.03098
2.212682e-07	0.02966
2.232682e-07	0.02778
2.252682e-07	0.02634
2.272682e-07	0.02458
2.292682e-07	0.0231
2.312682e-07	0.02146
2.332682e-07	0.01994
2.352682e-07	0.01818
2.372682e-07	0.01662
2.392682e-07	0.01534
2.412682e-07	0.0139
2.432682e-07	0.01238
2.452682e-07	0.01114
2.472682e-07	0.00986
2.492682e-07	0.00898
2.512682e-07	0.00786
2.532682e-07	0.00646
2.552682e-07	0.00526
2.572682e-07	0.00402
2.592682e-07	0.0031
2.612682e-07	0.00238
2.632682e-07	0.00138
2.652682e-07	0.00058
2.672682e-07	-0.00054
2.692682e-07	-0.00118
2.712682e-07	-0.0021
2.732682e-07	-0.00258
2.752682e-07	-0.00322
2.772682e-07	-0.00414
2.792682e-07	-0.00506
2.812682e-07	-0.00522
2.832682e-07	-0.00574
2.852682e-07	-0.0061
2.872682e-07	-0.00722
2.892682e-07	-0.00738
2.912682e-07	-0.00786
2.932682e-07	-0.00846
2.952682e-07	-0.00894
2.972682e-07	-0.00906
2.992682e-07	-0.00994
3.012682e-07	-0.01014
3.032682e-07	-0.01078
3.052682e-07	-0.0107
3.072682e-07	-0.0113
3.092682e-07	-0.01138
3.112682e-07	-0.01166
3.132682e-07	-0.01226
3.152682e-07	-0.01282
3.172682e-07	-0.01254
3.192682e-07	-0.01254
3.212682e-07	-0.01278
3.232682e-07	-0.01338
3.252682e-07	-0.01346
3.272682e-07	-0.01362
3.292682e-07	-0.01362
3.312682e-07	-0.0139
3.332682e-07	-0.01402
3.352682e-07	-0.01418
3.372682e-07	-0.01394
3.392682e-07	-0.01406
3.412682e-07	-0.01414
3.432682e-07	-0.0143
3.452682e-07	-0.01422
3.472682e-07	-0.01462
3.492682e-07	-0.01478
3.512682e-07	-0.01494
3.532682e-07	-0.01534
3.552682e-07	-0.01574
3.572682e-07	-0.01538
3.592682e-07	-0.01554
3.612682e-07	-0.0153
3.632682e-07	-0.01578
3.652682e-07	-0.0159
3.672682e-07	-0.01582
3.692682e-07	-0.01566
3.712682e-07	-0.01574
3.732682e-07	-0.01542
3.752682e-07	-0.01558
3.772682e-07	-0.01518
3.792682e-07	-0.01518
3.812682e-07	-0.01554
3.832682e-07	-0.0155
3.852682e-07	-0.01518
3.872682e-07	-0.01578
3.892682e-07	-0.01558
3.912682e-07	-0.01578
3.932682e-07	-0.01558
3.952682e-07	-0.0157
3.972682e-07	-0.01562
3.992682e-07	-0.0157
4.012682e-07	-0.01586
4.032682e-07	-0.01642
4.052682e-07	-0.0163
4.072682e-07	-0.01666
4.092682e-07	-0.01666
4.112682e-07	-0.0167
4.132682e-07	-0.01658
4.152682e-07	-0.0167
4.172682e-07	-0.0167
4.192682e-07	-0.0167
4.212682e-07	-0.01682
4.232682e-07	-0.01702
4.252682e-07	-0.01734
4.272682e-07	-0.01714
4.292682e-07	-0.0171
4.312682e-07	-0.0171
4.332682e-07	-0.01702
4.352682e-07	-0.01678
4.372682e-07	-0.01694
4.392682e-07	-0.01662
4.412682e-07	-0.01638
4.432682e-07	-0.01666
4.452682e-07	-0.01702
4.472682e-07	-0.0171
4.492682e-07	-0.01718
4.512682e-07	-0.01754
4.532682e-07	-0.0177
4.552682e-07	-0.01794
4.572682e-07	-0.01766
4.592682e-07	-0.01786
4.612682e-07	-0.0175
4.632682e-07	-0.01754
4.652682e-07	-0.01798
4.672682e-07	-0.0177
4.692682e-07	-0.01782
4.712682e-07	-0.01798
4.732682e-07	-0.01786
4.752682e-07	-0.01814
4.772682e-07	-0.01842
4.792682e-07	-0.01874
4.812682e-07	-0.01862
4.832682e-07	-0.01862
4.852682e-07	-0.01874
4.872682e-07	-0.01882
4.892682e-07	-0.0187
4.912682e-07	-0.0189
4.932682e-07	-0.01882
4.952682e-07	-0.0189
4.972682e-07	-0.0187
4.992682e-07	-0.01866
5.012682e-07	-0.0187
5.032682e-07	-0.01878
5.052682e-07	-0.01838
5.072682e-07	-0.01846
5.092682e-07	-0.01874
5.112682e-07	-0.0191
5.132682e-07	-0.01922
5.152682e-07	-0.01934
5.172682e-07	-0.01898
5.192682e-07	-0.01886
5.212682e-07	-0.01918
5.232682e-07	-0.01922
5.252682e-07	-0.0197
5.272682e-07	-0.01946
5.292682e-07	-0.01926
5.312682e-07	-0.01974
5.332682e-07	-0.0201
5.352682e-07	-0.0205
5.372682e-07	-0.02046
5.392682e-07	-0.02074
5.412682e-07	-0.02122
5.432682e-07	-0.02134
5.452682e-07	-0.02174
5.472682e-07	-0.02178
5.492682e-07	-0.02222
5.512682e-07	-0.02226
5.532682e-07	-0.02234
5.552682e-07	-0.02238
5.572682e-07	-0.02226
5.592682e-07	-0.0227
5.612682e-07	-0.02242
5.632682e-07	-0.02258
5.652682e-07	-0.02222
5.672682e-07	-0.02222
5.692682e-07	-0.02246
5.712682e-07	-0.02234
5.732682e-07	-0.02206
5.752682e-07	-0.02202
5.772682e-07	-0.02142
5.792682e-07	-0.02142
5.812682e-07	-0.02146
5.832682e-07	-0.02138
5.852682e-07	-0.02138
5.872682e-07	-0.02138
5.892682e-07	-0.02122
5.912682e-07	-0.02118
5.932682e-07	-0.02094
5.952682e-07	-0.02126
5.972682e-07	-0.02122
5.992682e-07	-0.0209
6.012682e-07	-0.02098
6.032682e-07	-0.02082
6.052682e-07	-0.02074
6.072682e-07	-0.0207
6.092682e-07	-0.02034
6.112682e-07	-0.01994
6.132682e-07	-0.0199
6.152682e-07	-0.02002
6.172682e-07	-0.01994
6.192682e-07	-0.01994
6.212682e-07	-0.0197
6.232682e-07	-0.0199
6.252682e-07	-0.01946
6.272682e-07	-0.01982
6.292682e-07	-0.01998
6.312682e-07	-0.0203
6.332682e-07	-0.0205
6.352682e-07	-0.02078
6.372682e-07	-0.02066
6.392682e-07	-0.02062
6.412682e-07	-0.02054
6.432682e-07	-0.02062
6.452682e-07	-0.0207
6.472682e-07	-0.0207
6.492682e-07	-0.02018
6.512682e-07	-0.02006
6.532682e-07	-0.01974
6.552682e-07	-0.01994
6.572682e-07	-0.01982
6.592682e-07	-0.01954
6.612682e-07	-0.01958
6.632682e-07	-0.01926
6.652682e-07	-0.0191
6.672682e-07	-0.01886
6.692682e-07	-0.0189
6.712682e-07	-0.01882
6.732682e-07	-0.0191
6.752682e-07	-0.01882
6.772682e-07	-0.01898
6.792682e-07	-0.01886
6.812682e-07	-0.01862
6.832682e-07	-0.01914
6.852682e-07	-0.01902
6.872682e-07	-0.01878
6.892682e-07	-0.01842
6.912682e-07	-0.01894
6.932682e-07	-0.01846
6.952682e-07	-0.01842
6.972682e-07	-0.01806
6.992682e-07	-0.01798
7.012682e-07	-0.01826
7.032682e-07	-0.01802
7.052682e-07	-0.01778
7.072682e-07	-0.01778
7.092682e-07	-0.01762
7.112682e-07	-0.01774
7.132682e-07	-0.01798
7.152682e-07	-0.01786
7.172682e-07	-0.01786
7.192682e-07	-0.01766
7.212682e-07	-0.01746
7.232682e-07	-0.01774
7.252682e-07	-0.01762
7.272682e-07	-0.01766
7.292682e-07	-0.01766
7.312682e-07	-0.01762
7.332682e-07	-0.01742
7.352682e-07	-0.01734
7.372682e-07	-0.01698
7.392682e-07	-0.01718
7.412682e-07	-0.01726
7.432682e-07	-0.01766
7.452682e-07	-0.0177
7.472682e-07	-0.01762
7.492682e-07	-0.01742
7.512682e-07	-0.01754
7.532682e-07	-0.01702
7.552682e-07	-0.01714
7.572682e-07	-0.0175
7.592682e-07	-0.01762
7.612682e-07	-0.01758
7.632682e-07	-0.0175
7.652682e-07	-0.01758
7.672682e-07	-0.01822
7.692682e-07	-0.01826
7.712682e-07	-0.0187
7.732682e-07	-0.01854
7.752682e-07	-0.01846
7.772682e-07	-0.0183
7.792682e-07	-0.01858
7.812682e-07	-0.01862
7.832682e-07	-0.01878
7.852682e-07	-0.01894
7.872682e-07	-0.01902
7.892682e-07	-0.01922
7.912682e-07	-0.01942
7.932682e-07	-0.0191
7.952682e-07	-0.01918
7.972682e-07	-0.0191
7.992682e-07	-0.01906
8.012682e-07	-0.01906
8.032682e-07	-0.0191
8.052682e-07	-0.01942
8.072682e-07	-0.01926
8.092682e-07	-0.0193
8.112682e-07	-0.01902
8.132682e-07	-0.01906
8.152682e-07	-0.0193
8.172682e-07	-0.01882
8.192682e-07	-0.0189
8.212682e-07	-0.01882
8.232682e-07	-0.01926
8.252682e-07	-0.0191
8.272682e-07	-0.01954
8.292682e-07	-0.01934
8.312682e-07	-0.0191
8.332682e-07	-0.0191
8.352682e-07	-0.01898
8.372682e-07	-0.01914
8.392682e-07	-0.01906
8.412682e-07	-0.01894
8.432682e-07	-0.01934
8.452682e-07	-0.01978
8.472682e-07	-0.01946
8.492682e-07	-0.01942
8.512682e-07	-0.01946
8.532682e-07	-0.01938
8.552682e-07	-0.01934
8.572682e-07	-0.01926
8.592682e-07	-0.01954
8.612682e-07	-0.01946
8.632682e-07	-0.01926
8.652682e-07	-0.0189
8.672682e-07	-0.01858
8.692682e-07	-0.01878
8.712682e-07	-0.01914
8.732682e-07	-0.01922
8.752682e-07	-0.01918
8.772682e-07	-0.01886
8.792682e-07	-0.01858
8.812682e-07	-0.01806
8.832682e-07	-0.01842
8.852682e-07	-0.01834
8.872682e-07	-0.01862
8.892682e-07	-0.01834
8.912682e-07	-0.01854
8.932682e-07	-0.01906
8.952682e-07	-0.0193
8.972682e-07	-0.01886
8.992682e-07	-0.01922
9.012682e-07	-0.01966
9.032682e-07	-0.01998
9.052682e-07	-0.01954
9.072682e-07	-0.01946
9.092682e-07	-0.01978
9.112682e-07	-0.02002
9.132682e-07	-0.01994
9.152682e-07	-0.02018
9.172682e-07	-0.02006
9.192682e-07	-0.0203
9.212682e-07	-0.0205
9.232682e-07	-0.0203
9.252682e-07	-0.02002
9.272682e-07	-0.02078
9.292682e-07	-0.02054
9.312682e-07	-0.02086
9.332682e-07	-0.02062
9.352682e-07	-0.02074
9.372682e-07	-0.02058
9.392682e-07	-0.02086
9.412682e-07	-0.02102
9.432682e-07	-0.02134
9.452682e-07	-0.02122
9.472682e-07	-0.02122
9.492682e-07	-0.02122
9.512682e-07	-0.02098
9.532682e-07	-0.02098
9.552682e-07	-0.02146
9.572682e-07	-0.02158
9.592682e-07	-0.0215
9.612682e-07	-0.02142
9.632682e-07	-0.0217
9.652682e-07	-0.0215
9.672682e-07	-0.02194
9.692682e-07	-0.02162
9.712682e-07	-0.02166
9.732682e-07	-0.02122
9.752682e-07	-0.0213
9.772682e-07	-0.02114
9.792682e-07	-0.02106
9.812682e-07	-0.02074
9.832682e-07	-0.02054
9.852682e-07	-0.02034
9.872682e-07	-0.0205
9.892682e-07	-0.0199
9.912682e-07	-0.01986
9.932682e-07	-0.0195
9.952682e-07	-0.01962
9.972682e-07	-0.01974
9.992682e-07	-0.01946
1.001268e-06	-0.0191
1.003268e-06	-0.01906
1.005268e-06	-0.01922
1.007268e-06	-0.0193
1.009268e-06	-0.0191
1.011268e-06	-0.01982
1.013268e-06	-0.0195
1.015268e-06	-0.01918
1.017268e-06	-0.01894
1.019268e-06	-0.01914
1.021268e-06	-0.01902
1.023268e-06	-0.01906
1.025268e-06	-0.01886
1.027268e-06	-0.01918
1.029268e-06	-0.01886
1.031268e-06	-0.01874
1.033268e-06	-0.01862
1.035268e-06	-0.01906
1.037268e-06	-0.01914
1.039268e-06	-0.01894
1.041268e-06	-0.01882
1.043268e-06	-0.0191
1.045268e-06	-0.0191
1.047268e-06	-0.0191
1.049268e-06	-0.01934
1.051268e-06	-0.01914
1.053268e-06	-0.01922
1.055268e-06	-0.01938
1.057268e-06	-0.0197
1.059268e-06	-0.01974
1.061268e-06	-0.01942
1.063268e-06	-0.01946
1.065268e-06	-0.01906
1.067268e-06	-0.01946
1.069268e-06	-0.01906
1.071268e-06	-0.0191
1.073268e-06	-0.01902
1.075268e-06	-0.01922
1.077268e-06	-0.01946
1.079268e-06	-0.01982
1.081268e-06	-0.01974
1.083268e-06	-0.02018
1.085268e-06	-0.01986
1.087268e-06	-0.01998
1.089268e-06	-0.0199
1.091268e-06	-0.0199
1.093268e-06	-0.02014
1.095268e-06	-0.0203
1.097268e-06	-0.02014
1.099268e-06	-0.02046
1.101268e-06	-0.02058
1.103268e-06	-0.02042
1.105268e-06	-0.02026
1.107268e-06	-0.02018
1.109268e-06	-0.0199
1.111268e-06	-0.0199
1.113268e-06	-0.02002
1.115268e-06	-0.0201
1.117268e-06	-0.01994
1.119268e-06	-0.0201
1.121268e-06	-0.02006
1.123268e-06	-0.02038
1.125268e-06	-0.02034
1.127268e-06	-0.02046
1.129268e-06	-0.02038
1.131268e-06	-0.02082
1.133268e-06	-0.0209
1.135268e-06	-0.02134
1.137268e-06	-0.02122
1.139268e-06	-0.02114
1.141268e-06	-0.0213
1.143268e-06	-0.02082
1.145268e-06	-0.02086
1.147268e-06	-0.02098
1.149268e-06	-0.02062
1.151268e-06	-0.0207
1.153268e-06	-0.02086
1.155268e-06	-0.02102
1.157268e-06	-0.02054
1.159268e-06	-0.02058
1.161268e-06	-0.02042
1.163268e-06	-0.02046
1.165268e-06	-0.0207
1.167268e-06	-0.02026
1.169268e-06	-0.02046
1.171268e-06	-0.02054
1.173268e-06	-0.02074
1.175268e-06	-0.02082
1.177268e-06	-0.02062
1.179268e-06	-0.02074
1.181268e-06	-0.02026
1.183268e-06	-0.0203
1.185268e-06	-0.0201
1.187268e-06	-0.02022
1.189268e-06	-0.02018
1.191268e-06	-0.02034
1.193268e-06	-0.0199
1.195268e-06	-0.01966
1.197268e-06	-0.01962
1.199268e-06	-0.01946
1.201268e-06	-0.01918
1.203268e-06	-0.01926
1.205268e-06	-0.01874
1.207268e-06	-0.0189
1.209268e-06	-0.01874
1.211268e-06	-0.01882
1.213268e-06	-0.0187
1.215268e-06	-0.01854
1.217268e-06	-0.01862
1.219268e-06	-0.01866
1.221268e-06	-0.01862
1.223268e-06	-0.01826
1.225268e-06	-0.01806
1.227268e-06	-0.01766
1.229268e-06	-0.01726
1.231268e-06	-0.01698
1.233268e-06	-0.0169
1.235268e-06	-0.01718
1.237268e-06	-0.01714
1.239268e-06	-0.01698
1.241268e-06	-0.01678
1.243268e-06	-0.01686
1.245268e-06	-0.0167
1.247268e-06	-0.01662
1.249268e-06	-0.0171
1.251268e-06	-0.01686
1.253268e-06	-0.0169
1.255268e-06	-0.01686
1.257268e-06	-0.01706
1.259268e-06	-0.01726
1.261268e-06	-0.01746
1.263268e-06	-0.0175
1.265268e-06	-0.0173
1.267268e-06	-0.01738
1.269268e-06	-0.0175
1.271268e-06	-0.01786
1.273268e-06	-0.01794
1.275268e-06	-0.01782
1.277268e-06	-0.01786
1.279268e-06	-0.0179
1.281268e-06	-0.01794
1.283268e-06	-0.01794
1.285268e-06	-0.01798
1.287268e-06	-0.01782
1.289268e-06	-0.01802
1.291268e-06	-0.01806
1.293268e-06	-0.01802
1.295268e-06	-0.01838
1.297268e-06	-0.01846
1.299268e-06	-0.01866
1.301268e-06	-0.0187
1.303268e-06	-0.01858
1.305268e-06	-0.01862
1.307268e-06	-0.01866
1.309268e-06	-0.01874
1.311268e-06	-0.0185
1.313268e-06	-0.01822
1.315268e-06	-0.01854
1.317268e-06	-0.01858
1.319268e-06	-0.01886
1.321268e-06	-0.01874
1.323268e-06	-0.01922
1.325268e-06	-0.01914
1.327268e-06	-0.01926
1.329268e-06	-0.01938
1.331268e-06	-0.01994
1.333268e-06	-0.01974
1.335268e-06	-0.01974
1.337268e-06	-0.02014
1.339268e-06	-0.02038
1.341268e-06	-0.02026
1.343268e-06	-0.02062
1.345268e-06	-0.02038
1.347268e-06	-0.02082
1.349268e-06	-0.02062
1.351268e-06	-0.02086
1.353268e-06	-0.02102
1.355268e-06	-0.02094
1.357268e-06	-0.0205
1.359268e-06	-0.02026
1.361268e-06	-0.02038
1.363268e-06	-0.02014
1.365268e-06	-0.02034
1.367268e-06	-0.02074
1.369268e-06	-0.02034
1.371268e-06	-0.02046
1.373268e-06	-0.0201
1.375268e-06	-0.02022
1.377268e-06	-0.0201
1.379268e-06	-0.0201
1.381268e-06	-0.01998
1.383268e-06	-0.02018
1.385268e-06	-0.02018
1.387268e-06	-0.02046
1.389268e-06	-0.02038
1.391268e-06	-0.02042
1.393268e-06	-0.02054
1.395268e-06	-0.02054
1.397268e-06	-0.02058
1.399268e-06	-0.02054
1.401268e-06	-0.02054
1.403268e-06	-0.02074
1.405268e-06	-0.0203
1.407268e-06	-0.02042
1.409268e-06	-0.02034
1.411268e-06	-0.02042
1.413268e-06	-0.02058
1.415268e-06	-0.02062
1.417268e-06	-0.02094
1.419268e-06	-0.02122
1.421268e-06	-0.02102
1.423268e-06	-0.02106
1.425268e-06	-0.02094
1.427268e-06	-0.02126
1.429268e-06	-0.02146
1.431268e-06	-0.02166
1.433268e-06	-0.02126
1.435268e-06	-0.02134
1.437268e-06	-0.02126
1.439268e-06	-0.02134
1.441268e-06	-0.0213
1.443268e-06	-0.02126
1.445268e-06	-0.02082
1.447268e-06	-0.02054
1.449268e-06	-0.02066
1.451268e-06	-0.0207
1.453268e-06	-0.02058
1.455268e-06	-0.02038
1.457268e-06	-0.02026
1.459268e-06	-0.02002
1.461268e-06	-0.0199
1.463268e-06	-0.02002
1.465268e-06	-0.01954
1.467268e-06	-0.01922
1.469268e-06	-0.01906
1.471268e-06	-0.01918
1.473268e-06	-0.01934
1.475268e-06	-0.01906
1.477268e-06	-0.01902
1.479268e-06	-0.01918
1.481268e-06	-0.0187
1.483268e-06	-0.01858
1.485268e-06	-0.01842
1.487268e-06	-0.01858
1.489268e-06	-0.0179
1.491268e-06	-0.01762
1.493268e-06	-0.01754
1.495268e-06	-0.01738
1.497268e-06	-0.01674
1.499268e-06	-0.01646
1.501268e-06	-0.01598
1.503268e-06	-0.01614
1.505268e-06	-0.01598
1.507268e-06	-0.01598
1.509268e-06	-0.01594
1.511268e-06	-0.0159
1.513268e-06	-0.01594
1.515268e-06	-0.01582
1.517268e-06	-0.0155
1.519268e-06	-0.01542
1.521268e-06	-0.01538
1.523268e-06	-0.01566
1.525268e-06	-0.01546
1.527268e-06	-0.01526
1.529268e-06	-0.01514
1.531268e-06	-0.01554
1.533268e-06	-0.01538
1.535268e-06	-0.01538
1.537268e-06	-0.01514
1.539268e-06	-0.01578
1.541268e-06	-0.01586
1.543268e-06	-0.0159
1.545268e-06	-0.01566
1.547268e-06	-0.01562
1.549268e-06	-0.01578
1.551268e-06	-0.01586
1.553268e-06	-0.01618
1.555268e-06	-0.0165
1.557268e-06	-0.0165
1.559268e-06	-0.01682
1.561268e-06	-0.01698
1.563268e-06	-0.0171
1.565268e-06	-0.01758
1.567268e-06	-0.01754
1.569268e-06	-0.01734
1.571268e-06	-0.01814
1.573268e-06	-0.01822
1.575268e-06	-0.01834
1.577268e-06	-0.01838
1.579268e-06	-0.0193
1.581268e-06	-0.01926
1.583268e-06	-0.0195
1.585268e-06	-0.0197
1.587268e-06	-0.02002
1.589268e-06	-0.02034
1.591268e-06	-0.0205
1.593268e-06	-0.02018
1.595268e-06	-0.02018
1.597268e-06	-0.0205
1.599268e-06	-0.02002
1.601268e-06	-0.0199
1.603268e-06	-0.01998
1.605268e-06	-0.01938
1.607268e-06	-0.01962
1.609268e-06	-0.01922
1.611268e-06	-0.01918
1.613268e-06	-0.01926
1.615268e-06	-0.0189
1.617268e-06	-0.0191
1.619268e-06	-0.01914
1.621268e-06	-0.01902
1.623268e-06	-0.01922
1.625268e-06	-0.01914
1.627268e-06	-0.01926
1.629268e-06	-0.0191
1.631268e-06	-0.01902
1.633268e-06	-0.01882
1.635268e-06	-0.01886
1.637268e-06	-0.01854
1.639268e-06	-0.01858
1.641268e-06	-0.01862
1.643268e-06	-0.01826
1.645268e-06	-0.01838
1.647268e-06	-0.01802
1.649268e-06	-0.01814
1.651268e-06	-0.01862
1.653268e-06	-0.01858
1.655268e-06	-0.01862
1.657268e-06	-0.01838
1.659268e-06	-0.01886
1.661268e-06	-0.01874
1.663268e-06	-0.0189
1.665268e-06	-0.01938
1.667268e-06	-0.01958
1.669268e-06	-0.01978
1.671268e-06	-0.01974
1.673268e-06	-0.01934
1.675268e-06	-0.01886
1.677268e-06	-0.01902
1.679268e-06	-0.01946
1.681268e-06	-0.01902
1.683268e-06	-0.0195
1.685268e-06	-0.01918
1.687268e-06	-0.01902
1.689268e-06	-0.01838
1.691268e-06	-0.01846
1.693268e-06	-0.01842
1.695268e-06	-0.01854
1.697268e-06	-0.01822
1.699268e-06	-0.01818
1.701268e-06	-0.01762
1.703268e-06	-0.0175
1.705268e-06	-0.0175
1.707268e-06	-0.01782
1.709268e-06	-0.01754
1.711268e-06	-0.01734
1.713268e-06	-0.01666
1.715268e-06	-0.01722
1.717268e-06	-0.01726
1.719268e-06	-0.01746
1.721268e-06	-0.01762
1.723268e-06	-0.0175
1.725268e-06	-0.01718
1.727268e-06	-0.01746
1.729268e-06	-0.0171
1.731268e-06	-0.01742
1.733268e-06	-0.01766
1.735268e-06	-0.01778
1.737268e-06	-0.0173
1.739268e-06	-0.01774
1.741268e-06	-0.01798
1.743268e-06	-0.01794
1.745268e-06	-0.01798
1.747268e-06	-0.01798
1.749268e-06	-0.01766
1.751268e-06	-0.01802
1.753268e-06	-0.01794
1.755268e-06	-0.01806
1.757268e-06	-0.01818
1.759268e-06	-0.0183
1.761268e-06	-0.01794
1.763268e-06	-0.01806
1.765268e-06	-0.01778
1.767268e-06	-0.01782
1.769268e-06	-0.01802
1.771268e-06	-0.01834
1.773268e-06	-0.01826
1.775268e-06	-0.01838
1.777268e-06	-0.0185
1.779268e-06	-0.01882
1.781268e-06	-0.01898
1.783268e-06	-0.01894
1.785268e-06	-0.01902
1.787268e-06	-0.0193
1.789268e-06	-0.01918
1.791268e-06	-0.0191
1.793268e-06	-0.01866
1.795268e-06	-0.01866
1.797268e-06	-0.01854
1.799268e-06	-0.01814
1.801268e-06	-0.0183
1.803268e-06	-0.01858
1.805268e-06	-0.01894
1.807268e-06	-0.01906
1.809268e-06	-0.0187
1.811268e-06	-0.0189
1.813268e-06	-0.01854
1.815268e-06	-0.01866
1.817268e-06	-0.01858
1.819268e-06	-0.01874
1.821268e-06	-0.01866
1.823268e-06	-0.0183
1.825268e-06	-0.01838
1.827268e-06	-0.01866
1.829268e-06	-0.01862
1.831268e-06	-0.01878
1.833268e-06	-0.0183
1.835268e-06	-0.01886
1.837268e-06	-0.0189
1.839268e-06	-0.01882
1.841268e-06	-0.01886
1.843268e-06	-0.01906
1.845268e-06	-0.01918
1.847268e-06	-0.01942
1.849268e-06	-0.0191
1.851268e-06	-0.0191
1.853268e-06	-0.01922
1.855268e-06	-0.01918
1.857268e-06	-0.01886
1.859268e-06	-0.01926
1.861268e-06	-0.0195
1.863268e-06	-0.01966
1.865268e-06	-0.0195
1.867268e-06	-0.01946
1.869268e-06	-0.0195
1.871268e-06	-0.01978
1.873268e-06	-0.0199
1.875268e-06	-0.0203
1.877268e-06	-0.02038
1.879268e-06	-0.02066
1.881268e-06	-0.02082
1.883268e-06	-0.02118
1.885268e-06	-0.0209
1.887268e-06	-0.02106
1.889268e-06	-0.02082
1.891268e-06	-0.02114
1.893268e-06	-0.02122
1.895268e-06	-0.02122
1.897268e-06	-0.02078
1.899268e-06	-0.0209
1.901268e-06	-0.02102
1.903268e-06	-0.02098
1.905268e-06	-0.02102
1.907268e-06	-0.02118
1.909268e-06	-0.02122
1.911268e-06	-0.02118
1.913268e-06	-0.02106
1.915268e-06	-0.02122
1.917268e-06	-0.02134
1.919268e-06	-0.02138
1.921268e-06	-0.02114
1.923268e-06	-0.02114
1.925268e-06	-0.02098
1.927268e-06	-0.02106
1.929268e-06	-0.02118
1.931268e-06	-0.02118
1.933268e-06	-0.02078
1.935268e-06	-0.02062
1.937268e-06	-0.02074
1.939268e-06	-0.02046
1.941268e-06	-0.02058
1.943268e-06	-0.02098
1.945268e-06	-0.02066
1.947268e-06	-0.02078
1.949268e-06	-0.02042
1.951268e-06	-0.02078
1.953268e-06	-0.02086
1.955268e-06	-0.02114
1.957268e-06	-0.02082
1.959268e-06	-0.02106
1.961268e-06	-0.02098
1.963268e-06	-0.02094
1.965268e-06	-0.0205
1.967268e-06	-0.02034
1.969268e-06	-0.02042
1.971268e-06	-0.02102
1.973268e-06	-0.0205
1.975268e-06	-0.02034
1.977268e-06	-0.02042
1.979268e-06	-0.02074
1.981268e-06	-0.02022
1.983268e-06	-0.01986
1.985268e-06	-0.02006
1.987268e-06	-0.01978
1.989268e-06	-0.0199
1.991268e-06	-0.0195
1.993268e-06	-0.01954
1.995268e-06	-0.01942
1.997268e-06	-0.01934
1.999268e-06	-0.01966
2.001268e-06	-0.01958
2.003268e-06	-0.01994
2.005268e-06	-0.01954
2.007268e-06	-0.01974
2.009268e-06	-0.01966
2.011268e-06	-0.0197
2.013268e-06	-0.01958
2.015268e-06	-0.01934
2.017268e-06	-0.01902
2.019268e-06	-0.0191
2.021268e-06	-0.01906
2.023268e-06	-0.01894
2.025268e-06	-0.01886
2.027268e-06	-0.01858
2.029268e-06	-0.01918
2.031268e-06	-0.01894
2.033268e-06	-0.0191
2.035268e-06	-0.01918
2.037268e-06	-0.01874
2.039268e-06	-0.01926
2.041268e-06	-0.01898
2.043268e-06	-0.01902
2.045268e-06	-0.01926
2.047268e-06	-0.01902
2.049268e-06	-0.0187
2.051268e-06	-0.0189
2.053268e-06	-0.01902
2.055268e-06	-0.01922
2.057268e-06	-0.01914
2.059268e-06	-0.01966
2.061268e-06	-0.01926
2.063268e-06	-0.01974
2.065268e-06	-0.01954
2.067268e-06	-0.01978
2.069268e-06	-0.01998
2.071268e-06	-0.01982
2.073268e-06	-0.01966
2.075268e-06	-0.01958
2.077268e-06	-0.01942
2.079268e-06	-0.01962
2.081268e-06	-0.01974
2.083268e-06	-0.0197
2.085268e-06	-0.01966
2.087268e-06	-0.01966
2.089268e-06	-0.01962
2.091268e-06	-0.02022
2.093268e-06	-0.02026
2.095268e-06	-0.02042
2.097268e-06	-0.02046
2.099268e-06	-0.0207
2.101268e-06	-0.02078
2.103268e-06	-0.02094
2.105268e-06	-0.02094
2.107268e-06	-0.02106
2.109268e-06	-0.02106
2.111268e-06	-0.02118
2.113268e-06	-0.0209
2.115268e-06	-0.0211
2.117268e-06	-0.02106
2.119268e-06	-0.02102
2.121268e-06	-0.02062
2.123268e-06	-0.02078
2.125268e-06	-0.02046
2.127268e-06	-0.02054
2.129268e-06	-0.02062
2.131268e-06	-0.02086
2.133268e-06	-0.02078
2.135268e-06	-0.02078
2.137268e-06	-0.02046
2.139268e-06	-0.02058
2.141268e-06	-0.02018
2.143268e-06	-0.0201
2.145268e-06	-0.02022
2.147268e-06	-0.02002
2.149268e-06	-0.02006
2.151268e-06	-0.01994
2.153268e-06	-0.01998
2.155268e-06	-0.01994
2.157268e-06	-0.01966
2.159268e-06	-0.01962
2.161268e-06	-0.0195
2.163268e-06	-0.01958
2.165268e-06	-0.01958
2.167268e-06	-0.02006
2.169268e-06	-0.01982
2.171268e-06	-0.0203
2.173268e-06	-0.02042
2.175268e-06	-0.02062
2.177268e-06	-0.02022
2.179268e-06	-0.0203
2.181268e-06	-0.02038
2.183268e-06	-0.0209
2.185268e-06	-0.02078
2.187268e-06	-0.02074
2.189268e-06	-0.0209
2.191268e-06	-0.02062
2.193268e-06	-0.02058
2.195268e-06	-0.02094
2.197268e-06	-0.02082
2.199268e-06	-0.0205
2.201268e-06	-0.02006
2.203268e-06	-0.01994
2.205268e-06	-0.02006
2.207268e-06	-0.02014
2.209268e-06	-0.01966
2.211268e-06	-0.01966
2.213268e-06	-0.01954
2.215268e-06	-0.01966
2.217268e-06	-0.01954
2.219268e-06	-0.01934
2.221268e-06	-0.0195
2.223268e-06	-0.01966
2.225268e-06	-0.01974
2.227268e-06	-0.01994
2.229268e-06	-0.02002
2.231268e-06	-0.0203
2.233268e-06	-0.02006
2.235268e-06	-0.02042
2.237268e-06	-0.0199
2.239268e-06	-0.0199
2.241268e-06	-0.0203
2.243268e-06	-0.01994
2.245268e-06	-0.01986
2.247268e-06	-0.01954
2.249268e-06	-0.01994
2.251268e-06	-0.02002
2.253268e-06	-0.01958
2.255268e-06	-0.01938
2.257268e-06	-0.01938
2.259268e-06	-0.01966
2.261268e-06	-0.01966
2.263268e-06	-0.01974
2.265268e-06	-0.01966
2.267268e-06	-0.02034
2.269268e-06	-0.02006
2.271268e-06	-0.0203
2.273268e-06	-0.01978
2.275268e-06	-0.02022
2.277268e-06	-0.01994
2.279268e-06	-0.0201
2.281268e-06	-0.01954
2.283268e-06	-0.01962
2.285268e-06	-0.01934
2.287268e-06	-0.01934
2.289268e-06	-0.01902
2.291268e-06	-0.01934
2.293268e-06	-0.01914
2.295268e-06	-0.01918
2.297268e-06	-0.0187
2.299268e-06	-0.01866
2.301268e-06	-0.01858
2.303268e-06	-0.01878
2.305268e-06	-0.01866
2.307268e-06	-0.01854
2.309268e-06	-0.01814
2.311268e-06	-0.0183
2.313268e-06	-0.01798
2.315268e-06	-0.01794
2.317268e-06	-0.0179
2.319268e-06	-0.0183
2.321268e-06	-0.01802
2.323268e-06	-0.01814
2.325268e-06	-0.01818
2.327268e-06	-0.01806
2.329268e-06	-0.01806
2.331268e-06	-0.0179
2.333268e-06	-0.01762
2.335268e-06	-0.01778
2.337268e-06	-0.01754
2.339268e-06	-0.01762
2.341268e-06	-0.0177
2.343268e-06	-0.01746
2.345268e-06	-0.0175
2.347268e-06	-0.01746
2.349268e-06	-0.0177
2.351268e-06	-0.01786
2.353268e-06	-0.01802
2.355268e-06	-0.01842
2.357268e-06	-0.0183
2.359268e-06	-0.0183
2.361268e-06	-0.01818
2.363268e-06	-0.01862
2.365268e-06	-0.01822
2.367268e-06	-0.01846
2.369268e-06	-0.01814
2.371268e-06	-0.01822
2.373268e-06	-0.01798
2.375268e-06	-0.01802
2.377268e-06	-0.01774
2.379268e-06	-0.01726
2.381268e-06	-0.01698
2.383268e-06	-0.01726
2.385268e-06	-0.01738
2.387268e-06	-0.01774
2.389268e-06	-0.01766
2.391268e-06	-0.01742
2.393268e-06	-0.01746
2.395268e-06	-0.0175
2.397268e-06	-0.01722
2.399268e-06	-0.01746
2.401268e-06	-0.01774
2.403268e-06	-0.01778
2.405268e-06	-0.0177
2.407268e-06	-0.0175
2.409268e-06	-0.01722
2.411268e-06	-0.01746
2.413268e-06	-0.01754
2.415268e-06	-0.01766
2.417268e-06	-0.01758
2.419268e-06	-0.01778
2.421268e-06	-0.01774
2.423268e-06	-0.01794
2.425268e-06	-0.01758
2.427268e-06	-0.01766
2.429268e-06	-0.01778
2.431268e-06	-0.01786
2.433268e-06	-0.01754
2.435268e-06	-0.01754
2.437268e-06	-0.01766
2.439268e-06	-0.01718
2.441268e-06	-0.01694
2.443268e-06	-0.01734
2.445268e-06	-0.01754
2.447268e-06	-0.0175
2.449268e-06	-0.01774
2.451268e-06	-0.01786
2.453268e-06	-0.01818
2.455268e-06	-0.01858
2.457268e-06	-0.01814
2.459268e-06	-0.01858
2.461268e-06	-0.01826
2.463268e-06	-0.01822
2.465268e-06	-0.01778
2.467268e-06	-0.01766
2.469268e-06	-0.01786
2.471268e-06	-0.01786
2.473268e-06	-0.01786
2.475268e-06	-0.01786
2.477268e-06	-0.01786
2.479268e-06	-0.01814
2.481268e-06	-0.01806
2.483268e-06	-0.01858
2.485268e-06	-0.01822
2.487268e-06	-0.0183
2.489268e-06	-0.01802
2.491268e-06	-0.01822
2.493268e-06	-0.01822
2.495268e-06	-0.01798
2.497268e-06	-0.0185
2.499268e-06	-0.01866
2.501268e-06	-0.0187
2.503268e-06	-0.0185
2.505268e-06	-0.01806
2.507268e-06	-0.0183
2.509268e-06	-0.0179
2.511268e-06	-0.01786
