LECROYHDO6104A	50809	Waveform
Segments	1	SegmentSize	2502
Segment	TrigTime	TimeSinceSegment1
#1	19-Dec-2022 19:31:46	0                 
Time	Ampl
-2.501368e-06	-0.0245
-2.499368e-06	-0.0239
-2.497368e-06	-0.0242
-2.495368e-06	-0.0242
-2.493368e-06	-0.0242
-2.491368e-06	-0.0227
-2.489368e-06	-0.0227
-2.487368e-06	-0.0236
-2.485368e-06	-0.0245
-2.483368e-06	-0.0236
-2.481368e-06	-0.023
-2.479368e-06	-0.0257
-2.477368e-06	-0.0248
-2.475368e-06	-0.0236
-2.473368e-06	-0.0266
-2.471368e-06	-0.0242
-2.469368e-06	-0.0254
-2.467368e-06	-0.0242
-2.465368e-06	-0.026
-2.463368e-06	-0.0242
-2.461368e-06	-0.0245
-2.459368e-06	-0.0239
-2.457368e-06	-0.0257
-2.455368e-06	-0.0233
-2.453368e-06	-0.0245
-2.451368e-06	-0.0245
-2.449368e-06	-0.0239
-2.447368e-06	-0.0251
-2.445368e-06	-0.0263
-2.443368e-06	-0.0251
-2.441368e-06	-0.0242
-2.439368e-06	-0.0251
-2.437368e-06	-0.0242
-2.435368e-06	-0.0233
-2.433368e-06	-0.0254
-2.431368e-06	-0.0233
-2.429368e-06	-0.0239
-2.427368e-06	-0.0236
-2.425368e-06	-0.0227
-2.423368e-06	-0.0239
-2.421368e-06	-0.0242
-2.419368e-06	-0.0239
-2.417368e-06	-0.0239
-2.415368e-06	-0.0263
-2.413368e-06	-0.0236
-2.411368e-06	-0.0242
-2.409368e-06	-0.0251
-2.407368e-06	-0.0251
-2.405368e-06	-0.0254
-2.403368e-06	-0.026
-2.401368e-06	-0.0263
-2.399368e-06	-0.0242
-2.397368e-06	-0.0251
-2.395368e-06	-0.0257
-2.393368e-06	-0.0266
-2.391368e-06	-0.0248
-2.389368e-06	-0.0251
-2.387368e-06	-0.0257
-2.385368e-06	-0.0248
-2.383368e-06	-0.026
-2.381368e-06	-0.0254
-2.379368e-06	-0.0239
-2.377368e-06	-0.0245
-2.375368e-06	-0.0242
-2.373368e-06	-0.0242
-2.371368e-06	-0.0257
-2.369368e-06	-0.026
-2.367368e-06	-0.0251
-2.365368e-06	-0.0245
-2.363368e-06	-0.0254
-2.361368e-06	-0.0263
-2.359368e-06	-0.0263
-2.357368e-06	-0.0266
-2.355368e-06	-0.0284
-2.353368e-06	-0.0278
-2.351368e-06	-0.0275
-2.349368e-06	-0.0269
-2.347368e-06	-0.0257
-2.345368e-06	-0.0254
-2.343368e-06	-0.0254
-2.341368e-06	-0.0281
-2.339368e-06	-0.0245
-2.337368e-06	-0.0248
-2.335368e-06	-0.0275
-2.333368e-06	-0.0266
-2.331368e-06	-0.0266
-2.329368e-06	-0.0266
-2.327368e-06	-0.026
-2.325368e-06	-0.0245
-2.323368e-06	-0.0245
-2.321368e-06	-0.0257
-2.319368e-06	-0.0248
-2.317368e-06	-0.0257
-2.315368e-06	-0.023
-2.313368e-06	-0.0248
-2.311368e-06	-0.0239
-2.309368e-06	-0.0254
-2.307368e-06	-0.026
-2.305368e-06	-0.0257
-2.303368e-06	-0.0251
-2.301368e-06	-0.0263
-2.299368e-06	-0.0245
-2.297368e-06	-0.0272
-2.295368e-06	-0.0257
-2.293368e-06	-0.0257
-2.291368e-06	-0.0269
-2.289368e-06	-0.0245
-2.287368e-06	-0.0257
-2.285368e-06	-0.0242
-2.283368e-06	-0.0233
-2.281368e-06	-0.0236
-2.279368e-06	-0.0242
-2.277368e-06	-0.0236
-2.275368e-06	-0.0251
-2.273368e-06	-0.0248
-2.271368e-06	-0.0251
-2.269368e-06	-0.0242
-2.267368e-06	-0.0251
-2.265368e-06	-0.023
-2.263368e-06	-0.0239
-2.261368e-06	-0.0263
-2.259368e-06	-0.0254
-2.257368e-06	-0.0275
-2.255368e-06	-0.0257
-2.253368e-06	-0.0257
-2.251368e-06	-0.0251
-2.249368e-06	-0.0263
-2.247368e-06	-0.0254
-2.245368e-06	-0.0257
-2.243368e-06	-0.026
-2.241368e-06	-0.0266
-2.239368e-06	-0.026
-2.237368e-06	-0.0233
-2.235368e-06	-0.0251
-2.233368e-06	-0.0254
-2.231368e-06	-0.0248
-2.229368e-06	-0.0257
-2.227368e-06	-0.0254
-2.225368e-06	-0.0269
-2.223368e-06	-0.0245
-2.221368e-06	-0.0245
-2.219368e-06	-0.0254
-2.217368e-06	-0.026
-2.215368e-06	-0.0242
-2.213368e-06	-0.0242
-2.211368e-06	-0.0254
-2.209368e-06	-0.0254
-2.207368e-06	-0.0245
-2.205368e-06	-0.0251
-2.203368e-06	-0.0254
-2.201368e-06	-0.026
-2.199368e-06	-0.0248
-2.197368e-06	-0.0239
-2.195368e-06	-0.0245
-2.193368e-06	-0.0254
-2.191368e-06	-0.0251
-2.189368e-06	-0.0245
-2.187368e-06	-0.0236
-2.185368e-06	-0.0239
-2.183368e-06	-0.0254
-2.181368e-06	-0.026
-2.179368e-06	-0.0257
-2.177368e-06	-0.0251
-2.175368e-06	-0.026
-2.173368e-06	-0.0254
-2.171368e-06	-0.0245
-2.169368e-06	-0.0245
-2.167368e-06	-0.0242
-2.165368e-06	-0.0245
-2.163368e-06	-0.026
-2.161368e-06	-0.0266
-2.159368e-06	-0.0248
-2.157368e-06	-0.0263
-2.155368e-06	-0.0239
-2.153368e-06	-0.0269
-2.151368e-06	-0.0263
-2.149368e-06	-0.0239
-2.147368e-06	-0.0239
-2.145368e-06	-0.0266
-2.143368e-06	-0.026
-2.141368e-06	-0.0263
-2.139368e-06	-0.0242
-2.137368e-06	-0.0263
-2.135368e-06	-0.0245
-2.133368e-06	-0.0272
-2.131368e-06	-0.0236
-2.129368e-06	-0.0239
-2.127368e-06	-0.0248
-2.125368e-06	-0.0239
-2.123368e-06	-0.0245
-2.121368e-06	-0.0251
-2.119368e-06	-0.0239
-2.117368e-06	-0.0251
-2.115368e-06	-0.0254
-2.113368e-06	-0.0263
-2.111368e-06	-0.0254
-2.109368e-06	-0.0266
-2.107368e-06	-0.0257
-2.105368e-06	-0.0254
-2.103368e-06	-0.0236
-2.101368e-06	-0.0242
-2.099368e-06	-0.0245
-2.097368e-06	-0.0248
-2.095368e-06	-0.0242
-2.093368e-06	-0.0254
-2.091368e-06	-0.0221
-2.089368e-06	-0.026
-2.087368e-06	-0.026
-2.085368e-06	-0.0251
-2.083368e-06	-0.0254
-2.081368e-06	-0.0245
-2.079368e-06	-0.026
-2.077368e-06	-0.0254
-2.075368e-06	-0.0257
-2.073368e-06	-0.026
-2.071368e-06	-0.0263
-2.069368e-06	-0.0254
-2.067368e-06	-0.0239
-2.065368e-06	-0.0242
-2.063368e-06	-0.0257
-2.061368e-06	-0.0263
-2.059368e-06	-0.0248
-2.057368e-06	-0.0239
-2.055368e-06	-0.0233
-2.053368e-06	-0.0254
-2.051368e-06	-0.0266
-2.049368e-06	-0.026
-2.047368e-06	-0.0245
-2.045368e-06	-0.0251
-2.043368e-06	-0.0254
-2.041368e-06	-0.026
-2.039368e-06	-0.0248
-2.037368e-06	-0.0239
-2.035368e-06	-0.026
-2.033368e-06	-0.0257
-2.031368e-06	-0.0233
-2.029368e-06	-0.0245
-2.027368e-06	-0.0248
-2.025368e-06	-0.0254
-2.023368e-06	-0.023
-2.021368e-06	-0.0254
-2.019368e-06	-0.0248
-2.017368e-06	-0.0251
-2.015368e-06	-0.0242
-2.013368e-06	-0.0251
-2.011368e-06	-0.0245
-2.009368e-06	-0.0254
-2.007368e-06	-0.0239
-2.005368e-06	-0.0248
-2.003368e-06	-0.0245
-2.001368e-06	-0.0233
-1.999368e-06	-0.0245
-1.997368e-06	-0.023
-1.995368e-06	-0.0248
-1.993368e-06	-0.0251
-1.991368e-06	-0.0245
-1.989368e-06	-0.0251
-1.987368e-06	-0.0236
-1.985368e-06	-0.0233
-1.983368e-06	-0.0242
-1.981368e-06	-0.0248
-1.979368e-06	-0.0251
-1.977368e-06	-0.0248
-1.975368e-06	-0.023
-1.973368e-06	-0.0251
-1.971368e-06	-0.0233
-1.969368e-06	-0.0263
-1.967368e-06	-0.0236
-1.965368e-06	-0.0269
-1.963368e-06	-0.026
-1.961368e-06	-0.0257
-1.959368e-06	-0.0257
-1.957368e-06	-0.0281
-1.955368e-06	-0.0242
-1.953368e-06	-0.0266
-1.951368e-06	-0.0245
-1.949368e-06	-0.0257
-1.947368e-06	-0.0254
-1.945368e-06	-0.0245
-1.943368e-06	-0.0254
-1.941368e-06	-0.0257
-1.939368e-06	-0.0227
-1.937368e-06	-0.0227
-1.935368e-06	-0.0245
-1.933368e-06	-0.0245
-1.931368e-06	-0.0233
-1.929368e-06	-0.0257
-1.927368e-06	-0.0248
-1.925368e-06	-0.0266
-1.923368e-06	-0.0239
-1.921368e-06	-0.0251
-1.919368e-06	-0.0242
-1.917368e-06	-0.0224
-1.915368e-06	-0.0248
-1.913368e-06	-0.0272
-1.911368e-06	-0.0221
-1.909368e-06	-0.0254
-1.907368e-06	-0.0239
-1.905368e-06	-0.0266
-1.903368e-06	-0.0239
-1.901368e-06	-0.0248
-1.899368e-06	-0.023
-1.897368e-06	-0.0245
-1.895368e-06	-0.0239
-1.893368e-06	-0.0245
-1.891368e-06	-0.026
-1.889368e-06	-0.026
-1.887368e-06	-0.0248
-1.885368e-06	-0.0248
-1.883368e-06	-0.0269
-1.881368e-06	-0.0257
-1.879368e-06	-0.0272
-1.877368e-06	-0.026
-1.875368e-06	-0.0257
-1.873368e-06	-0.0269
-1.871368e-06	-0.0257
-1.869368e-06	-0.0263
-1.867368e-06	-0.0248
-1.865368e-06	-0.0245
-1.863368e-06	-0.0242
-1.861368e-06	-0.0251
-1.859368e-06	-0.0284
-1.857368e-06	-0.0263
-1.855368e-06	-0.0257
-1.853368e-06	-0.0251
-1.851368e-06	-0.0242
-1.849368e-06	-0.0272
-1.847368e-06	-0.0236
-1.845368e-06	-0.0245
-1.843368e-06	-0.0251
-1.841368e-06	-0.0254
-1.839368e-06	-0.0245
-1.837368e-06	-0.0251
-1.835368e-06	-0.023
-1.833368e-06	-0.0254
-1.831368e-06	-0.0239
-1.829368e-06	-0.0224
-1.827368e-06	-0.0206
-1.825368e-06	-0.0224
-1.823368e-06	-0.0221
-1.821368e-06	-0.0251
-1.819368e-06	-0.0227
-1.817368e-06	-0.0221
-1.815368e-06	-0.0233
-1.813368e-06	-0.0236
-1.811368e-06	-0.023
-1.809368e-06	-0.0227
-1.807368e-06	-0.023
-1.805368e-06	-0.0251
-1.803368e-06	-0.023
-1.801368e-06	-0.0245
-1.799368e-06	-0.0248
-1.797368e-06	-0.0227
-1.795368e-06	-0.0242
-1.793368e-06	-0.0224
-1.791368e-06	-0.0239
-1.789368e-06	-0.0254
-1.787368e-06	-0.0239
-1.785368e-06	-0.0236
-1.783368e-06	-0.0239
-1.781368e-06	-0.0245
-1.779368e-06	-0.0242
-1.777368e-06	-0.0266
-1.775368e-06	-0.0251
-1.773368e-06	-0.0248
-1.771368e-06	-0.0242
-1.769368e-06	-0.0239
-1.767368e-06	-0.0224
-1.765368e-06	-0.0236
-1.763368e-06	-0.0257
-1.761368e-06	-0.0245
-1.759368e-06	-0.0248
-1.757368e-06	-0.0248
-1.755368e-06	-0.0242
-1.753368e-06	-0.0242
-1.751368e-06	-0.0221
-1.749368e-06	-0.0221
-1.747368e-06	-0.0242
-1.745368e-06	-0.0245
-1.743368e-06	-0.0233
-1.741368e-06	-0.0221
-1.739368e-06	-0.0194
-1.737368e-06	-0.0215
-1.735368e-06	-0.0218
-1.733368e-06	-0.023
-1.731368e-06	-0.0203
-1.729368e-06	-0.023
-1.727368e-06	-0.0212
-1.725368e-06	-0.023
-1.723368e-06	-0.0221
-1.721368e-06	-0.0224
-1.719368e-06	-0.0242
-1.717368e-06	-0.0221
-1.715368e-06	-0.0242
-1.713368e-06	-0.0224
-1.711368e-06	-0.0203
-1.709368e-06	-0.023
-1.707368e-06	-0.0209
-1.705368e-06	-0.0224
-1.703368e-06	-0.023
-1.701368e-06	-0.0221
-1.699368e-06	-0.0239
-1.697368e-06	-0.0245
-1.695368e-06	-0.0224
-1.693368e-06	-0.0236
-1.691368e-06	-0.02
-1.689368e-06	-0.0233
-1.687368e-06	-0.0236
-1.685368e-06	-0.0245
-1.683368e-06	-0.0236
-1.681368e-06	-0.0236
-1.679368e-06	-0.0245
-1.677368e-06	-0.0254
-1.675368e-06	-0.023
-1.673368e-06	-0.0236
-1.671368e-06	-0.0257
-1.669368e-06	-0.0236
-1.667368e-06	-0.0245
-1.665368e-06	-0.0236
-1.663368e-06	-0.023
-1.661368e-06	-0.0224
-1.659368e-06	-0.0236
-1.657368e-06	-0.0245
-1.655368e-06	-0.0248
-1.653368e-06	-0.0242
-1.651368e-06	-0.023
-1.649368e-06	-0.0263
-1.647368e-06	-0.0239
-1.645368e-06	-0.0254
-1.643368e-06	-0.0233
-1.641368e-06	-0.0239
-1.639368e-06	-0.0257
-1.637368e-06	-0.0257
-1.635368e-06	-0.0254
-1.633368e-06	-0.0263
-1.631368e-06	-0.0236
-1.629368e-06	-0.0248
-1.627368e-06	-0.0245
-1.625368e-06	-0.0272
-1.623368e-06	-0.0245
-1.621368e-06	-0.0254
-1.619368e-06	-0.0245
-1.617368e-06	-0.0248
-1.615368e-06	-0.0248
-1.613368e-06	-0.0248
-1.611368e-06	-0.0248
-1.609368e-06	-0.0227
-1.607368e-06	-0.023
-1.605368e-06	-0.0248
-1.603368e-06	-0.0248
-1.601368e-06	-0.0257
-1.599368e-06	-0.0239
-1.597368e-06	-0.0254
-1.595368e-06	-0.0239
-1.593368e-06	-0.0227
-1.591368e-06	-0.0245
-1.589368e-06	-0.0215
-1.587368e-06	-0.02
-1.585368e-06	-0.023
-1.583368e-06	-0.0224
-1.581368e-06	-0.0224
-1.579368e-06	-0.02
-1.577368e-06	-0.0215
-1.575368e-06	-0.0209
-1.573368e-06	-0.0233
-1.571368e-06	-0.0224
-1.569368e-06	-0.0215
-1.567368e-06	-0.0206
-1.565368e-06	-0.0233
-1.563368e-06	-0.0221
-1.561368e-06	-0.0209
-1.559368e-06	-0.0218
-1.557368e-06	-0.0221
-1.555368e-06	-0.0218
-1.553368e-06	-0.0212
-1.551368e-06	-0.0212
-1.549368e-06	-0.0233
-1.547368e-06	-0.023
-1.545368e-06	-0.0218
-1.543368e-06	-0.0218
-1.541368e-06	-0.0212
-1.539368e-06	-0.0215
-1.537368e-06	-0.0212
-1.535368e-06	-0.0221
-1.533368e-06	-0.0227
-1.531368e-06	-0.0218
-1.529368e-06	-0.0212
-1.527368e-06	-0.0233
-1.525368e-06	-0.0236
-1.523368e-06	-0.0209
-1.521368e-06	-0.0212
-1.519368e-06	-0.0218
-1.517368e-06	-0.0218
-1.515368e-06	-0.0221
-1.513368e-06	-0.0206
-1.511368e-06	-0.0233
-1.509368e-06	-0.0215
-1.507368e-06	-0.0221
-1.505368e-06	-0.0218
-1.503368e-06	-0.0218
-1.501368e-06	-0.0239
-1.499368e-06	-0.0233
-1.497368e-06	-0.0245
-1.495368e-06	-0.0242
-1.493368e-06	-0.0215
-1.491368e-06	-0.0206
-1.489368e-06	-0.0227
-1.487368e-06	-0.0221
-1.485368e-06	-0.023
-1.483368e-06	-0.0242
-1.481368e-06	-0.0224
-1.479368e-06	-0.0227
-1.477368e-06	-0.0242
-1.475368e-06	-0.0227
-1.473368e-06	-0.0227
-1.471368e-06	-0.0233
-1.469368e-06	-0.0245
-1.467368e-06	-0.0239
-1.465368e-06	-0.0239
-1.463368e-06	-0.0245
-1.461368e-06	-0.0242
-1.459368e-06	-0.0257
-1.457368e-06	-0.0257
-1.455368e-06	-0.0245
-1.453368e-06	-0.0239
-1.451368e-06	-0.023
-1.449368e-06	-0.0254
-1.447368e-06	-0.0248
-1.445368e-06	-0.0263
-1.443368e-06	-0.0236
-1.441368e-06	-0.0245
-1.439368e-06	-0.0254
-1.437368e-06	-0.0254
-1.435368e-06	-0.0248
-1.433368e-06	-0.0275
-1.431368e-06	-0.0257
-1.429368e-06	-0.0245
-1.427368e-06	-0.0233
-1.425368e-06	-0.0257
-1.423368e-06	-0.0254
-1.421368e-06	-0.0242
-1.419368e-06	-0.0263
-1.417368e-06	-0.0281
-1.415368e-06	-0.0248
-1.413368e-06	-0.0269
-1.411368e-06	-0.0257
-1.409368e-06	-0.0263
-1.407368e-06	-0.0257
-1.405368e-06	-0.026
-1.403368e-06	-0.0251
-1.401368e-06	-0.0254
-1.399368e-06	-0.0263
-1.397368e-06	-0.0269
-1.395368e-06	-0.0248
-1.393368e-06	-0.026
-1.391368e-06	-0.026
-1.389368e-06	-0.0269
-1.387368e-06	-0.0263
-1.385368e-06	-0.0266
-1.383368e-06	-0.0251
-1.381368e-06	-0.0272
-1.379368e-06	-0.0248
-1.377368e-06	-0.0275
-1.375368e-06	-0.0269
-1.373368e-06	-0.0269
-1.371368e-06	-0.0254
-1.369368e-06	-0.0275
-1.367368e-06	-0.0257
-1.365368e-06	-0.0269
-1.363368e-06	-0.026
-1.361368e-06	-0.0278
-1.359368e-06	-0.0263
-1.357368e-06	-0.0269
-1.355368e-06	-0.0263
-1.353368e-06	-0.0278
-1.351368e-06	-0.0278
-1.349368e-06	-0.0269
-1.347368e-06	-0.026
-1.345368e-06	-0.0254
-1.343368e-06	-0.0254
-1.341368e-06	-0.0275
-1.339368e-06	-0.0266
-1.337368e-06	-0.0275
-1.335368e-06	-0.0254
-1.333368e-06	-0.0242
-1.331368e-06	-0.0269
-1.329368e-06	-0.0281
-1.327368e-06	-0.0245
-1.325368e-06	-0.0242
-1.323368e-06	-0.0248
-1.321368e-06	-0.0287
-1.319368e-06	-0.0278
-1.317368e-06	-0.026
-1.315368e-06	-0.0242
-1.313368e-06	-0.026
-1.311368e-06	-0.0275
-1.309368e-06	-0.0272
-1.307368e-06	-0.0263
-1.305368e-06	-0.0245
-1.303368e-06	-0.0254
-1.301368e-06	-0.0251
-1.299368e-06	-0.0248
-1.297368e-06	-0.0257
-1.295368e-06	-0.0254
-1.293368e-06	-0.0245
-1.291368e-06	-0.0224
-1.289368e-06	-0.0254
-1.287368e-06	-0.0248
-1.285368e-06	-0.0236
-1.283368e-06	-0.0227
-1.281368e-06	-0.0254
-1.279368e-06	-0.0233
-1.277368e-06	-0.0254
-1.275368e-06	-0.0242
-1.273368e-06	-0.0254
-1.271368e-06	-0.0251
-1.269368e-06	-0.0245
-1.267368e-06	-0.0233
-1.265368e-06	-0.0248
-1.263368e-06	-0.0242
-1.261368e-06	-0.0251
-1.259368e-06	-0.023
-1.257368e-06	-0.0251
-1.255368e-06	-0.0233
-1.253368e-06	-0.0239
-1.251368e-06	-0.023
-1.249368e-06	-0.0233
-1.247368e-06	-0.0227
-1.245368e-06	-0.0236
-1.243368e-06	-0.0245
-1.241368e-06	-0.0236
-1.239368e-06	-0.0221
-1.237368e-06	-0.0239
-1.235368e-06	-0.0245
-1.233368e-06	-0.0248
-1.231368e-06	-0.023
-1.229368e-06	-0.0236
-1.227368e-06	-0.0233
-1.225368e-06	-0.0251
-1.223368e-06	-0.0254
-1.221368e-06	-0.0254
-1.219368e-06	-0.0257
-1.217368e-06	-0.0242
-1.215368e-06	-0.0251
-1.213368e-06	-0.0251
-1.211368e-06	-0.0245
-1.209368e-06	-0.026
-1.207368e-06	-0.0233
-1.205368e-06	-0.0263
-1.203368e-06	-0.0248
-1.201368e-06	-0.0257
-1.199368e-06	-0.0233
-1.197368e-06	-0.0239
-1.195368e-06	-0.0278
-1.193368e-06	-0.026
-1.191368e-06	-0.026
-1.189368e-06	-0.0233
-1.187368e-06	-0.0254
-1.185368e-06	-0.0251
-1.183368e-06	-0.0254
-1.181368e-06	-0.0245
-1.179368e-06	-0.0242
-1.177368e-06	-0.0245
-1.175368e-06	-0.0224
-1.173368e-06	-0.0257
-1.171368e-06	-0.0236
-1.169368e-06	-0.0245
-1.167368e-06	-0.023
-1.165368e-06	-0.0245
-1.163368e-06	-0.0224
-1.161368e-06	-0.0257
-1.159368e-06	-0.0254
-1.157368e-06	-0.0224
-1.155368e-06	-0.0218
-1.153368e-06	-0.0218
-1.151368e-06	-0.0224
-1.149368e-06	-0.0236
-1.147368e-06	-0.0233
-1.145368e-06	-0.0245
-1.143368e-06	-0.0227
-1.141368e-06	-0.0251
-1.139368e-06	-0.0239
-1.137368e-06	-0.0221
-1.135368e-06	-0.0239
-1.133368e-06	-0.0239
-1.131368e-06	-0.0236
-1.129368e-06	-0.0254
-1.127368e-06	-0.0242
-1.125368e-06	-0.0245
-1.123368e-06	-0.0242
-1.121368e-06	-0.0227
-1.119368e-06	-0.0251
-1.117368e-06	-0.0257
-1.115368e-06	-0.0242
-1.113368e-06	-0.0263
-1.111368e-06	-0.0242
-1.109368e-06	-0.0233
-1.107368e-06	-0.023
-1.105368e-06	-0.0233
-1.103368e-06	-0.0254
-1.101368e-06	-0.026
-1.099368e-06	-0.0239
-1.097368e-06	-0.0242
-1.095368e-06	-0.0233
-1.093368e-06	-0.0254
-1.091368e-06	-0.0215
-1.089368e-06	-0.023
-1.087368e-06	-0.023
-1.085368e-06	-0.023
-1.083368e-06	-0.0227
-1.081368e-06	-0.023
-1.079368e-06	-0.0245
-1.077368e-06	-0.0227
-1.075368e-06	-0.0215
-1.073368e-06	-0.0236
-1.071368e-06	-0.0224
-1.069368e-06	-0.0254
-1.067368e-06	-0.0221
-1.065368e-06	-0.0245
-1.063368e-06	-0.0242
-1.061368e-06	-0.0248
-1.059368e-06	-0.0251
-1.057368e-06	-0.0245
-1.055368e-06	-0.0245
-1.053368e-06	-0.0239
-1.051368e-06	-0.0239
-1.049368e-06	-0.0242
-1.047368e-06	-0.0239
-1.045368e-06	-0.0245
-1.043368e-06	-0.0233
-1.041368e-06	-0.0257
-1.039368e-06	-0.0257
-1.037368e-06	-0.0278
-1.035368e-06	-0.0251
-1.033368e-06	-0.0254
-1.031368e-06	-0.0242
-1.029368e-06	-0.0248
-1.027368e-06	-0.0224
-1.025368e-06	-0.0239
-1.023368e-06	-0.0257
-1.021368e-06	-0.0263
-1.019368e-06	-0.0245
-1.017368e-06	-0.0263
-1.015368e-06	-0.0245
-1.013368e-06	-0.0251
-1.011368e-06	-0.0248
-1.009368e-06	-0.0263
-1.007368e-06	-0.026
-1.005368e-06	-0.0257
-1.003368e-06	-0.0263
-1.001368e-06	-0.0278
-9.99368e-07	-0.0254
-9.97368e-07	-0.026
-9.95368e-07	-0.0263
-9.93368e-07	-0.0236
-9.91368e-07	-0.0236
-9.89368e-07	-0.0257
-9.87368e-07	-0.0236
-9.85368e-07	-0.023
-9.83368e-07	-0.0251
-9.81368e-07	-0.0257
-9.79368e-07	-0.0227
-9.77368e-07	-0.0245
-9.75368e-07	-0.0233
-9.73368e-07	-0.0203
-9.71368e-07	-0.0215
-9.69368e-07	-0.0224
-9.67368e-07	-0.0224
-9.65368e-07	-0.0233
-9.63368e-07	-0.0215
-9.61368e-07	-0.0239
-9.59368e-07	-0.0227
-9.57368e-07	-0.0215
-9.55368e-07	-0.023
-9.53368e-07	-0.0239
-9.51368e-07	-0.0224
-9.49368e-07	-0.0242
-9.47368e-07	-0.0227
-9.45368e-07	-0.023
-9.43368e-07	-0.0218
-9.41368e-07	-0.023
-9.39368e-07	-0.0233
-9.37368e-07	-0.0224
-9.35368e-07	-0.0206
-9.33368e-07	-0.0215
-9.31368e-07	-0.0233
-9.29368e-07	-0.0209
-9.27368e-07	-0.0203
-9.25368e-07	-0.0236
-9.23368e-07	-0.0182
-9.21368e-07	-0.0212
-9.19368e-07	-0.0215
-9.17368e-07	-0.0227
-9.15368e-07	-0.0206
-9.13368e-07	-0.02
-9.11368e-07	-0.0194
-9.09368e-07	-0.0212
-9.07368e-07	-0.0191
-9.05368e-07	-0.0212
-9.03368e-07	-0.0206
-9.01368e-07	-0.0206
-8.99368e-07	-0.0194
-8.97368e-07	-0.0203
-8.95368e-07	-0.0206
-8.93368e-07	-0.0206
-8.91368e-07	-0.0206
-8.89368e-07	-0.0218
-8.87368e-07	-0.02
-8.85368e-07	-0.0203
-8.83368e-07	-0.0203
-8.81368e-07	-0.0206
-8.79368e-07	-0.0203
-8.77368e-07	-0.0215
-8.75368e-07	-0.0209
-8.73368e-07	-0.0218
-8.71368e-07	-0.0203
-8.69368e-07	-0.0221
-8.67368e-07	-0.0224
-8.65368e-07	-0.0209
-8.63368e-07	-0.0221
-8.61368e-07	-0.0221
-8.59368e-07	-0.0236
-8.57368e-07	-0.0239
-8.55368e-07	-0.0218
-8.53368e-07	-0.0215
-8.51368e-07	-0.0227
-8.49368e-07	-0.0212
-8.47368e-07	-0.0221
-8.45368e-07	-0.0224
-8.43368e-07	-0.0215
-8.41368e-07	-0.0236
-8.39368e-07	-0.0242
-8.37368e-07	-0.0221
-8.35368e-07	-0.0224
-8.33368e-07	-0.0218
-8.31368e-07	-0.0227
-8.29368e-07	-0.0215
-8.27368e-07	-0.0227
-8.25368e-07	-0.023
-8.23368e-07	-0.023
-8.21368e-07	-0.0221
-8.19368e-07	-0.0221
-8.17368e-07	-0.0218
-8.15368e-07	-0.0224
-8.13368e-07	-0.0224
-8.11368e-07	-0.0227
-8.09368e-07	-0.0239
-8.07368e-07	-0.0218
-8.05368e-07	-0.0224
-8.03368e-07	-0.0233
-8.01368e-07	-0.0221
-7.99368e-07	-0.0206
-7.97368e-07	-0.0203
-7.95368e-07	-0.0194
-7.93368e-07	-0.0209
-7.91368e-07	-0.0191
-7.89368e-07	-0.0203
-7.87368e-07	-0.0212
-7.85368e-07	-0.0215
-7.83368e-07	-0.0203
-7.81368e-07	-0.0188
-7.79368e-07	-0.0215
-7.77368e-07	-0.0206
-7.75368e-07	-0.0191
-7.73368e-07	-0.0176
-7.71368e-07	-0.0185
-7.69368e-07	-0.0197
-7.67368e-07	-0.02
-7.65368e-07	-0.0209
-7.63368e-07	-0.0191
-7.61368e-07	-0.0182
-7.59368e-07	-0.0212
-7.57368e-07	-0.0197
-7.55368e-07	-0.0206
-7.53368e-07	-0.0212
-7.51368e-07	-0.0239
-7.49368e-07	-0.0239
-7.47368e-07	-0.0197
-7.45368e-07	-0.02
-7.43368e-07	-0.0194
-7.41368e-07	-0.0206
-7.39368e-07	-0.0209
-7.37368e-07	-0.0221
-7.35368e-07	-0.02
-7.33368e-07	-0.0197
-7.31368e-07	-0.0218
-7.29368e-07	-0.0242
-7.27368e-07	-0.0206
-7.25368e-07	-0.0191
-7.23368e-07	-0.0191
-7.21368e-07	-0.0245
-7.19368e-07	-0.0218
-7.17368e-07	-0.0194
-7.15368e-07	-0.0188
-7.13368e-07	-0.0215
-7.11368e-07	-0.0251
-7.09368e-07	-0.0236
-7.07368e-07	-0.02
-7.05368e-07	-0.0197
-7.03368e-07	-0.0206
-7.01368e-07	-0.0218
-6.99368e-07	-0.0197
-6.97368e-07	-0.0185
-6.95368e-07	-0.0224
-6.93368e-07	-0.0203
-6.91368e-07	-0.0218
-6.89368e-07	-0.0197
-6.87368e-07	-0.02
-6.85368e-07	-0.0203
-6.83368e-07	-0.0203
-6.81368e-07	-0.0197
-6.79368e-07	-0.0215
-6.77368e-07	-0.0215
-6.75368e-07	-0.0212
-6.73368e-07	-0.0221
-6.71368e-07	-0.0227
-6.69368e-07	-0.0215
-6.67368e-07	-0.0212
-6.65368e-07	-0.0194
-6.63368e-07	-0.0203
-6.61368e-07	-0.0236
-6.59368e-07	-0.0221
-6.57368e-07	-0.0233
-6.55368e-07	-0.0248
-6.53368e-07	-0.0227
-6.51368e-07	-0.0212
-6.49368e-07	-0.0203
-6.47368e-07	-0.0209
-6.45368e-07	-0.0209
-6.43368e-07	-0.0218
-6.41368e-07	-0.0218
-6.39368e-07	-0.0215
-6.37368e-07	-0.0203
-6.35368e-07	-0.0215
-6.33368e-07	-0.0224
-6.31368e-07	-0.0233
-6.29368e-07	-0.023
-6.27368e-07	-0.0209
-6.25368e-07	-0.023
-6.23368e-07	-0.0227
-6.21368e-07	-0.0227
-6.19368e-07	-0.023
-6.17368e-07	-0.0227
-6.15368e-07	-0.0233
-6.13368e-07	-0.0245
-6.11368e-07	-0.0239
-6.09368e-07	-0.0239
-6.07368e-07	-0.023
-6.05368e-07	-0.0242
-6.03368e-07	-0.0224
-6.01368e-07	-0.0233
-5.99368e-07	-0.023
-5.97368e-07	-0.0236
-5.95368e-07	-0.0221
-5.93368e-07	-0.0233
-5.91368e-07	-0.0233
-5.89368e-07	-0.0257
-5.87368e-07	-0.0227
-5.85368e-07	-0.0239
-5.83368e-07	-0.0218
-5.81368e-07	-0.0236
-5.79368e-07	-0.0239
-5.77368e-07	-0.0254
-5.75368e-07	-0.0239
-5.73368e-07	-0.0248
-5.71368e-07	-0.0239
-5.69368e-07	-0.0248
-5.67368e-07	-0.026
-5.65368e-07	-0.0251
-5.63368e-07	-0.0248
-5.61368e-07	-0.0245
-5.59368e-07	-0.0254
-5.57368e-07	-0.0233
-5.55368e-07	-0.0245
-5.53368e-07	-0.023
-5.51368e-07	-0.0233
-5.49368e-07	-0.0248
-5.47368e-07	-0.0236
-5.45368e-07	-0.0257
-5.43368e-07	-0.0239
-5.41368e-07	-0.0242
-5.39368e-07	-0.0242
-5.37368e-07	-0.0248
-5.35368e-07	-0.0257
-5.33368e-07	-0.0257
-5.31368e-07	-0.0266
-5.29368e-07	-0.0281
-5.27368e-07	-0.0251
-5.25368e-07	-0.0272
-5.23368e-07	-0.0248
-5.21368e-07	-0.0266
-5.19368e-07	-0.0257
-5.17368e-07	-0.0272
-5.15368e-07	-0.0254
-5.13368e-07	-0.0242
-5.11368e-07	-0.0251
-5.09368e-07	-0.0254
-5.07368e-07	-0.0257
-5.05368e-07	-0.0248
-5.03368e-07	-0.0254
-5.01368e-07	-0.0251
-4.99368e-07	-0.0257
-4.97368e-07	-0.0257
-4.95368e-07	-0.0248
-4.93368e-07	-0.0263
-4.91368e-07	-0.0233
-4.89368e-07	-0.0266
-4.87368e-07	-0.0251
-4.85368e-07	-0.0254
-4.83368e-07	-0.0257
-4.81368e-07	-0.0251
-4.79368e-07	-0.0245
-4.77368e-07	-0.026
-4.75368e-07	-0.0218
-4.73368e-07	-0.0239
-4.71368e-07	-0.0257
-4.69368e-07	-0.0251
-4.67368e-07	-0.0236
-4.65368e-07	-0.0236
-4.63368e-07	-0.0239
-4.61368e-07	-0.0248
-4.59368e-07	-0.0242
-4.57368e-07	-0.0251
-4.55368e-07	-0.0248
-4.53368e-07	-0.0239
-4.51368e-07	-0.0248
-4.49368e-07	-0.0251
-4.47368e-07	-0.023
-4.45368e-07	-0.0242
-4.43368e-07	-0.0251
-4.41368e-07	-0.0254
-4.39368e-07	-0.0242
-4.37368e-07	-0.0233
-4.35368e-07	-0.0224
-4.33368e-07	-0.023
-4.31368e-07	-0.0245
-4.29368e-07	-0.0239
-4.27368e-07	-0.0224
-4.25368e-07	-0.023
-4.23368e-07	-0.0236
-4.21368e-07	-0.0248
-4.19368e-07	-0.0239
-4.17368e-07	-0.0242
-4.15368e-07	-0.0239
-4.13368e-07	-0.026
-4.11368e-07	-0.0254
-4.09368e-07	-0.0257
-4.07368e-07	-0.0239
-4.05368e-07	-0.0245
-4.03368e-07	-0.0254
-4.01368e-07	-0.0251
-3.99368e-07	-0.0257
-3.97368e-07	-0.0254
-3.95368e-07	-0.0242
-3.93368e-07	-0.0257
-3.91368e-07	-0.0242
-3.89368e-07	-0.0254
-3.87368e-07	-0.0221
-3.85368e-07	-0.0212
-3.83368e-07	-0.0212
-3.81368e-07	-0.0251
-3.79368e-07	-0.0236
-3.77368e-07	-0.0233
-3.75368e-07	-0.0239
-3.73368e-07	-0.0239
-3.71368e-07	-0.0263
-3.69368e-07	-0.0236
-3.67368e-07	-0.0263
-3.65368e-07	-0.0248
-3.63368e-07	-0.0239
-3.61368e-07	-0.0227
-3.59368e-07	-0.0248
-3.57368e-07	-0.0248
-3.55368e-07	-0.0239
-3.53368e-07	-0.0236
-3.51368e-07	-0.0239
-3.49368e-07	-0.0224
-3.47368e-07	-0.0227
-3.45368e-07	-0.0218
-3.43368e-07	-0.0242
-3.41368e-07	-0.0242
-3.39368e-07	-0.0236
-3.37368e-07	-0.0254
-3.35368e-07	-0.0227
-3.33368e-07	-0.0251
-3.31368e-07	-0.0239
-3.29368e-07	-0.0242
-3.27368e-07	-0.0239
-3.25368e-07	-0.0254
-3.23368e-07	-0.0236
-3.21368e-07	-0.0236
-3.19368e-07	-0.023
-3.17368e-07	-0.023
-3.15368e-07	-0.023
-3.13368e-07	-0.0245
-3.11368e-07	-0.023
-3.09368e-07	-0.0242
-3.07368e-07	-0.0242
-3.05368e-07	-0.0242
-3.03368e-07	-0.023
-3.01368e-07	-0.0263
-2.99368e-07	-0.0209
-2.97368e-07	-0.0221
-2.95368e-07	-0.0212
-2.93368e-07	-0.0239
-2.91368e-07	-0.0236
-2.89368e-07	-0.023
-2.87368e-07	-0.0224
-2.85368e-07	-0.0227
-2.83368e-07	-0.0215
-2.81368e-07	-0.0221
-2.79368e-07	-0.0236
-2.77368e-07	-0.0239
-2.75368e-07	-0.0236
-2.73368e-07	-0.0236
-2.71368e-07	-0.0212
-2.69368e-07	-0.0239
-2.67368e-07	-0.0233
-2.65368e-07	-0.0215
-2.63368e-07	-0.0215
-2.61368e-07	-0.0233
-2.59368e-07	-0.023
-2.57368e-07	-0.0245
-2.55368e-07	-0.023
-2.53368e-07	-0.0251
-2.51368e-07	-0.0221
-2.49368e-07	-0.0236
-2.47368e-07	-0.0242
-2.45368e-07	-0.0239
-2.43368e-07	-0.0239
-2.41368e-07	-0.0236
-2.39368e-07	-0.0203
-2.37368e-07	-0.0221
-2.35368e-07	-0.0218
-2.33368e-07	-0.0224
-2.31368e-07	-0.0212
-2.29368e-07	-0.0224
-2.27368e-07	-0.0224
-2.25368e-07	-0.0233
-2.23368e-07	-0.0227
-2.21368e-07	-0.023
-2.19368e-07	-0.02
-2.17368e-07	-0.0227
-2.15368e-07	-0.0194
-2.13368e-07	-0.0203
-2.11368e-07	-0.0236
-2.09368e-07	-0.0188
-2.07368e-07	-0.0203
-2.05368e-07	-0.0218
-2.03368e-07	-0.0209
-2.01368e-07	-0.0239
-1.99368e-07	-0.0242
-1.97368e-07	-0.0221
-1.95368e-07	-0.0221
-1.93368e-07	-0.0236
-1.91368e-07	-0.0233
-1.89368e-07	-0.0212
-1.87368e-07	-0.0197
-1.85368e-07	-0.0245
-1.83368e-07	-0.0215
-1.81368e-07	-0.0224
-1.79368e-07	-0.0188
-1.77368e-07	-0.0215
-1.75368e-07	-0.0218
-1.73368e-07	-0.0212
-1.71368e-07	-0.0206
-1.69368e-07	-0.0203
-1.67368e-07	-0.0212
-1.65368e-07	-0.0206
-1.63368e-07	-0.0224
-1.61368e-07	-0.0218
-1.59368e-07	-0.0224
-1.57368e-07	-0.0203
-1.55368e-07	-0.0221
-1.53368e-07	-0.0212
-1.51368e-07	-0.0203
-1.49368e-07	-0.0203
-1.47368e-07	-0.0224
-1.45368e-07	-0.0221
-1.43368e-07	-0.0224
-1.41368e-07	-0.0221
-1.39368e-07	-0.0227
-1.37368e-07	-0.0215
-1.35368e-07	-0.0215
-1.33368e-07	-0.0209
-1.31368e-07	-0.0215
-1.29368e-07	-0.0215
-1.27368e-07	-0.0203
-1.25368e-07	-0.0218
-1.23368e-07	-0.0218
-1.21368e-07	-0.0209
-1.19368e-07	-0.0236
-1.17368e-07	-0.0221
-1.15368e-07	-0.0233
-1.13368e-07	-0.0209
-1.11368e-07	-0.0221
-1.09368e-07	-0.0236
-1.07368e-07	-0.0224
-1.05368e-07	-0.0191
-1.03368e-07	-0.0203
-1.01368e-07	-0.0221
-9.936798e-08	-0.0245
-9.736798e-08	-0.0218
-9.536798e-08	-0.0215
-9.336798e-08	-0.0221
-9.136798e-08	-0.0209
-8.936798e-08	-0.0242
-8.736798e-08	-0.0236
-8.536798e-08	-0.0227
-8.336798e-08	-0.0233
-8.136798e-08	-0.0233
-7.936798e-08	-0.0245
-7.736798e-08	-0.0251
-7.536798e-08	-0.0245
-7.336798e-08	-0.0248
-7.136798e-08	-0.0251
-6.936798e-08	-0.0236
-6.736798e-08	-0.023
-6.536798e-08	-0.0239
-6.336798e-08	-0.0233
-6.136798e-08	-0.0236
-5.936798e-08	-0.0233
-5.736798e-08	-0.0251
-5.536798e-08	-0.0242
-5.336798e-08	-0.0248
-5.136798e-08	-0.0227
-4.936798e-08	-0.0233
-4.736798e-08	-0.023
-4.536798e-08	-0.0245
-4.336798e-08	-0.0221
-4.136798e-08	-0.0215
-3.936798e-08	-0.0212
-3.736798e-08	-0.0227
-3.536798e-08	-0.0224
-3.336798e-08	-0.0206
-3.136798e-08	-0.0221
-2.936798e-08	-0.0224
-2.736798e-08	-0.0215
-2.536798e-08	-0.0209
-2.336798e-08	-0.0221
-2.136798e-08	-0.0227
-1.936798e-08	-0.0224
-1.736798e-08	-0.0239
-1.536798e-08	-0.0242
-1.336798e-08	-0.023
-1.136798e-08	-0.0218
-9.367982e-09	-0.0236
-7.367982e-09	-0.0215
-5.367982e-09	-0.0215
-3.367982e-09	-0.0212
-1.367982e-09	-0.0218
6.320176e-10	-0.0215
2.632018e-09	-0.0203
4.632018e-09	-0.0221
6.632018e-09	-0.0227
8.632018e-09	-0.0206
1.063202e-08	-0.0233
1.263202e-08	-0.023
1.463202e-08	-0.0212
1.663202e-08	-0.0188
1.863202e-08	-0.0224
2.063202e-08	-0.0212
2.263202e-08	-0.0224
2.463202e-08	-0.0212
2.663202e-08	-0.0227
2.863202e-08	-0.02
3.063202e-08	-0.0218
3.263202e-08	-0.0224
3.463202e-08	-0.0209
3.663202e-08	-0.0206
3.863202e-08	-0.0224
4.063202e-08	-0.0212
4.263202e-08	-0.0221
4.463202e-08	-0.0212
4.663202e-08	-0.0236
4.863202e-08	-0.0227
5.063202e-08	-0.0233
5.263202e-08	-0.0242
5.463202e-08	-0.0242
5.663202e-08	-0.023
5.863202e-08	-0.0248
6.063202e-08	-0.0233
6.263202e-08	-0.0245
6.463202e-08	-0.0227
6.663202e-08	-0.0245
6.863202e-08	-0.0257
7.063202e-08	-0.0212
7.263202e-08	-0.0215
7.463202e-08	-0.0224
7.663202e-08	-0.0218
7.863202e-08	-0.023
8.063202e-08	-0.023
8.263202e-08	-0.0215
8.463202e-08	-0.0227
8.663202e-08	-0.023
8.863202e-08	-0.0242
9.063202e-08	-0.0239
9.263202e-08	-0.0245
9.463202e-08	-0.0236
9.663202e-08	-0.0245
9.863202e-08	-0.0242
1.00632e-07	-0.0233
1.02632e-07	-0.0251
1.04632e-07	-0.0239
1.06632e-07	-0.0224
1.08632e-07	-0.0233
1.10632e-07	-0.0245
1.12632e-07	-0.0236
1.14632e-07	-0.0233
1.16632e-07	-0.0233
1.18632e-07	-0.0242
1.20632e-07	-0.0245
1.22632e-07	-0.023
1.24632e-07	-0.0248
1.26632e-07	-0.0236
1.28632e-07	-0.0206
1.30632e-07	-0.0203
1.32632e-07	-0.014
1.34632e-07	-0.0035
1.36632e-07	0.0214
1.38632e-07	0.0547
1.40632e-07	0.1051
1.42632e-07	0.1597
1.44632e-07	0.2221
1.46632e-07	0.2836
1.48632e-07	0.3439
1.50632e-07	0.4015
1.52632e-07	0.4594
1.54632e-07	0.511
1.56632e-07	0.5596
1.58632e-07	0.6031
1.60632e-07	0.643
1.62632e-07	0.6778
1.64632e-07	0.7102
1.66632e-07	0.7354
1.68632e-07	0.7636
1.70632e-07	0.7819
1.72632e-07	0.8011
1.74632e-07	0.8128
1.76632e-07	0.826
1.78632e-07	0.8344
1.80632e-07	0.8398
1.82632e-07	0.8419
1.84632e-07	0.847
1.86632e-07	0.844
1.88632e-07	0.844
1.90632e-07	0.8392
1.92632e-07	0.8371
1.94632e-07	0.8305
1.96632e-07	0.8245
1.98632e-07	0.8134
2.00632e-07	0.8056
2.02632e-07	0.7963
2.04632e-07	0.7894
2.06632e-07	0.7753
2.08632e-07	0.7648
2.10632e-07	0.7549
2.12632e-07	0.7447
2.14632e-07	0.7309
2.16632e-07	0.718
2.18632e-07	0.7012
2.20632e-07	0.6934
2.22632e-07	0.6811
2.24632e-07	0.6682
2.26632e-07	0.6517
2.28632e-07	0.6388
2.30632e-07	0.6262
2.32632e-07	0.6163
2.34632e-07	0.6004
2.36632e-07	0.5881
2.38632e-07	0.5737
2.40632e-07	0.5632
2.42632e-07	0.5512
2.44632e-07	0.5386
2.46632e-07	0.5248
2.48632e-07	0.514
2.50632e-07	0.4984
2.52632e-07	0.4891
2.54632e-07	0.478
2.56632e-07	0.4672
2.58632e-07	0.4549
2.60632e-07	0.445
2.62632e-07	0.4354
2.64632e-07	0.4237
2.66632e-07	0.4144
2.68632e-07	0.4045
2.70632e-07	0.3931
2.72632e-07	0.3853
2.74632e-07	0.3736
2.76632e-07	0.3652
2.78632e-07	0.3538
2.80632e-07	0.3469
2.82632e-07	0.3379
2.84632e-07	0.3304
2.86632e-07	0.3202
2.88632e-07	0.3133
2.90632e-07	0.304
2.92632e-07	0.2977
2.94632e-07	0.2878
2.96632e-07	0.2809
2.98632e-07	0.274
3.00632e-07	0.2692
3.02632e-07	0.2596
3.04632e-07	0.2542
3.06632e-07	0.2476
3.08632e-07	0.2434
3.10632e-07	0.2347
3.12632e-07	0.2308
3.14632e-07	0.2215
3.16632e-07	0.2188
3.18632e-07	0.2125
3.20632e-07	0.2077
3.22632e-07	0.2023
3.24632e-07	0.1981
3.26632e-07	0.1906
3.28632e-07	0.1846
3.30632e-07	0.1807
3.32632e-07	0.1783
3.34632e-07	0.172
3.36632e-07	0.1681
3.38632e-07	0.1633
3.40632e-07	0.1594
3.42632e-07	0.1546
3.44632e-07	0.1501
3.46632e-07	0.1474
3.48632e-07	0.1441
3.50632e-07	0.1396
3.52632e-07	0.1369
3.54632e-07	0.1321
3.56632e-07	0.1309
3.58632e-07	0.124
3.60632e-07	0.124
3.62632e-07	0.1207
3.64632e-07	0.1192
3.66632e-07	0.1141
3.68632e-07	0.112
3.70632e-07	0.1078
3.72632e-07	0.1054
3.74632e-07	0.103
3.76632e-07	0.1015
3.78632e-07	0.0976
3.80632e-07	0.0967
3.82632e-07	0.0925
3.84632e-07	0.0922
3.86632e-07	0.0874
3.88632e-07	0.0856
3.90632e-07	0.0814
3.92632e-07	0.0811
3.94632e-07	0.0775
3.96632e-07	0.0754
3.98632e-07	0.0712
4.00632e-07	0.0712
4.02632e-07	0.07
4.04632e-07	0.0679
4.06632e-07	0.0658
4.08632e-07	0.0634
4.10632e-07	0.0619
4.12632e-07	0.0616
4.14632e-07	0.0592
4.16632e-07	0.0568
4.18632e-07	0.0547
4.20632e-07	0.0538
4.22632e-07	0.0514
4.24632e-07	0.0508
4.26632e-07	0.0505
4.28632e-07	0.0469
4.30632e-07	0.0484
4.32632e-07	0.046
4.34632e-07	0.0442
4.36632e-07	0.0421
4.38632e-07	0.0409
4.40632e-07	0.0397
4.42632e-07	0.0379
4.44632e-07	0.037
4.46632e-07	0.0352
4.48632e-07	0.0337
4.50632e-07	0.0331
4.52632e-07	0.0331
4.54632e-07	0.0304
4.56632e-07	0.0319
4.58632e-07	0.0304
4.60632e-07	0.0307
4.62632e-07	0.0274
4.64632e-07	0.025
4.66632e-07	0.0238
4.68632e-07	0.0238
4.70632e-07	0.0229
4.72632e-07	0.0205
4.74632e-07	0.0208
4.76632e-07	0.0208
4.78632e-07	0.0178
4.80632e-07	0.0181
4.82632e-07	0.0169
4.84632e-07	0.0166
4.86632e-07	0.0148
4.88632e-07	0.0148
4.90632e-07	0.0136
4.92632e-07	0.0139
4.94632e-07	0.0115
4.96632e-07	0.0118
4.98632e-07	0.0112
5.00632e-07	0.0097
5.02632e-07	0.0079
5.04632e-07	0.01
5.06632e-07	0.0073
5.08632e-07	0.0073
5.10632e-07	0.0055
5.12632e-07	0.0058
5.14632e-07	0.0043
5.16632e-07	0.0037
5.18632e-07	0.0031
5.20632e-07	0.0028
5.22632e-07	0.001
5.24632e-07	0.0016
5.26632e-07	0.0004
5.28632e-07	-0.0002
5.30632e-07	0.0001
5.32632e-07	-0.0011
5.34632e-07	-0.0008
5.36632e-07	-0.0008
5.38632e-07	-0.0017
5.40632e-07	-0.0038
5.42632e-07	-0.0038
5.44632e-07	-0.0029
5.46632e-07	-0.0041
5.48632e-07	-0.0035
5.50632e-07	-0.0047
5.52632e-07	-0.0041
5.54632e-07	-0.0044
5.56632e-07	-0.0059
5.58632e-07	-0.0059
5.60632e-07	-0.0074
5.62632e-07	-0.0095
5.64632e-07	-0.005
5.66632e-07	-0.0065
5.68632e-07	-0.008
5.70632e-07	-0.0086
5.72632e-07	-0.0077
5.74632e-07	-0.0098
5.76632e-07	-0.0092
5.78632e-07	-0.0089
5.80632e-07	-0.0083
5.82632e-07	-0.0092
5.84632e-07	-0.0095
5.86632e-07	-0.0098
5.88632e-07	-0.0095
5.90632e-07	-0.0119
5.92632e-07	-0.0092
5.94632e-07	-0.0113
5.96632e-07	-0.0107
5.98632e-07	-0.0128
6.00632e-07	-0.0128
6.02632e-07	-0.0143
6.04632e-07	-0.0146
6.06632e-07	-0.0134
6.08632e-07	-0.0134
6.10632e-07	-0.0155
6.12632e-07	-0.0149
6.14632e-07	-0.0116
6.16632e-07	-0.0131
6.18632e-07	-0.0119
6.20632e-07	-0.0137
6.22632e-07	-0.0155
6.24632e-07	-0.0137
6.26632e-07	-0.017
6.28632e-07	-0.0158
6.30632e-07	-0.0146
6.32632e-07	-0.0152
6.34632e-07	-0.017
6.36632e-07	-0.0161
6.38632e-07	-0.0161
6.40632e-07	-0.0164
6.42632e-07	-0.017
6.44632e-07	-0.0161
6.46632e-07	-0.0161
6.48632e-07	-0.0173
6.50632e-07	-0.017
6.52632e-07	-0.0173
6.54632e-07	-0.0173
6.56632e-07	-0.0179
6.58632e-07	-0.0182
6.60632e-07	-0.0188
6.62632e-07	-0.0167
6.64632e-07	-0.0182
6.66632e-07	-0.0194
6.68632e-07	-0.0179
6.70632e-07	-0.0152
6.72632e-07	-0.0188
6.74632e-07	-0.0167
6.76632e-07	-0.0173
6.78632e-07	-0.0182
6.80632e-07	-0.0182
6.82632e-07	-0.0203
6.84632e-07	-0.0182
6.86632e-07	-0.0188
6.88632e-07	-0.0203
6.90632e-07	-0.0182
6.92632e-07	-0.0197
6.94632e-07	-0.0176
6.96632e-07	-0.0179
6.98632e-07	-0.0191
7.00632e-07	-0.0218
7.02632e-07	-0.0185
7.04632e-07	-0.0191
7.06632e-07	-0.0179
7.08632e-07	-0.0173
7.10632e-07	-0.0179
7.12632e-07	-0.0179
7.14632e-07	-0.0191
7.16632e-07	-0.0185
7.18632e-07	-0.0137
7.20632e-07	-0.0158
7.22632e-07	-0.0182
7.24632e-07	-0.0182
7.26632e-07	-0.0176
7.28632e-07	-0.017
7.30632e-07	-0.0176
7.32632e-07	-0.0164
7.34632e-07	-0.0179
7.36632e-07	-0.0182
7.38632e-07	-0.0182
7.40632e-07	-0.0161
7.42632e-07	-0.0164
7.44632e-07	-0.0173
7.46632e-07	-0.0206
7.48632e-07	-0.0173
7.50632e-07	-0.0167
7.52632e-07	-0.0155
7.54632e-07	-0.0197
7.56632e-07	-0.0167
7.58632e-07	-0.0179
7.60632e-07	-0.0185
7.62632e-07	-0.0209
7.64632e-07	-0.0179
7.66632e-07	-0.0194
7.68632e-07	-0.0185
7.70632e-07	-0.0194
7.72632e-07	-0.0179
7.74632e-07	-0.0176
7.76632e-07	-0.017
7.78632e-07	-0.0188
7.80632e-07	-0.0182
7.82632e-07	-0.0197
7.84632e-07	-0.0182
7.86632e-07	-0.0188
7.88632e-07	-0.0194
7.90632e-07	-0.0179
7.92632e-07	-0.0185
7.94632e-07	-0.0188
7.96632e-07	-0.0194
7.98632e-07	-0.0194
8.00632e-07	-0.0179
8.02632e-07	-0.0203
8.04632e-07	-0.0188
8.06632e-07	-0.0164
8.08632e-07	-0.0188
8.10632e-07	-0.0206
8.12632e-07	-0.0179
8.14632e-07	-0.0191
8.16632e-07	-0.017
8.18632e-07	-0.0182
8.20632e-07	-0.0176
8.22632e-07	-0.017
8.24632e-07	-0.0167
8.26632e-07	-0.0179
8.28632e-07	-0.0182
8.30632e-07	-0.0176
8.32632e-07	-0.0182
8.34632e-07	-0.0176
8.36632e-07	-0.0185
8.38632e-07	-0.0185
8.40632e-07	-0.02
8.42632e-07	-0.0188
8.44632e-07	-0.0206
8.46632e-07	-0.0203
8.48632e-07	-0.0209
8.50632e-07	-0.0191
8.52632e-07	-0.0194
8.54632e-07	-0.0194
8.56632e-07	-0.02
8.58632e-07	-0.0203
8.60632e-07	-0.0185
8.62632e-07	-0.0194
8.64632e-07	-0.02
8.66632e-07	-0.0191
8.68632e-07	-0.0203
8.70632e-07	-0.0218
8.72632e-07	-0.0215
8.74632e-07	-0.0206
8.76632e-07	-0.0188
8.78632e-07	-0.02
8.80632e-07	-0.0215
8.82632e-07	-0.0221
8.84632e-07	-0.0203
8.86632e-07	-0.0215
8.88632e-07	-0.0209
8.90632e-07	-0.0209
8.92632e-07	-0.0209
8.94632e-07	-0.0203
8.96632e-07	-0.0221
8.98632e-07	-0.0203
9.00632e-07	-0.0215
9.02632e-07	-0.023
9.04632e-07	-0.0203
9.06632e-07	-0.0224
9.08632e-07	-0.0215
9.10632e-07	-0.0197
9.12632e-07	-0.0182
9.14632e-07	-0.0209
9.16632e-07	-0.0197
9.18632e-07	-0.0197
9.20632e-07	-0.0206
9.22632e-07	-0.0218
9.24632e-07	-0.0182
9.26632e-07	-0.0203
9.28632e-07	-0.02
9.30632e-07	-0.02
9.32632e-07	-0.0188
9.34632e-07	-0.0188
9.36632e-07	-0.0188
9.38632e-07	-0.0188
9.40632e-07	-0.0191
9.42632e-07	-0.0203
9.44632e-07	-0.0188
9.46632e-07	-0.0191
9.48632e-07	-0.0191
9.50632e-07	-0.0191
9.52632e-07	-0.0188
9.54632e-07	-0.0215
9.56632e-07	-0.0188
9.58632e-07	-0.0191
9.60632e-07	-0.0194
9.62632e-07	-0.0221
9.64632e-07	-0.0188
9.66632e-07	-0.0185
9.68632e-07	-0.02
9.70632e-07	-0.0191
9.72632e-07	-0.0185
9.74632e-07	-0.0197
9.76632e-07	-0.0203
9.78632e-07	-0.0203
9.80632e-07	-0.0179
9.82632e-07	-0.0206
9.84632e-07	-0.0182
9.86632e-07	-0.0209
9.88632e-07	-0.0191
9.90632e-07	-0.02
9.92632e-07	-0.0206
9.94632e-07	-0.02
9.96632e-07	-0.0182
9.98632e-07	-0.0203
1.000632e-06	-0.0179
1.002632e-06	-0.0185
1.004632e-06	-0.0197
1.006632e-06	-0.0206
1.008632e-06	-0.0206
1.010632e-06	-0.0203
1.012632e-06	-0.0185
1.014632e-06	-0.0191
1.016632e-06	-0.0188
1.018632e-06	-0.0206
1.020632e-06	-0.0218
1.022632e-06	-0.02
1.024632e-06	-0.0227
1.026632e-06	-0.0227
1.028632e-06	-0.023
1.030632e-06	-0.023
1.032632e-06	-0.023
1.034632e-06	-0.0221
1.036632e-06	-0.0236
1.038632e-06	-0.0236
1.040632e-06	-0.0239
1.042632e-06	-0.0251
1.044632e-06	-0.0242
1.046632e-06	-0.0239
1.048632e-06	-0.0239
1.050632e-06	-0.0233
1.052632e-06	-0.0227
1.054632e-06	-0.023
1.056632e-06	-0.0233
1.058632e-06	-0.0227
1.060632e-06	-0.023
1.062632e-06	-0.0236
1.064632e-06	-0.0242
1.066632e-06	-0.0227
1.068632e-06	-0.0221
1.070632e-06	-0.0236
1.072632e-06	-0.023
1.074632e-06	-0.0242
1.076632e-06	-0.0221
1.078632e-06	-0.0245
1.080632e-06	-0.0239
1.082632e-06	-0.0245
1.084632e-06	-0.0233
1.086632e-06	-0.0251
1.088632e-06	-0.0245
1.090632e-06	-0.0242
1.092632e-06	-0.0218
1.094632e-06	-0.0245
1.096632e-06	-0.0245
1.098632e-06	-0.026
1.100632e-06	-0.023
1.102632e-06	-0.0233
1.104632e-06	-0.0224
1.106632e-06	-0.0224
1.108632e-06	-0.0242
1.110632e-06	-0.0236
1.112632e-06	-0.0236
1.114632e-06	-0.0242
1.116632e-06	-0.0215
1.118632e-06	-0.023
1.120632e-06	-0.0233
1.122632e-06	-0.023
1.124632e-06	-0.0236
1.126632e-06	-0.0242
1.128632e-06	-0.0245
1.130632e-06	-0.023
1.132632e-06	-0.0239
1.134632e-06	-0.0233
1.136632e-06	-0.0251
1.138632e-06	-0.0245
1.140632e-06	-0.0221
1.142632e-06	-0.023
1.144632e-06	-0.0227
1.146632e-06	-0.0221
1.148632e-06	-0.0239
1.150632e-06	-0.0227
1.152632e-06	-0.023
1.154632e-06	-0.0242
1.156632e-06	-0.0221
1.158632e-06	-0.0206
1.160632e-06	-0.0206
1.162632e-06	-0.0218
1.164632e-06	-0.02
1.166632e-06	-0.0227
1.168632e-06	-0.0224
1.170632e-06	-0.0215
1.172632e-06	-0.023
1.174632e-06	-0.0212
1.176632e-06	-0.0224
1.178632e-06	-0.0218
1.180632e-06	-0.0209
1.182632e-06	-0.0209
1.184632e-06	-0.0218
1.186632e-06	-0.0212
1.188632e-06	-0.0218
1.190632e-06	-0.0203
1.192632e-06	-0.0197
1.194632e-06	-0.0203
1.196632e-06	-0.0203
1.198632e-06	-0.0209
1.200632e-06	-0.0206
1.202632e-06	-0.0194
1.204632e-06	-0.0206
1.206632e-06	-0.0227
1.208632e-06	-0.0215
1.210632e-06	-0.0215
1.212632e-06	-0.0209
1.214632e-06	-0.0197
1.216632e-06	-0.0206
1.218632e-06	-0.02
1.220632e-06	-0.0206
1.222632e-06	-0.0188
1.224632e-06	-0.0188
1.226632e-06	-0.0194
1.228632e-06	-0.0188
1.230632e-06	-0.0197
1.232632e-06	-0.0176
1.234632e-06	-0.02
1.236632e-06	-0.0185
1.238632e-06	-0.0203
1.240632e-06	-0.017
1.242632e-06	-0.0179
1.244632e-06	-0.0185
1.246632e-06	-0.0224
1.248632e-06	-0.0209
1.250632e-06	-0.02
1.252632e-06	-0.0158
1.254632e-06	-0.0182
1.256632e-06	-0.0194
1.258632e-06	-0.02
1.260632e-06	-0.0182
1.262632e-06	-0.0191
1.264632e-06	-0.0188
1.266632e-06	-0.0206
1.268632e-06	-0.0182
1.270632e-06	-0.0179
1.272632e-06	-0.0173
1.274632e-06	-0.0206
1.276632e-06	-0.0197
1.278632e-06	-0.0185
1.280632e-06	-0.02
1.282632e-06	-0.0188
1.284632e-06	-0.0197
1.286632e-06	-0.017
1.288632e-06	-0.0185
1.290632e-06	-0.02
1.292632e-06	-0.0191
1.294632e-06	-0.0191
1.296632e-06	-0.0212
1.298632e-06	-0.0224
1.300632e-06	-0.02
1.302632e-06	-0.0209
1.304632e-06	-0.0218
1.306632e-06	-0.0236
1.308632e-06	-0.0218
1.310632e-06	-0.0221
1.312632e-06	-0.0212
1.314632e-06	-0.0227
1.316632e-06	-0.0203
1.318632e-06	-0.0221
1.320632e-06	-0.0218
1.322632e-06	-0.0215
1.324632e-06	-0.0206
1.326632e-06	-0.0188
1.328632e-06	-0.0227
1.330632e-06	-0.0233
1.332632e-06	-0.0224
1.334632e-06	-0.0236
1.336632e-06	-0.0221
1.338632e-06	-0.0209
1.340632e-06	-0.0233
1.342632e-06	-0.0227
1.344632e-06	-0.02
1.346632e-06	-0.0212
1.348632e-06	-0.0218
1.350632e-06	-0.0218
1.352632e-06	-0.0221
1.354632e-06	-0.0224
1.356632e-06	-0.0242
1.358632e-06	-0.0236
1.360632e-06	-0.0233
1.362632e-06	-0.0215
1.364632e-06	-0.0209
1.366632e-06	-0.0203
1.368632e-06	-0.0212
1.370632e-06	-0.0221
1.372632e-06	-0.0227
1.374632e-06	-0.0209
1.376632e-06	-0.0203
1.378632e-06	-0.0212
1.380632e-06	-0.0227
1.382632e-06	-0.0224
1.384632e-06	-0.0224
1.386632e-06	-0.0224
1.388632e-06	-0.0242
1.390632e-06	-0.0218
1.392632e-06	-0.0248
1.394632e-06	-0.0233
1.396632e-06	-0.0224
1.398632e-06	-0.023
1.400632e-06	-0.023
1.402632e-06	-0.0233
1.404632e-06	-0.0245
1.406632e-06	-0.0242
1.408632e-06	-0.0245
1.410632e-06	-0.0257
1.412632e-06	-0.0242
1.414632e-06	-0.0248
1.416632e-06	-0.0257
1.418632e-06	-0.0236
1.420632e-06	-0.0233
1.422632e-06	-0.0248
1.424632e-06	-0.0248
1.426632e-06	-0.0242
1.428632e-06	-0.0257
1.430632e-06	-0.0257
1.432632e-06	-0.0245
1.434632e-06	-0.026
1.436632e-06	-0.0266
1.438632e-06	-0.0266
1.440632e-06	-0.0218
1.442632e-06	-0.0251
1.444632e-06	-0.0245
1.446632e-06	-0.0254
1.448632e-06	-0.0236
1.450632e-06	-0.0239
1.452632e-06	-0.0221
1.454632e-06	-0.0224
1.456632e-06	-0.0209
1.458632e-06	-0.0227
1.460632e-06	-0.0227
1.462632e-06	-0.0242
1.464632e-06	-0.0224
1.466632e-06	-0.0224
1.468632e-06	-0.0227
1.470632e-06	-0.0227
1.472632e-06	-0.0227
1.474632e-06	-0.0239
1.476632e-06	-0.0233
1.478632e-06	-0.0248
1.480632e-06	-0.0236
1.482632e-06	-0.0254
1.484632e-06	-0.0227
1.486632e-06	-0.0233
1.488632e-06	-0.0245
1.490632e-06	-0.0251
1.492632e-06	-0.0242
1.494632e-06	-0.0254
1.496632e-06	-0.0245
1.498632e-06	-0.0242
1.500632e-06	-0.0248
1.502632e-06	-0.0242
1.504632e-06	-0.0245
1.506632e-06	-0.0266
1.508632e-06	-0.0248
1.510632e-06	-0.026
1.512632e-06	-0.0254
1.514632e-06	-0.0254
1.516632e-06	-0.0266
1.518632e-06	-0.0239
1.520632e-06	-0.0224
1.522632e-06	-0.0251
1.524632e-06	-0.0248
1.526632e-06	-0.0254
1.528632e-06	-0.0245
1.530632e-06	-0.0251
1.532632e-06	-0.0239
1.534632e-06	-0.0233
1.536632e-06	-0.0236
1.538632e-06	-0.0251
1.540632e-06	-0.0242
1.542632e-06	-0.026
1.544632e-06	-0.0245
1.546632e-06	-0.0263
1.548632e-06	-0.0233
1.550632e-06	-0.0263
1.552632e-06	-0.0248
1.554632e-06	-0.0263
1.556632e-06	-0.0248
1.558632e-06	-0.0275
1.560632e-06	-0.0251
1.562632e-06	-0.026
1.564632e-06	-0.0257
1.566632e-06	-0.026
1.568632e-06	-0.0245
1.570632e-06	-0.0251
1.572632e-06	-0.0245
1.574632e-06	-0.0242
1.576632e-06	-0.026
1.578632e-06	-0.0254
1.580632e-06	-0.0218
1.582632e-06	-0.0254
1.584632e-06	-0.0251
1.586632e-06	-0.0242
1.588632e-06	-0.0236
1.590632e-06	-0.023
1.592632e-06	-0.0212
1.594632e-06	-0.0242
1.596632e-06	-0.0209
1.598632e-06	-0.0224
1.600632e-06	-0.0227
1.602632e-06	-0.023
1.604632e-06	-0.0251
1.606632e-06	-0.0248
1.608632e-06	-0.0227
1.610632e-06	-0.0239
1.612632e-06	-0.0221
1.614632e-06	-0.0236
1.616632e-06	-0.0239
1.618632e-06	-0.0224
1.620632e-06	-0.0233
1.622632e-06	-0.0227
1.624632e-06	-0.023
1.626632e-06	-0.0239
1.628632e-06	-0.0245
1.630632e-06	-0.0239
1.632632e-06	-0.0236
1.634632e-06	-0.0245
1.636632e-06	-0.023
1.638632e-06	-0.0245
1.640632e-06	-0.0245
1.642632e-06	-0.0242
1.644632e-06	-0.0236
1.646632e-06	-0.0254
1.648632e-06	-0.0239
1.650632e-06	-0.0218
1.652632e-06	-0.0233
1.654632e-06	-0.0254
1.656632e-06	-0.0233
1.658632e-06	-0.0248
1.660632e-06	-0.023
1.662632e-06	-0.0257
1.664632e-06	-0.0239
1.666632e-06	-0.0218
1.668632e-06	-0.0245
1.670632e-06	-0.0257
1.672632e-06	-0.0242
1.674632e-06	-0.0236
1.676632e-06	-0.0242
1.678632e-06	-0.0233
1.680632e-06	-0.0245
1.682632e-06	-0.0242
1.684632e-06	-0.0233
1.686632e-06	-0.0263
1.688632e-06	-0.0236
1.690632e-06	-0.0239
1.692632e-06	-0.0227
1.694632e-06	-0.0248
1.696632e-06	-0.0251
1.698632e-06	-0.0242
1.700632e-06	-0.0233
1.702632e-06	-0.0236
1.704632e-06	-0.0239
1.706632e-06	-0.0242
1.708632e-06	-0.0236
1.710632e-06	-0.0245
1.712632e-06	-0.0242
1.714632e-06	-0.0224
1.716632e-06	-0.0251
1.718632e-06	-0.0242
1.720632e-06	-0.0233
1.722632e-06	-0.026
1.724632e-06	-0.0251
1.726632e-06	-0.0236
1.728632e-06	-0.0254
1.730632e-06	-0.0251
1.732632e-06	-0.0239
1.734632e-06	-0.0251
1.736632e-06	-0.0239
1.738632e-06	-0.0251
1.740632e-06	-0.0254
1.742632e-06	-0.0263
1.744632e-06	-0.0245
1.746632e-06	-0.0257
1.748632e-06	-0.0272
1.750632e-06	-0.0272
1.752632e-06	-0.0272
1.754632e-06	-0.0269
1.756632e-06	-0.0236
1.758632e-06	-0.0248
1.760632e-06	-0.0254
1.762632e-06	-0.0287
1.764632e-06	-0.0275
1.766632e-06	-0.0263
1.768632e-06	-0.0248
1.770632e-06	-0.0239
1.772632e-06	-0.0254
1.774632e-06	-0.0263
1.776632e-06	-0.0251
1.778632e-06	-0.0257
1.780632e-06	-0.0266
1.782632e-06	-0.0263
1.784632e-06	-0.0278
1.786632e-06	-0.0263
1.788632e-06	-0.0245
1.790632e-06	-0.0266
1.792632e-06	-0.0266
1.794632e-06	-0.0257
1.796632e-06	-0.0251
1.798632e-06	-0.0251
1.800632e-06	-0.0254
1.802632e-06	-0.0254
1.804632e-06	-0.0227
1.806632e-06	-0.0242
1.808632e-06	-0.0239
1.810632e-06	-0.0224
1.812632e-06	-0.0215
1.814632e-06	-0.0227
1.816632e-06	-0.0233
1.818632e-06	-0.0218
1.820632e-06	-0.0212
1.822632e-06	-0.023
1.824632e-06	-0.0245
1.826632e-06	-0.023
1.828632e-06	-0.0206
1.830632e-06	-0.0221
1.832632e-06	-0.0224
1.834632e-06	-0.0233
1.836632e-06	-0.0248
1.838632e-06	-0.0212
1.840632e-06	-0.0242
1.842632e-06	-0.0248
1.844632e-06	-0.0242
1.846632e-06	-0.0227
1.848632e-06	-0.0227
1.850632e-06	-0.023
1.852632e-06	-0.0266
1.854632e-06	-0.026
1.856632e-06	-0.0245
1.858632e-06	-0.0233
1.860632e-06	-0.0218
1.862632e-06	-0.0248
1.864632e-06	-0.0242
1.866632e-06	-0.0239
1.868632e-06	-0.0236
1.870632e-06	-0.0251
1.872632e-06	-0.0263
1.874632e-06	-0.0269
1.876632e-06	-0.0242
1.878632e-06	-0.026
1.880632e-06	-0.0242
1.882632e-06	-0.0245
1.884632e-06	-0.0257
1.886632e-06	-0.0263
1.888632e-06	-0.0245
1.890632e-06	-0.0254
1.892632e-06	-0.0257
1.894632e-06	-0.0263
1.896632e-06	-0.0239
1.898632e-06	-0.0263
1.900632e-06	-0.0257
1.902632e-06	-0.0269
1.904632e-06	-0.0251
1.906632e-06	-0.0266
1.908632e-06	-0.0257
1.910632e-06	-0.0266
1.912632e-06	-0.0254
1.914632e-06	-0.0263
1.916632e-06	-0.0263
1.918632e-06	-0.026
1.920632e-06	-0.0248
1.922632e-06	-0.023
1.924632e-06	-0.0257
1.926632e-06	-0.0296
1.928632e-06	-0.0287
1.930632e-06	-0.0245
1.932632e-06	-0.0227
1.934632e-06	-0.0257
1.936632e-06	-0.0266
1.938632e-06	-0.0257
1.940632e-06	-0.0239
1.942632e-06	-0.0269
1.944632e-06	-0.0251
1.946632e-06	-0.0251
1.948632e-06	-0.0248
1.950632e-06	-0.0236
1.952632e-06	-0.0233
1.954632e-06	-0.0251
1.956632e-06	-0.0236
1.958632e-06	-0.0236
1.960632e-06	-0.0221
1.962632e-06	-0.0227
1.964632e-06	-0.0251
1.966632e-06	-0.0257
1.968632e-06	-0.0236
1.970632e-06	-0.0236
1.972632e-06	-0.0245
1.974632e-06	-0.0242
1.976632e-06	-0.0227
1.978632e-06	-0.0218
1.980632e-06	-0.0224
1.982632e-06	-0.0239
1.984632e-06	-0.0221
1.986632e-06	-0.0236
1.988632e-06	-0.0242
1.990632e-06	-0.0227
1.992632e-06	-0.0221
1.994632e-06	-0.0242
1.996632e-06	-0.0245
1.998632e-06	-0.0227
2.000632e-06	-0.0221
2.002632e-06	-0.023
2.004632e-06	-0.023
2.006632e-06	-0.0224
2.008632e-06	-0.02
2.010632e-06	-0.0206
2.012632e-06	-0.0209
2.014632e-06	-0.02
2.016632e-06	-0.0218
2.018632e-06	-0.0203
2.020632e-06	-0.0188
2.022632e-06	-0.0215
2.024632e-06	-0.0206
2.026632e-06	-0.0203
2.028632e-06	-0.0206
2.030632e-06	-0.0215
2.032632e-06	-0.0197
2.034632e-06	-0.0206
2.036632e-06	-0.0182
2.038632e-06	-0.0194
2.040632e-06	-0.0188
2.042632e-06	-0.0203
2.044632e-06	-0.0194
2.046632e-06	-0.0167
2.048632e-06	-0.0191
2.050632e-06	-0.0191
2.052632e-06	-0.0194
2.054632e-06	-0.0194
2.056632e-06	-0.0173
2.058632e-06	-0.0197
2.060632e-06	-0.0185
2.062632e-06	-0.0185
2.064632e-06	-0.0185
2.066632e-06	-0.0188
2.068632e-06	-0.0212
2.070632e-06	-0.02
2.072632e-06	-0.0212
2.074632e-06	-0.0209
2.076632e-06	-0.0209
2.078632e-06	-0.0209
2.080632e-06	-0.0203
2.082632e-06	-0.0209
2.084632e-06	-0.0194
2.086632e-06	-0.0206
2.088632e-06	-0.0215
2.090632e-06	-0.0209
2.092632e-06	-0.0203
2.094632e-06	-0.0206
2.096632e-06	-0.0197
2.098632e-06	-0.0206
2.100632e-06	-0.02
2.102632e-06	-0.0218
2.104632e-06	-0.0218
2.106632e-06	-0.0215
2.108632e-06	-0.0188
2.110632e-06	-0.0209
2.112632e-06	-0.0194
2.114632e-06	-0.0206
2.116632e-06	-0.02
2.118632e-06	-0.02
2.120632e-06	-0.02
2.122632e-06	-0.02
2.124632e-06	-0.0185
2.126632e-06	-0.0191
2.128632e-06	-0.0197
2.130632e-06	-0.0188
2.132632e-06	-0.0188
2.134632e-06	-0.0191
2.136632e-06	-0.0203
2.138632e-06	-0.0194
2.140632e-06	-0.0188
2.142632e-06	-0.0209
2.144632e-06	-0.0209
2.146632e-06	-0.0206
2.148632e-06	-0.0197
2.150632e-06	-0.0221
2.152632e-06	-0.0224
2.154632e-06	-0.0206
2.156632e-06	-0.0212
2.158632e-06	-0.0212
2.160632e-06	-0.0215
2.162632e-06	-0.0215
2.164632e-06	-0.0224
2.166632e-06	-0.0218
2.168632e-06	-0.0224
2.170632e-06	-0.0215
2.172632e-06	-0.0209
2.174632e-06	-0.0197
2.176632e-06	-0.0203
2.178632e-06	-0.0212
2.180632e-06	-0.02
2.182632e-06	-0.0209
2.184632e-06	-0.0212
2.186632e-06	-0.0218
2.188632e-06	-0.023
2.190632e-06	-0.0227
2.192632e-06	-0.0194
2.194632e-06	-0.0206
2.196632e-06	-0.0221
2.198632e-06	-0.023
2.200632e-06	-0.0218
2.202632e-06	-0.0221
2.204632e-06	-0.0191
2.206632e-06	-0.0203
2.208632e-06	-0.0218
2.210632e-06	-0.0209
2.212632e-06	-0.0182
2.214632e-06	-0.0191
2.216632e-06	-0.0206
2.218632e-06	-0.0215
2.220632e-06	-0.0212
2.222632e-06	-0.0206
2.224632e-06	-0.0203
2.226632e-06	-0.0209
2.228632e-06	-0.0194
2.230632e-06	-0.0209
2.232632e-06	-0.0221
2.234632e-06	-0.0203
2.236632e-06	-0.0212
2.238632e-06	-0.0218
2.240632e-06	-0.0203
2.242632e-06	-0.0212
2.244632e-06	-0.0215
2.246632e-06	-0.0221
2.248632e-06	-0.0245
2.250632e-06	-0.0242
2.252632e-06	-0.0236
2.254632e-06	-0.0245
2.256632e-06	-0.0254
2.258632e-06	-0.0248
2.260632e-06	-0.0242
2.262632e-06	-0.0239
2.264632e-06	-0.0248
2.266632e-06	-0.0239
2.268632e-06	-0.0248
2.270632e-06	-0.0248
2.272632e-06	-0.0257
2.274632e-06	-0.0236
2.276632e-06	-0.0233
2.278632e-06	-0.0227
2.280632e-06	-0.0227
2.282632e-06	-0.0224
2.284632e-06	-0.0218
2.286632e-06	-0.0227
2.288632e-06	-0.0215
2.290632e-06	-0.0206
2.292632e-06	-0.0218
2.294632e-06	-0.0236
2.296632e-06	-0.0206
2.298632e-06	-0.0215
2.300632e-06	-0.0224
2.302632e-06	-0.0215
2.304632e-06	-0.0218
2.306632e-06	-0.0224
2.308632e-06	-0.0227
2.310632e-06	-0.023
2.312632e-06	-0.0227
2.314632e-06	-0.0233
2.316632e-06	-0.023
2.318632e-06	-0.0212
2.320632e-06	-0.0245
2.322632e-06	-0.0233
2.324632e-06	-0.0227
2.326632e-06	-0.0233
2.328632e-06	-0.0221
2.330632e-06	-0.0233
2.332632e-06	-0.0218
2.334632e-06	-0.0218
2.336632e-06	-0.023
2.338632e-06	-0.0242
2.340632e-06	-0.0206
2.342632e-06	-0.0221
2.344632e-06	-0.0236
2.346632e-06	-0.0218
2.348632e-06	-0.0236
2.350632e-06	-0.0248
2.352632e-06	-0.0212
2.354632e-06	-0.0215
2.356632e-06	-0.0218
2.358632e-06	-0.0224
2.360632e-06	-0.0209
2.362632e-06	-0.0212
2.364632e-06	-0.0221
2.366632e-06	-0.0212
2.368632e-06	-0.0227
2.370632e-06	-0.0221
2.372632e-06	-0.0215
2.374632e-06	-0.0245
2.376632e-06	-0.0239
2.378632e-06	-0.0245
2.380632e-06	-0.0221
2.382632e-06	-0.0218
2.384632e-06	-0.0218
2.386632e-06	-0.0218
2.388632e-06	-0.0221
2.390632e-06	-0.0215
2.392632e-06	-0.0206
2.394632e-06	-0.02
2.396632e-06	-0.02
2.398632e-06	-0.0215
2.400632e-06	-0.0215
2.402632e-06	-0.0206
2.404632e-06	-0.0224
2.406632e-06	-0.0203
2.408632e-06	-0.0206
2.410632e-06	-0.0224
2.412632e-06	-0.0209
2.414632e-06	-0.0218
2.416632e-06	-0.0212
2.418632e-06	-0.023
2.420632e-06	-0.0218
2.422632e-06	-0.0221
2.424632e-06	-0.0227
2.426632e-06	-0.0221
2.428632e-06	-0.0218
2.430632e-06	-0.0221
2.432632e-06	-0.02
2.434632e-06	-0.0209
2.436632e-06	-0.0212
2.438632e-06	-0.0218
2.440632e-06	-0.0206
2.442632e-06	-0.0215
2.444632e-06	-0.0221
2.446632e-06	-0.0206
2.448632e-06	-0.0215
2.450632e-06	-0.0239
2.452632e-06	-0.0236
2.454632e-06	-0.0239
2.456632e-06	-0.0227
2.458632e-06	-0.0245
2.460632e-06	-0.0224
2.462632e-06	-0.023
2.464632e-06	-0.0206
2.466632e-06	-0.0221
2.468632e-06	-0.0221
2.470632e-06	-0.0218
2.472632e-06	-0.0218
2.474632e-06	-0.023
2.476632e-06	-0.023
2.478632e-06	-0.0251
2.480632e-06	-0.023
2.482632e-06	-0.0239
2.484632e-06	-0.023
2.486632e-06	-0.0239
2.488632e-06	-0.0245
2.490632e-06	-0.0218
2.492632e-06	-0.0251
2.494632e-06	-0.0239
2.496632e-06	-0.0239
2.498632e-06	-0.0239
2.500632e-06	-0.023
