LECROYHDO6104A	50809	Waveform
Segments	1	SegmentSize	2502
Segment	TrigTime	TimeSinceSegment1
#1	19-Dec-2022 19:56:59	0                 
Time	Ampl
-2.500385e-06	-0.019844
-2.498385e-06	-0.019652
-2.496385e-06	-0.01946
-2.494385e-06	-0.020132
-2.492385e-06	-0.019844
-2.490385e-06	-0.020228
-2.488385e-06	-0.020324
-2.486385e-06	-0.020708
-2.484385e-06	-0.020228
-2.482385e-06	-0.02042
-2.480385e-06	-0.02042
-2.478385e-06	-0.021092
-2.476385e-06	-0.020324
-2.474385e-06	-0.0209
-2.472385e-06	-0.020516
-2.470385e-06	-0.020996
-2.468385e-06	-0.020228
-2.466385e-06	-0.020516
-2.464385e-06	-0.020612
-2.462385e-06	-0.021284
-2.460385e-06	-0.020516
-2.458385e-06	-0.0209
-2.456385e-06	-0.02042
-2.454385e-06	-0.020804
-2.452385e-06	-0.021092
-2.450385e-06	-0.020996
-2.448385e-06	-0.020996
-2.446385e-06	-0.02138
-2.444385e-06	-0.020228
-2.442385e-06	-0.021092
-2.440385e-06	-0.020612
-2.438385e-06	-0.021188
-2.436385e-06	-0.020708
-2.434385e-06	-0.020996
-2.432385e-06	-0.020612
-2.430385e-06	-0.021188
-2.428385e-06	-0.020804
-2.426385e-06	-0.021284
-2.424385e-06	-0.0209
-2.422385e-06	-0.021188
-2.420385e-06	-0.020708
-2.418385e-06	-0.02138
-2.416385e-06	-0.020996
-2.414385e-06	-0.021572
-2.412385e-06	-0.02138
-2.410385e-06	-0.021284
-2.408385e-06	-0.020996
-2.406385e-06	-0.021572
-2.404385e-06	-0.021092
-2.402385e-06	-0.0209
-2.400385e-06	-0.020612
-2.398385e-06	-0.020996
-2.396385e-06	-0.020324
-2.394385e-06	-0.020324
-2.392385e-06	-0.01994
-2.390385e-06	-0.01994
-2.388385e-06	-0.019556
-2.386385e-06	-0.019556
-2.384385e-06	-0.01946
-2.382385e-06	-0.019652
-2.380385e-06	-0.018212
-2.378385e-06	-0.019076
-2.376385e-06	-0.018404
-2.374385e-06	-0.018596
-2.372385e-06	-0.018596
-2.370385e-06	-0.018308
-2.368385e-06	-0.017828
-2.366385e-06	-0.018116
-2.364385e-06	-0.017444
-2.362385e-06	-0.017732
-2.360385e-06	-0.01802
-2.358385e-06	-0.0185
-2.356385e-06	-0.018116
-2.354385e-06	-0.01898
-2.352385e-06	-0.018692
-2.350385e-06	-0.019076
-2.348385e-06	-0.018692
-2.346385e-06	-0.018788
-2.344385e-06	-0.018884
-2.342385e-06	-0.01898
-2.340385e-06	-0.0185
-2.338385e-06	-0.018884
-2.336385e-06	-0.018308
-2.334385e-06	-0.019268
-2.332385e-06	-0.018596
-2.330385e-06	-0.01898
-2.328385e-06	-0.019076
-2.326385e-06	-0.019652
-2.324385e-06	-0.01898
-2.322385e-06	-0.019268
-2.320385e-06	-0.019076
-2.318385e-06	-0.020036
-2.316385e-06	-0.019364
-2.314385e-06	-0.01946
-2.312385e-06	-0.019172
-2.310385e-06	-0.020036
-2.308385e-06	-0.019364
-2.306385e-06	-0.019172
-2.304385e-06	-0.019172
-2.302385e-06	-0.020132
-2.300385e-06	-0.019556
-2.298385e-06	-0.01994
-2.296385e-06	-0.019556
-2.294385e-06	-0.020324
-2.292385e-06	-0.01994
-2.290385e-06	-0.020516
-2.288385e-06	-0.020132
-2.286385e-06	-0.021092
-2.284385e-06	-0.020228
-2.282385e-06	-0.021188
-2.280385e-06	-0.020228
-2.278385e-06	-0.020996
-2.276385e-06	-0.020996
-2.274385e-06	-0.021284
-2.272385e-06	-0.021188
-2.270385e-06	-0.021572
-2.268385e-06	-0.021188
-2.266385e-06	-0.021284
-2.264385e-06	-0.020996
-2.262385e-06	-0.021092
-2.260385e-06	-0.020612
-2.258385e-06	-0.021188
-2.256385e-06	-0.021188
-2.254385e-06	-0.021668
-2.252385e-06	-0.02138
-2.250385e-06	-0.021668
-2.248385e-06	-0.021572
-2.246385e-06	-0.022244
-2.244385e-06	-0.022244
-2.242385e-06	-0.02234
-2.240385e-06	-0.021668
-2.238385e-06	-0.022436
-2.236385e-06	-0.022244
-2.234385e-06	-0.02186
-2.232385e-06	-0.021668
-2.230385e-06	-0.022724
-2.228385e-06	-0.021572
-2.226385e-06	-0.021764
-2.224385e-06	-0.02138
-2.222385e-06	-0.021668
-2.220385e-06	-0.02138
-2.218385e-06	-0.02186
-2.216385e-06	-0.020708
-2.214385e-06	-0.021572
-2.212385e-06	-0.0209
-2.210385e-06	-0.021188
-2.208385e-06	-0.020996
-2.206385e-06	-0.021668
-2.204385e-06	-0.0209
-2.202385e-06	-0.021092
-2.200385e-06	-0.020804
-2.198385e-06	-0.021284
-2.196385e-06	-0.020324
-2.194385e-06	-0.021188
-2.192385e-06	-0.020516
-2.190385e-06	-0.021188
-2.188385e-06	-0.020132
-2.186385e-06	-0.0209
-2.184385e-06	-0.020132
-2.182385e-06	-0.020324
-2.180385e-06	-0.019652
-2.178385e-06	-0.020612
-2.176385e-06	-0.019652
-2.174385e-06	-0.020708
-2.172385e-06	-0.01946
-2.170385e-06	-0.019844
-2.168385e-06	-0.019556
-2.166385e-06	-0.020036
-2.164385e-06	-0.019364
-2.162385e-06	-0.019844
-2.160385e-06	-0.019172
-2.158385e-06	-0.019748
-2.156385e-06	-0.018596
-2.154385e-06	-0.019268
-2.152385e-06	-0.018212
-2.150385e-06	-0.019268
-2.148385e-06	-0.018884
-2.146385e-06	-0.019172
-2.144385e-06	-0.018788
-2.142385e-06	-0.018692
-2.140385e-06	-0.017828
-2.138385e-06	-0.0185
-2.136385e-06	-0.018692
-2.134385e-06	-0.019172
-2.132385e-06	-0.018596
-2.130385e-06	-0.018692
-2.128385e-06	-0.018404
-2.126385e-06	-0.018596
-2.124385e-06	-0.018212
-2.122385e-06	-0.018692
-2.120385e-06	-0.017924
-2.118385e-06	-0.018692
-2.116385e-06	-0.0185
-2.114385e-06	-0.019076
-2.112385e-06	-0.019268
-2.110385e-06	-0.01994
-2.108385e-06	-0.019556
-2.106385e-06	-0.019556
-2.104385e-06	-0.019364
-2.102385e-06	-0.01994
-2.100385e-06	-0.019268
-2.098385e-06	-0.01946
-2.096385e-06	-0.019364
-2.094385e-06	-0.019556
-2.092385e-06	-0.019076
-2.090385e-06	-0.019364
-2.088385e-06	-0.019172
-2.086385e-06	-0.01994
-2.084385e-06	-0.019076
-2.082385e-06	-0.019172
-2.080385e-06	-0.019268
-2.078385e-06	-0.01994
-2.076385e-06	-0.019268
-2.074385e-06	-0.019172
-2.072385e-06	-0.0185
-2.070385e-06	-0.019172
-2.068385e-06	-0.018116
-2.066385e-06	-0.0185
-2.064385e-06	-0.018404
-2.062385e-06	-0.018788
-2.060385e-06	-0.018116
-2.058385e-06	-0.018788
-2.056385e-06	-0.01802
-2.054385e-06	-0.0185
-2.052385e-06	-0.018308
-2.050385e-06	-0.018788
-2.048385e-06	-0.018788
-2.046385e-06	-0.018596
-2.044385e-06	-0.017924
-2.042385e-06	-0.0185
-2.040385e-06	-0.01802
-2.038385e-06	-0.0185
-2.036385e-06	-0.017828
-2.034385e-06	-0.017636
-2.032385e-06	-0.017348
-2.030385e-06	-0.018116
-2.028385e-06	-0.017924
-2.026385e-06	-0.018308
-2.024385e-06	-0.01802
-2.022385e-06	-0.019076
-2.020385e-06	-0.018404
-2.018385e-06	-0.01898
-2.016385e-06	-0.0185
-2.014385e-06	-0.018884
-2.012385e-06	-0.017828
-2.010385e-06	-0.018116
-2.008385e-06	-0.018308
-2.006385e-06	-0.01898
-2.004385e-06	-0.017924
-2.002385e-06	-0.018404
-2.000385e-06	-0.017828
-1.998385e-06	-0.018788
-1.996385e-06	-0.018404
-1.994385e-06	-0.019076
-1.992385e-06	-0.018404
-1.990385e-06	-0.018884
-1.988385e-06	-0.017828
-1.986385e-06	-0.018212
-1.984385e-06	-0.017732
-1.982385e-06	-0.018692
-1.980385e-06	-0.01754
-1.978385e-06	-0.018116
-1.976385e-06	-0.017636
-1.974385e-06	-0.017828
-1.972385e-06	-0.017444
-1.970385e-06	-0.017828
-1.968385e-06	-0.017348
-1.966385e-06	-0.017924
-1.964385e-06	-0.01658
-1.962385e-06	-0.016772
-1.960385e-06	-0.016868
-1.958385e-06	-0.016964
-1.956385e-06	-0.01658
-1.954385e-06	-0.01706
-1.952385e-06	-0.016868
-1.950385e-06	-0.016964
-1.948385e-06	-0.016676
-1.946385e-06	-0.016772
-1.944385e-06	-0.016772
-1.942385e-06	-0.016772
-1.940385e-06	-0.016196
-1.938385e-06	-0.016196
-1.936385e-06	-0.016196
-1.934385e-06	-0.016676
-1.932385e-06	-0.016388
-1.930385e-06	-0.01658
-1.928385e-06	-0.01658
-1.926385e-06	-0.016964
-1.924385e-06	-0.01658
-1.922385e-06	-0.016676
-1.920385e-06	-0.01658
-1.918385e-06	-0.01658
-1.916385e-06	-0.016292
-1.914385e-06	-0.01706
-1.912385e-06	-0.01706
-1.910385e-06	-0.017252
-1.908385e-06	-0.016676
-1.906385e-06	-0.017252
-1.904385e-06	-0.017252
-1.902385e-06	-0.017924
-1.900385e-06	-0.017444
-1.898385e-06	-0.018308
-1.896385e-06	-0.017828
-1.894385e-06	-0.018596
-1.892385e-06	-0.018308
-1.890385e-06	-0.018884
-1.888385e-06	-0.018212
-1.886385e-06	-0.01898
-1.884385e-06	-0.01802
-1.882385e-06	-0.0185
-1.880385e-06	-0.018212
-1.878385e-06	-0.018116
-1.876385e-06	-0.017924
-1.874385e-06	-0.018404
-1.872385e-06	-0.017732
-1.870385e-06	-0.018596
-1.868385e-06	-0.018212
-1.866385e-06	-0.0185
-1.864385e-06	-0.0185
-1.862385e-06	-0.01898
-1.860385e-06	-0.018692
-1.858385e-06	-0.019076
-1.856385e-06	-0.01946
-1.854385e-06	-0.019748
-1.852385e-06	-0.019556
-1.850385e-06	-0.020516
-1.848385e-06	-0.020036
-1.846385e-06	-0.020804
-1.844385e-06	-0.020804
-1.842385e-06	-0.020612
-1.840385e-06	-0.02042
-1.838385e-06	-0.020996
-1.836385e-06	-0.020324
-1.834385e-06	-0.021092
-1.832385e-06	-0.020708
-1.830385e-06	-0.021188
-1.828385e-06	-0.020324
-1.826385e-06	-0.02042
-1.824385e-06	-0.019748
-1.822385e-06	-0.020708
-1.820385e-06	-0.020036
-1.818385e-06	-0.020516
-1.816385e-06	-0.020228
-1.814385e-06	-0.020516
-1.812385e-06	-0.019844
-1.810385e-06	-0.020708
-1.808385e-06	-0.020612
-1.806385e-06	-0.020708
-1.804385e-06	-0.01994
-1.802385e-06	-0.020996
-1.800385e-06	-0.02042
-1.798385e-06	-0.021092
-1.796385e-06	-0.020228
-1.794385e-06	-0.020708
-1.792385e-06	-0.020612
-1.790385e-06	-0.021092
-1.788385e-06	-0.020612
-1.786385e-06	-0.020612
-1.784385e-06	-0.020612
-1.782385e-06	-0.021284
-1.780385e-06	-0.020708
-1.778385e-06	-0.020996
-1.776385e-06	-0.020996
-1.774385e-06	-0.021188
-1.772385e-06	-0.020996
-1.770385e-06	-0.021188
-1.768385e-06	-0.021092
-1.766385e-06	-0.021476
-1.764385e-06	-0.020996
-1.762385e-06	-0.0209
-1.760385e-06	-0.020324
-1.758385e-06	-0.02138
-1.756385e-06	-0.01994
-1.754385e-06	-0.021092
-1.752385e-06	-0.020804
-1.750385e-06	-0.021476
-1.748385e-06	-0.020228
-1.746385e-06	-0.02138
-1.744385e-06	-0.020804
-1.742385e-06	-0.021476
-1.740385e-06	-0.020516
-1.738385e-06	-0.021284
-1.736385e-06	-0.021092
-1.734385e-06	-0.021668
-1.732385e-06	-0.021476
-1.730385e-06	-0.02186
-1.728385e-06	-0.021668
-1.726385e-06	-0.022724
-1.724385e-06	-0.022148
-1.722385e-06	-0.022628
-1.720385e-06	-0.02234
-1.718385e-06	-0.022532
-1.716385e-06	-0.022244
-1.714385e-06	-0.022436
-1.712385e-06	-0.021956
-1.710385e-06	-0.023012
-1.708385e-06	-0.022148
-1.706385e-06	-0.022532
-1.704385e-06	-0.021572
-1.702385e-06	-0.022628
-1.700385e-06	-0.022244
-1.698385e-06	-0.02234
-1.696385e-06	-0.021572
-1.694385e-06	-0.022244
-1.692385e-06	-0.021092
-1.690385e-06	-0.020996
-1.688385e-06	-0.02042
-1.686385e-06	-0.0209
-1.684385e-06	-0.020516
-1.682385e-06	-0.020708
-1.680385e-06	-0.020324
-1.678385e-06	-0.020708
-1.676385e-06	-0.01994
-1.674385e-06	-0.020228
-1.672385e-06	-0.020036
-1.670385e-06	-0.020516
-1.668385e-06	-0.0209
-1.666385e-06	-0.021092
-1.664385e-06	-0.020612
-1.662385e-06	-0.020708
-1.660385e-06	-0.020132
-1.658385e-06	-0.020708
-1.656385e-06	-0.019556
-1.654385e-06	-0.020132
-1.652385e-06	-0.019652
-1.650385e-06	-0.020516
-1.648385e-06	-0.020516
-1.646385e-06	-0.02138
-1.644385e-06	-0.020708
-1.642385e-06	-0.021188
-1.640385e-06	-0.021092
-1.638385e-06	-0.020708
-1.636385e-06	-0.020324
-1.634385e-06	-0.021284
-1.632385e-06	-0.020804
-1.630385e-06	-0.02138
-1.628385e-06	-0.020612
-1.626385e-06	-0.021092
-1.624385e-06	-0.020996
-1.622385e-06	-0.02186
-1.620385e-06	-0.0209
-1.618385e-06	-0.021188
-1.616385e-06	-0.020708
-1.614385e-06	-0.021284
-1.612385e-06	-0.020708
-1.610385e-06	-0.020708
-1.608385e-06	-0.020708
-1.606385e-06	-0.02138
-1.604385e-06	-0.020804
-1.602385e-06	-0.020996
-1.600385e-06	-0.020804
-1.598385e-06	-0.02138
-1.596385e-06	-0.020324
-1.594385e-06	-0.0209
-1.592385e-06	-0.020612
-1.590385e-06	-0.021668
-1.588385e-06	-0.020516
-1.586385e-06	-0.020612
-1.584385e-06	-0.019844
-1.582385e-06	-0.021092
-1.580385e-06	-0.020804
-1.578385e-06	-0.020804
-1.576385e-06	-0.020036
-1.574385e-06	-0.020996
-1.572385e-06	-0.020132
-1.570385e-06	-0.02042
-1.568385e-06	-0.019556
-1.566385e-06	-0.019844
-1.564385e-06	-0.01898
-1.562385e-06	-0.018884
-1.560385e-06	-0.018692
-1.558385e-06	-0.019556
-1.556385e-06	-0.018884
-1.554385e-06	-0.019556
-1.552385e-06	-0.01946
-1.550385e-06	-0.019748
-1.548385e-06	-0.019364
-1.546385e-06	-0.020324
-1.544385e-06	-0.01994
-1.542385e-06	-0.020228
-1.540385e-06	-0.019652
-1.538385e-06	-0.01994
-1.536385e-06	-0.019748
-1.534385e-06	-0.020612
-1.532385e-06	-0.020036
-1.530385e-06	-0.020708
-1.528385e-06	-0.02042
-1.526385e-06	-0.020996
-1.524385e-06	-0.020132
-1.522385e-06	-0.020228
-1.520385e-06	-0.020324
-1.518385e-06	-0.0209
-1.516385e-06	-0.019748
-1.514385e-06	-0.020996
-1.512385e-06	-0.01994
-1.510385e-06	-0.02042
-1.508385e-06	-0.020132
-1.506385e-06	-0.020516
-1.504385e-06	-0.020132
-1.502385e-06	-0.020516
-1.500385e-06	-0.019748
-1.498385e-06	-0.020228
-1.496385e-06	-0.019556
-1.494385e-06	-0.019844
-1.492385e-06	-0.019076
-1.490385e-06	-0.019652
-1.488385e-06	-0.01898
-1.486385e-06	-0.019172
-1.484385e-06	-0.018596
-1.482385e-06	-0.018692
-1.480385e-06	-0.018404
-1.478385e-06	-0.01898
-1.476385e-06	-0.017732
-1.474385e-06	-0.017732
-1.472385e-06	-0.017444
-1.470385e-06	-0.017828
-1.468385e-06	-0.017636
-1.466385e-06	-0.01754
-1.464385e-06	-0.016868
-1.462385e-06	-0.017636
-1.460385e-06	-0.01706
-1.458385e-06	-0.017156
-1.456385e-06	-0.017444
-1.454385e-06	-0.017252
-1.452385e-06	-0.016772
-1.450385e-06	-0.016772
-1.448385e-06	-0.01658
-1.446385e-06	-0.016676
-1.444385e-06	-0.015716
-1.442385e-06	-0.015812
-1.440385e-06	-0.015524
-1.438385e-06	-0.016196
-1.436385e-06	-0.015236
-1.434385e-06	-0.015908
-1.432385e-06	-0.015044
-1.430385e-06	-0.015332
-1.428385e-06	-0.014948
-1.426385e-06	-0.01562
-1.424385e-06	-0.015044
-1.422385e-06	-0.01562
-1.420385e-06	-0.014948
-1.418385e-06	-0.015332
-1.416385e-06	-0.01562
-1.414385e-06	-0.016388
-1.412385e-06	-0.015332
-1.410385e-06	-0.01562
-1.408385e-06	-0.015812
-1.406385e-06	-0.015716
-1.404385e-06	-0.015908
-1.402385e-06	-0.015812
-1.400385e-06	-0.01562
-1.398385e-06	-0.016004
-1.396385e-06	-0.015524
-1.394385e-06	-0.016004
-1.392385e-06	-0.015812
-1.390385e-06	-0.016484
-1.388385e-06	-0.015908
-1.386385e-06	-0.016484
-1.384385e-06	-0.016484
-1.382385e-06	-0.016964
-1.380385e-06	-0.016292
-1.378385e-06	-0.016964
-1.376385e-06	-0.016868
-1.374385e-06	-0.01706
-1.372385e-06	-0.016676
-1.370385e-06	-0.01706
-1.368385e-06	-0.016772
-1.366385e-06	-0.01706
-1.364385e-06	-0.016388
-1.362385e-06	-0.016484
-1.360385e-06	-0.016868
-1.358385e-06	-0.016868
-1.356385e-06	-0.016196
-1.354385e-06	-0.016388
-1.352385e-06	-0.016196
-1.350385e-06	-0.016868
-1.348385e-06	-0.016676
-1.346385e-06	-0.017252
-1.344385e-06	-0.016772
-1.342385e-06	-0.017156
-1.340385e-06	-0.017348
-1.338385e-06	-0.01754
-1.336385e-06	-0.017444
-1.334385e-06	-0.018116
-1.332385e-06	-0.017444
-1.330385e-06	-0.017924
-1.328385e-06	-0.017732
-1.326385e-06	-0.018884
-1.324385e-06	-0.017924
-1.322385e-06	-0.018116
-1.320385e-06	-0.018116
-1.318385e-06	-0.018596
-1.316385e-06	-0.01802
-1.314385e-06	-0.018596
-1.312385e-06	-0.0185
-1.310385e-06	-0.019172
-1.308385e-06	-0.01898
-1.306385e-06	-0.020228
-1.304385e-06	-0.019556
-1.302385e-06	-0.020516
-1.300385e-06	-0.01946
-1.298385e-06	-0.020036
-1.296385e-06	-0.020228
-1.294385e-06	-0.020516
-1.292385e-06	-0.020228
-1.290385e-06	-0.020132
-1.288385e-06	-0.019748
-1.286385e-06	-0.020036
-1.284385e-06	-0.019748
-1.282385e-06	-0.020516
-1.280385e-06	-0.020228
-1.278385e-06	-0.020324
-1.276385e-06	-0.02042
-1.274385e-06	-0.021188
-1.272385e-06	-0.020708
-1.270385e-06	-0.02138
-1.268385e-06	-0.02042
-1.266385e-06	-0.020804
-1.264385e-06	-0.020324
-1.262385e-06	-0.021572
-1.260385e-06	-0.02042
-1.258385e-06	-0.021188
-1.256385e-06	-0.021188
-1.254385e-06	-0.021764
-1.252385e-06	-0.021092
-1.250385e-06	-0.021188
-1.248385e-06	-0.020804
-1.246385e-06	-0.021572
-1.244385e-06	-0.020612
-1.242385e-06	-0.021092
-1.240385e-06	-0.020612
-1.238385e-06	-0.020804
-1.236385e-06	-0.020516
-1.234385e-06	-0.021092
-1.232385e-06	-0.020516
-1.230385e-06	-0.020804
-1.228385e-06	-0.020228
-1.226385e-06	-0.020996
-1.224385e-06	-0.020324
-1.222385e-06	-0.021188
-1.220385e-06	-0.020516
-1.218385e-06	-0.020996
-1.216385e-06	-0.020516
-1.214385e-06	-0.021188
-1.212385e-06	-0.020516
-1.210385e-06	-0.020804
-1.208385e-06	-0.020708
-1.206385e-06	-0.021188
-1.204385e-06	-0.020228
-1.202385e-06	-0.02042
-1.200385e-06	-0.020996
-1.198385e-06	-0.020996
-1.196385e-06	-0.020516
-1.194385e-06	-0.021092
-1.192385e-06	-0.020516
-1.190385e-06	-0.021092
-1.188385e-06	-0.0209
-1.186385e-06	-0.021092
-1.184385e-06	-0.020708
-1.182385e-06	-0.021476
-1.180385e-06	-0.020804
-1.178385e-06	-0.021092
-1.176385e-06	-0.021092
-1.174385e-06	-0.021476
-1.172385e-06	-0.0209
-1.170385e-06	-0.02138
-1.168385e-06	-0.021572
-1.166385e-06	-0.022244
-1.164385e-06	-0.022052
-1.162385e-06	-0.021668
-1.160385e-06	-0.02138
-1.158385e-06	-0.021668
-1.156385e-06	-0.021092
-1.154385e-06	-0.02186
-1.152385e-06	-0.021476
-1.150385e-06	-0.022148
-1.148385e-06	-0.021572
-1.146385e-06	-0.022052
-1.144385e-06	-0.02138
-1.142385e-06	-0.021764
-1.140385e-06	-0.021188
-1.138385e-06	-0.021572
-1.136385e-06	-0.021476
-1.134385e-06	-0.022244
-1.132385e-06	-0.022244
-1.130385e-06	-0.022052
-1.128385e-06	-0.022052
-1.126385e-06	-0.022628
-1.124385e-06	-0.021764
-1.122385e-06	-0.022532
-1.120385e-06	-0.022148
-1.118385e-06	-0.022436
-1.116385e-06	-0.022244
-1.114385e-06	-0.022148
-1.112385e-06	-0.021764
-1.110385e-06	-0.023012
-1.108385e-06	-0.021284
-1.106385e-06	-0.02138
-1.104385e-06	-0.020708
-1.102385e-06	-0.021476
-1.100385e-06	-0.020708
-1.098385e-06	-0.020708
-1.096385e-06	-0.020132
-1.094385e-06	-0.0209
-1.092385e-06	-0.020036
-1.090385e-06	-0.020036
-1.088385e-06	-0.01898
-1.086385e-06	-0.019556
-1.084385e-06	-0.018788
-1.082385e-06	-0.01898
-1.080385e-06	-0.018116
-1.078385e-06	-0.018884
-1.076385e-06	-0.018116
-1.074385e-06	-0.018404
-1.072385e-06	-0.017636
-1.070385e-06	-0.017924
-1.068385e-06	-0.016964
-1.066385e-06	-0.017348
-1.064385e-06	-0.017156
-1.062385e-06	-0.01706
-1.060385e-06	-0.016772
-1.058385e-06	-0.017732
-1.056385e-06	-0.017444
-1.054385e-06	-0.017732
-1.052385e-06	-0.016964
-1.050385e-06	-0.01754
-1.048385e-06	-0.016964
-1.046385e-06	-0.017924
-1.044385e-06	-0.01706
-1.042385e-06	-0.017252
-1.040385e-06	-0.01658
-1.038385e-06	-0.016772
-1.036385e-06	-0.01658
-1.034385e-06	-0.017156
-1.032385e-06	-0.016676
-1.030385e-06	-0.017444
-1.028385e-06	-0.016772
-1.026385e-06	-0.016772
-1.024385e-06	-0.016964
-1.022385e-06	-0.017252
-1.020385e-06	-0.015908
-1.018385e-06	-0.016292
-1.016385e-06	-0.0161
-1.014385e-06	-0.016388
-1.012385e-06	-0.015908
-1.010385e-06	-0.015908
-1.008385e-06	-0.0161
-1.006385e-06	-0.015716
-1.004385e-06	-0.014948
-1.002385e-06	-0.016388
-1.000385e-06	-0.015428
-9.983854e-07	-0.015908
-9.963854e-07	-0.015716
-9.943854e-07	-0.016196
-9.923854e-07	-0.0161
-9.903854e-07	-0.016196
-9.883854e-07	-0.015716
-9.863854e-07	-0.015812
-9.843854e-07	-0.015812
-9.823854e-07	-0.016484
-9.803854e-07	-0.015428
-9.783854e-07	-0.015812
-9.763854e-07	-0.014948
-9.743854e-07	-0.015812
-9.723854e-07	-0.015428
-9.703854e-07	-0.01562
-9.683854e-07	-0.015332
-9.663854e-07	-0.015908
-9.643854e-07	-0.015812
-9.623854e-07	-0.016388
-9.603854e-07	-0.016292
-9.583854e-07	-0.01706
-9.563854e-07	-0.016004
-9.543854e-07	-0.016004
-9.523854e-07	-0.015908
-9.503854e-07	-0.01658
-9.483854e-07	-0.01562
-9.463854e-07	-0.0161
-9.443854e-07	-0.015716
-9.423854e-07	-0.016388
-9.403854e-07	-0.015908
-9.383854e-07	-0.016676
-9.363854e-07	-0.01658
-9.343854e-07	-0.017156
-9.323854e-07	-0.01658
-9.303854e-07	-0.016964
-9.283854e-07	-0.017252
-9.263854e-07	-0.017636
-9.243854e-07	-0.017252
-9.223854e-07	-0.01802
-9.203854e-07	-0.01754
-9.183854e-07	-0.018404
-9.163854e-07	-0.018116
-9.143854e-07	-0.018308
-9.123854e-07	-0.018116
-9.103854e-07	-0.018692
-9.083854e-07	-0.018308
-9.063854e-07	-0.017924
-9.043854e-07	-0.017924
-9.023854e-07	-0.018308
-9.003854e-07	-0.017348
-8.983854e-07	-0.0185
-8.963854e-07	-0.018308
-8.943854e-07	-0.018692
-8.923854e-07	-0.01802
-8.903854e-07	-0.018788
-8.883854e-07	-0.01802
-8.863854e-07	-0.0185
-8.843854e-07	-0.017156
-8.823854e-07	-0.017924
-8.803854e-07	-0.017252
-8.783854e-07	-0.018308
-8.763854e-07	-0.017444
-8.743854e-07	-0.01802
-8.723854e-07	-0.017828
-8.703854e-07	-0.018404
-8.683854e-07	-0.017732
-8.663854e-07	-0.018788
-8.643854e-07	-0.018212
-8.623854e-07	-0.018884
-8.603854e-07	-0.018884
-8.583854e-07	-0.018788
-8.563854e-07	-0.018308
-8.543854e-07	-0.018692
-8.523854e-07	-0.018308
-8.503854e-07	-0.018788
-8.483854e-07	-0.018692
-8.463854e-07	-0.019652
-8.443854e-07	-0.019172
-8.423854e-07	-0.018884
-8.403854e-07	-0.01898
-8.383854e-07	-0.019844
-8.363854e-07	-0.018884
-8.343854e-07	-0.019748
-8.323854e-07	-0.019076
-8.303854e-07	-0.019844
-8.283854e-07	-0.019076
-8.263854e-07	-0.019748
-8.243854e-07	-0.019364
-8.223854e-07	-0.020228
-8.203854e-07	-0.019556
-8.183854e-07	-0.020324
-8.163854e-07	-0.01946
-8.143854e-07	-0.020132
-8.123854e-07	-0.01946
-8.103854e-07	-0.019364
-8.083854e-07	-0.01994
-8.063854e-07	-0.02042
-8.043854e-07	-0.019364
-8.023854e-07	-0.019652
-8.003854e-07	-0.019652
-7.983854e-07	-0.020036
-7.963854e-07	-0.018692
-7.943854e-07	-0.018884
-7.923854e-07	-0.018308
-7.903854e-07	-0.019172
-7.883854e-07	-0.019268
-7.863854e-07	-0.018884
-7.843854e-07	-0.0185
-7.823854e-07	-0.019076
-7.803854e-07	-0.017924
-7.783854e-07	-0.018212
-7.763854e-07	-0.017828
-7.743854e-07	-0.018596
-7.723854e-07	-0.017732
-7.703854e-07	-0.018116
-7.683854e-07	-0.017732
-7.663854e-07	-0.018212
-7.643854e-07	-0.017348
-7.623854e-07	-0.01754
-7.603854e-07	-0.016868
-7.583854e-07	-0.017252
-7.563854e-07	-0.016676
-7.543854e-07	-0.017252
-7.523854e-07	-0.01706
-7.503854e-07	-0.01754
-7.483854e-07	-0.01706
-7.463854e-07	-0.017636
-7.443854e-07	-0.017636
-7.423854e-07	-0.017828
-7.403854e-07	-0.016772
-7.383854e-07	-0.016964
-7.363854e-07	-0.016964
-7.343854e-07	-0.017828
-7.323854e-07	-0.016772
-7.303854e-07	-0.016772
-7.283854e-07	-0.01658
-7.263854e-07	-0.016964
-7.243854e-07	-0.01658
-7.223854e-07	-0.016772
-7.203854e-07	-0.016676
-7.183854e-07	-0.01706
-7.163854e-07	-0.016484
-7.143854e-07	-0.01706
-7.123854e-07	-0.017348
-7.103854e-07	-0.01802
-7.083854e-07	-0.016676
-7.063854e-07	-0.01706
-7.043854e-07	-0.016964
-7.023854e-07	-0.017732
-7.003854e-07	-0.017156
-6.983854e-07	-0.01754
-6.963854e-07	-0.017252
-6.943854e-07	-0.017732
-6.923854e-07	-0.017252
-6.903854e-07	-0.01754
-6.883854e-07	-0.017348
-6.863854e-07	-0.017732
-6.843854e-07	-0.016868
-6.823854e-07	-0.017444
-6.803854e-07	-0.017444
-6.783854e-07	-0.017636
-6.763854e-07	-0.017348
-6.743854e-07	-0.017732
-6.723854e-07	-0.01754
-6.703854e-07	-0.018212
-6.683854e-07	-0.017828
-6.663854e-07	-0.01802
-6.643854e-07	-0.01802
-6.623854e-07	-0.019268
-6.603854e-07	-0.018404
-6.583854e-07	-0.019076
-6.563854e-07	-0.018308
-6.543854e-07	-0.018692
-6.523854e-07	-0.018212
-6.503854e-07	-0.018212
-6.483854e-07	-0.017732
-6.463854e-07	-0.018116
-6.443854e-07	-0.01754
-6.423854e-07	-0.01754
-6.403854e-07	-0.01754
-6.383854e-07	-0.017828
-6.363854e-07	-0.01658
-6.343854e-07	-0.01706
-6.323854e-07	-0.0161
-6.303854e-07	-0.01658
-6.283854e-07	-0.016196
-6.263854e-07	-0.015908
-6.243854e-07	-0.015908
-6.223854e-07	-0.016004
-6.203854e-07	-0.015332
-6.183854e-07	-0.014948
-6.163854e-07	-0.014276
-6.143854e-07	-0.014564
-6.123854e-07	-0.014084
-6.103854e-07	-0.014372
-6.083854e-07	-0.014084
-6.063854e-07	-0.014948
-6.043854e-07	-0.013892
-6.023854e-07	-0.014276
-6.003854e-07	-0.013892
-5.983854e-07	-0.014564
-5.963854e-07	-0.014372
-5.943854e-07	-0.013892
-5.923854e-07	-0.014276
-5.903854e-07	-0.014564
-5.883854e-07	-0.013892
-5.863854e-07	-0.014372
-5.843854e-07	-0.014372
-5.823854e-07	-0.014276
-5.803854e-07	-0.013892
-5.783854e-07	-0.014468
-5.763854e-07	-0.014276
-5.743854e-07	-0.014948
-5.723854e-07	-0.015044
-5.703854e-07	-0.015428
-5.683854e-07	-0.015812
-5.663854e-07	-0.01658
-5.643854e-07	-0.016196
-5.623854e-07	-0.016292
-5.603854e-07	-0.016292
-5.583854e-07	-0.016868
-5.563854e-07	-0.016004
-5.543854e-07	-0.016292
-5.523854e-07	-0.016292
-5.503854e-07	-0.01706
-5.483854e-07	-0.016388
-5.463854e-07	-0.01706
-5.443854e-07	-0.016772
-5.423854e-07	-0.017252
-5.403854e-07	-0.016484
-5.383854e-07	-0.017348
-5.363854e-07	-0.017348
-5.343854e-07	-0.018308
-5.323854e-07	-0.017924
-5.303854e-07	-0.018212
-5.283854e-07	-0.017924
-5.263854e-07	-0.018692
-5.243854e-07	-0.017828
-5.223854e-07	-0.0185
-5.203854e-07	-0.018212
-5.183854e-07	-0.018788
-5.163854e-07	-0.018404
-5.143854e-07	-0.019268
-5.123854e-07	-0.018788
-5.103854e-07	-0.019172
-5.083854e-07	-0.018788
-5.063854e-07	-0.019268
-5.043854e-07	-0.018692
-5.023854e-07	-0.019556
-5.003854e-07	-0.019076
-4.983854e-07	-0.01946
-4.963854e-07	-0.01898
-4.943854e-07	-0.020036
-4.923854e-07	-0.019172
-4.903854e-07	-0.019844
-4.883854e-07	-0.019172
-4.863854e-07	-0.020228
-4.843854e-07	-0.019364
-4.823854e-07	-0.01994
-4.803854e-07	-0.019076
-4.783854e-07	-0.01994
-4.763854e-07	-0.019076
-4.743854e-07	-0.019844
-4.723854e-07	-0.018884
-4.703854e-07	-0.019076
-4.683854e-07	-0.0185
-4.663854e-07	-0.01898
-4.643854e-07	-0.01802
-4.623854e-07	-0.018308
-4.603854e-07	-0.017348
-4.583854e-07	-0.017252
-4.563854e-07	-0.01706
-4.543854e-07	-0.018116
-4.523854e-07	-0.017252
-4.503854e-07	-0.017924
-4.483854e-07	-0.018212
-4.463854e-07	-0.018692
-4.443854e-07	-0.018116
-4.423854e-07	-0.01802
-4.403854e-07	-0.017732
-4.383854e-07	-0.018212
-4.363854e-07	-0.017252
-4.343854e-07	-0.018212
-4.323854e-07	-0.017636
-4.303854e-07	-0.018404
-4.283854e-07	-0.018212
-4.263854e-07	-0.018212
-4.243854e-07	-0.018308
-4.223854e-07	-0.018884
-4.203854e-07	-0.017636
-4.183854e-07	-0.018692
-4.163854e-07	-0.01802
-4.143854e-07	-0.018596
-4.123854e-07	-0.017828
-4.103854e-07	-0.018404
-4.083854e-07	-0.018116
-4.063854e-07	-0.018692
-4.043854e-07	-0.017828
-4.023854e-07	-0.018116
-4.003854e-07	-0.017636
-3.983854e-07	-0.017636
-3.963854e-07	-0.016676
-3.943854e-07	-0.017252
-3.923854e-07	-0.016964
-3.903854e-07	-0.017156
-3.883854e-07	-0.016964
-3.863854e-07	-0.017444
-3.843854e-07	-0.017156
-3.823854e-07	-0.017636
-3.803854e-07	-0.01658
-3.783854e-07	-0.01706
-3.763854e-07	-0.016964
-3.743854e-07	-0.018116
-3.723854e-07	-0.017348
-3.703854e-07	-0.017636
-3.683854e-07	-0.01754
-3.663854e-07	-0.017828
-3.643854e-07	-0.017636
-3.623854e-07	-0.017924
-3.603854e-07	-0.017732
-3.583854e-07	-0.018404
-3.563854e-07	-0.018212
-3.543854e-07	-0.01802
-3.523854e-07	-0.017924
-3.503854e-07	-0.018596
-3.483854e-07	-0.01802
-3.463854e-07	-0.0185
-3.443854e-07	-0.018212
-3.423854e-07	-0.018404
-3.403854e-07	-0.017636
-3.383854e-07	-0.017636
-3.363854e-07	-0.017924
-3.343854e-07	-0.0185
-3.323854e-07	-0.017732
-3.303854e-07	-0.018596
-3.283854e-07	-0.018308
-3.263854e-07	-0.019268
-3.243854e-07	-0.018692
-3.223854e-07	-0.019076
-3.203854e-07	-0.019268
-3.183854e-07	-0.01946
-3.163854e-07	-0.018788
-3.143854e-07	-0.019268
-3.123854e-07	-0.019268
-3.103854e-07	-0.020132
-3.083854e-07	-0.019748
-3.063854e-07	-0.020036
-3.043854e-07	-0.019556
-3.023854e-07	-0.020708
-3.003854e-07	-0.019844
-2.983854e-07	-0.020228
-2.963854e-07	-0.020036
-2.943854e-07	-0.020516
-2.923854e-07	-0.01946
-2.903854e-07	-0.019748
-2.883854e-07	-0.020228
-2.863854e-07	-0.020516
-2.843854e-07	-0.019268
-2.823854e-07	-0.019652
-2.803854e-07	-0.01994
-2.783854e-07	-0.020228
-2.763854e-07	-0.02042
-2.743854e-07	-0.020708
-2.723854e-07	-0.020324
-2.703854e-07	-0.0209
-2.683854e-07	-0.02042
-2.663854e-07	-0.0209
-2.643854e-07	-0.02042
-2.623854e-07	-0.021092
-2.603854e-07	-0.020132
-2.583854e-07	-0.020612
-2.563854e-07	-0.020228
-2.543854e-07	-0.020612
-2.523854e-07	-0.020132
-2.503854e-07	-0.02042
-2.483854e-07	-0.01994
-2.463854e-07	-0.020516
-2.443854e-07	-0.019748
-2.423854e-07	-0.02042
-2.403854e-07	-0.019748
-2.383854e-07	-0.020516
-2.363854e-07	-0.020036
-2.343854e-07	-0.020036
-2.323854e-07	-0.019556
-2.303854e-07	-0.020036
-2.283854e-07	-0.019268
-2.263854e-07	-0.019652
-2.243854e-07	-0.01946
-2.223854e-07	-0.020228
-2.203854e-07	-0.019364
-2.183854e-07	-0.019652
-2.163854e-07	-0.019364
-2.143854e-07	-0.020132
-2.123854e-07	-0.019364
-2.103854e-07	-0.020036
-2.083854e-07	-0.019748
-2.063854e-07	-0.019844
-2.043854e-07	-0.019652
-2.023854e-07	-0.020036
-2.003854e-07	-0.020036
-1.983854e-07	-0.020996
-1.963854e-07	-0.020228
-1.943854e-07	-0.020324
-1.923854e-07	-0.020324
-1.903854e-07	-0.020804
-1.883854e-07	-0.020132
-1.863854e-07	-0.0209
-1.843854e-07	-0.020708
-1.823854e-07	-0.021284
-1.803854e-07	-0.020996
-1.783854e-07	-0.021668
-1.763854e-07	-0.021188
-1.743854e-07	-0.02186
-1.723854e-07	-0.021284
-1.703854e-07	-0.021572
-1.683854e-07	-0.021284
-1.663854e-07	-0.022532
-1.643854e-07	-0.021476
-1.623854e-07	-0.022436
-1.603854e-07	-0.021956
-1.583854e-07	-0.022148
-1.563854e-07	-0.021572
-1.543854e-07	-0.02186
-1.523854e-07	-0.020996
-1.503854e-07	-0.022148
-1.483854e-07	-0.020708
-1.463854e-07	-0.020804
-1.443854e-07	-0.020324
-1.423854e-07	-0.020708
-1.403854e-07	-0.020132
-1.383854e-07	-0.020036
-1.363854e-07	-0.019748
-1.343854e-07	-0.020612
-1.323854e-07	-0.019844
-1.303854e-07	-0.020612
-1.283854e-07	-0.020036
-1.263854e-07	-0.020612
-1.243854e-07	-0.020324
-1.223854e-07	-0.020612
-1.203854e-07	-0.020228
-1.183854e-07	-0.020324
-1.163854e-07	-0.019652
-1.143854e-07	-0.019364
-1.123854e-07	-0.01946
-1.103854e-07	-0.01994
-1.083854e-07	-0.019172
-1.063854e-07	-0.01946
-1.043854e-07	-0.018788
-1.023854e-07	-0.019268
-1.003854e-07	-0.018692
-9.838537e-08	-0.018692
-9.638537e-08	-0.017732
-9.438537e-08	-0.018116
-9.238537e-08	-0.017252
-9.038537e-08	-0.017828
-8.838537e-08	-0.017444
-8.638537e-08	-0.018404
-8.438537e-08	-0.017252
-8.238537e-08	-0.018212
-8.038537e-08	-0.01802
-7.838537e-08	-0.0185
-7.638537e-08	-0.017444
-7.438537e-08	-0.018596
-7.238537e-08	-0.018308
-7.038537e-08	-0.018212
-6.838537e-08	-0.017828
-6.638537e-08	-0.01754
-6.438537e-08	-0.017348
-6.238537e-08	-0.018212
-6.038537e-08	-0.01754
-5.838537e-08	-0.017348
-5.638537e-08	-0.017348
-5.438537e-08	-0.01754
-5.238537e-08	-0.017636
-5.038537e-08	-0.017444
-4.838537e-08	-0.017156
-4.638537e-08	-0.017828
-4.438537e-08	-0.016964
-4.238537e-08	-0.018116
-4.038537e-08	-0.017636
-3.838537e-08	-0.018212
-3.638537e-08	-0.01802
-3.438537e-08	-0.01898
-3.238537e-08	-0.018308
-3.038537e-08	-0.01898
-2.838537e-08	-0.018212
-2.638537e-08	-0.018692
-2.438537e-08	-0.018404
-2.238537e-08	-0.019172
-2.038537e-08	-0.0185
-1.838537e-08	-0.019364
-1.638537e-08	-0.019268
-1.438537e-08	-0.020132
-1.238537e-08	-0.019364
-1.038537e-08	-0.020036
-8.385374e-09	-0.019844
-6.385374e-09	-0.020612
-4.385374e-09	-0.020228
-2.385374e-09	-0.020804
-3.853737e-10	-0.020612
1.614626e-09	-0.020996
3.614626e-09	-0.019844
5.614626e-09	-0.019748
7.614626e-09	-0.019268
9.614626e-09	-0.019748
1.161463e-08	-0.01898
1.361463e-08	-0.01946
1.561463e-08	-0.019076
1.761463e-08	-0.020324
1.961463e-08	-0.019652
2.161463e-08	-0.01994
2.361463e-08	-0.019076
2.561463e-08	-0.01994
2.761463e-08	-0.01898
2.961463e-08	-0.019076
3.161463e-08	-0.01946
3.361463e-08	-0.019652
3.561463e-08	-0.018788
3.761463e-08	-0.019172
3.961463e-08	-0.018788
4.161463e-08	-0.019172
4.361463e-08	-0.0185
4.561463e-08	-0.019268
4.761463e-08	-0.019556
4.961463e-08	-0.020324
5.161463e-08	-0.019844
5.361463e-08	-0.02042
5.561463e-08	-0.020612
5.761463e-08	-0.020804
5.961463e-08	-0.019556
6.161463e-08	-0.019748
6.361463e-08	-0.019556
6.561463e-08	-0.019748
6.761463e-08	-0.019556
6.961463e-08	-0.019748
7.161463e-08	-0.019076
7.361463e-08	-0.019268
7.561463e-08	-0.018596
7.761463e-08	-0.01898
7.961463e-08	-0.017924
8.161463e-08	-0.018596
8.361463e-08	-0.018116
8.561463e-08	-0.018788
8.761463e-08	-0.018884
8.961463e-08	-0.018884
9.161463e-08	-0.018308
9.361463e-08	-0.0185
9.561463e-08	-0.018404
9.761463e-08	-0.019652
9.961463e-08	-0.019268
1.016146e-07	-0.019844
1.036146e-07	-0.019652
1.056146e-07	-0.020324
1.076146e-07	-0.019556
1.096146e-07	-0.020132
1.116146e-07	-0.020228
1.136146e-07	-0.020132
1.156146e-07	-0.019364
1.176146e-07	-0.020036
1.196146e-07	-0.020036
1.216146e-07	-0.020516
1.236146e-07	-0.019748
1.256146e-07	-0.020612
1.276146e-07	-0.02042
1.296146e-07	-0.020804
1.316146e-07	-0.019268
1.336146e-07	-0.01802
1.356146e-07	-0.014468
1.376146e-07	-0.008132
1.396146e-07	0.001756
1.416146e-07	0.013564
1.436146e-07	0.027004
1.456146e-07	0.039292
1.476146e-07	0.05254
1.496146e-07	0.064636
1.516146e-07	0.077308
1.536146e-07	0.08854
1.556146e-07	0.099004
1.576146e-07	0.107932
1.596146e-07	0.116668
1.616146e-07	0.124156
1.636146e-07	0.132316
1.656146e-07	0.137692
1.676146e-07	0.142588
1.696146e-07	0.146812
1.716146e-07	0.151516
1.736146e-07	0.154588
1.756146e-07	0.157564
1.776146e-07	0.158812
1.796146e-07	0.161308
1.816146e-07	0.161884
1.836146e-07	0.162556
1.856146e-07	0.162076
1.876146e-07	0.161788
1.896146e-07	0.161212
1.916146e-07	0.160636
1.936146e-07	0.159196
1.956146e-07	0.158428
1.976146e-07	0.156604
1.996146e-07	0.154972
2.016146e-07	0.152572
2.036146e-07	0.150652
2.056146e-07	0.14854
2.076146e-07	0.146428
2.096146e-07	0.143644
2.116146e-07	0.141532
2.136146e-07	0.139132
2.156146e-07	0.136444
2.176146e-07	0.133372
2.196146e-07	0.130972
2.216146e-07	0.127996
2.236146e-07	0.125116
2.256146e-07	0.121948
2.276146e-07	0.119548
2.296146e-07	0.116764
2.316146e-07	0.114172
2.336146e-07	0.110812
2.356146e-07	0.108892
2.376146e-07	0.105628
2.396146e-07	0.102748
2.416146e-07	0.10006
2.436146e-07	0.097948
2.456146e-07	0.09526
2.476146e-07	0.092956
2.496146e-07	0.08998
2.516146e-07	0.087868
2.536146e-07	0.085468
2.556146e-07	0.083548
2.576146e-07	0.080572
2.596146e-07	0.078652
2.616146e-07	0.076156
2.636146e-07	0.07366
2.656146e-07	0.071068
2.676146e-07	0.069724
2.696146e-07	0.067132
2.716146e-07	0.065212
2.736146e-07	0.062908
2.756146e-07	0.061372
2.776146e-07	0.058588
2.796146e-07	0.057148
2.816146e-07	0.055036
2.836146e-07	0.053788
2.856146e-07	0.052156
2.876146e-07	0.050812
2.896146e-07	0.0487
2.916146e-07	0.047644
2.936146e-07	0.04534
2.956146e-07	0.044476
2.976146e-07	0.042172
2.996146e-07	0.041596
3.016146e-07	0.039388
3.036146e-07	0.038044
3.056146e-07	0.0367
3.076146e-07	0.035548
3.096146e-07	0.034396
3.116146e-07	0.032956
3.136146e-07	0.031228
3.156146e-07	0.030268
3.176146e-07	0.029596
3.196146e-07	0.029116
3.216146e-07	0.027292
3.236146e-07	0.02614
3.256146e-07	0.024508
3.276146e-07	0.024508
3.296146e-07	0.023164
3.316146e-07	0.022012
3.336146e-07	0.02038
3.356146e-07	0.019804
3.376146e-07	0.018172
3.396146e-07	0.018556
3.416146e-07	0.016636
3.436146e-07	0.01606
3.456146e-07	0.014332
3.476146e-07	0.013564
3.496146e-07	0.012604
3.516146e-07	0.011452
3.536146e-07	0.010492
3.556146e-07	0.00982
3.576146e-07	0.00886
3.596146e-07	0.008092
3.616146e-07	0.007324
3.636146e-07	0.007036
3.656146e-07	0.006076
3.676146e-07	0.005692
3.696146e-07	0.00454
3.716146e-07	0.004924
3.736146e-07	0.003868
3.756146e-07	0.003772
3.776146e-07	0.003292
3.796146e-07	0.003292
3.816146e-07	0.002428
3.836146e-07	0.001852
3.856146e-07	0.00118
3.876146e-07	0.000988
3.896146e-07	0.000796
3.916146e-07	0.0007
3.936146e-07	-0.00074
3.956146e-07	-0.000452
3.976146e-07	-0.001508
3.996146e-07	-0.001988
4.016146e-07	-0.002468
4.036146e-07	-0.002468
4.056146e-07	-0.003236
4.076146e-07	-0.003428
4.096146e-07	-0.0041
4.116146e-07	-0.003908
4.136146e-07	-0.0041
4.156146e-07	-0.005156
4.176146e-07	-0.005636
4.196146e-07	-0.005636
4.216146e-07	-0.005444
4.236146e-07	-0.006212
4.256146e-07	-0.006404
4.276146e-07	-0.005924
4.296146e-07	-0.0065
4.316146e-07	-0.006212
4.336146e-07	-0.006884
4.356146e-07	-0.006788
4.376146e-07	-0.007076
4.396146e-07	-0.00746
4.416146e-07	-0.008036
4.436146e-07	-0.008324
4.456146e-07	-0.008036
4.476146e-07	-0.007652
4.496146e-07	-0.008228
4.516146e-07	-0.008324
4.536146e-07	-0.008324
4.556146e-07	-0.009092
4.576146e-07	-0.009284
4.596146e-07	-0.008996
4.616146e-07	-0.008996
4.636146e-07	-0.009188
4.656146e-07	-0.009188
4.676146e-07	-0.009188
4.696146e-07	-0.00938
4.716146e-07	-0.009284
4.736146e-07	-0.009956
4.756146e-07	-0.00986
4.776146e-07	-0.010244
4.796146e-07	-0.010052
4.816146e-07	-0.010244
4.836146e-07	-0.009764
4.856146e-07	-0.009956
4.876146e-07	-0.010148
4.896146e-07	-0.010436
4.916146e-07	-0.010436
4.936146e-07	-0.010436
4.956146e-07	-0.01082
4.976146e-07	-0.010916
4.996146e-07	-0.010916
5.016146e-07	-0.011204
5.036146e-07	-0.011588
5.056146e-07	-0.012164
5.076146e-07	-0.012356
5.096146e-07	-0.012932
5.116146e-07	-0.013028
5.136146e-07	-0.0137
5.156146e-07	-0.013604
5.176146e-07	-0.014276
5.196146e-07	-0.014084
5.216146e-07	-0.014948
5.236146e-07	-0.014372
5.256146e-07	-0.014756
5.276146e-07	-0.014852
5.296146e-07	-0.015332
5.316146e-07	-0.014756
5.336146e-07	-0.015332
5.356146e-07	-0.015428
5.376146e-07	-0.015908
5.396146e-07	-0.015236
5.416146e-07	-0.01562
5.436146e-07	-0.016004
5.456146e-07	-0.015908
5.476146e-07	-0.015908
5.496146e-07	-0.016388
5.516146e-07	-0.016292
5.536146e-07	-0.016772
5.556146e-07	-0.016292
5.576146e-07	-0.01658
5.596146e-07	-0.016868
5.616146e-07	-0.016868
5.636146e-07	-0.016196
5.656146e-07	-0.016292
5.676146e-07	-0.01658
5.696146e-07	-0.016772
5.716146e-07	-0.016292
5.736146e-07	-0.016196
5.756146e-07	-0.01658
5.776146e-07	-0.01658
5.796146e-07	-0.016004
5.816146e-07	-0.016004
5.836146e-07	-0.016484
5.856146e-07	-0.016868
5.876146e-07	-0.016388
5.896146e-07	-0.016868
5.916146e-07	-0.016388
5.936146e-07	-0.016484
5.956146e-07	-0.0161
5.976146e-07	-0.0161
5.996146e-07	-0.016196
6.016146e-07	-0.016388
6.036146e-07	-0.015428
6.056146e-07	-0.015428
6.076146e-07	-0.015332
6.096146e-07	-0.015428
6.116146e-07	-0.015332
6.136146e-07	-0.015428
6.156146e-07	-0.014948
6.176146e-07	-0.015236
6.196146e-07	-0.01466
6.216146e-07	-0.015236
6.236146e-07	-0.01562
6.256146e-07	-0.016292
6.276146e-07	-0.015236
6.296146e-07	-0.015908
6.316146e-07	-0.016004
6.336146e-07	-0.0161
6.356146e-07	-0.01562
6.376146e-07	-0.016676
6.396146e-07	-0.016868
6.416146e-07	-0.017348
6.436146e-07	-0.017156
6.456146e-07	-0.017348
6.476146e-07	-0.017348
6.496146e-07	-0.017924
6.516146e-07	-0.016868
6.536146e-07	-0.017252
6.556146e-07	-0.01706
6.576146e-07	-0.01706
6.596146e-07	-0.016964
6.616146e-07	-0.016388
6.636146e-07	-0.01658
6.656146e-07	-0.017252
6.676146e-07	-0.01706
6.696146e-07	-0.016772
6.716146e-07	-0.016964
6.736146e-07	-0.01706
6.756146e-07	-0.016868
6.776146e-07	-0.016964
6.796146e-07	-0.017156
6.816146e-07	-0.017636
6.836146e-07	-0.017348
6.856146e-07	-0.017924
6.876146e-07	-0.01706
6.896146e-07	-0.017636
6.916146e-07	-0.01706
6.936146e-07	-0.017348
6.956146e-07	-0.017156
6.976146e-07	-0.018212
6.996146e-07	-0.01754
7.016146e-07	-0.01754
7.036146e-07	-0.01754
7.056146e-07	-0.018116
7.076146e-07	-0.017348
7.096146e-07	-0.017924
7.116146e-07	-0.017252
7.136146e-07	-0.017828
7.156146e-07	-0.016964
7.176146e-07	-0.017348
7.196146e-07	-0.017252
7.216146e-07	-0.018212
7.236146e-07	-0.01802
7.256146e-07	-0.018404
7.276146e-07	-0.018212
7.296146e-07	-0.01898
7.316146e-07	-0.018308
7.336146e-07	-0.018692
7.356146e-07	-0.018404
7.376146e-07	-0.01898
7.396146e-07	-0.018212
7.416146e-07	-0.019364
7.436146e-07	-0.018692
7.456146e-07	-0.019268
7.476146e-07	-0.018308
7.496146e-07	-0.01898
7.516146e-07	-0.01898
7.536146e-07	-0.019652
7.556146e-07	-0.018692
7.576146e-07	-0.019364
7.596146e-07	-0.019268
7.616146e-07	-0.020324
7.636146e-07	-0.019268
7.656146e-07	-0.019268
7.676146e-07	-0.018884
7.696146e-07	-0.019268
7.716146e-07	-0.019364
7.736146e-07	-0.019556
7.756146e-07	-0.01898
7.776146e-07	-0.020132
7.796146e-07	-0.019076
7.816146e-07	-0.019556
7.836146e-07	-0.01946
7.856146e-07	-0.020132
7.876146e-07	-0.019172
7.896146e-07	-0.019172
7.916146e-07	-0.018788
7.936146e-07	-0.019076
7.956146e-07	-0.018692
7.976146e-07	-0.019076
7.996146e-07	-0.018596
8.016146e-07	-0.018884
8.036146e-07	-0.017636
8.056146e-07	-0.018116
8.076146e-07	-0.017636
8.096146e-07	-0.01802
8.116146e-07	-0.017444
8.136146e-07	-0.01754
8.156146e-07	-0.017348
8.176146e-07	-0.01754
8.196146e-07	-0.017252
8.216146e-07	-0.017444
8.236146e-07	-0.016676
8.256146e-07	-0.016868
8.276146e-07	-0.016388
8.296146e-07	-0.01658
8.316146e-07	-0.016484
8.336146e-07	-0.016772
8.356146e-07	-0.0161
8.376146e-07	-0.01658
8.396146e-07	-0.01658
8.416146e-07	-0.016676
8.436146e-07	-0.015908
8.456146e-07	-0.016196
8.476146e-07	-0.01658
8.496146e-07	-0.01658
8.516146e-07	-0.015428
8.536146e-07	-0.016196
8.556146e-07	-0.015716
8.576146e-07	-0.015812
8.596146e-07	-0.016004
8.616146e-07	-0.016004
8.636146e-07	-0.016388
8.656146e-07	-0.01658
8.676146e-07	-0.015908
8.696146e-07	-0.016292
8.716146e-07	-0.016004
8.736146e-07	-0.0161
8.756146e-07	-0.01562
8.776146e-07	-0.016292
8.796146e-07	-0.016004
8.816146e-07	-0.016388
8.836146e-07	-0.015524
8.856146e-07	-0.016196
8.876146e-07	-0.015812
8.896146e-07	-0.016292
8.916146e-07	-0.01562
8.936146e-07	-0.015908
8.956146e-07	-0.015812
8.976146e-07	-0.015812
8.996146e-07	-0.01562
9.016146e-07	-0.015812
9.036146e-07	-0.015044
9.056146e-07	-0.016004
9.076146e-07	-0.015716
9.096146e-07	-0.0161
9.116146e-07	-0.015812
9.136146e-07	-0.016868
9.156146e-07	-0.016196
9.176146e-07	-0.01658
9.196146e-07	-0.016964
9.216146e-07	-0.016868
9.236146e-07	-0.017156
9.256146e-07	-0.017348
9.276146e-07	-0.017348
9.296146e-07	-0.017636
9.316146e-07	-0.016676
9.336146e-07	-0.01754
9.356146e-07	-0.01754
9.376146e-07	-0.017924
9.396146e-07	-0.017444
9.416146e-07	-0.017348
9.436146e-07	-0.017348
9.456146e-07	-0.017828
9.476146e-07	-0.016772
9.496146e-07	-0.016484
9.516146e-07	-0.016292
9.536146e-07	-0.016388
9.556146e-07	-0.015812
9.576146e-07	-0.015908
9.596146e-07	-0.016004
9.616146e-07	-0.01658
9.636146e-07	-0.016004
9.656146e-07	-0.016004
9.676146e-07	-0.015716
9.696146e-07	-0.016292
9.716146e-07	-0.015428
9.736146e-07	-0.016004
9.756146e-07	-0.016004
9.776146e-07	-0.016388
9.796146e-07	-0.015716
9.816146e-07	-0.016292
9.836146e-07	-0.016196
9.856146e-07	-0.016196
9.876146e-07	-0.016196
9.896146e-07	-0.016388
9.916146e-07	-0.016292
9.936146e-07	-0.016196
9.956146e-07	-0.015812
9.976146e-07	-0.016388
9.996146e-07	-0.015716
1.001615e-06	-0.016388
1.003615e-06	-0.015812
1.005615e-06	-0.01562
1.007615e-06	-0.015236
1.009615e-06	-0.015332
1.011615e-06	-0.014948
1.013615e-06	-0.01514
1.015615e-06	-0.015044
1.017615e-06	-0.015332
1.019615e-06	-0.014948
1.021615e-06	-0.014948
1.023615e-06	-0.014948
1.025615e-06	-0.015524
1.027615e-06	-0.015044
1.029615e-06	-0.014852
1.031615e-06	-0.01514
1.033615e-06	-0.014756
1.035615e-06	-0.014756
1.037615e-06	-0.014372
1.039615e-06	-0.014372
1.041615e-06	-0.014948
1.043615e-06	-0.015332
1.045615e-06	-0.01562
1.047615e-06	-0.015908
1.049615e-06	-0.015812
1.051615e-06	-0.016004
1.053615e-06	-0.016772
1.055615e-06	-0.016004
1.057615e-06	-0.016772
1.059615e-06	-0.016772
1.061615e-06	-0.017348
1.063615e-06	-0.01706
1.065615e-06	-0.017732
1.067615e-06	-0.017252
1.069615e-06	-0.017636
1.071615e-06	-0.017348
1.073615e-06	-0.017636
1.075615e-06	-0.01706
1.077615e-06	-0.017732
1.079615e-06	-0.017252
1.081615e-06	-0.017636
1.083615e-06	-0.017156
1.085615e-06	-0.017252
1.087615e-06	-0.017348
1.089615e-06	-0.01706
1.091615e-06	-0.016484
1.093615e-06	-0.016868
1.095615e-06	-0.016964
1.097615e-06	-0.017156
1.099615e-06	-0.016676
1.101615e-06	-0.016868
1.103615e-06	-0.016964
1.105615e-06	-0.017636
1.107615e-06	-0.017252
1.109615e-06	-0.017348
1.111615e-06	-0.017252
1.113615e-06	-0.017444
1.115615e-06	-0.016676
1.117615e-06	-0.017252
1.119615e-06	-0.01706
1.121615e-06	-0.01706
1.123615e-06	-0.016772
1.125615e-06	-0.01754
1.127615e-06	-0.017348
1.129615e-06	-0.01754
1.131615e-06	-0.016964
1.133615e-06	-0.01658
1.135615e-06	-0.016388
1.137615e-06	-0.016196
1.139615e-06	-0.016004
1.141615e-06	-0.015908
1.143615e-06	-0.015332
1.145615e-06	-0.01562
1.147615e-06	-0.014756
1.149615e-06	-0.014948
1.151615e-06	-0.014756
1.153615e-06	-0.015428
1.155615e-06	-0.01466
1.157615e-06	-0.015332
1.159615e-06	-0.014852
1.161615e-06	-0.01562
1.163615e-06	-0.01514
1.165615e-06	-0.015524
1.167615e-06	-0.015428
1.169615e-06	-0.016292
1.171615e-06	-0.015908
1.173615e-06	-0.016292
1.175615e-06	-0.016292
1.177615e-06	-0.016676
1.179615e-06	-0.01658
1.181615e-06	-0.016772
1.183615e-06	-0.01658
1.185615e-06	-0.017444
1.187615e-06	-0.016772
1.189615e-06	-0.016772
1.191615e-06	-0.017444
1.193615e-06	-0.01754
1.195615e-06	-0.01706
1.197615e-06	-0.017156
1.199615e-06	-0.017348
1.201615e-06	-0.017828
1.203615e-06	-0.017444
1.205615e-06	-0.017444
1.207615e-06	-0.017348
1.209615e-06	-0.017732
1.211615e-06	-0.017252
1.213615e-06	-0.017252
1.215615e-06	-0.017444
1.217615e-06	-0.018116
1.219615e-06	-0.017924
1.221615e-06	-0.018212
1.223615e-06	-0.018116
1.225615e-06	-0.018788
1.227615e-06	-0.018308
1.229615e-06	-0.01802
1.231615e-06	-0.017828
1.233615e-06	-0.018596
1.235615e-06	-0.01754
1.237615e-06	-0.017828
1.239615e-06	-0.017636
1.241615e-06	-0.017924
1.243615e-06	-0.017732
1.245615e-06	-0.018212
1.247615e-06	-0.018308
1.249615e-06	-0.018692
1.251615e-06	-0.017828
1.253615e-06	-0.018116
1.255615e-06	-0.017924
1.257615e-06	-0.018404
1.259615e-06	-0.0185
1.261615e-06	-0.018884
1.263615e-06	-0.018404
1.265615e-06	-0.018788
1.267615e-06	-0.017636
1.269615e-06	-0.018596
1.271615e-06	-0.017828
1.273615e-06	-0.017924
1.275615e-06	-0.017348
1.277615e-06	-0.017828
1.279615e-06	-0.01802
1.281615e-06	-0.017636
1.283615e-06	-0.01754
1.285615e-06	-0.017444
1.287615e-06	-0.017636
1.289615e-06	-0.017924
1.291615e-06	-0.017636
1.293615e-06	-0.017924
1.295615e-06	-0.01802
1.297615e-06	-0.018788
1.299615e-06	-0.018212
1.301615e-06	-0.017924
1.303615e-06	-0.01802
1.305615e-06	-0.018404
1.307615e-06	-0.018116
1.309615e-06	-0.018692
1.311615e-06	-0.018596
1.313615e-06	-0.019172
1.315615e-06	-0.018692
1.317615e-06	-0.0185
1.319615e-06	-0.018404
1.321615e-06	-0.018308
1.323615e-06	-0.017924
1.325615e-06	-0.018212
1.327615e-06	-0.0185
1.329615e-06	-0.018308
1.331615e-06	-0.01802
1.333615e-06	-0.018788
1.335615e-06	-0.018308
1.337615e-06	-0.018788
1.339615e-06	-0.018596
1.341615e-06	-0.018884
1.343615e-06	-0.018308
1.345615e-06	-0.018404
1.347615e-06	-0.017924
1.349615e-06	-0.01802
1.351615e-06	-0.017924
1.353615e-06	-0.018692
1.355615e-06	-0.018116
1.357615e-06	-0.018116
1.359615e-06	-0.018212
1.361615e-06	-0.019172
1.363615e-06	-0.0185
1.365615e-06	-0.019172
1.367615e-06	-0.018788
1.369615e-06	-0.018884
1.371615e-06	-0.018212
1.373615e-06	-0.018884
1.375615e-06	-0.01802
1.377615e-06	-0.018788
1.379615e-06	-0.018404
1.381615e-06	-0.01898
1.383615e-06	-0.018788
1.385615e-06	-0.019556
1.387615e-06	-0.018404
1.389615e-06	-0.019268
1.391615e-06	-0.018884
1.393615e-06	-0.019268
1.395615e-06	-0.018404
1.397615e-06	-0.018788
1.399615e-06	-0.0185
1.401615e-06	-0.019556
1.403615e-06	-0.019364
1.405615e-06	-0.019364
1.407615e-06	-0.019748
1.409615e-06	-0.01946
1.411615e-06	-0.018692
1.413615e-06	-0.019172
1.415615e-06	-0.019364
1.417615e-06	-0.019844
1.419615e-06	-0.01946
1.421615e-06	-0.019844
1.423615e-06	-0.01994
1.425615e-06	-0.020708
1.427615e-06	-0.020036
1.429615e-06	-0.02042
1.431615e-06	-0.020036
1.433615e-06	-0.020708
1.435615e-06	-0.019652
1.437615e-06	-0.020036
1.439615e-06	-0.019652
1.441615e-06	-0.020132
1.443615e-06	-0.019172
1.445615e-06	-0.019652
1.447615e-06	-0.018692
1.449615e-06	-0.019172
1.451615e-06	-0.018308
1.453615e-06	-0.018596
1.455615e-06	-0.018692
1.457615e-06	-0.019844
1.459615e-06	-0.01898
1.461615e-06	-0.019556
1.463615e-06	-0.019172
1.465615e-06	-0.018884
1.467615e-06	-0.018404
1.469615e-06	-0.0185
1.471615e-06	-0.018212
1.473615e-06	-0.018404
1.475615e-06	-0.017636
1.477615e-06	-0.018116
1.479615e-06	-0.01754
1.481615e-06	-0.018212
1.483615e-06	-0.01706
1.485615e-06	-0.017732
1.487615e-06	-0.01706
1.489615e-06	-0.017636
1.491615e-06	-0.017156
1.493615e-06	-0.017156
1.495615e-06	-0.017348
1.497615e-06	-0.017444
1.499615e-06	-0.017444
1.501615e-06	-0.017348
1.503615e-06	-0.016964
1.505615e-06	-0.01754
1.507615e-06	-0.016868
1.509615e-06	-0.017252
1.511615e-06	-0.017348
1.513615e-06	-0.017444
1.515615e-06	-0.016868
1.517615e-06	-0.017828
1.519615e-06	-0.017924
1.521615e-06	-0.018788
1.523615e-06	-0.018212
1.525615e-06	-0.018596
1.527615e-06	-0.018116
1.529615e-06	-0.019172
1.531615e-06	-0.018404
1.533615e-06	-0.0185
1.535615e-06	-0.017828
1.537615e-06	-0.018404
1.539615e-06	-0.01802
1.541615e-06	-0.018116
1.543615e-06	-0.017828
1.545615e-06	-0.018116
1.547615e-06	-0.01754
1.549615e-06	-0.01802
1.551615e-06	-0.018116
1.553615e-06	-0.018212
1.555615e-06	-0.018116
1.557615e-06	-0.017828
1.559615e-06	-0.01754
1.561615e-06	-0.017828
1.563615e-06	-0.01706
1.565615e-06	-0.017636
1.567615e-06	-0.017636
1.569615e-06	-0.017828
1.571615e-06	-0.017636
1.573615e-06	-0.018308
1.575615e-06	-0.017828
1.577615e-06	-0.018308
1.579615e-06	-0.01754
1.581615e-06	-0.017444
1.583615e-06	-0.016964
1.585615e-06	-0.017924
1.587615e-06	-0.017252
1.589615e-06	-0.017828
1.591615e-06	-0.017348
1.593615e-06	-0.017828
1.595615e-06	-0.01706
1.597615e-06	-0.01754
1.599615e-06	-0.017348
1.601615e-06	-0.018212
1.603615e-06	-0.018404
1.605615e-06	-0.017828
1.607615e-06	-0.017444
1.609615e-06	-0.017732
1.611615e-06	-0.017732
1.613615e-06	-0.018308
1.615615e-06	-0.01754
1.617615e-06	-0.017924
1.619615e-06	-0.01754
1.621615e-06	-0.01802
1.623615e-06	-0.017636
1.625615e-06	-0.018212
1.627615e-06	-0.017444
1.629615e-06	-0.017636
1.631615e-06	-0.017444
1.633615e-06	-0.017828
1.635615e-06	-0.017252
1.637615e-06	-0.017732
1.639615e-06	-0.018116
1.641615e-06	-0.018404
1.643615e-06	-0.018116
1.645615e-06	-0.017828
1.647615e-06	-0.017924
1.649615e-06	-0.018596
1.651615e-06	-0.018404
1.653615e-06	-0.018596
1.655615e-06	-0.0185
1.657615e-06	-0.018692
1.659615e-06	-0.018404
1.661615e-06	-0.019076
1.663615e-06	-0.0185
1.665615e-06	-0.019172
1.667615e-06	-0.018788
1.669615e-06	-0.019268
1.671615e-06	-0.018884
1.673615e-06	-0.018596
1.675615e-06	-0.017732
1.677615e-06	-0.018212
1.679615e-06	-0.0185
1.681615e-06	-0.0185
1.683615e-06	-0.01802
1.685615e-06	-0.018788
1.687615e-06	-0.018212
1.689615e-06	-0.018692
1.691615e-06	-0.018212
1.693615e-06	-0.018692
1.695615e-06	-0.018884
1.697615e-06	-0.01898
1.699615e-06	-0.018404
1.701615e-06	-0.018404
1.703615e-06	-0.017732
1.705615e-06	-0.018116
1.707615e-06	-0.01706
1.709615e-06	-0.01754
1.711615e-06	-0.017252
1.713615e-06	-0.01754
1.715615e-06	-0.016484
1.717615e-06	-0.01706
1.719615e-06	-0.017156
1.721615e-06	-0.017252
1.723615e-06	-0.016964
1.725615e-06	-0.017156
1.727615e-06	-0.017156
1.729615e-06	-0.017156
1.731615e-06	-0.016388
1.733615e-06	-0.01658
1.735615e-06	-0.016484
1.737615e-06	-0.016868
1.739615e-06	-0.01658
1.741615e-06	-0.016868
1.743615e-06	-0.016388
1.745615e-06	-0.016676
1.747615e-06	-0.016484
1.749615e-06	-0.01706
1.751615e-06	-0.016964
1.753615e-06	-0.017444
1.755615e-06	-0.016964
1.757615e-06	-0.017924
1.759615e-06	-0.01754
1.761615e-06	-0.01802
1.763615e-06	-0.017348
1.765615e-06	-0.018212
1.767615e-06	-0.017636
1.769615e-06	-0.017828
1.771615e-06	-0.017348
1.773615e-06	-0.017732
1.775615e-06	-0.01754
1.777615e-06	-0.018212
1.779615e-06	-0.017828
1.781615e-06	-0.018404
1.783615e-06	-0.018404
1.785615e-06	-0.0185
1.787615e-06	-0.0185
1.789615e-06	-0.018884
1.791615e-06	-0.01802
1.793615e-06	-0.018308
1.795615e-06	-0.017732
1.797615e-06	-0.018212
1.799615e-06	-0.017828
1.801615e-06	-0.018212
1.803615e-06	-0.017348
1.805615e-06	-0.018116
1.807615e-06	-0.017732
1.809615e-06	-0.018308
1.811615e-06	-0.017732
1.813615e-06	-0.018308
1.815615e-06	-0.018116
1.817615e-06	-0.018308
1.819615e-06	-0.017828
1.821615e-06	-0.017828
1.823615e-06	-0.017732
1.825615e-06	-0.017924
1.827615e-06	-0.017348
1.829615e-06	-0.017828
1.831615e-06	-0.018308
1.833615e-06	-0.018788
1.835615e-06	-0.017156
1.837615e-06	-0.018116
1.839615e-06	-0.017732
1.841615e-06	-0.018212
1.843615e-06	-0.017636
1.845615e-06	-0.01802
1.847615e-06	-0.018116
1.849615e-06	-0.018404
1.851615e-06	-0.017348
1.853615e-06	-0.017828
1.855615e-06	-0.017828
1.857615e-06	-0.018116
1.859615e-06	-0.017636
1.861615e-06	-0.01754
1.863615e-06	-0.017252
1.865615e-06	-0.017636
1.867615e-06	-0.017348
1.869615e-06	-0.017732
1.871615e-06	-0.01754
1.873615e-06	-0.017828
1.875615e-06	-0.017156
1.877615e-06	-0.017156
1.879615e-06	-0.016868
1.881615e-06	-0.016964
1.883615e-06	-0.016676
1.885615e-06	-0.01706
1.887615e-06	-0.016868
1.889615e-06	-0.017732
1.891615e-06	-0.016964
1.893615e-06	-0.017252
1.895615e-06	-0.017348
1.897615e-06	-0.017348
1.899615e-06	-0.01706
1.901615e-06	-0.017828
1.903615e-06	-0.017828
1.905615e-06	-0.018308
1.907615e-06	-0.018116
1.909615e-06	-0.018404
1.911615e-06	-0.01802
1.913615e-06	-0.018308
1.915615e-06	-0.018404
1.917615e-06	-0.018788
1.919615e-06	-0.0185
1.921615e-06	-0.01898
1.923615e-06	-0.019076
1.925615e-06	-0.019748
1.927615e-06	-0.019076
1.929615e-06	-0.019652
1.931615e-06	-0.018788
1.933615e-06	-0.018788
1.935615e-06	-0.018116
1.937615e-06	-0.018884
1.939615e-06	-0.01898
1.941615e-06	-0.018884
1.943615e-06	-0.018212
1.945615e-06	-0.018596
1.947615e-06	-0.017732
1.949615e-06	-0.018116
1.951615e-06	-0.018116
1.953615e-06	-0.01898
1.955615e-06	-0.018116
1.957615e-06	-0.018692
1.959615e-06	-0.018692
1.961615e-06	-0.019076
1.963615e-06	-0.018692
1.965615e-06	-0.018884
1.967615e-06	-0.018884
1.969615e-06	-0.019556
1.971615e-06	-0.018884
1.973615e-06	-0.019748
1.975615e-06	-0.019364
1.977615e-06	-0.020516
1.979615e-06	-0.019556
1.981615e-06	-0.020132
1.983615e-06	-0.019844
1.985615e-06	-0.020228
1.987615e-06	-0.019748
1.989615e-06	-0.020036
1.991615e-06	-0.019652
1.993615e-06	-0.02042
1.995615e-06	-0.019748
1.997615e-06	-0.020132
1.999615e-06	-0.020036
2.001615e-06	-0.0209
2.003615e-06	-0.020036
2.005615e-06	-0.0209
2.007615e-06	-0.020228
2.009615e-06	-0.020708
2.011615e-06	-0.02042
2.013615e-06	-0.020804
2.015615e-06	-0.02042
2.017615e-06	-0.021092
2.019615e-06	-0.020228
2.021615e-06	-0.020516
2.023615e-06	-0.020324
2.025615e-06	-0.020804
2.027615e-06	-0.020324
2.029615e-06	-0.020804
2.031615e-06	-0.020132
2.033615e-06	-0.020612
2.035615e-06	-0.020804
2.037615e-06	-0.0209
2.039615e-06	-0.020804
2.041615e-06	-0.021284
2.043615e-06	-0.020516
2.045615e-06	-0.021476
2.047615e-06	-0.020708
2.049615e-06	-0.02186
2.051615e-06	-0.021668
2.053615e-06	-0.02186
2.055615e-06	-0.021668
2.057615e-06	-0.022436
2.059615e-06	-0.022244
2.061615e-06	-0.022148
2.063615e-06	-0.021476
2.065615e-06	-0.021764
2.067615e-06	-0.02138
2.069615e-06	-0.021284
2.071615e-06	-0.021284
2.073615e-06	-0.02186
2.075615e-06	-0.021284
2.077615e-06	-0.020996
2.079615e-06	-0.021188
2.081615e-06	-0.021764
2.083615e-06	-0.021284
2.085615e-06	-0.021284
2.087615e-06	-0.021188
2.089615e-06	-0.021476
2.091615e-06	-0.02138
2.093615e-06	-0.02138
2.095615e-06	-0.021572
2.097615e-06	-0.022436
2.099615e-06	-0.021956
2.101615e-06	-0.022052
2.103615e-06	-0.02138
2.105615e-06	-0.022052
2.107615e-06	-0.021476
2.109615e-06	-0.021668
2.111615e-06	-0.021572
2.113615e-06	-0.022436
2.115615e-06	-0.021956
2.117615e-06	-0.021572
2.119615e-06	-0.021188
2.121615e-06	-0.021956
2.123615e-06	-0.021668
2.125615e-06	-0.021668
2.127615e-06	-0.021092
2.129615e-06	-0.022148
2.131615e-06	-0.0209
2.133615e-06	-0.021188
2.135615e-06	-0.020804
2.137615e-06	-0.021188
2.139615e-06	-0.020708
2.141615e-06	-0.020708
2.143615e-06	-0.020612
2.145615e-06	-0.0209
2.147615e-06	-0.020132
2.149615e-06	-0.020132
2.151615e-06	-0.01994
2.153615e-06	-0.020324
2.155615e-06	-0.019748
2.157615e-06	-0.020228
2.159615e-06	-0.01994
2.161615e-06	-0.019844
2.163615e-06	-0.019364
2.165615e-06	-0.019364
2.167615e-06	-0.019844
2.169615e-06	-0.02042
2.171615e-06	-0.019748
2.173615e-06	-0.019652
2.175615e-06	-0.019268
2.177615e-06	-0.020036
2.179615e-06	-0.019172
2.181615e-06	-0.019364
2.183615e-06	-0.018884
2.185615e-06	-0.019172
2.187615e-06	-0.018788
2.189615e-06	-0.019556
2.191615e-06	-0.01898
2.193615e-06	-0.019844
2.195615e-06	-0.019268
2.197615e-06	-0.018884
2.199615e-06	-0.018212
2.201615e-06	-0.019076
2.203615e-06	-0.018596
2.205615e-06	-0.018788
2.207615e-06	-0.0185
2.209615e-06	-0.018884
2.211615e-06	-0.018596
2.213615e-06	-0.019172
2.215615e-06	-0.018212
2.217615e-06	-0.018788
2.219615e-06	-0.018212
2.221615e-06	-0.018788
2.223615e-06	-0.018116
2.225615e-06	-0.018884
2.227615e-06	-0.018116
2.229615e-06	-0.018788
2.231615e-06	-0.017732
2.233615e-06	-0.018116
2.235615e-06	-0.018116
2.237615e-06	-0.0185
2.239615e-06	-0.018404
2.241615e-06	-0.01898
2.243615e-06	-0.018404
2.245615e-06	-0.019076
2.247615e-06	-0.019268
2.249615e-06	-0.019748
2.251615e-06	-0.019076
2.253615e-06	-0.01946
2.255615e-06	-0.01946
2.257615e-06	-0.01994
2.259615e-06	-0.01898
2.261615e-06	-0.019364
2.263615e-06	-0.01898
2.265615e-06	-0.01946
2.267615e-06	-0.01946
2.269615e-06	-0.020036
2.271615e-06	-0.019748
2.273615e-06	-0.019748
2.275615e-06	-0.019172
2.277615e-06	-0.01946
2.279615e-06	-0.019364
2.281615e-06	-0.020228
2.283615e-06	-0.019076
2.285615e-06	-0.019364
2.287615e-06	-0.018308
2.289615e-06	-0.019172
2.291615e-06	-0.018692
2.293615e-06	-0.019076
2.295615e-06	-0.018308
2.297615e-06	-0.018692
2.299615e-06	-0.018884
2.301615e-06	-0.019748
2.303615e-06	-0.019076
2.305615e-06	-0.019556
2.307615e-06	-0.018692
2.309615e-06	-0.019652
2.311615e-06	-0.019748
2.313615e-06	-0.020612
2.315615e-06	-0.019268
2.317615e-06	-0.020132
2.319615e-06	-0.020132
2.321615e-06	-0.02042
2.323615e-06	-0.020132
2.325615e-06	-0.020324
2.327615e-06	-0.019844
2.329615e-06	-0.020324
2.331615e-06	-0.019556
2.333615e-06	-0.020228
2.335615e-06	-0.019748
2.337615e-06	-0.020612
2.339615e-06	-0.020036
2.341615e-06	-0.020612
2.343615e-06	-0.02042
2.345615e-06	-0.020516
2.347615e-06	-0.019748
2.349615e-06	-0.02042
2.351615e-06	-0.01994
2.353615e-06	-0.020516
2.355615e-06	-0.019364
2.357615e-06	-0.01946
2.359615e-06	-0.019556
2.361615e-06	-0.020228
2.363615e-06	-0.019748
2.365615e-06	-0.01994
2.367615e-06	-0.019268
2.369615e-06	-0.02042
2.371615e-06	-0.019172
2.373615e-06	-0.01946
2.375615e-06	-0.019268
2.377615e-06	-0.019268
2.379615e-06	-0.01946
2.381615e-06	-0.019844
2.383615e-06	-0.019556
2.385615e-06	-0.020036
2.387615e-06	-0.019268
2.389615e-06	-0.019364
2.391615e-06	-0.018692
2.393615e-06	-0.019076
2.395615e-06	-0.018596
2.397615e-06	-0.018692
2.399615e-06	-0.017732
2.401615e-06	-0.018116
2.403615e-06	-0.017156
2.405615e-06	-0.016484
2.407615e-06	-0.016388
2.409615e-06	-0.016484
2.411615e-06	-0.015812
2.413615e-06	-0.015524
2.415615e-06	-0.01514
2.417615e-06	-0.015524
2.419615e-06	-0.014372
2.421615e-06	-0.014852
2.423615e-06	-0.013892
2.425615e-06	-0.014756
2.427615e-06	-0.013892
2.429615e-06	-0.013796
2.431615e-06	-0.013604
2.433615e-06	-0.014276
2.435615e-06	-0.013028
2.437615e-06	-0.01274
2.439615e-06	-0.013124
2.441615e-06	-0.013412
2.443615e-06	-0.01274
2.445615e-06	-0.012836
2.447615e-06	-0.013028
2.449615e-06	-0.013316
2.451615e-06	-0.012644
2.453615e-06	-0.012836
2.455615e-06	-0.01322
2.457615e-06	-0.01322
2.459615e-06	-0.012644
2.461615e-06	-0.013124
2.463615e-06	-0.013124
2.465615e-06	-0.013604
2.467615e-06	-0.013316
2.469615e-06	-0.013892
2.471615e-06	-0.013508
2.473615e-06	-0.014084
2.475615e-06	-0.013316
2.477615e-06	-0.014276
2.479615e-06	-0.014564
2.481615e-06	-0.014756
2.483615e-06	-0.015236
2.485615e-06	-0.015332
2.487615e-06	-0.015332
2.489615e-06	-0.016004
2.491615e-06	-0.015524
2.493615e-06	-0.016004
2.495615e-06	-0.016196
2.497615e-06	-0.016484
2.499615e-06	-0.016388
2.501615e-06	-0.016388
