LECROYHDO6104A	50809	Waveform
Segments	1	SegmentSize	2502
Segment	TrigTime	TimeSinceSegment1
#1	19-Dec-2022 19:52:48	0                 
Time	Ampl
-2.500323e-06	-0.0203724
-2.498323e-06	-0.0204048
-2.496323e-06	-0.0202428
-2.494323e-06	-0.0199836
-2.492323e-06	-0.0199512
-2.490323e-06	-0.020016
-2.488323e-06	-0.0199836
-2.486323e-06	-0.0201456
-2.484323e-06	-0.0197244
-2.482323e-06	-0.0196596
-2.480323e-06	-0.0194004
-2.478323e-06	-0.0194652
-2.476323e-06	-0.0191412
-2.474323e-06	-0.019206
-2.472323e-06	-0.0190764
-2.470323e-06	-0.0191412
-2.468323e-06	-0.0192708
-2.466323e-06	-0.0198216
-2.464323e-06	-0.0195948
-2.462323e-06	-0.0199188
-2.460323e-06	-0.0199512
-2.458323e-06	-0.0204048
-2.456323e-06	-0.0204372
-2.454323e-06	-0.0206316
-2.452323e-06	-0.0203724
-2.450323e-06	-0.020826
-2.448323e-06	-0.02115
-2.446323e-06	-0.021474
-2.444323e-06	-0.021798
-2.442323e-06	-0.0215064
-2.440323e-06	-0.0214416
-2.438323e-06	-0.0212472
-2.436323e-06	-0.0215712
-2.434323e-06	-0.0221868
-2.432323e-06	-0.021798
-2.430323e-06	-0.0220572
-2.428323e-06	-0.0222516
-2.426323e-06	-0.0228672
-2.424323e-06	-0.0227052
-2.422323e-06	-0.0222516
-2.420323e-06	-0.0221544
-2.418323e-06	-0.0225432
-2.416323e-06	-0.022446
-2.414323e-06	-0.0224784
-2.412323e-06	-0.0221544
-2.410323e-06	-0.022446
-2.408323e-06	-0.0225108
-2.406323e-06	-0.0224784
-2.404323e-06	-0.0224784
-2.402323e-06	-0.0226728
-2.400323e-06	-0.0229644
-2.398323e-06	-0.0227376
-2.396323e-06	-0.0228024
-2.394323e-06	-0.0228348
-2.392323e-06	-0.02277
-2.390323e-06	-0.02277
-2.388323e-06	-0.02277
-2.386323e-06	-0.022608
-2.384323e-06	-0.0222192
-2.382323e-06	-0.022284
-2.380323e-06	-0.0219276
-2.378323e-06	-0.02196
-2.376323e-06	-0.0213768
-2.374323e-06	-0.0212148
-2.372323e-06	-0.0209232
-2.370323e-06	-0.0205668
-2.368323e-06	-0.02034
-2.366323e-06	-0.0205992
-2.364323e-06	-0.0201132
-2.362323e-06	-0.0200808
-2.360323e-06	-0.0198216
-2.358323e-06	-0.020016
-2.356323e-06	-0.0198864
-2.354323e-06	-0.0202752
-2.352323e-06	-0.020016
-2.350323e-06	-0.0201132
-2.348323e-06	-0.0199836
-2.346323e-06	-0.0202752
-2.344323e-06	-0.0203076
-2.342323e-06	-0.0202428
-2.340323e-06	-0.0202752
-2.338323e-06	-0.0202428
-2.336323e-06	-0.020178
-2.334323e-06	-0.0204696
-2.332323e-06	-0.0204372
-2.330323e-06	-0.0204372
-2.328323e-06	-0.0204696
-2.326323e-06	-0.0202428
-2.324323e-06	-0.019692
-2.322323e-06	-0.0199512
-2.320323e-06	-0.0196272
-2.318323e-06	-0.0194976
-2.316323e-06	-0.0187848
-2.314323e-06	-0.0187848
-2.312323e-06	-0.0185256
-2.310323e-06	-0.0184932
-2.308323e-06	-0.0181692
-2.306323e-06	-0.0184932
-2.304323e-06	-0.0183636
-2.302323e-06	-0.0183312
-2.300323e-06	-0.0180396
-2.298323e-06	-0.0180072
-2.296323e-06	-0.0181368
-2.294323e-06	-0.0186228
-2.292323e-06	-0.0183312
-2.290323e-06	-0.018558
-2.288323e-06	-0.0182664
-2.286323e-06	-0.0184932
-2.284323e-06	-0.0185904
-2.282323e-06	-0.0188172
-2.280323e-06	-0.0185904
-2.278323e-06	-0.0184608
-2.276323e-06	-0.0181368
-2.274323e-06	-0.0181368
-2.272323e-06	-0.0175536
-2.270323e-06	-0.0173916
-2.268323e-06	-0.0173592
-2.266323e-06	-0.0172944
-2.264323e-06	-0.0174888
-2.262323e-06	-0.0178452
-2.260323e-06	-0.0174888
-2.258323e-06	-0.0178128
-2.256323e-06	-0.017748
-2.254323e-06	-0.0181044
-2.252323e-06	-0.018072
-2.250323e-06	-0.0184932
-2.248323e-06	-0.0188496
-2.246323e-06	-0.0188496
-2.244323e-06	-0.01872
-2.242323e-06	-0.0194976
-2.240323e-06	-0.0189468
-2.238323e-06	-0.0192384
-2.236323e-06	-0.0194328
-2.234323e-06	-0.0200808
-2.232323e-06	-0.0204372
-2.230323e-06	-0.0203724
-2.228323e-06	-0.02034
-2.226323e-06	-0.0205668
-2.224323e-06	-0.0204048
-2.222323e-06	-0.02034
-2.220323e-06	-0.0206316
-2.218323e-06	-0.0207612
-2.216323e-06	-0.020664
-2.214323e-06	-0.0210528
-2.212323e-06	-0.020826
-2.210323e-06	-0.02115
-2.208323e-06	-0.0210852
-2.206323e-06	-0.0212148
-2.204323e-06	-0.0215388
-2.202323e-06	-0.0217656
-2.200323e-06	-0.021798
-2.198323e-06	-0.0217008
-2.196323e-06	-0.0217008
-2.194323e-06	-0.021798
-2.192323e-06	-0.0218952
-2.190323e-06	-0.021798
-2.188323e-06	-0.0221544
-2.186323e-06	-0.022284
-2.184323e-06	-0.0224136
-2.182323e-06	-0.0225432
-2.180323e-06	-0.0223812
-2.178323e-06	-0.02277
-2.176323e-06	-0.0225432
-2.174323e-06	-0.022446
-2.172323e-06	-0.0225756
-2.170323e-06	-0.0228996
-2.168323e-06	-0.0231264
-2.166323e-06	-0.0230616
-2.164323e-06	-0.0230616
-2.162323e-06	-0.0234504
-2.160323e-06	-0.0236124
-2.158323e-06	-0.0236448
-2.156323e-06	-0.023418
-2.154323e-06	-0.0237096
-2.152323e-06	-0.0237096
-2.150323e-06	-0.0238068
-2.148323e-06	-0.0237096
-2.146323e-06	-0.0240336
-2.144323e-06	-0.0238392
-2.142323e-06	-0.0242604
-2.140323e-06	-0.0240984
-2.138323e-06	-0.0241632
-2.136323e-06	-0.0240336
-2.134323e-06	-0.0241632
-2.132323e-06	-0.0241308
-2.130323e-06	-0.0242928
-2.128323e-06	-0.023904
-2.126323e-06	-0.0240012
-2.124323e-06	-0.0241308
-2.122323e-06	-0.0245844
-2.120323e-06	-0.0241308
-2.118323e-06	-0.0242604
-2.116323e-06	-0.0241308
-2.114323e-06	-0.02439
-2.112323e-06	-0.024552
-2.110323e-06	-0.0242928
-2.108323e-06	-0.0240336
-2.106323e-06	-0.0241956
-2.104323e-06	-0.0240984
-2.102323e-06	-0.0241308
-2.100323e-06	-0.0236448
-2.098323e-06	-0.0236124
-2.096323e-06	-0.023418
-2.094323e-06	-0.0229968
-2.092323e-06	-0.0228348
-2.090323e-06	-0.0227376
-2.088323e-06	-0.0224784
-2.086323e-06	-0.022122
-2.084323e-06	-0.0218628
-2.082323e-06	-0.021798
-2.080323e-06	-0.0218952
-2.078323e-06	-0.021636
-2.076323e-06	-0.0212148
-2.074323e-06	-0.0214416
-2.072323e-06	-0.0212472
-2.070323e-06	-0.021312
-2.068323e-06	-0.0210852
-2.066323e-06	-0.0210852
-2.064323e-06	-0.0214092
-2.062323e-06	-0.0213444
-2.060323e-06	-0.020988
-2.058323e-06	-0.0212472
-2.056323e-06	-0.020988
-2.054323e-06	-0.021312
-2.052323e-06	-0.02115
-2.050323e-06	-0.0210528
-2.048323e-06	-0.0204696
-2.046323e-06	-0.02034
-2.044323e-06	-0.0197892
-2.042323e-06	-0.0196596
-2.040323e-06	-0.019368
-2.038323e-06	-0.0192708
-2.036323e-06	-0.0189468
-2.034323e-06	-0.0190116
-2.032323e-06	-0.018396
-2.030323e-06	-0.0183636
-2.028323e-06	-0.0182664
-2.026323e-06	-0.0183312
-2.024323e-06	-0.0182016
-2.022323e-06	-0.0182664
-2.020323e-06	-0.018396
-2.018323e-06	-0.0186228
-2.016323e-06	-0.0182988
-2.014323e-06	-0.0184932
-2.012323e-06	-0.0181692
-2.010323e-06	-0.018234
-2.008323e-06	-0.0181368
-2.006323e-06	-0.0179748
-2.004323e-06	-0.0181368
-2.002323e-06	-0.0179424
-2.000323e-06	-0.0178452
-1.998323e-06	-0.0177804
-1.996323e-06	-0.017748
-1.994323e-06	-0.01791
-1.992323e-06	-0.0176832
-1.990323e-06	-0.0176508
-1.988323e-06	-0.0175212
-1.986323e-06	-0.0179424
-1.984323e-06	-0.01791
-1.982323e-06	-0.0177804
-1.980323e-06	-0.0179424
-1.978323e-06	-0.0178776
-1.976323e-06	-0.0182016
-1.974323e-06	-0.0182664
-1.972323e-06	-0.0182664
-1.970323e-06	-0.0182988
-1.968323e-06	-0.0183312
-1.966323e-06	-0.0186552
-1.964323e-06	-0.0185904
-1.962323e-06	-0.0184932
-1.960323e-06	-0.018234
-1.958323e-06	-0.0183312
-1.956323e-06	-0.0184932
-1.954323e-06	-0.0189792
-1.952323e-06	-0.0187524
-1.950323e-06	-0.0188496
-1.948323e-06	-0.0189144
-1.946323e-06	-0.019044
-1.944323e-06	-0.0190764
-1.942323e-06	-0.0192708
-1.940323e-06	-0.0194328
-1.938323e-06	-0.0196596
-1.936323e-06	-0.0195948
-1.934323e-06	-0.019854
-1.932323e-06	-0.0198864
-1.930323e-06	-0.0198864
-1.928323e-06	-0.0204048
-1.926323e-06	-0.019854
-1.924323e-06	-0.0198864
-1.922323e-06	-0.0198864
-1.920323e-06	-0.0197892
-1.918323e-06	-0.0200484
-1.916323e-06	-0.0200808
-1.914323e-06	-0.0204048
-1.912323e-06	-0.0203724
-1.910323e-06	-0.0205668
-1.908323e-06	-0.02034
-1.906323e-06	-0.0205344
-1.904323e-06	-0.0210852
-1.902323e-06	-0.0211824
-1.900323e-06	-0.02115
-1.898323e-06	-0.0213768
-1.896323e-06	-0.021312
-1.894323e-06	-0.0212796
-1.892323e-06	-0.0210204
-1.890323e-06	-0.0212472
-1.888323e-06	-0.0214416
-1.886323e-06	-0.0212148
-1.884323e-06	-0.0211176
-1.882323e-06	-0.0212472
-1.880323e-06	-0.0214092
-1.878323e-06	-0.0216036
-1.876323e-06	-0.0217332
-1.874323e-06	-0.022122
-1.872323e-06	-0.022446
-1.870323e-06	-0.0223488
-1.868323e-06	-0.0223164
-1.866323e-06	-0.022446
-1.864323e-06	-0.022284
-1.862323e-06	-0.0218628
-1.860323e-06	-0.02196
-1.858323e-06	-0.02196
-1.856323e-06	-0.0219924
-1.854323e-06	-0.0220572
-1.852323e-06	-0.0221544
-1.850323e-06	-0.022122
-1.848323e-06	-0.0220248
-1.846323e-06	-0.0219276
-1.844323e-06	-0.0220248
-1.842323e-06	-0.0220248
-1.840323e-06	-0.0222192
-1.838323e-06	-0.022284
-1.836323e-06	-0.0221544
-1.834323e-06	-0.0220572
-1.832323e-06	-0.02196
-1.830323e-06	-0.0218628
-1.828323e-06	-0.0218952
-1.826323e-06	-0.0216684
-1.824323e-06	-0.0217656
-1.822323e-06	-0.021636
-1.820323e-06	-0.021636
-1.818323e-06	-0.0216684
-1.816323e-06	-0.0213444
-1.814323e-06	-0.021312
-1.812323e-06	-0.0207936
-1.810323e-06	-0.0211824
-1.808323e-06	-0.0212472
-1.806323e-06	-0.0210852
-1.804323e-06	-0.0207936
-1.802323e-06	-0.020664
-1.800323e-06	-0.0205668
-1.798323e-06	-0.020826
-1.796323e-06	-0.020016
-1.794323e-06	-0.0196596
-1.792323e-06	-0.0192384
-1.790323e-06	-0.0187848
-1.788323e-06	-0.0184608
-1.786323e-06	-0.018558
-1.784323e-06	-0.0179748
-1.782323e-06	-0.0176184
-1.780323e-06	-0.0173592
-1.778323e-06	-0.0176832
-1.776323e-06	-0.0176508
-1.774323e-06	-0.017748
-1.772323e-06	-0.0175536
-1.770323e-06	-0.0172944
-1.768323e-06	-0.0172944
-1.766323e-06	-0.0172944
-1.764323e-06	-0.0173592
-1.762323e-06	-0.017424
-1.760323e-06	-0.0171972
-1.758323e-06	-0.0172296
-1.756323e-06	-0.0169704
-1.754323e-06	-0.0170676
-1.752323e-06	-0.0170352
-1.750323e-06	-0.0171
-1.748323e-06	-0.0168408
-1.746323e-06	-0.016938
-1.744323e-06	-0.0166788
-1.742323e-06	-0.0167112
-1.740323e-06	-0.0166788
-1.738323e-06	-0.0170352
-1.736323e-06	-0.0168084
-1.734323e-06	-0.016614
-1.732323e-06	-0.0163548
-1.730323e-06	-0.0164844
-1.728323e-06	-0.0163548
-1.726323e-06	-0.0165492
-1.724323e-06	-0.0169056
-1.722323e-06	-0.0170352
-1.720323e-06	-0.0168732
-1.718323e-06	-0.0165168
-1.716323e-06	-0.016614
-1.714323e-06	-0.0169704
-1.712323e-06	-0.0170028
-1.710323e-06	-0.0168408
-1.708323e-06	-0.016776
-1.706323e-06	-0.0171
-1.704323e-06	-0.0170352
-1.702323e-06	-0.0168732
-1.700323e-06	-0.0171
-1.698323e-06	-0.0173268
-1.696323e-06	-0.0171972
-1.694323e-06	-0.0169056
-1.692323e-06	-0.0166464
-1.690323e-06	-0.0165168
-1.688323e-06	-0.01629
-1.686323e-06	-0.0164196
-1.684323e-06	-0.016128
-1.682323e-06	-0.016128
-1.680323e-06	-0.0160308
-1.678323e-06	-0.0158364
-1.676323e-06	-0.015804
-1.674323e-06	-0.0160632
-1.672323e-06	-0.0159984
-1.670323e-06	-0.0160308
-1.668323e-06	-0.0157716
-1.666323e-06	-0.015804
-1.664323e-06	-0.0159984
-1.662323e-06	-0.0161604
-1.660323e-06	-0.0160632
-1.658323e-06	-0.0167112
-1.656323e-06	-0.016452
-1.654323e-06	-0.0170352
-1.652323e-06	-0.0171
-1.650323e-06	-0.0173592
-1.648323e-06	-0.0175212
-1.646323e-06	-0.0177156
-1.644323e-06	-0.0181044
-1.642323e-06	-0.0183312
-1.640323e-06	-0.0181044
-1.638323e-06	-0.0182664
-1.636323e-06	-0.018234
-1.634323e-06	-0.018234
-1.632323e-06	-0.0179748
-1.630323e-06	-0.0178776
-1.628323e-06	-0.0182016
-1.626323e-06	-0.0188172
-1.624323e-06	-0.0187524
-1.622323e-06	-0.0185904
-1.620323e-06	-0.0186876
-1.618323e-06	-0.0190764
-1.616323e-06	-0.019206
-1.614323e-06	-0.0189792
-1.612323e-06	-0.0188172
-1.610323e-06	-0.019044
-1.608323e-06	-0.0191736
-1.606323e-06	-0.0186228
-1.604323e-06	-0.018558
-1.602323e-06	-0.0189144
-1.600323e-06	-0.0193032
-1.598323e-06	-0.01953
-1.596323e-06	-0.0195624
-1.594323e-06	-0.0195948
-1.592323e-06	-0.01953
-1.590323e-06	-0.0196596
-1.588323e-06	-0.0193032
-1.586323e-06	-0.0194004
-1.584323e-06	-0.0192708
-1.582323e-06	-0.01953
-1.580323e-06	-0.0193032
-1.578323e-06	-0.01953
-1.576323e-06	-0.019692
-1.574323e-06	-0.0199188
-1.572323e-06	-0.0198216
-1.570323e-06	-0.0199188
-1.568323e-06	-0.0200808
-1.566323e-06	-0.0203076
-1.564323e-06	-0.0203724
-1.562323e-06	-0.0207288
-1.560323e-06	-0.0205668
-1.558323e-06	-0.0204696
-1.556323e-06	-0.0202428
-1.554323e-06	-0.0204048
-1.552323e-06	-0.0205344
-1.550323e-06	-0.0206964
-1.548323e-06	-0.020664
-1.546323e-06	-0.0207612
-1.544323e-06	-0.0207288
-1.542323e-06	-0.0202104
-1.540323e-06	-0.0201456
-1.538323e-06	-0.0203076
-1.536323e-06	-0.0205344
-1.534323e-06	-0.020178
-1.532323e-06	-0.0201132
-1.530323e-06	-0.0202104
-1.528323e-06	-0.0203076
-1.526323e-06	-0.0202104
-1.524323e-06	-0.0200808
-1.522323e-06	-0.0206316
-1.520323e-06	-0.0206964
-1.518323e-06	-0.0204696
-1.516323e-06	-0.0202752
-1.514323e-06	-0.0204696
-1.512323e-06	-0.0204696
-1.510323e-06	-0.0200484
-1.508323e-06	-0.0201456
-1.506323e-06	-0.0203076
-1.504323e-06	-0.0200484
-1.502323e-06	-0.020016
-1.500323e-06	-0.0197244
-1.498323e-06	-0.0200808
-1.496323e-06	-0.020178
-1.494323e-06	-0.020016
-1.492323e-06	-0.0200484
-1.490323e-06	-0.02034
-1.488323e-06	-0.0202104
-1.486323e-06	-0.0204696
-1.484323e-06	-0.0204048
-1.482323e-06	-0.0205668
-1.480323e-06	-0.0207288
-1.478323e-06	-0.0206964
-1.476323e-06	-0.0204696
-1.474323e-06	-0.020502
-1.472323e-06	-0.0202104
-1.470323e-06	-0.0199836
-1.468323e-06	-0.0199836
-1.466323e-06	-0.0201456
-1.464323e-06	-0.0204048
-1.462323e-06	-0.0207288
-1.460323e-06	-0.0206316
-1.458323e-06	-0.0207288
-1.456323e-06	-0.0206964
-1.454323e-06	-0.0205344
-1.452323e-06	-0.020502
-1.450323e-06	-0.0208584
-1.448323e-06	-0.0207612
-1.446323e-06	-0.0209232
-1.444323e-06	-0.0208908
-1.442323e-06	-0.0211824
-1.440323e-06	-0.0212472
-1.438323e-06	-0.0215388
-1.436323e-06	-0.0215388
-1.434323e-06	-0.0216684
-1.432323e-06	-0.0215712
-1.430323e-06	-0.021636
-1.428323e-06	-0.0218952
-1.426323e-06	-0.02196
-1.424323e-06	-0.0218304
-1.422323e-06	-0.021636
-1.420323e-06	-0.0218628
-1.418323e-06	-0.0218952
-1.416323e-06	-0.0217008
-1.414323e-06	-0.0216684
-1.412323e-06	-0.0213444
-1.410323e-06	-0.0211824
-1.408323e-06	-0.0209232
-1.406323e-06	-0.0205992
-1.404323e-06	-0.0203076
-1.402323e-06	-0.0205992
-1.400323e-06	-0.0204696
-1.398323e-06	-0.0202104
-1.396323e-06	-0.0200808
-1.394323e-06	-0.0201132
-1.392323e-06	-0.0202752
-1.390323e-06	-0.0204696
-1.388323e-06	-0.0202752
-1.386323e-06	-0.0205668
-1.384323e-06	-0.0204696
-1.382323e-06	-0.020664
-1.380323e-06	-0.020664
-1.378323e-06	-0.0207288
-1.376323e-06	-0.0210528
-1.374323e-06	-0.0211824
-1.372323e-06	-0.0208584
-1.370323e-06	-0.0207612
-1.368323e-06	-0.0203724
-1.366323e-06	-0.0202428
-1.364323e-06	-0.0200484
-1.362323e-06	-0.020178
-1.360323e-06	-0.020016
-1.358323e-06	-0.0198864
-1.356323e-06	-0.0194652
-1.354323e-06	-0.01953
-1.352323e-06	-0.0195948
-1.350323e-06	-0.0200484
-1.348323e-06	-0.0200484
-1.346323e-06	-0.0201456
-1.344323e-06	-0.02034
-1.342323e-06	-0.0204696
-1.340323e-06	-0.0207612
-1.338323e-06	-0.0212796
-1.336323e-06	-0.0215388
-1.334323e-06	-0.0217008
-1.332323e-06	-0.0214092
-1.330323e-06	-0.0214092
-1.328323e-06	-0.0214416
-1.326323e-06	-0.0216036
-1.324323e-06	-0.0213444
-1.322323e-06	-0.021312
-1.320323e-06	-0.0212148
-1.318323e-06	-0.0213768
-1.316323e-06	-0.0214092
-1.314323e-06	-0.0218304
-1.312323e-06	-0.0215388
-1.310323e-06	-0.0211176
-1.308323e-06	-0.0210528
-1.306323e-06	-0.0213444
-1.304323e-06	-0.020988
-1.302323e-06	-0.0213444
-1.300323e-06	-0.0216036
-1.298323e-06	-0.0215388
-1.296323e-06	-0.0218628
-1.294323e-06	-0.0220572
-1.292323e-06	-0.0223812
-1.290323e-06	-0.0223488
-1.288323e-06	-0.0223812
-1.286323e-06	-0.022446
-1.284323e-06	-0.022122
-1.282323e-06	-0.0219924
-1.280323e-06	-0.0220248
-1.278323e-06	-0.0218628
-1.276323e-06	-0.0216036
-1.274323e-06	-0.0218304
-1.272323e-06	-0.0215712
-1.270323e-06	-0.0215712
-1.268323e-06	-0.021474
-1.266323e-06	-0.0215388
-1.264323e-06	-0.0213768
-1.262323e-06	-0.0217332
-1.260323e-06	-0.0215712
-1.258323e-06	-0.0220248
-1.256323e-06	-0.0219276
-1.254323e-06	-0.0218628
-1.252323e-06	-0.021798
-1.250323e-06	-0.0215712
-1.248323e-06	-0.0214092
-1.246323e-06	-0.0211176
-1.244323e-06	-0.0207936
-1.242323e-06	-0.020664
-1.240323e-06	-0.0209232
-1.238323e-06	-0.021312
-1.236323e-06	-0.020826
-1.234323e-06	-0.0210852
-1.232323e-06	-0.0210528
-1.230323e-06	-0.0209556
-1.228323e-06	-0.020988
-1.226323e-06	-0.0212148
-1.224323e-06	-0.0211176
-1.222323e-06	-0.0212472
-1.220323e-06	-0.0213768
-1.218323e-06	-0.021798
-1.216323e-06	-0.0218952
-1.214323e-06	-0.021636
-1.212323e-06	-0.0215064
-1.210323e-06	-0.0218304
-1.208323e-06	-0.0223488
-1.206323e-06	-0.0222192
-1.204323e-06	-0.022122
-1.202323e-06	-0.022122
-1.200323e-06	-0.0222516
-1.198323e-06	-0.0223488
-1.196323e-06	-0.0221868
-1.194323e-06	-0.0222516
-1.192323e-06	-0.022284
-1.190323e-06	-0.0222192
-1.188323e-06	-0.0222516
-1.186323e-06	-0.0227052
-1.184323e-06	-0.0224784
-1.182323e-06	-0.0225756
-1.180323e-06	-0.0225108
-1.178323e-06	-0.022284
-1.176323e-06	-0.0223812
-1.174323e-06	-0.0220572
-1.172323e-06	-0.0219276
-1.170323e-06	-0.0217008
-1.168323e-06	-0.0215712
-1.166323e-06	-0.0215064
-1.164323e-06	-0.021474
-1.162323e-06	-0.0213444
-1.160323e-06	-0.0213444
-1.158323e-06	-0.0212796
-1.156323e-06	-0.02115
-1.154323e-06	-0.0212148
-1.152323e-06	-0.0212472
-1.150323e-06	-0.0211824
-1.148323e-06	-0.0211176
-1.146323e-06	-0.0212472
-1.144323e-06	-0.0211824
-1.142323e-06	-0.0207612
-1.140323e-06	-0.020502
-1.138323e-06	-0.0207612
-1.136323e-06	-0.0205668
-1.134323e-06	-0.0206964
-1.132323e-06	-0.0205668
-1.130323e-06	-0.0204696
-1.128323e-06	-0.0202752
-1.126323e-06	-0.0202428
-1.124323e-06	-0.0198864
-1.122323e-06	-0.0193356
-1.120323e-06	-0.0192384
-1.118323e-06	-0.0193356
-1.116323e-06	-0.018882
-1.114323e-06	-0.0187848
-1.112323e-06	-0.0185256
-1.110323e-06	-0.0189792
-1.108323e-06	-0.0184932
-1.106323e-06	-0.0187524
-1.104323e-06	-0.0183312
-1.102323e-06	-0.0183636
-1.100323e-06	-0.0182016
-1.098323e-06	-0.0183312
-1.096323e-06	-0.0177156
-1.094323e-06	-0.0173592
-1.092323e-06	-0.0168408
-1.090323e-06	-0.016776
-1.088323e-06	-0.0165492
-1.086323e-06	-0.0163872
-1.084323e-06	-0.0162576
-1.082323e-06	-0.016452
-1.080323e-06	-0.0167112
-1.078323e-06	-0.0166464
-1.076323e-06	-0.016452
-1.074323e-06	-0.0164844
-1.072323e-06	-0.0164844
-1.070323e-06	-0.0164844
-1.068323e-06	-0.01629
-1.066323e-06	-0.0165816
-1.064323e-06	-0.0164196
-1.062323e-06	-0.0165492
-1.060323e-06	-0.016938
-1.058323e-06	-0.0168408
-1.056323e-06	-0.017262
-1.054323e-06	-0.0172944
-1.052323e-06	-0.017262
-1.050323e-06	-0.017424
-1.048323e-06	-0.0175536
-1.046323e-06	-0.0177804
-1.044323e-06	-0.0181368
-1.042323e-06	-0.0182988
-1.040323e-06	-0.0178452
-1.038323e-06	-0.0181692
-1.036323e-06	-0.0182988
-1.034323e-06	-0.0187524
-1.032323e-06	-0.0186552
-1.030323e-06	-0.0189792
-1.028323e-06	-0.018882
-1.026323e-06	-0.0194652
-1.024323e-06	-0.0194976
-1.022323e-06	-0.0194652
-1.020323e-06	-0.0189468
-1.018323e-06	-0.0193356
-1.016323e-06	-0.019368
-1.014323e-06	-0.0191736
-1.012323e-06	-0.0189792
-1.010323e-06	-0.019206
-1.008323e-06	-0.0192384
-1.006323e-06	-0.0194652
-1.004323e-06	-0.018882
-1.002323e-06	-0.019044
-1.000323e-06	-0.0188496
-9.983232e-07	-0.018882
-9.963232e-07	-0.018882
-9.943232e-07	-0.019368
-9.923232e-07	-0.0195624
-9.903232e-07	-0.0193356
-9.883232e-07	-0.019206
-9.863232e-07	-0.0191412
-9.843232e-07	-0.0191088
-9.823232e-07	-0.0194328
-9.803232e-07	-0.019206
-9.783232e-07	-0.0195948
-9.763232e-07	-0.0194652
-9.743232e-07	-0.0194652
-9.723232e-07	-0.0194004
-9.703232e-07	-0.0194976
-9.683232e-07	-0.01953
-9.663232e-07	-0.0192384
-9.643232e-07	-0.0189468
-9.623232e-07	-0.0190764
-9.603232e-07	-0.0184284
-9.583232e-07	-0.0184284
-9.563232e-07	-0.0181692
-9.543232e-07	-0.0180396
-9.523232e-07	-0.0177804
-9.503232e-07	-0.0179748
-9.483232e-07	-0.018072
-9.463232e-07	-0.0181044
-9.443232e-07	-0.018234
-9.423232e-07	-0.018396
-9.403232e-07	-0.0184932
-9.383232e-07	-0.0184932
-9.363232e-07	-0.0184608
-9.343232e-07	-0.0186876
-9.323232e-07	-0.01872
-9.303232e-07	-0.0188172
-9.283232e-07	-0.0186228
-9.263232e-07	-0.0186228
-9.243232e-07	-0.0188496
-9.223232e-07	-0.0191412
-9.203232e-07	-0.0189468
-9.183232e-07	-0.019206
-9.163232e-07	-0.019206
-9.143232e-07	-0.0196596
-9.123232e-07	-0.0194004
-9.103232e-07	-0.0189792
-9.083232e-07	-0.0186552
-9.063232e-07	-0.019206
-9.043232e-07	-0.019044
-9.023232e-07	-0.019044
-9.003232e-07	-0.0186552
-8.983232e-07	-0.0189468
-8.963232e-07	-0.0187848
-8.943232e-07	-0.0190116
-8.923232e-07	-0.0190116
-8.903232e-07	-0.0192708
-8.883232e-07	-0.019692
-8.863232e-07	-0.0195624
-8.843232e-07	-0.019206
-8.823232e-07	-0.0191736
-8.803232e-07	-0.0193356
-8.783232e-07	-0.019206
-8.763232e-07	-0.0189468
-8.743232e-07	-0.019044
-8.723232e-07	-0.0189144
-8.703232e-07	-0.0187848
-8.683232e-07	-0.0186876
-8.663232e-07	-0.0190764
-8.643232e-07	-0.0189792
-8.623232e-07	-0.0188496
-8.603232e-07	-0.0185904
-8.583232e-07	-0.0186552
-8.563232e-07	-0.0186876
-8.543232e-07	-0.0191088
-8.523232e-07	-0.0189144
-8.503232e-07	-0.0187524
-8.483232e-07	-0.018882
-8.463232e-07	-0.0189792
-8.443232e-07	-0.0183312
-8.423232e-07	-0.0185904
-8.403232e-07	-0.0186876
-8.383232e-07	-0.01872
-8.363232e-07	-0.018558
-8.343232e-07	-0.0184932
-8.323232e-07	-0.0183636
-8.303232e-07	-0.0184932
-8.283232e-07	-0.0183312
-8.263232e-07	-0.0184608
-8.243232e-07	-0.0185904
-8.223232e-07	-0.0184284
-8.203232e-07	-0.0184932
-8.183232e-07	-0.0186876
-8.163232e-07	-0.0185904
-8.143232e-07	-0.0188172
-8.123232e-07	-0.0187848
-8.103232e-07	-0.0192708
-8.083232e-07	-0.019368
-8.063232e-07	-0.0192384
-8.043232e-07	-0.0194328
-8.023232e-07	-0.0196596
-8.003232e-07	-0.0194652
-7.983232e-07	-0.0200808
-7.963232e-07	-0.0202104
-7.943232e-07	-0.0200808
-7.923232e-07	-0.02034
-7.903232e-07	-0.0206964
-7.883232e-07	-0.0205344
-7.863232e-07	-0.0206316
-7.843232e-07	-0.020826
-7.823232e-07	-0.0206964
-7.803232e-07	-0.0207288
-7.783232e-07	-0.02115
-7.763232e-07	-0.02115
-7.743232e-07	-0.0210528
-7.723232e-07	-0.0206316
-7.703232e-07	-0.0204372
-7.683232e-07	-0.0199836
-7.663232e-07	-0.0202752
-7.643232e-07	-0.0199188
-7.623232e-07	-0.0199188
-7.603232e-07	-0.019692
-7.583232e-07	-0.0196596
-7.563232e-07	-0.0189144
-7.543232e-07	-0.0189792
-7.523232e-07	-0.0188172
-7.503232e-07	-0.018558
-7.483232e-07	-0.0182016
-7.463232e-07	-0.0179424
-7.443232e-07	-0.0178452
-7.423232e-07	-0.0178452
-7.403232e-07	-0.0175536
-7.383232e-07	-0.0176184
-7.363232e-07	-0.0177156
-7.343232e-07	-0.017586
-7.323232e-07	-0.0172944
-7.303232e-07	-0.0178128
-7.283232e-07	-0.0180396
-7.263232e-07	-0.018072
-7.243232e-07	-0.0180396
-7.223232e-07	-0.018072
-7.203232e-07	-0.0180072
-7.183232e-07	-0.018234
-7.163232e-07	-0.0182988
-7.143232e-07	-0.0186552
-7.123232e-07	-0.0187524
-7.103232e-07	-0.0190116
-7.083232e-07	-0.0187848
-7.063232e-07	-0.0191088
-7.043232e-07	-0.0189468
-7.023232e-07	-0.0189144
-7.003232e-07	-0.0189144
-6.983232e-07	-0.0192708
-6.963232e-07	-0.0195624
-6.943232e-07	-0.0196596
-6.923232e-07	-0.019692
-6.903232e-07	-0.0196596
-6.883232e-07	-0.0196272
-6.863232e-07	-0.0197892
-6.843232e-07	-0.019854
-6.823232e-07	-0.0204696
-6.803232e-07	-0.020664
-6.783232e-07	-0.020664
-6.763232e-07	-0.020664
-6.743232e-07	-0.0208908
-6.723232e-07	-0.020826
-6.703232e-07	-0.0207288
-6.683232e-07	-0.0208584
-6.663232e-07	-0.0211824
-6.643232e-07	-0.0211824
-6.623232e-07	-0.021312
-6.603232e-07	-0.0213444
-6.583232e-07	-0.0217008
-6.563232e-07	-0.0215712
-6.543232e-07	-0.0215712
-6.523232e-07	-0.0211824
-6.503232e-07	-0.021474
-6.483232e-07	-0.0210852
-6.463232e-07	-0.0210528
-6.443232e-07	-0.0211176
-6.423232e-07	-0.0211824
-6.403232e-07	-0.0210528
-6.383232e-07	-0.020988
-6.363232e-07	-0.0206316
-6.343232e-07	-0.0208908
-6.323232e-07	-0.0209232
-6.303232e-07	-0.020826
-6.283232e-07	-0.0203076
-6.263232e-07	-0.0199836
-6.243232e-07	-0.0200808
-6.223232e-07	-0.0200808
-6.203232e-07	-0.0195624
-6.183232e-07	-0.0197244
-6.163232e-07	-0.0194976
-6.143232e-07	-0.019368
-6.123232e-07	-0.019206
-6.103232e-07	-0.0187848
-6.083232e-07	-0.0183312
-6.063232e-07	-0.0182988
-6.043232e-07	-0.018234
-6.023232e-07	-0.018396
-6.003232e-07	-0.0183636
-5.983232e-07	-0.018558
-5.963232e-07	-0.0188172
-5.943232e-07	-0.0191736
-5.923232e-07	-0.0191736
-5.903232e-07	-0.0189144
-5.883232e-07	-0.018882
-5.863232e-07	-0.0188496
-5.843232e-07	-0.018882
-5.823232e-07	-0.0188496
-5.803232e-07	-0.0190116
-5.783232e-07	-0.0194328
-5.763232e-07	-0.019206
-5.743232e-07	-0.0197568
-5.723232e-07	-0.01953
-5.703232e-07	-0.0201132
-5.683232e-07	-0.0201456
-5.663232e-07	-0.0204048
-5.643232e-07	-0.0204372
-5.623232e-07	-0.0208584
-5.603232e-07	-0.0209232
-5.583232e-07	-0.0208584
-5.563232e-07	-0.0209232
-5.543232e-07	-0.0216684
-5.523232e-07	-0.0215712
-5.503232e-07	-0.021474
-5.483232e-07	-0.0211176
-5.463232e-07	-0.0213444
-5.443232e-07	-0.0216036
-5.423232e-07	-0.0215064
-5.403232e-07	-0.021474
-5.383232e-07	-0.021636
-5.363232e-07	-0.0211824
-5.343232e-07	-0.0213768
-5.323232e-07	-0.0208584
-5.303232e-07	-0.0210528
-5.283232e-07	-0.0210204
-5.263232e-07	-0.0207612
-5.243232e-07	-0.0204048
-5.223232e-07	-0.0204372
-5.203232e-07	-0.0205992
-5.183232e-07	-0.0204372
-5.163232e-07	-0.0202428
-5.143232e-07	-0.0205992
-5.123232e-07	-0.0204372
-5.103232e-07	-0.0205668
-5.083232e-07	-0.0204696
-5.063232e-07	-0.02034
-5.043232e-07	-0.0204372
-5.023232e-07	-0.020178
-5.003232e-07	-0.0203724
-4.983232e-07	-0.020178
-4.963232e-07	-0.0196596
-4.943232e-07	-0.0196272
-4.923232e-07	-0.0194652
-4.903232e-07	-0.0196272
-4.883232e-07	-0.0197244
-4.863232e-07	-0.02034
-4.843232e-07	-0.0206964
-4.823232e-07	-0.0204696
-4.803232e-07	-0.020502
-4.783232e-07	-0.0205668
-4.763232e-07	-0.019854
-4.743232e-07	-0.0196272
-4.723232e-07	-0.01953
-4.703232e-07	-0.0193356
-4.683232e-07	-0.0184284
-4.663232e-07	-0.0179748
-4.643232e-07	-0.0178776
-4.623232e-07	-0.017424
-4.603232e-07	-0.0173268
-4.583232e-07	-0.0172296
-4.563232e-07	-0.0167436
-4.543232e-07	-0.0169056
-4.523232e-07	-0.0165492
-4.503232e-07	-0.0168408
-4.483232e-07	-0.0170028
-4.463232e-07	-0.0173268
-4.443232e-07	-0.017424
-4.423232e-07	-0.0176832
-4.403232e-07	-0.0171648
-4.383232e-07	-0.0174888
-4.363232e-07	-0.0173268
-4.343232e-07	-0.0173268
-4.323232e-07	-0.0173268
-4.303232e-07	-0.0172296
-4.283232e-07	-0.016938
-4.263232e-07	-0.0171324
-4.243232e-07	-0.0171
-4.223232e-07	-0.0173268
-4.203232e-07	-0.0173268
-4.183232e-07	-0.0176184
-4.163232e-07	-0.0174564
-4.143232e-07	-0.0172944
-4.123232e-07	-0.0171648
-4.103232e-07	-0.0176508
-4.083232e-07	-0.0176184
-4.063232e-07	-0.0180072
-4.043232e-07	-0.0180396
-4.023232e-07	-0.0181044
-4.003232e-07	-0.017748
-3.983232e-07	-0.0183312
-3.963232e-07	-0.0181044
-3.943232e-07	-0.0182664
-3.923232e-07	-0.0181692
-3.903232e-07	-0.0181692
-3.883232e-07	-0.0178776
-3.863232e-07	-0.018072
-3.843232e-07	-0.0179748
-3.823232e-07	-0.018072
-3.803232e-07	-0.0180396
-3.783232e-07	-0.018072
-3.763232e-07	-0.0179748
-3.743232e-07	-0.018234
-3.723232e-07	-0.018072
-3.703232e-07	-0.0185256
-3.683232e-07	-0.0183312
-3.663232e-07	-0.0188172
-3.643232e-07	-0.0190116
-3.623232e-07	-0.019368
-3.603232e-07	-0.019368
-3.583232e-07	-0.0198864
-3.563232e-07	-0.0195624
-3.543232e-07	-0.019692
-3.523232e-07	-0.019854
-3.503232e-07	-0.019692
-3.483232e-07	-0.0197244
-3.463232e-07	-0.020016
-3.443232e-07	-0.019692
-3.423232e-07	-0.0199512
-3.403232e-07	-0.019854
-3.383232e-07	-0.0201456
-3.363232e-07	-0.0205344
-3.343232e-07	-0.0207288
-3.323232e-07	-0.0207612
-3.303232e-07	-0.0215064
-3.283232e-07	-0.0213768
-3.263232e-07	-0.0215388
-3.243232e-07	-0.0216684
-3.223232e-07	-0.022122
-3.203232e-07	-0.022122
-3.183232e-07	-0.0218952
-3.163232e-07	-0.0216684
-3.143232e-07	-0.021798
-3.123232e-07	-0.0218628
-3.103232e-07	-0.0217332
-3.083232e-07	-0.0217008
-3.063232e-07	-0.0220572
-3.043232e-07	-0.02196
-3.023232e-07	-0.0218628
-3.003232e-07	-0.0218952
-2.983232e-07	-0.0218304
-2.963232e-07	-0.0217008
-2.943232e-07	-0.0217008
-2.923232e-07	-0.021798
-2.903232e-07	-0.0218952
-2.883232e-07	-0.0220572
-2.863232e-07	-0.0219924
-2.843232e-07	-0.0220248
-2.823232e-07	-0.0224136
-2.803232e-07	-0.0222516
-2.783232e-07	-0.0223164
-2.763232e-07	-0.0224784
-2.743232e-07	-0.0223488
-2.723232e-07	-0.0218952
-2.703232e-07	-0.0221544
-2.683232e-07	-0.0220248
-2.663232e-07	-0.0222192
-2.643232e-07	-0.0217332
-2.623232e-07	-0.0217656
-2.603232e-07	-0.0216036
-2.583232e-07	-0.0217656
-2.563232e-07	-0.0218952
-2.543232e-07	-0.0219276
-2.523232e-07	-0.0218628
-2.503232e-07	-0.0220248
-2.483232e-07	-0.0219276
-2.463232e-07	-0.0222192
-2.443232e-07	-0.022122
-2.423232e-07	-0.0222516
-2.403232e-07	-0.0224136
-2.383232e-07	-0.0222192
-2.363232e-07	-0.0221868
-2.343232e-07	-0.0220572
-2.323232e-07	-0.0219924
-2.303232e-07	-0.0220572
-2.283232e-07	-0.0222192
-2.263232e-07	-0.022446
-2.243232e-07	-0.0223164
-2.223232e-07	-0.0219924
-2.203232e-07	-0.02196
-2.183232e-07	-0.0218952
-2.163232e-07	-0.0220248
-2.143232e-07	-0.0220572
-2.123232e-07	-0.0218952
-2.103232e-07	-0.0218304
-2.083232e-07	-0.0215064
-2.063232e-07	-0.0213444
-2.043232e-07	-0.0212472
-2.023232e-07	-0.0214092
-2.003232e-07	-0.0212796
-1.983232e-07	-0.021474
-1.963232e-07	-0.0212796
-1.943232e-07	-0.02115
-1.923232e-07	-0.0214092
-1.903232e-07	-0.0213768
-1.883232e-07	-0.021798
-1.863232e-07	-0.0223164
-1.843232e-07	-0.0219276
-1.823232e-07	-0.0218628
-1.803232e-07	-0.0217332
-1.783232e-07	-0.0218304
-1.763232e-07	-0.0217008
-1.743232e-07	-0.0212796
-1.723232e-07	-0.0213444
-1.703232e-07	-0.0212796
-1.683232e-07	-0.0213444
-1.663232e-07	-0.0210204
-1.643232e-07	-0.0207612
-1.623232e-07	-0.021312
-1.603232e-07	-0.0215064
-1.583232e-07	-0.0213768
-1.563232e-07	-0.0212796
-1.543232e-07	-0.0217656
-1.523232e-07	-0.0220896
-1.503232e-07	-0.0218304
-1.483232e-07	-0.0217008
-1.463232e-07	-0.0215064
-1.443232e-07	-0.0216036
-1.423232e-07	-0.02196
-1.403232e-07	-0.0220896
-1.383232e-07	-0.0223488
-1.363232e-07	-0.0224136
-1.343232e-07	-0.022446
-1.323232e-07	-0.0222192
-1.303232e-07	-0.022122
-1.283232e-07	-0.0221544
-1.263232e-07	-0.0221544
-1.243232e-07	-0.0217656
-1.223232e-07	-0.0217656
-1.203232e-07	-0.0216684
-1.183232e-07	-0.02196
-1.163232e-07	-0.0217008
-1.143232e-07	-0.0216684
-1.123232e-07	-0.0221544
-1.103232e-07	-0.0222516
-1.083232e-07	-0.0225432
-1.063232e-07	-0.02277
-1.043232e-07	-0.0224784
-1.023232e-07	-0.0228024
-1.003232e-07	-0.022932
-9.832322e-08	-0.0231264
-9.632322e-08	-0.0235152
-9.432322e-08	-0.023418
-9.232322e-08	-0.0231588
-9.032322e-08	-0.0236772
-8.832322e-08	-0.0234504
-8.632322e-08	-0.0230292
-8.432322e-08	-0.0225432
-8.232322e-08	-0.022446
-8.032322e-08	-0.022122
-7.832322e-08	-0.0218952
-7.632322e-08	-0.0220248
-7.432322e-08	-0.0218952
-7.232322e-08	-0.021312
-7.032322e-08	-0.0210852
-6.832322e-08	-0.0207612
-6.632322e-08	-0.0207612
-6.432322e-08	-0.0205992
-6.232322e-08	-0.0205992
-6.032322e-08	-0.0207288
-5.832322e-08	-0.02115
-5.632322e-08	-0.0208908
-5.432322e-08	-0.0207288
-5.232322e-08	-0.0206964
-5.032322e-08	-0.0212148
-4.832322e-08	-0.0214416
-4.632322e-08	-0.0216684
-4.432322e-08	-0.0212796
-4.232322e-08	-0.021312
-4.032322e-08	-0.0215388
-3.832322e-08	-0.0218304
-3.632322e-08	-0.0213768
-3.432322e-08	-0.0214092
-3.232322e-08	-0.0215388
-3.032322e-08	-0.0216036
-2.832322e-08	-0.02115
-2.632322e-08	-0.021312
-2.432322e-08	-0.0213444
-2.232322e-08	-0.0210852
-2.032322e-08	-0.0208584
-1.832322e-08	-0.020826
-1.632322e-08	-0.0209556
-1.432322e-08	-0.0208584
-1.232322e-08	-0.0207612
-1.032322e-08	-0.021312
-8.323221e-09	-0.021474
-6.323221e-09	-0.021312
-4.323221e-09	-0.021636
-2.323221e-09	-0.0220896
-3.232211e-10	-0.0219924
1.676779e-09	-0.0218628
3.676779e-09	-0.0220896
5.676779e-09	-0.0223164
7.676779e-09	-0.022446
9.676779e-09	-0.0223488
1.167678e-08	-0.0223812
1.367678e-08	-0.0226404
1.567678e-08	-0.0226404
1.767678e-08	-0.0226404
1.967678e-08	-0.0226728
2.167678e-08	-0.0228672
2.367678e-08	-0.0228996
2.567678e-08	-0.0231588
2.767678e-08	-0.0229644
2.967678e-08	-0.0231264
3.167678e-08	-0.0228996
3.367678e-08	-0.02277
3.567678e-08	-0.0224784
3.767678e-08	-0.0225108
3.967678e-08	-0.0223164
4.167678e-08	-0.0225432
4.367678e-08	-0.0224784
4.567678e-08	-0.0225432
4.767678e-08	-0.022122
4.967678e-08	-0.022284
5.167678e-08	-0.0220248
5.367678e-08	-0.0222192
5.567678e-08	-0.0219924
5.767678e-08	-0.0217008
5.967678e-08	-0.0216036
6.167678e-08	-0.021798
6.367678e-08	-0.021636
6.567678e-08	-0.0211824
6.767678e-08	-0.0209232
6.967678e-08	-0.0208908
7.167678e-08	-0.0207612
7.367678e-08	-0.0202752
7.567678e-08	-0.0204372
7.767678e-08	-0.0204696
7.967678e-08	-0.020178
8.167678e-08	-0.0199512
8.367678e-08	-0.0196272
8.567678e-08	-0.019692
8.767678e-08	-0.019368
8.967678e-08	-0.019206
9.167678e-08	-0.0191412
9.367678e-08	-0.0187524
9.567678e-08	-0.018396
9.767678e-08	-0.0183636
9.967678e-08	-0.0181368
1.016768e-07	-0.0182664
1.036768e-07	-0.0182664
1.056768e-07	-0.0181044
1.076768e-07	-0.0178776
1.096768e-07	-0.0178776
1.116768e-07	-0.0176508
1.136768e-07	-0.0175212
1.156768e-07	-0.0175212
1.176768e-07	-0.0182016
1.196768e-07	-0.01791
1.216768e-07	-0.01791
1.236768e-07	-0.0177804
1.256768e-07	-0.0178776
1.276768e-07	-0.0178128
1.296768e-07	-0.018234
1.316768e-07	-0.0180396
1.336768e-07	-0.0176832
1.356768e-07	-0.016614
1.376768e-07	-0.0145404
1.396768e-07	-0.0105228
1.416768e-07	-0.0071856
1.436768e-07	-0.0029736
1.456768e-07	0.0010116
1.476768e-07	0.0053532
1.496768e-07	0.0088524
1.516768e-07	0.0118008
1.536768e-07	0.0153972
1.556768e-07	0.0184752
1.576768e-07	0.0214236
1.596768e-07	0.0239184
1.616768e-07	0.0260568
1.636768e-07	0.0283572
1.656768e-07	0.0301716
1.676768e-07	0.0320832
1.696768e-07	0.0329256
1.716768e-07	0.0340272
1.736768e-07	0.0348696
1.756768e-07	0.0357768
1.776768e-07	0.0361332
1.796768e-07	0.0366516
1.816768e-07	0.036846
1.836768e-07	0.037008
1.856768e-07	0.03717
1.876768e-07	0.0372348
1.896768e-07	0.0367488
1.916768e-07	0.0366516
1.936768e-07	0.0359712
1.956768e-07	0.0355176
1.976768e-07	0.0347724
1.996768e-07	0.034254
2.016768e-07	0.0335088
2.036768e-07	0.0328932
2.056768e-07	0.0315324
2.076768e-07	0.0310464
2.096768e-07	0.02988
2.116768e-07	0.0291672
2.136768e-07	0.0283248
2.156768e-07	0.027612
2.176768e-07	0.02664
2.196768e-07	0.0254736
2.216768e-07	0.024534
2.236768e-07	0.023886
2.256768e-07	0.0226548
2.276768e-07	0.0220068
2.296768e-07	0.0210996
2.316768e-07	0.0203544
2.336768e-07	0.0191556
2.356768e-07	0.0181188
2.376768e-07	0.0171144
2.396768e-07	0.0167256
2.416768e-07	0.0155916
2.436768e-07	0.0148464
2.456768e-07	0.0141336
2.476768e-07	0.0133236
2.496768e-07	0.0123192
2.516768e-07	0.0117684
2.536768e-07	0.010926
2.556768e-07	0.0102132
2.576768e-07	0.0094032
2.596768e-07	0.0087228
2.616768e-07	0.0077832
2.636768e-07	0.0071028
2.656768e-07	0.0065196
2.676768e-07	0.0059364
2.696768e-07	0.0049644
2.716768e-07	0.0040896
2.736768e-07	0.0033444
2.756768e-07	0.0026964
2.776768e-07	0.0022752
2.796768e-07	0.0017568
2.816768e-07	0.0013356
2.836768e-07	0.0009468
2.856768e-07	0.0002664
2.876768e-07	-0.0002196
2.896768e-07	-0.0003816
2.916768e-07	-0.0006408
2.936768e-07	-0.0011916
2.956768e-07	-0.0013212
2.976768e-07	-0.0015804
2.996768e-07	-0.0017424
3.016768e-07	-0.0025524
3.036768e-07	-0.0030384
3.056768e-07	-0.0034272
3.076768e-07	-0.0034272
3.096768e-07	-0.0037836
3.116768e-07	-0.0039456
3.136768e-07	-0.0042372
3.156768e-07	-0.0042372
3.176768e-07	-0.0044964
3.196768e-07	-0.0042048
3.216768e-07	-0.0047232
3.236768e-07	-0.004788
3.256768e-07	-0.005598
3.276768e-07	-0.005598
3.296768e-07	-0.0061164
3.316768e-07	-0.0062136
3.336768e-07	-0.006732
3.356768e-07	-0.0068292
3.376768e-07	-0.0071208
3.396768e-07	-0.0071532
3.416768e-07	-0.0073476
3.436768e-07	-0.0072504
3.456768e-07	-0.0074124
3.476768e-07	-0.0074124
3.496768e-07	-0.0076068
3.516768e-07	-0.0077364
3.536768e-07	-0.0077364
3.556768e-07	-0.0075096
3.576768e-07	-0.007704
3.596768e-07	-0.0077364
3.616768e-07	-0.0078336
3.636768e-07	-0.0080928
3.656768e-07	-0.0085788
3.676768e-07	-0.0085788
3.696768e-07	-0.0087732
3.716768e-07	-0.0088056
3.736768e-07	-0.0090324
3.756768e-07	-0.0088704
3.776768e-07	-0.009162
3.796768e-07	-0.0092268
3.816768e-07	-0.009648
3.836768e-07	-0.009972
3.856768e-07	-0.0103284
3.876768e-07	-0.0105552
3.896768e-07	-0.010782
3.916768e-07	-0.0110412
3.936768e-07	-0.0112356
3.956768e-07	-0.0116244
3.976768e-07	-0.011754
3.996768e-07	-0.0121104
4.016768e-07	-0.01224
4.036768e-07	-0.0120132
4.056768e-07	-0.0121752
4.076768e-07	-0.0121752
4.096768e-07	-0.0121428
4.116768e-07	-0.0121104
4.136768e-07	-0.0125316
4.156768e-07	-0.0126936
4.176768e-07	-0.0128556
4.196768e-07	-0.0126936
4.216768e-07	-0.01305
4.236768e-07	-0.0130824
4.256768e-07	-0.0130176
4.276768e-07	-0.0129528
4.296768e-07	-0.0127584
4.316768e-07	-0.0130824
4.336768e-07	-0.0130176
4.356768e-07	-0.0134388
4.376768e-07	-0.0137952
4.396768e-07	-0.0141516
4.416768e-07	-0.014508
4.436768e-07	-0.0145404
4.456768e-07	-0.014832
4.476768e-07	-0.0148644
4.496768e-07	-0.0150264
4.516768e-07	-0.0151236
4.536768e-07	-0.0157392
4.556768e-07	-0.0156096
4.576768e-07	-0.01629
4.596768e-07	-0.0163548
4.616768e-07	-0.0164844
4.636768e-07	-0.0167112
4.656768e-07	-0.0172296
4.676768e-07	-0.0171
4.696768e-07	-0.0176832
4.716768e-07	-0.0178128
4.736768e-07	-0.0181368
4.756768e-07	-0.0180396
4.776768e-07	-0.0181044
4.796768e-07	-0.0181044
4.816768e-07	-0.0184608
4.836768e-07	-0.0186876
4.856768e-07	-0.0189144
4.876768e-07	-0.0187848
4.896768e-07	-0.01872
4.916768e-07	-0.0183636
4.936768e-07	-0.0189144
4.956768e-07	-0.0190116
4.976768e-07	-0.0191736
4.996768e-07	-0.0191412
5.016768e-07	-0.0194976
5.036768e-07	-0.0197892
5.056768e-07	-0.0199836
5.076768e-07	-0.0194652
5.096768e-07	-0.0195948
5.116768e-07	-0.0196272
5.136768e-07	-0.0197568
5.156768e-07	-0.0196596
5.176768e-07	-0.020016
5.196768e-07	-0.0199512
5.216768e-07	-0.019854
5.236768e-07	-0.0196596
5.256768e-07	-0.0195624
5.276768e-07	-0.0195624
5.296768e-07	-0.0194652
5.316768e-07	-0.01953
5.336768e-07	-0.01953
5.356768e-07	-0.0194328
5.376768e-07	-0.0194976
5.396768e-07	-0.0194004
5.416768e-07	-0.0194004
5.436768e-07	-0.018882
5.456768e-07	-0.0189468
5.476768e-07	-0.0187524
5.496768e-07	-0.0191736
5.516768e-07	-0.0187848
5.536768e-07	-0.0188172
5.556768e-07	-0.018882
5.576768e-07	-0.0191736
5.596768e-07	-0.019368
5.616768e-07	-0.0194004
5.636768e-07	-0.0189792
5.656768e-07	-0.0193356
5.676768e-07	-0.0191412
5.696768e-07	-0.0191412
5.716768e-07	-0.0194004
5.736768e-07	-0.0195624
5.756768e-07	-0.0194976
5.776768e-07	-0.0195624
5.796768e-07	-0.0194976
5.816768e-07	-0.0197892
5.836768e-07	-0.019368
5.856768e-07	-0.0195624
5.876768e-07	-0.0193356
5.896768e-07	-0.0193032
5.916768e-07	-0.0192384
5.936768e-07	-0.0192384
5.956768e-07	-0.0190116
5.976768e-07	-0.0195948
5.996768e-07	-0.0192384
6.016768e-07	-0.0192708
6.036768e-07	-0.0191412
6.056768e-07	-0.019044
6.076768e-07	-0.0189792
6.096768e-07	-0.0190116
6.116768e-07	-0.0184932
6.136768e-07	-0.0185256
6.156768e-07	-0.0184608
6.176768e-07	-0.0183636
6.196768e-07	-0.0182664
6.216768e-07	-0.0184608
6.236768e-07	-0.018234
6.256768e-07	-0.018072
6.276768e-07	-0.01791
6.296768e-07	-0.018072
6.316768e-07	-0.0178776
6.336768e-07	-0.0182016
6.356768e-07	-0.0181368
6.376768e-07	-0.0182664
6.396768e-07	-0.0181692
6.416768e-07	-0.0181692
6.436768e-07	-0.0179424
6.456768e-07	-0.0184284
6.476768e-07	-0.0186552
6.496768e-07	-0.018558
6.516768e-07	-0.0185256
6.536768e-07	-0.01872
6.556768e-07	-0.0185904
6.576768e-07	-0.0192384
6.596768e-07	-0.0189468
6.616768e-07	-0.0194328
6.636768e-07	-0.0197892
6.656768e-07	-0.0204048
6.676768e-07	-0.0203076
6.696768e-07	-0.020988
6.716768e-07	-0.0208908
6.736768e-07	-0.0212472
6.756768e-07	-0.0212796
6.776768e-07	-0.021474
6.796768e-07	-0.021474
6.816768e-07	-0.0214416
6.836768e-07	-0.0212472
6.856768e-07	-0.0214416
6.876768e-07	-0.021312
6.896768e-07	-0.0214416
6.916768e-07	-0.021474
6.936768e-07	-0.0220572
6.956768e-07	-0.0217332
6.976768e-07	-0.0217008
6.996768e-07	-0.0216684
7.016768e-07	-0.0217008
7.036768e-07	-0.0215388
7.056768e-07	-0.0215712
7.076768e-07	-0.0214416
7.096768e-07	-0.021798
7.116768e-07	-0.021636
7.136768e-07	-0.0217008
7.156768e-07	-0.0213768
7.176768e-07	-0.0215388
7.196768e-07	-0.0216036
7.216768e-07	-0.0211824
7.236768e-07	-0.0210852
7.256768e-07	-0.02115
7.276768e-07	-0.0209556
7.296768e-07	-0.02115
7.316768e-07	-0.02115
7.336768e-07	-0.021474
7.356768e-07	-0.021312
7.376768e-07	-0.0212148
7.396768e-07	-0.0209556
7.416768e-07	-0.0209556
7.436768e-07	-0.0207936
7.456768e-07	-0.0204048
7.476768e-07	-0.0199188
7.496768e-07	-0.0201456
7.516768e-07	-0.0201456
7.536768e-07	-0.019854
7.556768e-07	-0.019692
7.576768e-07	-0.0201456
7.596768e-07	-0.0202104
7.616768e-07	-0.0201456
7.636768e-07	-0.02034
7.656768e-07	-0.0204048
7.676768e-07	-0.0201456
7.696768e-07	-0.0202104
7.716768e-07	-0.0198216
7.736768e-07	-0.0199836
7.756768e-07	-0.0197892
7.776768e-07	-0.0200484
7.796768e-07	-0.019692
7.816768e-07	-0.0198864
7.836768e-07	-0.0198864
7.856768e-07	-0.020016
7.876768e-07	-0.0202428
7.896768e-07	-0.020178
7.916768e-07	-0.020016
7.936768e-07	-0.0202752
7.956768e-07	-0.020502
7.976768e-07	-0.020502
7.996768e-07	-0.0202752
8.016768e-07	-0.0199188
8.036768e-07	-0.0196596
8.056768e-07	-0.0201132
8.076768e-07	-0.020178
8.096768e-07	-0.0200808
8.116768e-07	-0.0198864
8.136768e-07	-0.0202104
8.156768e-07	-0.0200808
8.176768e-07	-0.0198216
8.196768e-07	-0.0196272
8.216768e-07	-0.0201132
8.236768e-07	-0.020178
8.256768e-07	-0.0204372
8.276768e-07	-0.0199188
8.296768e-07	-0.020016
8.316768e-07	-0.0200484
8.336768e-07	-0.0205668
8.356768e-07	-0.0204696
8.376768e-07	-0.0203076
8.396768e-07	-0.0201456
8.416768e-07	-0.0202428
8.436768e-07	-0.0198216
8.456768e-07	-0.0199836
8.476768e-07	-0.0197892
8.496768e-07	-0.0198216
8.516768e-07	-0.0197244
8.536768e-07	-0.0194976
8.556768e-07	-0.0194004
8.576768e-07	-0.0188172
8.596768e-07	-0.0185256
8.616768e-07	-0.0183312
8.636768e-07	-0.0180396
8.656768e-07	-0.0181368
8.676768e-07	-0.0179748
8.696768e-07	-0.0178128
8.716768e-07	-0.0178776
8.736768e-07	-0.0179424
8.756768e-07	-0.0178128
8.776768e-07	-0.0182016
8.796768e-07	-0.0178128
8.816768e-07	-0.0176184
8.836768e-07	-0.0175536
8.856768e-07	-0.0180396
8.876768e-07	-0.0178452
8.896768e-07	-0.0177804
8.916768e-07	-0.0177156
8.936768e-07	-0.018396
8.956768e-07	-0.018396
8.976768e-07	-0.0182988
8.996768e-07	-0.0180396
9.016768e-07	-0.0180072
9.036768e-07	-0.0176508
9.056768e-07	-0.0176184
9.076768e-07	-0.0174564
9.096768e-07	-0.0175212
9.116768e-07	-0.0175212
9.136768e-07	-0.017748
9.156768e-07	-0.0178452
9.176768e-07	-0.018072
9.196768e-07	-0.0178776
9.216768e-07	-0.0178452
9.236768e-07	-0.0178128
9.256768e-07	-0.018396
9.276768e-07	-0.0181368
9.296768e-07	-0.0179424
9.316768e-07	-0.017748
9.336768e-07	-0.0179424
9.356768e-07	-0.0182988
9.376768e-07	-0.0186876
9.396768e-07	-0.018558
9.416768e-07	-0.0187524
9.436768e-07	-0.0186228
9.456768e-07	-0.0192384
9.476768e-07	-0.0191412
9.496768e-07	-0.0192708
9.516768e-07	-0.0191088
9.536768e-07	-0.0191412
9.556768e-07	-0.0191736
9.576768e-07	-0.0190764
9.596768e-07	-0.0189792
9.616768e-07	-0.0189792
9.636768e-07	-0.0185904
9.656768e-07	-0.0187848
9.676768e-07	-0.0185904
9.696768e-07	-0.0188172
9.716768e-07	-0.0186876
9.736768e-07	-0.0195624
9.756768e-07	-0.0197244
9.776768e-07	-0.0196596
9.796768e-07	-0.019692
9.816768e-07	-0.0198864
9.836768e-07	-0.0198216
9.856768e-07	-0.0197568
9.876768e-07	-0.0198216
9.896768e-07	-0.0204696
9.916768e-07	-0.0204696
9.936768e-07	-0.0205992
9.956768e-07	-0.0205344
9.976768e-07	-0.0210528
9.996768e-07	-0.0209232
1.001677e-06	-0.0209232
1.003677e-06	-0.0207612
1.005677e-06	-0.0212148
1.007677e-06	-0.020826
1.009677e-06	-0.0209232
1.011677e-06	-0.020988
1.013677e-06	-0.0214416
1.015677e-06	-0.021474
1.017677e-06	-0.0218304
1.019677e-06	-0.021798
1.021677e-06	-0.0220248
1.023677e-06	-0.0223164
1.025677e-06	-0.0224136
1.027677e-06	-0.0226404
1.029677e-06	-0.0227052
1.031677e-06	-0.0225432
1.033677e-06	-0.0228996
1.035677e-06	-0.0227376
1.037677e-06	-0.0230616
1.039677e-06	-0.0232236
1.041677e-06	-0.0233856
1.043677e-06	-0.023418
1.045677e-06	-0.022932
1.047677e-06	-0.0228348
1.049677e-06	-0.0231588
1.051677e-06	-0.0233208
1.053677e-06	-0.0235476
1.055677e-06	-0.0233856
1.057677e-06	-0.0229968
1.059677e-06	-0.0233856
1.061677e-06	-0.0238392
1.063677e-06	-0.0238068
1.065677e-06	-0.0236124
1.067677e-06	-0.023256
1.069677e-06	-0.0237744
1.071677e-06	-0.024066
1.073677e-06	-0.0239364
1.075677e-06	-0.0238716
1.077677e-06	-0.0239364
1.079677e-06	-0.0238392
1.081677e-06	-0.024066
1.083677e-06	-0.0233532
1.085677e-06	-0.02358
1.087677e-06	-0.0233532
1.089677e-06	-0.0230292
1.091677e-06	-0.0228672
1.093677e-06	-0.0229968
1.095677e-06	-0.0225756
1.097677e-06	-0.022284
1.099677e-06	-0.022122
1.101677e-06	-0.0221868
1.103677e-06	-0.0220572
1.105677e-06	-0.0218628
1.107677e-06	-0.0218952
1.109677e-06	-0.0218304
1.111677e-06	-0.0219276
1.113677e-06	-0.0217332
1.115677e-06	-0.021474
1.117677e-06	-0.0216036
1.119677e-06	-0.0217008
1.121677e-06	-0.021798
1.123677e-06	-0.021636
1.125677e-06	-0.021474
1.127677e-06	-0.0212796
1.129677e-06	-0.0211824
1.131677e-06	-0.0209556
1.133677e-06	-0.0212148
1.135677e-06	-0.0212472
1.137677e-06	-0.0212472
1.139677e-06	-0.0207936
1.141677e-06	-0.0208584
1.143677e-06	-0.0210528
1.145677e-06	-0.0214092
1.147677e-06	-0.0214092
1.149677e-06	-0.021798
1.151677e-06	-0.0219276
1.153677e-06	-0.02196
1.155677e-06	-0.0217656
1.157677e-06	-0.021798
1.159677e-06	-0.0216036
1.161677e-06	-0.0215064
1.163677e-06	-0.0209232
1.165677e-06	-0.0210528
1.167677e-06	-0.0210204
1.169677e-06	-0.020988
1.171677e-06	-0.0208908
1.173677e-06	-0.0209556
1.175677e-06	-0.0208584
1.177677e-06	-0.0204048
1.179677e-06	-0.0202428
1.181677e-06	-0.0204696
1.183677e-06	-0.020502
1.185677e-06	-0.0205344
1.187677e-06	-0.020502
1.189677e-06	-0.0204372
1.191677e-06	-0.0206316
1.193677e-06	-0.0204048
1.195677e-06	-0.0202752
1.197677e-06	-0.0205344
1.199677e-06	-0.0207612
1.201677e-06	-0.0210204
1.203677e-06	-0.0208584
1.205677e-06	-0.0211176
1.207677e-06	-0.0212148
1.209677e-06	-0.0210852
1.211677e-06	-0.0211824
1.213677e-06	-0.0212472
1.215677e-06	-0.0210852
1.217677e-06	-0.0211176
1.219677e-06	-0.0208908
1.221677e-06	-0.0209232
1.223677e-06	-0.0205344
1.225677e-06	-0.0204372
1.227677e-06	-0.0197892
1.229677e-06	-0.0199188
1.231677e-06	-0.0196272
1.233677e-06	-0.0195624
1.235677e-06	-0.01953
1.237677e-06	-0.0198216
1.239677e-06	-0.0194328
1.241677e-06	-0.0193032
1.243677e-06	-0.019206
1.245677e-06	-0.0196272
1.247677e-06	-0.0195624
1.249677e-06	-0.0195948
1.251677e-06	-0.0191412
1.253677e-06	-0.0192384
1.255677e-06	-0.0189468
1.257677e-06	-0.018882
1.259677e-06	-0.018882
1.261677e-06	-0.0188172
1.263677e-06	-0.0189144
1.265677e-06	-0.0184608
1.267677e-06	-0.0184284
1.269677e-06	-0.0184932
1.271677e-06	-0.0179748
1.273677e-06	-0.0181692
1.275677e-06	-0.01791
1.277677e-06	-0.0180396
1.279677e-06	-0.018072
1.281677e-06	-0.0183636
1.283677e-06	-0.0184932
1.285677e-06	-0.0185904
1.287677e-06	-0.0184608
1.289677e-06	-0.0185256
1.291677e-06	-0.0184932
1.293677e-06	-0.0187848
1.295677e-06	-0.018882
1.297677e-06	-0.019206
1.299677e-06	-0.0189468
1.301677e-06	-0.0191736
1.303677e-06	-0.0190116
1.305677e-06	-0.0189468
1.307677e-06	-0.0190116
1.309677e-06	-0.0191088
1.311677e-06	-0.0189468
1.313677e-06	-0.0186228
1.315677e-06	-0.0187848
1.317677e-06	-0.0191736
1.319677e-06	-0.0189792
1.321677e-06	-0.0191088
1.323677e-06	-0.0190116
1.325677e-06	-0.0191736
1.327677e-06	-0.0191088
1.329677e-06	-0.0194004
1.331677e-06	-0.0196596
1.333677e-06	-0.0199836
1.335677e-06	-0.0199836
1.337677e-06	-0.0200484
1.339677e-06	-0.0202428
1.341677e-06	-0.0202752
1.343677e-06	-0.0202428
1.345677e-06	-0.0201132
1.347677e-06	-0.0200808
1.349677e-06	-0.0204696
1.351677e-06	-0.0204372
1.353677e-06	-0.0207612
1.355677e-06	-0.020502
1.357677e-06	-0.020664
1.359677e-06	-0.0207612
1.361677e-06	-0.0210528
1.363677e-06	-0.0206964
1.365677e-06	-0.0205992
1.367677e-06	-0.0207612
1.369677e-06	-0.0206964
1.371677e-06	-0.0205344
1.373677e-06	-0.0209232
1.375677e-06	-0.0207288
1.377677e-06	-0.0207936
1.379677e-06	-0.0210852
1.381677e-06	-0.02115
1.383677e-06	-0.0212472
1.385677e-06	-0.0212796
1.387677e-06	-0.0210852
1.389677e-06	-0.020988
1.391677e-06	-0.0209232
1.393677e-06	-0.0207612
1.395677e-06	-0.0207288
1.397677e-06	-0.0208584
1.399677e-06	-0.020502
1.401677e-06	-0.0205344
1.403677e-06	-0.0201132
1.405677e-06	-0.02034
1.407677e-06	-0.0204696
1.409677e-06	-0.0202428
1.411677e-06	-0.0199188
1.413677e-06	-0.0201456
1.415677e-06	-0.0197568
1.417677e-06	-0.0200808
1.419677e-06	-0.0199188
1.421677e-06	-0.0202428
1.423677e-06	-0.0202428
1.425677e-06	-0.0204048
1.427677e-06	-0.0203076
1.429677e-06	-0.0205344
1.431677e-06	-0.0206316
1.433677e-06	-0.0206316
1.435677e-06	-0.0204048
1.437677e-06	-0.0205992
1.439677e-06	-0.0204372
1.441677e-06	-0.0205344
1.443677e-06	-0.0204696
1.445677e-06	-0.0209232
1.447677e-06	-0.0207612
1.449677e-06	-0.0206964
1.451677e-06	-0.0205992
1.453677e-06	-0.0206316
1.455677e-06	-0.0204372
1.457677e-06	-0.0202428
1.459677e-06	-0.0197244
1.461677e-06	-0.0197568
1.463677e-06	-0.0197892
1.465677e-06	-0.0199188
1.467677e-06	-0.0196272
1.469677e-06	-0.019368
1.471677e-06	-0.0189468
1.473677e-06	-0.0186552
1.475677e-06	-0.018558
1.477677e-06	-0.0184608
1.479677e-06	-0.018234
1.481677e-06	-0.0178776
1.483677e-06	-0.0175212
1.485677e-06	-0.0174888
1.487677e-06	-0.0173592
1.489677e-06	-0.0175212
1.491677e-06	-0.0171
1.493677e-06	-0.0175536
1.495677e-06	-0.017424
1.497677e-06	-0.0175536
1.499677e-06	-0.0171648
1.501677e-06	-0.0169704
1.503677e-06	-0.0168732
1.505677e-06	-0.0171324
1.507677e-06	-0.0172296
1.509677e-06	-0.0175212
1.511677e-06	-0.0172944
1.513677e-06	-0.0174888
1.515677e-06	-0.0169704
1.517677e-06	-0.0171972
1.519677e-06	-0.0169056
1.521677e-06	-0.0171
1.523677e-06	-0.0168732
1.525677e-06	-0.017262
1.527677e-06	-0.0171648
1.529677e-06	-0.017262
1.531677e-06	-0.0170352
1.533677e-06	-0.0171324
1.535677e-06	-0.0172296
1.537677e-06	-0.017586
1.539677e-06	-0.0172944
1.541677e-06	-0.0174888
1.543677e-06	-0.0173592
1.545677e-06	-0.0173268
1.547677e-06	-0.016938
1.549677e-06	-0.0170028
1.551677e-06	-0.0169704
1.553677e-06	-0.0170352
1.555677e-06	-0.0163224
1.557677e-06	-0.0165492
1.559677e-06	-0.0164196
1.561677e-06	-0.016452
1.563677e-06	-0.0163548
1.565677e-06	-0.0167112
1.567677e-06	-0.016452
1.569677e-06	-0.0164196
1.571677e-06	-0.0163548
1.573677e-06	-0.0168084
1.575677e-06	-0.01629
1.577677e-06	-0.0163224
1.579677e-06	-0.0162252
1.581677e-06	-0.0165816
1.583677e-06	-0.0167112
1.585677e-06	-0.0165492
1.587677e-06	-0.016614
1.589677e-06	-0.0167436
1.591677e-06	-0.0163548
1.593677e-06	-0.0168408
1.595677e-06	-0.0166464
1.597677e-06	-0.0170676
1.599677e-06	-0.0168408
1.601677e-06	-0.0171324
1.603677e-06	-0.0171
1.605677e-06	-0.0175212
1.607677e-06	-0.0176184
1.609677e-06	-0.0178776
1.611677e-06	-0.0181044
1.613677e-06	-0.0181044
1.615677e-06	-0.018234
1.617677e-06	-0.0182664
1.619677e-06	-0.018234
1.621677e-06	-0.0186228
1.623677e-06	-0.019044
1.625677e-06	-0.019206
1.627677e-06	-0.0194004
1.629677e-06	-0.019692
1.631677e-06	-0.0196272
1.633677e-06	-0.0193032
1.635677e-06	-0.0189468
1.637677e-06	-0.0192708
1.639677e-06	-0.0191412
1.641677e-06	-0.0194004
1.643677e-06	-0.0192708
1.645677e-06	-0.0194328
1.647677e-06	-0.019368
1.649677e-06	-0.0194004
1.651677e-06	-0.0194976
1.653677e-06	-0.019692
1.655677e-06	-0.0193356
1.657677e-06	-0.0192708
1.659677e-06	-0.0190764
1.661677e-06	-0.0190116
1.663677e-06	-0.0189792
1.665677e-06	-0.0189468
1.667677e-06	-0.019044
1.669677e-06	-0.0196596
1.671677e-06	-0.0197244
1.673677e-06	-0.0197568
1.675677e-06	-0.0194652
1.677677e-06	-0.0198864
1.679677e-06	-0.0197568
1.681677e-06	-0.0199512
1.683677e-06	-0.0197568
1.685677e-06	-0.0194328
1.687677e-06	-0.0194976
1.689677e-06	-0.019206
1.691677e-06	-0.018882
1.693677e-06	-0.0191736
1.695677e-06	-0.0188496
1.697677e-06	-0.0184932
1.699677e-06	-0.0186228
1.701677e-06	-0.0188496
1.703677e-06	-0.0185904
1.705677e-06	-0.0185904
1.707677e-06	-0.0186552
1.709677e-06	-0.0189144
1.711677e-06	-0.0189468
1.713677e-06	-0.0190764
1.715677e-06	-0.019044
1.717677e-06	-0.0192384
1.719677e-06	-0.019044
1.721677e-06	-0.0192708
1.723677e-06	-0.0191088
1.725677e-06	-0.0190116
1.727677e-06	-0.0189468
1.729677e-06	-0.0191088
1.731677e-06	-0.019044
1.733677e-06	-0.01953
1.735677e-06	-0.019206
1.737677e-06	-0.0189792
1.739677e-06	-0.0186876
1.741677e-06	-0.0189144
1.743677e-06	-0.0190116
1.745677e-06	-0.0190764
1.747677e-06	-0.0189792
1.749677e-06	-0.019044
1.751677e-06	-0.0189792
1.753677e-06	-0.0190764
1.755677e-06	-0.0186552
1.757677e-06	-0.0186552
1.759677e-06	-0.0183636
1.761677e-06	-0.018072
1.763677e-06	-0.0176508
1.765677e-06	-0.0179748
1.767677e-06	-0.0178128
1.769677e-06	-0.0176508
1.771677e-06	-0.0173592
1.773677e-06	-0.0173592
1.775677e-06	-0.0179424
1.777677e-06	-0.0182988
1.779677e-06	-0.0181368
1.781677e-06	-0.0184608
1.783677e-06	-0.0187848
1.785677e-06	-0.0187848
1.787677e-06	-0.0186876
1.789677e-06	-0.018882
1.791677e-06	-0.018396
1.793677e-06	-0.0188496
1.795677e-06	-0.01872
1.797677e-06	-0.0187848
1.799677e-06	-0.018396
1.801677e-06	-0.0181368
1.803677e-06	-0.0179424
1.805677e-06	-0.0180396
1.807677e-06	-0.0181044
1.809677e-06	-0.0181368
1.811677e-06	-0.0182988
1.813677e-06	-0.0186552
1.815677e-06	-0.0184284
1.817677e-06	-0.0189468
1.819677e-06	-0.019044
1.821677e-06	-0.0189792
1.823677e-06	-0.01872
1.825677e-06	-0.0187524
1.827677e-06	-0.0186876
1.829677e-06	-0.018882
1.831677e-06	-0.018882
1.833677e-06	-0.0190764
1.835677e-06	-0.0192708
1.837677e-06	-0.0194652
1.839677e-06	-0.019206
1.841677e-06	-0.0196596
1.843677e-06	-0.0194652
1.845677e-06	-0.019692
1.847677e-06	-0.0194328
1.849677e-06	-0.0195948
1.851677e-06	-0.0191412
1.853677e-06	-0.0195948
1.855677e-06	-0.0192708
1.857677e-06	-0.018882
1.859677e-06	-0.0188496
1.861677e-06	-0.019044
1.863677e-06	-0.0189144
1.865677e-06	-0.0191412
1.867677e-06	-0.0191088
1.869677e-06	-0.019692
1.871677e-06	-0.0197892
1.873677e-06	-0.0196272
1.875677e-06	-0.0191412
1.877677e-06	-0.0194652
1.879677e-06	-0.0190764
1.881677e-06	-0.0191412
1.883677e-06	-0.0190764
1.885677e-06	-0.019368
1.887677e-06	-0.0194004
1.889677e-06	-0.0196596
1.891677e-06	-0.0197244
1.893677e-06	-0.019692
1.895677e-06	-0.0198864
1.897677e-06	-0.019854
1.899677e-06	-0.0199188
1.901677e-06	-0.020016
1.903677e-06	-0.020016
1.905677e-06	-0.0199512
1.907677e-06	-0.0197568
1.909677e-06	-0.0197568
1.911677e-06	-0.0196596
1.913677e-06	-0.0194976
1.915677e-06	-0.0194004
1.917677e-06	-0.0196596
1.919677e-06	-0.0193356
1.921677e-06	-0.0197892
1.923677e-06	-0.0195624
1.925677e-06	-0.0195948
1.927677e-06	-0.0194328
1.929677e-06	-0.0191088
1.931677e-06	-0.018882
1.933677e-06	-0.0191736
1.935677e-06	-0.0189792
1.937677e-06	-0.0188172
1.939677e-06	-0.0182016
1.941677e-06	-0.0183636
1.943677e-06	-0.0184932
1.945677e-06	-0.0188172
1.947677e-06	-0.0189468
1.949677e-06	-0.0189144
1.951677e-06	-0.0189792
1.953677e-06	-0.0191412
1.955677e-06	-0.0192708
1.957677e-06	-0.0190764
1.959677e-06	-0.0190764
1.961677e-06	-0.0189792
1.963677e-06	-0.0186552
1.965677e-06	-0.018882
1.967677e-06	-0.0187524
1.969677e-06	-0.0187524
1.971677e-06	-0.0187848
1.973677e-06	-0.019368
1.975677e-06	-0.0192708
1.977677e-06	-0.01953
1.979677e-06	-0.0195624
1.981677e-06	-0.0199188
1.983677e-06	-0.0200808
1.985677e-06	-0.0199188
1.987677e-06	-0.0198216
1.989677e-06	-0.0201456
1.991677e-06	-0.0202428
1.993677e-06	-0.020178
1.995677e-06	-0.0197244
1.997677e-06	-0.020016
1.999677e-06	-0.0198216
2.001677e-06	-0.019692
2.003677e-06	-0.0194004
2.005677e-06	-0.0197244
2.007677e-06	-0.0194004
2.009677e-06	-0.0191412
2.011677e-06	-0.0193356
2.013677e-06	-0.0198216
2.015677e-06	-0.0199188
2.017677e-06	-0.0200808
2.019677e-06	-0.0197244
2.021677e-06	-0.0199512
2.023677e-06	-0.020178
2.025677e-06	-0.0204372
2.027677e-06	-0.0201132
2.029677e-06	-0.020178
2.031677e-06	-0.0195624
2.033677e-06	-0.019368
2.035677e-06	-0.0197244
2.037677e-06	-0.0198864
2.039677e-06	-0.0197568
2.041677e-06	-0.0194652
2.043677e-06	-0.0193032
2.045677e-06	-0.0193032
2.047677e-06	-0.0194976
2.049677e-06	-0.01953
2.051677e-06	-0.0192708
2.053677e-06	-0.0197244
2.055677e-06	-0.0194328
2.057677e-06	-0.0194976
2.059677e-06	-0.0196596
2.061677e-06	-0.0197892
2.063677e-06	-0.019854
2.065677e-06	-0.0197892
2.067677e-06	-0.0198216
2.069677e-06	-0.0202428
2.071677e-06	-0.0200808
2.073677e-06	-0.0199512
2.075677e-06	-0.0198216
2.077677e-06	-0.0197568
2.079677e-06	-0.0199512
2.081677e-06	-0.0201132
2.083677e-06	-0.0202104
2.085677e-06	-0.020502
2.087677e-06	-0.0205344
2.089677e-06	-0.0206964
2.091677e-06	-0.0208908
2.093677e-06	-0.0210204
2.095677e-06	-0.0206964
2.097677e-06	-0.0205344
2.099677e-06	-0.0204696
2.101677e-06	-0.020826
2.103677e-06	-0.020988
2.105677e-06	-0.020988
2.107677e-06	-0.0208584
2.109677e-06	-0.0214092
2.111677e-06	-0.0215712
2.113677e-06	-0.021474
2.115677e-06	-0.021312
2.117677e-06	-0.021312
2.119677e-06	-0.0211176
2.121677e-06	-0.0213768
2.123677e-06	-0.0212796
2.125677e-06	-0.021636
2.127677e-06	-0.0214416
2.129677e-06	-0.021312
2.131677e-06	-0.0213444
2.133677e-06	-0.0215388
2.135677e-06	-0.0215712
2.137677e-06	-0.0219276
2.139677e-06	-0.0221868
2.141677e-06	-0.022284
2.143677e-06	-0.0225432
2.145677e-06	-0.0226728
2.147677e-06	-0.0227052
2.149677e-06	-0.0229968
2.151677e-06	-0.0230292
2.153677e-06	-0.0228348
2.155677e-06	-0.0228672
2.157677e-06	-0.0231912
2.159677e-06	-0.023418
2.161677e-06	-0.0234828
2.163677e-06	-0.0231264
2.165677e-06	-0.023094
2.167677e-06	-0.0229644
2.169677e-06	-0.0228672
2.171677e-06	-0.02277
2.173677e-06	-0.0233532
2.175677e-06	-0.0232884
2.177677e-06	-0.0226728
2.179677e-06	-0.0228348
2.181677e-06	-0.0228024
2.183677e-06	-0.0228996
2.185677e-06	-0.02277
2.187677e-06	-0.0228672
2.189677e-06	-0.0227052
2.191677e-06	-0.0226404
2.193677e-06	-0.0227052
2.195677e-06	-0.0225108
2.197677e-06	-0.0226404
2.199677e-06	-0.0225108
2.201677e-06	-0.0225756
2.203677e-06	-0.022608
2.205677e-06	-0.0228024
2.207677e-06	-0.0228996
2.209677e-06	-0.0228348
2.211677e-06	-0.02277
2.213677e-06	-0.0228996
2.215677e-06	-0.0228024
2.217677e-06	-0.0227052
2.219677e-06	-0.02277
2.221677e-06	-0.0228348
2.223677e-06	-0.0223812
2.225677e-06	-0.0223164
2.227677e-06	-0.0223812
2.229677e-06	-0.022284
2.231677e-06	-0.0227052
2.233677e-06	-0.0228024
2.235677e-06	-0.0226404
2.237677e-06	-0.0226728
2.239677e-06	-0.0228024
2.241677e-06	-0.0228348
2.243677e-06	-0.0230292
2.245677e-06	-0.0230292
2.247677e-06	-0.0231912
2.249677e-06	-0.0231912
2.251677e-06	-0.0229968
2.253677e-06	-0.0229644
2.255677e-06	-0.022932
2.257677e-06	-0.0225432
2.259677e-06	-0.0226404
2.261677e-06	-0.0224784
2.263677e-06	-0.0218952
2.265677e-06	-0.0218304
2.267677e-06	-0.0217332
2.269677e-06	-0.0216036
2.271677e-06	-0.0215388
2.273677e-06	-0.0212796
2.275677e-06	-0.0213444
2.277677e-06	-0.0212148
2.279677e-06	-0.0208908
2.281677e-06	-0.0208584
2.283677e-06	-0.0205992
2.285677e-06	-0.0207612
2.287677e-06	-0.0212148
2.289677e-06	-0.0211824
2.291677e-06	-0.0211176
2.293677e-06	-0.021312
2.295677e-06	-0.0215064
2.297677e-06	-0.0215064
2.299677e-06	-0.0212796
2.301677e-06	-0.0211824
2.303677e-06	-0.0211824
2.305677e-06	-0.0209556
2.307677e-06	-0.0205992
2.309677e-06	-0.020826
2.311677e-06	-0.0207288
2.313677e-06	-0.0206964
2.315677e-06	-0.0205668
2.317677e-06	-0.020502
2.319677e-06	-0.02034
2.321677e-06	-0.0206316
2.323677e-06	-0.0202104
2.325677e-06	-0.0204696
2.327677e-06	-0.0205668
2.329677e-06	-0.0204696
2.331677e-06	-0.020502
2.333677e-06	-0.0206964
2.335677e-06	-0.0206964
2.337677e-06	-0.0205668
2.339677e-06	-0.0204048
2.341677e-06	-0.0205668
2.343677e-06	-0.0205668
2.345677e-06	-0.020664
2.347677e-06	-0.0205344
2.349677e-06	-0.0208584
2.351677e-06	-0.0206964
2.353677e-06	-0.0205344
2.355677e-06	-0.0206964
2.357677e-06	-0.0208908
2.359677e-06	-0.0208584
2.361677e-06	-0.0210852
2.363677e-06	-0.0206964
2.365677e-06	-0.0207288
2.367677e-06	-0.0205668
2.369677e-06	-0.0207288
2.371677e-06	-0.0205992
2.373677e-06	-0.0209556
2.375677e-06	-0.0209556
2.377677e-06	-0.020988
2.379677e-06	-0.020988
2.381677e-06	-0.02115
2.383677e-06	-0.0208584
2.385677e-06	-0.0210852
2.387677e-06	-0.0208584
2.389677e-06	-0.0208584
2.391677e-06	-0.020502
2.393677e-06	-0.0202752
2.395677e-06	-0.019854
2.397677e-06	-0.0200484
2.399677e-06	-0.0200484
2.401677e-06	-0.0202428
2.403677e-06	-0.0204372
2.405677e-06	-0.0208908
2.407677e-06	-0.0206964
2.409677e-06	-0.0205668
2.411677e-06	-0.02034
2.413677e-06	-0.0205344
2.415677e-06	-0.0205344
2.417677e-06	-0.0203076
2.419677e-06	-0.0203076
2.421677e-06	-0.020826
2.423677e-06	-0.020826
2.425677e-06	-0.0206316
2.427677e-06	-0.020178
2.429677e-06	-0.0204048
2.431677e-06	-0.020178
2.433677e-06	-0.0202428
2.435677e-06	-0.0201132
2.437677e-06	-0.0202752
2.439677e-06	-0.0204048
2.441677e-06	-0.0203076
2.443677e-06	-0.020016
2.445677e-06	-0.0201456
2.447677e-06	-0.0200808
2.449677e-06	-0.0205668
2.451677e-06	-0.0201456
2.453677e-06	-0.0204696
2.455677e-06	-0.0203724
2.457677e-06	-0.0203724
2.459677e-06	-0.0203724
2.461677e-06	-0.0205992
2.463677e-06	-0.0204372
2.465677e-06	-0.0205344
2.467677e-06	-0.0202104
2.469677e-06	-0.0205344
2.471677e-06	-0.0199512
2.473677e-06	-0.0199836
2.475677e-06	-0.0200808
2.477677e-06	-0.0203076
2.479677e-06	-0.0204372
2.481677e-06	-0.020502
2.483677e-06	-0.0203076
2.485677e-06	-0.0205344
2.487677e-06	-0.020502
2.489677e-06	-0.0205992
2.491677e-06	-0.02034
2.493677e-06	-0.0205992
2.495677e-06	-0.0206964
2.497677e-06	-0.0207936
2.499677e-06	-0.0205992
2.501677e-06	-0.0207288
