LECROYHDO6104A	50809	Waveform
Segments	1	SegmentSize	2502
Segment	TrigTime	TimeSinceSegment1
#1	19-Dec-2022 19:29:43	0                 
Time	Ampl
-2.500119e-06	-0.022964
-2.498119e-06	-0.024372
-2.496119e-06	-0.024724
-2.494119e-06	-0.025252
-2.492119e-06	-0.02402
-2.490119e-06	-0.02578
-2.488119e-06	-0.0249
-2.486119e-06	-0.025428
-2.484119e-06	-0.02402
-2.482119e-06	-0.02578
-2.480119e-06	-0.024372
-2.478119e-06	-0.025604
-2.476119e-06	-0.024196
-2.474119e-06	-0.024548
-2.472119e-06	-0.024196
-2.470119e-06	-0.024724
-2.468119e-06	-0.023844
-2.466119e-06	-0.024372
-2.464119e-06	-0.02402
-2.462119e-06	-0.02402
-2.460119e-06	-0.02314
-2.458119e-06	-0.023492
-2.456119e-06	-0.024196
-2.454119e-06	-0.024548
-2.452119e-06	-0.023492
-2.450119e-06	-0.02402
-2.448119e-06	-0.024196
-2.446119e-06	-0.024196
-2.444119e-06	-0.02314
-2.442119e-06	-0.023668
-2.440119e-06	-0.023668
-2.438119e-06	-0.023844
-2.436119e-06	-0.023316
-2.434119e-06	-0.023668
-2.432119e-06	-0.02402
-2.430119e-06	-0.024372
-2.428119e-06	-0.023492
-2.426119e-06	-0.024724
-2.424119e-06	-0.024196
-2.422119e-06	-0.0249
-2.420119e-06	-0.023844
-2.418119e-06	-0.024548
-2.416119e-06	-0.024372
-2.414119e-06	-0.024372
-2.412119e-06	-0.023844
-2.410119e-06	-0.02402
-2.408119e-06	-0.02402
-2.406119e-06	-0.024196
-2.404119e-06	-0.02314
-2.402119e-06	-0.024196
-2.400119e-06	-0.023492
-2.398119e-06	-0.023492
-2.396119e-06	-0.022612
-2.394119e-06	-0.022964
-2.392119e-06	-0.022788
-2.390119e-06	-0.023844
-2.388119e-06	-0.022612
-2.386119e-06	-0.023492
-2.384119e-06	-0.02402
-2.382119e-06	-0.024196
-2.380119e-06	-0.022964
-2.378119e-06	-0.023844
-2.376119e-06	-0.023492
-2.374119e-06	-0.023492
-2.372119e-06	-0.023492
-2.370119e-06	-0.02402
-2.368119e-06	-0.02402
-2.366119e-06	-0.023316
-2.364119e-06	-0.022788
-2.362119e-06	-0.023668
-2.360119e-06	-0.023316
-2.358119e-06	-0.023844
-2.356119e-06	-0.022788
-2.354119e-06	-0.023844
-2.352119e-06	-0.022964
-2.350119e-06	-0.023844
-2.348119e-06	-0.022436
-2.346119e-06	-0.022788
-2.344119e-06	-0.022788
-2.342119e-06	-0.023316
-2.340119e-06	-0.02226
-2.338119e-06	-0.022788
-2.336119e-06	-0.023492
-2.334119e-06	-0.023316
-2.332119e-06	-0.022436
-2.330119e-06	-0.023668
-2.328119e-06	-0.023316
-2.326119e-06	-0.023316
-2.324119e-06	-0.022084
-2.322119e-06	-0.022788
-2.320119e-06	-0.023316
-2.318119e-06	-0.022964
-2.316119e-06	-0.021908
-2.314119e-06	-0.022612
-2.312119e-06	-0.022612
-2.310119e-06	-0.022612
-2.308119e-06	-0.022084
-2.306119e-06	-0.02226
-2.304119e-06	-0.022788
-2.302119e-06	-0.022964
-2.300119e-06	-0.022788
-2.298119e-06	-0.022964
-2.296119e-06	-0.02226
-2.294119e-06	-0.022788
-2.292119e-06	-0.022612
-2.290119e-06	-0.023492
-2.288119e-06	-0.02314
-2.286119e-06	-0.023668
-2.284119e-06	-0.022964
-2.282119e-06	-0.023492
-2.280119e-06	-0.023668
-2.278119e-06	-0.023844
-2.276119e-06	-0.02314
-2.274119e-06	-0.023844
-2.272119e-06	-0.023844
-2.270119e-06	-0.02402
-2.268119e-06	-0.02314
-2.266119e-06	-0.023492
-2.264119e-06	-0.023492
-2.262119e-06	-0.023492
-2.260119e-06	-0.022436
-2.258119e-06	-0.023316
-2.256119e-06	-0.023668
-2.254119e-06	-0.023844
-2.252119e-06	-0.022436
-2.250119e-06	-0.022964
-2.248119e-06	-0.022788
-2.246119e-06	-0.022964
-2.244119e-06	-0.022612
-2.242119e-06	-0.022964
-2.240119e-06	-0.021908
-2.238119e-06	-0.022436
-2.236119e-06	-0.021732
-2.234119e-06	-0.021556
-2.232119e-06	-0.020852
-2.230119e-06	-0.021028
-2.228119e-06	-0.020324
-2.226119e-06	-0.021028
-2.224119e-06	-0.021028
-2.222119e-06	-0.021028
-2.220119e-06	-0.019972
-2.218119e-06	-0.0205
-2.216119e-06	-0.019268
-2.214119e-06	-0.019796
-2.212119e-06	-0.01874
-2.210119e-06	-0.019092
-2.208119e-06	-0.019796
-2.206119e-06	-0.019796
-2.204119e-06	-0.018388
-2.202119e-06	-0.019268
-2.200119e-06	-0.018564
-2.198119e-06	-0.019796
-2.196119e-06	-0.018212
-2.194119e-06	-0.018564
-2.192119e-06	-0.018564
-2.190119e-06	-0.018916
-2.188119e-06	-0.01786
-2.186119e-06	-0.01874
-2.184119e-06	-0.018564
-2.182119e-06	-0.01962
-2.180119e-06	-0.018916
-2.178119e-06	-0.019796
-2.176119e-06	-0.019268
-2.174119e-06	-0.019268
-2.172119e-06	-0.018916
-2.170119e-06	-0.019092
-2.168119e-06	-0.01874
-2.166119e-06	-0.019092
-2.164119e-06	-0.018388
-2.162119e-06	-0.01962
-2.160119e-06	-0.018564
-2.158119e-06	-0.018564
-2.156119e-06	-0.01786
-2.154119e-06	-0.019092
-2.152119e-06	-0.018916
-2.150119e-06	-0.019972
-2.148119e-06	-0.019092
-2.146119e-06	-0.019796
-2.144119e-06	-0.01962
-2.142119e-06	-0.019796
-2.140119e-06	-0.01962
-2.138119e-06	-0.0205
-2.136119e-06	-0.019268
-2.134119e-06	-0.0205
-2.132119e-06	-0.020148
-2.130119e-06	-0.020324
-2.128119e-06	-0.019972
-2.126119e-06	-0.0205
-2.124119e-06	-0.019796
-2.122119e-06	-0.020324
-2.120119e-06	-0.019796
-2.118119e-06	-0.020148
-2.116119e-06	-0.01962
-2.114119e-06	-0.019972
-2.112119e-06	-0.019444
-2.110119e-06	-0.020324
-2.108119e-06	-0.01962
-2.106119e-06	-0.0205
-2.104119e-06	-0.0205
-2.102119e-06	-0.021028
-2.100119e-06	-0.019972
-2.098119e-06	-0.020852
-2.096119e-06	-0.021204
-2.094119e-06	-0.0205
-2.092119e-06	-0.019972
-2.090119e-06	-0.020852
-2.088119e-06	-0.01962
-2.086119e-06	-0.0205
-2.084119e-06	-0.020324
-2.082119e-06	-0.020324
-2.080119e-06	-0.0205
-2.078119e-06	-0.020676
-2.076119e-06	-0.020148
-2.074119e-06	-0.0205
-2.072119e-06	-0.019972
-2.070119e-06	-0.020324
-2.068119e-06	-0.019444
-2.066119e-06	-0.020324
-2.064119e-06	-0.020676
-2.062119e-06	-0.021028
-2.060119e-06	-0.0205
-2.058119e-06	-0.020852
-2.056119e-06	-0.020324
-2.054119e-06	-0.020676
-2.052119e-06	-0.019796
-2.050119e-06	-0.019972
-2.048119e-06	-0.01962
-2.046119e-06	-0.020148
-2.044119e-06	-0.019444
-2.042119e-06	-0.020852
-2.040119e-06	-0.019268
-2.038119e-06	-0.019796
-2.036119e-06	-0.01874
-2.034119e-06	-0.020324
-2.032119e-06	-0.019972
-2.030119e-06	-0.020852
-2.028119e-06	-0.020852
-2.026119e-06	-0.021204
-2.024119e-06	-0.021028
-2.022119e-06	-0.021204
-2.020119e-06	-0.021028
-2.018119e-06	-0.0205
-2.016119e-06	-0.020852
-2.014119e-06	-0.021908
-2.012119e-06	-0.021028
-2.010119e-06	-0.021028
-2.008119e-06	-0.020852
-2.006119e-06	-0.021732
-2.004119e-06	-0.021556
-2.002119e-06	-0.022436
-2.000119e-06	-0.022612
-1.998119e-06	-0.022436
-1.996119e-06	-0.021908
-1.994119e-06	-0.021908
-1.992119e-06	-0.022084
-1.990119e-06	-0.022964
-1.988119e-06	-0.021556
-1.986119e-06	-0.022084
-1.984119e-06	-0.022612
-1.982119e-06	-0.023492
-1.980119e-06	-0.021732
-1.978119e-06	-0.022436
-1.976119e-06	-0.022788
-1.974119e-06	-0.023316
-1.972119e-06	-0.022788
-1.970119e-06	-0.02314
-1.968119e-06	-0.02314
-1.966119e-06	-0.023668
-1.964119e-06	-0.02314
-1.962119e-06	-0.023668
-1.960119e-06	-0.023316
-1.958119e-06	-0.023492
-1.956119e-06	-0.022084
-1.954119e-06	-0.02314
-1.952119e-06	-0.022964
-1.950119e-06	-0.022964
-1.948119e-06	-0.021732
-1.946119e-06	-0.022788
-1.944119e-06	-0.022084
-1.942119e-06	-0.02226
-1.940119e-06	-0.021028
-1.938119e-06	-0.02226
-1.936119e-06	-0.021204
-1.934119e-06	-0.021556
-1.932119e-06	-0.020852
-1.930119e-06	-0.021732
-1.928119e-06	-0.021204
-1.926119e-06	-0.021556
-1.924119e-06	-0.020148
-1.922119e-06	-0.02138
-1.920119e-06	-0.020676
-1.918119e-06	-0.021556
-1.916119e-06	-0.020676
-1.914119e-06	-0.021204
-1.912119e-06	-0.0205
-1.910119e-06	-0.02138
-1.908119e-06	-0.020324
-1.906119e-06	-0.021028
-1.904119e-06	-0.021028
-1.902119e-06	-0.020852
-1.900119e-06	-0.020148
-1.898119e-06	-0.021204
-1.896119e-06	-0.020852
-1.894119e-06	-0.022084
-1.892119e-06	-0.020324
-1.890119e-06	-0.021556
-1.888119e-06	-0.021732
-1.886119e-06	-0.02138
-1.884119e-06	-0.021556
-1.882119e-06	-0.021908
-1.880119e-06	-0.021204
-1.878119e-06	-0.02226
-1.876119e-06	-0.020676
-1.874119e-06	-0.021204
-1.872119e-06	-0.02138
-1.870119e-06	-0.022436
-1.868119e-06	-0.021028
-1.866119e-06	-0.021204
-1.864119e-06	-0.021908
-1.862119e-06	-0.022612
-1.860119e-06	-0.02138
-1.858119e-06	-0.021204
-1.856119e-06	-0.021556
-1.854119e-06	-0.02138
-1.852119e-06	-0.020852
-1.850119e-06	-0.02138
-1.848119e-06	-0.021556
-1.846119e-06	-0.022084
-1.844119e-06	-0.021556
-1.842119e-06	-0.022436
-1.840119e-06	-0.022084
-1.838119e-06	-0.02226
-1.836119e-06	-0.021556
-1.834119e-06	-0.02226
-1.832119e-06	-0.022436
-1.830119e-06	-0.02226
-1.828119e-06	-0.022084
-1.826119e-06	-0.022788
-1.824119e-06	-0.021908
-1.822119e-06	-0.022612
-1.820119e-06	-0.022436
-1.818119e-06	-0.02314
-1.816119e-06	-0.02226
-1.814119e-06	-0.022964
-1.812119e-06	-0.02138
-1.810119e-06	-0.021204
-1.808119e-06	-0.02138
-1.806119e-06	-0.022612
-1.804119e-06	-0.021732
-1.802119e-06	-0.02226
-1.800119e-06	-0.02226
-1.798119e-06	-0.022436
-1.796119e-06	-0.021204
-1.794119e-06	-0.022084
-1.792119e-06	-0.021204
-1.790119e-06	-0.021908
-1.788119e-06	-0.021028
-1.786119e-06	-0.02138
-1.784119e-06	-0.021028
-1.782119e-06	-0.021556
-1.780119e-06	-0.020852
-1.778119e-06	-0.02138
-1.776119e-06	-0.020852
-1.774119e-06	-0.021204
-1.772119e-06	-0.020676
-1.770119e-06	-0.021028
-1.768119e-06	-0.020852
-1.766119e-06	-0.02138
-1.764119e-06	-0.020324
-1.762119e-06	-0.02138
-1.760119e-06	-0.021204
-1.758119e-06	-0.021908
-1.756119e-06	-0.019972
-1.754119e-06	-0.021028
-1.752119e-06	-0.021028
-1.750119e-06	-0.021204
-1.748119e-06	-0.020324
-1.746119e-06	-0.020852
-1.744119e-06	-0.020324
-1.742119e-06	-0.020852
-1.740119e-06	-0.020324
-1.738119e-06	-0.020676
-1.736119e-06	-0.019444
-1.734119e-06	-0.01962
-1.732119e-06	-0.01962
-1.730119e-06	-0.019796
-1.728119e-06	-0.019444
-1.726119e-06	-0.020148
-1.724119e-06	-0.019268
-1.722119e-06	-0.020324
-1.720119e-06	-0.019268
-1.718119e-06	-0.0205
-1.716119e-06	-0.019796
-1.714119e-06	-0.019444
-1.712119e-06	-0.0205
-1.710119e-06	-0.020324
-1.708119e-06	-0.021028
-1.706119e-06	-0.02138
-1.704119e-06	-0.0205
-1.702119e-06	-0.021732
-1.700119e-06	-0.020148
-1.698119e-06	-0.02226
-1.696119e-06	-0.021556
-1.694119e-06	-0.021732
-1.692119e-06	-0.02138
-1.690119e-06	-0.021556
-1.688119e-06	-0.021556
-1.686119e-06	-0.021908
-1.684119e-06	-0.021732
-1.682119e-06	-0.022788
-1.680119e-06	-0.02226
-1.678119e-06	-0.021908
-1.676119e-06	-0.020852
-1.674119e-06	-0.021732
-1.672119e-06	-0.02138
-1.670119e-06	-0.021732
-1.668119e-06	-0.021204
-1.666119e-06	-0.021556
-1.664119e-06	-0.021204
-1.662119e-06	-0.022084
-1.660119e-06	-0.02138
-1.658119e-06	-0.02226
-1.656119e-06	-0.021908
-1.654119e-06	-0.021732
-1.652119e-06	-0.021028
-1.650119e-06	-0.02226
-1.648119e-06	-0.021732
-1.646119e-06	-0.021908
-1.644119e-06	-0.02226
-1.642119e-06	-0.022084
-1.640119e-06	-0.021204
-1.638119e-06	-0.022084
-1.636119e-06	-0.021028
-1.634119e-06	-0.02138
-1.632119e-06	-0.020852
-1.630119e-06	-0.021028
-1.628119e-06	-0.019796
-1.626119e-06	-0.01962
-1.624119e-06	-0.019268
-1.622119e-06	-0.01962
-1.620119e-06	-0.018564
-1.618119e-06	-0.019268
-1.616119e-06	-0.018388
-1.614119e-06	-0.018388
-1.612119e-06	-0.01786
-1.610119e-06	-0.018388
-1.608119e-06	-0.01786
-1.606119e-06	-0.01786
-1.604119e-06	-0.01698
-1.602119e-06	-0.018036
-1.600119e-06	-0.018388
-1.598119e-06	-0.018564
-1.596119e-06	-0.017156
-1.594119e-06	-0.018036
-1.592119e-06	-0.017684
-1.590119e-06	-0.018212
-1.588119e-06	-0.017156
-1.586119e-06	-0.018212
-1.584119e-06	-0.017332
-1.582119e-06	-0.019268
-1.580119e-06	-0.017684
-1.578119e-06	-0.019092
-1.576119e-06	-0.018388
-1.574119e-06	-0.018564
-1.572119e-06	-0.018388
-1.570119e-06	-0.018564
-1.568119e-06	-0.018564
-1.566119e-06	-0.01874
-1.564119e-06	-0.017332
-1.562119e-06	-0.018036
-1.560119e-06	-0.01786
-1.558119e-06	-0.018388
-1.556119e-06	-0.017332
-1.554119e-06	-0.017332
-1.552119e-06	-0.01698
-1.550119e-06	-0.01786
-1.548119e-06	-0.01698
-1.546119e-06	-0.01786
-1.544119e-06	-0.017684
-1.542119e-06	-0.01786
-1.540119e-06	-0.017332
-1.538119e-06	-0.018564
-1.536119e-06	-0.017156
-1.534119e-06	-0.01786
-1.532119e-06	-0.017156
-1.530119e-06	-0.018564
-1.528119e-06	-0.01786
-1.526119e-06	-0.018388
-1.524119e-06	-0.017332
-1.522119e-06	-0.018036
-1.520119e-06	-0.018564
-1.518119e-06	-0.018388
-1.516119e-06	-0.017332
-1.514119e-06	-0.018388
-1.512119e-06	-0.018564
-1.510119e-06	-0.019092
-1.508119e-06	-0.018036
-1.506119e-06	-0.018916
-1.504119e-06	-0.018388
-1.502119e-06	-0.019092
-1.500119e-06	-0.01786
-1.498119e-06	-0.01874
-1.496119e-06	-0.018564
-1.494119e-06	-0.019444
-1.492119e-06	-0.019444
-1.490119e-06	-0.020324
-1.488119e-06	-0.019268
-1.486119e-06	-0.020148
-1.484119e-06	-0.01962
-1.482119e-06	-0.020324
-1.480119e-06	-0.020324
-1.478119e-06	-0.021204
-1.476119e-06	-0.020148
-1.474119e-06	-0.020852
-1.472119e-06	-0.020852
-1.470119e-06	-0.020148
-1.468119e-06	-0.019796
-1.466119e-06	-0.020324
-1.464119e-06	-0.019972
-1.462119e-06	-0.020852
-1.460119e-06	-0.019972
-1.458119e-06	-0.021028
-1.456119e-06	-0.020324
-1.454119e-06	-0.020852
-1.452119e-06	-0.020852
-1.450119e-06	-0.021204
-1.448119e-06	-0.0205
-1.446119e-06	-0.02138
-1.444119e-06	-0.021204
-1.442119e-06	-0.021204
-1.440119e-06	-0.021732
-1.438119e-06	-0.021204
-1.436119e-06	-0.021028
-1.434119e-06	-0.02138
-1.432119e-06	-0.021204
-1.430119e-06	-0.02138
-1.428119e-06	-0.021556
-1.426119e-06	-0.021908
-1.424119e-06	-0.021908
-1.422119e-06	-0.022084
-1.420119e-06	-0.021556
-1.418119e-06	-0.021908
-1.416119e-06	-0.021908
-1.414119e-06	-0.021732
-1.412119e-06	-0.020676
-1.410119e-06	-0.021204
-1.408119e-06	-0.02138
-1.406119e-06	-0.021732
-1.404119e-06	-0.021028
-1.402119e-06	-0.02138
-1.400119e-06	-0.021204
-1.398119e-06	-0.021732
-1.396119e-06	-0.021204
-1.394119e-06	-0.021204
-1.392119e-06	-0.021204
-1.390119e-06	-0.021908
-1.388119e-06	-0.020852
-1.386119e-06	-0.021028
-1.384119e-06	-0.020324
-1.382119e-06	-0.022084
-1.380119e-06	-0.021204
-1.378119e-06	-0.022084
-1.376119e-06	-0.02138
-1.374119e-06	-0.022436
-1.372119e-06	-0.021908
-1.370119e-06	-0.022084
-1.368119e-06	-0.022084
-1.366119e-06	-0.022436
-1.364119e-06	-0.021556
-1.362119e-06	-0.022436
-1.360119e-06	-0.022788
-1.358119e-06	-0.023668
-1.356119e-06	-0.022436
-1.354119e-06	-0.022964
-1.352119e-06	-0.022436
-1.350119e-06	-0.023492
-1.348119e-06	-0.022612
-1.346119e-06	-0.023316
-1.344119e-06	-0.02402
-1.342119e-06	-0.024196
-1.340119e-06	-0.023668
-1.338119e-06	-0.023844
-1.336119e-06	-0.023844
-1.334119e-06	-0.024196
-1.332119e-06	-0.022964
-1.330119e-06	-0.024196
-1.328119e-06	-0.02314
-1.326119e-06	-0.02402
-1.324119e-06	-0.023492
-1.322119e-06	-0.022436
-1.320119e-06	-0.022436
-1.318119e-06	-0.023316
-1.316119e-06	-0.022436
-1.314119e-06	-0.021732
-1.312119e-06	-0.0205
-1.310119e-06	-0.020676
-1.308119e-06	-0.020148
-1.306119e-06	-0.0205
-1.304119e-06	-0.019796
-1.302119e-06	-0.021204
-1.300119e-06	-0.020324
-1.298119e-06	-0.019796
-1.296119e-06	-0.019796
-1.294119e-06	-0.0205
-1.292119e-06	-0.019444
-1.290119e-06	-0.020324
-1.288119e-06	-0.019972
-1.286119e-06	-0.01962
-1.284119e-06	-0.019268
-1.282119e-06	-0.019972
-1.280119e-06	-0.019444
-1.278119e-06	-0.019796
-1.276119e-06	-0.019796
-1.274119e-06	-0.020324
-1.272119e-06	-0.020148
-1.270119e-06	-0.020676
-1.268119e-06	-0.020148
-1.266119e-06	-0.021028
-1.264119e-06	-0.02138
-1.262119e-06	-0.021556
-1.260119e-06	-0.0205
-1.258119e-06	-0.021908
-1.256119e-06	-0.021028
-1.254119e-06	-0.021556
-1.252119e-06	-0.020324
-1.250119e-06	-0.022084
-1.248119e-06	-0.02138
-1.246119e-06	-0.021732
-1.244119e-06	-0.020852
-1.242119e-06	-0.021732
-1.240119e-06	-0.0205
-1.238119e-06	-0.02138
-1.236119e-06	-0.021028
-1.234119e-06	-0.021908
-1.232119e-06	-0.021204
-1.230119e-06	-0.021204
-1.228119e-06	-0.020852
-1.226119e-06	-0.021732
-1.224119e-06	-0.021204
-1.222119e-06	-0.021732
-1.220119e-06	-0.020676
-1.218119e-06	-0.021732
-1.216119e-06	-0.020852
-1.214119e-06	-0.021556
-1.212119e-06	-0.019796
-1.210119e-06	-0.0205
-1.208119e-06	-0.020852
-1.206119e-06	-0.021556
-1.204119e-06	-0.021028
-1.202119e-06	-0.021204
-1.200119e-06	-0.02138
-1.198119e-06	-0.02226
-1.196119e-06	-0.021732
-1.194119e-06	-0.022788
-1.192119e-06	-0.022084
-1.190119e-06	-0.02226
-1.188119e-06	-0.02138
-1.186119e-06	-0.021556
-1.184119e-06	-0.02138
-1.182119e-06	-0.021732
-1.180119e-06	-0.021028
-1.178119e-06	-0.022084
-1.176119e-06	-0.022084
-1.174119e-06	-0.022612
-1.172119e-06	-0.021204
-1.170119e-06	-0.021732
-1.168119e-06	-0.021732
-1.166119e-06	-0.02138
-1.164119e-06	-0.020852
-1.162119e-06	-0.021732
-1.160119e-06	-0.021556
-1.158119e-06	-0.021556
-1.156119e-06	-0.020324
-1.154119e-06	-0.021204
-1.152119e-06	-0.020852
-1.150119e-06	-0.020852
-1.148119e-06	-0.019444
-1.146119e-06	-0.019444
-1.144119e-06	-0.019268
-1.142119e-06	-0.019444
-1.140119e-06	-0.018916
-1.138119e-06	-0.018916
-1.136119e-06	-0.018388
-1.134119e-06	-0.018916
-1.132119e-06	-0.018036
-1.130119e-06	-0.018564
-1.128119e-06	-0.017684
-1.126119e-06	-0.01786
-1.124119e-06	-0.017332
-1.122119e-06	-0.018564
-1.120119e-06	-0.01786
-1.118119e-06	-0.01874
-1.116119e-06	-0.018036
-1.114119e-06	-0.018036
-1.112119e-06	-0.018036
-1.110119e-06	-0.018036
-1.108119e-06	-0.016804
-1.106119e-06	-0.017332
-1.104119e-06	-0.015924
-1.102119e-06	-0.017156
-1.100119e-06	-0.015396
-1.098119e-06	-0.016276
-1.096119e-06	-0.0161
-1.094119e-06	-0.01698
-1.092119e-06	-0.016628
-1.090119e-06	-0.01698
-1.088119e-06	-0.016628
-1.086119e-06	-0.016628
-1.084119e-06	-0.016452
-1.082119e-06	-0.017156
-1.080119e-06	-0.017508
-1.078119e-06	-0.017332
-1.076119e-06	-0.017508
-1.074119e-06	-0.01874
-1.072119e-06	-0.017508
-1.070119e-06	-0.018036
-1.068119e-06	-0.016628
-1.066119e-06	-0.017156
-1.064119e-06	-0.017332
-1.062119e-06	-0.017156
-1.060119e-06	-0.016628
-1.058119e-06	-0.016804
-1.056119e-06	-0.016276
-1.054119e-06	-0.016628
-1.052119e-06	-0.016452
-1.050119e-06	-0.016276
-1.048119e-06	-0.016452
-1.046119e-06	-0.016452
-1.044119e-06	-0.016452
-1.042119e-06	-0.015748
-1.040119e-06	-0.015572
-1.038119e-06	-0.016276
-1.036119e-06	-0.01522
-1.034119e-06	-0.015924
-1.032119e-06	-0.014868
-1.030119e-06	-0.015924
-1.028119e-06	-0.015396
-1.026119e-06	-0.015924
-1.024119e-06	-0.015924
-1.022119e-06	-0.016804
-1.020119e-06	-0.015748
-1.018119e-06	-0.016452
-1.016119e-06	-0.015572
-1.014119e-06	-0.016628
-1.012119e-06	-0.015396
-1.010119e-06	-0.0161
-1.008119e-06	-0.015748
-1.006119e-06	-0.016804
-1.004119e-06	-0.0161
-1.002119e-06	-0.016452
-1.000119e-06	-0.016276
-9.981191e-07	-0.017508
-9.961191e-07	-0.0161
-9.941191e-07	-0.016628
-9.921191e-07	-0.016804
-9.901191e-07	-0.017508
-9.881191e-07	-0.016804
-9.861191e-07	-0.016804
-9.841191e-07	-0.016452
-9.821191e-07	-0.017332
-9.801191e-07	-0.015396
-9.781191e-07	-0.016452
-9.761191e-07	-0.017332
-9.741191e-07	-0.016804
-9.721191e-07	-0.016628
-9.701191e-07	-0.017156
-9.681191e-07	-0.017156
-9.661191e-07	-0.017684
-9.641191e-07	-0.016804
-9.621191e-07	-0.01698
-9.601191e-07	-0.016628
-9.581191e-07	-0.01698
-9.561191e-07	-0.016276
-9.541191e-07	-0.016628
-9.521191e-07	-0.015924
-9.501191e-07	-0.016628
-9.481191e-07	-0.015572
-9.461191e-07	-0.016804
-9.441191e-07	-0.0161
-9.421191e-07	-0.016452
-9.401191e-07	-0.015924
-9.381191e-07	-0.017156
-9.361191e-07	-0.016804
-9.341191e-07	-0.016452
-9.321191e-07	-0.016452
-9.301191e-07	-0.016628
-9.281191e-07	-0.016276
-9.261191e-07	-0.018036
-9.241191e-07	-0.016276
-9.221191e-07	-0.01786
-9.201191e-07	-0.017684
-9.181191e-07	-0.017508
-9.161191e-07	-0.016804
-9.141191e-07	-0.018212
-9.121191e-07	-0.017684
-9.101191e-07	-0.018564
-9.081191e-07	-0.017684
-9.061191e-07	-0.018564
-9.041191e-07	-0.018212
-9.021191e-07	-0.018564
-9.001191e-07	-0.018212
-8.981191e-07	-0.019092
-8.961191e-07	-0.018916
-8.941191e-07	-0.019092
-8.921191e-07	-0.018564
-8.901191e-07	-0.01874
-8.881191e-07	-0.019444
-8.861191e-07	-0.01962
-8.841191e-07	-0.018916
-8.821191e-07	-0.018916
-8.801191e-07	-0.018916
-8.781191e-07	-0.019268
-8.761191e-07	-0.018916
-8.741191e-07	-0.019972
-8.721191e-07	-0.019092
-8.701191e-07	-0.01962
-8.681191e-07	-0.019268
-8.661191e-07	-0.01962
-8.641191e-07	-0.019268
-8.621191e-07	-0.019796
-8.601191e-07	-0.019444
-8.581191e-07	-0.01962
-8.561191e-07	-0.018916
-8.541191e-07	-0.019796
-8.521191e-07	-0.018916
-8.501191e-07	-0.019092
-8.481191e-07	-0.018916
-8.461191e-07	-0.018916
-8.441191e-07	-0.018564
-8.421191e-07	-0.01962
-8.401191e-07	-0.018916
-8.381191e-07	-0.019444
-8.361191e-07	-0.018212
-8.341191e-07	-0.018916
-8.321191e-07	-0.018212
-8.301191e-07	-0.01874
-8.281191e-07	-0.018212
-8.261191e-07	-0.01874
-8.241191e-07	-0.018916
-8.221191e-07	-0.019444
-8.201191e-07	-0.018212
-8.181191e-07	-0.019268
-8.161191e-07	-0.019444
-8.141191e-07	-0.0205
-8.121191e-07	-0.019444
-8.101191e-07	-0.0205
-8.081191e-07	-0.0205
-8.061191e-07	-0.021204
-8.041191e-07	-0.020852
-8.021191e-07	-0.021204
-8.001191e-07	-0.02138
-7.981191e-07	-0.021908
-7.961191e-07	-0.02138
-7.941191e-07	-0.02226
-7.921191e-07	-0.02226
-7.901191e-07	-0.02226
-7.881191e-07	-0.021732
-7.861191e-07	-0.022436
-7.841191e-07	-0.02314
-7.821191e-07	-0.023316
-7.801191e-07	-0.022436
-7.781191e-07	-0.022788
-7.761191e-07	-0.02314
-7.741191e-07	-0.022612
-7.721191e-07	-0.021732
-7.701191e-07	-0.022788
-7.681191e-07	-0.022788
-7.661191e-07	-0.023668
-7.641191e-07	-0.022612
-7.621191e-07	-0.022964
-7.601191e-07	-0.022788
-7.581191e-07	-0.023316
-7.561191e-07	-0.022788
-7.541191e-07	-0.02314
-7.521191e-07	-0.023844
-7.501191e-07	-0.023492
-7.481191e-07	-0.023492
-7.461191e-07	-0.02402
-7.441191e-07	-0.023316
-7.421191e-07	-0.023492
-7.401191e-07	-0.02314
-7.381191e-07	-0.024196
-7.361191e-07	-0.023844
-7.341191e-07	-0.023492
-7.321191e-07	-0.022788
-7.301191e-07	-0.023316
-7.281191e-07	-0.023844
-7.261191e-07	-0.023492
-7.241191e-07	-0.022084
-7.221191e-07	-0.022964
-7.201191e-07	-0.022964
-7.181191e-07	-0.022612
-7.161191e-07	-0.021908
-7.141191e-07	-0.02226
-7.121191e-07	-0.022964
-7.101191e-07	-0.022436
-7.081191e-07	-0.021732
-7.061191e-07	-0.022788
-7.041191e-07	-0.022612
-7.021191e-07	-0.024196
-7.001191e-07	-0.022612
-6.981191e-07	-0.023492
-6.961191e-07	-0.023668
-6.941191e-07	-0.024196
-6.921191e-07	-0.02314
-6.901191e-07	-0.023668
-6.881191e-07	-0.02402
-6.861191e-07	-0.024548
-6.841191e-07	-0.02402
-6.821191e-07	-0.024548
-6.801191e-07	-0.024196
-6.781191e-07	-0.024372
-6.761191e-07	-0.024372
-6.741191e-07	-0.0249
-6.721191e-07	-0.024372
-6.701191e-07	-0.0249
-6.681191e-07	-0.024372
-6.661191e-07	-0.024724
-6.641191e-07	-0.0249
-6.621191e-07	-0.024724
-6.601191e-07	-0.024196
-6.581191e-07	-0.025076
-6.561191e-07	-0.024548
-6.541191e-07	-0.024724
-6.521191e-07	-0.023844
-6.501191e-07	-0.024372
-6.481191e-07	-0.02402
-6.461191e-07	-0.024548
-6.441191e-07	-0.022084
-6.421191e-07	-0.022964
-6.401191e-07	-0.022612
-6.381191e-07	-0.022436
-6.361191e-07	-0.021204
-6.341191e-07	-0.021556
-6.321191e-07	-0.020676
-6.301191e-07	-0.021204
-6.281191e-07	-0.0205
-6.261191e-07	-0.021028
-6.241191e-07	-0.020852
-6.221191e-07	-0.02138
-6.201191e-07	-0.0205
-6.181191e-07	-0.021204
-6.161191e-07	-0.0205
-6.141191e-07	-0.020324
-6.121191e-07	-0.01962
-6.101191e-07	-0.019972
-6.081191e-07	-0.01962
-6.061191e-07	-0.019972
-6.041191e-07	-0.019268
-6.021191e-07	-0.019972
-6.001191e-07	-0.020324
-5.981191e-07	-0.0205
-5.961191e-07	-0.019972
-5.941191e-07	-0.020324
-5.921191e-07	-0.0205
-5.901191e-07	-0.020852
-5.881191e-07	-0.020148
-5.861191e-07	-0.02138
-5.841191e-07	-0.021204
-5.821191e-07	-0.021204
-5.801191e-07	-0.020852
-5.781191e-07	-0.021028
-5.761191e-07	-0.02138
-5.741191e-07	-0.02226
-5.721191e-07	-0.02138
-5.701191e-07	-0.022788
-5.681191e-07	-0.021028
-5.661191e-07	-0.022612
-5.641191e-07	-0.022084
-5.621191e-07	-0.022612
-5.601191e-07	-0.022436
-5.581191e-07	-0.022788
-5.561191e-07	-0.022084
-5.541191e-07	-0.021908
-5.521191e-07	-0.02138
-5.501191e-07	-0.02138
-5.481191e-07	-0.0205
-5.461191e-07	-0.021028
-5.441191e-07	-0.0205
-5.421191e-07	-0.02138
-5.401191e-07	-0.01962
-5.381191e-07	-0.020852
-5.361191e-07	-0.021028
-5.341191e-07	-0.0205
-5.321191e-07	-0.019268
-5.301191e-07	-0.020676
-5.281191e-07	-0.020148
-5.261191e-07	-0.021204
-5.241191e-07	-0.0205
-5.221191e-07	-0.020676
-5.201191e-07	-0.020324
-5.181191e-07	-0.020148
-5.161191e-07	-0.019092
-5.141191e-07	-0.020324
-5.121191e-07	-0.01962
-5.101191e-07	-0.019972
-5.081191e-07	-0.019092
-5.061191e-07	-0.019268
-5.041191e-07	-0.019268
-5.021191e-07	-0.019796
-5.001191e-07	-0.01874
-4.981191e-07	-0.019268
-4.961191e-07	-0.018916
-4.941191e-07	-0.01874
-4.921191e-07	-0.017332
-4.901191e-07	-0.01874
-4.881191e-07	-0.018916
-4.861191e-07	-0.019268
-4.841191e-07	-0.018388
-4.821191e-07	-0.019092
-4.801191e-07	-0.018916
-4.781191e-07	-0.019444
-4.761191e-07	-0.018564
-4.741191e-07	-0.01962
-4.721191e-07	-0.018916
-4.701191e-07	-0.01962
-4.681191e-07	-0.018564
-4.661191e-07	-0.01962
-4.641191e-07	-0.01962
-4.621191e-07	-0.01962
-4.601191e-07	-0.019092
-4.581191e-07	-0.0205
-4.561191e-07	-0.019796
-4.541191e-07	-0.020852
-4.521191e-07	-0.019092
-4.501191e-07	-0.020676
-4.481191e-07	-0.019972
-4.461191e-07	-0.020676
-4.441191e-07	-0.021028
-4.421191e-07	-0.02138
-4.401191e-07	-0.020324
-4.381191e-07	-0.02226
-4.361191e-07	-0.021204
-4.341191e-07	-0.021732
-4.321191e-07	-0.020852
-4.301191e-07	-0.022612
-4.281191e-07	-0.021732
-4.261191e-07	-0.022436
-4.241191e-07	-0.022084
-4.221191e-07	-0.02226
-4.201191e-07	-0.021556
-4.181191e-07	-0.021908
-4.161191e-07	-0.021908
-4.141191e-07	-0.021908
-4.121191e-07	-0.021028
-4.101191e-07	-0.022436
-4.081191e-07	-0.02226
-4.061191e-07	-0.022964
-4.041191e-07	-0.021556
-4.021191e-07	-0.022084
-4.001191e-07	-0.021908
-3.981191e-07	-0.022612
-3.961191e-07	-0.021204
-3.941191e-07	-0.021732
-3.921191e-07	-0.020676
-3.901191e-07	-0.022436
-3.881191e-07	-0.021028
-3.861191e-07	-0.021908
-3.841191e-07	-0.021556
-3.821191e-07	-0.021908
-3.801191e-07	-0.021028
-3.781191e-07	-0.02226
-3.761191e-07	-0.022436
-3.741191e-07	-0.022436
-3.721191e-07	-0.021908
-3.701191e-07	-0.022436
-3.681191e-07	-0.022436
-3.661191e-07	-0.02314
-3.641191e-07	-0.021908
-3.621191e-07	-0.023316
-3.601191e-07	-0.022612
-3.581191e-07	-0.023316
-3.561191e-07	-0.022788
-3.541191e-07	-0.022612
-3.521191e-07	-0.02226
-3.501191e-07	-0.023316
-3.481191e-07	-0.022612
-3.461191e-07	-0.022788
-3.441191e-07	-0.022964
-3.421191e-07	-0.023492
-3.401191e-07	-0.022612
-3.381191e-07	-0.02314
-3.361191e-07	-0.023492
-3.341191e-07	-0.023844
-3.321191e-07	-0.022084
-3.301191e-07	-0.02226
-3.281191e-07	-0.02314
-3.261191e-07	-0.022964
-3.241191e-07	-0.022084
-3.221191e-07	-0.022964
-3.201191e-07	-0.022612
-3.181191e-07	-0.022612
-3.161191e-07	-0.02226
-3.141191e-07	-0.023492
-3.121191e-07	-0.023316
-3.101191e-07	-0.023668
-3.081191e-07	-0.022788
-3.061191e-07	-0.024196
-3.041191e-07	-0.02402
-3.021191e-07	-0.024372
-3.001191e-07	-0.022436
-2.981191e-07	-0.023316
-2.961191e-07	-0.022788
-2.941191e-07	-0.023492
-2.921191e-07	-0.022612
-2.901191e-07	-0.023316
-2.881191e-07	-0.02314
-2.861191e-07	-0.023316
-2.841191e-07	-0.022788
-2.821191e-07	-0.023492
-2.801191e-07	-0.023316
-2.781191e-07	-0.023668
-2.761191e-07	-0.021908
-2.741191e-07	-0.022964
-2.721191e-07	-0.023492
-2.701191e-07	-0.023668
-2.681191e-07	-0.022084
-2.661191e-07	-0.022612
-2.641191e-07	-0.022612
-2.621191e-07	-0.023316
-2.601191e-07	-0.022612
-2.581191e-07	-0.022964
-2.561191e-07	-0.022788
-2.541191e-07	-0.023844
-2.521191e-07	-0.022788
-2.501191e-07	-0.024196
-2.481191e-07	-0.02402
-2.461191e-07	-0.024196
-2.441191e-07	-0.023316
-2.421191e-07	-0.022964
-2.401191e-07	-0.022964
-2.381191e-07	-0.024372
-2.361191e-07	-0.022788
-2.341191e-07	-0.024372
-2.321191e-07	-0.023844
-2.301191e-07	-0.024196
-2.281191e-07	-0.023316
-2.261191e-07	-0.02402
-2.241191e-07	-0.024196
-2.221191e-07	-0.025076
-2.201191e-07	-0.023844
-2.181191e-07	-0.024372
-2.161191e-07	-0.025252
-2.141191e-07	-0.025428
-2.121191e-07	-0.02402
-2.101191e-07	-0.024724
-2.081191e-07	-0.024372
-2.061191e-07	-0.025252
-2.041191e-07	-0.023316
-2.021191e-07	-0.024196
-2.001191e-07	-0.024724
-1.981191e-07	-0.024196
-1.961191e-07	-0.022436
-1.941191e-07	-0.02314
-1.921191e-07	-0.022788
-1.901191e-07	-0.023668
-1.881191e-07	-0.02226
-1.861191e-07	-0.02226
-1.841191e-07	-0.022084
-1.821191e-07	-0.022084
-1.801191e-07	-0.02138
-1.781191e-07	-0.022084
-1.761191e-07	-0.021732
-1.741191e-07	-0.022612
-1.721191e-07	-0.021556
-1.701191e-07	-0.022084
-1.681191e-07	-0.022084
-1.661191e-07	-0.022084
-1.641191e-07	-0.021732
-1.621191e-07	-0.022612
-1.601191e-07	-0.021732
-1.581191e-07	-0.02226
-1.561191e-07	-0.021908
-1.541191e-07	-0.022436
-1.521191e-07	-0.022788
-1.501191e-07	-0.022788
-1.481191e-07	-0.021908
-1.461191e-07	-0.022084
-1.441191e-07	-0.022436
-1.421191e-07	-0.023316
-1.401191e-07	-0.022612
-1.381191e-07	-0.022964
-1.361191e-07	-0.022788
-1.341191e-07	-0.02402
-1.321191e-07	-0.022788
-1.301191e-07	-0.023492
-1.281191e-07	-0.023668
-1.261191e-07	-0.024196
-1.241191e-07	-0.023844
-1.221191e-07	-0.024196
-1.201191e-07	-0.02402
-1.181191e-07	-0.02402
-1.161191e-07	-0.02314
-1.141191e-07	-0.023668
-1.121191e-07	-0.02402
-1.101191e-07	-0.024196
-1.081191e-07	-0.022084
-1.061191e-07	-0.022084
-1.041191e-07	-0.021908
-1.021191e-07	-0.022436
-1.001191e-07	-0.020852
-9.811909e-08	-0.021908
-9.611909e-08	-0.022436
-9.411909e-08	-0.021556
-9.211909e-08	-0.021556
-9.011909e-08	-0.021028
-8.811909e-08	-0.021732
-8.611909e-08	-0.022436
-8.411909e-08	-0.021556
-8.211909e-08	-0.022084
-8.011909e-08	-0.021556
-7.811909e-08	-0.022084
-7.611909e-08	-0.02138
-7.411909e-08	-0.021732
-7.211909e-08	-0.021028
-7.011909e-08	-0.021556
-6.811909e-08	-0.020852
-6.611909e-08	-0.021556
-6.411909e-08	-0.0205
-6.211909e-08	-0.021732
-6.011909e-08	-0.021204
-5.811909e-08	-0.021732
-5.611909e-08	-0.021204
-5.411909e-08	-0.022436
-5.211909e-08	-0.021908
-5.011909e-08	-0.021908
-4.811909e-08	-0.021908
-4.611909e-08	-0.021732
-4.411909e-08	-0.020324
-4.211909e-08	-0.021556
-4.011909e-08	-0.021204
-3.811909e-08	-0.020676
-3.611909e-08	-0.020676
-3.411909e-08	-0.021732
-3.211909e-08	-0.02138
-3.011909e-08	-0.021732
-2.811909e-08	-0.020852
-2.611909e-08	-0.021908
-2.411909e-08	-0.020852
-2.211909e-08	-0.02138
-2.011909e-08	-0.020852
-1.811909e-08	-0.021732
-1.611909e-08	-0.021732
-1.411909e-08	-0.021908
-1.211909e-08	-0.021204
-1.011909e-08	-0.022436
-8.119087e-09	-0.021732
-6.119087e-09	-0.022436
-4.119087e-09	-0.02138
-2.119087e-09	-0.021732
-1.190871e-10	-0.021556
1.880913e-09	-0.021732
3.880913e-09	-0.021204
5.880913e-09	-0.021732
7.880913e-09	-0.021908
9.880913e-09	-0.022084
1.188091e-08	-0.021732
1.388091e-08	-0.021908
1.588091e-08	-0.021556
1.788091e-08	-0.021556
1.988091e-08	-0.021028
2.188091e-08	-0.021204
2.388091e-08	-0.021028
2.588091e-08	-0.021028
2.788091e-08	-0.019796
2.988091e-08	-0.021732
3.188091e-08	-0.021556
3.388091e-08	-0.02138
3.588091e-08	-0.02138
3.788091e-08	-0.022084
3.988091e-08	-0.021556
4.188091e-08	-0.022612
4.388091e-08	-0.021908
4.588091e-08	-0.02226
4.788091e-08	-0.022612
4.988091e-08	-0.023492
5.188091e-08	-0.022612
5.388091e-08	-0.022436
5.588091e-08	-0.022964
5.788091e-08	-0.022436
5.988091e-08	-0.02138
6.188091e-08	-0.022964
6.388091e-08	-0.023316
6.588091e-08	-0.02402
6.788091e-08	-0.022964
6.988091e-08	-0.023492
7.188091e-08	-0.023316
7.388091e-08	-0.02402
7.588091e-08	-0.022964
7.788091e-08	-0.023844
7.988091e-08	-0.022964
8.188091e-08	-0.022964
8.388091e-08	-0.022612
8.588091e-08	-0.023668
8.788091e-08	-0.023844
8.988091e-08	-0.023844
9.188091e-08	-0.02226
9.388091e-08	-0.023492
9.588091e-08	-0.023492
9.788091e-08	-0.023668
9.988091e-08	-0.023492
1.018809e-07	-0.022436
1.038809e-07	-0.02314
1.058809e-07	-0.024196
1.078809e-07	-0.022612
1.098809e-07	-0.023316
1.118809e-07	-0.02314
1.138809e-07	-0.02314
1.158809e-07	-0.022788
1.178809e-07	-0.023492
1.198809e-07	-0.022612
1.218809e-07	-0.023316
1.238809e-07	-0.02226
1.258809e-07	-0.02314
1.278809e-07	-0.022084
1.298809e-07	-0.022436
1.318809e-07	-0.019268
1.338809e-07	-0.014868
1.358809e-07	-0.004308
1.378809e-07	0.01118
1.398809e-07	0.034412
1.418809e-07	0.061164
1.438809e-07	0.090908
1.458809e-07	0.11942
1.478809e-07	0.150748
1.498809e-07	0.178556
1.518809e-07	0.206364
1.538809e-07	0.232412
1.558809e-07	0.2567
1.578809e-07	0.27782
1.598809e-07	0.298412
1.618809e-07	0.316188
1.638809e-07	0.332028
1.658809e-07	0.345756
1.678809e-07	0.358428
1.698809e-07	0.367932
1.718809e-07	0.377084
1.738809e-07	0.384828
1.758809e-07	0.391164
1.778809e-07	0.39486
1.798809e-07	0.398204
1.818809e-07	0.399964
1.838809e-07	0.401724
1.858809e-07	0.400844
1.878809e-07	0.400844
1.898809e-07	0.399436
1.918809e-07	0.397676
1.938809e-07	0.39398
1.958809e-07	0.391516
1.978809e-07	0.38782
1.998809e-07	0.383772
2.018809e-07	0.377964
2.038809e-07	0.373564
2.058809e-07	0.367932
2.078809e-07	0.363004
2.098809e-07	0.357372
2.118809e-07	0.352444
2.138809e-07	0.345756
2.158809e-07	0.339596
2.178809e-07	0.332556
2.198809e-07	0.32622
2.218809e-07	0.31918
2.238809e-07	0.31302
2.258809e-07	0.30598
2.278809e-07	0.300524
2.298809e-07	0.293132
2.318809e-07	0.287148
2.338809e-07	0.281692
2.358809e-07	0.275532
2.378809e-07	0.26902
2.398809e-07	0.263212
2.418809e-07	0.256876
2.438809e-07	0.25142
2.458809e-07	0.244204
2.478809e-07	0.239452
2.498809e-07	0.233292
2.518809e-07	0.226604
2.538809e-07	0.221324
2.558809e-07	0.215868
2.578809e-07	0.209884
2.598809e-07	0.205484
2.618809e-07	0.200204
2.638809e-07	0.195628
2.658809e-07	0.190172
2.678809e-07	0.184716
2.698809e-07	0.180844
2.718809e-07	0.176268
2.738809e-07	0.171692
2.758809e-07	0.167116
2.778809e-07	0.161484
2.798809e-07	0.15814
2.818809e-07	0.153564
2.838809e-07	0.150044
2.858809e-07	0.145468
2.878809e-07	0.142124
2.898809e-07	0.138076
2.918809e-07	0.134204
2.938809e-07	0.129804
2.958809e-07	0.126812
2.978809e-07	0.12294
2.998809e-07	0.120124
3.018809e-07	0.1159
3.038809e-07	0.11414
3.058809e-07	0.110092
3.078809e-07	0.107452
3.098809e-07	0.103932
3.118809e-07	0.102348
3.138809e-07	0.09918
3.158809e-07	0.09654
3.178809e-07	0.093372
3.198809e-07	0.09126
3.218809e-07	0.089148
3.238809e-07	0.086156
3.258809e-07	0.083164
3.278809e-07	0.082284
3.298809e-07	0.079644
3.318809e-07	0.077532
3.338809e-07	0.074364
3.358809e-07	0.072428
3.378809e-07	0.070316
3.398809e-07	0.068028
3.418809e-07	0.066092
3.438809e-07	0.064332
3.458809e-07	0.062044
3.478809e-07	0.059756
3.498809e-07	0.058172
3.518809e-07	0.056236
3.538809e-07	0.055004
3.558809e-07	0.053068
3.578809e-07	0.051836
3.598809e-07	0.050428
3.618809e-07	0.049196
3.638809e-07	0.04726
3.658809e-07	0.045676
3.678809e-07	0.044268
3.698809e-07	0.042508
3.718809e-07	0.041276
3.738809e-07	0.039692
3.758809e-07	0.038988
3.778809e-07	0.037756
3.798809e-07	0.037228
3.818809e-07	0.036348
3.838809e-07	0.035292
3.858809e-07	0.033884
3.878809e-07	0.033708
3.898809e-07	0.032124
3.918809e-07	0.031068
3.938809e-07	0.029836
3.958809e-07	0.02966
3.978809e-07	0.027548
3.998809e-07	0.026316
4.018809e-07	0.025436
4.038809e-07	0.02438
4.058809e-07	0.0235
4.078809e-07	0.023324
4.098809e-07	0.021916
4.118809e-07	0.02086
4.138809e-07	0.0191
4.158809e-07	0.019452
4.178809e-07	0.01822
4.198809e-07	0.018396
4.218809e-07	0.016988
4.238809e-07	0.016108
4.258809e-07	0.015228
4.278809e-07	0.014524
4.298809e-07	0.013468
4.318809e-07	0.012412
4.338809e-07	0.01206
4.358809e-07	0.01118
4.378809e-07	0.0103
4.398809e-07	0.01118
4.418809e-07	0.0103
4.438809e-07	0.009244
4.458809e-07	0.008188
4.478809e-07	0.00766
4.498809e-07	0.007836
4.518809e-07	0.007484
4.538809e-07	0.0059
4.558809e-07	0.0059
4.578809e-07	0.004316
4.598809e-07	0.003964
4.618809e-07	0.003436
4.638809e-07	0.003964
4.658809e-07	0.002908
4.678809e-07	0.002556
4.698809e-07	0.002028
4.718809e-07	0.001852
4.738809e-07	0.000268
4.758809e-07	0.00062
4.778809e-07	-8.4e-05
4.798809e-07	-0.000612
4.818809e-07	-0.000964
4.838809e-07	-0.000964
4.858809e-07	-0.001844
4.878809e-07	-0.001668
4.898809e-07	-0.001668
4.918809e-07	-0.001668
4.938809e-07	-0.002548
4.958809e-07	-0.0029
4.978809e-07	-0.0029
4.998809e-07	-0.0029
5.018809e-07	-0.00378
5.038809e-07	-0.004132
5.058809e-07	-0.003956
5.078809e-07	-0.003956
5.098809e-07	-0.004308
5.118809e-07	-0.00378
5.138809e-07	-0.00466
5.158809e-07	-0.004132
5.178809e-07	-0.005364
5.198809e-07	-0.005012
5.218809e-07	-0.005012
5.238809e-07	-0.005188
5.258809e-07	-0.00642
5.278809e-07	-0.006772
5.298809e-07	-0.006948
5.318809e-07	-0.007652
5.338809e-07	-0.008356
5.358809e-07	-0.008532
5.378809e-07	-0.009588
5.398809e-07	-0.009236
5.418809e-07	-0.009236
5.438809e-07	-0.010116
5.458809e-07	-0.010644
5.478809e-07	-0.009412
5.498809e-07	-0.010468
5.518809e-07	-0.010996
5.538809e-07	-0.0117
5.558809e-07	-0.011348
5.578809e-07	-0.012404
5.598809e-07	-0.012052
5.618809e-07	-0.012932
5.638809e-07	-0.012228
5.658809e-07	-0.013108
5.678809e-07	-0.013636
5.698809e-07	-0.013812
5.718809e-07	-0.013636
5.738809e-07	-0.013636
5.758809e-07	-0.01346
5.778809e-07	-0.013988
5.798809e-07	-0.013812
5.818809e-07	-0.014516
5.838809e-07	-0.014516
5.858809e-07	-0.014692
5.878809e-07	-0.014164
5.898809e-07	-0.01522
5.918809e-07	-0.015572
5.938809e-07	-0.0161
5.958809e-07	-0.015572
5.978809e-07	-0.016276
5.998809e-07	-0.015924
6.018809e-07	-0.01698
6.038809e-07	-0.016452
6.058809e-07	-0.016452
6.078809e-07	-0.017684
6.098809e-07	-0.018036
6.118809e-07	-0.01698
6.138809e-07	-0.017684
6.158809e-07	-0.017508
6.178809e-07	-0.018564
6.198809e-07	-0.018388
6.218809e-07	-0.019268
6.238809e-07	-0.018388
6.258809e-07	-0.01874
6.278809e-07	-0.019092
6.298809e-07	-0.019092
6.318809e-07	-0.018388
6.338809e-07	-0.01874
6.358809e-07	-0.01786
6.378809e-07	-0.018916
6.398809e-07	-0.01874
6.418809e-07	-0.01786
6.438809e-07	-0.018036
6.458809e-07	-0.018916
6.478809e-07	-0.018212
6.498809e-07	-0.018564
6.518809e-07	-0.017332
6.538809e-07	-0.018036
6.558809e-07	-0.01786
6.578809e-07	-0.018036
6.598809e-07	-0.017156
6.618809e-07	-0.018388
6.638809e-07	-0.018036
6.658809e-07	-0.018564
6.678809e-07	-0.017332
6.698809e-07	-0.01874
6.718809e-07	-0.018036
6.738809e-07	-0.01874
6.758809e-07	-0.018388
6.778809e-07	-0.019092
6.798809e-07	-0.01874
6.818809e-07	-0.018916
6.838809e-07	-0.019268
6.858809e-07	-0.020324
6.878809e-07	-0.020324
6.898809e-07	-0.020148
6.918809e-07	-0.019796
6.938809e-07	-0.020324
6.958809e-07	-0.01962
6.978809e-07	-0.019796
6.998809e-07	-0.01962
7.018809e-07	-0.0205
7.038809e-07	-0.020324
7.058809e-07	-0.020676
7.078809e-07	-0.01962
7.098809e-07	-0.019796
7.118809e-07	-0.019796
7.138809e-07	-0.0205
7.158809e-07	-0.019444
7.178809e-07	-0.019796
7.198809e-07	-0.019796
7.218809e-07	-0.019972
7.238809e-07	-0.019444
7.258809e-07	-0.0205
7.278809e-07	-0.019972
7.298809e-07	-0.020324
7.318809e-07	-0.019268
7.338809e-07	-0.0205
7.358809e-07	-0.0205
7.378809e-07	-0.01962
7.398809e-07	-0.019268
7.418809e-07	-0.019796
7.438809e-07	-0.018916
7.458809e-07	-0.019796
7.478809e-07	-0.019444
7.498809e-07	-0.019972
7.518809e-07	-0.019444
7.538809e-07	-0.020676
7.558809e-07	-0.019268
7.578809e-07	-0.020324
7.598809e-07	-0.019796
7.618809e-07	-0.01962
7.638809e-07	-0.018388
7.658809e-07	-0.019444
7.678809e-07	-0.01874
7.698809e-07	-0.019092
7.718809e-07	-0.018212
7.738809e-07	-0.018564
7.758809e-07	-0.018036
7.778809e-07	-0.018916
7.798809e-07	-0.018036
7.818809e-07	-0.018916
7.838809e-07	-0.018036
7.858809e-07	-0.018388
7.878809e-07	-0.017332
7.898809e-07	-0.018916
7.918809e-07	-0.01874
7.938809e-07	-0.01874
7.958809e-07	-0.017684
7.978809e-07	-0.01874
7.998809e-07	-0.018564
8.018809e-07	-0.019444
8.038809e-07	-0.01874
8.058809e-07	-0.019092
8.078809e-07	-0.018916
8.098809e-07	-0.019268
8.118809e-07	-0.018388
8.138809e-07	-0.01874
8.158809e-07	-0.01874
8.178809e-07	-0.019972
8.198809e-07	-0.01874
8.218809e-07	-0.019444
8.238809e-07	-0.01874
8.258809e-07	-0.019092
8.278809e-07	-0.018916
8.298809e-07	-0.018564
8.318809e-07	-0.018212
8.338809e-07	-0.018916
8.358809e-07	-0.018564
8.378809e-07	-0.019268
8.398809e-07	-0.01962
8.418809e-07	-0.020148
8.438809e-07	-0.018916
8.458809e-07	-0.01962
8.478809e-07	-0.01962
8.498809e-07	-0.020148
8.518809e-07	-0.019268
8.538809e-07	-0.019972
8.558809e-07	-0.020324
8.578809e-07	-0.0205
8.598809e-07	-0.019444
8.618809e-07	-0.020324
8.638809e-07	-0.019444
8.658809e-07	-0.020324
8.678809e-07	-0.019796
8.698809e-07	-0.0205
8.718809e-07	-0.020324
8.738809e-07	-0.020324
8.758809e-07	-0.01962
8.778809e-07	-0.019972
8.798809e-07	-0.020148
8.818809e-07	-0.020676
8.838809e-07	-0.019796
8.858809e-07	-0.020324
8.878809e-07	-0.019972
8.898809e-07	-0.021028
8.918809e-07	-0.019796
8.938809e-07	-0.020852
8.958809e-07	-0.0205
8.978809e-07	-0.021908
8.998809e-07	-0.020676
9.018809e-07	-0.021556
9.038809e-07	-0.021028
9.058809e-07	-0.021556
9.078809e-07	-0.020676
9.098809e-07	-0.021556
9.118809e-07	-0.021732
9.138809e-07	-0.021732
9.158809e-07	-0.021556
9.178809e-07	-0.022436
9.198809e-07	-0.02314
9.218809e-07	-0.023316
9.238809e-07	-0.022964
9.258809e-07	-0.023316
9.278809e-07	-0.023492
9.298809e-07	-0.023316
9.318809e-07	-0.021556
9.338809e-07	-0.022436
9.358809e-07	-0.023316
9.378809e-07	-0.022964
9.398809e-07	-0.021908
9.418809e-07	-0.02314
9.438809e-07	-0.022964
9.458809e-07	-0.02402
9.478809e-07	-0.02314
9.498809e-07	-0.024548
9.518809e-07	-0.024372
9.538809e-07	-0.023668
9.558809e-07	-0.022084
9.578809e-07	-0.023492
9.598809e-07	-0.023316
9.618809e-07	-0.023492
9.638809e-07	-0.021908
9.658809e-07	-0.022436
9.678809e-07	-0.022436
9.698809e-07	-0.02314
9.718809e-07	-0.022788
9.738809e-07	-0.023492
9.758809e-07	-0.023316
9.778809e-07	-0.023668
9.798809e-07	-0.022612
9.818809e-07	-0.022788
9.838809e-07	-0.022612
9.858809e-07	-0.022788
9.878809e-07	-0.02226
9.898809e-07	-0.024196
9.918809e-07	-0.022964
9.938809e-07	-0.02402
9.958809e-07	-0.022612
9.978809e-07	-0.023844
9.998809e-07	-0.023668
1.001881e-06	-0.023492
1.003881e-06	-0.022612
1.005881e-06	-0.023668
1.007881e-06	-0.023492
1.009881e-06	-0.02314
1.011881e-06	-0.022964
1.013881e-06	-0.02402
1.015881e-06	-0.02314
1.017881e-06	-0.022788
1.019881e-06	-0.022788
1.021881e-06	-0.022964
1.023881e-06	-0.02314
1.025881e-06	-0.02402
1.027881e-06	-0.022788
1.029881e-06	-0.023668
1.031881e-06	-0.023316
1.033881e-06	-0.023316
1.035881e-06	-0.021732
1.037881e-06	-0.022612
1.039881e-06	-0.022788
1.041881e-06	-0.022788
1.043881e-06	-0.021908
1.045881e-06	-0.02226
1.047881e-06	-0.02314
1.049881e-06	-0.023668
1.051881e-06	-0.022964
1.053881e-06	-0.022964
1.055881e-06	-0.02314
1.057881e-06	-0.02314
1.059881e-06	-0.022436
1.061881e-06	-0.023316
1.063881e-06	-0.023492
1.065881e-06	-0.02402
1.067881e-06	-0.022612
1.069881e-06	-0.023316
1.071881e-06	-0.022788
1.073881e-06	-0.023668
1.075881e-06	-0.022436
1.077881e-06	-0.02314
1.079881e-06	-0.022084
1.081881e-06	-0.02314
1.083881e-06	-0.022084
1.085881e-06	-0.022964
1.087881e-06	-0.022612
1.089881e-06	-0.02314
1.091881e-06	-0.022612
1.093881e-06	-0.022436
1.095881e-06	-0.022788
1.097881e-06	-0.023668
1.099881e-06	-0.022436
1.101881e-06	-0.022788
1.103881e-06	-0.023492
1.105881e-06	-0.023668
1.107881e-06	-0.022788
1.109881e-06	-0.023668
1.111881e-06	-0.023844
1.113881e-06	-0.02402
1.115881e-06	-0.023492
1.117881e-06	-0.024548
1.119881e-06	-0.024196
1.121881e-06	-0.024548
1.123881e-06	-0.022612
1.125881e-06	-0.023492
1.127881e-06	-0.022788
1.129881e-06	-0.022788
1.131881e-06	-0.02226
1.133881e-06	-0.02314
1.135881e-06	-0.021908
1.137881e-06	-0.022788
1.139881e-06	-0.022084
1.141881e-06	-0.02314
1.143881e-06	-0.021732
1.145881e-06	-0.022084
1.147881e-06	-0.021028
1.149881e-06	-0.02138
1.151881e-06	-0.02138
1.153881e-06	-0.022084
1.155881e-06	-0.0205
1.157881e-06	-0.021028
1.159881e-06	-0.0205
1.161881e-06	-0.02138
1.163881e-06	-0.020852
1.165881e-06	-0.021556
1.167881e-06	-0.021204
1.169881e-06	-0.021908
1.171881e-06	-0.021204
1.173881e-06	-0.021908
1.175881e-06	-0.021732
1.177881e-06	-0.021732
1.179881e-06	-0.020852
1.181881e-06	-0.021028
1.183881e-06	-0.020676
1.185881e-06	-0.021556
1.187881e-06	-0.020324
1.189881e-06	-0.020676
1.191881e-06	-0.020676
1.193881e-06	-0.021204
1.195881e-06	-0.020852
1.197881e-06	-0.021556
1.199881e-06	-0.02138
1.201881e-06	-0.021732
1.203881e-06	-0.021028
1.205881e-06	-0.021908
1.207881e-06	-0.021556
1.209881e-06	-0.022436
1.211881e-06	-0.02138
1.213881e-06	-0.02226
1.215881e-06	-0.022084
1.217881e-06	-0.02226
1.219881e-06	-0.021028
1.221881e-06	-0.021732
1.223881e-06	-0.02138
1.225881e-06	-0.022084
1.227881e-06	-0.021028
1.229881e-06	-0.022612
1.231881e-06	-0.02138
1.233881e-06	-0.021732
1.235881e-06	-0.02138
1.237881e-06	-0.022084
1.239881e-06	-0.02138
1.241881e-06	-0.021908
1.243881e-06	-0.020852
1.245881e-06	-0.02226
1.247881e-06	-0.022084
1.249881e-06	-0.022084
1.251881e-06	-0.02138
1.253881e-06	-0.021732
1.255881e-06	-0.02226
1.257881e-06	-0.02226
1.259881e-06	-0.020852
1.261881e-06	-0.021204
1.263881e-06	-0.021028
1.265881e-06	-0.02226
1.267881e-06	-0.0205
1.269881e-06	-0.021028
1.271881e-06	-0.020676
1.273881e-06	-0.021556
1.275881e-06	-0.0205
1.277881e-06	-0.021204
1.279881e-06	-0.02138
1.281881e-06	-0.021908
1.283881e-06	-0.0205
1.285881e-06	-0.02138
1.287881e-06	-0.021028
1.289881e-06	-0.021732
1.291881e-06	-0.020852
1.293881e-06	-0.021908
1.295881e-06	-0.021732
1.297881e-06	-0.022436
1.299881e-06	-0.021556
1.301881e-06	-0.021732
1.303881e-06	-0.021732
1.305881e-06	-0.021908
1.307881e-06	-0.02138
1.309881e-06	-0.021732
1.311881e-06	-0.021028
1.313881e-06	-0.021732
1.315881e-06	-0.020148
1.317881e-06	-0.02138
1.319881e-06	-0.021908
1.321881e-06	-0.02226
1.323881e-06	-0.020852
1.325881e-06	-0.021028
1.327881e-06	-0.020852
1.329881e-06	-0.021556
1.331881e-06	-0.020324
1.333881e-06	-0.02138
1.335881e-06	-0.021028
1.337881e-06	-0.021732
1.339881e-06	-0.020148
1.341881e-06	-0.021732
1.343881e-06	-0.021204
1.345881e-06	-0.021204
1.347881e-06	-0.020324
1.349881e-06	-0.021204
1.351881e-06	-0.02138
1.353881e-06	-0.020852
1.355881e-06	-0.020148
1.357881e-06	-0.0205
1.359881e-06	-0.020676
1.361881e-06	-0.02138
1.363881e-06	-0.019796
1.365881e-06	-0.0205
1.367881e-06	-0.0205
1.369881e-06	-0.020676
1.371881e-06	-0.01962
1.373881e-06	-0.020852
1.375881e-06	-0.020852
1.377881e-06	-0.021908
1.379881e-06	-0.021204
1.381881e-06	-0.021732
1.383881e-06	-0.020852
1.385881e-06	-0.02138
1.387881e-06	-0.020676
1.389881e-06	-0.021556
1.391881e-06	-0.021732
1.393881e-06	-0.02226
1.395881e-06	-0.021204
1.397881e-06	-0.021732
1.399881e-06	-0.021204
1.401881e-06	-0.021732
1.403881e-06	-0.021028
1.405881e-06	-0.02138
1.407881e-06	-0.0205
1.409881e-06	-0.021028
1.411881e-06	-0.020148
1.413881e-06	-0.021028
1.415881e-06	-0.020852
1.417881e-06	-0.020852
1.419881e-06	-0.020324
1.421881e-06	-0.021556
1.423881e-06	-0.021028
1.425881e-06	-0.021204
1.427881e-06	-0.0205
1.429881e-06	-0.02138
1.431881e-06	-0.021556
1.433881e-06	-0.021204
1.435881e-06	-0.0205
1.437881e-06	-0.020324
1.439881e-06	-0.020324
1.441881e-06	-0.019972
1.443881e-06	-0.01874
1.445881e-06	-0.020324
1.447881e-06	-0.020148
1.449881e-06	-0.0205
1.451881e-06	-0.019092
1.453881e-06	-0.019972
1.455881e-06	-0.019268
1.457881e-06	-0.019796
1.459881e-06	-0.018212
1.461881e-06	-0.01874
1.463881e-06	-0.01874
1.465881e-06	-0.019092
1.467881e-06	-0.018564
1.469881e-06	-0.018564
1.471881e-06	-0.018388
1.473881e-06	-0.019092
1.475881e-06	-0.01786
1.477881e-06	-0.019444
1.479881e-06	-0.018916
1.481881e-06	-0.019444
1.483881e-06	-0.018916
1.485881e-06	-0.019444
1.487881e-06	-0.019268
1.489881e-06	-0.019972
1.491881e-06	-0.01962
1.493881e-06	-0.020148
1.495881e-06	-0.01962
1.497881e-06	-0.020852
1.499881e-06	-0.020324
1.501881e-06	-0.021028
1.503881e-06	-0.021204
1.505881e-06	-0.021908
1.507881e-06	-0.020852
1.509881e-06	-0.021556
1.511881e-06	-0.021732
1.513881e-06	-0.021028
1.515881e-06	-0.020676
1.517881e-06	-0.021028
1.519881e-06	-0.020852
1.521881e-06	-0.020852
1.523881e-06	-0.0205
1.525881e-06	-0.021556
1.527881e-06	-0.021556
1.529881e-06	-0.022084
1.531881e-06	-0.021908
1.533881e-06	-0.021556
1.535881e-06	-0.02226
1.537881e-06	-0.022612
1.539881e-06	-0.021732
1.541881e-06	-0.02226
1.543881e-06	-0.022436
1.545881e-06	-0.022964
1.547881e-06	-0.022964
1.549881e-06	-0.02314
1.551881e-06	-0.022436
1.553881e-06	-0.02314
1.555881e-06	-0.02226
1.557881e-06	-0.023668
1.559881e-06	-0.023844
1.561881e-06	-0.023668
1.563881e-06	-0.022964
1.565881e-06	-0.02402
1.567881e-06	-0.02402
1.569881e-06	-0.024372
1.571881e-06	-0.023844
1.573881e-06	-0.023316
1.575881e-06	-0.023316
1.577881e-06	-0.023668
1.579881e-06	-0.022788
1.581881e-06	-0.02226
1.583881e-06	-0.022436
1.585881e-06	-0.022436
1.587881e-06	-0.021908
1.589881e-06	-0.022436
1.591881e-06	-0.02138
1.593881e-06	-0.021732
1.595881e-06	-0.020852
1.597881e-06	-0.021556
1.599881e-06	-0.020852
1.601881e-06	-0.021204
1.603881e-06	-0.02138
1.605881e-06	-0.021028
1.607881e-06	-0.021028
1.609881e-06	-0.020852
1.611881e-06	-0.020148
1.613881e-06	-0.021028
1.615881e-06	-0.020852
1.617881e-06	-0.021028
1.619881e-06	-0.020148
1.621881e-06	-0.020676
1.623881e-06	-0.020148
1.625881e-06	-0.020148
1.627881e-06	-0.019972
1.629881e-06	-0.0205
1.631881e-06	-0.0205
1.633881e-06	-0.020852
1.635881e-06	-0.020324
1.637881e-06	-0.021204
1.639881e-06	-0.020324
1.641881e-06	-0.021028
1.643881e-06	-0.0205
1.645881e-06	-0.020852
1.647881e-06	-0.019972
1.649881e-06	-0.021204
1.651881e-06	-0.02138
1.653881e-06	-0.021556
1.655881e-06	-0.021732
1.657881e-06	-0.021908
1.659881e-06	-0.021732
1.661881e-06	-0.022084
1.663881e-06	-0.022612
1.665881e-06	-0.02226
1.667881e-06	-0.021732
1.669881e-06	-0.022436
1.671881e-06	-0.022084
1.673881e-06	-0.022788
1.675881e-06	-0.021028
1.677881e-06	-0.021028
1.679881e-06	-0.021556
1.681881e-06	-0.02226
1.683881e-06	-0.02138
1.685881e-06	-0.02138
1.687881e-06	-0.02138
1.689881e-06	-0.021908
1.691881e-06	-0.021204
1.693881e-06	-0.022084
1.695881e-06	-0.022612
1.697881e-06	-0.022612
1.699881e-06	-0.021732
1.701881e-06	-0.022436
1.703881e-06	-0.022436
1.705881e-06	-0.02314
1.707881e-06	-0.022084
1.709881e-06	-0.022612
1.711881e-06	-0.022612
1.713881e-06	-0.02226
1.715881e-06	-0.021732
1.717881e-06	-0.021732
1.719881e-06	-0.02226
1.721881e-06	-0.022964
1.723881e-06	-0.02226
1.725881e-06	-0.02314
1.727881e-06	-0.02226
1.729881e-06	-0.023492
1.731881e-06	-0.022084
1.733881e-06	-0.02226
1.735881e-06	-0.022788
1.737881e-06	-0.023492
1.739881e-06	-0.021908
1.741881e-06	-0.022612
1.743881e-06	-0.02226
1.745881e-06	-0.02314
1.747881e-06	-0.022788
1.749881e-06	-0.022964
1.751881e-06	-0.022612
1.753881e-06	-0.022788
1.755881e-06	-0.022612
1.757881e-06	-0.022788
1.759881e-06	-0.022788
1.761881e-06	-0.023316
1.763881e-06	-0.022788
1.765881e-06	-0.022964
1.767881e-06	-0.023668
1.769881e-06	-0.023492
1.771881e-06	-0.023492
1.773881e-06	-0.024196
1.775881e-06	-0.023668
1.777881e-06	-0.024196
1.779881e-06	-0.023668
1.781881e-06	-0.02402
1.783881e-06	-0.024196
1.785881e-06	-0.024196
1.787881e-06	-0.023668
1.789881e-06	-0.023844
1.791881e-06	-0.023844
1.793881e-06	-0.02402
1.795881e-06	-0.023668
1.797881e-06	-0.024372
1.799881e-06	-0.023668
1.801881e-06	-0.024372
1.803881e-06	-0.02314
1.805881e-06	-0.02402
1.807881e-06	-0.023844
1.809881e-06	-0.02402
1.811881e-06	-0.022084
1.813881e-06	-0.023316
1.815881e-06	-0.023668
1.817881e-06	-0.023668
1.819881e-06	-0.022964
1.821881e-06	-0.024372
1.823881e-06	-0.024196
1.825881e-06	-0.024372
1.827881e-06	-0.023492
1.829881e-06	-0.023492
1.831881e-06	-0.023844
1.833881e-06	-0.023844
1.835881e-06	-0.023316
1.837881e-06	-0.023844
1.839881e-06	-0.024196
1.841881e-06	-0.023844
1.843881e-06	-0.022612
1.845881e-06	-0.022964
1.847881e-06	-0.02314
1.849881e-06	-0.023492
1.851881e-06	-0.021908
1.853881e-06	-0.022612
1.855881e-06	-0.023316
1.857881e-06	-0.023316
1.859881e-06	-0.02226
1.861881e-06	-0.022612
1.863881e-06	-0.022788
1.865881e-06	-0.022964
1.867881e-06	-0.021732
1.869881e-06	-0.022788
1.871881e-06	-0.022084
1.873881e-06	-0.022436
1.875881e-06	-0.021556
1.877881e-06	-0.022612
1.879881e-06	-0.022084
1.881881e-06	-0.02226
1.883881e-06	-0.021732
1.885881e-06	-0.022436
1.887881e-06	-0.02226
1.889881e-06	-0.02226
1.891881e-06	-0.021204
1.893881e-06	-0.02226
1.895881e-06	-0.02226
1.897881e-06	-0.022964
1.899881e-06	-0.022788
1.901881e-06	-0.023316
1.903881e-06	-0.02226
1.905881e-06	-0.023844
1.907881e-06	-0.022788
1.909881e-06	-0.022964
1.911881e-06	-0.022788
1.913881e-06	-0.022788
1.915881e-06	-0.022436
1.917881e-06	-0.022788
1.919881e-06	-0.022788
1.921881e-06	-0.022612
1.923881e-06	-0.022964
1.925881e-06	-0.02314
1.927881e-06	-0.023316
1.929881e-06	-0.023316
1.931881e-06	-0.023668
1.933881e-06	-0.023844
1.935881e-06	-0.023316
1.937881e-06	-0.023492
1.939881e-06	-0.02314
1.941881e-06	-0.02314
1.943881e-06	-0.023492
1.945881e-06	-0.023668
1.947881e-06	-0.022612
1.949881e-06	-0.023668
1.951881e-06	-0.023492
1.953881e-06	-0.024196
1.955881e-06	-0.022964
1.957881e-06	-0.02402
1.959881e-06	-0.023668
1.961881e-06	-0.023492
1.963881e-06	-0.02314
1.965881e-06	-0.024196
1.967881e-06	-0.02314
1.969881e-06	-0.023316
1.971881e-06	-0.023492
1.973881e-06	-0.02402
1.975881e-06	-0.023844
1.977881e-06	-0.024372
1.979881e-06	-0.022788
1.981881e-06	-0.023316
1.983881e-06	-0.024372
1.985881e-06	-0.024196
1.987881e-06	-0.023844
1.989881e-06	-0.023844
1.991881e-06	-0.02402
1.993881e-06	-0.023492
1.995881e-06	-0.023492
1.997881e-06	-0.024548
1.999881e-06	-0.02402
2.001881e-06	-0.024724
2.003881e-06	-0.023668
2.005881e-06	-0.025076
2.007881e-06	-0.024724
2.009881e-06	-0.024372
2.011881e-06	-0.023668
2.013881e-06	-0.024724
2.015881e-06	-0.025076
2.017881e-06	-0.024724
2.019881e-06	-0.024196
2.021881e-06	-0.0249
2.023881e-06	-0.0249
2.025881e-06	-0.025252
2.027881e-06	-0.023844
2.029881e-06	-0.024372
2.031881e-06	-0.024196
2.033881e-06	-0.024372
2.035881e-06	-0.023492
2.037881e-06	-0.024548
2.039881e-06	-0.023668
2.041881e-06	-0.025076
2.043881e-06	-0.022964
2.045881e-06	-0.024372
2.047881e-06	-0.024548
2.049881e-06	-0.024548
2.051881e-06	-0.023668
2.053881e-06	-0.024724
2.055881e-06	-0.024372
2.057881e-06	-0.0249
2.059881e-06	-0.023316
2.061881e-06	-0.024196
2.063881e-06	-0.02402
2.065881e-06	-0.025076
2.067881e-06	-0.023844
2.069881e-06	-0.024548
2.071881e-06	-0.025076
2.073881e-06	-0.024724
2.075881e-06	-0.023844
2.077881e-06	-0.02402
2.079881e-06	-0.024196
2.081881e-06	-0.024196
2.083881e-06	-0.022964
2.085881e-06	-0.024724
2.087881e-06	-0.022788
2.089881e-06	-0.024548
2.091881e-06	-0.02314
2.093881e-06	-0.022964
2.095881e-06	-0.023492
2.097881e-06	-0.02314
2.099881e-06	-0.021908
2.101881e-06	-0.02226
2.103881e-06	-0.022612
2.105881e-06	-0.022436
2.107881e-06	-0.021028
2.109881e-06	-0.022436
2.111881e-06	-0.021732
2.113881e-06	-0.021908
2.115881e-06	-0.021204
2.117881e-06	-0.022612
2.119881e-06	-0.022084
2.121881e-06	-0.022612
2.123881e-06	-0.02138
2.125881e-06	-0.022084
2.127881e-06	-0.02138
2.129881e-06	-0.021908
2.131881e-06	-0.02138
2.133881e-06	-0.021732
2.135881e-06	-0.021732
2.137881e-06	-0.02138
2.139881e-06	-0.021028
2.141881e-06	-0.02226
2.143881e-06	-0.021908
2.145881e-06	-0.022612
2.147881e-06	-0.021908
2.149881e-06	-0.021908
2.151881e-06	-0.021732
2.153881e-06	-0.022788
2.155881e-06	-0.021908
2.157881e-06	-0.022436
2.159881e-06	-0.022084
2.161881e-06	-0.022612
2.163881e-06	-0.02138
2.165881e-06	-0.021204
2.167881e-06	-0.021028
2.169881e-06	-0.021732
2.171881e-06	-0.021556
2.173881e-06	-0.022084
2.175881e-06	-0.02138
2.177881e-06	-0.021908
2.179881e-06	-0.020852
2.181881e-06	-0.022084
2.183881e-06	-0.021732
2.185881e-06	-0.021204
2.187881e-06	-0.022084
2.189881e-06	-0.022084
2.191881e-06	-0.022436
2.193881e-06	-0.022788
2.195881e-06	-0.02226
2.197881e-06	-0.022612
2.199881e-06	-0.022436
2.201881e-06	-0.022084
2.203881e-06	-0.020852
2.205881e-06	-0.022788
2.207881e-06	-0.022612
2.209881e-06	-0.022788
2.211881e-06	-0.021732
2.213881e-06	-0.022084
2.215881e-06	-0.021732
2.217881e-06	-0.022612
2.219881e-06	-0.021556
2.221881e-06	-0.02226
2.223881e-06	-0.021732
2.225881e-06	-0.021556
2.227881e-06	-0.02138
2.229881e-06	-0.021556
2.231881e-06	-0.0205
2.233881e-06	-0.022084
2.235881e-06	-0.020676
2.237881e-06	-0.021556
2.239881e-06	-0.021908
2.241881e-06	-0.022084
2.243881e-06	-0.021204
2.245881e-06	-0.021556
2.247881e-06	-0.020148
2.249881e-06	-0.021556
2.251881e-06	-0.020676
2.253881e-06	-0.021204
2.255881e-06	-0.021028
2.257881e-06	-0.02138
2.259881e-06	-0.020324
2.261881e-06	-0.021732
2.263881e-06	-0.021028
2.265881e-06	-0.021556
2.267881e-06	-0.020676
2.269881e-06	-0.021908
2.271881e-06	-0.022436
2.273881e-06	-0.022436
2.275881e-06	-0.020852
2.277881e-06	-0.021556
2.279881e-06	-0.020852
2.281881e-06	-0.021028
2.283881e-06	-0.019972
2.285881e-06	-0.020852
2.287881e-06	-0.020852
2.289881e-06	-0.021908
2.291881e-06	-0.0205
2.293881e-06	-0.02138
2.295881e-06	-0.021028
2.297881e-06	-0.021556
2.299881e-06	-0.021204
2.301881e-06	-0.021556
2.303881e-06	-0.021732
2.305881e-06	-0.02226
2.307881e-06	-0.020852
2.309881e-06	-0.02226
2.311881e-06	-0.021204
2.313881e-06	-0.021908
2.315881e-06	-0.021204
2.317881e-06	-0.021732
2.319881e-06	-0.022084
2.321881e-06	-0.021732
2.323881e-06	-0.020324
2.325881e-06	-0.021732
2.327881e-06	-0.021732
2.329881e-06	-0.02138
2.331881e-06	-0.020852
2.333881e-06	-0.02138
2.335881e-06	-0.022084
2.337881e-06	-0.021732
2.339881e-06	-0.020324
2.341881e-06	-0.021732
2.343881e-06	-0.021028
2.345881e-06	-0.021908
2.347881e-06	-0.020852
2.349881e-06	-0.021204
2.351881e-06	-0.02138
2.353881e-06	-0.022436
2.355881e-06	-0.021204
2.357881e-06	-0.022084
2.359881e-06	-0.02226
2.361881e-06	-0.022612
2.363881e-06	-0.021732
2.365881e-06	-0.022084
2.367881e-06	-0.021908
2.369881e-06	-0.022436
2.371881e-06	-0.020676
2.373881e-06	-0.021204
2.375881e-06	-0.021204
2.377881e-06	-0.02226
2.379881e-06	-0.020852
2.381881e-06	-0.02138
2.383881e-06	-0.020676
2.385881e-06	-0.021028
2.387881e-06	-0.01962
2.389881e-06	-0.020676
2.391881e-06	-0.019796
2.393881e-06	-0.0205
2.395881e-06	-0.019268
2.397881e-06	-0.019796
2.399881e-06	-0.019972
2.401881e-06	-0.019796
2.403881e-06	-0.01962
2.405881e-06	-0.021204
2.407881e-06	-0.020676
2.409881e-06	-0.020676
2.411881e-06	-0.01962
2.413881e-06	-0.020676
2.415881e-06	-0.019268
2.417881e-06	-0.020324
2.419881e-06	-0.020148
2.421881e-06	-0.020852
2.423881e-06	-0.020676
2.425881e-06	-0.020852
2.427881e-06	-0.01962
2.429881e-06	-0.020324
2.431881e-06	-0.020148
2.433881e-06	-0.020676
2.435881e-06	-0.020324
2.437881e-06	-0.021204
2.439881e-06	-0.0205
2.441881e-06	-0.021028
2.443881e-06	-0.019268
2.445881e-06	-0.0205
2.447881e-06	-0.019796
2.449881e-06	-0.021028
2.451881e-06	-0.019972
2.453881e-06	-0.020148
2.455881e-06	-0.01962
2.457881e-06	-0.020324
2.459881e-06	-0.01874
2.461881e-06	-0.019796
2.463881e-06	-0.019092
2.465881e-06	-0.020676
2.467881e-06	-0.019092
2.469881e-06	-0.01962
2.471881e-06	-0.019444
2.473881e-06	-0.020324
2.475881e-06	-0.019444
2.477881e-06	-0.019796
2.479881e-06	-0.019972
2.481881e-06	-0.02138
2.483881e-06	-0.0205
2.485881e-06	-0.021028
2.487881e-06	-0.020148
2.489881e-06	-0.0205
2.491881e-06	-0.019796
2.493881e-06	-0.020148
2.495881e-06	-0.019796
2.497881e-06	-0.019796
2.499881e-06	-0.019444
2.501881e-06	-0.019796
