LECROYHDO6104A	50809	Waveform
Segments	1	SegmentSize	2502
Segment	TrigTime	TimeSinceSegment1
#1	19-Dec-2022 19:43:41	0                 
Time	Ampl
-2.501872e-06	-0.0193024
-2.499872e-06	-0.0195584
-2.497872e-06	-0.0193792
-2.495872e-06	-0.0192256
-2.493872e-06	-0.0191488
-2.491872e-06	-0.019072
-2.489872e-06	-0.019072
-2.487872e-06	-0.0190464
-2.485872e-06	-0.0192256
-2.483872e-06	-0.019072
-2.481872e-06	-0.018816
-2.479872e-06	-0.0190976
-2.477872e-06	-0.0189952
-2.475872e-06	-0.0191232
-2.473872e-06	-0.0188928
-2.471872e-06	-0.018816
-2.469872e-06	-0.0185344
-2.467872e-06	-0.0185344
-2.465872e-06	-0.0182784
-2.463872e-06	-0.0182272
-2.461872e-06	-0.0180992
-2.459872e-06	-0.0180992
-2.457872e-06	-0.0178688
-2.455872e-06	-0.018048
-2.453872e-06	-0.0179456
-2.451872e-06	-0.0179968
-2.449872e-06	-0.0173824
-2.447872e-06	-0.017408
-2.445872e-06	-0.0173824
-2.443872e-06	-0.0171264
-2.441872e-06	-0.0170496
-2.439872e-06	-0.017024
-2.437872e-06	-0.0172544
-2.435872e-06	-0.0173824
-2.433872e-06	-0.01728
-2.431872e-06	-0.0174592
-2.429872e-06	-0.0177408
-2.427872e-06	-0.0178176
-2.425872e-06	-0.0176384
-2.423872e-06	-0.0181248
-2.421872e-06	-0.018176
-2.419872e-06	-0.0180736
-2.417872e-06	-0.0181248
-2.415872e-06	-0.0181504
-2.413872e-06	-0.0180736
-2.411872e-06	-0.0181504
-2.409872e-06	-0.0180992
-2.407872e-06	-0.017792
-2.405872e-06	-0.0174848
-2.403872e-06	-0.0176896
-2.401872e-06	-0.017536
-2.399872e-06	-0.0174848
-2.397872e-06	-0.017536
-2.395872e-06	-0.0176128
-2.393872e-06	-0.017536
-2.391872e-06	-0.0176384
-2.389872e-06	-0.0177664
-2.387872e-06	-0.017792
-2.385872e-06	-0.0177152
-2.383872e-06	-0.017664
-2.381872e-06	-0.0174848
-2.379872e-06	-0.017792
-2.377872e-06	-0.0178432
-2.375872e-06	-0.0178432
-2.373872e-06	-0.0179456
-2.371872e-06	-0.0182016
-2.369872e-06	-0.0185088
-2.367872e-06	-0.0183552
-2.365872e-06	-0.018176
-2.363872e-06	-0.01856
-2.361872e-06	-0.0183296
-2.359872e-06	-0.0184064
-2.357872e-06	-0.0184576
-2.355872e-06	-0.018688
-2.353872e-06	-0.0186368
-2.351872e-06	-0.0187648
-2.349872e-06	-0.0186112
-2.347872e-06	-0.0185856
-2.345872e-06	-0.0186112
-2.343872e-06	-0.0185344
-2.341872e-06	-0.018688
-2.339872e-06	-0.0183552
-2.337872e-06	-0.0183296
-2.335872e-06	-0.0180736
-2.333872e-06	-0.0179712
-2.331872e-06	-0.0179712
-2.329872e-06	-0.018048
-2.327872e-06	-0.018048
-2.325872e-06	-0.0179968
-2.323872e-06	-0.0180224
-2.321872e-06	-0.0180992
-2.319872e-06	-0.01792
-2.317872e-06	-0.0179456
-2.315872e-06	-0.0180736
-2.313872e-06	-0.0179456
-2.311872e-06	-0.018048
-2.309872e-06	-0.0179712
-2.307872e-06	-0.018176
-2.305872e-06	-0.01792
-2.303872e-06	-0.0180736
-2.301872e-06	-0.0181504
-2.299872e-06	-0.0185088
-2.297872e-06	-0.0182528
-2.295872e-06	-0.0184832
-2.293872e-06	-0.0187648
-2.291872e-06	-0.018944
-2.289872e-06	-0.019072
-2.287872e-06	-0.0192
-2.285872e-06	-0.0193792
-2.283872e-06	-0.019328
-2.281872e-06	-0.0192512
-2.279872e-06	-0.0193536
-2.277872e-06	-0.0192768
-2.275872e-06	-0.019456
-2.273872e-06	-0.019456
-2.271872e-06	-0.0193792
-2.269872e-06	-0.0192512
-2.267872e-06	-0.0190976
-2.265872e-06	-0.0189696
-2.263872e-06	-0.019072
-2.261872e-06	-0.0191232
-2.259872e-06	-0.0193024
-2.257872e-06	-0.019456
-2.255872e-06	-0.0194048
-2.253872e-06	-0.019328
-2.251872e-06	-0.019584
-2.249872e-06	-0.0195072
-2.247872e-06	-0.0194816
-2.245872e-06	-0.0193536
-2.243872e-06	-0.0190208
-2.241872e-06	-0.0186368
-2.239872e-06	-0.0189696
-2.237872e-06	-0.0189952
-2.235872e-06	-0.0187648
-2.233872e-06	-0.0184064
-2.231872e-06	-0.0182272
-2.229872e-06	-0.0183296
-2.227872e-06	-0.0181504
-2.225872e-06	-0.017792
-2.223872e-06	-0.0176384
-2.221872e-06	-0.0174592
-2.219872e-06	-0.0176384
-2.217872e-06	-0.0175104
-2.215872e-06	-0.0176384
-2.213872e-06	-0.0174336
-2.211872e-06	-0.0174848
-2.209872e-06	-0.0172544
-2.207872e-06	-0.017664
-2.205872e-06	-0.0178176
-2.203872e-06	-0.0178432
-2.201872e-06	-0.0177664
-2.199872e-06	-0.0176384
-2.197872e-06	-0.0178176
-2.195872e-06	-0.0182272
-2.193872e-06	-0.0181504
-2.191872e-06	-0.018304
-2.189872e-06	-0.0179456
-2.187872e-06	-0.0180736
-2.185872e-06	-0.0180736
-2.183872e-06	-0.0180992
-2.181872e-06	-0.018176
-2.179872e-06	-0.0184832
-2.177872e-06	-0.0186112
-2.175872e-06	-0.0186368
-2.173872e-06	-0.0186624
-2.171872e-06	-0.0193024
-2.169872e-06	-0.0192256
-2.167872e-06	-0.0195584
-2.165872e-06	-0.0195584
-2.163872e-06	-0.019968
-2.161872e-06	-0.01984
-2.159872e-06	-0.0199424
-2.157872e-06	-0.0201472
-2.155872e-06	-0.0199424
-2.153872e-06	-0.019712
-2.151872e-06	-0.0196608
-2.149872e-06	-0.0197888
-2.147872e-06	-0.0199936
-2.145872e-06	-0.01984
-2.143872e-06	-0.020224
-2.141872e-06	-0.0203008
-2.139872e-06	-0.02048
-2.137872e-06	-0.0203776
-2.135872e-06	-0.0203776
-2.133872e-06	-0.0204544
-2.131872e-06	-0.0208128
-2.129872e-06	-0.0206848
-2.127872e-06	-0.0208384
-2.125872e-06	-0.020864
-2.123872e-06	-0.0210688
-2.121872e-06	-0.0208384
-2.119872e-06	-0.0209664
-2.117872e-06	-0.0211968
-2.115872e-06	-0.0217344
-2.113872e-06	-0.0218368
-2.111872e-06	-0.022016
-2.109872e-06	-0.0219648
-2.107872e-06	-0.0220928
-2.105872e-06	-0.0218368
-2.103872e-06	-0.0217344
-2.101872e-06	-0.0218368
-2.099872e-06	-0.0218624
-2.097872e-06	-0.0213248
-2.095872e-06	-0.0210688
-2.093872e-06	-0.0205568
-2.091872e-06	-0.0205312
-2.089872e-06	-0.0201728
-2.087872e-06	-0.0197376
-2.085872e-06	-0.0196352
-2.083872e-06	-0.0196096
-2.081872e-06	-0.019328
-2.079872e-06	-0.019072
-2.077872e-06	-0.0189696
-2.075872e-06	-0.018816
-2.073872e-06	-0.0187136
-2.071872e-06	-0.018304
-2.069872e-06	-0.018176
-2.067872e-06	-0.0181504
-2.065872e-06	-0.0180736
-2.063872e-06	-0.018176
-2.061872e-06	-0.0179712
-2.059872e-06	-0.0180736
-2.057872e-06	-0.0182016
-2.055872e-06	-0.018304
-2.053872e-06	-0.0182016
-2.051872e-06	-0.0178944
-2.049872e-06	-0.0179968
-2.047872e-06	-0.0179968
-2.045872e-06	-0.0178944
-2.043872e-06	-0.0177664
-2.041872e-06	-0.0174592
-2.039872e-06	-0.017408
-2.037872e-06	-0.0171776
-2.035872e-06	-0.017152
-2.033872e-06	-0.0172544
-2.031872e-06	-0.0177408
-2.029872e-06	-0.0178176
-2.027872e-06	-0.01792
-2.025872e-06	-0.017792
-2.023872e-06	-0.0178176
-2.021872e-06	-0.0178432
-2.019872e-06	-0.0180992
-2.017872e-06	-0.018176
-2.015872e-06	-0.018304
-2.013872e-06	-0.0184832
-2.011872e-06	-0.0186112
-2.009872e-06	-0.0185088
-2.007872e-06	-0.0186112
-2.005872e-06	-0.018944
-2.003872e-06	-0.0192256
-2.001872e-06	-0.0194816
-1.999872e-06	-0.0196352
-1.997872e-06	-0.019712
-1.995872e-06	-0.01984
-1.993872e-06	-0.0193792
-1.991872e-06	-0.0200192
-1.989872e-06	-0.0204288
-1.987872e-06	-0.0201472
-1.985872e-06	-0.0201728
-1.983872e-06	-0.0200192
-1.981872e-06	-0.0200448
-1.979872e-06	-0.019712
-1.977872e-06	-0.0192512
-1.975872e-06	-0.0189696
-1.973872e-06	-0.0193024
-1.971872e-06	-0.0196864
-1.969872e-06	-0.0197888
-1.967872e-06	-0.0198656
-1.965872e-06	-0.019712
-1.963872e-06	-0.0195328
-1.961872e-06	-0.0195328
-1.959872e-06	-0.0194816
-1.957872e-06	-0.019712
-1.955872e-06	-0.019584
-1.953872e-06	-0.0194048
-1.951872e-06	-0.0193536
-1.949872e-06	-0.0193792
-1.947872e-06	-0.0195328
-1.945872e-06	-0.0192256
-1.943872e-06	-0.0191488
-1.941872e-06	-0.0192768
-1.939872e-06	-0.0191744
-1.937872e-06	-0.0191744
-1.935872e-06	-0.0193024
-1.933872e-06	-0.0193792
-1.931872e-06	-0.0193792
-1.929872e-06	-0.0196864
-1.927872e-06	-0.0199424
-1.925872e-06	-0.020224
-1.923872e-06	-0.020096
-1.921872e-06	-0.0200448
-1.919872e-06	-0.0201984
-1.917872e-06	-0.0202752
-1.915872e-06	-0.0204544
-1.913872e-06	-0.0201472
-1.911872e-06	-0.0203776
-1.909872e-06	-0.020608
-1.907872e-06	-0.0205312
-1.905872e-06	-0.020224
-1.903872e-06	-0.0204032
-1.901872e-06	-0.0205568
-1.899872e-06	-0.0207616
-1.897872e-06	-0.0208128
-1.895872e-06	-0.0207616
-1.893872e-06	-0.0205824
-1.891872e-06	-0.0207872
-1.889872e-06	-0.0208384
-1.887872e-06	-0.0209408
-1.885872e-06	-0.0212224
-1.883872e-06	-0.0213504
-1.881872e-06	-0.021248
-1.879872e-06	-0.0210432
-1.877872e-06	-0.0212224
-1.875872e-06	-0.0209408
-1.873872e-06	-0.021376
-1.871872e-06	-0.0211456
-1.869872e-06	-0.0211968
-1.867872e-06	-0.0209664
-1.865872e-06	-0.0201984
-1.863872e-06	-0.0203264
-1.861872e-06	-0.0203264
-1.859872e-06	-0.0200448
-1.857872e-06	-0.0197376
-1.855872e-06	-0.0198912
-1.853872e-06	-0.0198912
-1.851872e-06	-0.0199168
-1.849872e-06	-0.0199168
-1.847872e-06	-0.0197888
-1.845872e-06	-0.0197376
-1.843872e-06	-0.0200448
-1.841872e-06	-0.0199168
-1.839872e-06	-0.0202752
-1.837872e-06	-0.0204544
-1.835872e-06	-0.020352
-1.833872e-06	-0.019584
-1.831872e-06	-0.0195584
-1.829872e-06	-0.0197888
-1.827872e-06	-0.019584
-1.825872e-06	-0.0192
-1.823872e-06	-0.018944
-1.821872e-06	-0.0192
-1.819872e-06	-0.0194304
-1.817872e-06	-0.0194048
-1.815872e-06	-0.0191488
-1.813872e-06	-0.0190208
-1.811872e-06	-0.0190464
-1.809872e-06	-0.0191744
-1.807872e-06	-0.0193536
-1.805872e-06	-0.019712
-1.803872e-06	-0.0198912
-1.801872e-06	-0.0197376
-1.799872e-06	-0.0195584
-1.797872e-06	-0.0198656
-1.795872e-06	-0.0203776
-1.793872e-06	-0.0203008
-1.791872e-06	-0.0199936
-1.789872e-06	-0.0200192
-1.787872e-06	-0.0204032
-1.785872e-06	-0.0202496
-1.783872e-06	-0.0203776
-1.781872e-06	-0.020224
-1.779872e-06	-0.0203776
-1.777872e-06	-0.0204288
-1.775872e-06	-0.0203008
-1.773872e-06	-0.0202496
-1.771872e-06	-0.0202752
-1.769872e-06	-0.0205056
-1.767872e-06	-0.0207616
-1.765872e-06	-0.0206592
-1.763872e-06	-0.0208128
-1.761872e-06	-0.020864
-1.759872e-06	-0.0210432
-1.757872e-06	-0.02112
-1.755872e-06	-0.0209664
-1.753872e-06	-0.0208896
-1.751872e-06	-0.0211712
-1.749872e-06	-0.0211968
-1.747872e-06	-0.02112
-1.745872e-06	-0.0212224
-1.743872e-06	-0.0213504
-1.741872e-06	-0.0212224
-1.739872e-06	-0.0211712
-1.737872e-06	-0.0209152
-1.735872e-06	-0.0209408
-1.733872e-06	-0.0211968
-1.731872e-06	-0.0209408
-1.729872e-06	-0.0205312
-1.727872e-06	-0.0206336
-1.725872e-06	-0.0206336
-1.723872e-06	-0.0204544
-1.721872e-06	-0.0201984
-1.719872e-06	-0.020224
-1.717872e-06	-0.0205568
-1.715872e-06	-0.0204544
-1.713872e-06	-0.020352
-1.711872e-06	-0.0202752
-1.709872e-06	-0.020096
-1.707872e-06	-0.0202496
-1.705872e-06	-0.0201728
-1.703872e-06	-0.0204544
-1.701872e-06	-0.0204032
-1.699872e-06	-0.0205824
-1.697872e-06	-0.0202752
-1.695872e-06	-0.0205824
-1.693872e-06	-0.0206848
-1.691872e-06	-0.0206336
-1.689872e-06	-0.02048
-1.687872e-06	-0.0207104
-1.685872e-06	-0.0205568
-1.683872e-06	-0.0204544
-1.681872e-06	-0.0199936
-1.679872e-06	-0.020096
-1.677872e-06	-0.0201472
-1.675872e-06	-0.0203264
-1.673872e-06	-0.0201216
-1.671872e-06	-0.0200448
-1.669872e-06	-0.02048
-1.667872e-06	-0.02048
-1.665872e-06	-0.0203264
-1.663872e-06	-0.020224
-1.661872e-06	-0.0201728
-1.659872e-06	-0.0205056
-1.657872e-06	-0.0204288
-1.655872e-06	-0.0199424
-1.653872e-06	-0.0197888
-1.651872e-06	-0.0199424
-1.649872e-06	-0.0198144
-1.647872e-06	-0.0196864
-1.645872e-06	-0.0197888
-1.643872e-06	-0.01984
-1.641872e-06	-0.0195072
-1.639872e-06	-0.0192
-1.637872e-06	-0.0190976
-1.635872e-06	-0.0191232
-1.633872e-06	-0.0190464
-1.631872e-06	-0.0191744
-1.629872e-06	-0.0192
-1.627872e-06	-0.019328
-1.625872e-06	-0.0193792
-1.623872e-06	-0.0189952
-1.621872e-06	-0.019072
-1.619872e-06	-0.0193536
-1.617872e-06	-0.0194816
-1.615872e-06	-0.019456
-1.613872e-06	-0.019328
-1.611872e-06	-0.0195072
-1.609872e-06	-0.0193792
-1.607872e-06	-0.0196096
-1.605872e-06	-0.0197632
-1.603872e-06	-0.0197376
-1.601872e-06	-0.0197888
-1.599872e-06	-0.0199936
-1.597872e-06	-0.0201216
-1.595872e-06	-0.0201984
-1.593872e-06	-0.0201216
-1.591872e-06	-0.0203008
-1.589872e-06	-0.0205568
-1.587872e-06	-0.0208384
-1.585872e-06	-0.0206592
-1.583872e-06	-0.0207104
-1.581872e-06	-0.0210432
-1.579872e-06	-0.0212992
-1.577872e-06	-0.0213504
-1.575872e-06	-0.0212992
-1.573872e-06	-0.0215296
-1.571872e-06	-0.021376
-1.569872e-06	-0.021504
-1.567872e-06	-0.0215552
-1.565872e-06	-0.0216832
-1.563872e-06	-0.0215808
-1.561872e-06	-0.0217344
-1.559872e-06	-0.0215808
-1.557872e-06	-0.0215808
-1.555872e-06	-0.0215552
-1.553872e-06	-0.0216064
-1.551872e-06	-0.0216832
-1.549872e-06	-0.0215296
-1.547872e-06	-0.0215808
-1.545872e-06	-0.0215552
-1.543872e-06	-0.0214272
-1.541872e-06	-0.02112
-1.539872e-06	-0.0206848
-1.537872e-06	-0.0202752
-1.535872e-06	-0.0206592
-1.533872e-06	-0.0209664
-1.531872e-06	-0.020864
-1.529872e-06	-0.0205312
-1.527872e-06	-0.02048
-1.525872e-06	-0.0202752
-1.523872e-06	-0.020224
-1.521872e-06	-0.0202496
-1.519872e-06	-0.0203008
-1.517872e-06	-0.0201472
-1.515872e-06	-0.0202752
-1.513872e-06	-0.020224
-1.511872e-06	-0.020096
-1.509872e-06	-0.0198144
-1.507872e-06	-0.0199424
-1.505872e-06	-0.0200704
-1.503872e-06	-0.0201472
-1.501872e-06	-0.0201984
-1.499872e-06	-0.0199424
-1.497872e-06	-0.019712
-1.495872e-06	-0.0195584
-1.493872e-06	-0.0194816
-1.491872e-06	-0.0194816
-1.489872e-06	-0.0191232
-1.487872e-06	-0.0190208
-1.485872e-06	-0.018816
-1.483872e-06	-0.0189184
-1.481872e-06	-0.0185088
-1.479872e-06	-0.0186368
-1.477872e-06	-0.0186368
-1.475872e-06	-0.0182528
-1.473872e-06	-0.0180736
-1.471872e-06	-0.0179968
-1.469872e-06	-0.0180224
-1.467872e-06	-0.0173312
-1.465872e-06	-0.0166912
-1.463872e-06	-0.0163072
-1.461872e-06	-0.0162048
-1.459872e-06	-0.016768
-1.457872e-06	-0.0166144
-1.455872e-06	-0.0163584
-1.453872e-06	-0.0164608
-1.451872e-06	-0.0162304
-1.449872e-06	-0.0159232
-1.447872e-06	-0.0158208
-1.445872e-06	-0.015872
-1.443872e-06	-0.0159488
-1.441872e-06	-0.0159232
-1.439872e-06	-0.0158976
-1.437872e-06	-0.0162048
-1.435872e-06	-0.0164864
-1.433872e-06	-0.0163072
-1.431872e-06	-0.0162816
-1.429872e-06	-0.0165632
-1.427872e-06	-0.0168192
-1.425872e-06	-0.016768
-1.423872e-06	-0.0169472
-1.421872e-06	-0.0171008
-1.419872e-06	-0.0171008
-1.417872e-06	-0.0164864
-1.415872e-06	-0.0166656
-1.413872e-06	-0.01664
-1.411872e-06	-0.0171776
-1.409872e-06	-0.0173568
-1.407872e-06	-0.0176128
-1.405872e-06	-0.0175104
-1.403872e-06	-0.0174336
-1.401872e-06	-0.0172544
-1.399872e-06	-0.0172032
-1.397872e-06	-0.0172544
-1.395872e-06	-0.0172544
-1.393872e-06	-0.0169984
-1.391872e-06	-0.0169216
-1.389872e-06	-0.016896
-1.387872e-06	-0.017024
-1.385872e-06	-0.0168448
-1.383872e-06	-0.0172544
-1.381872e-06	-0.01728
-1.379872e-06	-0.0169984
-1.377872e-06	-0.0168192
-1.375872e-06	-0.0168448
-1.373872e-06	-0.016768
-1.371872e-06	-0.0169984
-1.369872e-06	-0.017408
-1.367872e-06	-0.0173824
-1.365872e-06	-0.0176128
-1.363872e-06	-0.0178432
-1.361872e-06	-0.0180224
-1.359872e-06	-0.0184576
-1.357872e-06	-0.0186624
-1.355872e-06	-0.0189696
-1.353872e-06	-0.0182784
-1.351872e-06	-0.0184576
-1.349872e-06	-0.0185856
-1.347872e-06	-0.018688
-1.345872e-06	-0.0184576
-1.343872e-06	-0.0179968
-1.341872e-06	-0.0180224
-1.339872e-06	-0.0181248
-1.337872e-06	-0.0178432
-1.335872e-06	-0.0180736
-1.333872e-06	-0.0181248
-1.331872e-06	-0.0182016
-1.329872e-06	-0.0182016
-1.327872e-06	-0.0186624
-1.325872e-06	-0.0188928
-1.323872e-06	-0.0187904
-1.321872e-06	-0.0188672
-1.319872e-06	-0.0190976
-1.317872e-06	-0.0192512
-1.315872e-06	-0.0191232
-1.313872e-06	-0.0188416
-1.311872e-06	-0.0187136
-1.309872e-06	-0.0189696
-1.307872e-06	-0.018944
-1.305872e-06	-0.0189184
-1.303872e-06	-0.0191488
-1.301872e-06	-0.0193792
-1.299872e-06	-0.0195584
-1.297872e-06	-0.0193792
-1.295872e-06	-0.0195328
-1.293872e-06	-0.0195584
-1.291872e-06	-0.0195072
-1.289872e-06	-0.019456
-1.287872e-06	-0.019328
-1.285872e-06	-0.0192768
-1.283872e-06	-0.0195328
-1.281872e-06	-0.0193024
-1.279872e-06	-0.0194048
-1.277872e-06	-0.0194816
-1.275872e-06	-0.0195328
-1.273872e-06	-0.0192256
-1.271872e-06	-0.0194304
-1.269872e-06	-0.019584
-1.267872e-06	-0.0198144
-1.265872e-06	-0.0195072
-1.263872e-06	-0.019328
-1.261872e-06	-0.0191744
-1.259872e-06	-0.0194304
-1.257872e-06	-0.0196864
-1.255872e-06	-0.0200448
-1.253872e-06	-0.0201472
-1.251872e-06	-0.0200704
-1.249872e-06	-0.0196608
-1.247872e-06	-0.0198656
-1.245872e-06	-0.0198656
-1.243872e-06	-0.020096
-1.241872e-06	-0.019712
-1.239872e-06	-0.0197376
-1.237872e-06	-0.0197632
-1.235872e-06	-0.020096
-1.233872e-06	-0.0198656
-1.231872e-06	-0.0196352
-1.229872e-06	-0.019712
-1.227872e-06	-0.0198656
-1.225872e-06	-0.0197888
-1.223872e-06	-0.0195584
-1.221872e-06	-0.0197376
-1.219872e-06	-0.0198912
-1.217872e-06	-0.020096
-1.215872e-06	-0.0201472
-1.213872e-06	-0.0199936
-1.211872e-06	-0.0200704
-1.209872e-06	-0.0201216
-1.207872e-06	-0.0200192
-1.205872e-06	-0.020352
-1.203872e-06	-0.0204288
-1.201872e-06	-0.0203776
-1.199872e-06	-0.0206336
-1.197872e-06	-0.0209152
-1.195872e-06	-0.0210688
-1.193872e-06	-0.0208384
-1.191872e-06	-0.0208896
-1.189872e-06	-0.0208128
-1.187872e-06	-0.0209408
-1.185872e-06	-0.020864
-1.183872e-06	-0.0209408
-1.181872e-06	-0.0211968
-1.179872e-06	-0.0209408
-1.177872e-06	-0.0206592
-1.175872e-06	-0.0205568
-1.173872e-06	-0.020352
-1.171872e-06	-0.0204032
-1.169872e-06	-0.0202752
-1.167872e-06	-0.0202496
-1.165872e-06	-0.020096
-1.163872e-06	-0.0199936
-1.161872e-06	-0.0198912
-1.159872e-06	-0.0199424
-1.157872e-06	-0.01984
-1.155872e-06	-0.0197632
-1.153872e-06	-0.0196608
-1.151872e-06	-0.0195584
-1.149872e-06	-0.0197376
-1.147872e-06	-0.019712
-1.145872e-06	-0.019328
-1.143872e-06	-0.0191232
-1.141872e-06	-0.0188672
-1.139872e-06	-0.0189184
-1.137872e-06	-0.0186112
-1.135872e-06	-0.0184832
-1.133872e-06	-0.0182272
-1.131872e-06	-0.0184576
-1.129872e-06	-0.0183808
-1.127872e-06	-0.0183296
-1.125872e-06	-0.0182784
-1.123872e-06	-0.0185856
-1.121872e-06	-0.0185344
-1.119872e-06	-0.018944
-1.117872e-06	-0.0191488
-1.115872e-06	-0.0192256
-1.113872e-06	-0.0191744
-1.111872e-06	-0.0193024
-1.109872e-06	-0.0194048
-1.107872e-06	-0.0198656
-1.105872e-06	-0.0200192
-1.103872e-06	-0.0200192
-1.101872e-06	-0.0202496
-1.099872e-06	-0.0205568
-1.097872e-06	-0.020352
-1.095872e-06	-0.0203264
-1.093872e-06	-0.0203264
-1.091872e-06	-0.0204288
-1.089872e-06	-0.020224
-1.087872e-06	-0.0203264
-1.085872e-06	-0.0204032
-1.083872e-06	-0.0203776
-1.081872e-06	-0.0202496
-1.079872e-06	-0.02048
-1.077872e-06	-0.0203776
-1.075872e-06	-0.0204288
-1.073872e-06	-0.0200192
-1.071872e-06	-0.0199168
-1.069872e-06	-0.019968
-1.067872e-06	-0.0202496
-1.065872e-06	-0.0201984
-1.063872e-06	-0.020352
-1.061872e-06	-0.0204544
-1.059872e-06	-0.0206848
-1.057872e-06	-0.0203008
-1.055872e-06	-0.0203776
-1.053872e-06	-0.0203008
-1.051872e-06	-0.0203008
-1.049872e-06	-0.0204032
-1.047872e-06	-0.020608
-1.045872e-06	-0.0206848
-1.043872e-06	-0.020992
-1.041872e-06	-0.0206848
-1.039872e-06	-0.0210688
-1.037872e-06	-0.0209664
-1.035872e-06	-0.0210176
-1.033872e-06	-0.0205568
-1.031872e-06	-0.0204288
-1.029872e-06	-0.0204288
-1.027872e-06	-0.0206592
-1.025872e-06	-0.0207104
-1.023872e-06	-0.0206848
-1.021872e-06	-0.0206336
-1.019872e-06	-0.0209408
-1.017872e-06	-0.0206848
-1.015872e-06	-0.02112
-1.013872e-06	-0.0212736
-1.011872e-06	-0.0214016
-1.009872e-06	-0.0213248
-1.007872e-06	-0.0214272
-1.005872e-06	-0.0213504
-1.003872e-06	-0.0213248
-1.001872e-06	-0.0209664
-9.998725e-07	-0.0210944
-9.978725e-07	-0.02112
-9.958725e-07	-0.0214016
-9.938725e-07	-0.0213248
-9.918725e-07	-0.0215552
-9.898725e-07	-0.0217344
-9.878725e-07	-0.0218368
-9.858725e-07	-0.0214528
-9.838725e-07	-0.0215808
-9.818725e-07	-0.0217344
-9.798725e-07	-0.0217088
-9.778725e-07	-0.0213248
-9.758725e-07	-0.0214528
-9.738725e-07	-0.021376
-9.718725e-07	-0.02112
-9.698725e-07	-0.020608
-9.678725e-07	-0.0208384
-9.658725e-07	-0.0210432
-9.638725e-07	-0.0207616
-9.618725e-07	-0.0205056
-9.598725e-07	-0.0206336
-9.578725e-07	-0.0204544
-9.558725e-07	-0.0204288
-9.538725e-07	-0.0203264
-9.518725e-07	-0.0204544
-9.498725e-07	-0.0200448
-9.478725e-07	-0.0199424
-9.458725e-07	-0.019584
-9.438725e-07	-0.0195072
-9.418725e-07	-0.0194816
-9.398725e-07	-0.0193792
-9.378725e-07	-0.0187904
-9.358725e-07	-0.0188672
-9.338725e-07	-0.0191744
-9.318725e-07	-0.0193024
-9.298725e-07	-0.0191744
-9.278725e-07	-0.0191232
-9.258725e-07	-0.019072
-9.238725e-07	-0.0192256
-9.218725e-07	-0.0190976
-9.198725e-07	-0.0197376
-9.178725e-07	-0.019584
-9.158725e-07	-0.019584
-9.138725e-07	-0.019712
-9.118725e-07	-0.0197888
-9.098725e-07	-0.0197888
-9.078725e-07	-0.0198656
-9.058725e-07	-0.019968
-9.038725e-07	-0.0200704
-9.018725e-07	-0.0198912
-8.998725e-07	-0.0199168
-8.978725e-07	-0.0198656
-8.958725e-07	-0.0198144
-8.938725e-07	-0.019712
-8.918725e-07	-0.0201472
-8.898725e-07	-0.020352
-8.878725e-07	-0.0205824
-8.858725e-07	-0.0206848
-8.838725e-07	-0.020992
-8.818725e-07	-0.020992
-8.798725e-07	-0.0212224
-8.778725e-07	-0.02112
-8.758725e-07	-0.0208896
-8.738725e-07	-0.020864
-8.718725e-07	-0.0209664
-8.698725e-07	-0.0207616
-8.678725e-07	-0.0210176
-8.658725e-07	-0.0207616
-8.638725e-07	-0.0205056
-8.618725e-07	-0.02048
-8.598725e-07	-0.0205568
-8.578725e-07	-0.020352
-8.558725e-07	-0.02048
-8.538725e-07	-0.020224
-8.518725e-07	-0.0202496
-8.498725e-07	-0.0199424
-8.478725e-07	-0.0200192
-8.458725e-07	-0.0201216
-8.438725e-07	-0.0205312
-8.418725e-07	-0.020608
-8.398725e-07	-0.0205568
-8.378725e-07	-0.0205568
-8.358725e-07	-0.0203776
-8.338725e-07	-0.0200704
-8.318725e-07	-0.0200704
-8.298725e-07	-0.0200704
-8.278725e-07	-0.0199936
-8.258725e-07	-0.01984
-8.238725e-07	-0.0197888
-8.218725e-07	-0.0199168
-8.198725e-07	-0.0199168
-8.178725e-07	-0.0198656
-8.158725e-07	-0.0199936
-8.138725e-07	-0.0202752
-8.118725e-07	-0.0205312
-8.098725e-07	-0.020864
-8.078725e-07	-0.0212224
-8.058725e-07	-0.0210688
-8.038725e-07	-0.0210688
-8.018725e-07	-0.0208128
-7.998725e-07	-0.0211456
-7.978725e-07	-0.021248
-7.958725e-07	-0.0210432
-7.938725e-07	-0.0206592
-7.918725e-07	-0.0205568
-7.898725e-07	-0.0206592
-7.878725e-07	-0.020864
-7.858725e-07	-0.0203264
-7.838725e-07	-0.0197888
-7.818725e-07	-0.0196096
-7.798725e-07	-0.0196864
-7.778725e-07	-0.0191488
-7.758725e-07	-0.0188928
-7.738725e-07	-0.0186112
-7.718725e-07	-0.0184576
-7.698725e-07	-0.0185088
-7.678725e-07	-0.0185856
-7.658725e-07	-0.0183552
-7.638725e-07	-0.0182272
-7.618725e-07	-0.0180992
-7.598725e-07	-0.0178176
-7.578725e-07	-0.017792
-7.558725e-07	-0.0182016
-7.538725e-07	-0.0179712
-7.518725e-07	-0.0175872
-7.498725e-07	-0.0171008
-7.478725e-07	-0.0171264
-7.458725e-07	-0.0169984
-7.438725e-07	-0.0173056
-7.418725e-07	-0.0174336
-7.398725e-07	-0.017408
-7.378725e-07	-0.017152
-7.358725e-07	-0.0172032
-7.338725e-07	-0.0173312
-7.318725e-07	-0.0171008
-7.298725e-07	-0.0171264
-7.278725e-07	-0.0171776
-7.258725e-07	-0.0172288
-7.238725e-07	-0.0173312
-7.218725e-07	-0.0172032
-7.198725e-07	-0.0175104
-7.178725e-07	-0.0174592
-7.158725e-07	-0.017664
-7.138725e-07	-0.0178432
-7.118725e-07	-0.0178432
-7.098725e-07	-0.0178688
-7.078725e-07	-0.0180224
-7.058725e-07	-0.0181248
-7.038725e-07	-0.0184064
-7.018725e-07	-0.0184064
-6.998725e-07	-0.0184832
-6.978725e-07	-0.0183552
-6.958725e-07	-0.0185856
-6.938725e-07	-0.0183296
-6.918725e-07	-0.0187136
-6.898725e-07	-0.0184832
-6.878725e-07	-0.0184576
-6.858725e-07	-0.018304
-6.838725e-07	-0.0185088
-6.818725e-07	-0.018688
-6.798725e-07	-0.0188672
-6.778725e-07	-0.0189184
-6.758725e-07	-0.019072
-6.738725e-07	-0.0187648
-6.718725e-07	-0.019328
-6.698725e-07	-0.0192512
-6.678725e-07	-0.0196608
-6.658725e-07	-0.0197888
-6.638725e-07	-0.019968
-6.618725e-07	-0.020096
-6.598725e-07	-0.0201216
-6.578725e-07	-0.0199168
-6.558725e-07	-0.0198656
-6.538725e-07	-0.0202496
-6.518725e-07	-0.020608
-6.498725e-07	-0.0201984
-6.478725e-07	-0.0202496
-6.458725e-07	-0.0203008
-6.438725e-07	-0.0202496
-6.418725e-07	-0.0198912
-6.398725e-07	-0.0198912
-6.378725e-07	-0.0198144
-6.358725e-07	-0.0200448
-6.338725e-07	-0.0198656
-6.318725e-07	-0.0199168
-6.298725e-07	-0.0199168
-6.278725e-07	-0.0197888
-6.258725e-07	-0.019712
-6.238725e-07	-0.0197376
-6.218725e-07	-0.0194304
-6.198725e-07	-0.0196352
-6.178725e-07	-0.0196864
-6.158725e-07	-0.0198656
-6.138725e-07	-0.0198656
-6.118725e-07	-0.0200192
-6.098725e-07	-0.0198912
-6.078725e-07	-0.01984
-6.058725e-07	-0.0196864
-6.038725e-07	-0.0196608
-6.018725e-07	-0.0193536
-5.998725e-07	-0.0198912
-5.978725e-07	-0.0198144
-5.958725e-07	-0.0199424
-5.938725e-07	-0.0196864
-5.918725e-07	-0.0197376
-5.898725e-07	-0.0197376
-5.878725e-07	-0.019712
-5.858725e-07	-0.0191744
-5.838725e-07	-0.0190976
-5.818725e-07	-0.0187648
-5.798725e-07	-0.0191488
-5.778725e-07	-0.0187904
-5.758725e-07	-0.0190464
-5.738725e-07	-0.0187904
-5.718725e-07	-0.0186112
-5.698725e-07	-0.018688
-5.678725e-07	-0.019328
-5.658725e-07	-0.0196096
-5.638725e-07	-0.0192256
-5.618725e-07	-0.0187648
-5.598725e-07	-0.0191744
-5.578725e-07	-0.0194304
-5.558725e-07	-0.0196096
-5.538725e-07	-0.0192
-5.518725e-07	-0.0193536
-5.498725e-07	-0.0196352
-5.478725e-07	-0.0198912
-5.458725e-07	-0.0196864
-5.438725e-07	-0.0194048
-5.418725e-07	-0.0196352
-5.398725e-07	-0.020224
-5.378725e-07	-0.0197632
-5.358725e-07	-0.0198144
-5.338725e-07	-0.0198656
-5.318725e-07	-0.0201984
-5.298725e-07	-0.0200704
-5.278725e-07	-0.0199936
-5.258725e-07	-0.0201984
-5.238725e-07	-0.0202752
-5.218725e-07	-0.0199936
-5.198725e-07	-0.0202496
-5.178725e-07	-0.0199936
-5.158725e-07	-0.0201984
-5.138725e-07	-0.0203776
-5.118725e-07	-0.0203264
-5.098725e-07	-0.0204544
-5.078725e-07	-0.0202752
-5.058725e-07	-0.0201472
-5.038725e-07	-0.020096
-5.018725e-07	-0.019968
-4.998725e-07	-0.0199424
-4.978725e-07	-0.0200192
-4.958725e-07	-0.020096
-4.938725e-07	-0.0202496
-4.918725e-07	-0.0200192
-4.898725e-07	-0.0200704
-4.878725e-07	-0.0199168
-4.858725e-07	-0.0199936
-4.838725e-07	-0.0198656
-4.818725e-07	-0.0196608
-4.798725e-07	-0.0194048
-4.778725e-07	-0.0192512
-4.758725e-07	-0.0191488
-4.738725e-07	-0.0187392
-4.718725e-07	-0.0182016
-4.698725e-07	-0.0183552
-4.678725e-07	-0.0187136
-4.658725e-07	-0.0185344
-4.638725e-07	-0.0184832
-4.618725e-07	-0.0183296
-4.598725e-07	-0.01856
-4.578725e-07	-0.018688
-4.558725e-07	-0.0190464
-4.538725e-07	-0.0192256
-4.518725e-07	-0.019456
-4.498725e-07	-0.0192512
-4.478725e-07	-0.0195072
-4.458725e-07	-0.0195072
-4.438725e-07	-0.0198144
-4.418725e-07	-0.0196352
-4.398725e-07	-0.0195584
-4.378725e-07	-0.0197888
-4.358725e-07	-0.020096
-4.338725e-07	-0.0199168
-4.318725e-07	-0.0198912
-4.298725e-07	-0.0195328
-4.278725e-07	-0.0196352
-4.258725e-07	-0.0192256
-4.238725e-07	-0.0197632
-4.218725e-07	-0.0198144
-4.198725e-07	-0.0200192
-4.178725e-07	-0.019968
-4.158725e-07	-0.0201472
-4.138725e-07	-0.0202496
-4.118725e-07	-0.0201472
-4.098725e-07	-0.0199936
-4.078725e-07	-0.0197888
-4.058725e-07	-0.020096
-4.038725e-07	-0.0199936
-4.018725e-07	-0.0198656
-3.998725e-07	-0.0199168
-3.978725e-07	-0.020352
-3.958725e-07	-0.0204032
-3.938725e-07	-0.02048
-3.918725e-07	-0.0206336
-3.898725e-07	-0.0205312
-3.878725e-07	-0.0208384
-3.858725e-07	-0.0207616
-3.838725e-07	-0.0210688
-3.818725e-07	-0.0208384
-3.798725e-07	-0.0207104
-3.778725e-07	-0.0206848
-3.758725e-07	-0.0209408
-3.738725e-07	-0.0208128
-3.718725e-07	-0.020864
-3.698725e-07	-0.020992
-3.678725e-07	-0.0209152
-3.658725e-07	-0.0208128
-3.638725e-07	-0.0209664
-3.618725e-07	-0.0207872
-3.598725e-07	-0.0207872
-3.578725e-07	-0.0205312
-3.558725e-07	-0.0206336
-3.538725e-07	-0.0206592
-3.518725e-07	-0.0207872
-3.498725e-07	-0.0205568
-3.478725e-07	-0.0204544
-3.458725e-07	-0.0203776
-3.438725e-07	-0.0203264
-3.418725e-07	-0.0202752
-3.398725e-07	-0.0200448
-3.378725e-07	-0.0196352
-3.358725e-07	-0.0196352
-3.338725e-07	-0.0197632
-3.318725e-07	-0.0200448
-3.298725e-07	-0.0197888
-3.278725e-07	-0.0197888
-3.258725e-07	-0.019584
-3.238725e-07	-0.019584
-3.218725e-07	-0.0196864
-3.198725e-07	-0.0197632
-3.178725e-07	-0.0200448
-3.158725e-07	-0.020352
-3.138725e-07	-0.0201984
-3.118725e-07	-0.0201216
-3.098725e-07	-0.020352
-3.078725e-07	-0.0202752
-3.058725e-07	-0.020224
-3.038725e-07	-0.0204032
-3.018725e-07	-0.020224
-2.998725e-07	-0.020096
-2.978725e-07	-0.0199936
-2.958725e-07	-0.01984
-2.938725e-07	-0.020096
-2.918725e-07	-0.0202496
-2.898725e-07	-0.0203264
-2.878725e-07	-0.0202752
-2.858725e-07	-0.02048
-2.838725e-07	-0.0206336
-2.818725e-07	-0.0200192
-2.798725e-07	-0.0199936
-2.778725e-07	-0.0201472
-2.758725e-07	-0.0200448
-2.738725e-07	-0.0196096
-2.718725e-07	-0.0196608
-2.698725e-07	-0.019584
-2.678725e-07	-0.0198656
-2.658725e-07	-0.0199936
-2.638725e-07	-0.0200192
-2.618725e-07	-0.0198144
-2.598725e-07	-0.0197888
-2.578725e-07	-0.019968
-2.558725e-07	-0.0195328
-2.538725e-07	-0.0196608
-2.518725e-07	-0.0197632
-2.498725e-07	-0.0194304
-2.478725e-07	-0.019584
-2.458725e-07	-0.0199168
-2.438725e-07	-0.0201472
-2.418725e-07	-0.0197376
-2.398725e-07	-0.0199168
-2.378725e-07	-0.0201216
-2.358725e-07	-0.0202496
-2.338725e-07	-0.0198144
-2.318725e-07	-0.0197888
-2.298725e-07	-0.0194048
-2.278725e-07	-0.019712
-2.258725e-07	-0.0191488
-2.238725e-07	-0.0194816
-2.218725e-07	-0.0195584
-2.198725e-07	-0.0194816
-2.178725e-07	-0.0193792
-2.158725e-07	-0.0196352
-2.138725e-07	-0.019968
-2.118725e-07	-0.0198656
-2.098725e-07	-0.0198656
-2.078725e-07	-0.0196096
-2.058725e-07	-0.0196096
-2.038725e-07	-0.0197376
-2.018725e-07	-0.0196864
-1.998725e-07	-0.0199168
-1.978725e-07	-0.0200704
-1.958725e-07	-0.0205312
-1.938725e-07	-0.0202752
-1.918725e-07	-0.0203776
-1.898725e-07	-0.0204544
-1.878725e-07	-0.0205568
-1.858725e-07	-0.0205824
-1.838725e-07	-0.0208896
-1.818725e-07	-0.021376
-1.798725e-07	-0.0215552
-1.778725e-07	-0.0213248
-1.758725e-07	-0.0214528
-1.738725e-07	-0.0215552
-1.718725e-07	-0.0214016
-1.698725e-07	-0.021504
-1.678725e-07	-0.02112
-1.658725e-07	-0.0208384
-1.638725e-07	-0.0207616
-1.618725e-07	-0.02048
-1.598725e-07	-0.0205824
-1.578725e-07	-0.0206848
-1.558725e-07	-0.0204288
-1.538725e-07	-0.0201728
-1.518725e-07	-0.0198656
-1.498725e-07	-0.0195584
-1.478725e-07	-0.0197376
-1.458725e-07	-0.0195072
-1.438725e-07	-0.0193024
-1.418725e-07	-0.0192
-1.398725e-07	-0.018944
-1.378725e-07	-0.0183296
-1.358725e-07	-0.0185856
-1.338725e-07	-0.0185856
-1.318725e-07	-0.01856
-1.298725e-07	-0.0184576
-1.278725e-07	-0.0182272
-1.258725e-07	-0.0180224
-1.238725e-07	-0.0182272
-1.218725e-07	-0.01792
-1.198725e-07	-0.0179456
-1.178725e-07	-0.0178944
-1.158725e-07	-0.0181248
-1.138725e-07	-0.0181504
-1.118725e-07	-0.0184832
-1.098725e-07	-0.0182784
-1.078725e-07	-0.0187904
-1.058725e-07	-0.018816
-1.038725e-07	-0.0192512
-1.018725e-07	-0.018944
-9.987247e-08	-0.0194048
-9.787247e-08	-0.0192256
-9.587247e-08	-0.0193792
-9.387247e-08	-0.019456
-9.187247e-08	-0.0195328
-8.987247e-08	-0.0197632
-8.787247e-08	-0.0200448
-8.587247e-08	-0.0200704
-8.387247e-08	-0.020224
-8.187247e-08	-0.0203264
-7.987247e-08	-0.020352
-7.787247e-08	-0.020352
-7.587247e-08	-0.0200704
-7.387247e-08	-0.020096
-7.187247e-08	-0.0204544
-6.987247e-08	-0.0203264
-6.787247e-08	-0.0204288
-6.587247e-08	-0.0204288
-6.387247e-08	-0.0206592
-6.187247e-08	-0.020224
-5.987247e-08	-0.0204544
-5.787247e-08	-0.0200192
-5.587247e-08	-0.0197888
-5.387247e-08	-0.0198144
-5.187247e-08	-0.0192
-4.987247e-08	-0.0189952
-4.787247e-08	-0.0187392
-4.587247e-08	-0.0183552
-4.387247e-08	-0.0182784
-4.187247e-08	-0.0181504
-3.987247e-08	-0.0180992
-3.787247e-08	-0.0180992
-3.587247e-08	-0.0179968
-3.387247e-08	-0.018048
-3.187247e-08	-0.01792
-2.987247e-08	-0.0178176
-2.787247e-08	-0.0181504
-2.587247e-08	-0.018304
-2.387247e-08	-0.0184832
-2.187247e-08	-0.0185088
-1.987247e-08	-0.0187136
-1.787247e-08	-0.0185088
-1.587247e-08	-0.0188416
-1.387247e-08	-0.0189184
-1.187247e-08	-0.0188928
-9.872473e-09	-0.0187648
-7.872473e-09	-0.0187904
-5.872473e-09	-0.0188928
-3.872473e-09	-0.0190208
-1.872473e-09	-0.0190976
1.275273e-10	-0.0191488
2.127527e-09	-0.0189184
4.127527e-09	-0.0188672
6.127527e-09	-0.0188672
8.127527e-09	-0.0192
1.012753e-08	-0.0192
1.212753e-08	-0.019456
1.412753e-08	-0.0193792
1.612753e-08	-0.019328
1.812753e-08	-0.0195328
2.012753e-08	-0.0200704
2.212753e-08	-0.0202496
2.412753e-08	-0.0202496
2.612753e-08	-0.0203776
2.812753e-08	-0.0203264
3.012753e-08	-0.0202752
3.212753e-08	-0.0205824
3.412753e-08	-0.0207616
3.612753e-08	-0.02048
3.812753e-08	-0.0201472
4.012753e-08	-0.0205056
4.212753e-08	-0.0207616
4.412753e-08	-0.0206336
4.612753e-08	-0.0204544
4.812753e-08	-0.02048
5.012753e-08	-0.0203008
5.212753e-08	-0.020096
5.412753e-08	-0.019968
5.612753e-08	-0.0198912
5.812753e-08	-0.0199168
6.012753e-08	-0.020096
6.212753e-08	-0.0201472
6.412753e-08	-0.02048
6.612753e-08	-0.0206336
6.812753e-08	-0.0205568
7.012753e-08	-0.0204032
7.212753e-08	-0.0203776
7.412753e-08	-0.0205056
7.612753e-08	-0.0201984
7.812753e-08	-0.020096
8.012753e-08	-0.0201728
8.212753e-08	-0.0201216
8.412753e-08	-0.0200704
8.612753e-08	-0.0200192
8.812753e-08	-0.0200448
9.012753e-08	-0.0200448
9.212753e-08	-0.0198912
9.412753e-08	-0.0195328
9.612753e-08	-0.0196096
9.812753e-08	-0.0195072
1.001275e-07	-0.0196608
1.021275e-07	-0.0194304
1.041275e-07	-0.0194816
1.061275e-07	-0.0193536
1.081275e-07	-0.0193792
1.101275e-07	-0.0190208
1.121275e-07	-0.0194048
1.141275e-07	-0.0192
1.161275e-07	-0.019328
1.181275e-07	-0.0191488
1.201275e-07	-0.019072
1.221275e-07	-0.0191744
1.241275e-07	-0.0192512
1.261275e-07	-0.0190976
1.281275e-07	-0.0187904
1.301275e-07	-0.018688
1.321275e-07	-0.0186624
1.341275e-07	-0.0176128
1.361275e-07	-0.0161792
1.381275e-07	-0.013952
1.401275e-07	-0.0114688
1.421275e-07	-0.0082688
1.441275e-07	-0.0051968
1.461275e-07	-0.0023552
1.481275e-07	0.000384
1.501275e-07	0.0033792
1.521275e-07	0.006016
1.541275e-07	0.0084224
1.561275e-07	0.0104192
1.581275e-07	0.0121856
1.601275e-07	0.0134656
1.621275e-07	0.0150784
1.641275e-07	0.0156672
1.661275e-07	0.0167424
1.681275e-07	0.0176384
1.701275e-07	0.018176
1.721275e-07	0.0184576
1.741275e-07	0.018432
1.761275e-07	0.0181504
1.781275e-07	0.018176
1.801275e-07	0.0180736
1.821275e-07	0.0182272
1.841275e-07	0.0177408
1.861275e-07	0.0176128
1.881275e-07	0.0172544
1.901275e-07	0.0171776
1.921275e-07	0.0162304
1.941275e-07	0.0156416
1.961275e-07	0.0147968
1.981275e-07	0.0142336
2.001275e-07	0.0136704
2.021275e-07	0.0131584
2.041275e-07	0.0122368
2.061275e-07	0.0115456
2.081275e-07	0.0105728
2.101275e-07	0.0100096
2.121275e-07	0.0093696
2.141275e-07	0.0090112
2.161275e-07	0.0081408
2.181275e-07	0.007296
2.201275e-07	0.006656
2.221275e-07	0.0061952
2.241275e-07	0.005504
2.261275e-07	0.0044032
2.281275e-07	0.0035072
2.301275e-07	0.0026624
2.321275e-07	0.0021248
2.341275e-07	0.0011264
2.361275e-07	0.0005632
2.381275e-07	-0.0004096
2.401275e-07	-0.0011776
2.421275e-07	-0.0018688
2.441275e-07	-0.0025344
2.461275e-07	-0.0032
2.481275e-07	-0.0037888
2.501275e-07	-0.0045056
2.521275e-07	-0.0052224
2.541275e-07	-0.0056064
2.561275e-07	-0.0063488
2.581275e-07	-0.00704
2.601275e-07	-0.0078592
2.621275e-07	-0.0082176
2.641275e-07	-0.0089088
2.661275e-07	-0.0093952
2.681275e-07	-0.0094464
2.701275e-07	-0.01024
2.721275e-07	-0.0111104
2.741275e-07	-0.0112896
2.761275e-07	-0.0118784
2.781275e-07	-0.01216
2.801275e-07	-0.012672
2.821275e-07	-0.0128512
2.841275e-07	-0.0132864
2.861275e-07	-0.0134144
2.881275e-07	-0.0133888
2.901275e-07	-0.0135936
2.921275e-07	-0.013696
2.941275e-07	-0.013824
2.961275e-07	-0.0139264
2.981275e-07	-0.0142848
3.001275e-07	-0.0147712
3.021275e-07	-0.01472
3.041275e-07	-0.0150016
3.061275e-07	-0.01472
3.081275e-07	-0.0147456
3.101275e-07	-0.0143872
3.121275e-07	-0.0144128
3.141275e-07	-0.0143616
3.161275e-07	-0.0144384
3.181275e-07	-0.0142848
3.201275e-07	-0.0141312
3.221275e-07	-0.0141312
3.241275e-07	-0.0137984
3.261275e-07	-0.0135424
3.281275e-07	-0.0135936
3.301275e-07	-0.013312
3.321275e-07	-0.013312
3.341275e-07	-0.0125952
3.361275e-07	-0.012544
3.381275e-07	-0.012544
3.401275e-07	-0.0124928
3.421275e-07	-0.012288
3.441275e-07	-0.0125696
3.461275e-07	-0.0123392
3.481275e-07	-0.0124672
3.501275e-07	-0.0125952
3.521275e-07	-0.012544
3.541275e-07	-0.012544
3.561275e-07	-0.0127744
3.581275e-07	-0.0124928
3.601275e-07	-0.0128512
3.621275e-07	-0.013184
3.641275e-07	-0.0134912
3.661275e-07	-0.013568
3.681275e-07	-0.0135424
3.701275e-07	-0.0137728
3.721275e-07	-0.013568
3.741275e-07	-0.0136448
3.761275e-07	-0.0137472
3.781275e-07	-0.0136704
3.801275e-07	-0.0139008
3.821275e-07	-0.0140544
3.841275e-07	-0.0141056
3.861275e-07	-0.0143104
3.881275e-07	-0.014208
3.901275e-07	-0.0141312
3.921275e-07	-0.0141056
3.941275e-07	-0.0142848
3.961275e-07	-0.0144128
3.981275e-07	-0.0147712
4.001275e-07	-0.0150784
4.021275e-07	-0.0148992
4.041275e-07	-0.014592
4.061275e-07	-0.0146688
4.081275e-07	-0.014464
4.101275e-07	-0.0144896
4.121275e-07	-0.0142848
4.141275e-07	-0.0141312
4.161275e-07	-0.0140544
4.181275e-07	-0.013824
4.201275e-07	-0.01408
4.221275e-07	-0.0140032
4.241275e-07	-0.013824
4.261275e-07	-0.0139264
4.281275e-07	-0.014208
4.301275e-07	-0.01408
4.321275e-07	-0.0143104
4.341275e-07	-0.0145408
4.361275e-07	-0.0147712
4.381275e-07	-0.0145664
4.401275e-07	-0.0149248
4.421275e-07	-0.0152576
4.441275e-07	-0.015616
4.461275e-07	-0.0155392
4.481275e-07	-0.0161024
4.501275e-07	-0.0162304
4.521275e-07	-0.0163328
4.541275e-07	-0.0163584
4.561275e-07	-0.0166912
4.581275e-07	-0.0167168
4.601275e-07	-0.0169216
4.621275e-07	-0.017024
4.641275e-07	-0.0171008
4.661275e-07	-0.0175104
4.681275e-07	-0.017792
4.701275e-07	-0.0174336
4.721275e-07	-0.0176128
4.741275e-07	-0.0176896
4.761275e-07	-0.0178944
4.781275e-07	-0.0177152
4.801275e-07	-0.0177664
4.821275e-07	-0.0180736
4.841275e-07	-0.0184064
4.861275e-07	-0.0183296
4.881275e-07	-0.0185088
4.901275e-07	-0.0185344
4.921275e-07	-0.0186112
4.941275e-07	-0.0184064
4.961275e-07	-0.0185856
4.981275e-07	-0.0187648
5.001275e-07	-0.0189952
5.021275e-07	-0.0187392
5.041275e-07	-0.0190208
5.061275e-07	-0.018944
5.081275e-07	-0.0189952
5.101275e-07	-0.018688
5.121275e-07	-0.0186112
5.141275e-07	-0.0182272
5.161275e-07	-0.0180992
5.181275e-07	-0.0179968
5.201275e-07	-0.0182272
5.221275e-07	-0.0182784
5.241275e-07	-0.018304
5.261275e-07	-0.0182272
5.281275e-07	-0.0181248
5.301275e-07	-0.0180736
5.321275e-07	-0.0182016
5.341275e-07	-0.0182016
5.361275e-07	-0.0182784
5.381275e-07	-0.0182272
5.401275e-07	-0.0186368
5.421275e-07	-0.018432
5.441275e-07	-0.0185088
5.461275e-07	-0.0185088
5.481275e-07	-0.0186112
5.501275e-07	-0.0180736
5.521275e-07	-0.0180992
5.541275e-07	-0.0182272
5.561275e-07	-0.0184832
5.581275e-07	-0.0185344
5.601275e-07	-0.018176
5.621275e-07	-0.0182784
5.641275e-07	-0.0185088
5.661275e-07	-0.0183296
5.681275e-07	-0.0184832
5.701275e-07	-0.0183552
5.721275e-07	-0.0187392
5.741275e-07	-0.0185344
5.761275e-07	-0.0188928
5.781275e-07	-0.0188928
5.801275e-07	-0.0189952
5.821275e-07	-0.0189952
5.841275e-07	-0.0191744
5.861275e-07	-0.0189184
5.881275e-07	-0.0192256
5.901275e-07	-0.0193536
5.921275e-07	-0.0195584
5.941275e-07	-0.0198656
5.961275e-07	-0.019968
5.981275e-07	-0.0200704
6.001275e-07	-0.0203776
6.021275e-07	-0.0205312
6.041275e-07	-0.0205824
6.061275e-07	-0.02048
6.081275e-07	-0.0206336
6.101275e-07	-0.0208384
6.121275e-07	-0.0205824
6.141275e-07	-0.02048
6.161275e-07	-0.0206848
6.181275e-07	-0.0206848
6.201275e-07	-0.020992
6.221275e-07	-0.020736
6.241275e-07	-0.020864
6.261275e-07	-0.0208896
6.281275e-07	-0.020864
6.301275e-07	-0.0202752
6.321275e-07	-0.0204544
6.341275e-07	-0.0207616
6.361275e-07	-0.0205824
6.381275e-07	-0.0206848
6.401275e-07	-0.02112
6.421275e-07	-0.0214272
6.441275e-07	-0.0213504
6.461275e-07	-0.021248
6.481275e-07	-0.0212992
6.501275e-07	-0.0212736
6.521275e-07	-0.021632
6.541275e-07	-0.021504
6.561275e-07	-0.0217088
6.581275e-07	-0.0220416
6.601275e-07	-0.0220928
6.621275e-07	-0.0219648
6.641275e-07	-0.0219904
6.661275e-07	-0.0219392
6.681275e-07	-0.0219648
6.701275e-07	-0.0219392
6.721275e-07	-0.0218624
6.741275e-07	-0.0215552
6.761275e-07	-0.0219136
6.781275e-07	-0.022016
6.801275e-07	-0.0219648
6.821275e-07	-0.0222976
6.841275e-07	-0.022528
6.861275e-07	-0.0226304
6.881275e-07	-0.0226816
6.901275e-07	-0.0224768
6.921275e-07	-0.0222464
6.941275e-07	-0.0221696
6.961275e-07	-0.022272
6.981275e-07	-0.0222464
7.001275e-07	-0.0220672
7.021275e-07	-0.0218368
7.041275e-07	-0.0217344
7.061275e-07	-0.0218624
7.081275e-07	-0.0219392
7.101275e-07	-0.0217344
7.121275e-07	-0.0215296
7.141275e-07	-0.0214016
7.161275e-07	-0.0214016
7.181275e-07	-0.0214784
7.201275e-07	-0.021248
7.221275e-07	-0.0209152
7.241275e-07	-0.0213248
7.261275e-07	-0.021248
7.281275e-07	-0.021376
7.301275e-07	-0.0209408
7.321275e-07	-0.0208128
7.341275e-07	-0.02048
7.361275e-07	-0.0204544
7.381275e-07	-0.0204032
7.401275e-07	-0.0200704
7.421275e-07	-0.0197632
7.441275e-07	-0.01984
7.461275e-07	-0.01984
7.481275e-07	-0.01984
7.501275e-07	-0.0197376
7.521275e-07	-0.0200704
7.541275e-07	-0.0200192
7.561275e-07	-0.0199424
7.581275e-07	-0.0197888
7.601275e-07	-0.0198912
7.621275e-07	-0.0197888
7.641275e-07	-0.0195328
7.661275e-07	-0.0194048
7.681275e-07	-0.019456
7.701275e-07	-0.0191232
7.721275e-07	-0.0193024
7.741275e-07	-0.0191744
7.761275e-07	-0.0193024
7.781275e-07	-0.0192768
7.801275e-07	-0.0192256
7.821275e-07	-0.0187904
7.841275e-07	-0.0188416
7.861275e-07	-0.0190464
7.881275e-07	-0.019328
7.901275e-07	-0.0192512
7.921275e-07	-0.0193024
7.941275e-07	-0.0191744
7.961275e-07	-0.0191232
7.981275e-07	-0.018816
8.001275e-07	-0.0188928
8.021275e-07	-0.0185088
8.041275e-07	-0.0184064
8.061275e-07	-0.0183552
8.081275e-07	-0.018304
8.101275e-07	-0.018432
8.121275e-07	-0.01856
8.141275e-07	-0.0183552
8.161275e-07	-0.0181504
8.181275e-07	-0.0182272
8.201275e-07	-0.018432
8.221275e-07	-0.0182016
8.241275e-07	-0.018304
8.261275e-07	-0.018176
8.281275e-07	-0.018176
8.301275e-07	-0.0178176
8.321275e-07	-0.0178688
8.341275e-07	-0.017536
8.361275e-07	-0.0174848
8.381275e-07	-0.017024
8.401275e-07	-0.0173824
8.421275e-07	-0.017408
8.441275e-07	-0.017664
8.461275e-07	-0.0170752
8.481275e-07	-0.0167424
8.501275e-07	-0.0165888
8.521275e-07	-0.0167168
8.541275e-07	-0.0165632
8.561275e-07	-0.0167168
8.581275e-07	-0.01664
8.601275e-07	-0.0168704
8.621275e-07	-0.0171008
8.641275e-07	-0.0171008
8.661275e-07	-0.0170752
8.681275e-07	-0.0171264
8.701275e-07	-0.01728
8.721275e-07	-0.0176128
8.741275e-07	-0.0176128
8.761275e-07	-0.017792
8.781275e-07	-0.0175104
8.801275e-07	-0.0178944
8.821275e-07	-0.018048
8.841275e-07	-0.0182272
8.861275e-07	-0.0185088
8.881275e-07	-0.0184576
8.901275e-07	-0.0185088
8.921275e-07	-0.0184064
8.941275e-07	-0.0185344
8.961275e-07	-0.018944
8.981275e-07	-0.0187904
9.001275e-07	-0.0188416
9.021275e-07	-0.0189696
9.041275e-07	-0.0195072
9.061275e-07	-0.0199936
9.081275e-07	-0.0201216
9.101275e-07	-0.019712
9.121275e-07	-0.0197888
9.141275e-07	-0.0197888
9.161275e-07	-0.0197888
9.181275e-07	-0.019712
9.201275e-07	-0.019712
9.221275e-07	-0.0195072
9.241275e-07	-0.019328
9.261275e-07	-0.0192
9.281275e-07	-0.0192256
9.301275e-07	-0.0191232
9.321275e-07	-0.0191232
9.341275e-07	-0.0192512
9.361275e-07	-0.0192768
9.381275e-07	-0.0194816
9.401275e-07	-0.0194816
9.421275e-07	-0.0194304
9.441275e-07	-0.019328
9.461275e-07	-0.0191232
9.481275e-07	-0.0190976
9.501275e-07	-0.0190976
9.521275e-07	-0.0191744
9.541275e-07	-0.019328
9.561275e-07	-0.019328
9.581275e-07	-0.0191744
9.601275e-07	-0.0192256
9.621275e-07	-0.0192512
9.641275e-07	-0.0192256
9.661275e-07	-0.0193792
9.681275e-07	-0.019712
9.701275e-07	-0.0199168
9.721275e-07	-0.0196352
9.741275e-07	-0.019328
9.761275e-07	-0.0193792
9.781275e-07	-0.0196096
9.801275e-07	-0.0194816
9.821275e-07	-0.0194816
9.841275e-07	-0.0200192
9.861275e-07	-0.0201984
9.881275e-07	-0.0203264
9.901275e-07	-0.0202752
9.921275e-07	-0.0204032
9.941275e-07	-0.020608
9.961275e-07	-0.0207616
9.981275e-07	-0.0205824
1.000128e-06	-0.020864
1.002128e-06	-0.020864
1.004128e-06	-0.0210176
1.006128e-06	-0.0211968
1.008128e-06	-0.0212992
1.010128e-06	-0.0215552
1.012128e-06	-0.021504
1.014128e-06	-0.021376
1.016128e-06	-0.0213504
1.018128e-06	-0.0210432
1.020128e-06	-0.0208384
1.022128e-06	-0.0203008
1.024128e-06	-0.0199168
1.026128e-06	-0.0196864
1.028128e-06	-0.0196352
1.030128e-06	-0.0193792
1.032128e-06	-0.0194816
1.034128e-06	-0.0195328
1.036128e-06	-0.0196352
1.038128e-06	-0.0192768
1.040128e-06	-0.0192512
1.042128e-06	-0.0189696
1.044128e-06	-0.0187136
1.046128e-06	-0.0184832
1.048128e-06	-0.0183552
1.050128e-06	-0.0183808
1.052128e-06	-0.0184064
1.054128e-06	-0.0182016
1.056128e-06	-0.018304
1.058128e-06	-0.0181248
1.060128e-06	-0.0181504
1.062128e-06	-0.0180224
1.064128e-06	-0.0180224
1.066128e-06	-0.0177664
1.068128e-06	-0.017408
1.070128e-06	-0.0173568
1.072128e-06	-0.01728
1.074128e-06	-0.0173312
1.076128e-06	-0.0172032
1.078128e-06	-0.0169984
1.080128e-06	-0.0173056
1.082128e-06	-0.0174592
1.084128e-06	-0.0172544
1.086128e-06	-0.0169472
1.088128e-06	-0.016768
1.090128e-06	-0.0165376
1.092128e-06	-0.0162304
1.094128e-06	-0.015872
1.096128e-06	-0.0158208
1.098128e-06	-0.0157696
1.100128e-06	-0.0155136
1.102128e-06	-0.0150016
1.104128e-06	-0.0149504
1.106128e-06	-0.0150528
1.108128e-06	-0.014976
1.110128e-06	-0.0145664
1.112128e-06	-0.01472
1.114128e-06	-0.0146944
1.116128e-06	-0.0147968
1.118128e-06	-0.0143104
1.120128e-06	-0.014592
1.122128e-06	-0.0146944
1.124128e-06	-0.01472
1.126128e-06	-0.01472
1.128128e-06	-0.014976
1.130128e-06	-0.0151552
1.132128e-06	-0.0154112
1.134128e-06	-0.0155904
1.136128e-06	-0.0158208
1.138128e-06	-0.0159232
1.140128e-06	-0.016256
1.142128e-06	-0.0164864
1.144128e-06	-0.0167168
1.146128e-06	-0.016896
1.148128e-06	-0.0168192
1.150128e-06	-0.016896
1.152128e-06	-0.0172288
1.154128e-06	-0.0173824
1.156128e-06	-0.0173824
1.158128e-06	-0.0170496
1.160128e-06	-0.017152
1.162128e-06	-0.01728
1.164128e-06	-0.0172544
1.166128e-06	-0.0171776
1.168128e-06	-0.017152
1.170128e-06	-0.017024
1.172128e-06	-0.0170752
1.174128e-06	-0.0166144
1.176128e-06	-0.0166912
1.178128e-06	-0.0166656
1.180128e-06	-0.0169728
1.182128e-06	-0.0165888
1.184128e-06	-0.016512
1.186128e-06	-0.016768
1.188128e-06	-0.0164608
1.190128e-06	-0.0160512
1.192128e-06	-0.0164864
1.194128e-06	-0.0163584
1.196128e-06	-0.016384
1.198128e-06	-0.0162816
1.200128e-06	-0.0164352
1.202128e-06	-0.01664
1.204128e-06	-0.016896
1.206128e-06	-0.0168192
1.208128e-06	-0.0172288
1.210128e-06	-0.0170496
1.212128e-06	-0.0172288
1.214128e-06	-0.0171264
1.216128e-06	-0.0174336
1.218128e-06	-0.0177408
1.220128e-06	-0.0180224
1.222128e-06	-0.0176896
1.224128e-06	-0.0179456
1.226128e-06	-0.0181248
1.228128e-06	-0.0182272
1.230128e-06	-0.0181248
1.232128e-06	-0.0182528
1.234128e-06	-0.0181248
1.236128e-06	-0.0184064
1.238128e-06	-0.0184832
1.240128e-06	-0.018688
1.242128e-06	-0.018816
1.244128e-06	-0.0186624
1.246128e-06	-0.0189952
1.248128e-06	-0.0191232
1.250128e-06	-0.0193024
1.252128e-06	-0.0192256
1.254128e-06	-0.0192768
1.256128e-06	-0.019328
1.258128e-06	-0.0196864
1.260128e-06	-0.0197376
1.262128e-06	-0.0201216
1.264128e-06	-0.0203776
1.266128e-06	-0.0202752
1.268128e-06	-0.0204032
1.270128e-06	-0.0204288
1.272128e-06	-0.020736
1.274128e-06	-0.0207616
1.276128e-06	-0.0207872
1.278128e-06	-0.0206848
1.280128e-06	-0.0212992
1.282128e-06	-0.021248
1.284128e-06	-0.020992
1.286128e-06	-0.0208128
1.288128e-06	-0.0210688
1.290128e-06	-0.0211968
1.292128e-06	-0.0212224
1.294128e-06	-0.0214016
1.296128e-06	-0.021504
1.298128e-06	-0.0211712
1.300128e-06	-0.0214784
1.302128e-06	-0.0212992
1.304128e-06	-0.0217344
1.306128e-06	-0.021504
1.308128e-06	-0.0210176
1.310128e-06	-0.0206592
1.312128e-06	-0.020992
1.314128e-06	-0.02112
1.316128e-06	-0.0209152
1.318128e-06	-0.0205312
1.320128e-06	-0.0207616
1.322128e-06	-0.0212224
1.324128e-06	-0.0212992
1.326128e-06	-0.0212736
1.328128e-06	-0.0214272
1.330128e-06	-0.0213504
1.332128e-06	-0.0214784
1.334128e-06	-0.0212736
1.336128e-06	-0.0211712
1.338128e-06	-0.0210944
1.340128e-06	-0.0208384
1.342128e-06	-0.0207872
1.344128e-06	-0.0207104
1.346128e-06	-0.0203264
1.348128e-06	-0.0202496
1.350128e-06	-0.0202752
1.352128e-06	-0.0205312
1.354128e-06	-0.0204288
1.356128e-06	-0.0200704
1.358128e-06	-0.0196352
1.360128e-06	-0.0195072
1.362128e-06	-0.0197888
1.364128e-06	-0.0201984
1.366128e-06	-0.0198912
1.368128e-06	-0.0199424
1.370128e-06	-0.020096
1.372128e-06	-0.020224
1.374128e-06	-0.0203264
1.376128e-06	-0.0202752
1.378128e-06	-0.0207616
1.380128e-06	-0.0213248
1.382128e-06	-0.0208384
1.384128e-06	-0.0208384
1.386128e-06	-0.0209408
1.388128e-06	-0.0212992
1.390128e-06	-0.0210432
1.392128e-06	-0.0210176
1.394128e-06	-0.0210688
1.396128e-06	-0.020864
1.398128e-06	-0.0207616
1.400128e-06	-0.0210432
1.402128e-06	-0.0210688
1.404128e-06	-0.0210432
1.406128e-06	-0.0212736
1.408128e-06	-0.02112
1.410128e-06	-0.0208384
1.412128e-06	-0.0205056
1.414128e-06	-0.0203776
1.416128e-06	-0.0210176
1.418128e-06	-0.0211712
1.420128e-06	-0.0210176
1.422128e-06	-0.0201728
1.424128e-06	-0.0199936
1.426128e-06	-0.0204288
1.428128e-06	-0.020992
1.430128e-06	-0.0209664
1.432128e-06	-0.0204032
1.434128e-06	-0.0203264
1.436128e-06	-0.0204288
1.438128e-06	-0.0200448
1.440128e-06	-0.0201472
1.442128e-06	-0.0200704
1.444128e-06	-0.0201984
1.446128e-06	-0.0197888
1.448128e-06	-0.0198912
1.450128e-06	-0.0198144
1.452128e-06	-0.019456
1.454128e-06	-0.018816
1.456128e-06	-0.0187904
1.458128e-06	-0.0192
1.460128e-06	-0.0192
1.462128e-06	-0.0186112
1.464128e-06	-0.0187392
1.466128e-06	-0.0187648
1.468128e-06	-0.0187904
1.470128e-06	-0.0180992
1.472128e-06	-0.018048
1.474128e-06	-0.0179712
1.476128e-06	-0.0182528
1.478128e-06	-0.0175872
1.480128e-06	-0.0173824
1.482128e-06	-0.0170496
1.484128e-06	-0.0172544
1.486128e-06	-0.016896
1.488128e-06	-0.016512
1.490128e-06	-0.0166144
1.492128e-06	-0.0168448
1.494128e-06	-0.0165888
1.496128e-06	-0.0165888
1.498128e-06	-0.0163072
1.500128e-06	-0.0163584
1.502128e-06	-0.016128
1.504128e-06	-0.0160256
1.506128e-06	-0.016
1.508128e-06	-0.0158976
1.510128e-06	-0.0160512
1.512128e-06	-0.016384
1.514128e-06	-0.0162048
1.516128e-06	-0.0165376
1.518128e-06	-0.0162304
1.520128e-06	-0.0162816
1.522128e-06	-0.016384
1.524128e-06	-0.01664
1.526128e-06	-0.0166912
1.528128e-06	-0.0169472
1.530128e-06	-0.0171008
1.532128e-06	-0.0173312
1.534128e-06	-0.017408
1.536128e-06	-0.0175872
1.538128e-06	-0.0174336
1.540128e-06	-0.0173824
1.542128e-06	-0.0172032
1.544128e-06	-0.0170496
1.546128e-06	-0.0169728
1.548128e-06	-0.017408
1.550128e-06	-0.0171008
1.552128e-06	-0.0169472
1.554128e-06	-0.016896
1.556128e-06	-0.0169728
1.558128e-06	-0.0167424
1.560128e-06	-0.0167424
1.562128e-06	-0.01728
1.564128e-06	-0.0174848
1.566128e-06	-0.017408
1.568128e-06	-0.0174592
1.570128e-06	-0.0174336
1.572128e-06	-0.0178688
1.574128e-06	-0.0175616
1.576128e-06	-0.0177152
1.578128e-06	-0.017664
1.580128e-06	-0.0177152
1.582128e-06	-0.0174336
1.584128e-06	-0.017536
1.586128e-06	-0.0173824
1.588128e-06	-0.0175872
1.590128e-06	-0.0172032
1.592128e-06	-0.017152
1.594128e-06	-0.0169216
1.596128e-06	-0.017024
1.598128e-06	-0.016896
1.600128e-06	-0.0166912
1.602128e-06	-0.0167936
1.604128e-06	-0.0168448
1.606128e-06	-0.0167424
1.608128e-06	-0.0165376
1.610128e-06	-0.01664
1.612128e-06	-0.016768
1.614128e-06	-0.0170752
1.616128e-06	-0.0171008
1.618128e-06	-0.0170752
1.620128e-06	-0.0169216
1.622128e-06	-0.0166912
1.624128e-06	-0.016896
1.626128e-06	-0.0169472
1.628128e-06	-0.0168192
1.630128e-06	-0.0165888
1.632128e-06	-0.0165632
1.634128e-06	-0.016
1.636128e-06	-0.0162048
1.638128e-06	-0.0158208
1.640128e-06	-0.0157184
1.642128e-06	-0.0152576
1.644128e-06	-0.0150272
1.646128e-06	-0.0147712
1.648128e-06	-0.0143104
1.650128e-06	-0.0141312
1.652128e-06	-0.0143872
1.654128e-06	-0.0143104
1.656128e-06	-0.0142592
1.658128e-06	-0.0142336
1.660128e-06	-0.0141056
1.662128e-06	-0.0139008
1.664128e-06	-0.0142336
1.666128e-06	-0.0142592
1.668128e-06	-0.0143616
1.670128e-06	-0.0143872
1.672128e-06	-0.0148992
1.674128e-06	-0.0149248
1.676128e-06	-0.015104
1.678128e-06	-0.0152832
1.680128e-06	-0.0155648
1.682128e-06	-0.0155904
1.684128e-06	-0.0155648
1.686128e-06	-0.0156928
1.688128e-06	-0.0158208
1.690128e-06	-0.0161792
1.692128e-06	-0.0160768
1.694128e-06	-0.0160768
1.696128e-06	-0.0166144
1.698128e-06	-0.0171008
1.700128e-06	-0.0170752
1.702128e-06	-0.0172544
1.704128e-06	-0.0174336
1.706128e-06	-0.0176896
1.708128e-06	-0.0182272
1.710128e-06	-0.0182784
1.712128e-06	-0.0183296
1.714128e-06	-0.0185088
1.716128e-06	-0.018944
1.718128e-06	-0.018816
1.720128e-06	-0.0190464
1.722128e-06	-0.0191488
1.724128e-06	-0.0192768
1.726128e-06	-0.0191744
1.728128e-06	-0.0192512
1.730128e-06	-0.0192768
1.732128e-06	-0.01984
1.734128e-06	-0.019712
1.736128e-06	-0.0199424
1.738128e-06	-0.0203008
1.740128e-06	-0.020096
1.742128e-06	-0.0201728
1.744128e-06	-0.0203264
1.746128e-06	-0.0199424
1.748128e-06	-0.0201984
1.750128e-06	-0.0200448
1.752128e-06	-0.0200192
1.754128e-06	-0.0202496
1.756128e-06	-0.0206848
1.758128e-06	-0.0205568
1.760128e-06	-0.0207872
1.762128e-06	-0.0208896
1.764128e-06	-0.0209152
1.766128e-06	-0.0207616
1.768128e-06	-0.020736
1.770128e-06	-0.0207616
1.772128e-06	-0.0208128
1.774128e-06	-0.0204032
1.776128e-06	-0.0201728
1.778128e-06	-0.0197888
1.780128e-06	-0.0193792
1.782128e-06	-0.0190976
1.784128e-06	-0.0187904
1.786128e-06	-0.0186112
1.788128e-06	-0.018432
1.790128e-06	-0.0181248
1.792128e-06	-0.0180224
1.794128e-06	-0.0184064
1.796128e-06	-0.0184064
1.798128e-06	-0.0183552
1.800128e-06	-0.0185344
1.802128e-06	-0.018304
1.804128e-06	-0.0184064
1.806128e-06	-0.0183552
1.808128e-06	-0.0180736
1.810128e-06	-0.0182272
1.812128e-06	-0.018432
1.814128e-06	-0.0185344
1.816128e-06	-0.0187904
1.818128e-06	-0.0188928
1.820128e-06	-0.0189184
1.822128e-06	-0.0187648
1.824128e-06	-0.0190976
1.826128e-06	-0.0194048
1.828128e-06	-0.0196096
1.830128e-06	-0.019712
1.832128e-06	-0.0195328
1.834128e-06	-0.0199936
1.836128e-06	-0.020224
1.838128e-06	-0.0203264
1.840128e-06	-0.020608
1.842128e-06	-0.02048
1.844128e-06	-0.02048
1.846128e-06	-0.020608
1.848128e-06	-0.0205312
1.850128e-06	-0.0205824
1.852128e-06	-0.0204544
1.854128e-06	-0.0202752
1.856128e-06	-0.0201472
1.858128e-06	-0.0201728
1.860128e-06	-0.0203008
1.862128e-06	-0.0201728
1.864128e-06	-0.019968
1.866128e-06	-0.0197888
1.868128e-06	-0.0197888
1.870128e-06	-0.0198656
1.872128e-06	-0.0197376
1.874128e-06	-0.0196352
1.876128e-06	-0.0197888
1.878128e-06	-0.01984
1.880128e-06	-0.0197888
1.882128e-06	-0.0195584
1.884128e-06	-0.0193792
1.886128e-06	-0.019328
1.888128e-06	-0.0190976
1.890128e-06	-0.018944
1.892128e-06	-0.0188928
1.894128e-06	-0.0186368
1.896128e-06	-0.0187904
1.898128e-06	-0.0188928
1.900128e-06	-0.0187648
1.902128e-06	-0.0186112
1.904128e-06	-0.0184832
1.906128e-06	-0.0180992
1.908128e-06	-0.0183296
1.910128e-06	-0.0182528
1.912128e-06	-0.0185856
1.914128e-06	-0.018688
1.916128e-06	-0.0187136
1.918128e-06	-0.0187136
1.920128e-06	-0.0189952
1.922128e-06	-0.0190976
1.924128e-06	-0.0193792
1.926128e-06	-0.0193536
1.928128e-06	-0.0192768
1.930128e-06	-0.0195072
1.932128e-06	-0.0196864
1.934128e-06	-0.0199424
1.936128e-06	-0.0200448
1.938128e-06	-0.0199168
1.940128e-06	-0.0201984
1.942128e-06	-0.0201984
1.944128e-06	-0.0202496
1.946128e-06	-0.0201728
1.948128e-06	-0.0199936
1.950128e-06	-0.0197376
1.952128e-06	-0.0196096
1.954128e-06	-0.0196864
1.956128e-06	-0.0200704
1.958128e-06	-0.0200704
1.960128e-06	-0.0200704
1.962128e-06	-0.0203008
1.964128e-06	-0.0203008
1.966128e-06	-0.0200704
1.968128e-06	-0.0196352
1.970128e-06	-0.019712
1.972128e-06	-0.0196608
1.974128e-06	-0.0197376
1.976128e-06	-0.0196096
1.978128e-06	-0.0192768
1.980128e-06	-0.019328
1.982128e-06	-0.0191232
1.984128e-06	-0.0190976
1.986128e-06	-0.0188928
1.988128e-06	-0.0186624
1.990128e-06	-0.0183808
1.992128e-06	-0.0183552
1.994128e-06	-0.018048
1.996128e-06	-0.018176
1.998128e-06	-0.0179456
2.000128e-06	-0.0181504
2.002128e-06	-0.0179968
2.004128e-06	-0.0180992
2.006128e-06	-0.0180224
2.008128e-06	-0.0179712
2.010128e-06	-0.0177408
2.012128e-06	-0.0176128
2.014128e-06	-0.0173312
2.016128e-06	-0.0173824
2.018128e-06	-0.0175104
2.020128e-06	-0.0178944
2.022128e-06	-0.0178688
2.024128e-06	-0.0181504
2.026128e-06	-0.0179968
2.028128e-06	-0.0180224
2.030128e-06	-0.0180224
2.032128e-06	-0.0181504
2.034128e-06	-0.0182784
2.036128e-06	-0.0188416
2.038128e-06	-0.0186368
2.040128e-06	-0.01856
2.042128e-06	-0.0187392
2.044128e-06	-0.0188416
2.046128e-06	-0.0190208
2.048128e-06	-0.0194048
2.050128e-06	-0.0196864
2.052128e-06	-0.0195072
2.054128e-06	-0.019456
2.056128e-06	-0.0195328
2.058128e-06	-0.0198656
2.060128e-06	-0.01984
2.062128e-06	-0.0196096
2.064128e-06	-0.0198656
2.066128e-06	-0.0201984
2.068128e-06	-0.020352
2.070128e-06	-0.0200704
2.072128e-06	-0.020352
2.074128e-06	-0.0205312
2.076128e-06	-0.0201472
2.078128e-06	-0.019968
2.080128e-06	-0.019584
2.082128e-06	-0.0195072
2.084128e-06	-0.0198656
2.086128e-06	-0.0198656
2.088128e-06	-0.0197376
2.090128e-06	-0.0194816
2.092128e-06	-0.0194048
2.094128e-06	-0.0192768
2.096128e-06	-0.0193024
2.098128e-06	-0.0193536
2.100128e-06	-0.0192512
2.102128e-06	-0.0191232
2.104128e-06	-0.0188672
2.106128e-06	-0.0191232
2.108128e-06	-0.0193792
2.110128e-06	-0.0191744
2.112128e-06	-0.0189952
2.114128e-06	-0.0189696
2.116128e-06	-0.0187904
2.118128e-06	-0.0184832
2.120128e-06	-0.0181504
2.122128e-06	-0.0175616
2.124128e-06	-0.0174592
2.126128e-06	-0.0172032
2.128128e-06	-0.0172032
2.130128e-06	-0.0171264
2.132128e-06	-0.0172032
2.134128e-06	-0.0170752
2.136128e-06	-0.017024
2.138128e-06	-0.0171008
2.140128e-06	-0.0164096
2.142128e-06	-0.0161024
2.144128e-06	-0.0159488
2.146128e-06	-0.0161536
2.148128e-06	-0.0167168
2.150128e-06	-0.016768
2.152128e-06	-0.0163072
2.154128e-06	-0.0158976
2.156128e-06	-0.0159488
2.158128e-06	-0.0160256
2.160128e-06	-0.0161536
2.162128e-06	-0.0157184
2.164128e-06	-0.0154112
2.166128e-06	-0.0151296
2.168128e-06	-0.0155392
2.170128e-06	-0.0153344
2.172128e-06	-0.0149248
2.174128e-06	-0.0147456
2.176128e-06	-0.015104
2.178128e-06	-0.0152832
2.180128e-06	-0.0154624
2.182128e-06	-0.0151808
2.184128e-06	-0.01536
2.186128e-06	-0.0156416
2.188128e-06	-0.015744
2.190128e-06	-0.0156928
2.192128e-06	-0.0157696
2.194128e-06	-0.0158976
2.196128e-06	-0.0161536
2.198128e-06	-0.015872
2.200128e-06	-0.0159744
2.202128e-06	-0.0159744
2.204128e-06	-0.0160512
2.206128e-06	-0.0162816
2.208128e-06	-0.0165376
2.210128e-06	-0.016384
2.212128e-06	-0.01664
2.214128e-06	-0.016768
2.216128e-06	-0.0167936
2.218128e-06	-0.0167168
2.220128e-06	-0.0171008
2.222128e-06	-0.0169984
2.224128e-06	-0.0171008
2.226128e-06	-0.0169216
2.228128e-06	-0.0168192
2.230128e-06	-0.0165888
2.232128e-06	-0.0168192
2.234128e-06	-0.016768
2.236128e-06	-0.0165888
2.238128e-06	-0.0165888
2.240128e-06	-0.0164864
2.242128e-06	-0.01664
2.244128e-06	-0.0166144
2.246128e-06	-0.01664
2.248128e-06	-0.0165376
2.250128e-06	-0.016512
2.252128e-06	-0.0169472
2.254128e-06	-0.0165888
2.256128e-06	-0.0165888
2.258128e-06	-0.0161792
2.260128e-06	-0.0162816
2.262128e-06	-0.0159488
2.264128e-06	-0.0159232
2.266128e-06	-0.0157952
2.268128e-06	-0.0160256
2.270128e-06	-0.0162048
2.272128e-06	-0.016256
2.274128e-06	-0.0159488
2.276128e-06	-0.015872
2.278128e-06	-0.0158976
2.280128e-06	-0.016256
2.282128e-06	-0.0164608
2.284128e-06	-0.0165888
2.286128e-06	-0.0164096
2.288128e-06	-0.0163328
2.290128e-06	-0.0162048
2.292128e-06	-0.0168448
2.294128e-06	-0.01664
2.296128e-06	-0.0169472
2.298128e-06	-0.017152
2.300128e-06	-0.0173312
2.302128e-06	-0.0173824
2.304128e-06	-0.0174336
2.306128e-06	-0.017408
2.308128e-06	-0.017664
2.310128e-06	-0.0175616
2.312128e-06	-0.0177408
2.314128e-06	-0.0178432
2.316128e-06	-0.0181504
2.318128e-06	-0.0180992
2.320128e-06	-0.0180992
2.322128e-06	-0.0179968
2.324128e-06	-0.0182784
2.326128e-06	-0.0178688
2.328128e-06	-0.0179456
2.330128e-06	-0.0178432
2.332128e-06	-0.017792
2.334128e-06	-0.0175872
2.336128e-06	-0.0178176
2.338128e-06	-0.01792
2.340128e-06	-0.0182016
2.342128e-06	-0.0178432
2.344128e-06	-0.01792
2.346128e-06	-0.0181248
2.348128e-06	-0.0183552
2.350128e-06	-0.0182528
2.352128e-06	-0.0183296
2.354128e-06	-0.0180992
2.356128e-06	-0.0185344
2.358128e-06	-0.01856
2.360128e-06	-0.0187904
2.362128e-06	-0.0190208
2.364128e-06	-0.0193536
2.366128e-06	-0.019328
2.368128e-06	-0.019328
2.370128e-06	-0.019328
2.372128e-06	-0.0194048
2.374128e-06	-0.019456
2.376128e-06	-0.019712
2.378128e-06	-0.019968
2.380128e-06	-0.020096
2.382128e-06	-0.0200448
2.384128e-06	-0.0203776
2.386128e-06	-0.0203264
2.388128e-06	-0.0203264
2.390128e-06	-0.0201984
2.392128e-06	-0.02048
2.394128e-06	-0.0207104
2.396128e-06	-0.0207104
2.398128e-06	-0.0204032
2.400128e-06	-0.0205824
2.402128e-06	-0.020224
2.404128e-06	-0.0203264
2.406128e-06	-0.0200448
2.408128e-06	-0.0202496
2.410128e-06	-0.0202752
2.412128e-06	-0.020352
2.414128e-06	-0.0199168
2.416128e-06	-0.0198912
2.418128e-06	-0.0200704
2.420128e-06	-0.020352
2.422128e-06	-0.0199168
2.424128e-06	-0.0197888
2.426128e-06	-0.0196864
2.428128e-06	-0.0194816
2.430128e-06	-0.0192
2.432128e-06	-0.0189952
2.434128e-06	-0.0187392
2.436128e-06	-0.0189696
2.438128e-06	-0.0188672
2.440128e-06	-0.0187392
2.442128e-06	-0.0187648
2.444128e-06	-0.0188928
2.446128e-06	-0.0187648
2.448128e-06	-0.0192
2.450128e-06	-0.0192256
2.452128e-06	-0.0196096
2.454128e-06	-0.0195072
2.456128e-06	-0.0194048
2.458128e-06	-0.0196864
2.460128e-06	-0.0199168
2.462128e-06	-0.0197888
2.464128e-06	-0.0197632
2.466128e-06	-0.0199936
2.468128e-06	-0.0197888
2.470128e-06	-0.0199936
2.472128e-06	-0.0201984
2.474128e-06	-0.0205056
2.476128e-06	-0.0205824
2.478128e-06	-0.020608
2.480128e-06	-0.0205568
2.482128e-06	-0.0204032
2.484128e-06	-0.0204544
2.486128e-06	-0.0205312
2.488128e-06	-0.020352
2.490128e-06	-0.0205312
2.492128e-06	-0.0206336
2.494128e-06	-0.0206848
2.496128e-06	-0.0210176
2.498128e-06	-0.0212992
2.500128e-06	-0.0214528
