LECROYHDO6104A	50809	Waveform
Segments	1	SegmentSize	2502
Segment	TrigTime	TimeSinceSegment1
#1	19-Dec-2022 19:55:26	0                 
Time	Ampl
-2.501135e-06	-0.02696
-2.499135e-06	-0.02772
-2.497135e-06	-0.02316
-2.495135e-06	-0.02468
-2.493135e-06	-0.02848
-2.491135e-06	-0.03076
-2.489135e-06	-0.0262
-2.487135e-06	-0.0262
-2.485135e-06	-0.0262
-2.483135e-06	-0.02848
-2.481135e-06	-0.02772
-2.479135e-06	-0.0262
-2.477135e-06	-0.02772
-2.475135e-06	-0.03
-2.473135e-06	-0.02544
-2.471135e-06	-0.0262
-2.469135e-06	-0.03
-2.467135e-06	-0.03
-2.465135e-06	-0.02468
-2.463135e-06	-0.02848
-2.461135e-06	-0.02924
-2.459135e-06	-0.03304
-2.457135e-06	-0.02468
-2.455135e-06	-0.02772
-2.453135e-06	-0.03076
-2.451135e-06	-0.03076
-2.449135e-06	-0.02696
-2.447135e-06	-0.02772
-2.445135e-06	-0.02848
-2.443135e-06	-0.02924
-2.441135e-06	-0.02392
-2.439135e-06	-0.02468
-2.437135e-06	-0.02772
-2.435135e-06	-0.02924
-2.433135e-06	-0.02848
-2.431135e-06	-0.02924
-2.429135e-06	-0.02772
-2.427135e-06	-0.02772
-2.425135e-06	-0.02696
-2.423135e-06	-0.02772
-2.421135e-06	-0.02544
-2.419135e-06	-0.02772
-2.417135e-06	-0.02772
-2.415135e-06	-0.0224
-2.413135e-06	-0.02848
-2.411135e-06	-0.03
-2.409135e-06	-0.02924
-2.407135e-06	-0.03076
-2.405135e-06	-0.03076
-2.403135e-06	-0.03304
-2.401135e-06	-0.02696
-2.399135e-06	-0.02772
-2.397135e-06	-0.02924
-2.395135e-06	-0.03
-2.393135e-06	-0.0224
-2.391135e-06	-0.02848
-2.389135e-06	-0.02696
-2.387135e-06	-0.0262
-2.385135e-06	-0.02164
-2.383135e-06	-0.0262
-2.381135e-06	-0.03
-2.379135e-06	-0.03
-2.377135e-06	-0.02468
-2.375135e-06	-0.02696
-2.373135e-06	-0.03
-2.371135e-06	-0.03456
-2.369135e-06	-0.03076
-2.367135e-06	-0.02772
-2.365135e-06	-0.02468
-2.363135e-06	-0.02924
-2.361135e-06	-0.02848
-2.359135e-06	-0.03
-2.357135e-06	-0.02848
-2.355135e-06	-0.03076
-2.353135e-06	-0.02924
-2.351135e-06	-0.02848
-2.349135e-06	-0.03
-2.347135e-06	-0.03
-2.345135e-06	-0.02468
-2.343135e-06	-0.02848
-2.341135e-06	-0.02772
-2.339135e-06	-0.03
-2.337135e-06	-0.02696
-2.335135e-06	-0.02544
-2.333135e-06	-0.02772
-2.331135e-06	-0.02848
-2.329135e-06	-0.02468
-2.327135e-06	-0.02924
-2.325135e-06	-0.02848
-2.323135e-06	-0.02924
-2.321135e-06	-0.02772
-2.319135e-06	-0.02544
-2.317135e-06	-0.02924
-2.315135e-06	-0.02772
-2.313135e-06	-0.02468
-2.311135e-06	-0.02544
-2.309135e-06	-0.03
-2.307135e-06	-0.02696
-2.305135e-06	-0.02468
-2.303135e-06	-0.02696
-2.301135e-06	-0.02316
-2.299135e-06	-0.0262
-2.297135e-06	-0.02468
-2.295135e-06	-0.02544
-2.293135e-06	-0.02544
-2.291135e-06	-0.02696
-2.289135e-06	-0.0224
-2.287135e-06	-0.0262
-2.285135e-06	-0.02696
-2.283135e-06	-0.0262
-2.281135e-06	-0.02088
-2.279135e-06	-0.02544
-2.277135e-06	-0.02848
-2.275135e-06	-0.02772
-2.273135e-06	-0.02468
-2.271135e-06	-0.0224
-2.269135e-06	-0.02468
-2.267135e-06	-0.02772
-2.265135e-06	-0.0262
-2.263135e-06	-0.02316
-2.261135e-06	-0.0224
-2.259135e-06	-0.02468
-2.257135e-06	-0.02164
-2.255135e-06	-0.02848
-2.253135e-06	-0.02316
-2.251135e-06	-0.02696
-2.249135e-06	-0.0262
-2.247135e-06	-0.02696
-2.245135e-06	-0.02696
-2.243135e-06	-0.02848
-2.241135e-06	-0.0262
-2.239135e-06	-0.02772
-2.237135e-06	-0.02696
-2.235135e-06	-0.02772
-2.233135e-06	-0.02772
-2.231135e-06	-0.02696
-2.229135e-06	-0.02848
-2.227135e-06	-0.0262
-2.225135e-06	-0.02316
-2.223135e-06	-0.0262
-2.221135e-06	-0.02772
-2.219135e-06	-0.02696
-2.217135e-06	-0.02468
-2.215135e-06	-0.02696
-2.213135e-06	-0.02848
-2.211135e-06	-0.0262
-2.209135e-06	-0.02544
-2.207135e-06	-0.02696
-2.205135e-06	-0.02392
-2.203135e-06	-0.03228
-2.201135e-06	-0.02468
-2.199135e-06	-0.02392
-2.197135e-06	-0.02772
-2.195135e-06	-0.02772
-2.193135e-06	-0.02316
-2.191135e-06	-0.02164
-2.189135e-06	-0.02392
-2.187135e-06	-0.02696
-2.185135e-06	-0.0224
-2.183135e-06	-0.02316
-2.181135e-06	-0.02468
-2.179135e-06	-0.02696
-2.177135e-06	-0.02468
-2.175135e-06	-0.02772
-2.173135e-06	-0.02468
-2.171135e-06	-0.02392
-2.169135e-06	-0.02164
-2.167135e-06	-0.01936
-2.165135e-06	-0.02088
-2.163135e-06	-0.0224
-2.161135e-06	-0.02316
-2.159135e-06	-0.02468
-2.157135e-06	-0.02088
-2.155135e-06	-0.0262
-2.153135e-06	-0.02012
-2.151135e-06	-0.02316
-2.149135e-06	-0.02316
-2.147135e-06	-0.02392
-2.145135e-06	-0.02088
-2.143135e-06	-0.0224
-2.141135e-06	-0.0262
-2.139135e-06	-0.02392
-2.137135e-06	-0.01936
-2.135135e-06	-0.02544
-2.133135e-06	-0.0224
-2.131135e-06	-0.02164
-2.129135e-06	-0.02164
-2.127135e-06	-0.02164
-2.125135e-06	-0.01936
-2.123135e-06	-0.02468
-2.121135e-06	-0.0224
-2.119135e-06	-0.0224
-2.117135e-06	-0.0224
-2.115135e-06	-0.02468
-2.113135e-06	-0.02088
-2.111135e-06	-0.0262
-2.109135e-06	-0.02468
-2.107135e-06	-0.02772
-2.105135e-06	-0.0224
-2.103135e-06	-0.02392
-2.101135e-06	-0.02392
-2.099135e-06	-0.02772
-2.097135e-06	-0.02164
-2.095135e-06	-0.02468
-2.093135e-06	-0.02696
-2.091135e-06	-0.02468
-2.089135e-06	-0.02392
-2.087135e-06	-0.02088
-2.085135e-06	-0.02772
-2.083135e-06	-0.02772
-2.081135e-06	-0.02392
-2.079135e-06	-0.0262
-2.077135e-06	-0.02468
-2.075135e-06	-0.0262
-2.073135e-06	-0.02164
-2.071135e-06	-0.02392
-2.069135e-06	-0.02468
-2.067135e-06	-0.02772
-2.065135e-06	-0.02544
-2.063135e-06	-0.02468
-2.061135e-06	-0.02696
-2.059135e-06	-0.02772
-2.057135e-06	-0.02544
-2.055135e-06	-0.03
-2.053135e-06	-0.02924
-2.051135e-06	-0.02848
-2.049135e-06	-0.02696
-2.047135e-06	-0.02544
-2.045135e-06	-0.02696
-2.043135e-06	-0.03
-2.041135e-06	-0.02316
-2.039135e-06	-0.02772
-2.037135e-06	-0.0262
-2.035135e-06	-0.02696
-2.033135e-06	-0.02468
-2.031135e-06	-0.02848
-2.029135e-06	-0.0262
-2.027135e-06	-0.02772
-2.025135e-06	-0.02468
-2.023135e-06	-0.02696
-2.021135e-06	-0.02544
-2.019135e-06	-0.0262
-2.017135e-06	-0.02316
-2.015135e-06	-0.0262
-2.013135e-06	-0.02848
-2.011135e-06	-0.02924
-2.009135e-06	-0.02392
-2.007135e-06	-0.0262
-2.005135e-06	-0.02696
-2.003135e-06	-0.02772
-2.001135e-06	-0.02544
-1.999135e-06	-0.02772
-1.997135e-06	-0.0262
-1.995135e-06	-0.02924
-1.993135e-06	-0.02392
-1.991135e-06	-0.02696
-1.989135e-06	-0.02468
-1.987135e-06	-0.0262
-1.985135e-06	-0.02544
-1.983135e-06	-0.02772
-1.981135e-06	-0.02772
-1.979135e-06	-0.02696
-1.977135e-06	-0.0262
-1.975135e-06	-0.02544
-1.973135e-06	-0.02848
-1.971135e-06	-0.02924
-1.969135e-06	-0.0224
-1.967135e-06	-0.02544
-1.965135e-06	-0.02544
-1.963135e-06	-0.02772
-1.961135e-06	-0.02392
-1.959135e-06	-0.0262
-1.957135e-06	-0.02696
-1.955135e-06	-0.0262
-1.953135e-06	-0.02544
-1.951135e-06	-0.03076
-1.949135e-06	-0.02848
-1.947135e-06	-0.02848
-1.945135e-06	-0.0224
-1.943135e-06	-0.02544
-1.941135e-06	-0.02772
-1.939135e-06	-0.02772
-1.937135e-06	-0.02468
-1.935135e-06	-0.02088
-1.933135e-06	-0.02316
-1.931135e-06	-0.02392
-1.929135e-06	-0.02468
-1.927135e-06	-0.02392
-1.925135e-06	-0.02848
-1.923135e-06	-0.02468
-1.921135e-06	-0.0224
-1.919135e-06	-0.0262
-1.917135e-06	-0.03
-1.915135e-06	-0.02924
-1.913135e-06	-0.02696
-1.911135e-06	-0.0262
-1.909135e-06	-0.0262
-1.907135e-06	-0.02848
-1.905135e-06	-0.02544
-1.903135e-06	-0.02848
-1.901135e-06	-0.02544
-1.899135e-06	-0.02468
-1.897135e-06	-0.02772
-1.895135e-06	-0.02468
-1.893135e-06	-0.02772
-1.891135e-06	-0.03076
-1.889135e-06	-0.0224
-1.887135e-06	-0.02468
-1.885135e-06	-0.02772
-1.883135e-06	-0.02544
-1.881135e-06	-0.02468
-1.879135e-06	-0.0262
-1.877135e-06	-0.02772
-1.875135e-06	-0.0262
-1.873135e-06	-0.02544
-1.871135e-06	-0.02468
-1.869135e-06	-0.02544
-1.867135e-06	-0.02468
-1.865135e-06	-0.02544
-1.863135e-06	-0.02468
-1.861135e-06	-0.02696
-1.859135e-06	-0.02924
-1.857135e-06	-0.0262
-1.855135e-06	-0.02468
-1.853135e-06	-0.02848
-1.851135e-06	-0.0262
-1.849135e-06	-0.02392
-1.847135e-06	-0.02696
-1.845135e-06	-0.02848
-1.843135e-06	-0.02468
-1.841135e-06	-0.02392
-1.839135e-06	-0.02392
-1.837135e-06	-0.02696
-1.835135e-06	-0.02848
-1.833135e-06	-0.0262
-1.831135e-06	-0.0262
-1.829135e-06	-0.02924
-1.827135e-06	-0.02772
-1.825135e-06	-0.02316
-1.823135e-06	-0.0262
-1.821135e-06	-0.03076
-1.819135e-06	-0.0262
-1.817135e-06	-0.0262
-1.815135e-06	-0.02924
-1.813135e-06	-0.0262
-1.811135e-06	-0.02696
-1.809135e-06	-0.0224
-1.807135e-06	-0.02848
-1.805135e-06	-0.02772
-1.803135e-06	-0.0262
-1.801135e-06	-0.02696
-1.799135e-06	-0.02392
-1.797135e-06	-0.02848
-1.795135e-06	-0.02696
-1.793135e-06	-0.02468
-1.791135e-06	-0.0262
-1.789135e-06	-0.02544
-1.787135e-06	-0.02772
-1.785135e-06	-0.02392
-1.783135e-06	-0.02848
-1.781135e-06	-0.02468
-1.779135e-06	-0.02544
-1.777135e-06	-0.02696
-1.775135e-06	-0.02924
-1.773135e-06	-0.03
-1.771135e-06	-0.02924
-1.769135e-06	-0.02848
-1.767135e-06	-0.02772
-1.765135e-06	-0.02924
-1.763135e-06	-0.02924
-1.761135e-06	-0.02848
-1.759135e-06	-0.02696
-1.757135e-06	-0.03
-1.755135e-06	-0.02848
-1.753135e-06	-0.02848
-1.751135e-06	-0.03
-1.749135e-06	-0.02696
-1.747135e-06	-0.02924
-1.745135e-06	-0.02164
-1.743135e-06	-0.02848
-1.741135e-06	-0.03228
-1.739135e-06	-0.02696
-1.737135e-06	-0.02696
-1.735135e-06	-0.02316
-1.733135e-06	-0.0262
-1.731135e-06	-0.02696
-1.729135e-06	-0.02392
-1.727135e-06	-0.02696
-1.725135e-06	-0.02848
-1.723135e-06	-0.02772
-1.721135e-06	-0.02468
-1.719135e-06	-0.02772
-1.717135e-06	-0.02696
-1.715135e-06	-0.02696
-1.713135e-06	-0.0262
-1.711135e-06	-0.02772
-1.709135e-06	-0.02696
-1.707135e-06	-0.02544
-1.705135e-06	-0.0224
-1.703135e-06	-0.02696
-1.701135e-06	-0.0262
-1.699135e-06	-0.0262
-1.697135e-06	-0.02164
-1.695135e-06	-0.02848
-1.693135e-06	-0.02696
-1.691135e-06	-0.02696
-1.689135e-06	-0.02316
-1.687135e-06	-0.02696
-1.685135e-06	-0.02696
-1.683135e-06	-0.02468
-1.681135e-06	-0.02316
-1.679135e-06	-0.02544
-1.677135e-06	-0.02544
-1.675135e-06	-0.03076
-1.673135e-06	-0.0262
-1.671135e-06	-0.02164
-1.669135e-06	-0.02772
-1.667135e-06	-0.02696
-1.665135e-06	-0.02544
-1.663135e-06	-0.02696
-1.661135e-06	-0.02772
-1.659135e-06	-0.03
-1.657135e-06	-0.02696
-1.655135e-06	-0.02544
-1.653135e-06	-0.02696
-1.651135e-06	-0.02544
-1.649135e-06	-0.0262
-1.647135e-06	-0.0262
-1.645135e-06	-0.03
-1.643135e-06	-0.02468
-1.641135e-06	-0.02468
-1.639135e-06	-0.02772
-1.637135e-06	-0.02924
-1.635135e-06	-0.02772
-1.633135e-06	-0.0224
-1.631135e-06	-0.02316
-1.629135e-06	-0.02696
-1.627135e-06	-0.02772
-1.625135e-06	-0.02544
-1.623135e-06	-0.0262
-1.621135e-06	-0.02392
-1.619135e-06	-0.03
-1.617135e-06	-0.02392
-1.615135e-06	-0.02392
-1.613135e-06	-0.02544
-1.611135e-06	-0.02696
-1.609135e-06	-0.02316
-1.607135e-06	-0.02468
-1.605135e-06	-0.0262
-1.603135e-06	-0.02544
-1.601135e-06	-0.02316
-1.599135e-06	-0.02544
-1.597135e-06	-0.02696
-1.595135e-06	-0.0262
-1.593135e-06	-0.0224
-1.591135e-06	-0.0262
-1.589135e-06	-0.02696
-1.587135e-06	-0.03076
-1.585135e-06	-0.0262
-1.583135e-06	-0.02848
-1.581135e-06	-0.02924
-1.579135e-06	-0.0262
-1.577135e-06	-0.02544
-1.575135e-06	-0.02544
-1.573135e-06	-0.02696
-1.571135e-06	-0.0262
-1.569135e-06	-0.02316
-1.567135e-06	-0.02468
-1.565135e-06	-0.02468
-1.563135e-06	-0.02772
-1.561135e-06	-0.02392
-1.559135e-06	-0.02544
-1.557135e-06	-0.02696
-1.555135e-06	-0.02848
-1.553135e-06	-0.0224
-1.551135e-06	-0.02468
-1.549135e-06	-0.02544
-1.547135e-06	-0.02696
-1.545135e-06	-0.02468
-1.543135e-06	-0.02392
-1.541135e-06	-0.02848
-1.539135e-06	-0.02544
-1.537135e-06	-0.0224
-1.535135e-06	-0.02544
-1.533135e-06	-0.02848
-1.531135e-06	-0.02544
-1.529135e-06	-0.02468
-1.527135e-06	-0.0224
-1.525135e-06	-0.02848
-1.523135e-06	-0.02772
-1.521135e-06	-0.02164
-1.519135e-06	-0.0262
-1.517135e-06	-0.02392
-1.515135e-06	-0.02544
-1.513135e-06	-0.02164
-1.511135e-06	-0.02696
-1.509135e-06	-0.0262
-1.507135e-06	-0.0262
-1.505135e-06	-0.0262
-1.503135e-06	-0.02088
-1.501135e-06	-0.02924
-1.499135e-06	-0.02772
-1.497135e-06	-0.0262
-1.495135e-06	-0.02316
-1.493135e-06	-0.0262
-1.491135e-06	-0.02772
-1.489135e-06	-0.02848
-1.487135e-06	-0.02544
-1.485135e-06	-0.02544
-1.483135e-06	-0.0262
-1.481135e-06	-0.02392
-1.479135e-06	-0.02012
-1.477135e-06	-0.0262
-1.475135e-06	-0.02772
-1.473135e-06	-0.0224
-1.471135e-06	-0.02164
-1.469135e-06	-0.02772
-1.467135e-06	-0.02468
-1.465135e-06	-0.0224
-1.463135e-06	-0.02468
-1.461135e-06	-0.02392
-1.459135e-06	-0.02696
-1.457135e-06	-0.0224
-1.455135e-06	-0.02468
-1.453135e-06	-0.02924
-1.451135e-06	-0.02696
-1.449135e-06	-0.02468
-1.447135e-06	-0.02544
-1.445135e-06	-0.02316
-1.443135e-06	-0.02696
-1.441135e-06	-0.02012
-1.439135e-06	-0.02392
-1.437135e-06	-0.02544
-1.435135e-06	-0.02544
-1.433135e-06	-0.0224
-1.431135e-06	-0.02164
-1.429135e-06	-0.0224
-1.427135e-06	-0.02468
-1.425135e-06	-0.02088
-1.423135e-06	-0.01936
-1.421135e-06	-0.02392
-1.419135e-06	-0.02468
-1.417135e-06	-0.01936
-1.415135e-06	-0.01936
-1.413135e-06	-0.01708
-1.411135e-06	-0.0224
-1.409135e-06	-0.0186
-1.407135e-06	-0.02012
-1.405135e-06	-0.0186
-1.403135e-06	-0.02012
-1.401135e-06	-0.0224
-1.399135e-06	-0.0186
-1.397135e-06	-0.02316
-1.395135e-06	-0.02392
-1.393135e-06	-0.01936
-1.391135e-06	-0.02012
-1.389135e-06	-0.0186
-1.387135e-06	-0.02468
-1.385135e-06	-0.0224
-1.383135e-06	-0.02316
-1.381135e-06	-0.02164
-1.379135e-06	-0.0186
-1.377135e-06	-0.02088
-1.375135e-06	-0.0224
-1.373135e-06	-0.02392
-1.371135e-06	-0.01936
-1.369135e-06	-0.02088
-1.367135e-06	-0.02392
-1.365135e-06	-0.02012
-1.363135e-06	-0.02468
-1.361135e-06	-0.0224
-1.359135e-06	-0.02088
-1.357135e-06	-0.02316
-1.355135e-06	-0.02468
-1.353135e-06	-0.02164
-1.351135e-06	-0.02088
-1.349135e-06	-0.0262
-1.347135e-06	-0.02544
-1.345135e-06	-0.0262
-1.343135e-06	-0.02392
-1.341135e-06	-0.02696
-1.339135e-06	-0.02316
-1.337135e-06	-0.02316
-1.335135e-06	-0.02392
-1.333135e-06	-0.02392
-1.331135e-06	-0.02392
-1.329135e-06	-0.01936
-1.327135e-06	-0.01936
-1.325135e-06	-0.02088
-1.323135e-06	-0.02468
-1.321135e-06	-0.02164
-1.319135e-06	-0.02316
-1.317135e-06	-0.02392
-1.315135e-06	-0.0262
-1.313135e-06	-0.02392
-1.311135e-06	-0.02316
-1.309135e-06	-0.02316
-1.307135e-06	-0.02316
-1.305135e-06	-0.02088
-1.303135e-06	-0.02164
-1.301135e-06	-0.02316
-1.299135e-06	-0.02392
-1.297135e-06	-0.01936
-1.295135e-06	-0.02316
-1.293135e-06	-0.02468
-1.291135e-06	-0.02316
-1.289135e-06	-0.02468
-1.287135e-06	-0.02772
-1.285135e-06	-0.02544
-1.283135e-06	-0.02468
-1.281135e-06	-0.02316
-1.279135e-06	-0.02468
-1.277135e-06	-0.02696
-1.275135e-06	-0.02924
-1.273135e-06	-0.02772
-1.271135e-06	-0.02544
-1.269135e-06	-0.02848
-1.267135e-06	-0.02544
-1.265135e-06	-0.02468
-1.263135e-06	-0.03
-1.261135e-06	-0.03
-1.259135e-06	-0.02848
-1.257135e-06	-0.02848
-1.255135e-06	-0.02468
-1.253135e-06	-0.03
-1.251135e-06	-0.02772
-1.249135e-06	-0.02696
-1.247135e-06	-0.02696
-1.245135e-06	-0.02772
-1.243135e-06	-0.03
-1.241135e-06	-0.02848
-1.239135e-06	-0.02772
-1.237135e-06	-0.02544
-1.235135e-06	-0.02696
-1.233135e-06	-0.02544
-1.231135e-06	-0.02696
-1.229135e-06	-0.02468
-1.227135e-06	-0.0224
-1.225135e-06	-0.02696
-1.223135e-06	-0.02544
-1.221135e-06	-0.02696
-1.219135e-06	-0.02544
-1.217135e-06	-0.02392
-1.215135e-06	-0.02468
-1.213135e-06	-0.02772
-1.211135e-06	-0.02544
-1.209135e-06	-0.02392
-1.207135e-06	-0.0224
-1.205135e-06	-0.02848
-1.203135e-06	-0.0262
-1.201135e-06	-0.0224
-1.199135e-06	-0.0224
-1.197135e-06	-0.02392
-1.195135e-06	-0.02392
-1.193135e-06	-0.0224
-1.191135e-06	-0.02316
-1.189135e-06	-0.02392
-1.187135e-06	-0.02392
-1.185135e-06	-0.02316
-1.183135e-06	-0.0224
-1.181135e-06	-0.02316
-1.179135e-06	-0.02544
-1.177135e-06	-0.02468
-1.175135e-06	-0.0262
-1.173135e-06	-0.02316
-1.171135e-06	-0.02468
-1.169135e-06	-0.02164
-1.167135e-06	-0.02164
-1.165135e-06	-0.02544
-1.163135e-06	-0.02468
-1.161135e-06	-0.0224
-1.159135e-06	-0.0262
-1.157135e-06	-0.02392
-1.155135e-06	-0.02772
-1.153135e-06	-0.02392
-1.151135e-06	-0.02316
-1.149135e-06	-0.02392
-1.147135e-06	-0.02468
-1.145135e-06	-0.0224
-1.143135e-06	-0.02316
-1.141135e-06	-0.02696
-1.139135e-06	-0.02544
-1.137135e-06	-0.02392
-1.135135e-06	-0.02164
-1.133135e-06	-0.02696
-1.131135e-06	-0.02468
-1.129135e-06	-0.02392
-1.127135e-06	-0.02544
-1.125135e-06	-0.02544
-1.123135e-06	-0.0262
-1.121135e-06	-0.02316
-1.119135e-06	-0.0262
-1.117135e-06	-0.02772
-1.115135e-06	-0.03
-1.113135e-06	-0.0262
-1.111135e-06	-0.0262
-1.109135e-06	-0.02772
-1.107135e-06	-0.02924
-1.105135e-06	-0.02468
-1.103135e-06	-0.02392
-1.101135e-06	-0.02696
-1.099135e-06	-0.0262
-1.097135e-06	-0.02848
-1.095135e-06	-0.0262
-1.093135e-06	-0.03076
-1.091135e-06	-0.02772
-1.089135e-06	-0.02392
-1.087135e-06	-0.02544
-1.085135e-06	-0.02696
-1.083135e-06	-0.02696
-1.081135e-06	-0.0262
-1.079135e-06	-0.02468
-1.077135e-06	-0.02924
-1.075135e-06	-0.02848
-1.073135e-06	-0.02696
-1.071135e-06	-0.02468
-1.069135e-06	-0.03
-1.067135e-06	-0.02696
-1.065135e-06	-0.02392
-1.063135e-06	-0.02468
-1.061135e-06	-0.02696
-1.059135e-06	-0.02848
-1.057135e-06	-0.0224
-1.055135e-06	-0.02544
-1.053135e-06	-0.02316
-1.051135e-06	-0.02468
-1.049135e-06	-0.0262
-1.047135e-06	-0.02772
-1.045135e-06	-0.02392
-1.043135e-06	-0.02544
-1.041135e-06	-0.02164
-1.039135e-06	-0.02316
-1.037135e-06	-0.02848
-1.035135e-06	-0.02696
-1.033135e-06	-0.02544
-1.031135e-06	-0.02544
-1.029135e-06	-0.02924
-1.027135e-06	-0.02696
-1.025135e-06	-0.0262
-1.023135e-06	-0.02468
-1.021135e-06	-0.02696
-1.019135e-06	-0.02772
-1.017135e-06	-0.02164
-1.015135e-06	-0.02316
-1.013135e-06	-0.02164
-1.011135e-06	-0.02544
-1.009135e-06	-0.02316
-1.007135e-06	-0.02468
-1.005135e-06	-0.0224
-1.003135e-06	-0.02696
-1.001135e-06	-0.0224
-9.991351e-07	-0.0224
-9.971351e-07	-0.01936
-9.951351e-07	-0.02468
-9.931351e-07	-0.02088
-9.911351e-07	-0.02392
-9.891351e-07	-0.0186
-9.871351e-07	-0.02316
-9.851351e-07	-0.02164
-9.831351e-07	-0.02164
-9.811351e-07	-0.0224
-9.791351e-07	-0.0224
-9.771351e-07	-0.02088
-9.751351e-07	-0.02012
-9.731351e-07	-0.02164
-9.711351e-07	-0.02392
-9.691351e-07	-0.02012
-9.671351e-07	-0.02164
-9.651351e-07	-0.02392
-9.631351e-07	-0.02468
-9.611351e-07	-0.02392
-9.591351e-07	-0.02164
-9.571351e-07	-0.02088
-9.551351e-07	-0.01936
-9.531351e-07	-0.02012
-9.511351e-07	-0.02088
-9.491351e-07	-0.02088
-9.471351e-07	-0.02164
-9.451351e-07	-0.02012
-9.431351e-07	-0.01936
-9.411351e-07	-0.02316
-9.391351e-07	-0.02088
-9.371351e-07	-0.02088
-9.351351e-07	-0.01784
-9.331351e-07	-0.02164
-9.311351e-07	-0.02012
-9.291351e-07	-0.01936
-9.271351e-07	-0.01936
-9.251351e-07	-0.01936
-9.231351e-07	-0.01936
-9.211351e-07	-0.01708
-9.191351e-07	-0.02012
-9.171351e-07	-0.02088
-9.151351e-07	-0.01708
-9.131351e-07	-0.01784
-9.111351e-07	-0.01784
-9.091351e-07	-0.02392
-9.071351e-07	-0.02392
-9.051351e-07	-0.01708
-9.031351e-07	-0.01936
-9.011351e-07	-0.01936
-8.991351e-07	-0.02012
-8.971351e-07	-0.02012
-8.951351e-07	-0.02164
-8.931351e-07	-0.02392
-8.911351e-07	-0.0224
-8.891351e-07	-0.02164
-8.871351e-07	-0.02088
-8.851351e-07	-0.02088
-8.831351e-07	-0.0262
-8.811351e-07	-0.02392
-8.791351e-07	-0.02316
-8.771351e-07	-0.02316
-8.751351e-07	-0.02468
-8.731351e-07	-0.0224
-8.711351e-07	-0.02164
-8.691351e-07	-0.02392
-8.671351e-07	-0.02316
-8.651351e-07	-0.02088
-8.631351e-07	-0.0224
-8.611351e-07	-0.02164
-8.591351e-07	-0.02544
-8.571351e-07	-0.02164
-8.551351e-07	-0.02012
-8.531351e-07	-0.0224
-8.511351e-07	-0.02468
-8.491351e-07	-0.02392
-8.471351e-07	-0.02544
-8.451351e-07	-0.02164
-8.431351e-07	-0.02696
-8.411351e-07	-0.02316
-8.391351e-07	-0.0224
-8.371351e-07	-0.02696
-8.351351e-07	-0.02772
-8.331351e-07	-0.02088
-8.311351e-07	-0.02468
-8.291351e-07	-0.02544
-8.271351e-07	-0.02696
-8.251351e-07	-0.0224
-8.231351e-07	-0.02468
-8.211351e-07	-0.02316
-8.191351e-07	-0.02696
-8.171351e-07	-0.0224
-8.151351e-07	-0.02468
-8.131351e-07	-0.02468
-8.111351e-07	-0.02544
-8.091351e-07	-0.02316
-8.071351e-07	-0.02316
-8.051351e-07	-0.02316
-8.031351e-07	-0.02696
-8.011351e-07	-0.0224
-7.991351e-07	-0.0262
-7.971351e-07	-0.02848
-7.951351e-07	-0.03
-7.931351e-07	-0.02544
-7.911351e-07	-0.0262
-7.891351e-07	-0.02696
-7.871351e-07	-0.02468
-7.851351e-07	-0.02392
-7.831351e-07	-0.02772
-7.811351e-07	-0.02772
-7.791351e-07	-0.02848
-7.771351e-07	-0.02468
-7.751351e-07	-0.02544
-7.731351e-07	-0.02544
-7.711351e-07	-0.0262
-7.691351e-07	-0.02468
-7.671351e-07	-0.0262
-7.651351e-07	-0.02772
-7.631351e-07	-0.02924
-7.611351e-07	-0.02544
-7.591351e-07	-0.0262
-7.571351e-07	-0.02848
-7.551351e-07	-0.02772
-7.531351e-07	-0.0224
-7.511351e-07	-0.02848
-7.491351e-07	-0.02316
-7.471351e-07	-0.02848
-7.451351e-07	-0.02468
-7.431351e-07	-0.02848
-7.411351e-07	-0.02924
-7.391351e-07	-0.02696
-7.371351e-07	-0.02316
-7.351351e-07	-0.02772
-7.331351e-07	-0.03076
-7.311351e-07	-0.02924
-7.291351e-07	-0.02392
-7.271351e-07	-0.02924
-7.251351e-07	-0.02848
-7.231351e-07	-0.02924
-7.211351e-07	-0.0262
-7.191351e-07	-0.02848
-7.171351e-07	-0.03
-7.151351e-07	-0.03
-7.131351e-07	-0.02468
-7.111351e-07	-0.02848
-7.091351e-07	-0.03076
-7.071351e-07	-0.0338
-7.051351e-07	-0.02468
-7.031351e-07	-0.0262
-7.011351e-07	-0.02924
-6.991351e-07	-0.02924
-6.971351e-07	-0.02696
-6.951351e-07	-0.0262
-6.931351e-07	-0.03076
-6.911351e-07	-0.02924
-6.891351e-07	-0.02772
-6.871351e-07	-0.02848
-6.851351e-07	-0.02924
-6.831351e-07	-0.03
-6.811351e-07	-0.02772
-6.791351e-07	-0.02848
-6.771351e-07	-0.03
-6.751351e-07	-0.02924
-6.731351e-07	-0.0262
-6.711351e-07	-0.02772
-6.691351e-07	-0.03
-6.671351e-07	-0.03
-6.651351e-07	-0.02772
-6.631351e-07	-0.02772
-6.611351e-07	-0.02696
-6.591351e-07	-0.03
-6.571351e-07	-0.02544
-6.551351e-07	-0.02468
-6.531351e-07	-0.02924
-6.511351e-07	-0.02924
-6.491351e-07	-0.0262
-6.471351e-07	-0.03
-6.451351e-07	-0.02848
-6.431351e-07	-0.0262
-6.411351e-07	-0.02544
-6.391351e-07	-0.02924
-6.371351e-07	-0.02848
-6.351351e-07	-0.03228
-6.331351e-07	-0.02772
-6.311351e-07	-0.03
-6.291351e-07	-0.02772
-6.271351e-07	-0.02924
-6.251351e-07	-0.0262
-6.231351e-07	-0.02772
-6.211351e-07	-0.02848
-6.191351e-07	-0.02924
-6.171351e-07	-0.02468
-6.151351e-07	-0.0262
-6.131351e-07	-0.02924
-6.111351e-07	-0.03304
-6.091351e-07	-0.0262
-6.071351e-07	-0.03076
-6.051351e-07	-0.0262
-6.031351e-07	-0.02772
-6.011351e-07	-0.02772
-5.991351e-07	-0.03076
-5.971351e-07	-0.03
-5.951351e-07	-0.03076
-5.931351e-07	-0.03
-5.911351e-07	-0.03
-5.891351e-07	-0.03076
-5.871351e-07	-0.02848
-5.851351e-07	-0.02848
-5.831351e-07	-0.03
-5.811351e-07	-0.02924
-5.791351e-07	-0.03
-5.771351e-07	-0.02772
-5.751351e-07	-0.02772
-5.731351e-07	-0.03076
-5.711351e-07	-0.03228
-5.691351e-07	-0.02924
-5.671351e-07	-0.02772
-5.651351e-07	-0.03
-5.631351e-07	-0.03
-5.611351e-07	-0.02544
-5.591351e-07	-0.03
-5.571351e-07	-0.02924
-5.551351e-07	-0.03
-5.531351e-07	-0.02696
-5.511351e-07	-0.02772
-5.491351e-07	-0.03076
-5.471351e-07	-0.02924
-5.451351e-07	-0.0262
-5.431351e-07	-0.02696
-5.411351e-07	-0.03076
-5.391351e-07	-0.03
-5.371351e-07	-0.0262
-5.351351e-07	-0.02696
-5.331351e-07	-0.03
-5.311351e-07	-0.03076
-5.291351e-07	-0.02696
-5.271351e-07	-0.02772
-5.251351e-07	-0.02772
-5.231351e-07	-0.0262
-5.211351e-07	-0.02468
-5.191351e-07	-0.02848
-5.171351e-07	-0.02848
-5.151351e-07	-0.02772
-5.131351e-07	-0.02468
-5.111351e-07	-0.02468
-5.091351e-07	-0.02848
-5.071351e-07	-0.02848
-5.051351e-07	-0.02696
-5.031351e-07	-0.0262
-5.011351e-07	-0.02696
-4.991351e-07	-0.02696
-4.971351e-07	-0.0262
-4.951351e-07	-0.0262
-4.931351e-07	-0.02848
-4.911351e-07	-0.02848
-4.891351e-07	-0.02696
-4.871351e-07	-0.0262
-4.851351e-07	-0.02392
-4.831351e-07	-0.0262
-4.811351e-07	-0.02544
-4.791351e-07	-0.02924
-4.771351e-07	-0.02392
-4.751351e-07	-0.02924
-4.731351e-07	-0.02544
-4.711351e-07	-0.02468
-4.691351e-07	-0.0262
-4.671351e-07	-0.0262
-4.651351e-07	-0.0224
-4.631351e-07	-0.02696
-4.611351e-07	-0.02696
-4.591351e-07	-0.02544
-4.571351e-07	-0.0262
-4.551351e-07	-0.02316
-4.531351e-07	-0.02544
-4.511351e-07	-0.03076
-4.491351e-07	-0.02924
-4.471351e-07	-0.02468
-4.451351e-07	-0.0262
-4.431351e-07	-0.03076
-4.411351e-07	-0.0262
-4.391351e-07	-0.0262
-4.371351e-07	-0.02696
-4.351351e-07	-0.0224
-4.331351e-07	-0.02392
-4.311351e-07	-0.02468
-4.291351e-07	-0.02468
-4.271351e-07	-0.02392
-4.251351e-07	-0.02316
-4.231351e-07	-0.02772
-4.211351e-07	-0.02316
-4.191351e-07	-0.02392
-4.171351e-07	-0.02696
-4.151351e-07	-0.02468
-4.131351e-07	-0.02392
-4.111351e-07	-0.02392
-4.091351e-07	-0.0224
-4.071351e-07	-0.0224
-4.051351e-07	-0.02164
-4.031351e-07	-0.02392
-4.011351e-07	-0.02316
-3.991351e-07	-0.0262
-3.971351e-07	-0.02696
-3.951351e-07	-0.02392
-3.931351e-07	-0.02012
-3.911351e-07	-0.0224
-3.891351e-07	-0.02392
-3.871351e-07	-0.02468
-3.851351e-07	-0.0224
-3.831351e-07	-0.02392
-3.811351e-07	-0.02772
-3.791351e-07	-0.02544
-3.771351e-07	-0.02088
-3.751351e-07	-0.02316
-3.731351e-07	-0.02696
-3.711351e-07	-0.02392
-3.691351e-07	-0.02012
-3.671351e-07	-0.02392
-3.651351e-07	-0.02392
-3.631351e-07	-0.02772
-3.611351e-07	-0.02468
-3.591351e-07	-0.02468
-3.571351e-07	-0.0224
-3.551351e-07	-0.03
-3.531351e-07	-0.02696
-3.511351e-07	-0.02544
-3.491351e-07	-0.02848
-3.471351e-07	-0.02544
-3.451351e-07	-0.02088
-3.431351e-07	-0.02544
-3.411351e-07	-0.02468
-3.391351e-07	-0.02696
-3.371351e-07	-0.0262
-3.351351e-07	-0.03
-3.331351e-07	-0.02696
-3.311351e-07	-0.02848
-3.291351e-07	-0.02316
-3.271351e-07	-0.02696
-3.251351e-07	-0.02848
-3.231351e-07	-0.02848
-3.211351e-07	-0.02392
-3.191351e-07	-0.0262
-3.171351e-07	-0.02848
-3.151351e-07	-0.02544
-3.131351e-07	-0.02392
-3.111351e-07	-0.02544
-3.091351e-07	-0.03076
-3.071351e-07	-0.0262
-3.051351e-07	-0.02392
-3.031351e-07	-0.0224
-3.011351e-07	-0.03076
-2.991351e-07	-0.02848
-2.971351e-07	-0.02468
-2.951351e-07	-0.02544
-2.931351e-07	-0.03076
-2.911351e-07	-0.03152
-2.891351e-07	-0.02392
-2.871351e-07	-0.02392
-2.851351e-07	-0.0262
-2.831351e-07	-0.02848
-2.811351e-07	-0.0262
-2.791351e-07	-0.0262
-2.771351e-07	-0.02848
-2.751351e-07	-0.03
-2.731351e-07	-0.02696
-2.711351e-07	-0.02696
-2.691351e-07	-0.02392
-2.671351e-07	-0.02696
-2.651351e-07	-0.02544
-2.631351e-07	-0.0262
-2.611351e-07	-0.02848
-2.591351e-07	-0.03076
-2.571351e-07	-0.0262
-2.551351e-07	-0.0262
-2.531351e-07	-0.02392
-2.511351e-07	-0.03
-2.491351e-07	-0.02696
-2.471351e-07	-0.02924
-2.451351e-07	-0.03
-2.431351e-07	-0.02772
-2.411351e-07	-0.02468
-2.391351e-07	-0.02772
-2.371351e-07	-0.0262
-2.351351e-07	-0.02772
-2.331351e-07	-0.0262
-2.311351e-07	-0.02848
-2.291351e-07	-0.03076
-2.271351e-07	-0.03
-2.251351e-07	-0.02468
-2.231351e-07	-0.03
-2.211351e-07	-0.02696
-2.191351e-07	-0.02696
-2.171351e-07	-0.02696
-2.151351e-07	-0.02696
-2.131351e-07	-0.03076
-2.111351e-07	-0.02924
-2.091351e-07	-0.02392
-2.071351e-07	-0.02544
-2.051351e-07	-0.02772
-2.031351e-07	-0.03152
-2.011351e-07	-0.02544
-1.991351e-07	-0.02848
-1.971351e-07	-0.02772
-1.951351e-07	-0.02848
-1.931351e-07	-0.02544
-1.911351e-07	-0.0262
-1.891351e-07	-0.02772
-1.871351e-07	-0.02696
-1.851351e-07	-0.02696
-1.831351e-07	-0.02468
-1.811351e-07	-0.02696
-1.791351e-07	-0.02544
-1.771351e-07	-0.02392
-1.751351e-07	-0.02772
-1.731351e-07	-0.03
-1.711351e-07	-0.03
-1.691351e-07	-0.02696
-1.671351e-07	-0.02848
-1.651351e-07	-0.02392
-1.631351e-07	-0.02772
-1.611351e-07	-0.02544
-1.591351e-07	-0.02772
-1.571351e-07	-0.02924
-1.551351e-07	-0.02848
-1.531351e-07	-0.02772
-1.511351e-07	-0.02848
-1.491351e-07	-0.03076
-1.471351e-07	-0.03076
-1.451351e-07	-0.02696
-1.431351e-07	-0.02924
-1.411351e-07	-0.02924
-1.391351e-07	-0.03076
-1.371351e-07	-0.02924
-1.351351e-07	-0.02924
-1.331351e-07	-0.03
-1.311351e-07	-0.03076
-1.291351e-07	-0.03
-1.271351e-07	-0.03076
-1.251351e-07	-0.03152
-1.231351e-07	-0.03
-1.211351e-07	-0.02696
-1.191351e-07	-0.02924
-1.171351e-07	-0.02544
-1.151351e-07	-0.03152
-1.131351e-07	-0.0262
-1.111351e-07	-0.02848
-1.091351e-07	-0.02772
-1.071351e-07	-0.02924
-1.051351e-07	-0.02468
-1.031351e-07	-0.02772
-1.011351e-07	-0.02848
-9.913505e-08	-0.03076
-9.713505e-08	-0.02848
-9.513505e-08	-0.02772
-9.313505e-08	-0.02848
-9.113505e-08	-0.02772
-8.913505e-08	-0.0224
-8.713505e-08	-0.02696
-8.513505e-08	-0.02696
-8.313505e-08	-0.02924
-8.113505e-08	-0.02696
-7.913505e-08	-0.02772
-7.713505e-08	-0.03
-7.513505e-08	-0.03152
-7.313505e-08	-0.02696
-7.113505e-08	-0.02848
-6.913505e-08	-0.03
-6.713505e-08	-0.02848
-6.513505e-08	-0.02696
-6.313505e-08	-0.02772
-6.113505e-08	-0.02772
-5.913505e-08	-0.02924
-5.713505e-08	-0.0262
-5.513505e-08	-0.02848
-5.313505e-08	-0.02848
-5.113505e-08	-0.03152
-4.913505e-08	-0.0262
-4.713505e-08	-0.02772
-4.513505e-08	-0.0224
-4.313505e-08	-0.02772
-4.113505e-08	-0.02848
-3.913505e-08	-0.0262
-3.713505e-08	-0.03076
-3.513505e-08	-0.03
-3.313505e-08	-0.02772
-3.113505e-08	-0.0262
-2.913505e-08	-0.03076
-2.713505e-08	-0.02848
-2.513505e-08	-0.02924
-2.313505e-08	-0.02772
-2.113505e-08	-0.02924
-1.913505e-08	-0.03
-1.713505e-08	-0.02392
-1.513505e-08	-0.0262
-1.313505e-08	-0.02468
-1.113505e-08	-0.03
-9.135053e-09	-0.02392
-7.135053e-09	-0.02468
-5.135053e-09	-0.02696
-3.135053e-09	-0.02696
-1.135053e-09	-0.0224
8.649471e-10	-0.02316
2.864947e-09	-0.02392
4.864947e-09	-0.02772
6.864947e-09	-0.0224
8.864947e-09	-0.02544
1.086495e-08	-0.0262
1.286495e-08	-0.02468
1.486495e-08	-0.02164
1.686495e-08	-0.02468
1.886495e-08	-0.02544
2.086495e-08	-0.02544
2.286495e-08	-0.02392
2.486495e-08	-0.02544
2.686495e-08	-0.02696
2.886495e-08	-0.02544
3.086495e-08	-0.02392
3.286495e-08	-0.02392
3.486495e-08	-0.0262
3.686495e-08	-0.02544
3.886495e-08	-0.02316
4.086495e-08	-0.02164
4.286495e-08	-0.02544
4.486495e-08	-0.02468
4.686495e-08	-0.0224
4.886495e-08	-0.02088
5.086495e-08	-0.02392
5.286495e-08	-0.02468
5.486495e-08	-0.02316
5.686495e-08	-0.0262
5.886495e-08	-0.02468
6.086495e-08	-0.02392
6.286495e-08	-0.0224
6.486495e-08	-0.02544
6.686495e-08	-0.0224
6.886495e-08	-0.02772
7.086495e-08	-0.02468
7.286495e-08	-0.02544
7.486495e-08	-0.02392
7.686495e-08	-0.02544
7.886495e-08	-0.02392
8.086495e-08	-0.02468
8.286495e-08	-0.02848
8.486495e-08	-0.02772
8.686495e-08	-0.0224
8.886495e-08	-0.02468
9.086495e-08	-0.02544
9.286495e-08	-0.02012
9.486495e-08	-0.02316
9.686495e-08	-0.02088
9.886495e-08	-0.02392
1.008649e-07	-0.02544
1.028649e-07	-0.0224
1.048649e-07	-0.02392
1.068649e-07	-0.02392
1.088649e-07	-0.02848
1.108649e-07	-0.02316
1.128649e-07	-0.02392
1.148649e-07	-0.02468
1.168649e-07	-0.02848
1.188649e-07	-0.02544
1.208649e-07	-0.02848
1.228649e-07	-0.02392
1.248649e-07	-0.02468
1.268649e-07	-0.02468
1.288649e-07	-0.0186
1.308649e-07	-0.01328
1.328649e-07	0.00344
1.348649e-07	0.04524
1.368649e-07	0.10604
1.388649e-07	0.19724
1.408649e-07	0.3158
1.428649e-07	0.45488
1.448649e-07	0.59548
1.468649e-07	0.749
1.488649e-07	0.8896
1.508649e-07	1.02868
1.528649e-07	1.1518
1.548649e-07	1.24376
1.568649e-07	1.29392
1.588649e-07	1.33952
1.608649e-07	1.37068
1.628649e-07	1.395
1.648649e-07	1.41248
1.668649e-07	1.43376
1.688649e-07	1.4444
1.708649e-07	1.4596
1.728649e-07	1.46872
1.748649e-07	1.48164
1.768649e-07	1.48696
1.788649e-07	1.4976
1.808649e-07	1.49988
1.828649e-07	1.50748
1.848649e-07	1.51432
1.868649e-07	1.52268
1.888649e-07	1.52344
1.908649e-07	1.53028
1.928649e-07	1.53104
1.948649e-07	1.54168
1.968649e-07	1.5394
1.988649e-07	1.54396
2.008649e-07	1.547
2.028649e-07	1.55384
2.048649e-07	1.5546
2.068649e-07	1.55612
2.088649e-07	1.55992
2.108649e-07	1.566
2.128649e-07	1.56676
2.148649e-07	1.56904
2.168649e-07	1.57208
2.188649e-07	1.57512
2.208649e-07	1.57208
2.228649e-07	1.57588
2.248649e-07	1.57892
2.268649e-07	1.585
2.288649e-07	1.58196
2.308649e-07	1.585
2.328649e-07	1.58728
2.348649e-07	1.59184
2.368649e-07	1.58728
2.388649e-07	1.59336
2.408649e-07	1.5926
2.428649e-07	1.59564
2.448649e-07	1.59564
2.468649e-07	1.5964
2.488649e-07	1.59716
2.508649e-07	1.60172
2.528649e-07	1.59488
2.548649e-07	1.59564
2.568649e-07	1.58804
2.588649e-07	1.58044
2.608649e-07	1.56144
2.628649e-07	1.54852
2.648649e-07	1.52116
2.668649e-07	1.4292
2.688649e-07	1.35092
2.708649e-07	1.30456
2.728649e-07	1.2582
2.748649e-07	1.21792
2.768649e-07	1.1784
2.788649e-07	1.13888
2.808649e-07	1.10088
2.828649e-07	1.06744
2.848649e-07	1.03324
2.868649e-07	1.0036
2.888649e-07	0.96864
2.908649e-07	0.93672
2.928649e-07	0.9086
2.948649e-07	0.882
2.968649e-07	0.85616
2.988649e-07	0.83184
3.008649e-07	0.80676
3.028649e-07	0.78244
3.048649e-07	0.75964
3.068649e-07	0.73608
3.088649e-07	0.71404
3.108649e-07	0.69656
3.128649e-07	0.673
3.148649e-07	0.65324
3.168649e-07	0.63424
3.188649e-07	0.62132
3.208649e-07	0.59852
3.228649e-07	0.58332
3.248649e-07	0.5628
3.268649e-07	0.55216
3.288649e-07	0.53772
3.308649e-07	0.52252
3.328649e-07	0.5058
3.348649e-07	0.49364
3.368649e-07	0.47996
3.388649e-07	0.46856
3.408649e-07	0.45564
3.428649e-07	0.44196
3.448649e-07	0.43132
3.468649e-07	0.42448
3.488649e-07	0.40776
3.508649e-07	0.39788
3.528649e-07	0.38648
3.548649e-07	0.3766
3.568649e-07	0.36292
3.588649e-07	0.36064
3.608649e-07	0.34924
3.628649e-07	0.3424
3.648649e-07	0.32948
3.668649e-07	0.32112
3.688649e-07	0.31276
3.708649e-07	0.30516
3.728649e-07	0.29756
3.748649e-07	0.29148
3.768649e-07	0.2816
3.788649e-07	0.27096
3.808649e-07	0.26488
3.828649e-07	0.26108
3.848649e-07	0.25728
3.868649e-07	0.24892
3.888649e-07	0.24132
3.908649e-07	0.23524
3.928649e-07	0.22916
3.948649e-07	0.22384
3.968649e-07	0.21928
3.988649e-07	0.21624
4.008649e-07	0.20864
4.028649e-07	0.20484
4.048649e-07	0.19724
4.068649e-07	0.19648
4.088649e-07	0.1866
4.108649e-07	0.18584
4.128649e-07	0.18128
4.148649e-07	0.17596
4.168649e-07	0.17292
4.188649e-07	0.16456
4.208649e-07	0.16
4.228649e-07	0.16304
4.248649e-07	0.16
4.268649e-07	0.15088
4.288649e-07	0.14404
4.308649e-07	0.1448
4.328649e-07	0.14252
4.348649e-07	0.14024
4.368649e-07	0.1296
4.388649e-07	0.12884
4.408649e-07	0.1258
4.428649e-07	0.12124
4.448649e-07	0.11744
4.468649e-07	0.1182
4.488649e-07	0.11212
4.508649e-07	0.11364
4.528649e-07	0.103
4.548649e-07	0.10528
4.568649e-07	0.10148
4.588649e-07	0.0992
4.608649e-07	0.09768
4.628649e-07	0.09616
4.648649e-07	0.08932
4.668649e-07	0.09464
4.688649e-07	0.08628
4.708649e-07	0.08704
4.728649e-07	0.08096
4.748649e-07	0.0802
4.768649e-07	0.07716
4.788649e-07	0.0802
4.808649e-07	0.0726
4.828649e-07	0.07184
4.848649e-07	0.07108
4.868649e-07	0.06956
4.888649e-07	0.06424
4.908649e-07	0.06348
4.928649e-07	0.065
4.948649e-07	0.06272
4.968649e-07	0.05436
4.988649e-07	0.05664
5.008649e-07	0.0536
5.028649e-07	0.05664
5.048649e-07	0.05284
5.068649e-07	0.0498
5.088649e-07	0.046
5.108649e-07	0.04904
5.128649e-07	0.04372
5.148649e-07	0.04296
5.168649e-07	0.04144
5.188649e-07	0.04296
5.208649e-07	0.03992
5.228649e-07	0.03688
5.248649e-07	0.03764
5.268649e-07	0.04068
5.288649e-07	0.03536
5.308649e-07	0.03308
5.328649e-07	0.03384
5.348649e-07	0.03156
5.368649e-07	0.02776
5.388649e-07	0.02472
5.408649e-07	0.02928
5.428649e-07	0.03004
5.448649e-07	0.02472
5.468649e-07	0.02472
5.488649e-07	0.02396
5.508649e-07	0.02548
5.528649e-07	0.02168
5.548649e-07	0.02168
5.568649e-07	0.02016
5.588649e-07	0.0232
5.608649e-07	0.01788
5.628649e-07	0.01788
5.648649e-07	0.01484
5.668649e-07	0.0156
5.688649e-07	0.01636
5.708649e-07	0.0156
5.728649e-07	0.0118
5.748649e-07	0.0118
5.768649e-07	0.00876
5.788649e-07	0.0118
5.808649e-07	0.00724
5.828649e-07	0.01028
5.848649e-07	0.008
5.868649e-07	0.00876
5.888649e-07	0.0042
5.908649e-07	0.008
5.928649e-07	0.00724
5.948649e-07	0.008
5.968649e-07	0.00344
5.988649e-07	0.00572
6.008649e-07	0.00344
6.028649e-07	0.00724
6.048649e-07	0.00268
6.068649e-07	0.00496
6.088649e-07	0.00192
6.108649e-07	0.00116
6.128649e-07	-0.0034
6.148649e-07	-0.00112
6.168649e-07	0.0004
6.188649e-07	-0.00264
6.208649e-07	-0.00416
6.228649e-07	0.00116
6.248649e-07	-0.00188
6.268649e-07	-0.00416
6.288649e-07	-0.00492
6.308649e-07	-0.00188
6.328649e-07	-0.00492
6.348649e-07	-0.0072
6.368649e-07	-0.00492
6.388649e-07	-0.0034
6.408649e-07	-0.0072
6.428649e-07	-0.0072
6.448649e-07	-0.00796
6.468649e-07	-0.00948
6.488649e-07	-0.00568
6.508649e-07	-0.00872
6.528649e-07	-0.00948
6.548649e-07	-0.0072
6.568649e-07	-0.00948
6.588649e-07	-0.01176
6.608649e-07	-0.01024
6.628649e-07	-0.011
6.648649e-07	-0.01024
6.668649e-07	-0.00948
6.688649e-07	-0.01252
6.708649e-07	-0.0072
6.728649e-07	-0.01176
6.748649e-07	-0.0148
6.768649e-07	-0.011
6.788649e-07	-0.01176
6.808649e-07	-0.01404
6.828649e-07	-0.0148
6.848649e-07	-0.01252
6.868649e-07	-0.00872
6.888649e-07	-0.01252
6.908649e-07	-0.00872
6.928649e-07	-0.01176
6.948649e-07	-0.01404
6.968649e-07	-0.01328
6.988649e-07	-0.0148
7.008649e-07	-0.01404
7.028649e-07	-0.01252
7.048649e-07	-0.01328
7.068649e-07	-0.01176
7.088649e-07	-0.01404
7.108649e-07	-0.01252
7.128649e-07	-0.01328
7.148649e-07	-0.0148
7.168649e-07	-0.01556
7.188649e-07	-0.01252
7.208649e-07	-0.01176
7.228649e-07	-0.0148
7.248649e-07	-0.01708
7.268649e-07	-0.0148
7.288649e-07	-0.01404
7.308649e-07	-0.01556
7.328649e-07	-0.01252
7.348649e-07	-0.0148
7.368649e-07	-0.01556
7.388649e-07	-0.01708
7.408649e-07	-0.01784
7.428649e-07	-0.01784
7.448649e-07	-0.01784
7.468649e-07	-0.01784
7.488649e-07	-0.0186
7.508649e-07	-0.01632
7.528649e-07	-0.01556
7.548649e-07	-0.0148
7.568649e-07	-0.01936
7.588649e-07	-0.01632
7.608649e-07	-0.01708
7.628649e-07	-0.01708
7.648649e-07	-0.01784
7.668649e-07	-0.01708
7.688649e-07	-0.01632
7.708649e-07	-0.0186
7.728649e-07	-0.01936
7.748649e-07	-0.01936
7.768649e-07	-0.01708
7.788649e-07	-0.01784
7.808649e-07	-0.01784
7.828649e-07	-0.01784
7.848649e-07	-0.02012
7.868649e-07	-0.02164
7.888649e-07	-0.02164
7.908649e-07	-0.01784
7.928649e-07	-0.02012
7.948649e-07	-0.02164
7.968649e-07	-0.02164
7.988649e-07	-0.01708
8.008649e-07	-0.01784
8.028649e-07	-0.02012
8.048649e-07	-0.02012
8.068649e-07	-0.01784
8.088649e-07	-0.01784
8.108649e-07	-0.0186
8.128649e-07	-0.02316
8.148649e-07	-0.01708
8.168649e-07	-0.02012
8.188649e-07	-0.01784
8.208649e-07	-0.02012
8.228649e-07	-0.02088
8.248649e-07	-0.02164
8.268649e-07	-0.02316
8.288649e-07	-0.02088
8.308649e-07	-0.0186
8.328649e-07	-0.02012
8.348649e-07	-0.02164
8.368649e-07	-0.02468
8.388649e-07	-0.02164
8.408649e-07	-0.02164
8.428649e-07	-0.02164
8.448649e-07	-0.0224
8.468649e-07	-0.02316
8.488649e-07	-0.01708
8.508649e-07	-0.02468
8.528649e-07	-0.02088
8.548649e-07	-0.02088
8.568649e-07	-0.0186
8.588649e-07	-0.02164
8.608649e-07	-0.02392
8.628649e-07	-0.02088
8.648649e-07	-0.02012
8.668649e-07	-0.02392
8.688649e-07	-0.02544
8.708649e-07	-0.02164
8.728649e-07	-0.02012
8.748649e-07	-0.02544
8.768649e-07	-0.02468
8.788649e-07	-0.02316
8.808649e-07	-0.0262
8.828649e-07	-0.02848
8.848649e-07	-0.02392
8.868649e-07	-0.02088
8.888649e-07	-0.02468
8.908649e-07	-0.02544
8.928649e-07	-0.02696
8.948649e-07	-0.02088
8.968649e-07	-0.02316
8.988649e-07	-0.0224
9.008649e-07	-0.02316
9.028649e-07	-0.02088
9.048649e-07	-0.0262
9.068649e-07	-0.02316
9.088649e-07	-0.02316
9.108649e-07	-0.0224
9.128649e-07	-0.0224
9.148649e-07	-0.02544
9.168649e-07	-0.02468
9.188649e-07	-0.02316
9.208649e-07	-0.02392
9.228649e-07	-0.02316
9.248649e-07	-0.0262
9.268649e-07	-0.02392
9.288649e-07	-0.02772
9.308649e-07	-0.02772
9.328649e-07	-0.02696
9.348649e-07	-0.02316
9.368649e-07	-0.02772
9.388649e-07	-0.02468
9.408649e-07	-0.02772
9.428649e-07	-0.02392
9.448649e-07	-0.02544
9.468649e-07	-0.02468
9.488649e-07	-0.0262
9.508649e-07	-0.02164
9.528649e-07	-0.02316
9.548649e-07	-0.02544
9.568649e-07	-0.0262
9.588649e-07	-0.02164
9.608649e-07	-0.02544
9.628649e-07	-0.02468
9.648649e-07	-0.02468
9.668649e-07	-0.02088
9.688649e-07	-0.0224
9.708649e-07	-0.0262
9.728649e-07	-0.02544
9.748649e-07	-0.02012
9.768649e-07	-0.0186
9.788649e-07	-0.02848
9.808649e-07	-0.02468
9.828649e-07	-0.02164
9.848649e-07	-0.02088
9.868649e-07	-0.02392
9.888649e-07	-0.02468
9.908649e-07	-0.02316
9.928649e-07	-0.0224
9.948649e-07	-0.02544
9.968649e-07	-0.02316
9.988649e-07	-0.0224
1.000865e-06	-0.02392
1.002865e-06	-0.02544
1.004865e-06	-0.02772
1.006865e-06	-0.0224
1.008865e-06	-0.02468
1.010865e-06	-0.02392
1.012865e-06	-0.0262
1.014865e-06	-0.02468
1.016865e-06	-0.02392
1.018865e-06	-0.02544
1.020865e-06	-0.02544
1.022865e-06	-0.02316
1.024865e-06	-0.02164
1.026865e-06	-0.02544
1.028865e-06	-0.02468
1.030865e-06	-0.02088
1.032865e-06	-0.0262
1.034865e-06	-0.02392
1.036865e-06	-0.03
1.038865e-06	-0.0262
1.040865e-06	-0.02696
1.042865e-06	-0.02924
1.044865e-06	-0.02772
1.046865e-06	-0.02544
1.048865e-06	-0.02848
1.050865e-06	-0.02696
1.052865e-06	-0.03076
1.054865e-06	-0.02316
1.056865e-06	-0.02544
1.058865e-06	-0.02924
1.060865e-06	-0.02924
1.062865e-06	-0.02544
1.064865e-06	-0.02696
1.066865e-06	-0.02848
1.068865e-06	-0.02924
1.070865e-06	-0.02696
1.072865e-06	-0.02924
1.074865e-06	-0.02848
1.076865e-06	-0.02696
1.078865e-06	-0.02544
1.080865e-06	-0.02772
1.082865e-06	-0.02468
1.084865e-06	-0.03
1.086865e-06	-0.02316
1.088865e-06	-0.02848
1.090865e-06	-0.03076
1.092865e-06	-0.03
1.094865e-06	-0.02544
1.096865e-06	-0.03076
1.098865e-06	-0.03076
1.100865e-06	-0.03152
1.102865e-06	-0.02544
1.104865e-06	-0.02696
1.106865e-06	-0.02924
1.108865e-06	-0.03
1.110865e-06	-0.02544
1.112865e-06	-0.03
1.114865e-06	-0.03152
1.116865e-06	-0.02924
1.118865e-06	-0.02316
1.120865e-06	-0.02924
1.122865e-06	-0.03152
1.124865e-06	-0.03152
1.126865e-06	-0.02848
1.128865e-06	-0.03
1.130865e-06	-0.02772
1.132865e-06	-0.03076
1.134865e-06	-0.02924
1.136865e-06	-0.03
1.138865e-06	-0.03152
1.140865e-06	-0.02924
1.142865e-06	-0.02848
1.144865e-06	-0.03152
1.146865e-06	-0.03076
1.148865e-06	-0.03076
1.150865e-06	-0.02772
1.152865e-06	-0.03
1.154865e-06	-0.03
1.156865e-06	-0.03076
1.158865e-06	-0.0224
1.160865e-06	-0.02848
1.162865e-06	-0.03076
1.164865e-06	-0.02924
1.166865e-06	-0.02848
1.168865e-06	-0.02848
1.170865e-06	-0.02696
1.172865e-06	-0.02772
1.174865e-06	-0.02772
1.176865e-06	-0.02772
1.178865e-06	-0.02772
1.180865e-06	-0.02924
1.182865e-06	-0.02468
1.184865e-06	-0.0262
1.186865e-06	-0.02772
1.188865e-06	-0.02772
1.190865e-06	-0.02468
1.192865e-06	-0.02848
1.194865e-06	-0.02696
1.196865e-06	-0.02696
1.198865e-06	-0.02392
1.200865e-06	-0.02696
1.202865e-06	-0.02544
1.204865e-06	-0.02848
1.206865e-06	-0.02392
1.208865e-06	-0.0262
1.210865e-06	-0.02696
1.212865e-06	-0.02544
1.214865e-06	-0.0224
1.216865e-06	-0.02696
1.218865e-06	-0.02924
1.220865e-06	-0.02772
1.222865e-06	-0.02544
1.224865e-06	-0.02544
1.226865e-06	-0.02924
1.228865e-06	-0.02772
1.230865e-06	-0.02088
1.232865e-06	-0.02316
1.234865e-06	-0.02924
1.236865e-06	-0.02544
1.238865e-06	-0.02164
1.240865e-06	-0.0224
1.242865e-06	-0.02924
1.244865e-06	-0.02544
1.246865e-06	-0.02468
1.248865e-06	-0.0262
1.250865e-06	-0.02392
1.252865e-06	-0.02544
1.254865e-06	-0.02392
1.256865e-06	-0.02392
1.258865e-06	-0.02696
1.260865e-06	-0.02468
1.262865e-06	-0.0186
1.264865e-06	-0.0262
1.266865e-06	-0.0224
1.268865e-06	-0.0262
1.270865e-06	-0.02012
1.272865e-06	-0.02316
1.274865e-06	-0.02468
1.276865e-06	-0.02696
1.278865e-06	-0.0224
1.280865e-06	-0.02164
1.282865e-06	-0.02316
1.284865e-06	-0.02316
1.286865e-06	-0.02088
1.288865e-06	-0.02316
1.290865e-06	-0.0224
1.292865e-06	-0.02696
1.294865e-06	-0.01708
1.296865e-06	-0.02088
1.298865e-06	-0.02164
1.300865e-06	-0.0224
1.302865e-06	-0.02012
1.304865e-06	-0.02088
1.306865e-06	-0.02012
1.308865e-06	-0.02012
1.310865e-06	-0.01784
1.312865e-06	-0.01936
1.314865e-06	-0.01784
1.316865e-06	-0.0224
1.318865e-06	-0.01784
1.320865e-06	-0.0186
1.322865e-06	-0.02012
1.324865e-06	-0.02088
1.326865e-06	-0.01784
1.328865e-06	-0.0186
1.330865e-06	-0.02392
1.332865e-06	-0.01708
1.334865e-06	-0.02012
1.336865e-06	-0.01936
1.338865e-06	-0.02012
1.340865e-06	-0.02468
1.342865e-06	-0.01936
1.344865e-06	-0.01784
1.346865e-06	-0.02012
1.348865e-06	-0.02088
1.350865e-06	-0.01936
1.352865e-06	-0.02088
1.354865e-06	-0.02316
1.356865e-06	-0.02012
1.358865e-06	-0.01556
1.360865e-06	-0.01708
1.362865e-06	-0.02164
1.364865e-06	-0.02316
1.366865e-06	-0.02088
1.368865e-06	-0.02012
1.370865e-06	-0.0224
1.372865e-06	-0.02088
1.374865e-06	-0.02088
1.376865e-06	-0.01556
1.378865e-06	-0.02392
1.380865e-06	-0.02012
1.382865e-06	-0.02316
1.384865e-06	-0.0224
1.386865e-06	-0.02392
1.388865e-06	-0.02468
1.390865e-06	-0.02316
1.392865e-06	-0.02392
1.394865e-06	-0.0224
1.396865e-06	-0.0224
1.398865e-06	-0.02088
1.400865e-06	-0.02544
1.402865e-06	-0.02468
1.404865e-06	-0.02544
1.406865e-06	-0.01936
1.408865e-06	-0.01936
1.410865e-06	-0.02392
1.412865e-06	-0.02468
1.414865e-06	-0.02164
1.416865e-06	-0.02164
1.418865e-06	-0.0262
1.420865e-06	-0.02772
1.422865e-06	-0.02164
1.424865e-06	-0.0224
1.426865e-06	-0.02848
1.428865e-06	-0.02544
1.430865e-06	-0.02012
1.432865e-06	-0.02392
1.434865e-06	-0.02772
1.436865e-06	-0.02696
1.438865e-06	-0.02392
1.440865e-06	-0.0262
1.442865e-06	-0.02544
1.444865e-06	-0.0262
1.446865e-06	-0.02468
1.448865e-06	-0.02544
1.450865e-06	-0.02468
1.452865e-06	-0.0224
1.454865e-06	-0.02316
1.456865e-06	-0.0262
1.458865e-06	-0.0224
1.460865e-06	-0.02696
1.462865e-06	-0.0224
1.464865e-06	-0.02316
1.466865e-06	-0.02696
1.468865e-06	-0.02544
1.470865e-06	-0.02696
1.472865e-06	-0.02544
1.474865e-06	-0.02164
1.476865e-06	-0.0262
1.478865e-06	-0.02316
1.480865e-06	-0.0262
1.482865e-06	-0.02316
1.484865e-06	-0.02544
1.486865e-06	-0.02316
1.488865e-06	-0.02316
1.490865e-06	-0.0224
1.492865e-06	-0.02696
1.494865e-06	-0.02164
1.496865e-06	-0.02696
1.498865e-06	-0.02468
1.500865e-06	-0.0262
1.502865e-06	-0.02316
1.504865e-06	-0.02544
1.506865e-06	-0.0262
1.508865e-06	-0.03
1.510865e-06	-0.02392
1.512865e-06	-0.03
1.514865e-06	-0.02468
1.516865e-06	-0.0262
1.518865e-06	-0.02468
1.520865e-06	-0.02772
1.522865e-06	-0.02392
1.524865e-06	-0.0262
1.526865e-06	-0.02544
1.528865e-06	-0.02848
1.530865e-06	-0.02772
1.532865e-06	-0.0262
1.534865e-06	-0.0224
1.536865e-06	-0.02468
1.538865e-06	-0.02544
1.540865e-06	-0.02316
1.542865e-06	-0.02164
1.544865e-06	-0.02392
1.546865e-06	-0.02316
1.548865e-06	-0.0224
1.550865e-06	-0.02012
1.552865e-06	-0.02468
1.554865e-06	-0.02468
1.556865e-06	-0.02544
1.558865e-06	-0.0224
1.560865e-06	-0.02316
1.562865e-06	-0.02164
1.564865e-06	-0.02772
1.566865e-06	-0.02316
1.568865e-06	-0.02316
1.570865e-06	-0.0262
1.572865e-06	-0.02316
1.574865e-06	-0.02164
1.576865e-06	-0.01936
1.578865e-06	-0.02392
1.580865e-06	-0.02544
1.582865e-06	-0.0262
1.584865e-06	-0.0262
1.586865e-06	-0.02392
1.588865e-06	-0.02316
1.590865e-06	-0.02468
1.592865e-06	-0.02316
1.594865e-06	-0.02316
1.596865e-06	-0.0224
1.598865e-06	-0.02012
1.600865e-06	-0.02468
1.602865e-06	-0.02316
1.604865e-06	-0.0224
1.606865e-06	-0.01936
1.608865e-06	-0.02088
1.610865e-06	-0.02316
1.612865e-06	-0.02316
1.614865e-06	-0.02316
1.616865e-06	-0.02012
1.618865e-06	-0.02696
1.620865e-06	-0.02316
1.622865e-06	-0.02088
1.624865e-06	-0.02164
1.626865e-06	-0.0262
1.628865e-06	-0.0262
1.630865e-06	-0.01936
1.632865e-06	-0.02316
1.634865e-06	-0.0224
1.636865e-06	-0.02164
1.638865e-06	-0.01936
1.640865e-06	-0.02164
1.642865e-06	-0.02088
1.644865e-06	-0.0224
1.646865e-06	-0.02012
1.648865e-06	-0.02012
1.650865e-06	-0.0186
1.652865e-06	-0.02316
1.654865e-06	-0.02164
1.656865e-06	-0.02316
1.658865e-06	-0.01936
1.660865e-06	-0.0224
1.662865e-06	-0.02012
1.664865e-06	-0.0262
1.666865e-06	-0.02468
1.668865e-06	-0.0224
1.670865e-06	-0.0186
1.672865e-06	-0.02088
1.674865e-06	-0.02544
1.676865e-06	-0.02392
1.678865e-06	-0.01936
1.680865e-06	-0.02012
1.682865e-06	-0.02316
1.684865e-06	-0.0262
1.686865e-06	-0.0224
1.688865e-06	-0.02544
1.690865e-06	-0.02468
1.692865e-06	-0.02696
1.694865e-06	-0.02392
1.696865e-06	-0.02164
1.698865e-06	-0.0224
1.700865e-06	-0.0262
1.702865e-06	-0.02392
1.704865e-06	-0.02544
1.706865e-06	-0.02164
1.708865e-06	-0.03
1.710865e-06	-0.02316
1.712865e-06	-0.02392
1.714865e-06	-0.02544
1.716865e-06	-0.0262
1.718865e-06	-0.02392
1.720865e-06	-0.0224
1.722865e-06	-0.0262
1.724865e-06	-0.02392
1.726865e-06	-0.02316
1.728865e-06	-0.02392
1.730865e-06	-0.02544
1.732865e-06	-0.02544
1.734865e-06	-0.02316
1.736865e-06	-0.02696
1.738865e-06	-0.02316
1.740865e-06	-0.02696
1.742865e-06	-0.02164
1.744865e-06	-0.02544
1.746865e-06	-0.02696
1.748865e-06	-0.03
1.750865e-06	-0.0224
1.752865e-06	-0.02468
1.754865e-06	-0.0262
1.756865e-06	-0.02696
1.758865e-06	-0.02696
1.760865e-06	-0.02316
1.762865e-06	-0.0262
1.764865e-06	-0.02544
1.766865e-06	-0.02316
1.768865e-06	-0.02392
1.770865e-06	-0.02468
1.772865e-06	-0.02772
1.774865e-06	-0.02468
1.776865e-06	-0.02468
1.778865e-06	-0.02544
1.780865e-06	-0.02696
1.782865e-06	-0.02696
1.784865e-06	-0.0262
1.786865e-06	-0.0262
1.788865e-06	-0.02924
1.790865e-06	-0.02544
1.792865e-06	-0.02392
1.794865e-06	-0.02544
1.796865e-06	-0.02696
1.798865e-06	-0.02696
1.800865e-06	-0.0262
1.802865e-06	-0.02696
1.804865e-06	-0.03076
1.806865e-06	-0.02696
1.808865e-06	-0.02468
1.810865e-06	-0.02468
1.812865e-06	-0.02316
1.814865e-06	-0.02468
1.816865e-06	-0.02772
1.818865e-06	-0.03152
1.820865e-06	-0.02696
1.822865e-06	-0.0262
1.824865e-06	-0.0262
1.826865e-06	-0.02772
1.828865e-06	-0.02696
1.830865e-06	-0.02544
1.832865e-06	-0.02772
1.834865e-06	-0.0262
1.836865e-06	-0.02772
1.838865e-06	-0.02468
1.840865e-06	-0.02772
1.842865e-06	-0.02772
1.844865e-06	-0.02848
1.846865e-06	-0.02468
1.848865e-06	-0.02392
1.850865e-06	-0.03
1.852865e-06	-0.02924
1.854865e-06	-0.0262
1.856865e-06	-0.02772
1.858865e-06	-0.03
1.860865e-06	-0.0262
1.862865e-06	-0.0262
1.864865e-06	-0.0262
1.866865e-06	-0.03
1.868865e-06	-0.03
1.870865e-06	-0.02772
1.872865e-06	-0.02696
1.874865e-06	-0.03076
1.876865e-06	-0.03
1.878865e-06	-0.02468
1.880865e-06	-0.03076
1.882865e-06	-0.02848
1.884865e-06	-0.02848
1.886865e-06	-0.0262
1.888865e-06	-0.02772
1.890865e-06	-0.03076
1.892865e-06	-0.02848
1.894865e-06	-0.02544
1.896865e-06	-0.02848
1.898865e-06	-0.03076
1.900865e-06	-0.03076
1.902865e-06	-0.02772
1.904865e-06	-0.02772
1.906865e-06	-0.0262
1.908865e-06	-0.02772
1.910865e-06	-0.0224
1.912865e-06	-0.02848
1.914865e-06	-0.02468
1.916865e-06	-0.0262
1.918865e-06	-0.02316
1.920865e-06	-0.02772
1.922865e-06	-0.0262
1.924865e-06	-0.02848
1.926865e-06	-0.02848
1.928865e-06	-0.02924
1.930865e-06	-0.02924
1.932865e-06	-0.02848
1.934865e-06	-0.02544
1.936865e-06	-0.02772
1.938865e-06	-0.02848
1.940865e-06	-0.0262
1.942865e-06	-0.02544
1.944865e-06	-0.02772
1.946865e-06	-0.0262
1.948865e-06	-0.02696
1.950865e-06	-0.02468
1.952865e-06	-0.02772
1.954865e-06	-0.02468
1.956865e-06	-0.02544
1.958865e-06	-0.02316
1.960865e-06	-0.02848
1.962865e-06	-0.02772
1.964865e-06	-0.02848
1.966865e-06	-0.02544
1.968865e-06	-0.02468
1.970865e-06	-0.02924
1.972865e-06	-0.02772
1.974865e-06	-0.0224
1.976865e-06	-0.02164
1.978865e-06	-0.02772
1.980865e-06	-0.03076
1.982865e-06	-0.02392
1.984865e-06	-0.02544
1.986865e-06	-0.02696
1.988865e-06	-0.03
1.990865e-06	-0.0262
1.992865e-06	-0.02772
1.994865e-06	-0.02544
1.996865e-06	-0.0262
1.998865e-06	-0.02392
2.000865e-06	-0.02544
2.002865e-06	-0.02316
2.004865e-06	-0.02544
2.006865e-06	-0.02164
2.008865e-06	-0.02696
2.010865e-06	-0.02468
2.012865e-06	-0.02696
2.014865e-06	-0.02696
2.016865e-06	-0.02468
2.018865e-06	-0.0262
2.020865e-06	-0.02696
2.022865e-06	-0.02392
2.024865e-06	-0.02544
2.026865e-06	-0.02164
2.028865e-06	-0.02696
2.030865e-06	-0.0224
2.032865e-06	-0.02468
2.034865e-06	-0.02772
2.036865e-06	-0.0262
2.038865e-06	-0.02164
2.040865e-06	-0.02696
2.042865e-06	-0.02772
2.044865e-06	-0.03
2.046865e-06	-0.02392
2.048865e-06	-0.02696
2.050865e-06	-0.0262
2.052865e-06	-0.02848
2.054865e-06	-0.0262
2.056865e-06	-0.02468
2.058865e-06	-0.02924
2.060865e-06	-0.02924
2.062865e-06	-0.02468
2.064865e-06	-0.02772
2.066865e-06	-0.02772
2.068865e-06	-0.03
2.070865e-06	-0.0224
2.072865e-06	-0.03
2.074865e-06	-0.02468
2.076865e-06	-0.02924
2.078865e-06	-0.02772
2.080865e-06	-0.02696
2.082865e-06	-0.02696
2.084865e-06	-0.03152
2.086865e-06	-0.02696
2.088865e-06	-0.0262
2.090865e-06	-0.03
2.092865e-06	-0.02924
2.094865e-06	-0.02544
2.096865e-06	-0.02848
2.098865e-06	-0.03
2.100865e-06	-0.02696
2.102865e-06	-0.02772
2.104865e-06	-0.03
2.106865e-06	-0.03076
2.108865e-06	-0.03
2.110865e-06	-0.02848
2.112865e-06	-0.0262
2.114865e-06	-0.03
2.116865e-06	-0.03152
2.118865e-06	-0.02696
2.120865e-06	-0.02772
2.122865e-06	-0.03
2.124865e-06	-0.03
2.126865e-06	-0.02468
2.128865e-06	-0.02848
2.130865e-06	-0.03
2.132865e-06	-0.03
2.134865e-06	-0.02772
2.136865e-06	-0.02772
2.138865e-06	-0.02696
2.140865e-06	-0.03152
2.142865e-06	-0.02544
2.144865e-06	-0.0262
2.146865e-06	-0.02772
2.148865e-06	-0.02696
2.150865e-06	-0.02544
2.152865e-06	-0.02772
2.154865e-06	-0.0262
2.156865e-06	-0.02772
2.158865e-06	-0.02848
2.160865e-06	-0.02924
2.162865e-06	-0.02468
2.164865e-06	-0.02772
2.166865e-06	-0.0262
2.168865e-06	-0.02088
2.170865e-06	-0.02544
2.172865e-06	-0.02848
2.174865e-06	-0.02316
2.176865e-06	-0.0262
2.178865e-06	-0.0262
2.180865e-06	-0.03152
2.182865e-06	-0.02544
2.184865e-06	-0.02696
2.186865e-06	-0.02772
2.188865e-06	-0.02772
2.190865e-06	-0.02468
2.192865e-06	-0.02468
2.194865e-06	-0.02924
2.196865e-06	-0.02848
2.198865e-06	-0.02772
2.200865e-06	-0.0262
2.202865e-06	-0.02544
2.204865e-06	-0.02848
2.206865e-06	-0.02392
2.208865e-06	-0.02696
2.210865e-06	-0.02544
2.212865e-06	-0.02696
2.214865e-06	-0.02392
2.216865e-06	-0.0262
2.218865e-06	-0.02696
2.220865e-06	-0.02924
2.222865e-06	-0.02696
2.224865e-06	-0.02392
2.226865e-06	-0.02848
2.228865e-06	-0.02696
2.230865e-06	-0.0262
2.232865e-06	-0.02696
2.234865e-06	-0.02772
2.236865e-06	-0.03152
2.238865e-06	-0.02468
2.240865e-06	-0.0262
2.242865e-06	-0.02468
2.244865e-06	-0.02316
2.246865e-06	-0.02316
2.248865e-06	-0.02544
2.250865e-06	-0.02468
2.252865e-06	-0.02392
2.254865e-06	-0.02088
2.256865e-06	-0.02088
2.258865e-06	-0.0224
2.260865e-06	-0.02316
2.262865e-06	-0.0224
2.264865e-06	-0.02316
2.266865e-06	-0.0224
2.268865e-06	-0.02544
2.270865e-06	-0.02164
2.272865e-06	-0.02544
2.274865e-06	-0.02164
2.276865e-06	-0.02468
2.278865e-06	-0.02164
2.280865e-06	-0.02392
2.282865e-06	-0.0224
2.284865e-06	-0.02696
2.286865e-06	-0.0224
2.288865e-06	-0.0224
2.290865e-06	-0.02772
2.292865e-06	-0.02468
2.294865e-06	-0.0224
2.296865e-06	-0.02088
2.298865e-06	-0.0224
2.300865e-06	-0.0262
2.302865e-06	-0.02468
2.304865e-06	-0.02316
2.306865e-06	-0.02544
2.308865e-06	-0.02772
2.310865e-06	-0.02468
2.312865e-06	-0.02392
2.314865e-06	-0.0262
2.316865e-06	-0.02468
2.318865e-06	-0.02316
2.320865e-06	-0.02544
2.322865e-06	-0.02468
2.324865e-06	-0.02772
2.326865e-06	-0.02392
2.328865e-06	-0.0262
2.330865e-06	-0.02544
2.332865e-06	-0.03
2.334865e-06	-0.02316
2.336865e-06	-0.02468
2.338865e-06	-0.0262
2.340865e-06	-0.02772
2.342865e-06	-0.02544
2.344865e-06	-0.02392
2.346865e-06	-0.02164
2.348865e-06	-0.02772
2.350865e-06	-0.0224
2.352865e-06	-0.02392
2.354865e-06	-0.02392
2.356865e-06	-0.02544
2.358865e-06	-0.0224
2.360865e-06	-0.02316
2.362865e-06	-0.02468
2.364865e-06	-0.02544
2.366865e-06	-0.02012
2.368865e-06	-0.02392
2.370865e-06	-0.02468
2.372865e-06	-0.02544
2.374865e-06	-0.02392
2.376865e-06	-0.02392
2.378865e-06	-0.02544
2.380865e-06	-0.02468
2.382865e-06	-0.02392
2.384865e-06	-0.02544
2.386865e-06	-0.0224
2.388865e-06	-0.02848
2.390865e-06	-0.02468
2.392865e-06	-0.02924
2.394865e-06	-0.03076
2.396865e-06	-0.0262
2.398865e-06	-0.0224
2.400865e-06	-0.0262
2.402865e-06	-0.02696
2.404865e-06	-0.02924
2.406865e-06	-0.02392
2.408865e-06	-0.02392
2.410865e-06	-0.02468
2.412865e-06	-0.02468
2.414865e-06	-0.0224
2.416865e-06	-0.02164
2.418865e-06	-0.02088
2.420865e-06	-0.02316
2.422865e-06	-0.02088
2.424865e-06	-0.0186
2.426865e-06	-0.02088
2.428865e-06	-0.02696
2.430865e-06	-0.02088
2.432865e-06	-0.02696
2.434865e-06	-0.02164
2.436865e-06	-0.02468
2.438865e-06	-0.02164
2.440865e-06	-0.02164
2.442865e-06	-0.02012
2.444865e-06	-0.02012
2.446865e-06	-0.0186
2.448865e-06	-0.02088
2.450865e-06	-0.02164
2.452865e-06	-0.02392
2.454865e-06	-0.02088
2.456865e-06	-0.01936
2.458865e-06	-0.02164
2.460865e-06	-0.02468
2.462865e-06	-0.01936
2.464865e-06	-0.02164
2.466865e-06	-0.02012
2.468865e-06	-0.02316
2.470865e-06	-0.01936
2.472865e-06	-0.0186
2.474865e-06	-0.02468
2.476865e-06	-0.02164
2.478865e-06	-0.0186
2.480865e-06	-0.0186
2.482865e-06	-0.02164
2.484865e-06	-0.02088
2.486865e-06	-0.01936
2.488865e-06	-0.01936
2.490865e-06	-0.02012
2.492865e-06	-0.02088
2.494865e-06	-0.01936
2.496865e-06	-0.01936
2.498865e-06	-0.01936
2.500865e-06	-0.01632
