LECROYHDO6104A	50809	Waveform
Segments	1	SegmentSize	2502
Segment	TrigTime	TimeSinceSegment1
#1	19-Dec-2022 20:00:10	0                 
Time	Ampl
-2.500881e-06	-0.02582
-2.498881e-06	-0.0269
-2.496881e-06	-0.0269
-2.494881e-06	-0.02852
-2.492881e-06	-0.02528
-2.490881e-06	-0.02852
-2.488881e-06	-0.02744
-2.486881e-06	-0.02744
-2.484881e-06	-0.02744
-2.482881e-06	-0.0269
-2.480881e-06	-0.02852
-2.478881e-06	-0.03014
-2.476881e-06	-0.0269
-2.474881e-06	-0.02744
-2.472881e-06	-0.02582
-2.470881e-06	-0.02852
-2.468881e-06	-0.02906
-2.466881e-06	-0.0269
-2.464881e-06	-0.02528
-2.462881e-06	-0.02744
-2.460881e-06	-0.02744
-2.458881e-06	-0.0269
-2.456881e-06	-0.0269
-2.454881e-06	-0.02636
-2.452881e-06	-0.02798
-2.450881e-06	-0.0269
-2.448881e-06	-0.02312
-2.446881e-06	-0.02582
-2.444881e-06	-0.02798
-2.442881e-06	-0.02852
-2.440881e-06	-0.02798
-2.438881e-06	-0.02852
-2.436881e-06	-0.02744
-2.434881e-06	-0.02582
-2.432881e-06	-0.0269
-2.430881e-06	-0.02798
-2.428881e-06	-0.02852
-2.426881e-06	-0.02528
-2.424881e-06	-0.02744
-2.422881e-06	-0.02852
-2.420881e-06	-0.02906
-2.418881e-06	-0.02744
-2.416881e-06	-0.03068
-2.414881e-06	-0.03122
-2.412881e-06	-0.02798
-2.410881e-06	-0.03122
-2.408881e-06	-0.02852
-2.406881e-06	-0.02744
-2.404881e-06	-0.02744
-2.402881e-06	-0.02582
-2.400881e-06	-0.02906
-2.398881e-06	-0.03122
-2.396881e-06	-0.02744
-2.394881e-06	-0.02798
-2.392881e-06	-0.02906
-2.390881e-06	-0.02744
-2.388881e-06	-0.0296
-2.386881e-06	-0.02474
-2.384881e-06	-0.02582
-2.382881e-06	-0.02744
-2.380881e-06	-0.02582
-2.378881e-06	-0.02744
-2.376881e-06	-0.02798
-2.374881e-06	-0.02636
-2.372881e-06	-0.02798
-2.370881e-06	-0.02798
-2.368881e-06	-0.02474
-2.366881e-06	-0.02798
-2.364881e-06	-0.02582
-2.362881e-06	-0.0269
-2.360881e-06	-0.02852
-2.358881e-06	-0.02798
-2.356881e-06	-0.02798
-2.354881e-06	-0.02906
-2.352881e-06	-0.02744
-2.350881e-06	-0.02636
-2.348881e-06	-0.02798
-2.346881e-06	-0.02852
-2.344881e-06	-0.03014
-2.342881e-06	-0.0269
-2.340881e-06	-0.02582
-2.338881e-06	-0.0296
-2.336881e-06	-0.02798
-2.334881e-06	-0.03014
-2.332881e-06	-0.02852
-2.330881e-06	-0.02906
-2.328881e-06	-0.0296
-2.326881e-06	-0.02906
-2.324881e-06	-0.02798
-2.322881e-06	-0.03014
-2.320881e-06	-0.03068
-2.318881e-06	-0.02798
-2.316881e-06	-0.02582
-2.314881e-06	-0.02852
-2.312881e-06	-0.02798
-2.310881e-06	-0.02744
-2.308881e-06	-0.03014
-2.306881e-06	-0.0269
-2.304881e-06	-0.02582
-2.302881e-06	-0.0269
-2.300881e-06	-0.02528
-2.298881e-06	-0.0269
-2.296881e-06	-0.0242
-2.294881e-06	-0.0242
-2.292881e-06	-0.02366
-2.290881e-06	-0.02582
-2.288881e-06	-0.02636
-2.286881e-06	-0.02474
-2.284881e-06	-0.02744
-2.282881e-06	-0.02474
-2.280881e-06	-0.02744
-2.278881e-06	-0.0242
-2.276881e-06	-0.0242
-2.274881e-06	-0.02528
-2.272881e-06	-0.02636
-2.270881e-06	-0.02744
-2.268881e-06	-0.02528
-2.266881e-06	-0.02474
-2.264881e-06	-0.02312
-2.262881e-06	-0.0242
-2.260881e-06	-0.02744
-2.258881e-06	-0.02636
-2.256881e-06	-0.0242
-2.254881e-06	-0.02582
-2.252881e-06	-0.0269
-2.250881e-06	-0.02528
-2.248881e-06	-0.02366
-2.246881e-06	-0.02258
-2.244881e-06	-0.02744
-2.242881e-06	-0.0242
-2.240881e-06	-0.02366
-2.238881e-06	-0.0269
-2.236881e-06	-0.02528
-2.234881e-06	-0.0269
-2.232881e-06	-0.02636
-2.230881e-06	-0.02636
-2.228881e-06	-0.02582
-2.226881e-06	-0.02744
-2.224881e-06	-0.02474
-2.222881e-06	-0.02852
-2.220881e-06	-0.02906
-2.218881e-06	-0.03014
-2.216881e-06	-0.02636
-2.214881e-06	-0.02528
-2.212881e-06	-0.0269
-2.210881e-06	-0.02744
-2.208881e-06	-0.03068
-2.206881e-06	-0.02798
-2.204881e-06	-0.0323
-2.202881e-06	-0.03122
-2.200881e-06	-0.03068
-2.198881e-06	-0.02744
-2.196881e-06	-0.03068
-2.194881e-06	-0.0296
-2.192881e-06	-0.03014
-2.190881e-06	-0.02906
-2.188881e-06	-0.03014
-2.186881e-06	-0.03068
-2.184881e-06	-0.02798
-2.182881e-06	-0.03122
-2.180881e-06	-0.03068
-2.178881e-06	-0.03068
-2.176881e-06	-0.0269
-2.174881e-06	-0.02744
-2.172881e-06	-0.02636
-2.170881e-06	-0.02852
-2.168881e-06	-0.03068
-2.166881e-06	-0.02852
-2.164881e-06	-0.02852
-2.162881e-06	-0.0269
-2.160881e-06	-0.02474
-2.158881e-06	-0.0296
-2.156881e-06	-0.02744
-2.154881e-06	-0.02852
-2.152881e-06	-0.02906
-2.150881e-06	-0.02906
-2.148881e-06	-0.0296
-2.146881e-06	-0.02906
-2.144881e-06	-0.02636
-2.142881e-06	-0.02906
-2.140881e-06	-0.0269
-2.138881e-06	-0.0296
-2.136881e-06	-0.02582
-2.134881e-06	-0.02852
-2.132881e-06	-0.03014
-2.130881e-06	-0.02906
-2.128881e-06	-0.02582
-2.126881e-06	-0.02906
-2.124881e-06	-0.02906
-2.122881e-06	-0.03068
-2.120881e-06	-0.02798
-2.118881e-06	-0.02798
-2.116881e-06	-0.02528
-2.114881e-06	-0.0296
-2.112881e-06	-0.02852
-2.110881e-06	-0.02744
-2.108881e-06	-0.02798
-2.106881e-06	-0.02852
-2.104881e-06	-0.02636
-2.102881e-06	-0.02744
-2.100881e-06	-0.02798
-2.098881e-06	-0.02798
-2.096881e-06	-0.02906
-2.094881e-06	-0.02636
-2.092881e-06	-0.02744
-2.090881e-06	-0.02906
-2.088881e-06	-0.02744
-2.086881e-06	-0.02528
-2.084881e-06	-0.02528
-2.082881e-06	-0.0269
-2.080881e-06	-0.02906
-2.078881e-06	-0.03014
-2.076881e-06	-0.02744
-2.074881e-06	-0.02744
-2.072881e-06	-0.02636
-2.070881e-06	-0.02744
-2.068881e-06	-0.02852
-2.066881e-06	-0.02798
-2.064881e-06	-0.02636
-2.062881e-06	-0.02636
-2.060881e-06	-0.02798
-2.058881e-06	-0.02906
-2.056881e-06	-0.0242
-2.054881e-06	-0.02474
-2.052881e-06	-0.02906
-2.050881e-06	-0.0269
-2.048881e-06	-0.02636
-2.046881e-06	-0.0269
-2.044881e-06	-0.02582
-2.042881e-06	-0.02798
-2.040881e-06	-0.02366
-2.038881e-06	-0.0269
-2.036881e-06	-0.02582
-2.034881e-06	-0.0269
-2.032881e-06	-0.02582
-2.030881e-06	-0.02636
-2.028881e-06	-0.0269
-2.026881e-06	-0.02798
-2.024881e-06	-0.02528
-2.022881e-06	-0.02744
-2.020881e-06	-0.02906
-2.018881e-06	-0.02798
-2.016881e-06	-0.02744
-2.014881e-06	-0.02636
-2.012881e-06	-0.03068
-2.010881e-06	-0.0296
-2.008881e-06	-0.0269
-2.006881e-06	-0.03122
-2.004881e-06	-0.02798
-2.002881e-06	-0.02474
-2.000881e-06	-0.02906
-1.998881e-06	-0.02798
-1.996881e-06	-0.02852
-1.994881e-06	-0.0296
-1.992881e-06	-0.02852
-1.990881e-06	-0.02852
-1.988881e-06	-0.02906
-1.986881e-06	-0.02906
-1.984881e-06	-0.02852
-1.982881e-06	-0.0269
-1.980881e-06	-0.02744
-1.978881e-06	-0.02798
-1.976881e-06	-0.02798
-1.974881e-06	-0.0269
-1.972881e-06	-0.0269
-1.970881e-06	-0.02906
-1.968881e-06	-0.02528
-1.966881e-06	-0.0269
-1.964881e-06	-0.02798
-1.962881e-06	-0.03014
-1.960881e-06	-0.02744
-1.958881e-06	-0.02582
-1.956881e-06	-0.02852
-1.954881e-06	-0.0296
-1.952881e-06	-0.03014
-1.950881e-06	-0.02798
-1.948881e-06	-0.03014
-1.946881e-06	-0.03122
-1.944881e-06	-0.03122
-1.942881e-06	-0.03068
-1.940881e-06	-0.03176
-1.938881e-06	-0.03068
-1.936881e-06	-0.0269
-1.934881e-06	-0.02906
-1.932881e-06	-0.03122
-1.930881e-06	-0.03014
-1.928881e-06	-0.03014
-1.926881e-06	-0.02852
-1.924881e-06	-0.02636
-1.922881e-06	-0.03068
-1.920881e-06	-0.02798
-1.918881e-06	-0.02906
-1.916881e-06	-0.03284
-1.914881e-06	-0.03068
-1.912881e-06	-0.02906
-1.910881e-06	-0.03014
-1.908881e-06	-0.02852
-1.906881e-06	-0.03122
-1.904881e-06	-0.0269
-1.902881e-06	-0.02852
-1.900881e-06	-0.03068
-1.898881e-06	-0.03176
-1.896881e-06	-0.0296
-1.894881e-06	-0.02906
-1.892881e-06	-0.02906
-1.890881e-06	-0.0323
-1.888881e-06	-0.02852
-1.886881e-06	-0.02744
-1.884881e-06	-0.02906
-1.882881e-06	-0.02906
-1.880881e-06	-0.02798
-1.878881e-06	-0.0269
-1.876881e-06	-0.02744
-1.874881e-06	-0.02798
-1.872881e-06	-0.02474
-1.870881e-06	-0.02798
-1.868881e-06	-0.02528
-1.866881e-06	-0.02744
-1.864881e-06	-0.02798
-1.862881e-06	-0.02798
-1.860881e-06	-0.02582
-1.858881e-06	-0.02906
-1.856881e-06	-0.0215
-1.854881e-06	-0.0296
-1.852881e-06	-0.02798
-1.850881e-06	-0.02744
-1.848881e-06	-0.0269
-1.846881e-06	-0.02474
-1.844881e-06	-0.02636
-1.842881e-06	-0.0269
-1.840881e-06	-0.02744
-1.838881e-06	-0.0269
-1.836881e-06	-0.0269
-1.834881e-06	-0.02528
-1.832881e-06	-0.02582
-1.830881e-06	-0.02744
-1.828881e-06	-0.02582
-1.826881e-06	-0.0242
-1.824881e-06	-0.02582
-1.822881e-06	-0.02852
-1.820881e-06	-0.02582
-1.818881e-06	-0.02744
-1.816881e-06	-0.02744
-1.814881e-06	-0.02582
-1.812881e-06	-0.02582
-1.810881e-06	-0.02636
-1.808881e-06	-0.02636
-1.806881e-06	-0.02906
-1.804881e-06	-0.0269
-1.802881e-06	-0.02636
-1.800881e-06	-0.02798
-1.798881e-06	-0.02636
-1.796881e-06	-0.0242
-1.794881e-06	-0.02798
-1.792881e-06	-0.02528
-1.790881e-06	-0.02798
-1.788881e-06	-0.02744
-1.786881e-06	-0.02852
-1.784881e-06	-0.02852
-1.782881e-06	-0.02798
-1.780881e-06	-0.02906
-1.778881e-06	-0.0269
-1.776881e-06	-0.02798
-1.774881e-06	-0.0296
-1.772881e-06	-0.02744
-1.770881e-06	-0.02582
-1.768881e-06	-0.02636
-1.766881e-06	-0.0296
-1.764881e-06	-0.03014
-1.762881e-06	-0.0296
-1.760881e-06	-0.02852
-1.758881e-06	-0.03014
-1.756881e-06	-0.03068
-1.754881e-06	-0.03446
-1.752881e-06	-0.0269
-1.750881e-06	-0.02636
-1.748881e-06	-0.02798
-1.746881e-06	-0.03014
-1.744881e-06	-0.02744
-1.742881e-06	-0.0269
-1.740881e-06	-0.03122
-1.738881e-06	-0.02906
-1.736881e-06	-0.0296
-1.734881e-06	-0.0296
-1.732881e-06	-0.03122
-1.730881e-06	-0.02906
-1.728881e-06	-0.0269
-1.726881e-06	-0.02906
-1.724881e-06	-0.03068
-1.722881e-06	-0.03122
-1.720881e-06	-0.03068
-1.718881e-06	-0.02906
-1.716881e-06	-0.03176
-1.714881e-06	-0.02906
-1.712881e-06	-0.03014
-1.710881e-06	-0.02852
-1.708881e-06	-0.03068
-1.706881e-06	-0.03338
-1.704881e-06	-0.02852
-1.702881e-06	-0.03014
-1.700881e-06	-0.02906
-1.698881e-06	-0.03176
-1.696881e-06	-0.0296
-1.694881e-06	-0.03392
-1.692881e-06	-0.03284
-1.690881e-06	-0.03338
-1.688881e-06	-0.03068
-1.686881e-06	-0.03122
-1.684881e-06	-0.03284
-1.682881e-06	-0.03338
-1.680881e-06	-0.03446
-1.678881e-06	-0.0323
-1.676881e-06	-0.03014
-1.674881e-06	-0.03176
-1.672881e-06	-0.0323
-1.670881e-06	-0.03122
-1.668881e-06	-0.03176
-1.666881e-06	-0.03122
-1.664881e-06	-0.0296
-1.662881e-06	-0.02906
-1.660881e-06	-0.03122
-1.658881e-06	-0.03554
-1.656881e-06	-0.0296
-1.654881e-06	-0.02906
-1.652881e-06	-0.0296
-1.650881e-06	-0.03068
-1.648881e-06	-0.02906
-1.646881e-06	-0.03122
-1.644881e-06	-0.02636
-1.642881e-06	-0.0269
-1.640881e-06	-0.02852
-1.638881e-06	-0.03014
-1.636881e-06	-0.03014
-1.634881e-06	-0.03122
-1.632881e-06	-0.03068
-1.630881e-06	-0.02852
-1.628881e-06	-0.03068
-1.626881e-06	-0.03068
-1.624881e-06	-0.0296
-1.622881e-06	-0.03068
-1.620881e-06	-0.0296
-1.618881e-06	-0.03122
-1.616881e-06	-0.02852
-1.614881e-06	-0.02798
-1.612881e-06	-0.02636
-1.610881e-06	-0.02798
-1.608881e-06	-0.02744
-1.606881e-06	-0.0296
-1.604881e-06	-0.02798
-1.602881e-06	-0.02744
-1.600881e-06	-0.02852
-1.598881e-06	-0.02852
-1.596881e-06	-0.02798
-1.594881e-06	-0.02906
-1.592881e-06	-0.02906
-1.590881e-06	-0.02852
-1.588881e-06	-0.02852
-1.586881e-06	-0.02906
-1.584881e-06	-0.02798
-1.582881e-06	-0.02798
-1.580881e-06	-0.03122
-1.578881e-06	-0.03068
-1.576881e-06	-0.02582
-1.574881e-06	-0.02798
-1.572881e-06	-0.02852
-1.570881e-06	-0.02744
-1.568881e-06	-0.02636
-1.566881e-06	-0.02852
-1.564881e-06	-0.02528
-1.562881e-06	-0.02366
-1.560881e-06	-0.02906
-1.558881e-06	-0.03068
-1.556881e-06	-0.02636
-1.554881e-06	-0.02582
-1.552881e-06	-0.02204
-1.550881e-06	-0.02474
-1.548881e-06	-0.02906
-1.546881e-06	-0.02852
-1.544881e-06	-0.02474
-1.542881e-06	-0.02798
-1.540881e-06	-0.0269
-1.538881e-06	-0.02798
-1.536881e-06	-0.0269
-1.534881e-06	-0.02528
-1.532881e-06	-0.02636
-1.530881e-06	-0.02852
-1.528881e-06	-0.0269
-1.526881e-06	-0.02798
-1.524881e-06	-0.02528
-1.522881e-06	-0.0296
-1.520881e-06	-0.02744
-1.518881e-06	-0.02582
-1.516881e-06	-0.02582
-1.514881e-06	-0.02852
-1.512881e-06	-0.02906
-1.510881e-06	-0.02744
-1.508881e-06	-0.03014
-1.506881e-06	-0.02582
-1.504881e-06	-0.02798
-1.502881e-06	-0.02906
-1.500881e-06	-0.0269
-1.498881e-06	-0.03014
-1.496881e-06	-0.02852
-1.494881e-06	-0.03014
-1.492881e-06	-0.02474
-1.490881e-06	-0.02744
-1.488881e-06	-0.02636
-1.486881e-06	-0.02636
-1.484881e-06	-0.02798
-1.482881e-06	-0.02744
-1.480881e-06	-0.02798
-1.478881e-06	-0.02798
-1.476881e-06	-0.02852
-1.474881e-06	-0.03014
-1.472881e-06	-0.02204
-1.470881e-06	-0.0269
-1.468881e-06	-0.0242
-1.466881e-06	-0.0269
-1.464881e-06	-0.02582
-1.462881e-06	-0.0296
-1.460881e-06	-0.02798
-1.458881e-06	-0.02798
-1.456881e-06	-0.02636
-1.454881e-06	-0.0242
-1.452881e-06	-0.02906
-1.450881e-06	-0.02906
-1.448881e-06	-0.02744
-1.446881e-06	-0.02798
-1.444881e-06	-0.03068
-1.442881e-06	-0.02798
-1.440881e-06	-0.02906
-1.438881e-06	-0.02798
-1.436881e-06	-0.03122
-1.434881e-06	-0.02906
-1.432881e-06	-0.02852
-1.430881e-06	-0.0296
-1.428881e-06	-0.03014
-1.426881e-06	-0.03014
-1.424881e-06	-0.02906
-1.422881e-06	-0.03068
-1.420881e-06	-0.03014
-1.418881e-06	-0.03014
-1.416881e-06	-0.0296
-1.414881e-06	-0.03014
-1.412881e-06	-0.0323
-1.410881e-06	-0.03068
-1.408881e-06	-0.03014
-1.406881e-06	-0.02906
-1.404881e-06	-0.03176
-1.402881e-06	-0.03068
-1.400881e-06	-0.03014
-1.398881e-06	-0.0323
-1.396881e-06	-0.03068
-1.394881e-06	-0.0323
-1.392881e-06	-0.02852
-1.390881e-06	-0.03338
-1.388881e-06	-0.03338
-1.386881e-06	-0.03014
-1.384881e-06	-0.03122
-1.382881e-06	-0.03392
-1.380881e-06	-0.03284
-1.378881e-06	-0.03068
-1.376881e-06	-0.0323
-1.374881e-06	-0.0323
-1.372881e-06	-0.03014
-1.370881e-06	-0.03338
-1.368881e-06	-0.02852
-1.366881e-06	-0.03122
-1.364881e-06	-0.0323
-1.362881e-06	-0.03284
-1.360881e-06	-0.0323
-1.358881e-06	-0.03014
-1.356881e-06	-0.03122
-1.354881e-06	-0.03176
-1.352881e-06	-0.03068
-1.350881e-06	-0.02906
-1.348881e-06	-0.03014
-1.346881e-06	-0.03122
-1.344881e-06	-0.03014
-1.342881e-06	-0.02852
-1.340881e-06	-0.02852
-1.338881e-06	-0.02852
-1.336881e-06	-0.02852
-1.334881e-06	-0.03014
-1.332881e-06	-0.02744
-1.330881e-06	-0.02852
-1.328881e-06	-0.02582
-1.326881e-06	-0.02636
-1.324881e-06	-0.03122
-1.322881e-06	-0.02582
-1.320881e-06	-0.0269
-1.318881e-06	-0.02582
-1.316881e-06	-0.03014
-1.314881e-06	-0.0296
-1.312881e-06	-0.02366
-1.310881e-06	-0.02366
-1.308881e-06	-0.0242
-1.306881e-06	-0.02852
-1.304881e-06	-0.02852
-1.302881e-06	-0.02744
-1.300881e-06	-0.0269
-1.298881e-06	-0.0296
-1.296881e-06	-0.02798
-1.294881e-06	-0.02636
-1.292881e-06	-0.0242
-1.290881e-06	-0.02636
-1.288881e-06	-0.02582
-1.286881e-06	-0.02582
-1.284881e-06	-0.02636
-1.282881e-06	-0.0242
-1.280881e-06	-0.02636
-1.278881e-06	-0.02528
-1.276881e-06	-0.02798
-1.274881e-06	-0.02582
-1.272881e-06	-0.02474
-1.270881e-06	-0.02798
-1.268881e-06	-0.02798
-1.266881e-06	-0.0269
-1.264881e-06	-0.02852
-1.262881e-06	-0.02798
-1.260881e-06	-0.03068
-1.258881e-06	-0.02852
-1.256881e-06	-0.02906
-1.254881e-06	-0.02906
-1.252881e-06	-0.02906
-1.250881e-06	-0.02636
-1.248881e-06	-0.02366
-1.246881e-06	-0.0269
-1.244881e-06	-0.02852
-1.242881e-06	-0.02906
-1.240881e-06	-0.0296
-1.238881e-06	-0.02906
-1.236881e-06	-0.03014
-1.234881e-06	-0.02852
-1.232881e-06	-0.02906
-1.230881e-06	-0.03014
-1.228881e-06	-0.02906
-1.226881e-06	-0.03068
-1.224881e-06	-0.03176
-1.222881e-06	-0.0323
-1.220881e-06	-0.0323
-1.218881e-06	-0.02744
-1.216881e-06	-0.0269
-1.214881e-06	-0.02744
-1.212881e-06	-0.0296
-1.210881e-06	-0.0296
-1.208881e-06	-0.03176
-1.206881e-06	-0.02906
-1.204881e-06	-0.03176
-1.202881e-06	-0.03014
-1.200881e-06	-0.02798
-1.198881e-06	-0.03122
-1.196881e-06	-0.03122
-1.194881e-06	-0.03014
-1.192881e-06	-0.02852
-1.190881e-06	-0.03122
-1.188881e-06	-0.03014
-1.186881e-06	-0.03014
-1.184881e-06	-0.03122
-1.182881e-06	-0.0323
-1.180881e-06	-0.0296
-1.178881e-06	-0.03014
-1.176881e-06	-0.03176
-1.174881e-06	-0.0296
-1.172881e-06	-0.0323
-1.170881e-06	-0.02906
-1.168881e-06	-0.02852
-1.166881e-06	-0.02798
-1.164881e-06	-0.03122
-1.162881e-06	-0.0269
-1.160881e-06	-0.02636
-1.158881e-06	-0.02852
-1.156881e-06	-0.02852
-1.154881e-06	-0.02744
-1.152881e-06	-0.02636
-1.150881e-06	-0.02744
-1.148881e-06	-0.02798
-1.146881e-06	-0.03014
-1.144881e-06	-0.02636
-1.142881e-06	-0.02744
-1.140881e-06	-0.03014
-1.138881e-06	-0.02744
-1.136881e-06	-0.02744
-1.134881e-06	-0.03122
-1.132881e-06	-0.0269
-1.130881e-06	-0.02852
-1.128881e-06	-0.02474
-1.126881e-06	-0.02798
-1.124881e-06	-0.02852
-1.122881e-06	-0.03176
-1.120881e-06	-0.02474
-1.118881e-06	-0.02798
-1.116881e-06	-0.02906
-1.114881e-06	-0.03176
-1.112881e-06	-0.02852
-1.110881e-06	-0.02744
-1.108881e-06	-0.02906
-1.106881e-06	-0.0296
-1.104881e-06	-0.02852
-1.102881e-06	-0.02906
-1.100881e-06	-0.02906
-1.098881e-06	-0.0296
-1.096881e-06	-0.03176
-1.094881e-06	-0.02906
-1.092881e-06	-0.03068
-1.090881e-06	-0.02852
-1.088881e-06	-0.02906
-1.086881e-06	-0.02852
-1.084881e-06	-0.0296
-1.082881e-06	-0.02744
-1.080881e-06	-0.02636
-1.078881e-06	-0.02852
-1.076881e-06	-0.02906
-1.074881e-06	-0.02906
-1.072881e-06	-0.02852
-1.070881e-06	-0.0269
-1.068881e-06	-0.02582
-1.066881e-06	-0.02906
-1.064881e-06	-0.0269
-1.062881e-06	-0.02852
-1.060881e-06	-0.0269
-1.058881e-06	-0.02852
-1.056881e-06	-0.02528
-1.054881e-06	-0.02528
-1.052881e-06	-0.02744
-1.050881e-06	-0.03014
-1.048881e-06	-0.02906
-1.046881e-06	-0.02744
-1.044881e-06	-0.02744
-1.042881e-06	-0.02582
-1.040881e-06	-0.02798
-1.038881e-06	-0.0296
-1.036881e-06	-0.02906
-1.034881e-06	-0.02798
-1.032881e-06	-0.02852
-1.030881e-06	-0.02582
-1.028881e-06	-0.03014
-1.026881e-06	-0.02744
-1.024881e-06	-0.02852
-1.022881e-06	-0.03068
-1.020881e-06	-0.03176
-1.018881e-06	-0.03068
-1.016881e-06	-0.02798
-1.014881e-06	-0.02636
-1.012881e-06	-0.02744
-1.010881e-06	-0.02798
-1.008881e-06	-0.02852
-1.006881e-06	-0.0269
-1.004881e-06	-0.02744
-1.002881e-06	-0.0269
-1.000881e-06	-0.02474
-9.988807e-07	-0.02744
-9.968807e-07	-0.02582
-9.948807e-07	-0.02636
-9.928807e-07	-0.02798
-9.908807e-07	-0.02852
-9.888807e-07	-0.0296
-9.868807e-07	-0.02744
-9.848807e-07	-0.02636
-9.828807e-07	-0.02798
-9.808807e-07	-0.02852
-9.788807e-07	-0.03014
-9.768807e-07	-0.02906
-9.748807e-07	-0.02906
-9.728807e-07	-0.02852
-9.708807e-07	-0.03068
-9.688807e-07	-0.0269
-9.668807e-07	-0.03068
-9.648807e-07	-0.03068
-9.628807e-07	-0.02852
-9.608807e-07	-0.02636
-9.588807e-07	-0.03068
-9.568807e-07	-0.02906
-9.548807e-07	-0.0323
-9.528807e-07	-0.02798
-9.508807e-07	-0.02744
-9.488807e-07	-0.03068
-9.468807e-07	-0.03068
-9.448807e-07	-0.03122
-9.428807e-07	-0.03392
-9.408807e-07	-0.02744
-9.388807e-07	-0.03014
-9.368807e-07	-0.03068
-9.348807e-07	-0.02744
-9.328807e-07	-0.02852
-9.308807e-07	-0.02744
-9.288807e-07	-0.03068
-9.268807e-07	-0.02798
-9.248807e-07	-0.0296
-9.228807e-07	-0.0296
-9.208807e-07	-0.02636
-9.188807e-07	-0.03122
-9.168807e-07	-0.0296
-9.148807e-07	-0.03068
-9.128807e-07	-0.0269
-9.108807e-07	-0.03176
-9.088807e-07	-0.02852
-9.068807e-07	-0.0269
-9.048807e-07	-0.03068
-9.028807e-07	-0.03068
-9.008807e-07	-0.03176
-8.988807e-07	-0.02906
-8.968807e-07	-0.03068
-8.948807e-07	-0.03176
-8.928807e-07	-0.02744
-8.908807e-07	-0.03014
-8.888807e-07	-0.0296
-8.868807e-07	-0.02636
-8.848807e-07	-0.02798
-8.828807e-07	-0.02744
-8.808807e-07	-0.02906
-8.788807e-07	-0.03014
-8.768807e-07	-0.03176
-8.748807e-07	-0.02906
-8.728807e-07	-0.02636
-8.708807e-07	-0.03014
-8.688807e-07	-0.0269
-8.668807e-07	-0.02744
-8.648807e-07	-0.03338
-8.628807e-07	-0.03122
-8.608807e-07	-0.0296
-8.588807e-07	-0.03176
-8.568807e-07	-0.0296
-8.548807e-07	-0.03068
-8.528807e-07	-0.03014
-8.508807e-07	-0.02798
-8.488807e-07	-0.02906
-8.468807e-07	-0.02852
-8.448807e-07	-0.03014
-8.428807e-07	-0.03014
-8.408807e-07	-0.03014
-8.388807e-07	-0.0296
-8.368807e-07	-0.03014
-8.348807e-07	-0.0269
-8.328807e-07	-0.02852
-8.308807e-07	-0.0269
-8.288807e-07	-0.03122
-8.268807e-07	-0.0296
-8.248807e-07	-0.02852
-8.228807e-07	-0.0296
-8.208807e-07	-0.02798
-8.188807e-07	-0.03014
-8.168807e-07	-0.02636
-8.148807e-07	-0.0269
-8.128807e-07	-0.02906
-8.108807e-07	-0.02798
-8.088807e-07	-0.03068
-8.068807e-07	-0.02906
-8.048807e-07	-0.02798
-8.028807e-07	-0.03014
-8.008807e-07	-0.03014
-7.988807e-07	-0.02636
-7.968807e-07	-0.0296
-7.948807e-07	-0.03014
-7.928807e-07	-0.02582
-7.908807e-07	-0.02852
-7.888807e-07	-0.02852
-7.868807e-07	-0.0296
-7.848807e-07	-0.03068
-7.828807e-07	-0.02744
-7.808807e-07	-0.03122
-7.788807e-07	-0.02744
-7.768807e-07	-0.02798
-7.748807e-07	-0.03068
-7.728807e-07	-0.02852
-7.708807e-07	-0.03068
-7.688807e-07	-0.02906
-7.668807e-07	-0.02906
-7.648807e-07	-0.03122
-7.628807e-07	-0.03068
-7.608807e-07	-0.02906
-7.588807e-07	-0.02744
-7.568807e-07	-0.02798
-7.548807e-07	-0.02798
-7.528807e-07	-0.02852
-7.508807e-07	-0.02744
-7.488807e-07	-0.02528
-7.468807e-07	-0.02906
-7.448807e-07	-0.02906
-7.428807e-07	-0.03122
-7.408807e-07	-0.02744
-7.388807e-07	-0.02906
-7.368807e-07	-0.02744
-7.348807e-07	-0.02744
-7.328807e-07	-0.02798
-7.308807e-07	-0.02636
-7.288807e-07	-0.02528
-7.268807e-07	-0.02582
-7.248807e-07	-0.02366
-7.228807e-07	-0.02798
-7.208807e-07	-0.02636
-7.188807e-07	-0.02744
-7.168807e-07	-0.02852
-7.148807e-07	-0.02798
-7.128807e-07	-0.02636
-7.108807e-07	-0.02744
-7.088807e-07	-0.03122
-7.068807e-07	-0.02906
-7.048807e-07	-0.02852
-7.028807e-07	-0.02582
-7.008807e-07	-0.02582
-6.988807e-07	-0.02906
-6.968807e-07	-0.02798
-6.948807e-07	-0.02744
-6.928807e-07	-0.02852
-6.908807e-07	-0.02798
-6.888807e-07	-0.02798
-6.868807e-07	-0.02906
-6.848807e-07	-0.03068
-6.828807e-07	-0.03014
-6.808807e-07	-0.0296
-6.788807e-07	-0.02744
-6.768807e-07	-0.02906
-6.748807e-07	-0.02906
-6.728807e-07	-0.02744
-6.708807e-07	-0.0296
-6.688807e-07	-0.03014
-6.668807e-07	-0.02798
-6.648807e-07	-0.02798
-6.628807e-07	-0.03122
-6.608807e-07	-0.03014
-6.588807e-07	-0.03014
-6.568807e-07	-0.02744
-6.548807e-07	-0.0269
-6.528807e-07	-0.0296
-6.508807e-07	-0.0323
-6.488807e-07	-0.02744
-6.468807e-07	-0.02582
-6.448807e-07	-0.02906
-6.428807e-07	-0.03176
-6.408807e-07	-0.02744
-6.388807e-07	-0.02852
-6.368807e-07	-0.0296
-6.348807e-07	-0.03068
-6.328807e-07	-0.03068
-6.308807e-07	-0.03014
-6.288807e-07	-0.03068
-6.268807e-07	-0.03122
-6.248807e-07	-0.03014
-6.228807e-07	-0.02906
-6.208807e-07	-0.03014
-6.188807e-07	-0.03176
-6.168807e-07	-0.02798
-6.148807e-07	-0.0323
-6.128807e-07	-0.0323
-6.108807e-07	-0.0296
-6.088807e-07	-0.0296
-6.068807e-07	-0.03284
-6.048807e-07	-0.0296
-6.028807e-07	-0.03068
-6.008807e-07	-0.03176
-5.988807e-07	-0.0296
-5.968807e-07	-0.0269
-5.948807e-07	-0.02744
-5.928807e-07	-0.02744
-5.908807e-07	-0.0296
-5.888807e-07	-0.02906
-5.868807e-07	-0.0296
-5.848807e-07	-0.02852
-5.828807e-07	-0.02852
-5.808807e-07	-0.02744
-5.788807e-07	-0.02906
-5.768807e-07	-0.03014
-5.748807e-07	-0.02744
-5.728807e-07	-0.02798
-5.708807e-07	-0.02906
-5.688807e-07	-0.03014
-5.668807e-07	-0.0296
-5.648807e-07	-0.03068
-5.628807e-07	-0.02852
-5.608807e-07	-0.0269
-5.588807e-07	-0.0269
-5.568807e-07	-0.03014
-5.548807e-07	-0.02852
-5.528807e-07	-0.02906
-5.508807e-07	-0.02852
-5.488807e-07	-0.02744
-5.468807e-07	-0.03122
-5.448807e-07	-0.0296
-5.428807e-07	-0.02744
-5.408807e-07	-0.0296
-5.388807e-07	-0.03014
-5.368807e-07	-0.02906
-5.348807e-07	-0.03014
-5.328807e-07	-0.02798
-5.308807e-07	-0.03176
-5.288807e-07	-0.02852
-5.268807e-07	-0.02744
-5.248807e-07	-0.02906
-5.228807e-07	-0.02852
-5.208807e-07	-0.02906
-5.188807e-07	-0.03068
-5.168807e-07	-0.02744
-5.148807e-07	-0.02852
-5.128807e-07	-0.02852
-5.108807e-07	-0.02582
-5.088807e-07	-0.02582
-5.068807e-07	-0.02636
-5.048807e-07	-0.03068
-5.028807e-07	-0.02744
-5.008807e-07	-0.03014
-4.988807e-07	-0.02906
-4.968807e-07	-0.02798
-4.948807e-07	-0.02798
-4.928807e-07	-0.0296
-4.908807e-07	-0.02798
-4.888807e-07	-0.02852
-4.868807e-07	-0.0296
-4.848807e-07	-0.02798
-4.828807e-07	-0.03068
-4.808807e-07	-0.02906
-4.788807e-07	-0.02852
-4.768807e-07	-0.02798
-4.748807e-07	-0.02852
-4.728807e-07	-0.0269
-4.708807e-07	-0.03014
-4.688807e-07	-0.02852
-4.668807e-07	-0.0296
-4.648807e-07	-0.02798
-4.628807e-07	-0.03068
-4.608807e-07	-0.02852
-4.588807e-07	-0.02852
-4.568807e-07	-0.03068
-4.548807e-07	-0.02906
-4.528807e-07	-0.03014
-4.508807e-07	-0.03068
-4.488807e-07	-0.03068
-4.468807e-07	-0.02798
-4.448807e-07	-0.03014
-4.428807e-07	-0.02906
-4.408807e-07	-0.03068
-4.388807e-07	-0.03014
-4.368807e-07	-0.0296
-4.348807e-07	-0.02798
-4.328807e-07	-0.02906
-4.308807e-07	-0.03122
-4.288807e-07	-0.03014
-4.268807e-07	-0.0296
-4.248807e-07	-0.02906
-4.228807e-07	-0.02798
-4.208807e-07	-0.03176
-4.188807e-07	-0.03284
-4.168807e-07	-0.03068
-4.148807e-07	-0.02906
-4.128807e-07	-0.02798
-4.108807e-07	-0.02852
-4.088807e-07	-0.0296
-4.068807e-07	-0.03122
-4.048807e-07	-0.03176
-4.028807e-07	-0.03122
-4.008807e-07	-0.03176
-3.988807e-07	-0.03122
-3.968807e-07	-0.03284
-3.948807e-07	-0.0269
-3.928807e-07	-0.02906
-3.908807e-07	-0.02852
-3.888807e-07	-0.03068
-3.868807e-07	-0.03338
-3.848807e-07	-0.03068
-3.828807e-07	-0.03176
-3.808807e-07	-0.03122
-3.788807e-07	-0.0323
-3.768807e-07	-0.03122
-3.748807e-07	-0.03068
-3.728807e-07	-0.03122
-3.708807e-07	-0.03284
-3.688807e-07	-0.03176
-3.668807e-07	-0.03122
-3.648807e-07	-0.0296
-3.628807e-07	-0.03014
-3.608807e-07	-0.035
-3.588807e-07	-0.02582
-3.568807e-07	-0.02852
-3.548807e-07	-0.03068
-3.528807e-07	-0.03122
-3.508807e-07	-0.03338
-3.488807e-07	-0.02852
-3.468807e-07	-0.02906
-3.448807e-07	-0.02744
-3.428807e-07	-0.0269
-3.408807e-07	-0.0269
-3.388807e-07	-0.02798
-3.368807e-07	-0.02852
-3.348807e-07	-0.0296
-3.328807e-07	-0.0269
-3.308807e-07	-0.03176
-3.288807e-07	-0.02906
-3.268807e-07	-0.02798
-3.248807e-07	-0.02744
-3.228807e-07	-0.02798
-3.208807e-07	-0.02852
-3.188807e-07	-0.02852
-3.168807e-07	-0.02798
-3.148807e-07	-0.0296
-3.128807e-07	-0.03014
-3.108807e-07	-0.02798
-3.088807e-07	-0.02744
-3.068807e-07	-0.02582
-3.048807e-07	-0.02744
-3.028807e-07	-0.02636
-3.008807e-07	-0.02528
-2.988807e-07	-0.03068
-2.968807e-07	-0.02798
-2.948807e-07	-0.02798
-2.928807e-07	-0.02798
-2.908807e-07	-0.02636
-2.888807e-07	-0.02798
-2.868807e-07	-0.02474
-2.848807e-07	-0.02528
-2.828807e-07	-0.02744
-2.808807e-07	-0.03014
-2.788807e-07	-0.02636
-2.768807e-07	-0.02636
-2.748807e-07	-0.02798
-2.728807e-07	-0.0269
-2.708807e-07	-0.02906
-2.688807e-07	-0.02798
-2.668807e-07	-0.0296
-2.648807e-07	-0.0269
-2.628807e-07	-0.02636
-2.608807e-07	-0.02906
-2.588807e-07	-0.02744
-2.568807e-07	-0.02906
-2.548807e-07	-0.02852
-2.528807e-07	-0.0269
-2.508807e-07	-0.0296
-2.488807e-07	-0.02528
-2.468807e-07	-0.0269
-2.448807e-07	-0.02798
-2.428807e-07	-0.02744
-2.408807e-07	-0.02474
-2.388807e-07	-0.02798
-2.368807e-07	-0.0296
-2.348807e-07	-0.02744
-2.328807e-07	-0.02852
-2.308807e-07	-0.02744
-2.288807e-07	-0.02906
-2.268807e-07	-0.02474
-2.248807e-07	-0.02798
-2.228807e-07	-0.02636
-2.208807e-07	-0.02582
-2.188807e-07	-0.02798
-2.168807e-07	-0.03014
-2.148807e-07	-0.02852
-2.128807e-07	-0.0242
-2.108807e-07	-0.0296
-2.088807e-07	-0.02528
-2.068807e-07	-0.02744
-2.048807e-07	-0.02852
-2.028807e-07	-0.0269
-2.008807e-07	-0.0296
-1.988807e-07	-0.0296
-1.968807e-07	-0.02906
-1.948807e-07	-0.02798
-1.928807e-07	-0.02528
-1.908807e-07	-0.0296
-1.888807e-07	-0.02798
-1.868807e-07	-0.02528
-1.848807e-07	-0.0269
-1.828807e-07	-0.02798
-1.808807e-07	-0.02636
-1.788807e-07	-0.0296
-1.768807e-07	-0.0269
-1.748807e-07	-0.02744
-1.728807e-07	-0.03068
-1.708807e-07	-0.03068
-1.688807e-07	-0.03014
-1.668807e-07	-0.02852
-1.648807e-07	-0.02744
-1.628807e-07	-0.02852
-1.608807e-07	-0.02798
-1.588807e-07	-0.02744
-1.568807e-07	-0.02906
-1.548807e-07	-0.02906
-1.528807e-07	-0.0323
-1.508807e-07	-0.03122
-1.488807e-07	-0.0269
-1.468807e-07	-0.03014
-1.448807e-07	-0.0296
-1.428807e-07	-0.0269
-1.408807e-07	-0.02798
-1.388807e-07	-0.02798
-1.368807e-07	-0.02582
-1.348807e-07	-0.0269
-1.328807e-07	-0.02906
-1.308807e-07	-0.02798
-1.288807e-07	-0.02474
-1.268807e-07	-0.0269
-1.248807e-07	-0.02744
-1.228807e-07	-0.03014
-1.208807e-07	-0.02636
-1.188807e-07	-0.02906
-1.168807e-07	-0.02528
-1.148807e-07	-0.02636
-1.128807e-07	-0.02906
-1.108807e-07	-0.02852
-1.088807e-07	-0.02798
-1.068807e-07	-0.02852
-1.048807e-07	-0.0269
-1.028807e-07	-0.0296
-1.008807e-07	-0.02798
-9.888074e-08	-0.0296
-9.688074e-08	-0.02636
-9.488074e-08	-0.0296
-9.288074e-08	-0.03122
-9.088074e-08	-0.02852
-8.888074e-08	-0.02852
-8.688074e-08	-0.03068
-8.488074e-08	-0.0323
-8.288074e-08	-0.0296
-8.088074e-08	-0.02582
-7.888074e-08	-0.02798
-7.688074e-08	-0.03014
-7.488074e-08	-0.02744
-7.288074e-08	-0.0296
-7.088074e-08	-0.02798
-6.888074e-08	-0.03068
-6.688074e-08	-0.02582
-6.488074e-08	-0.02798
-6.288074e-08	-0.0269
-6.088074e-08	-0.03014
-5.888074e-08	-0.0296
-5.688074e-08	-0.02798
-5.488074e-08	-0.0296
-5.288074e-08	-0.0296
-5.088074e-08	-0.02906
-4.888074e-08	-0.0296
-4.688074e-08	-0.02798
-4.488074e-08	-0.03122
-4.288074e-08	-0.02906
-4.088074e-08	-0.02852
-3.888074e-08	-0.03014
-3.688074e-08	-0.03284
-3.488074e-08	-0.0323
-3.288074e-08	-0.03122
-3.088074e-08	-0.02906
-2.888074e-08	-0.03284
-2.688074e-08	-0.0296
-2.488074e-08	-0.02798
-2.288074e-08	-0.02852
-2.088074e-08	-0.02906
-1.888074e-08	-0.0296
-1.688074e-08	-0.02906
-1.488074e-08	-0.02798
-1.288074e-08	-0.03176
-1.088074e-08	-0.03122
-8.880741e-09	-0.0296
-6.880741e-09	-0.0269
-4.880741e-09	-0.0296
-2.880741e-09	-0.03014
-8.807407e-10	-0.0269
1.119259e-09	-0.03068
3.119259e-09	-0.02852
5.119259e-09	-0.02906
7.119259e-09	-0.0269
9.119259e-09	-0.03068
1.111926e-08	-0.0296
1.311926e-08	-0.03014
1.511926e-08	-0.0296
1.711926e-08	-0.03176
1.911926e-08	-0.03068
2.111926e-08	-0.02744
2.311926e-08	-0.0323
2.511926e-08	-0.02744
2.711926e-08	-0.0323
2.911926e-08	-0.02582
3.111926e-08	-0.02636
3.311926e-08	-0.02744
3.511926e-08	-0.02798
3.711926e-08	-0.03068
3.911926e-08	-0.03122
4.111926e-08	-0.03014
4.311926e-08	-0.0296
4.511926e-08	-0.0323
4.711926e-08	-0.03068
4.911926e-08	-0.0323
5.111926e-08	-0.03122
5.311926e-08	-0.03176
5.511926e-08	-0.03014
5.711926e-08	-0.0269
5.911926e-08	-0.03338
6.111926e-08	-0.03014
6.311926e-08	-0.02852
6.511926e-08	-0.03338
6.711926e-08	-0.03014
6.911926e-08	-0.02798
7.111926e-08	-0.02906
7.311926e-08	-0.02798
7.511926e-08	-0.02636
7.711926e-08	-0.0269
7.911926e-08	-0.03014
8.111926e-08	-0.02906
8.311926e-08	-0.03068
8.511926e-08	-0.0269
8.711926e-08	-0.03014
8.911926e-08	-0.0323
9.111926e-08	-0.03122
9.311926e-08	-0.02906
9.511926e-08	-0.02636
9.711926e-08	-0.02852
9.911926e-08	-0.0296
1.011193e-07	-0.02798
1.031193e-07	-0.0323
1.051193e-07	-0.02906
1.071193e-07	-0.02906
1.091193e-07	-0.02852
1.111193e-07	-0.03014
1.131193e-07	-0.02906
1.151193e-07	-0.03122
1.171193e-07	-0.0296
1.191193e-07	-0.02744
1.211193e-07	-0.02798
1.231193e-07	-0.03122
1.251193e-07	-0.03014
1.271193e-07	-0.02852
1.291193e-07	-0.0215
1.311193e-07	-0.0161
1.331193e-07	0.00658
1.351193e-07	0.04114
1.371193e-07	0.10054
1.391193e-07	0.18316
1.411193e-07	0.28036
1.431193e-07	0.38782
1.451193e-07	0.49798
1.471193e-07	0.61138
1.491193e-07	0.71344
1.511193e-07	0.8128
1.531193e-07	0.90298
1.551193e-07	0.98884
1.571193e-07	1.0666
1.591193e-07	1.1341
1.611193e-07	1.19188
1.631193e-07	1.24534
1.651193e-07	1.28314
1.671193e-07	1.31122
1.691193e-07	1.33606
1.711193e-07	1.35874
1.731193e-07	1.37278
1.751193e-07	1.38898
1.771193e-07	1.39816
1.791193e-07	1.40572
1.811193e-07	1.41004
1.831193e-07	1.41814
1.851193e-07	1.41706
1.871193e-07	1.41868
1.891193e-07	1.4041
1.911193e-07	1.38628
1.931193e-07	1.35064
1.951193e-07	1.3258
1.971193e-07	1.2988
1.991193e-07	1.27396
2.011193e-07	1.24372
2.031193e-07	1.21672
2.051193e-07	1.18324
2.071193e-07	1.15462
2.091193e-07	1.12492
2.111193e-07	1.09522
2.131193e-07	1.06336
2.151193e-07	1.03042
2.171193e-07	0.99478
2.191193e-07	0.96994
2.211193e-07	0.93484
2.231193e-07	0.90622
2.251193e-07	0.87274
2.271193e-07	0.84196
2.291193e-07	0.81226
2.311193e-07	0.7858
2.331193e-07	0.7561
2.351193e-07	0.73018
2.371193e-07	0.70156
2.391193e-07	0.67672
2.411193e-07	0.64648
2.431193e-07	0.62434
2.451193e-07	0.5968
2.471193e-07	0.57412
2.491193e-07	0.54712
2.511193e-07	0.5293
2.531193e-07	0.50284
2.551193e-07	0.48124
2.571193e-07	0.46126
2.591193e-07	0.44344
2.611193e-07	0.42076
2.631193e-07	0.40726
2.651193e-07	0.38782
2.671193e-07	0.37162
2.691193e-07	0.35272
2.711193e-07	0.33436
2.731193e-07	0.32032
2.751193e-07	0.30736
2.771193e-07	0.29116
2.791193e-07	0.28036
2.811193e-07	0.26902
2.831193e-07	0.25498
2.851193e-07	0.23986
2.871193e-07	0.2323
2.891193e-07	0.2215
2.911193e-07	0.2161
2.931193e-07	0.20314
2.951193e-07	0.1972
2.971193e-07	0.18532
2.991193e-07	0.17722
3.011193e-07	0.17074
3.031193e-07	0.15994
3.051193e-07	0.15508
3.071193e-07	0.14968
3.091193e-07	0.14266
3.111193e-07	0.13348
3.131193e-07	0.13132
3.151193e-07	0.12322
3.171193e-07	0.11728
3.191193e-07	0.11404
3.211193e-07	0.1054
3.231193e-07	0.10324
3.251193e-07	0.09622
3.271193e-07	0.0946
3.291193e-07	0.09082
3.311193e-07	0.08596
3.331193e-07	0.08218
3.351193e-07	0.07786
3.371193e-07	0.07516
3.391193e-07	0.073
3.411193e-07	0.06922
3.431193e-07	0.06814
3.451193e-07	0.06328
3.471193e-07	0.06274
3.491193e-07	0.06058
3.511193e-07	0.05896
3.531193e-07	0.0541
3.551193e-07	0.05572
3.571193e-07	0.05086
3.591193e-07	0.05194
3.611193e-07	0.04546
3.631193e-07	0.04654
3.651193e-07	0.04276
3.671193e-07	0.04276
3.691193e-07	0.03898
3.711193e-07	0.04168
3.731193e-07	0.0379
3.751193e-07	0.03574
3.771193e-07	0.0325
3.791193e-07	0.03574
3.811193e-07	0.0298
3.831193e-07	0.03142
3.851193e-07	0.03034
3.871193e-07	0.02872
3.891193e-07	0.02548
3.911193e-07	0.02602
3.931193e-07	0.0244
3.951193e-07	0.0244
3.971193e-07	0.02062
3.991193e-07	0.019
4.011193e-07	0.02062
4.031193e-07	0.02224
4.051193e-07	0.01576
4.071193e-07	0.01468
4.091193e-07	0.01468
4.111193e-07	0.01684
4.131193e-07	0.01468
4.151193e-07	0.01036
4.171193e-07	0.00982
4.191193e-07	0.01576
4.211193e-07	0.0109
4.231193e-07	0.00874
4.251193e-07	0.0055
4.271193e-07	0.00874
4.291193e-07	0.00496
4.311193e-07	0.00388
4.331193e-07	0.00388
4.351193e-07	0.00496
4.371193e-07	0.00226
4.391193e-07	0.00388
4.411193e-07	-0.00206
4.431193e-07	0.00334
4.451193e-07	0.00172
4.471193e-07	0.00226
4.491193e-07	0.00064
4.511193e-07	-0.00152
4.531193e-07	-0.00044
4.551193e-07	-0.00152
4.571193e-07	-0.00584
4.591193e-07	-0.00368
4.611193e-07	-0.008
4.631193e-07	-0.00422
4.651193e-07	-0.00692
4.671193e-07	-0.01016
4.691193e-07	-0.01124
4.711193e-07	-0.0107
4.731193e-07	-0.01394
4.751193e-07	-0.0107
4.771193e-07	-0.0161
4.791193e-07	-0.01556
4.811193e-07	-0.01718
4.831193e-07	-0.01826
4.851193e-07	-0.02204
4.871193e-07	-0.01934
4.891193e-07	-0.01988
4.911193e-07	-0.02204
4.931193e-07	-0.02366
4.951193e-07	-0.02258
4.971193e-07	-0.02258
4.991193e-07	-0.02204
5.011193e-07	-0.0269
5.031193e-07	-0.02474
5.051193e-07	-0.02636
5.071193e-07	-0.0296
5.091193e-07	-0.0296
5.111193e-07	-0.03014
5.131193e-07	-0.03176
5.151193e-07	-0.03068
5.171193e-07	-0.03014
5.191193e-07	-0.03068
5.211193e-07	-0.03392
5.231193e-07	-0.03662
5.251193e-07	-0.03716
5.271193e-07	-0.03662
5.291193e-07	-0.03608
5.311193e-07	-0.03662
5.331193e-07	-0.03878
5.351193e-07	-0.03608
5.371193e-07	-0.03608
5.391193e-07	-0.03554
5.411193e-07	-0.03932
5.431193e-07	-0.03986
5.451193e-07	-0.0404
5.471193e-07	-0.04094
5.491193e-07	-0.04256
5.511193e-07	-0.04148
5.531193e-07	-0.04418
5.551193e-07	-0.04364
5.571193e-07	-0.04364
5.591193e-07	-0.04256
5.611193e-07	-0.04256
5.631193e-07	-0.0431
5.651193e-07	-0.04418
5.671193e-07	-0.04796
5.691193e-07	-0.04688
5.711193e-07	-0.04742
5.731193e-07	-0.04418
5.751193e-07	-0.04688
5.771193e-07	-0.04742
5.791193e-07	-0.04688
5.811193e-07	-0.05174
5.831193e-07	-0.04634
5.851193e-07	-0.0458
5.871193e-07	-0.04688
5.891193e-07	-0.04796
5.911193e-07	-0.04796
5.931193e-07	-0.04688
5.951193e-07	-0.04688
5.971193e-07	-0.04526
5.991193e-07	-0.04634
6.011193e-07	-0.04634
6.031193e-07	-0.04526
6.051193e-07	-0.04202
6.071193e-07	-0.04256
6.091193e-07	-0.0458
6.111193e-07	-0.04472
6.131193e-07	-0.04526
6.151193e-07	-0.04256
6.171193e-07	-0.04418
6.191193e-07	-0.04472
6.211193e-07	-0.0431
6.231193e-07	-0.03986
6.251193e-07	-0.04202
6.271193e-07	-0.04256
6.291193e-07	-0.04364
6.311193e-07	-0.04364
6.331193e-07	-0.03986
6.351193e-07	-0.04148
6.371193e-07	-0.04256
6.391193e-07	-0.04256
6.411193e-07	-0.03608
6.431193e-07	-0.03878
6.451193e-07	-0.03824
6.471193e-07	-0.03716
6.491193e-07	-0.03716
6.511193e-07	-0.03878
6.531193e-07	-0.03824
6.551193e-07	-0.03392
6.571193e-07	-0.03554
6.591193e-07	-0.03716
6.611193e-07	-0.03662
6.631193e-07	-0.03338
6.651193e-07	-0.0323
6.671193e-07	-0.0323
6.691193e-07	-0.03716
6.711193e-07	-0.03284
6.731193e-07	-0.02636
6.751193e-07	-0.0269
6.771193e-07	-0.0296
6.791193e-07	-0.03014
6.811193e-07	-0.02798
6.831193e-07	-0.02744
6.851193e-07	-0.02852
6.871193e-07	-0.02474
6.891193e-07	-0.02582
6.911193e-07	-0.02366
6.931193e-07	-0.0269
6.951193e-07	-0.02312
6.971193e-07	-0.02312
6.991193e-07	-0.01934
7.011193e-07	-0.02204
7.031193e-07	-0.0188
7.051193e-07	-0.02204
7.071193e-07	-0.01826
7.091193e-07	-0.01988
7.111193e-07	-0.01772
7.131193e-07	-0.01772
7.151193e-07	-0.01826
7.171193e-07	-0.01718
7.191193e-07	-0.01664
7.211193e-07	-0.01664
7.231193e-07	-0.01664
7.251193e-07	-0.01502
7.271193e-07	-0.01448
7.291193e-07	-0.01286
7.311193e-07	-0.01178
7.331193e-07	-0.01556
7.351193e-07	-0.0134
7.371193e-07	-0.01286
7.391193e-07	-0.00854
7.411193e-07	-0.01286
7.431193e-07	-0.01124
7.451193e-07	-0.01286
7.471193e-07	-0.00854
7.491193e-07	-0.00908
7.511193e-07	-0.008
7.531193e-07	-0.0107
7.551193e-07	-0.00908
7.571193e-07	-0.01124
7.591193e-07	-0.00908
7.611193e-07	-0.008
7.631193e-07	-0.01124
7.651193e-07	-0.01178
7.671193e-07	-0.00854
7.691193e-07	-0.00908
7.711193e-07	-0.0107
7.731193e-07	-0.01178
7.751193e-07	-0.01286
7.771193e-07	-0.01016
7.791193e-07	-0.01016
7.811193e-07	-0.00908
7.831193e-07	-0.00962
7.851193e-07	-0.01124
7.871193e-07	-0.00962
7.891193e-07	-0.01178
7.911193e-07	-0.0053
7.931193e-07	-0.01178
7.951193e-07	-0.00962
7.971193e-07	-0.01124
7.991193e-07	-0.0107
8.011193e-07	-0.01178
8.031193e-07	-0.01124
8.051193e-07	-0.01502
8.071193e-07	-0.00908
8.091193e-07	-0.01178
8.111193e-07	-0.0134
8.131193e-07	-0.00962
8.151193e-07	-0.00908
8.171193e-07	-0.0107
8.191193e-07	-0.0107
8.211193e-07	-0.01448
8.231193e-07	-0.01016
8.251193e-07	-0.01178
8.271193e-07	-0.01178
8.291193e-07	-0.01178
8.311193e-07	-0.0107
8.331193e-07	-0.01502
8.351193e-07	-0.01502
8.371193e-07	-0.01502
8.391193e-07	-0.01178
8.411193e-07	-0.01394
8.431193e-07	-0.01448
8.451193e-07	-0.0161
8.471193e-07	-0.01448
8.491193e-07	-0.01556
8.511193e-07	-0.01556
8.531193e-07	-0.01718
8.551193e-07	-0.01934
8.571193e-07	-0.01664
8.591193e-07	-0.01556
8.611193e-07	-0.01826
8.631193e-07	-0.01664
8.651193e-07	-0.01934
8.671193e-07	-0.01988
8.691193e-07	-0.01988
8.711193e-07	-0.01934
8.731193e-07	-0.02204
8.751193e-07	-0.02366
8.771193e-07	-0.0215
8.791193e-07	-0.02204
8.811193e-07	-0.02204
8.831193e-07	-0.02312
8.851193e-07	-0.02258
8.871193e-07	-0.02582
8.891193e-07	-0.0269
8.911193e-07	-0.0269
8.931193e-07	-0.02852
8.951193e-07	-0.02636
8.971193e-07	-0.02744
8.991193e-07	-0.02744
9.011193e-07	-0.02636
9.031193e-07	-0.02744
9.051193e-07	-0.02852
9.071193e-07	-0.02906
9.091193e-07	-0.03068
9.111193e-07	-0.03176
9.131193e-07	-0.0323
9.151193e-07	-0.03014
9.171193e-07	-0.03338
9.191193e-07	-0.0323
9.211193e-07	-0.03446
9.231193e-07	-0.03338
9.251193e-07	-0.03176
9.271193e-07	-0.03608
9.291193e-07	-0.03446
9.311193e-07	-0.0323
9.331193e-07	-0.03662
9.351193e-07	-0.03554
9.371193e-07	-0.0377
9.391193e-07	-0.03716
9.411193e-07	-0.03878
9.431193e-07	-0.03662
9.451193e-07	-0.03878
9.471193e-07	-0.03824
9.491193e-07	-0.04148
9.511193e-07	-0.03932
9.531193e-07	-0.0404
9.551193e-07	-0.03986
9.571193e-07	-0.03932
9.591193e-07	-0.03986
9.611193e-07	-0.03986
9.631193e-07	-0.0431
9.651193e-07	-0.04202
9.671193e-07	-0.04094
9.691193e-07	-0.04364
9.711193e-07	-0.04418
9.731193e-07	-0.04688
9.751193e-07	-0.04742
9.771193e-07	-0.04472
9.791193e-07	-0.04526
9.811193e-07	-0.0485
9.831193e-07	-0.04472
9.851193e-07	-0.04742
9.871193e-07	-0.04634
9.891193e-07	-0.04796
9.911193e-07	-0.0458
9.931193e-07	-0.0485
9.951193e-07	-0.04526
9.971193e-07	-0.04904
9.991193e-07	-0.04796
1.001119e-06	-0.04904
1.003119e-06	-0.04742
1.005119e-06	-0.04742
1.007119e-06	-0.04418
1.009119e-06	-0.0485
1.011119e-06	-0.0458
1.013119e-06	-0.04688
1.015119e-06	-0.04688
1.017119e-06	-0.04472
1.019119e-06	-0.04688
1.021119e-06	-0.0485
1.023119e-06	-0.04742
1.025119e-06	-0.0458
1.027119e-06	-0.04688
1.029119e-06	-0.04688
1.031119e-06	-0.04796
1.033119e-06	-0.04634
1.035119e-06	-0.04742
1.037119e-06	-0.04256
1.039119e-06	-0.04796
1.041119e-06	-0.04472
1.043119e-06	-0.04472
1.045119e-06	-0.0458
1.047119e-06	-0.04202
1.049119e-06	-0.04148
1.051119e-06	-0.04364
1.053119e-06	-0.04364
1.055119e-06	-0.04094
1.057119e-06	-0.04472
1.059119e-06	-0.04418
1.061119e-06	-0.04472
1.063119e-06	-0.03986
1.065119e-06	-0.04148
1.067119e-06	-0.04202
1.069119e-06	-0.04094
1.071119e-06	-0.03986
1.073119e-06	-0.03824
1.075119e-06	-0.03878
1.077119e-06	-0.03932
1.079119e-06	-0.03824
1.081119e-06	-0.03608
1.083119e-06	-0.0377
1.085119e-06	-0.03824
1.087119e-06	-0.03446
1.089119e-06	-0.03176
1.091119e-06	-0.03662
1.093119e-06	-0.03554
1.095119e-06	-0.03392
1.097119e-06	-0.03554
1.099119e-06	-0.03176
1.101119e-06	-0.03446
1.103119e-06	-0.03122
1.105119e-06	-0.02852
1.107119e-06	-0.03284
1.109119e-06	-0.03338
1.111119e-06	-0.02852
1.113119e-06	-0.03122
1.115119e-06	-0.03176
1.117119e-06	-0.0323
1.119119e-06	-0.0296
1.121119e-06	-0.0323
1.123119e-06	-0.02474
1.125119e-06	-0.0269
1.127119e-06	-0.02474
1.129119e-06	-0.02528
1.131119e-06	-0.02744
1.133119e-06	-0.02906
1.135119e-06	-0.02852
1.137119e-06	-0.02474
1.139119e-06	-0.0269
1.141119e-06	-0.02906
1.143119e-06	-0.02258
1.145119e-06	-0.0242
1.147119e-06	-0.02366
1.149119e-06	-0.02474
1.151119e-06	-0.02312
1.153119e-06	-0.02474
1.155119e-06	-0.0242
1.157119e-06	-0.02312
1.159119e-06	-0.02528
1.161119e-06	-0.02474
1.163119e-06	-0.0215
1.165119e-06	-0.02042
1.167119e-06	-0.02096
1.169119e-06	-0.02258
1.171119e-06	-0.0188
1.173119e-06	-0.02258
1.175119e-06	-0.0242
1.177119e-06	-0.02258
1.179119e-06	-0.0215
1.181119e-06	-0.02258
1.183119e-06	-0.01718
1.185119e-06	-0.02096
1.187119e-06	-0.02258
1.189119e-06	-0.0215
1.191119e-06	-0.01826
1.193119e-06	-0.02042
1.195119e-06	-0.0215
1.197119e-06	-0.0215
1.199119e-06	-0.01934
1.201119e-06	-0.01718
1.203119e-06	-0.01772
1.205119e-06	-0.02096
1.207119e-06	-0.02096
1.209119e-06	-0.0188
1.211119e-06	-0.01772
1.213119e-06	-0.01934
1.215119e-06	-0.0188
1.217119e-06	-0.0188
1.219119e-06	-0.01826
1.221119e-06	-0.01664
1.223119e-06	-0.02096
1.225119e-06	-0.0161
1.227119e-06	-0.02258
1.229119e-06	-0.0215
1.231119e-06	-0.01934
1.233119e-06	-0.02096
1.235119e-06	-0.02042
1.237119e-06	-0.01934
1.239119e-06	-0.01934
1.241119e-06	-0.0215
1.243119e-06	-0.02096
1.245119e-06	-0.02042
1.247119e-06	-0.0188
1.249119e-06	-0.02042
1.251119e-06	-0.01988
1.253119e-06	-0.01772
1.255119e-06	-0.0188
1.257119e-06	-0.01826
1.259119e-06	-0.01988
1.261119e-06	-0.01934
1.263119e-06	-0.0161
1.265119e-06	-0.01934
1.267119e-06	-0.01988
1.269119e-06	-0.01934
1.271119e-06	-0.02042
1.273119e-06	-0.02096
1.275119e-06	-0.02042
1.277119e-06	-0.02258
1.279119e-06	-0.01826
1.281119e-06	-0.01826
1.283119e-06	-0.02258
1.285119e-06	-0.0188
1.287119e-06	-0.01664
1.289119e-06	-0.02042
1.291119e-06	-0.01934
1.293119e-06	-0.01664
1.295119e-06	-0.01664
1.297119e-06	-0.01826
1.299119e-06	-0.02096
1.301119e-06	-0.01988
1.303119e-06	-0.0188
1.305119e-06	-0.01772
1.307119e-06	-0.02096
1.309119e-06	-0.0188
1.311119e-06	-0.01934
1.313119e-06	-0.0188
1.315119e-06	-0.0188
1.317119e-06	-0.02042
1.319119e-06	-0.01934
1.321119e-06	-0.01988
1.323119e-06	-0.01934
1.325119e-06	-0.02042
1.327119e-06	-0.0188
1.329119e-06	-0.0215
1.331119e-06	-0.02204
1.333119e-06	-0.0215
1.335119e-06	-0.0215
1.337119e-06	-0.02204
1.339119e-06	-0.02042
1.341119e-06	-0.0242
1.343119e-06	-0.0215
1.345119e-06	-0.02258
1.347119e-06	-0.02474
1.349119e-06	-0.0242
1.351119e-06	-0.02474
1.353119e-06	-0.02258
1.355119e-06	-0.02582
1.357119e-06	-0.02474
1.359119e-06	-0.02366
1.361119e-06	-0.02636
1.363119e-06	-0.02366
1.365119e-06	-0.02528
1.367119e-06	-0.02744
1.369119e-06	-0.02798
1.371119e-06	-0.03122
1.373119e-06	-0.02852
1.375119e-06	-0.02906
1.377119e-06	-0.02744
1.379119e-06	-0.0296
1.381119e-06	-0.02906
1.383119e-06	-0.02798
1.385119e-06	-0.02744
1.387119e-06	-0.0296
1.389119e-06	-0.0296
1.391119e-06	-0.03122
1.393119e-06	-0.0269
1.395119e-06	-0.0323
1.397119e-06	-0.03338
1.399119e-06	-0.0323
1.401119e-06	-0.03392
1.403119e-06	-0.03446
1.405119e-06	-0.03284
1.407119e-06	-0.0323
1.409119e-06	-0.0323
1.411119e-06	-0.03122
1.413119e-06	-0.03446
1.415119e-06	-0.03122
1.417119e-06	-0.03392
1.419119e-06	-0.03176
1.421119e-06	-0.03716
1.423119e-06	-0.03068
1.425119e-06	-0.03446
1.427119e-06	-0.035
1.429119e-06	-0.03446
1.431119e-06	-0.03338
1.433119e-06	-0.03392
1.435119e-06	-0.03608
1.437119e-06	-0.03446
1.439119e-06	-0.03716
1.441119e-06	-0.03662
1.443119e-06	-0.03392
1.445119e-06	-0.03446
1.447119e-06	-0.03284
1.449119e-06	-0.0323
1.451119e-06	-0.03608
1.453119e-06	-0.03392
1.455119e-06	-0.03014
1.457119e-06	-0.035
1.459119e-06	-0.03662
1.461119e-06	-0.03284
1.463119e-06	-0.035
1.465119e-06	-0.03662
1.467119e-06	-0.03554
1.469119e-06	-0.035
1.471119e-06	-0.03662
1.473119e-06	-0.035
1.475119e-06	-0.03338
1.477119e-06	-0.03554
1.479119e-06	-0.0323
1.481119e-06	-0.03284
1.483119e-06	-0.03338
1.485119e-06	-0.03554
1.487119e-06	-0.0323
1.489119e-06	-0.03338
1.491119e-06	-0.03338
1.493119e-06	-0.03338
1.495119e-06	-0.03176
1.497119e-06	-0.03392
1.499119e-06	-0.03338
1.501119e-06	-0.03554
1.503119e-06	-0.0296
1.505119e-06	-0.03338
1.507119e-06	-0.0323
1.509119e-06	-0.02852
1.511119e-06	-0.03014
1.513119e-06	-0.03068
1.515119e-06	-0.03176
1.517119e-06	-0.03284
1.519119e-06	-0.0296
1.521119e-06	-0.03068
1.523119e-06	-0.03392
1.525119e-06	-0.03176
1.527119e-06	-0.02906
1.529119e-06	-0.03014
1.531119e-06	-0.03122
1.533119e-06	-0.03284
1.535119e-06	-0.03176
1.537119e-06	-0.03284
1.539119e-06	-0.02906
1.541119e-06	-0.03014
1.543119e-06	-0.02852
1.545119e-06	-0.03176
1.547119e-06	-0.03014
1.549119e-06	-0.02798
1.551119e-06	-0.0269
1.553119e-06	-0.0296
1.555119e-06	-0.02744
1.557119e-06	-0.02906
1.559119e-06	-0.0296
1.561119e-06	-0.02852
1.563119e-06	-0.02852
1.565119e-06	-0.0269
1.567119e-06	-0.02528
1.569119e-06	-0.02798
1.571119e-06	-0.02798
1.573119e-06	-0.0269
1.575119e-06	-0.02636
1.577119e-06	-0.02798
1.579119e-06	-0.02582
1.581119e-06	-0.02474
1.583119e-06	-0.02258
1.585119e-06	-0.02528
1.587119e-06	-0.02636
1.589119e-06	-0.02474
1.591119e-06	-0.02258
1.593119e-06	-0.0242
1.595119e-06	-0.02312
1.597119e-06	-0.02204
1.599119e-06	-0.02474
1.601119e-06	-0.0242
1.603119e-06	-0.02042
1.605119e-06	-0.02366
1.607119e-06	-0.0215
1.609119e-06	-0.02204
1.611119e-06	-0.02204
1.613119e-06	-0.02042
1.615119e-06	-0.02204
1.617119e-06	-0.01934
1.619119e-06	-0.01772
1.621119e-06	-0.0215
1.623119e-06	-0.01934
1.625119e-06	-0.01988
1.627119e-06	-0.01934
1.629119e-06	-0.01772
1.631119e-06	-0.01826
1.633119e-06	-0.01988
1.635119e-06	-0.01988
1.637119e-06	-0.02258
1.639119e-06	-0.01988
1.641119e-06	-0.02096
1.643119e-06	-0.02042
1.645119e-06	-0.01934
1.647119e-06	-0.01826
1.649119e-06	-0.01718
1.651119e-06	-0.01934
1.653119e-06	-0.01988
1.655119e-06	-0.01934
1.657119e-06	-0.02096
1.659119e-06	-0.0215
1.661119e-06	-0.01826
1.663119e-06	-0.0188
1.665119e-06	-0.02096
1.667119e-06	-0.0215
1.669119e-06	-0.01826
1.671119e-06	-0.01988
1.673119e-06	-0.0188
1.675119e-06	-0.02096
1.677119e-06	-0.02042
1.679119e-06	-0.01718
1.681119e-06	-0.01988
1.683119e-06	-0.02204
1.685119e-06	-0.02204
1.687119e-06	-0.02042
1.689119e-06	-0.02258
1.691119e-06	-0.02366
1.693119e-06	-0.01934
1.695119e-06	-0.01826
1.697119e-06	-0.0188
1.699119e-06	-0.02096
1.701119e-06	-0.01988
1.703119e-06	-0.0215
1.705119e-06	-0.0215
1.707119e-06	-0.0242
1.709119e-06	-0.0242
1.711119e-06	-0.02258
1.713119e-06	-0.02312
1.715119e-06	-0.02312
1.717119e-06	-0.0242
1.719119e-06	-0.0242
1.721119e-06	-0.02474
1.723119e-06	-0.02312
1.725119e-06	-0.02312
1.727119e-06	-0.02582
1.729119e-06	-0.02258
1.731119e-06	-0.02744
1.733119e-06	-0.02744
1.735119e-06	-0.02582
1.737119e-06	-0.02312
1.739119e-06	-0.02474
1.741119e-06	-0.02474
1.743119e-06	-0.02528
1.745119e-06	-0.02312
1.747119e-06	-0.02312
1.749119e-06	-0.0269
1.751119e-06	-0.02312
1.753119e-06	-0.02582
1.755119e-06	-0.0242
1.757119e-06	-0.02636
1.759119e-06	-0.0242
1.761119e-06	-0.02582
1.763119e-06	-0.02528
1.765119e-06	-0.02528
1.767119e-06	-0.02474
1.769119e-06	-0.02636
1.771119e-06	-0.03122
1.773119e-06	-0.02798
1.775119e-06	-0.0269
1.777119e-06	-0.02744
1.779119e-06	-0.02906
1.781119e-06	-0.0296
1.783119e-06	-0.02906
1.785119e-06	-0.02906
1.787119e-06	-0.03122
1.789119e-06	-0.02906
1.791119e-06	-0.03068
1.793119e-06	-0.02852
1.795119e-06	-0.03176
1.797119e-06	-0.03176
1.799119e-06	-0.0323
1.801119e-06	-0.03014
1.803119e-06	-0.03284
1.805119e-06	-0.03068
1.807119e-06	-0.03014
1.809119e-06	-0.03068
1.811119e-06	-0.02852
1.813119e-06	-0.03014
1.815119e-06	-0.0296
1.817119e-06	-0.03176
1.819119e-06	-0.03068
1.821119e-06	-0.03176
1.823119e-06	-0.02852
1.825119e-06	-0.03068
1.827119e-06	-0.03122
1.829119e-06	-0.02798
1.831119e-06	-0.0296
1.833119e-06	-0.03068
1.835119e-06	-0.02852
1.837119e-06	-0.02852
1.839119e-06	-0.02744
1.841119e-06	-0.03014
1.843119e-06	-0.0296
1.845119e-06	-0.02744
1.847119e-06	-0.02474
1.849119e-06	-0.02906
1.851119e-06	-0.02906
1.853119e-06	-0.02798
1.855119e-06	-0.02798
1.857119e-06	-0.0269
1.859119e-06	-0.0296
1.861119e-06	-0.03014
1.863119e-06	-0.02744
1.865119e-06	-0.0323
1.867119e-06	-0.03446
1.869119e-06	-0.03068
1.871119e-06	-0.03014
1.873119e-06	-0.0296
1.875119e-06	-0.035
1.877119e-06	-0.03176
1.879119e-06	-0.03068
1.881119e-06	-0.02906
1.883119e-06	-0.03068
1.885119e-06	-0.03068
1.887119e-06	-0.03068
1.889119e-06	-0.02906
1.891119e-06	-0.02852
1.893119e-06	-0.03014
1.895119e-06	-0.03122
1.897119e-06	-0.0296
1.899119e-06	-0.03176
1.901119e-06	-0.0296
1.903119e-06	-0.02906
1.905119e-06	-0.02744
1.907119e-06	-0.03176
1.909119e-06	-0.02906
1.911119e-06	-0.02906
1.913119e-06	-0.0323
1.915119e-06	-0.03176
1.917119e-06	-0.03176
1.919119e-06	-0.02852
1.921119e-06	-0.03176
1.923119e-06	-0.02906
1.925119e-06	-0.03068
1.927119e-06	-0.03068
1.929119e-06	-0.03176
1.931119e-06	-0.03014
1.933119e-06	-0.03068
1.935119e-06	-0.0296
1.937119e-06	-0.03014
1.939119e-06	-0.03068
1.941119e-06	-0.0323
1.943119e-06	-0.0323
1.945119e-06	-0.0296
1.947119e-06	-0.02744
1.949119e-06	-0.02744
1.951119e-06	-0.02366
1.953119e-06	-0.02852
1.955119e-06	-0.02798
1.957119e-06	-0.02744
1.959119e-06	-0.03014
1.961119e-06	-0.02744
1.963119e-06	-0.02474
1.965119e-06	-0.02582
1.967119e-06	-0.02636
1.969119e-06	-0.0269
1.971119e-06	-0.02744
1.973119e-06	-0.02474
1.975119e-06	-0.02528
1.977119e-06	-0.02906
1.979119e-06	-0.02744
1.981119e-06	-0.02744
1.983119e-06	-0.0296
1.985119e-06	-0.02744
1.987119e-06	-0.02744
1.989119e-06	-0.02906
1.991119e-06	-0.02636
1.993119e-06	-0.02636
1.995119e-06	-0.02906
1.997119e-06	-0.02798
1.999119e-06	-0.02474
2.001119e-06	-0.02582
2.003119e-06	-0.0269
2.005119e-06	-0.02582
2.007119e-06	-0.02474
2.009119e-06	-0.02474
2.011119e-06	-0.02744
2.013119e-06	-0.0242
2.015119e-06	-0.02636
2.017119e-06	-0.02744
2.019119e-06	-0.02636
2.021119e-06	-0.02744
2.023119e-06	-0.0242
2.025119e-06	-0.02582
2.027119e-06	-0.02636
2.029119e-06	-0.0269
2.031119e-06	-0.02582
2.033119e-06	-0.03014
2.035119e-06	-0.02852
2.037119e-06	-0.02528
2.039119e-06	-0.0269
2.041119e-06	-0.02636
2.043119e-06	-0.0242
2.045119e-06	-0.0269
2.047119e-06	-0.02582
2.049119e-06	-0.02744
2.051119e-06	-0.03014
2.053119e-06	-0.02798
2.055119e-06	-0.02798
2.057119e-06	-0.02798
2.059119e-06	-0.02744
2.061119e-06	-0.02636
2.063119e-06	-0.0296
2.065119e-06	-0.02474
2.067119e-06	-0.0242
2.069119e-06	-0.02906
2.071119e-06	-0.0269
2.073119e-06	-0.02636
2.075119e-06	-0.03014
2.077119e-06	-0.02906
2.079119e-06	-0.02744
2.081119e-06	-0.02852
2.083119e-06	-0.02366
2.085119e-06	-0.02636
2.087119e-06	-0.02798
2.089119e-06	-0.02528
2.091119e-06	-0.03176
2.093119e-06	-0.02744
2.095119e-06	-0.02744
2.097119e-06	-0.0296
2.099119e-06	-0.02744
2.101119e-06	-0.02528
2.103119e-06	-0.03014
2.105119e-06	-0.02744
2.107119e-06	-0.02474
2.109119e-06	-0.02798
2.111119e-06	-0.0242
2.113119e-06	-0.0269
2.115119e-06	-0.0269
2.117119e-06	-0.02582
2.119119e-06	-0.0269
2.121119e-06	-0.02582
2.123119e-06	-0.02312
2.125119e-06	-0.02528
2.127119e-06	-0.02258
2.129119e-06	-0.02852
2.131119e-06	-0.02528
2.133119e-06	-0.0269
2.135119e-06	-0.02636
2.137119e-06	-0.02636
2.139119e-06	-0.02636
2.141119e-06	-0.02798
2.143119e-06	-0.02852
2.145119e-06	-0.02744
2.147119e-06	-0.0269
2.149119e-06	-0.02582
2.151119e-06	-0.02582
2.153119e-06	-0.0296
2.155119e-06	-0.0242
2.157119e-06	-0.02528
2.159119e-06	-0.02528
2.161119e-06	-0.02852
2.163119e-06	-0.02582
2.165119e-06	-0.02744
2.167119e-06	-0.02474
2.169119e-06	-0.02636
2.171119e-06	-0.03014
2.173119e-06	-0.03014
2.175119e-06	-0.02636
2.177119e-06	-0.02636
2.179119e-06	-0.03122
2.181119e-06	-0.02744
2.183119e-06	-0.02852
2.185119e-06	-0.0269
2.187119e-06	-0.02798
2.189119e-06	-0.02798
2.191119e-06	-0.03122
2.193119e-06	-0.03176
2.195119e-06	-0.02798
2.197119e-06	-0.0296
2.199119e-06	-0.02798
2.201119e-06	-0.02744
2.203119e-06	-0.02852
2.205119e-06	-0.02798
2.207119e-06	-0.03284
2.209119e-06	-0.03068
2.211119e-06	-0.02852
2.213119e-06	-0.02906
2.215119e-06	-0.02744
2.217119e-06	-0.03284
2.219119e-06	-0.0323
2.221119e-06	-0.03284
2.223119e-06	-0.03068
2.225119e-06	-0.03284
2.227119e-06	-0.03554
2.229119e-06	-0.035
2.231119e-06	-0.02906
2.233119e-06	-0.03122
2.235119e-06	-0.03608
2.237119e-06	-0.03392
2.239119e-06	-0.03176
2.241119e-06	-0.03284
2.243119e-06	-0.03176
2.245119e-06	-0.03068
2.247119e-06	-0.03122
2.249119e-06	-0.0323
2.251119e-06	-0.03068
2.253119e-06	-0.03284
2.255119e-06	-0.0296
2.257119e-06	-0.03284
2.259119e-06	-0.03122
2.261119e-06	-0.03338
2.263119e-06	-0.03068
2.265119e-06	-0.03392
2.267119e-06	-0.03122
2.269119e-06	-0.03014
2.271119e-06	-0.03068
2.273119e-06	-0.03338
2.275119e-06	-0.03176
2.277119e-06	-0.0323
2.279119e-06	-0.03176
2.281119e-06	-0.0323
2.283119e-06	-0.03176
2.285119e-06	-0.03068
2.287119e-06	-0.03014
2.289119e-06	-0.03176
2.291119e-06	-0.02852
2.293119e-06	-0.0296
2.295119e-06	-0.02906
2.297119e-06	-0.03284
2.299119e-06	-0.02744
2.301119e-06	-0.02798
2.303119e-06	-0.02906
2.305119e-06	-0.0323
2.307119e-06	-0.03176
2.309119e-06	-0.02744
2.311119e-06	-0.0323
2.313119e-06	-0.02906
2.315119e-06	-0.03122
2.317119e-06	-0.0296
2.319119e-06	-0.02906
2.321119e-06	-0.03014
2.323119e-06	-0.03068
2.325119e-06	-0.0269
2.327119e-06	-0.02798
2.329119e-06	-0.03176
2.331119e-06	-0.02582
2.333119e-06	-0.02798
2.335119e-06	-0.02636
2.337119e-06	-0.03014
2.339119e-06	-0.02798
2.341119e-06	-0.03014
2.343119e-06	-0.0269
2.345119e-06	-0.02744
2.347119e-06	-0.02636
2.349119e-06	-0.02636
2.351119e-06	-0.03068
2.353119e-06	-0.03014
2.355119e-06	-0.0269
2.357119e-06	-0.03014
2.359119e-06	-0.02906
2.361119e-06	-0.03122
2.363119e-06	-0.02744
2.365119e-06	-0.02744
2.367119e-06	-0.02636
2.369119e-06	-0.0296
2.371119e-06	-0.0269
2.373119e-06	-0.02798
2.375119e-06	-0.02582
2.377119e-06	-0.02798
2.379119e-06	-0.02474
2.381119e-06	-0.02474
2.383119e-06	-0.02474
2.385119e-06	-0.02582
2.387119e-06	-0.02528
2.389119e-06	-0.02852
2.391119e-06	-0.0242
2.393119e-06	-0.02582
2.395119e-06	-0.02528
2.397119e-06	-0.02528
2.399119e-06	-0.02852
2.401119e-06	-0.0269
2.403119e-06	-0.02636
2.405119e-06	-0.0269
2.407119e-06	-0.02474
2.409119e-06	-0.0242
2.411119e-06	-0.02798
2.413119e-06	-0.02582
2.415119e-06	-0.02312
2.417119e-06	-0.02312
2.419119e-06	-0.0242
2.421119e-06	-0.0242
2.423119e-06	-0.02312
2.425119e-06	-0.02366
2.427119e-06	-0.02798
2.429119e-06	-0.02474
2.431119e-06	-0.02312
2.433119e-06	-0.02582
2.435119e-06	-0.02258
2.437119e-06	-0.02474
2.439119e-06	-0.0242
2.441119e-06	-0.02474
2.443119e-06	-0.02528
2.445119e-06	-0.0242
2.447119e-06	-0.02312
2.449119e-06	-0.02258
2.451119e-06	-0.02258
2.453119e-06	-0.02204
2.455119e-06	-0.02474
2.457119e-06	-0.0242
2.459119e-06	-0.02366
2.461119e-06	-0.0215
2.463119e-06	-0.02096
2.465119e-06	-0.02204
2.467119e-06	-0.02258
2.469119e-06	-0.02096
2.471119e-06	-0.02204
2.473119e-06	-0.02258
2.475119e-06	-0.0242
2.477119e-06	-0.02474
2.479119e-06	-0.0215
2.481119e-06	-0.02636
2.483119e-06	-0.02366
2.485119e-06	-0.02528
2.487119e-06	-0.0242
2.489119e-06	-0.0242
2.491119e-06	-0.02366
2.493119e-06	-0.02096
2.495119e-06	-0.02096
2.497119e-06	-0.02636
2.499119e-06	-0.02366
2.501119e-06	-0.02258
