LECROYHDO6104A	50809	Waveform
Segments	1	SegmentSize	2502
Segment	TrigTime	TimeSinceSegment1
#1	19-Dec-2022 19:50:09	0                 
Time	Ampl
-2.501612e-06	-0.023798
-2.499612e-06	-0.023442
-2.497612e-06	-0.024332
-2.495612e-06	-0.023442
-2.493612e-06	-0.023086
-2.491612e-06	-0.022908
-2.489612e-06	-0.023442
-2.487612e-06	-0.023086
-2.485612e-06	-0.022908
-2.483612e-06	-0.022374
-2.481612e-06	-0.022552
-2.479612e-06	-0.022552
-2.477612e-06	-0.023264
-2.475612e-06	-0.02273
-2.473612e-06	-0.02273
-2.471612e-06	-0.023086
-2.469612e-06	-0.022374
-2.467612e-06	-0.022552
-2.465612e-06	-0.023264
-2.463612e-06	-0.022018
-2.461612e-06	-0.022552
-2.459612e-06	-0.022374
-2.457612e-06	-0.022908
-2.455612e-06	-0.021306
-2.453612e-06	-0.022018
-2.451612e-06	-0.022018
-2.449612e-06	-0.022552
-2.447612e-06	-0.022018
-2.445612e-06	-0.022196
-2.443612e-06	-0.022374
-2.441612e-06	-0.022908
-2.439612e-06	-0.022552
-2.437612e-06	-0.022196
-2.435612e-06	-0.02184
-2.433612e-06	-0.021484
-2.431612e-06	-0.021484
-2.429612e-06	-0.022018
-2.427612e-06	-0.02184
-2.425612e-06	-0.022374
-2.423612e-06	-0.022374
-2.421612e-06	-0.021306
-2.419612e-06	-0.021128
-2.417612e-06	-0.022196
-2.415612e-06	-0.022018
-2.413612e-06	-0.021662
-2.411612e-06	-0.022018
-2.409612e-06	-0.02184
-2.407612e-06	-0.022018
-2.405612e-06	-0.021484
-2.403612e-06	-0.02184
-2.401612e-06	-0.022018
-2.399612e-06	-0.021662
-2.397612e-06	-0.022552
-2.395612e-06	-0.022552
-2.393612e-06	-0.02273
-2.391612e-06	-0.022908
-2.389612e-06	-0.022018
-2.387612e-06	-0.022374
-2.385612e-06	-0.02273
-2.383612e-06	-0.022908
-2.381612e-06	-0.022196
-2.379612e-06	-0.022374
-2.377612e-06	-0.023442
-2.375612e-06	-0.023264
-2.373612e-06	-0.022552
-2.371612e-06	-0.022908
-2.369612e-06	-0.023442
-2.367612e-06	-0.023976
-2.365612e-06	-0.02362
-2.363612e-06	-0.023976
-2.361612e-06	-0.024332
-2.359612e-06	-0.023442
-2.357612e-06	-0.025044
-2.355612e-06	-0.02362
-2.353612e-06	-0.02362
-2.351612e-06	-0.023086
-2.349612e-06	-0.02362
-2.347612e-06	-0.023442
-2.345612e-06	-0.024154
-2.343612e-06	-0.023442
-2.341612e-06	-0.022908
-2.339612e-06	-0.023264
-2.337612e-06	-0.02362
-2.335612e-06	-0.02362
-2.333612e-06	-0.02362
-2.331612e-06	-0.023442
-2.329612e-06	-0.02362
-2.327612e-06	-0.022908
-2.325612e-06	-0.022908
-2.323612e-06	-0.022908
-2.321612e-06	-0.02362
-2.319612e-06	-0.022552
-2.317612e-06	-0.02273
-2.315612e-06	-0.02273
-2.313612e-06	-0.023264
-2.311612e-06	-0.022552
-2.309612e-06	-0.022908
-2.307612e-06	-0.023442
-2.305612e-06	-0.023976
-2.303612e-06	-0.02362
-2.301612e-06	-0.023976
-2.299612e-06	-0.02451
-2.297612e-06	-0.024866
-2.295612e-06	-0.024154
-2.293612e-06	-0.02451
-2.291612e-06	-0.025222
-2.289612e-06	-0.02451
-2.287612e-06	-0.024866
-2.285612e-06	-0.024688
-2.283612e-06	-0.0254
-2.281612e-06	-0.024866
-2.279612e-06	-0.0254
-2.277612e-06	-0.024688
-2.275612e-06	-0.025044
-2.273612e-06	-0.023976
-2.271612e-06	-0.023442
-2.269612e-06	-0.023086
-2.267612e-06	-0.023976
-2.265612e-06	-0.024332
-2.263612e-06	-0.024332
-2.261612e-06	-0.024332
-2.259612e-06	-0.023264
-2.257612e-06	-0.023086
-2.255612e-06	-0.022908
-2.253612e-06	-0.022196
-2.251612e-06	-0.022552
-2.249612e-06	-0.022908
-2.247612e-06	-0.022374
-2.245612e-06	-0.022018
-2.243612e-06	-0.02184
-2.241612e-06	-0.022196
-2.239612e-06	-0.021662
-2.237612e-06	-0.022018
-2.235612e-06	-0.021484
-2.233612e-06	-0.021484
-2.231612e-06	-0.021128
-2.229612e-06	-0.02095
-2.227612e-06	-0.021128
-2.225612e-06	-0.021306
-2.223612e-06	-0.02095
-2.221612e-06	-0.022018
-2.219612e-06	-0.021306
-2.217612e-06	-0.022018
-2.215612e-06	-0.021484
-2.213612e-06	-0.021484
-2.211612e-06	-0.022018
-2.209612e-06	-0.022374
-2.207612e-06	-0.021306
-2.205612e-06	-0.022196
-2.203612e-06	-0.022018
-2.201612e-06	-0.02273
-2.199612e-06	-0.02184
-2.197612e-06	-0.022196
-2.195612e-06	-0.022374
-2.193612e-06	-0.023086
-2.191612e-06	-0.022374
-2.189612e-06	-0.021484
-2.187612e-06	-0.022018
-2.185612e-06	-0.021484
-2.183612e-06	-0.021128
-2.181612e-06	-0.020772
-2.179612e-06	-0.021128
-2.177612e-06	-0.02095
-2.175612e-06	-0.020594
-2.173612e-06	-0.020238
-2.171612e-06	-0.019704
-2.169612e-06	-0.019704
-2.167612e-06	-0.02006
-2.165612e-06	-0.020416
-2.163612e-06	-0.019526
-2.161612e-06	-0.01917
-2.159612e-06	-0.019348
-2.157612e-06	-0.019704
-2.155612e-06	-0.019348
-2.153612e-06	-0.019348
-2.151612e-06	-0.019348
-2.149612e-06	-0.01917
-2.147612e-06	-0.019882
-2.145612e-06	-0.019704
-2.143612e-06	-0.02006
-2.141612e-06	-0.02006
-2.139612e-06	-0.019704
-2.137612e-06	-0.02006
-2.135612e-06	-0.019526
-2.133612e-06	-0.01917
-2.131612e-06	-0.018814
-2.129612e-06	-0.019348
-2.127612e-06	-0.01917
-2.125612e-06	-0.018992
-2.123612e-06	-0.018992
-2.121612e-06	-0.018102
-2.119612e-06	-0.018458
-2.117612e-06	-0.01917
-2.115612e-06	-0.018458
-2.113612e-06	-0.018992
-2.111612e-06	-0.01828
-2.109612e-06	-0.018992
-2.107612e-06	-0.018102
-2.105612e-06	-0.01828
-2.103612e-06	-0.018102
-2.101612e-06	-0.01828
-2.099612e-06	-0.018102
-2.097612e-06	-0.017746
-2.095612e-06	-0.01739
-2.093612e-06	-0.017034
-2.091612e-06	-0.01739
-2.089612e-06	-0.017568
-2.087612e-06	-0.017212
-2.085612e-06	-0.016856
-2.083612e-06	-0.016678
-2.081612e-06	-0.016856
-2.079612e-06	-0.0165
-2.077612e-06	-0.0165
-2.075612e-06	-0.016322
-2.073612e-06	-0.015788
-2.071612e-06	-0.015966
-2.069612e-06	-0.016144
-2.067612e-06	-0.016322
-2.065612e-06	-0.016678
-2.063612e-06	-0.016678
-2.061612e-06	-0.016856
-2.059612e-06	-0.016678
-2.057612e-06	-0.016678
-2.055612e-06	-0.016856
-2.053612e-06	-0.01739
-2.051612e-06	-0.016678
-2.049612e-06	-0.017212
-2.047612e-06	-0.015966
-2.045612e-06	-0.016678
-2.043612e-06	-0.016856
-2.041612e-06	-0.017034
-2.039612e-06	-0.017034
-2.037612e-06	-0.017568
-2.035612e-06	-0.01828
-2.033612e-06	-0.01739
-2.031612e-06	-0.016678
-2.029612e-06	-0.017568
-2.027612e-06	-0.01739
-2.025612e-06	-0.017746
-2.023612e-06	-0.017924
-2.021612e-06	-0.017746
-2.019612e-06	-0.017924
-2.017612e-06	-0.017924
-2.015612e-06	-0.01828
-2.013612e-06	-0.01828
-2.011612e-06	-0.017746
-2.009612e-06	-0.01828
-2.007612e-06	-0.017746
-2.005612e-06	-0.01828
-2.003612e-06	-0.018458
-2.001612e-06	-0.017924
-1.999612e-06	-0.018102
-1.997612e-06	-0.018992
-1.995612e-06	-0.018458
-1.993612e-06	-0.01917
-1.991612e-06	-0.018814
-1.989612e-06	-0.019526
-1.987612e-06	-0.019348
-1.985612e-06	-0.019704
-1.983612e-06	-0.019882
-1.981612e-06	-0.01917
-1.979612e-06	-0.019882
-1.977612e-06	-0.019704
-1.975612e-06	-0.018992
-1.973612e-06	-0.01917
-1.971612e-06	-0.01917
-1.969612e-06	-0.019882
-1.967612e-06	-0.019704
-1.965612e-06	-0.019704
-1.963612e-06	-0.019526
-1.961612e-06	-0.02006
-1.959612e-06	-0.019704
-1.957612e-06	-0.019704
-1.955612e-06	-0.018992
-1.953612e-06	-0.020416
-1.951612e-06	-0.01917
-1.949612e-06	-0.019526
-1.947612e-06	-0.019348
-1.945612e-06	-0.019704
-1.943612e-06	-0.018992
-1.941612e-06	-0.018814
-1.939612e-06	-0.018992
-1.937612e-06	-0.018636
-1.935612e-06	-0.018102
-1.933612e-06	-0.018992
-1.931612e-06	-0.017746
-1.929612e-06	-0.01828
-1.927612e-06	-0.018636
-1.925612e-06	-0.01828
-1.923612e-06	-0.017924
-1.921612e-06	-0.017924
-1.919612e-06	-0.018102
-1.917612e-06	-0.018814
-1.915612e-06	-0.017924
-1.913612e-06	-0.018636
-1.911612e-06	-0.018102
-1.909612e-06	-0.018636
-1.907612e-06	-0.01828
-1.905612e-06	-0.01828
-1.903612e-06	-0.01828
-1.901612e-06	-0.01917
-1.899612e-06	-0.018458
-1.897612e-06	-0.018636
-1.895612e-06	-0.018814
-1.893612e-06	-0.01917
-1.891612e-06	-0.01917
-1.889612e-06	-0.01917
-1.887612e-06	-0.01917
-1.885612e-06	-0.019348
-1.883612e-06	-0.018636
-1.881612e-06	-0.01917
-1.879612e-06	-0.018814
-1.877612e-06	-0.018102
-1.875612e-06	-0.018458
-1.873612e-06	-0.017924
-1.871612e-06	-0.017212
-1.869612e-06	-0.017212
-1.867612e-06	-0.017212
-1.865612e-06	-0.017212
-1.863612e-06	-0.01739
-1.861612e-06	-0.01739
-1.859612e-06	-0.017568
-1.857612e-06	-0.01739
-1.855612e-06	-0.017568
-1.853612e-06	-0.017746
-1.851612e-06	-0.017568
-1.849612e-06	-0.01739
-1.847612e-06	-0.01739
-1.845612e-06	-0.01739
-1.843612e-06	-0.01739
-1.841612e-06	-0.016856
-1.839612e-06	-0.017034
-1.837612e-06	-0.017924
-1.835612e-06	-0.017034
-1.833612e-06	-0.017034
-1.831612e-06	-0.016678
-1.829612e-06	-0.01828
-1.827612e-06	-0.017746
-1.825612e-06	-0.018102
-1.823612e-06	-0.017924
-1.821612e-06	-0.018458
-1.819612e-06	-0.017924
-1.817612e-06	-0.017924
-1.815612e-06	-0.018102
-1.813612e-06	-0.018636
-1.811612e-06	-0.018458
-1.809612e-06	-0.018458
-1.807612e-06	-0.018636
-1.805612e-06	-0.018636
-1.803612e-06	-0.01828
-1.801612e-06	-0.017924
-1.799612e-06	-0.01828
-1.797612e-06	-0.018814
-1.795612e-06	-0.018102
-1.793612e-06	-0.01917
-1.791612e-06	-0.018992
-1.789612e-06	-0.019348
-1.787612e-06	-0.018992
-1.785612e-06	-0.018458
-1.783612e-06	-0.018636
-1.781612e-06	-0.01917
-1.779612e-06	-0.018814
-1.777612e-06	-0.019348
-1.775612e-06	-0.018814
-1.773612e-06	-0.019882
-1.771612e-06	-0.018814
-1.769612e-06	-0.019526
-1.767612e-06	-0.01917
-1.765612e-06	-0.019704
-1.763612e-06	-0.019348
-1.761612e-06	-0.019882
-1.759612e-06	-0.019526
-1.757612e-06	-0.02006
-1.755612e-06	-0.020416
-1.753612e-06	-0.019882
-1.751612e-06	-0.019348
-1.749612e-06	-0.019704
-1.747612e-06	-0.019704
-1.745612e-06	-0.019704
-1.743612e-06	-0.01917
-1.741612e-06	-0.019526
-1.739612e-06	-0.018636
-1.737612e-06	-0.01917
-1.735612e-06	-0.018992
-1.733612e-06	-0.020238
-1.731612e-06	-0.018992
-1.729612e-06	-0.019704
-1.727612e-06	-0.019882
-1.725612e-06	-0.01917
-1.723612e-06	-0.01917
-1.721612e-06	-0.018814
-1.719612e-06	-0.01917
-1.717612e-06	-0.019348
-1.715612e-06	-0.018636
-1.713612e-06	-0.018992
-1.711612e-06	-0.018992
-1.709612e-06	-0.019704
-1.707612e-06	-0.018814
-1.705612e-06	-0.02006
-1.703612e-06	-0.01828
-1.701612e-06	-0.018992
-1.699612e-06	-0.018636
-1.697612e-06	-0.018102
-1.695612e-06	-0.018636
-1.693612e-06	-0.018458
-1.691612e-06	-0.018636
-1.689612e-06	-0.019348
-1.687612e-06	-0.018992
-1.685612e-06	-0.018458
-1.683612e-06	-0.018458
-1.681612e-06	-0.018636
-1.679612e-06	-0.018636
-1.677612e-06	-0.018992
-1.675612e-06	-0.018814
-1.673612e-06	-0.018814
-1.671612e-06	-0.018636
-1.669612e-06	-0.019526
-1.667612e-06	-0.018992
-1.665612e-06	-0.018992
-1.663612e-06	-0.018814
-1.661612e-06	-0.018814
-1.659612e-06	-0.018814
-1.657612e-06	-0.018992
-1.655612e-06	-0.018814
-1.653612e-06	-0.01917
-1.651612e-06	-0.01917
-1.649612e-06	-0.018814
-1.647612e-06	-0.018992
-1.645612e-06	-0.019526
-1.643612e-06	-0.019348
-1.641612e-06	-0.019526
-1.639612e-06	-0.019348
-1.637612e-06	-0.018992
-1.635612e-06	-0.01917
-1.633612e-06	-0.019882
-1.631612e-06	-0.02006
-1.629612e-06	-0.020594
-1.627612e-06	-0.020238
-1.625612e-06	-0.020416
-1.623612e-06	-0.020594
-1.621612e-06	-0.020772
-1.619612e-06	-0.020416
-1.617612e-06	-0.020416
-1.615612e-06	-0.02095
-1.613612e-06	-0.020594
-1.611612e-06	-0.020416
-1.609612e-06	-0.021306
-1.607612e-06	-0.021662
-1.605612e-06	-0.021306
-1.603612e-06	-0.021306
-1.601612e-06	-0.021662
-1.599612e-06	-0.022374
-1.597612e-06	-0.021662
-1.595612e-06	-0.02184
-1.593612e-06	-0.022196
-1.591612e-06	-0.02095
-1.589612e-06	-0.021306
-1.587612e-06	-0.021306
-1.585612e-06	-0.021306
-1.583612e-06	-0.02095
-1.581612e-06	-0.021306
-1.579612e-06	-0.021484
-1.577612e-06	-0.022552
-1.575612e-06	-0.021484
-1.573612e-06	-0.022196
-1.571612e-06	-0.022018
-1.569612e-06	-0.022018
-1.567612e-06	-0.022018
-1.565612e-06	-0.02273
-1.563612e-06	-0.02184
-1.561612e-06	-0.02273
-1.559612e-06	-0.022552
-1.557612e-06	-0.022374
-1.555612e-06	-0.02273
-1.553612e-06	-0.022908
-1.551612e-06	-0.022196
-1.549612e-06	-0.022018
-1.547612e-06	-0.023264
-1.545612e-06	-0.023264
-1.543612e-06	-0.02184
-1.541612e-06	-0.02273
-1.539612e-06	-0.022374
-1.537612e-06	-0.023086
-1.535612e-06	-0.022374
-1.533612e-06	-0.022018
-1.531612e-06	-0.022552
-1.529612e-06	-0.02273
-1.527612e-06	-0.022374
-1.525612e-06	-0.022552
-1.523612e-06	-0.02184
-1.521612e-06	-0.02273
-1.519612e-06	-0.022374
-1.517612e-06	-0.022908
-1.515612e-06	-0.022552
-1.513612e-06	-0.023798
-1.511612e-06	-0.022374
-1.509612e-06	-0.021306
-1.507612e-06	-0.022196
-1.505612e-06	-0.02095
-1.503612e-06	-0.021484
-1.501612e-06	-0.021128
-1.499612e-06	-0.021128
-1.497612e-06	-0.021128
-1.495612e-06	-0.020238
-1.493612e-06	-0.02095
-1.491612e-06	-0.02006
-1.489612e-06	-0.020594
-1.487612e-06	-0.020594
-1.485612e-06	-0.020772
-1.483612e-06	-0.02006
-1.481612e-06	-0.021662
-1.479612e-06	-0.020772
-1.477612e-06	-0.02095
-1.475612e-06	-0.021662
-1.473612e-06	-0.021662
-1.471612e-06	-0.022018
-1.469612e-06	-0.022018
-1.467612e-06	-0.022374
-1.465612e-06	-0.022552
-1.463612e-06	-0.02184
-1.461612e-06	-0.022196
-1.459612e-06	-0.02184
-1.457612e-06	-0.023264
-1.455612e-06	-0.02184
-1.453612e-06	-0.022374
-1.451612e-06	-0.02184
-1.449612e-06	-0.022018
-1.447612e-06	-0.02184
-1.445612e-06	-0.022196
-1.443612e-06	-0.021662
-1.441612e-06	-0.022374
-1.439612e-06	-0.021484
-1.437612e-06	-0.022374
-1.435612e-06	-0.021662
-1.433612e-06	-0.022374
-1.431612e-06	-0.022018
-1.429612e-06	-0.02184
-1.427612e-06	-0.021662
-1.425612e-06	-0.022552
-1.423612e-06	-0.02184
-1.421612e-06	-0.022374
-1.419612e-06	-0.02184
-1.417612e-06	-0.022552
-1.415612e-06	-0.02184
-1.413612e-06	-0.022196
-1.411612e-06	-0.021306
-1.409612e-06	-0.021128
-1.407612e-06	-0.02095
-1.405612e-06	-0.021306
-1.403612e-06	-0.02095
-1.401612e-06	-0.022196
-1.399612e-06	-0.021128
-1.397612e-06	-0.021306
-1.395612e-06	-0.021306
-1.393612e-06	-0.021128
-1.391612e-06	-0.020594
-1.389612e-06	-0.02095
-1.387612e-06	-0.019882
-1.385612e-06	-0.020238
-1.383612e-06	-0.020416
-1.381612e-06	-0.021128
-1.379612e-06	-0.019526
-1.377612e-06	-0.020238
-1.375612e-06	-0.019526
-1.373612e-06	-0.019348
-1.371612e-06	-0.01828
-1.369612e-06	-0.018814
-1.367612e-06	-0.018102
-1.365612e-06	-0.018458
-1.363612e-06	-0.018102
-1.361612e-06	-0.018458
-1.359612e-06	-0.018814
-1.357612e-06	-0.018814
-1.355612e-06	-0.018102
-1.353612e-06	-0.018992
-1.351612e-06	-0.01917
-1.349612e-06	-0.01917
-1.347612e-06	-0.018992
-1.345612e-06	-0.01917
-1.343612e-06	-0.019348
-1.341612e-06	-0.019882
-1.339612e-06	-0.018814
-1.337612e-06	-0.019348
-1.335612e-06	-0.019526
-1.333612e-06	-0.02006
-1.331612e-06	-0.019348
-1.329612e-06	-0.020594
-1.327612e-06	-0.020238
-1.325612e-06	-0.020238
-1.323612e-06	-0.019882
-1.321612e-06	-0.019704
-1.319612e-06	-0.01917
-1.317612e-06	-0.019704
-1.315612e-06	-0.018992
-1.313612e-06	-0.02006
-1.311612e-06	-0.019348
-1.309612e-06	-0.019882
-1.307612e-06	-0.018814
-1.305612e-06	-0.019526
-1.303612e-06	-0.019526
-1.301612e-06	-0.019704
-1.299612e-06	-0.019348
-1.297612e-06	-0.019882
-1.295612e-06	-0.019882
-1.293612e-06	-0.02006
-1.291612e-06	-0.019348
-1.289612e-06	-0.02006
-1.287612e-06	-0.019882
-1.285612e-06	-0.020416
-1.283612e-06	-0.01917
-1.281612e-06	-0.020238
-1.279612e-06	-0.020238
-1.277612e-06	-0.020594
-1.275612e-06	-0.019704
-1.273612e-06	-0.019704
-1.271612e-06	-0.019526
-1.269612e-06	-0.020416
-1.267612e-06	-0.019526
-1.265612e-06	-0.021128
-1.263612e-06	-0.021306
-1.261612e-06	-0.021306
-1.259612e-06	-0.020416
-1.257612e-06	-0.020238
-1.255612e-06	-0.02006
-1.253612e-06	-0.021484
-1.251612e-06	-0.020416
-1.249612e-06	-0.021128
-1.247612e-06	-0.021306
-1.245612e-06	-0.022018
-1.243612e-06	-0.022018
-1.241612e-06	-0.021662
-1.239612e-06	-0.021306
-1.237612e-06	-0.022374
-1.235612e-06	-0.021484
-1.233612e-06	-0.02095
-1.231612e-06	-0.02095
-1.229612e-06	-0.02184
-1.227612e-06	-0.020772
-1.225612e-06	-0.021306
-1.223612e-06	-0.020772
-1.221612e-06	-0.020416
-1.219612e-06	-0.020416
-1.217612e-06	-0.021306
-1.215612e-06	-0.020772
-1.213612e-06	-0.020772
-1.211612e-06	-0.020594
-1.209612e-06	-0.020594
-1.207612e-06	-0.020416
-1.205612e-06	-0.02095
-1.203612e-06	-0.021128
-1.201612e-06	-0.020772
-1.199612e-06	-0.021306
-1.197612e-06	-0.020772
-1.195612e-06	-0.020594
-1.193612e-06	-0.020594
-1.191612e-06	-0.02095
-1.189612e-06	-0.020772
-1.187612e-06	-0.020238
-1.185612e-06	-0.020594
-1.183612e-06	-0.02006
-1.181612e-06	-0.020416
-1.179612e-06	-0.020416
-1.177612e-06	-0.020416
-1.175612e-06	-0.021306
-1.173612e-06	-0.021128
-1.171612e-06	-0.02184
-1.169612e-06	-0.021484
-1.167612e-06	-0.021662
-1.165612e-06	-0.021306
-1.163612e-06	-0.021306
-1.161612e-06	-0.021662
-1.159612e-06	-0.022018
-1.157612e-06	-0.022018
-1.155612e-06	-0.022196
-1.153612e-06	-0.022196
-1.151612e-06	-0.021662
-1.149612e-06	-0.02273
-1.147612e-06	-0.022018
-1.145612e-06	-0.022552
-1.143612e-06	-0.022374
-1.141612e-06	-0.022374
-1.139612e-06	-0.021662
-1.137612e-06	-0.021662
-1.135612e-06	-0.02184
-1.133612e-06	-0.022374
-1.131612e-06	-0.022374
-1.129612e-06	-0.022552
-1.127612e-06	-0.022374
-1.125612e-06	-0.023086
-1.123612e-06	-0.022196
-1.121612e-06	-0.02362
-1.119612e-06	-0.02362
-1.117612e-06	-0.02273
-1.115612e-06	-0.022908
-1.113612e-06	-0.023264
-1.111612e-06	-0.023086
-1.109612e-06	-0.022908
-1.107612e-06	-0.02273
-1.105612e-06	-0.023086
-1.103612e-06	-0.022196
-1.101612e-06	-0.022552
-1.099612e-06	-0.023086
-1.097612e-06	-0.022552
-1.095612e-06	-0.022374
-1.093612e-06	-0.022552
-1.091612e-06	-0.02273
-1.089612e-06	-0.022374
-1.087612e-06	-0.022196
-1.085612e-06	-0.022552
-1.083612e-06	-0.022018
-1.081612e-06	-0.022018
-1.079612e-06	-0.021484
-1.077612e-06	-0.022374
-1.075612e-06	-0.022552
-1.073612e-06	-0.02273
-1.071612e-06	-0.02273
-1.069612e-06	-0.022374
-1.067612e-06	-0.022908
-1.065612e-06	-0.022908
-1.063612e-06	-0.022908
-1.061612e-06	-0.02273
-1.059612e-06	-0.02273
-1.057612e-06	-0.02362
-1.055612e-06	-0.02273
-1.053612e-06	-0.023264
-1.051612e-06	-0.02273
-1.049612e-06	-0.023264
-1.047612e-06	-0.022908
-1.045612e-06	-0.023086
-1.043612e-06	-0.023086
-1.041612e-06	-0.023264
-1.039612e-06	-0.022552
-1.037612e-06	-0.02273
-1.035612e-06	-0.022552
-1.033612e-06	-0.023086
-1.031612e-06	-0.022552
-1.029612e-06	-0.023086
-1.027612e-06	-0.022552
-1.025612e-06	-0.023442
-1.023612e-06	-0.022374
-1.021612e-06	-0.022908
-1.019612e-06	-0.022374
-1.017612e-06	-0.023086
-1.015612e-06	-0.023086
-1.013612e-06	-0.022908
-1.011612e-06	-0.022196
-1.009612e-06	-0.023264
-1.007612e-06	-0.022552
-1.005612e-06	-0.022552
-1.003612e-06	-0.02184
-1.001612e-06	-0.022908
-9.996122e-07	-0.02273
-9.976122e-07	-0.022374
-9.956122e-07	-0.022552
-9.936122e-07	-0.023086
-9.916122e-07	-0.022196
-9.896122e-07	-0.022374
-9.876122e-07	-0.02273
-9.856122e-07	-0.022908
-9.836122e-07	-0.022196
-9.816122e-07	-0.02273
-9.796122e-07	-0.022374
-9.776122e-07	-0.022552
-9.756122e-07	-0.02184
-9.736122e-07	-0.022018
-9.716122e-07	-0.022552
-9.696122e-07	-0.02273
-9.676122e-07	-0.022196
-9.656122e-07	-0.022552
-9.636122e-07	-0.022552
-9.616122e-07	-0.02273
-9.596122e-07	-0.02273
-9.576122e-07	-0.023086
-9.556122e-07	-0.022552
-9.536122e-07	-0.022908
-9.516122e-07	-0.022908
-9.496122e-07	-0.02362
-9.476122e-07	-0.02362
-9.456122e-07	-0.02362
-9.436122e-07	-0.023264
-9.416122e-07	-0.023264
-9.396122e-07	-0.023086
-9.376122e-07	-0.023976
-9.356122e-07	-0.022908
-9.336122e-07	-0.023442
-9.316122e-07	-0.02362
-9.296122e-07	-0.024332
-9.276122e-07	-0.023798
-9.256122e-07	-0.02362
-9.236122e-07	-0.024154
-9.216122e-07	-0.024154
-9.196122e-07	-0.024154
-9.176122e-07	-0.02451
-9.156122e-07	-0.024154
-9.136122e-07	-0.024688
-9.116122e-07	-0.023976
-9.096122e-07	-0.024154
-9.076122e-07	-0.024154
-9.056122e-07	-0.02451
-9.036122e-07	-0.023976
-9.016122e-07	-0.023976
-8.996122e-07	-0.02451
-8.976122e-07	-0.024154
-8.956122e-07	-0.02362
-8.936122e-07	-0.023798
-8.916122e-07	-0.023086
-8.896122e-07	-0.024332
-8.876122e-07	-0.023976
-8.856122e-07	-0.024154
-8.836122e-07	-0.023264
-8.816122e-07	-0.023976
-8.796122e-07	-0.023798
-8.776122e-07	-0.024154
-8.756122e-07	-0.024332
-8.736122e-07	-0.024154
-8.716122e-07	-0.024154
-8.696122e-07	-0.023798
-8.676122e-07	-0.023442
-8.656122e-07	-0.024332
-8.636122e-07	-0.023976
-8.616122e-07	-0.02451
-8.596122e-07	-0.024332
-8.576122e-07	-0.02451
-8.556122e-07	-0.023264
-8.536122e-07	-0.024332
-8.516122e-07	-0.023976
-8.496122e-07	-0.024332
-8.476122e-07	-0.023086
-8.456122e-07	-0.023976
-8.436122e-07	-0.02362
-8.416122e-07	-0.023976
-8.396122e-07	-0.023798
-8.376122e-07	-0.023976
-8.356122e-07	-0.023442
-8.336122e-07	-0.02362
-8.316122e-07	-0.023442
-8.296122e-07	-0.023264
-8.276122e-07	-0.023086
-8.256122e-07	-0.023442
-8.236122e-07	-0.02273
-8.216122e-07	-0.022552
-8.196122e-07	-0.023442
-8.176122e-07	-0.02362
-8.156122e-07	-0.023442
-8.136122e-07	-0.023442
-8.116122e-07	-0.023798
-8.096122e-07	-0.024688
-8.076122e-07	-0.02362
-8.056122e-07	-0.023798
-8.036122e-07	-0.02273
-8.016122e-07	-0.024154
-7.996122e-07	-0.023976
-7.976122e-07	-0.023798
-7.956122e-07	-0.023442
-7.936122e-07	-0.024332
-7.916122e-07	-0.023798
-7.896122e-07	-0.023798
-7.876122e-07	-0.023976
-7.856122e-07	-0.024688
-7.836122e-07	-0.02362
-7.816122e-07	-0.024688
-7.796122e-07	-0.024332
-7.776122e-07	-0.024688
-7.756122e-07	-0.02362
-7.736122e-07	-0.024332
-7.716122e-07	-0.024154
-7.696122e-07	-0.024332
-7.676122e-07	-0.023976
-7.656122e-07	-0.023976
-7.636122e-07	-0.024154
-7.616122e-07	-0.023798
-7.596122e-07	-0.023798
-7.576122e-07	-0.024332
-7.556122e-07	-0.023976
-7.536122e-07	-0.024332
-7.516122e-07	-0.023264
-7.496122e-07	-0.023264
-7.476122e-07	-0.023086
-7.456122e-07	-0.023264
-7.436122e-07	-0.02273
-7.416122e-07	-0.022552
-7.396122e-07	-0.022908
-7.376122e-07	-0.022908
-7.356122e-07	-0.022374
-7.336122e-07	-0.02273
-7.316122e-07	-0.022196
-7.296122e-07	-0.021484
-7.276122e-07	-0.02184
-7.256122e-07	-0.022018
-7.236122e-07	-0.021128
-7.216122e-07	-0.02184
-7.196122e-07	-0.021306
-7.176122e-07	-0.022018
-7.156122e-07	-0.021484
-7.136122e-07	-0.022374
-7.116122e-07	-0.021662
-7.096122e-07	-0.022374
-7.076122e-07	-0.022552
-7.056122e-07	-0.022552
-7.036122e-07	-0.021662
-7.016122e-07	-0.022374
-6.996122e-07	-0.021662
-6.976122e-07	-0.021484
-6.956122e-07	-0.021306
-6.936122e-07	-0.021306
-6.916122e-07	-0.02095
-6.896122e-07	-0.020238
-6.876122e-07	-0.020416
-6.856122e-07	-0.020594
-6.836122e-07	-0.02006
-6.816122e-07	-0.021128
-6.796122e-07	-0.020416
-6.776122e-07	-0.02095
-6.756122e-07	-0.02095
-6.736122e-07	-0.020772
-6.716122e-07	-0.02095
-6.696122e-07	-0.02184
-6.676122e-07	-0.021484
-6.656122e-07	-0.021484
-6.636122e-07	-0.021306
-6.616122e-07	-0.021662
-6.596122e-07	-0.021484
-6.576122e-07	-0.023264
-6.556122e-07	-0.022196
-6.536122e-07	-0.022018
-6.516122e-07	-0.021662
-6.496122e-07	-0.021128
-6.476122e-07	-0.021484
-6.456122e-07	-0.021662
-6.436122e-07	-0.021662
-6.416122e-07	-0.021128
-6.396122e-07	-0.021128
-6.376122e-07	-0.021484
-6.356122e-07	-0.021306
-6.336122e-07	-0.02184
-6.316122e-07	-0.02184
-6.296122e-07	-0.02184
-6.276122e-07	-0.021662
-6.256122e-07	-0.022018
-6.236122e-07	-0.021484
-6.216122e-07	-0.022374
-6.196122e-07	-0.022908
-6.176122e-07	-0.02273
-6.156122e-07	-0.022908
-6.136122e-07	-0.022908
-6.116122e-07	-0.022552
-6.096122e-07	-0.022374
-6.076122e-07	-0.02273
-6.056122e-07	-0.022552
-6.036122e-07	-0.02273
-6.016122e-07	-0.02273
-5.996122e-07	-0.022908
-5.976122e-07	-0.02273
-5.956122e-07	-0.02273
-5.936122e-07	-0.023442
-5.916122e-07	-0.02362
-5.896122e-07	-0.023086
-5.876122e-07	-0.022552
-5.856122e-07	-0.023442
-5.836122e-07	-0.023086
-5.816122e-07	-0.023798
-5.796122e-07	-0.023798
-5.776122e-07	-0.023976
-5.756122e-07	-0.023086
-5.736122e-07	-0.023264
-5.716122e-07	-0.023442
-5.696122e-07	-0.023976
-5.676122e-07	-0.023264
-5.656122e-07	-0.023798
-5.636122e-07	-0.023798
-5.616122e-07	-0.023976
-5.596122e-07	-0.023086
-5.576122e-07	-0.023264
-5.556122e-07	-0.023976
-5.536122e-07	-0.024154
-5.516122e-07	-0.022374
-5.496122e-07	-0.022908
-5.476122e-07	-0.022908
-5.456122e-07	-0.023264
-5.436122e-07	-0.022196
-5.416122e-07	-0.02184
-5.396122e-07	-0.021662
-5.376122e-07	-0.022196
-5.356122e-07	-0.02184
-5.336122e-07	-0.021662
-5.316122e-07	-0.021128
-5.296122e-07	-0.022374
-5.276122e-07	-0.02184
-5.256122e-07	-0.02184
-5.236122e-07	-0.020594
-5.216122e-07	-0.022018
-5.196122e-07	-0.022018
-5.176122e-07	-0.021306
-5.156122e-07	-0.020772
-5.136122e-07	-0.02184
-5.116122e-07	-0.02184
-5.096122e-07	-0.021484
-5.076122e-07	-0.021484
-5.056122e-07	-0.021662
-5.036122e-07	-0.020772
-5.016122e-07	-0.02095
-4.996122e-07	-0.02095
-4.976122e-07	-0.021128
-4.956122e-07	-0.02006
-4.936122e-07	-0.020594
-4.916122e-07	-0.020594
-4.896122e-07	-0.020416
-4.876122e-07	-0.019526
-4.856122e-07	-0.020238
-4.836122e-07	-0.019348
-4.816122e-07	-0.02006
-4.796122e-07	-0.019704
-4.776122e-07	-0.019348
-4.756122e-07	-0.018636
-4.736122e-07	-0.019348
-4.716122e-07	-0.019348
-4.696122e-07	-0.019526
-4.676122e-07	-0.019526
-4.656122e-07	-0.019704
-4.636122e-07	-0.018102
-4.616122e-07	-0.01917
-4.596122e-07	-0.019526
-4.576122e-07	-0.019704
-4.556122e-07	-0.01917
-4.536122e-07	-0.019882
-4.516122e-07	-0.01917
-4.496122e-07	-0.019526
-4.476122e-07	-0.018814
-4.456122e-07	-0.02006
-4.436122e-07	-0.019882
-4.416122e-07	-0.020416
-4.396122e-07	-0.020238
-4.376122e-07	-0.02006
-4.356122e-07	-0.02006
-4.336122e-07	-0.020772
-4.316122e-07	-0.020238
-4.296122e-07	-0.020772
-4.276122e-07	-0.020772
-4.256122e-07	-0.020416
-4.236122e-07	-0.020238
-4.216122e-07	-0.02006
-4.196122e-07	-0.019882
-4.176122e-07	-0.020238
-4.156122e-07	-0.019704
-4.136122e-07	-0.020772
-4.116122e-07	-0.019526
-4.096122e-07	-0.019704
-4.076122e-07	-0.020416
-4.056122e-07	-0.020594
-4.036122e-07	-0.020238
-4.016122e-07	-0.020238
-3.996122e-07	-0.019526
-3.976122e-07	-0.020238
-3.956122e-07	-0.02006
-3.936122e-07	-0.020772
-3.916122e-07	-0.019704
-3.896122e-07	-0.019882
-3.876122e-07	-0.019348
-3.856122e-07	-0.02006
-3.836122e-07	-0.019348
-3.816122e-07	-0.019882
-3.796122e-07	-0.01917
-3.776122e-07	-0.018636
-3.756122e-07	-0.018458
-3.736122e-07	-0.018992
-3.716122e-07	-0.018636
-3.696122e-07	-0.018992
-3.676122e-07	-0.018992
-3.656122e-07	-0.018992
-3.636122e-07	-0.018992
-3.616122e-07	-0.01917
-3.596122e-07	-0.018992
-3.576122e-07	-0.01917
-3.556122e-07	-0.01917
-3.536122e-07	-0.019348
-3.516122e-07	-0.018992
-3.496122e-07	-0.018992
-3.476122e-07	-0.018992
-3.456122e-07	-0.019526
-3.436122e-07	-0.019704
-3.416122e-07	-0.019526
-3.396122e-07	-0.018992
-3.376122e-07	-0.019348
-3.356122e-07	-0.019704
-3.336122e-07	-0.018992
-3.316122e-07	-0.019704
-3.296122e-07	-0.019704
-3.276122e-07	-0.02006
-3.256122e-07	-0.020416
-3.236122e-07	-0.019526
-3.216122e-07	-0.020594
-3.196122e-07	-0.020772
-3.176122e-07	-0.021128
-3.156122e-07	-0.021128
-3.136122e-07	-0.020772
-3.116122e-07	-0.020238
-3.096122e-07	-0.021306
-3.076122e-07	-0.021128
-3.056122e-07	-0.021306
-3.036122e-07	-0.02184
-3.016122e-07	-0.021484
-2.996122e-07	-0.02184
-2.976122e-07	-0.02184
-2.956122e-07	-0.021306
-2.936122e-07	-0.021306
-2.916122e-07	-0.021128
-2.896122e-07	-0.021306
-2.876122e-07	-0.020238
-2.856122e-07	-0.02095
-2.836122e-07	-0.020594
-2.816122e-07	-0.019882
-2.796122e-07	-0.02006
-2.776122e-07	-0.019704
-2.756122e-07	-0.019882
-2.736122e-07	-0.019526
-2.716122e-07	-0.019882
-2.696122e-07	-0.019704
-2.676122e-07	-0.019704
-2.656122e-07	-0.01917
-2.636122e-07	-0.018636
-2.616122e-07	-0.019704
-2.596122e-07	-0.02006
-2.576122e-07	-0.019882
-2.556122e-07	-0.019348
-2.536122e-07	-0.019348
-2.516122e-07	-0.01917
-2.496122e-07	-0.019526
-2.476122e-07	-0.018992
-2.456122e-07	-0.019526
-2.436122e-07	-0.019526
-2.416122e-07	-0.019882
-2.396122e-07	-0.019526
-2.376122e-07	-0.020416
-2.356122e-07	-0.020238
-2.336122e-07	-0.020594
-2.316122e-07	-0.020238
-2.296122e-07	-0.020772
-2.276122e-07	-0.02006
-2.256122e-07	-0.020594
-2.236122e-07	-0.020594
-2.216122e-07	-0.020772
-2.196122e-07	-0.020416
-2.176122e-07	-0.020772
-2.156122e-07	-0.020772
-2.136122e-07	-0.021128
-2.116122e-07	-0.020238
-2.096122e-07	-0.020416
-2.076122e-07	-0.021128
-2.056122e-07	-0.02095
-2.036122e-07	-0.020238
-2.016122e-07	-0.020416
-1.996122e-07	-0.020416
-1.976122e-07	-0.021306
-1.956122e-07	-0.021306
-1.936122e-07	-0.021128
-1.916122e-07	-0.02095
-1.896122e-07	-0.021662
-1.876122e-07	-0.022018
-1.856122e-07	-0.022374
-1.836122e-07	-0.022018
-1.816122e-07	-0.020772
-1.796122e-07	-0.022018
-1.776122e-07	-0.022018
-1.756122e-07	-0.02184
-1.736122e-07	-0.02273
-1.716122e-07	-0.022196
-1.696122e-07	-0.022552
-1.676122e-07	-0.02184
-1.656122e-07	-0.02273
-1.636122e-07	-0.023264
-1.616122e-07	-0.023086
-1.596122e-07	-0.02273
-1.576122e-07	-0.022552
-1.556122e-07	-0.022374
-1.536122e-07	-0.02273
-1.516122e-07	-0.022374
-1.496122e-07	-0.022552
-1.476122e-07	-0.023086
-1.456122e-07	-0.02273
-1.436122e-07	-0.02273
-1.416122e-07	-0.022552
-1.396122e-07	-0.023086
-1.376122e-07	-0.023442
-1.356122e-07	-0.022908
-1.336122e-07	-0.02273
-1.316122e-07	-0.022196
-1.296122e-07	-0.022908
-1.276122e-07	-0.02273
-1.256122e-07	-0.022374
-1.236122e-07	-0.021662
-1.216122e-07	-0.021484
-1.196122e-07	-0.021662
-1.176122e-07	-0.022018
-1.156122e-07	-0.021484
-1.136122e-07	-0.021484
-1.116122e-07	-0.021484
-1.096122e-07	-0.021662
-1.076122e-07	-0.022018
-1.056122e-07	-0.02273
-1.036122e-07	-0.021306
-1.016122e-07	-0.021662
-9.961217e-08	-0.020772
-9.761217e-08	-0.022196
-9.561217e-08	-0.02184
-9.361217e-08	-0.022374
-9.161217e-08	-0.022018
-8.961217e-08	-0.022552
-8.761217e-08	-0.02184
-8.561217e-08	-0.022196
-8.361217e-08	-0.022018
-8.161217e-08	-0.022018
-7.961217e-08	-0.021662
-7.761217e-08	-0.020772
-7.561217e-08	-0.021662
-7.361217e-08	-0.022374
-7.161217e-08	-0.021484
-6.961217e-08	-0.02184
-6.761217e-08	-0.022018
-6.561217e-08	-0.023442
-6.361217e-08	-0.022018
-6.161217e-08	-0.022374
-5.961217e-08	-0.021484
-5.761217e-08	-0.022374
-5.561217e-08	-0.022196
-5.361217e-08	-0.022552
-5.161217e-08	-0.022908
-4.961217e-08	-0.022552
-4.761217e-08	-0.022018
-4.561217e-08	-0.022374
-4.361217e-08	-0.022552
-4.161217e-08	-0.023976
-3.961217e-08	-0.022552
-3.761217e-08	-0.023264
-3.561217e-08	-0.022374
-3.361217e-08	-0.022196
-3.161217e-08	-0.022018
-2.961217e-08	-0.022374
-2.761217e-08	-0.022552
-2.561217e-08	-0.023086
-2.361217e-08	-0.022018
-2.161217e-08	-0.022196
-1.961217e-08	-0.02273
-1.761217e-08	-0.023264
-1.561217e-08	-0.022374
-1.361217e-08	-0.02184
-1.161217e-08	-0.022018
-9.612173e-09	-0.02184
-7.612173e-09	-0.021128
-5.612173e-09	-0.021662
-3.612173e-09	-0.022018
-1.612173e-09	-0.022018
3.878266e-10	-0.02095
2.387827e-09	-0.021128
4.387827e-09	-0.021306
6.387827e-09	-0.023086
8.387827e-09	-0.02184
1.038783e-08	-0.022196
1.238783e-08	-0.021662
1.438783e-08	-0.022908
1.638783e-08	-0.022018
1.838783e-08	-0.02184
2.038783e-08	-0.022908
2.238783e-08	-0.023264
2.438783e-08	-0.023264
2.638783e-08	-0.022552
2.838783e-08	-0.022552
3.038783e-08	-0.023442
3.238783e-08	-0.022196
3.438783e-08	-0.02273
3.638783e-08	-0.022908
3.838783e-08	-0.022374
4.038783e-08	-0.022374
4.238783e-08	-0.022196
4.438783e-08	-0.022374
4.638783e-08	-0.022374
4.838783e-08	-0.020772
5.038783e-08	-0.021484
5.238783e-08	-0.02095
5.438783e-08	-0.02184
5.638783e-08	-0.021128
5.838783e-08	-0.022018
6.038783e-08	-0.022018
6.238783e-08	-0.022196
6.438783e-08	-0.021662
6.638783e-08	-0.022196
6.838783e-08	-0.021484
7.038783e-08	-0.022018
7.238783e-08	-0.021662
7.438783e-08	-0.022018
7.638783e-08	-0.021484
7.838783e-08	-0.02184
8.038783e-08	-0.021484
8.238783e-08	-0.021306
8.438783e-08	-0.020772
8.638783e-08	-0.022018
8.838783e-08	-0.021306
9.038783e-08	-0.02184
9.238783e-08	-0.021662
9.438783e-08	-0.022552
9.638783e-08	-0.022552
9.838783e-08	-0.022018
1.003878e-07	-0.022196
1.023878e-07	-0.022196
1.043878e-07	-0.022196
1.063878e-07	-0.022018
1.083878e-07	-0.022196
1.103878e-07	-0.02273
1.123878e-07	-0.022196
1.143878e-07	-0.022196
1.163878e-07	-0.021484
1.183878e-07	-0.022374
1.203878e-07	-0.021128
1.223878e-07	-0.021484
1.243878e-07	-0.02184
1.263878e-07	-0.022374
1.283878e-07	-0.021484
1.303878e-07	-0.020772
1.323878e-07	-0.018102
1.343878e-07	-0.012584
1.363878e-07	-0.000302
1.383878e-07	0.01732
1.403878e-07	0.041528
1.423878e-07	0.070008
1.443878e-07	0.099022
1.463878e-07	0.127858
1.483878e-07	0.15616
1.503878e-07	0.183928
1.523878e-07	0.210094
1.543878e-07	0.233234
1.563878e-07	0.25584
1.583878e-07	0.27542
1.603878e-07	0.293932
1.623878e-07	0.309774
1.643878e-07	0.324192
1.663878e-07	0.336118
1.683878e-07	0.348578
1.703878e-07	0.357478
1.723878e-07	0.366022
1.743878e-07	0.371718
1.763878e-07	0.376702
1.783878e-07	0.38044
1.803878e-07	0.384
1.823878e-07	0.38489
1.843878e-07	0.386136
1.863878e-07	0.385246
1.883878e-07	0.385246
1.903878e-07	0.383466
1.923878e-07	0.380974
1.943878e-07	0.378304
1.963878e-07	0.375812
1.983878e-07	0.371718
2.003878e-07	0.368158
2.023878e-07	0.363174
2.043878e-07	0.35908
2.063878e-07	0.35374
2.083878e-07	0.348756
2.103878e-07	0.342882
2.123878e-07	0.337542
2.143878e-07	0.331312
2.163878e-07	0.32704
2.183878e-07	0.320454
2.203878e-07	0.314224
2.223878e-07	0.30924
2.243878e-07	0.30301
2.263878e-07	0.296958
2.283878e-07	0.291084
2.303878e-07	0.285032
2.323878e-07	0.279336
2.343878e-07	0.273106
2.363878e-07	0.267054
2.383878e-07	0.261714
2.403878e-07	0.255128
2.423878e-07	0.249788
2.443878e-07	0.244448
2.463878e-07	0.238218
2.483878e-07	0.232878
2.503878e-07	0.22736
2.523878e-07	0.222376
2.543878e-07	0.215968
2.563878e-07	0.21223
2.583878e-07	0.20689
2.603878e-07	0.201728
2.623878e-07	0.19621
2.643878e-07	0.191226
2.663878e-07	0.186242
2.683878e-07	0.181258
2.703878e-07	0.176096
2.723878e-07	0.172002
2.743878e-07	0.16684
2.763878e-07	0.163102
2.783878e-07	0.158652
2.803878e-07	0.155092
2.823878e-07	0.150642
2.843878e-07	0.146192
2.863878e-07	0.14192
2.883878e-07	0.138716
2.903878e-07	0.134088
2.923878e-07	0.13035
2.943878e-07	0.127146
2.963878e-07	0.124476
2.983878e-07	0.120382
3.003878e-07	0.117
3.023878e-07	0.113796
3.043878e-07	0.111126
3.063878e-07	0.108278
3.083878e-07	0.104362
3.103878e-07	0.102226
3.123878e-07	0.099734
3.143878e-07	0.096886
3.163878e-07	0.09386
3.183878e-07	0.091012
3.203878e-07	0.088876
3.223878e-07	0.086206
3.243878e-07	0.083358
3.263878e-07	0.080688
3.283878e-07	0.079086
3.303878e-07	0.076594
3.323878e-07	0.072856
3.343878e-07	0.071254
3.363878e-07	0.069118
3.383878e-07	0.067516
3.403878e-07	0.06538
3.423878e-07	0.063244
3.443878e-07	0.061286
3.463878e-07	0.059506
3.483878e-07	0.05737
3.503878e-07	0.0547
3.523878e-07	0.053988
3.543878e-07	0.051496
3.563878e-07	0.050428
3.583878e-07	0.04847
3.603878e-07	0.047758
3.623878e-07	0.045622
3.643878e-07	0.044376
3.663878e-07	0.041706
3.683878e-07	0.04135
3.703878e-07	0.039748
3.723878e-07	0.039214
3.743878e-07	0.036722
3.763878e-07	0.03601
3.783878e-07	0.034764
3.803878e-07	0.032984
3.823878e-07	0.031738
3.843878e-07	0.030136
3.863878e-07	0.02978
3.883878e-07	0.027466
3.903878e-07	0.026576
3.923878e-07	0.025864
3.943878e-07	0.02444
3.963878e-07	0.023906
3.983878e-07	0.022482
4.003878e-07	0.022304
4.023878e-07	0.020702
4.043878e-07	0.019812
4.063878e-07	0.01821
4.083878e-07	0.018032
4.103878e-07	0.016964
4.123878e-07	0.016252
4.143878e-07	0.015362
4.163878e-07	0.014472
4.183878e-07	0.013582
4.203878e-07	0.012514
4.223878e-07	0.012158
4.243878e-07	0.012514
4.263878e-07	0.011624
4.283878e-07	0.011624
4.303878e-07	0.010556
4.323878e-07	0.0102
4.343878e-07	0.0102
4.363878e-07	0.009488
4.383878e-07	0.008598
4.403878e-07	0.00842
4.423878e-07	0.00753
4.443878e-07	0.006284
4.463878e-07	0.00575
4.483878e-07	0.006284
4.503878e-07	0.005038
4.523878e-07	0.004148
4.543878e-07	0.002902
4.563878e-07	0.003436
4.583878e-07	0.002368
4.603878e-07	0.000944
4.623878e-07	0.000588
4.643878e-07	0.000588
4.663878e-07	-0.00048
4.683878e-07	-0.000658
4.703878e-07	-0.001726
4.723878e-07	-0.001014
4.743878e-07	-0.001904
4.763878e-07	-0.00226
4.783878e-07	-0.004218
4.803878e-07	-0.003506
4.823878e-07	-0.004574
4.843878e-07	-0.005286
4.863878e-07	-0.005108
4.883878e-07	-0.005464
4.903878e-07	-0.00671
4.923878e-07	-0.00671
4.943878e-07	-0.007066
4.963878e-07	-0.006888
4.983878e-07	-0.008134
5.003878e-07	-0.008134
5.023878e-07	-0.009024
5.043878e-07	-0.009202
5.063878e-07	-0.009914
5.083878e-07	-0.010626
5.103878e-07	-0.010092
5.123878e-07	-0.010092
5.143878e-07	-0.010626
5.163878e-07	-0.010626
5.183878e-07	-0.011516
5.203878e-07	-0.011694
5.223878e-07	-0.011694
5.243878e-07	-0.012406
5.263878e-07	-0.012762
5.283878e-07	-0.01205
5.303878e-07	-0.012584
5.323878e-07	-0.012762
5.343878e-07	-0.014186
5.363878e-07	-0.013474
5.383878e-07	-0.01383
5.403878e-07	-0.01383
5.423878e-07	-0.01383
5.443878e-07	-0.013652
5.463878e-07	-0.014186
5.483878e-07	-0.013118
5.503878e-07	-0.01383
5.523878e-07	-0.013296
5.543878e-07	-0.013296
5.563878e-07	-0.012762
5.583878e-07	-0.013296
5.603878e-07	-0.012406
5.623878e-07	-0.012584
5.643878e-07	-0.01205
5.663878e-07	-0.012228
5.683878e-07	-0.011694
5.703878e-07	-0.01205
5.723878e-07	-0.012228
5.743878e-07	-0.012584
5.763878e-07	-0.01205
5.783878e-07	-0.012584
5.803878e-07	-0.012762
5.823878e-07	-0.012762
5.843878e-07	-0.01116
5.863878e-07	-0.012228
5.883878e-07	-0.01205
5.903878e-07	-0.01294
5.923878e-07	-0.011872
5.943878e-07	-0.012228
5.963878e-07	-0.011872
5.983878e-07	-0.012406
6.003878e-07	-0.011516
6.023878e-07	-0.011694
6.043878e-07	-0.01205
6.063878e-07	-0.012584
6.083878e-07	-0.012762
6.103878e-07	-0.013474
6.123878e-07	-0.012228
6.143878e-07	-0.013296
6.163878e-07	-0.012584
6.183878e-07	-0.013474
6.203878e-07	-0.013118
6.223878e-07	-0.013652
6.243878e-07	-0.012762
6.263878e-07	-0.013118
6.283878e-07	-0.013296
6.303878e-07	-0.013474
6.323878e-07	-0.013652
6.343878e-07	-0.01383
6.363878e-07	-0.014186
6.383878e-07	-0.015254
6.403878e-07	-0.014898
6.423878e-07	-0.014542
6.443878e-07	-0.01472
6.463878e-07	-0.015788
6.483878e-07	-0.015966
6.503878e-07	-0.015966
6.523878e-07	-0.016678
6.543878e-07	-0.016856
6.563878e-07	-0.0165
6.583878e-07	-0.017034
6.603878e-07	-0.016678
6.623878e-07	-0.017034
6.643878e-07	-0.0165
6.663878e-07	-0.016678
6.683878e-07	-0.017568
6.703878e-07	-0.017924
6.723878e-07	-0.017212
6.743878e-07	-0.017924
6.763878e-07	-0.017568
6.783878e-07	-0.017212
6.803878e-07	-0.017568
6.823878e-07	-0.017568
6.843878e-07	-0.017924
6.863878e-07	-0.017746
6.883878e-07	-0.017212
6.903878e-07	-0.017746
6.923878e-07	-0.01828
6.943878e-07	-0.017746
6.963878e-07	-0.017924
6.983878e-07	-0.018102
7.003878e-07	-0.018102
7.023878e-07	-0.01828
7.043878e-07	-0.017924
7.063878e-07	-0.018102
7.083878e-07	-0.018102
7.103878e-07	-0.018458
7.123878e-07	-0.017746
7.143878e-07	-0.017746
7.163878e-07	-0.017212
7.183878e-07	-0.017746
7.203878e-07	-0.017746
7.223878e-07	-0.017924
7.243878e-07	-0.01739
7.263878e-07	-0.017212
7.283878e-07	-0.0165
7.303878e-07	-0.0165
7.323878e-07	-0.016322
7.343878e-07	-0.017212
7.363878e-07	-0.0165
7.383878e-07	-0.01739
7.403878e-07	-0.017034
7.423878e-07	-0.017212
7.443878e-07	-0.016856
7.463878e-07	-0.017034
7.483878e-07	-0.016856
7.503878e-07	-0.017212
7.523878e-07	-0.016144
7.543878e-07	-0.0165
7.563878e-07	-0.016678
7.583878e-07	-0.016856
7.603878e-07	-0.016322
7.623878e-07	-0.017034
7.643878e-07	-0.017568
7.663878e-07	-0.01739
7.683878e-07	-0.01739
7.703878e-07	-0.01739
7.723878e-07	-0.017212
7.743878e-07	-0.018458
7.763878e-07	-0.018102
7.783878e-07	-0.018102
7.803878e-07	-0.018636
7.823878e-07	-0.018458
7.843878e-07	-0.018458
7.863878e-07	-0.018992
7.883878e-07	-0.01828
7.903878e-07	-0.018814
7.923878e-07	-0.01828
7.943878e-07	-0.018814
7.963878e-07	-0.01828
7.983878e-07	-0.019526
8.003878e-07	-0.018992
8.023878e-07	-0.02006
8.043878e-07	-0.019526
8.063878e-07	-0.020238
8.083878e-07	-0.019882
8.103878e-07	-0.019526
8.123878e-07	-0.019882
8.143878e-07	-0.020772
8.163878e-07	-0.018992
8.183878e-07	-0.02006
8.203878e-07	-0.018992
8.223878e-07	-0.019882
8.243878e-07	-0.018992
8.263878e-07	-0.019704
8.283878e-07	-0.019526
8.303878e-07	-0.02006
8.323878e-07	-0.019348
8.343878e-07	-0.019882
8.363878e-07	-0.019348
8.383878e-07	-0.019704
8.403878e-07	-0.019704
8.423878e-07	-0.020594
8.443878e-07	-0.019704
8.463878e-07	-0.020772
8.483878e-07	-0.020416
8.503878e-07	-0.020416
8.523878e-07	-0.020594
8.543878e-07	-0.020416
8.563878e-07	-0.020416
8.583878e-07	-0.020594
8.603878e-07	-0.019704
8.623878e-07	-0.020238
8.643878e-07	-0.019526
8.663878e-07	-0.020416
8.683878e-07	-0.019526
8.703878e-07	-0.020416
8.723878e-07	-0.019882
8.743878e-07	-0.020416
8.763878e-07	-0.020238
8.783878e-07	-0.020594
8.803878e-07	-0.019704
8.823878e-07	-0.02095
8.843878e-07	-0.019882
8.863878e-07	-0.02095
8.883878e-07	-0.020594
8.903878e-07	-0.02184
8.923878e-07	-0.020416
8.943878e-07	-0.020772
8.963878e-07	-0.019704
8.983878e-07	-0.020238
9.003878e-07	-0.019526
9.023878e-07	-0.019882
9.043878e-07	-0.019704
9.063878e-07	-0.020416
9.083878e-07	-0.02006
9.103878e-07	-0.02006
9.123878e-07	-0.019882
9.143878e-07	-0.020416
9.163878e-07	-0.019882
9.183878e-07	-0.020594
9.203878e-07	-0.02095
9.223878e-07	-0.020238
9.243878e-07	-0.01917
9.263878e-07	-0.019882
9.283878e-07	-0.019526
9.303878e-07	-0.020238
9.323878e-07	-0.019348
9.343878e-07	-0.020416
9.363878e-07	-0.01917
9.383878e-07	-0.01917
9.403878e-07	-0.019348
9.423878e-07	-0.019526
9.443878e-07	-0.018636
9.463878e-07	-0.019348
9.483878e-07	-0.018636
9.503878e-07	-0.018636
9.523878e-07	-0.01828
9.543878e-07	-0.018814
9.563878e-07	-0.01739
9.583878e-07	-0.017924
9.603878e-07	-0.017924
9.623878e-07	-0.017568
9.643878e-07	-0.017924
9.663878e-07	-0.017568
9.683878e-07	-0.017924
9.703878e-07	-0.01739
9.723878e-07	-0.01739
9.743878e-07	-0.017568
9.763878e-07	-0.01739
9.783878e-07	-0.017746
9.803878e-07	-0.017212
9.823878e-07	-0.017746
9.843878e-07	-0.017212
9.863878e-07	-0.017568
9.883878e-07	-0.017924
9.903878e-07	-0.017746
9.923878e-07	-0.01828
9.943878e-07	-0.017924
9.963878e-07	-0.017924
9.983878e-07	-0.017924
1.000388e-06	-0.017924
1.002388e-06	-0.01828
1.004388e-06	-0.018636
1.006388e-06	-0.019348
1.008388e-06	-0.018814
1.010388e-06	-0.01917
1.012388e-06	-0.018814
1.014388e-06	-0.018992
1.016388e-06	-0.019348
1.018388e-06	-0.020238
1.020388e-06	-0.019882
1.022388e-06	-0.019704
1.024388e-06	-0.020594
1.026388e-06	-0.020594
1.028388e-06	-0.020238
1.030388e-06	-0.020594
1.032388e-06	-0.02095
1.034388e-06	-0.021128
1.036388e-06	-0.020594
1.038388e-06	-0.021306
1.040388e-06	-0.02095
1.042388e-06	-0.021128
1.044388e-06	-0.020772
1.046388e-06	-0.022018
1.048388e-06	-0.020416
1.050388e-06	-0.020772
1.052388e-06	-0.020238
1.054388e-06	-0.021484
1.056388e-06	-0.02095
1.058388e-06	-0.02095
1.060388e-06	-0.02006
1.062388e-06	-0.02095
1.064388e-06	-0.020416
1.066388e-06	-0.020416
1.068388e-06	-0.020238
1.070388e-06	-0.02095
1.072388e-06	-0.02095
1.074388e-06	-0.020772
1.076388e-06	-0.020594
1.078388e-06	-0.02095
1.080388e-06	-0.021128
1.082388e-06	-0.021662
1.084388e-06	-0.021484
1.086388e-06	-0.022196
1.088388e-06	-0.021484
1.090388e-06	-0.021484
1.092388e-06	-0.022018
1.094388e-06	-0.022196
1.096388e-06	-0.021306
1.098388e-06	-0.021128
1.100388e-06	-0.020772
1.102388e-06	-0.021128
1.104388e-06	-0.022196
1.106388e-06	-0.02095
1.108388e-06	-0.021306
1.110388e-06	-0.022374
1.112388e-06	-0.021484
1.114388e-06	-0.02184
1.116388e-06	-0.021128
1.118388e-06	-0.022018
1.120388e-06	-0.021484
1.122388e-06	-0.021128
1.124388e-06	-0.021484
1.126388e-06	-0.022018
1.128388e-06	-0.021662
1.130388e-06	-0.022374
1.132388e-06	-0.022018
1.134388e-06	-0.022374
1.136388e-06	-0.02095
1.138388e-06	-0.021128
1.140388e-06	-0.021306
1.142388e-06	-0.021484
1.144388e-06	-0.020772
1.146388e-06	-0.020772
1.148388e-06	-0.021128
1.150388e-06	-0.021484
1.152388e-06	-0.020772
1.154388e-06	-0.021128
1.156388e-06	-0.020594
1.158388e-06	-0.021484
1.160388e-06	-0.022018
1.162388e-06	-0.02095
1.164388e-06	-0.02095
1.166388e-06	-0.02095
1.168388e-06	-0.021128
1.170388e-06	-0.020772
1.172388e-06	-0.02095
1.174388e-06	-0.022908
1.176388e-06	-0.02095
1.178388e-06	-0.021306
1.180388e-06	-0.020772
1.182388e-06	-0.02095
1.184388e-06	-0.020594
1.186388e-06	-0.020772
1.188388e-06	-0.021306
1.190388e-06	-0.02095
1.192388e-06	-0.021484
1.194388e-06	-0.021128
1.196388e-06	-0.021662
1.198388e-06	-0.021484
1.200388e-06	-0.021484
1.202388e-06	-0.020416
1.204388e-06	-0.020238
1.206388e-06	-0.02095
1.208388e-06	-0.02095
1.210388e-06	-0.020594
1.212388e-06	-0.020416
1.214388e-06	-0.020772
1.216388e-06	-0.020772
1.218388e-06	-0.020772
1.220388e-06	-0.020238
1.222388e-06	-0.020594
1.224388e-06	-0.020772
1.226388e-06	-0.02095
1.228388e-06	-0.020416
1.230388e-06	-0.020772
1.232388e-06	-0.019882
1.234388e-06	-0.020416
1.236388e-06	-0.020772
1.238388e-06	-0.021128
1.240388e-06	-0.020238
1.242388e-06	-0.020238
1.244388e-06	-0.020594
1.246388e-06	-0.021128
1.248388e-06	-0.021306
1.250388e-06	-0.021306
1.252388e-06	-0.020772
1.254388e-06	-0.022196
1.256388e-06	-0.021484
1.258388e-06	-0.022018
1.260388e-06	-0.022196
1.262388e-06	-0.02273
1.264388e-06	-0.022018
1.266388e-06	-0.021662
1.268388e-06	-0.022018
1.270388e-06	-0.02184
1.272388e-06	-0.02184
1.274388e-06	-0.02184
1.276388e-06	-0.022196
1.278388e-06	-0.022196
1.280388e-06	-0.022196
1.282388e-06	-0.02184
1.284388e-06	-0.021662
1.286388e-06	-0.022196
1.288388e-06	-0.02184
1.290388e-06	-0.021662
1.292388e-06	-0.02006
1.294388e-06	-0.02095
1.296388e-06	-0.020772
1.298388e-06	-0.020416
1.300388e-06	-0.020594
1.302388e-06	-0.020594
1.304388e-06	-0.02006
1.306388e-06	-0.019526
1.308388e-06	-0.02006
1.310388e-06	-0.020238
1.312388e-06	-0.020416
1.314388e-06	-0.020416
1.316388e-06	-0.019704
1.318388e-06	-0.020238
1.320388e-06	-0.019348
1.322388e-06	-0.019526
1.324388e-06	-0.019882
1.326388e-06	-0.019882
1.328388e-06	-0.02006
1.330388e-06	-0.019882
1.332388e-06	-0.019526
1.334388e-06	-0.020238
1.336388e-06	-0.02006
1.338388e-06	-0.02006
1.340388e-06	-0.019348
1.342388e-06	-0.019882
1.344388e-06	-0.02006
1.346388e-06	-0.019526
1.348388e-06	-0.018992
1.350388e-06	-0.019348
1.352388e-06	-0.018458
1.354388e-06	-0.018102
1.356388e-06	-0.018102
1.358388e-06	-0.018102
1.360388e-06	-0.017568
1.362388e-06	-0.017212
1.364388e-06	-0.017034
1.366388e-06	-0.01739
1.368388e-06	-0.016856
1.370388e-06	-0.017568
1.372388e-06	-0.017568
1.374388e-06	-0.018102
1.376388e-06	-0.017568
1.378388e-06	-0.017568
1.380388e-06	-0.017924
1.382388e-06	-0.017924
1.384388e-06	-0.016856
1.386388e-06	-0.017568
1.388388e-06	-0.017568
1.390388e-06	-0.017746
1.392388e-06	-0.01739
1.394388e-06	-0.01828
1.396388e-06	-0.017924
1.398388e-06	-0.018992
1.400388e-06	-0.018458
1.402388e-06	-0.01917
1.404388e-06	-0.018992
1.406388e-06	-0.020594
1.408388e-06	-0.02006
1.410388e-06	-0.019882
1.412388e-06	-0.019526
1.414388e-06	-0.019882
1.416388e-06	-0.01917
1.418388e-06	-0.019882
1.420388e-06	-0.01917
1.422388e-06	-0.020238
1.424388e-06	-0.020772
1.426388e-06	-0.021306
1.428388e-06	-0.020416
1.430388e-06	-0.02095
1.432388e-06	-0.020416
1.434388e-06	-0.020772
1.436388e-06	-0.02006
1.438388e-06	-0.02095
1.440388e-06	-0.020594
1.442388e-06	-0.020594
1.444388e-06	-0.020594
1.446388e-06	-0.019882
1.448388e-06	-0.020772
1.450388e-06	-0.020238
1.452388e-06	-0.019704
1.454388e-06	-0.019882
1.456388e-06	-0.02006
1.458388e-06	-0.021128
1.460388e-06	-0.020238
1.462388e-06	-0.021128
1.464388e-06	-0.02095
1.466388e-06	-0.020772
1.468388e-06	-0.020416
1.470388e-06	-0.021128
1.472388e-06	-0.020416
1.474388e-06	-0.02184
1.476388e-06	-0.021484
1.478388e-06	-0.022018
1.480388e-06	-0.02184
1.482388e-06	-0.022018
1.484388e-06	-0.02184
1.486388e-06	-0.022018
1.488388e-06	-0.021484
1.490388e-06	-0.022196
1.492388e-06	-0.021306
1.494388e-06	-0.022196
1.496388e-06	-0.021484
1.498388e-06	-0.022374
1.500388e-06	-0.022196
1.502388e-06	-0.02273
1.504388e-06	-0.02184
1.506388e-06	-0.021662
1.508388e-06	-0.02184
1.510388e-06	-0.02184
1.512388e-06	-0.021662
1.514388e-06	-0.022196
1.516388e-06	-0.022018
1.518388e-06	-0.022196
1.520388e-06	-0.021306
1.522388e-06	-0.021662
1.524388e-06	-0.022018
1.526388e-06	-0.021306
1.528388e-06	-0.021128
1.530388e-06	-0.022018
1.532388e-06	-0.021128
1.534388e-06	-0.021128
1.536388e-06	-0.022018
1.538388e-06	-0.022018
1.540388e-06	-0.021662
1.542388e-06	-0.022196
1.544388e-06	-0.021484
1.546388e-06	-0.022018
1.548388e-06	-0.02184
1.550388e-06	-0.022552
1.552388e-06	-0.021128
1.554388e-06	-0.022018
1.556388e-06	-0.021662
1.558388e-06	-0.021484
1.560388e-06	-0.021306
1.562388e-06	-0.02184
1.564388e-06	-0.021484
1.566388e-06	-0.021662
1.568388e-06	-0.021662
1.570388e-06	-0.021128
1.572388e-06	-0.02095
1.574388e-06	-0.021484
1.576388e-06	-0.021128
1.578388e-06	-0.021128
1.580388e-06	-0.02095
1.582388e-06	-0.02184
1.584388e-06	-0.021484
1.586388e-06	-0.021484
1.588388e-06	-0.02184
1.590388e-06	-0.021484
1.592388e-06	-0.021306
1.594388e-06	-0.021484
1.596388e-06	-0.021662
1.598388e-06	-0.021662
1.600388e-06	-0.021484
1.602388e-06	-0.02095
1.604388e-06	-0.021128
1.606388e-06	-0.021484
1.608388e-06	-0.020594
1.610388e-06	-0.021306
1.612388e-06	-0.020772
1.614388e-06	-0.020416
1.616388e-06	-0.020772
1.618388e-06	-0.020772
1.620388e-06	-0.020416
1.622388e-06	-0.020772
1.624388e-06	-0.021128
1.626388e-06	-0.02095
1.628388e-06	-0.020594
1.630388e-06	-0.021306
1.632388e-06	-0.02006
1.634388e-06	-0.020416
1.636388e-06	-0.019882
1.638388e-06	-0.020416
1.640388e-06	-0.02006
1.642388e-06	-0.020238
1.644388e-06	-0.020416
1.646388e-06	-0.020416
1.648388e-06	-0.020238
1.650388e-06	-0.019882
1.652388e-06	-0.019704
1.654388e-06	-0.02006
1.656388e-06	-0.018992
1.658388e-06	-0.019882
1.660388e-06	-0.02006
1.662388e-06	-0.019882
1.664388e-06	-0.018814
1.666388e-06	-0.018814
1.668388e-06	-0.018458
1.670388e-06	-0.017568
1.672388e-06	-0.016856
1.674388e-06	-0.01828
1.676388e-06	-0.017212
1.678388e-06	-0.017746
1.680388e-06	-0.016856
1.682388e-06	-0.017212
1.684388e-06	-0.017034
1.686388e-06	-0.017568
1.688388e-06	-0.017034
1.690388e-06	-0.01828
1.692388e-06	-0.017568
1.694388e-06	-0.017924
1.696388e-06	-0.017034
1.698388e-06	-0.017746
1.700388e-06	-0.01739
1.702388e-06	-0.017746
1.704388e-06	-0.017212
1.706388e-06	-0.01828
1.708388e-06	-0.018458
1.710388e-06	-0.018636
1.712388e-06	-0.01828
1.714388e-06	-0.018992
1.716388e-06	-0.01828
1.718388e-06	-0.019526
1.720388e-06	-0.018992
1.722388e-06	-0.019882
1.724388e-06	-0.018814
1.726388e-06	-0.020238
1.728388e-06	-0.02006
1.730388e-06	-0.019882
1.732388e-06	-0.01917
1.734388e-06	-0.019882
1.736388e-06	-0.019882
1.738388e-06	-0.020594
1.740388e-06	-0.019882
1.742388e-06	-0.021484
1.744388e-06	-0.020594
1.746388e-06	-0.020238
1.748388e-06	-0.019526
1.750388e-06	-0.019882
1.752388e-06	-0.019526
1.754388e-06	-0.019704
1.756388e-06	-0.019348
1.758388e-06	-0.020238
1.760388e-06	-0.019526
1.762388e-06	-0.02095
1.764388e-06	-0.019882
1.766388e-06	-0.02095
1.768388e-06	-0.02095
1.770388e-06	-0.020594
1.772388e-06	-0.020238
1.774388e-06	-0.020238
1.776388e-06	-0.019704
1.778388e-06	-0.020238
1.780388e-06	-0.019882
1.782388e-06	-0.02006
1.784388e-06	-0.019882
1.786388e-06	-0.019704
1.788388e-06	-0.018992
1.790388e-06	-0.018992
1.792388e-06	-0.019348
1.794388e-06	-0.019348
1.796388e-06	-0.019526
1.798388e-06	-0.019348
1.800388e-06	-0.018992
1.802388e-06	-0.019348
1.804388e-06	-0.018992
1.806388e-06	-0.018992
1.808388e-06	-0.018636
1.810388e-06	-0.019348
1.812388e-06	-0.018992
1.814388e-06	-0.019704
1.816388e-06	-0.019704
1.818388e-06	-0.019348
1.820388e-06	-0.018458
1.822388e-06	-0.018992
1.824388e-06	-0.018636
1.826388e-06	-0.018636
1.828388e-06	-0.018458
1.830388e-06	-0.018458
1.832388e-06	-0.018102
1.834388e-06	-0.018102
1.836388e-06	-0.01828
1.838388e-06	-0.017924
1.840388e-06	-0.01739
1.842388e-06	-0.01739
1.844388e-06	-0.017746
1.846388e-06	-0.017924
1.848388e-06	-0.01739
1.850388e-06	-0.018814
1.852388e-06	-0.017924
1.854388e-06	-0.018102
1.856388e-06	-0.017212
1.858388e-06	-0.016678
1.860388e-06	-0.017034
1.862388e-06	-0.01739
1.864388e-06	-0.018102
1.866388e-06	-0.018102
1.868388e-06	-0.017568
1.870388e-06	-0.017568
1.872388e-06	-0.01739
1.874388e-06	-0.017924
1.876388e-06	-0.017924
1.878388e-06	-0.018102
1.880388e-06	-0.018102
1.882388e-06	-0.01828
1.884388e-06	-0.017746
1.886388e-06	-0.018102
1.888388e-06	-0.018102
1.890388e-06	-0.018636
1.892388e-06	-0.01828
1.894388e-06	-0.01828
1.896388e-06	-0.018458
1.898388e-06	-0.018636
1.900388e-06	-0.018102
1.902388e-06	-0.018458
1.904388e-06	-0.01828
1.906388e-06	-0.01917
1.908388e-06	-0.017924
1.910388e-06	-0.018992
1.912388e-06	-0.018636
1.914388e-06	-0.019348
1.916388e-06	-0.018814
1.918388e-06	-0.018458
1.920388e-06	-0.01828
1.922388e-06	-0.018458
1.924388e-06	-0.018814
1.926388e-06	-0.018636
1.928388e-06	-0.01828
1.930388e-06	-0.019526
1.932388e-06	-0.018992
1.934388e-06	-0.02006
1.936388e-06	-0.019348
1.938388e-06	-0.020238
1.940388e-06	-0.019348
1.942388e-06	-0.01917
1.944388e-06	-0.019882
1.946388e-06	-0.019882
1.948388e-06	-0.018992
1.950388e-06	-0.019704
1.952388e-06	-0.019348
1.954388e-06	-0.019348
1.956388e-06	-0.01917
1.958388e-06	-0.01917
1.960388e-06	-0.018458
1.962388e-06	-0.018636
1.964388e-06	-0.018992
1.966388e-06	-0.018814
1.968388e-06	-0.017212
1.970388e-06	-0.017924
1.972388e-06	-0.017924
1.974388e-06	-0.01828
1.976388e-06	-0.017568
1.978388e-06	-0.017924
1.980388e-06	-0.018102
1.982388e-06	-0.017746
1.984388e-06	-0.017568
1.986388e-06	-0.017212
1.988388e-06	-0.017212
1.990388e-06	-0.017568
1.992388e-06	-0.017746
1.994388e-06	-0.01739
1.996388e-06	-0.016678
1.998388e-06	-0.016678
2.000388e-06	-0.017034
2.002388e-06	-0.01739
2.004388e-06	-0.016856
2.006388e-06	-0.017034
2.008388e-06	-0.016856
2.010388e-06	-0.0165
2.012388e-06	-0.017034
2.014388e-06	-0.017568
2.016388e-06	-0.017568
2.018388e-06	-0.018102
2.020388e-06	-0.019348
2.022388e-06	-0.018814
2.024388e-06	-0.018458
2.026388e-06	-0.01917
2.028388e-06	-0.01917
2.030388e-06	-0.019882
2.032388e-06	-0.02006
2.034388e-06	-0.020238
2.036388e-06	-0.019348
2.038388e-06	-0.019882
2.040388e-06	-0.020416
2.042388e-06	-0.020238
2.044388e-06	-0.019704
2.046388e-06	-0.02006
2.048388e-06	-0.020772
2.050388e-06	-0.020772
2.052388e-06	-0.019882
2.054388e-06	-0.020238
2.056388e-06	-0.021306
2.058388e-06	-0.021128
2.060388e-06	-0.021306
2.062388e-06	-0.020772
2.064388e-06	-0.02095
2.066388e-06	-0.021484
2.068388e-06	-0.02095
2.070388e-06	-0.022374
2.072388e-06	-0.022552
2.074388e-06	-0.022374
2.076388e-06	-0.021662
2.078388e-06	-0.02184
2.080388e-06	-0.02184
2.082388e-06	-0.021662
2.084388e-06	-0.02184
2.086388e-06	-0.021662
2.088388e-06	-0.022196
2.090388e-06	-0.022374
2.092388e-06	-0.022196
2.094388e-06	-0.022374
2.096388e-06	-0.021662
2.098388e-06	-0.022374
2.100388e-06	-0.02184
2.102388e-06	-0.022908
2.104388e-06	-0.02273
2.106388e-06	-0.022374
2.108388e-06	-0.022374
2.110388e-06	-0.02273
2.112388e-06	-0.022552
2.114388e-06	-0.022552
2.116388e-06	-0.022196
2.118388e-06	-0.02273
2.120388e-06	-0.022196
2.122388e-06	-0.02273
2.124388e-06	-0.022552
2.126388e-06	-0.023442
2.128388e-06	-0.022552
2.130388e-06	-0.022018
2.132388e-06	-0.022374
2.134388e-06	-0.023086
2.136388e-06	-0.02273
2.138388e-06	-0.022908
2.140388e-06	-0.023442
2.142388e-06	-0.023798
2.144388e-06	-0.022908
2.146388e-06	-0.02273
2.148388e-06	-0.023086
2.150388e-06	-0.024154
2.152388e-06	-0.02362
2.154388e-06	-0.022908
2.156388e-06	-0.023264
2.158388e-06	-0.023798
2.160388e-06	-0.023086
2.162388e-06	-0.02273
2.164388e-06	-0.023798
2.166388e-06	-0.023976
2.168388e-06	-0.022908
2.170388e-06	-0.023976
2.172388e-06	-0.024154
2.174388e-06	-0.02451
2.176388e-06	-0.023442
2.178388e-06	-0.023086
2.180388e-06	-0.023976
2.182388e-06	-0.023798
2.184388e-06	-0.022552
2.186388e-06	-0.022552
2.188388e-06	-0.022908
2.190388e-06	-0.02273
2.192388e-06	-0.022374
2.194388e-06	-0.022196
2.196388e-06	-0.022196
2.198388e-06	-0.022196
2.200388e-06	-0.022552
2.202388e-06	-0.02273
2.204388e-06	-0.02273
2.206388e-06	-0.02273
2.208388e-06	-0.021484
2.210388e-06	-0.022374
2.212388e-06	-0.022552
2.214388e-06	-0.02273
2.216388e-06	-0.02184
2.218388e-06	-0.02184
2.220388e-06	-0.02184
2.222388e-06	-0.023442
2.224388e-06	-0.021662
2.226388e-06	-0.022196
2.228388e-06	-0.022196
2.230388e-06	-0.022018
2.232388e-06	-0.02095
2.234388e-06	-0.021662
2.236388e-06	-0.022552
2.238388e-06	-0.021484
2.240388e-06	-0.021662
2.242388e-06	-0.021306
2.244388e-06	-0.021128
2.246388e-06	-0.021662
2.248388e-06	-0.02184
2.250388e-06	-0.021306
2.252388e-06	-0.021128
2.254388e-06	-0.02184
2.256388e-06	-0.021484
2.258388e-06	-0.021484
2.260388e-06	-0.021484
2.262388e-06	-0.022196
2.264388e-06	-0.02184
2.266388e-06	-0.02095
2.268388e-06	-0.021484
2.270388e-06	-0.023264
2.272388e-06	-0.022196
2.274388e-06	-0.022374
2.276388e-06	-0.022374
2.278388e-06	-0.022552
2.280388e-06	-0.022552
2.282388e-06	-0.022374
2.284388e-06	-0.022908
2.286388e-06	-0.02362
2.288388e-06	-0.022018
2.290388e-06	-0.022374
2.292388e-06	-0.022908
2.294388e-06	-0.023086
2.296388e-06	-0.022374
2.298388e-06	-0.022552
2.300388e-06	-0.023086
2.302388e-06	-0.02362
2.304388e-06	-0.023442
2.306388e-06	-0.023798
2.308388e-06	-0.023086
2.310388e-06	-0.023442
2.312388e-06	-0.023086
2.314388e-06	-0.022908
2.316388e-06	-0.023086
2.318388e-06	-0.023798
2.320388e-06	-0.022552
2.322388e-06	-0.023086
2.324388e-06	-0.023442
2.326388e-06	-0.02362
2.328388e-06	-0.022908
2.330388e-06	-0.022196
2.332388e-06	-0.022552
2.334388e-06	-0.02362
2.336388e-06	-0.022374
2.338388e-06	-0.022552
2.340388e-06	-0.022196
2.342388e-06	-0.022908
2.344388e-06	-0.022908
2.346388e-06	-0.023442
2.348388e-06	-0.022908
2.350388e-06	-0.023976
2.352388e-06	-0.02362
2.354388e-06	-0.022908
2.356388e-06	-0.022196
2.358388e-06	-0.023264
2.360388e-06	-0.023086
2.362388e-06	-0.022374
2.364388e-06	-0.023086
2.366388e-06	-0.022908
2.368388e-06	-0.021484
2.370388e-06	-0.022196
2.372388e-06	-0.02184
2.374388e-06	-0.022196
2.376388e-06	-0.021128
2.378388e-06	-0.02095
2.380388e-06	-0.020416
2.382388e-06	-0.020772
2.384388e-06	-0.020238
2.386388e-06	-0.020772
2.388388e-06	-0.020416
2.390388e-06	-0.022018
2.392388e-06	-0.021128
2.394388e-06	-0.020772
2.396388e-06	-0.02095
2.398388e-06	-0.021128
2.400388e-06	-0.021662
2.402388e-06	-0.021662
2.404388e-06	-0.021128
2.406388e-06	-0.02184
2.408388e-06	-0.02095
2.410388e-06	-0.020594
2.412388e-06	-0.020416
2.414388e-06	-0.021662
2.416388e-06	-0.021128
2.418388e-06	-0.020416
2.420388e-06	-0.019882
2.422388e-06	-0.020594
2.424388e-06	-0.021306
2.426388e-06	-0.021128
2.428388e-06	-0.020416
2.430388e-06	-0.021306
2.432388e-06	-0.020772
2.434388e-06	-0.021128
2.436388e-06	-0.020416
2.438388e-06	-0.021306
2.440388e-06	-0.021128
2.442388e-06	-0.020772
2.444388e-06	-0.021306
2.446388e-06	-0.021662
2.448388e-06	-0.021306
2.450388e-06	-0.021128
2.452388e-06	-0.020416
2.454388e-06	-0.02095
2.456388e-06	-0.021128
2.458388e-06	-0.02095
2.460388e-06	-0.02184
2.462388e-06	-0.02273
2.464388e-06	-0.021484
2.466388e-06	-0.022374
2.468388e-06	-0.022552
2.470388e-06	-0.02273
2.472388e-06	-0.022196
2.474388e-06	-0.022196
2.476388e-06	-0.022018
2.478388e-06	-0.02273
2.480388e-06	-0.022552
2.482388e-06	-0.022196
2.484388e-06	-0.021662
2.486388e-06	-0.022552
2.488388e-06	-0.02184
2.490388e-06	-0.022018
2.492388e-06	-0.020772
2.494388e-06	-0.021128
2.496388e-06	-0.021128
2.498388e-06	-0.021306
2.500388e-06	-0.021484
