LECROYHDO6104A	50809	Waveform
Segments	1	SegmentSize	2502
Segment	TrigTime	TimeSinceSegment1
#1	19-Dec-2022 19:51:21	0                 
Time	Ampl
-2.5002e-06	-0.0182988
-2.4982e-06	-0.0182988
-2.4962e-06	-0.01791
-2.4942e-06	-0.0181044
-2.4922e-06	-0.0181368
-2.4902e-06	-0.0184932
-2.4882e-06	-0.0184932
-2.4862e-06	-0.0185904
-2.4842e-06	-0.0184608
-2.4822e-06	-0.0190116
-2.4802e-06	-0.0194976
-2.4782e-06	-0.0195948
-2.4762e-06	-0.0194976
-2.4742e-06	-0.0196596
-2.4722e-06	-0.0194004
-2.4702e-06	-0.019368
-2.4682e-06	-0.0194652
-2.4662e-06	-0.0195948
-2.4642e-06	-0.019368
-2.4622e-06	-0.0194004
-2.4602e-06	-0.0194004
-2.4582e-06	-0.0196272
-2.4562e-06	-0.0195624
-2.4542e-06	-0.019692
-2.4522e-06	-0.0194652
-2.4502e-06	-0.0197244
-2.4482e-06	-0.0194976
-2.4462e-06	-0.019692
-2.4442e-06	-0.019368
-2.4422e-06	-0.0194976
-2.4402e-06	-0.0190764
-2.4382e-06	-0.0191412
-2.4362e-06	-0.0187848
-2.4342e-06	-0.0189792
-2.4322e-06	-0.0189468
-2.4302e-06	-0.0191412
-2.4282e-06	-0.018882
-2.4262e-06	-0.019368
-2.4242e-06	-0.019368
-2.4222e-06	-0.0192708
-2.4202e-06	-0.0191736
-2.4182e-06	-0.0194652
-2.4162e-06	-0.01953
-2.4142e-06	-0.0197892
-2.4122e-06	-0.0196596
-2.4102e-06	-0.0201132
-2.4082e-06	-0.0201456
-2.4062e-06	-0.0199836
-2.4042e-06	-0.0201456
-2.4022e-06	-0.0202428
-2.4002e-06	-0.0204696
-2.3982e-06	-0.0205992
-2.3962e-06	-0.020664
-2.3942e-06	-0.020826
-2.3922e-06	-0.0206964
-2.3902e-06	-0.02034
-2.3882e-06	-0.0205344
-2.3862e-06	-0.0205992
-2.3842e-06	-0.0204696
-2.3822e-06	-0.0204372
-2.3802e-06	-0.0202752
-2.3782e-06	-0.0200808
-2.3762e-06	-0.0202428
-2.3742e-06	-0.0204696
-2.3722e-06	-0.0201456
-2.3702e-06	-0.0202752
-2.3682e-06	-0.02034
-2.3662e-06	-0.020178
-2.3642e-06	-0.0201132
-2.3622e-06	-0.0204048
-2.3602e-06	-0.0205668
-2.3582e-06	-0.0208908
-2.3562e-06	-0.020664
-2.3542e-06	-0.0211824
-2.3522e-06	-0.021312
-2.3502e-06	-0.0214092
-2.3482e-06	-0.0212472
-2.3462e-06	-0.0217008
-2.3442e-06	-0.0217656
-2.3422e-06	-0.0219276
-2.3402e-06	-0.02196
-2.3382e-06	-0.0221544
-2.3362e-06	-0.0220896
-2.3342e-06	-0.02196
-2.3322e-06	-0.02196
-2.3302e-06	-0.0221868
-2.3282e-06	-0.0223488
-2.3262e-06	-0.0223164
-2.3242e-06	-0.0221868
-2.3222e-06	-0.0222192
-2.3202e-06	-0.0220896
-2.3182e-06	-0.021636
-2.3162e-06	-0.0217332
-2.3142e-06	-0.0214416
-2.3122e-06	-0.0213444
-2.3102e-06	-0.021312
-2.3082e-06	-0.0213444
-2.3062e-06	-0.0214092
-2.3042e-06	-0.0210852
-2.3022e-06	-0.020988
-2.3002e-06	-0.02115
-2.2982e-06	-0.0215712
-2.2962e-06	-0.0212796
-2.2942e-06	-0.0211824
-2.2922e-06	-0.0210204
-2.2902e-06	-0.02115
-2.2882e-06	-0.0209556
-2.2862e-06	-0.0209232
-2.2842e-06	-0.020826
-2.2822e-06	-0.0212148
-2.2802e-06	-0.0211176
-2.2782e-06	-0.0209556
-2.2762e-06	-0.020664
-2.2742e-06	-0.0207936
-2.2722e-06	-0.0205668
-2.2702e-06	-0.0201132
-2.2682e-06	-0.0199836
-2.2662e-06	-0.02034
-2.2642e-06	-0.0200484
-2.2622e-06	-0.0200808
-2.2602e-06	-0.0197568
-2.2582e-06	-0.0199188
-2.2562e-06	-0.0195624
-2.2542e-06	-0.0197568
-2.2522e-06	-0.0195624
-2.2502e-06	-0.0200484
-2.2482e-06	-0.0203724
-2.2462e-06	-0.0204372
-2.2442e-06	-0.0205992
-2.2422e-06	-0.0205344
-2.2402e-06	-0.0207288
-2.2382e-06	-0.0207936
-2.2362e-06	-0.0207612
-2.2342e-06	-0.0209232
-2.2322e-06	-0.0211824
-2.2302e-06	-0.0214092
-2.2282e-06	-0.0216036
-2.2262e-06	-0.0217332
-2.2242e-06	-0.0217332
-2.2222e-06	-0.0217332
-2.2202e-06	-0.0220248
-2.2182e-06	-0.0220572
-2.2162e-06	-0.0223164
-2.2142e-06	-0.0220572
-2.2122e-06	-0.0220248
-2.2102e-06	-0.0220896
-2.2082e-06	-0.0222516
-2.2062e-06	-0.0225756
-2.2042e-06	-0.0228996
-2.2022e-06	-0.023418
-2.2002e-06	-0.0231912
-2.1982e-06	-0.0231588
-2.1962e-06	-0.0232884
-2.1942e-06	-0.0233532
-2.1922e-06	-0.0227052
-2.1902e-06	-0.0223164
-2.1882e-06	-0.02196
-2.1862e-06	-0.0221544
-2.1842e-06	-0.0220572
-2.1822e-06	-0.0218628
-2.1802e-06	-0.022122
-2.1782e-06	-0.0218628
-2.1762e-06	-0.0223164
-2.1742e-06	-0.0218628
-2.1722e-06	-0.0217332
-2.1702e-06	-0.0216684
-2.1682e-06	-0.0216036
-2.1662e-06	-0.0217332
-2.1642e-06	-0.0212148
-2.1622e-06	-0.02115
-2.1602e-06	-0.0212148
-2.1582e-06	-0.0215064
-2.1562e-06	-0.0212472
-2.1542e-06	-0.0218628
-2.1522e-06	-0.0217008
-2.1502e-06	-0.0215388
-2.1482e-06	-0.0211176
-2.1462e-06	-0.021798
-2.1442e-06	-0.0216036
-2.1422e-06	-0.0216684
-2.1402e-06	-0.021474
-2.1382e-06	-0.0218628
-2.1362e-06	-0.0218304
-2.1342e-06	-0.0217656
-2.1322e-06	-0.0215712
-2.1302e-06	-0.021636
-2.1282e-06	-0.0212796
-2.1262e-06	-0.0214416
-2.1242e-06	-0.020988
-2.1222e-06	-0.02115
-2.1202e-06	-0.020826
-2.1182e-06	-0.0207936
-2.1162e-06	-0.0207612
-2.1142e-06	-0.02034
-2.1122e-06	-0.0207288
-2.1102e-06	-0.0206316
-2.1082e-06	-0.0203076
-2.1062e-06	-0.0201132
-2.1042e-06	-0.020016
-2.1022e-06	-0.0203076
-2.1002e-06	-0.019854
-2.0982e-06	-0.0194652
-2.0962e-06	-0.0194328
-2.0942e-06	-0.0195624
-2.0922e-06	-0.0194976
-2.0902e-06	-0.0196596
-2.0882e-06	-0.0198216
-2.0862e-06	-0.0199836
-2.0842e-06	-0.0201132
-2.0822e-06	-0.020502
-2.0802e-06	-0.0203076
-2.0782e-06	-0.0200484
-2.0762e-06	-0.020178
-2.0742e-06	-0.0204696
-2.0722e-06	-0.02034
-2.0702e-06	-0.020178
-2.0682e-06	-0.0196272
-2.0662e-06	-0.0199836
-2.0642e-06	-0.0199512
-2.0622e-06	-0.0197244
-2.0602e-06	-0.0194004
-2.0582e-06	-0.0195948
-2.0562e-06	-0.0199188
-2.0542e-06	-0.0199836
-2.0522e-06	-0.0197244
-2.0502e-06	-0.0197244
-2.0482e-06	-0.0195948
-2.0462e-06	-0.0198864
-2.0442e-06	-0.0198864
-2.0422e-06	-0.0202428
-2.0402e-06	-0.0204372
-2.0382e-06	-0.020178
-2.0362e-06	-0.0197244
-2.0342e-06	-0.020016
-2.0322e-06	-0.0197244
-2.0302e-06	-0.0197892
-2.0282e-06	-0.0194652
-2.0262e-06	-0.0199188
-2.0242e-06	-0.0197568
-2.0222e-06	-0.0200808
-2.0202e-06	-0.0200808
-2.0182e-06	-0.0196596
-2.0162e-06	-0.0195624
-2.0142e-06	-0.0191088
-2.0122e-06	-0.0190116
-2.0102e-06	-0.0190116
-2.0082e-06	-0.0187524
-2.0062e-06	-0.0185904
-2.0042e-06	-0.0182664
-2.0022e-06	-0.0181692
-2.0002e-06	-0.0176508
-1.9982e-06	-0.017748
-1.9962e-06	-0.0172944
-1.9942e-06	-0.017424
-1.9922e-06	-0.0168084
-1.9902e-06	-0.016614
-1.9882e-06	-0.0162576
-1.9862e-06	-0.0163224
-1.9842e-06	-0.0163224
-1.9822e-06	-0.0162576
-1.9802e-06	-0.0163872
-1.9782e-06	-0.0168408
-1.9762e-06	-0.0169056
-1.9742e-06	-0.0170676
-1.9722e-06	-0.0168732
-1.9702e-06	-0.0173592
-1.9682e-06	-0.0168408
-1.9662e-06	-0.0171324
-1.9642e-06	-0.0169704
-1.9622e-06	-0.0169056
-1.9602e-06	-0.016776
-1.9582e-06	-0.0170028
-1.9562e-06	-0.0170676
-1.9542e-06	-0.017586
-1.9522e-06	-0.0175212
-1.9502e-06	-0.0173916
-1.9482e-06	-0.0174888
-1.9462e-06	-0.0179424
-1.9442e-06	-0.0180072
-1.9422e-06	-0.0178452
-1.9402e-06	-0.0176832
-1.9382e-06	-0.01791
-1.9362e-06	-0.0178128
-1.9342e-06	-0.0183312
-1.9322e-06	-0.0181368
-1.9302e-06	-0.0180072
-1.9282e-06	-0.0182016
-1.9262e-06	-0.0182016
-1.9242e-06	-0.0181692
-1.9222e-06	-0.018396
-1.9202e-06	-0.0187524
-1.9182e-06	-0.018558
-1.9162e-06	-0.0182664
-1.9142e-06	-0.0180396
-1.9122e-06	-0.01791
-1.9102e-06	-0.01791
-1.9082e-06	-0.0174888
-1.9062e-06	-0.017748
-1.9042e-06	-0.0177804
-1.9022e-06	-0.0176184
-1.9002e-06	-0.0174888
-1.8982e-06	-0.0176508
-1.8962e-06	-0.0174888
-1.8942e-06	-0.0173916
-1.8922e-06	-0.0171648
-1.8902e-06	-0.0178128
-1.8882e-06	-0.0179748
-1.8862e-06	-0.0179424
-1.8842e-06	-0.0178776
-1.8822e-06	-0.0176508
-1.8802e-06	-0.0178452
-1.8782e-06	-0.018234
-1.8762e-06	-0.0181368
-1.8742e-06	-0.0180396
-1.8722e-06	-0.0181368
-1.8702e-06	-0.018234
-1.8682e-06	-0.0183312
-1.8662e-06	-0.01872
-1.8642e-06	-0.0191088
-1.8622e-06	-0.019206
-1.8602e-06	-0.0191412
-1.8582e-06	-0.0193032
-1.8562e-06	-0.019044
-1.8542e-06	-0.0188172
-1.8522e-06	-0.0188172
-1.8502e-06	-0.0191736
-1.8482e-06	-0.0189144
-1.8462e-06	-0.0191088
-1.8442e-06	-0.0190116
-1.8422e-06	-0.0189144
-1.8402e-06	-0.0185256
-1.8382e-06	-0.0186228
-1.8362e-06	-0.0186552
-1.8342e-06	-0.018882
-1.8322e-06	-0.0189468
-1.8302e-06	-0.0189144
-1.8282e-06	-0.0188172
-1.8262e-06	-0.0188496
-1.8242e-06	-0.0186876
-1.8222e-06	-0.0184932
-1.8202e-06	-0.0183636
-1.8182e-06	-0.018396
-1.8162e-06	-0.0183312
-1.8142e-06	-0.0184284
-1.8122e-06	-0.0182988
-1.8102e-06	-0.0187524
-1.8082e-06	-0.01872
-1.8062e-06	-0.0188172
-1.8042e-06	-0.0188172
-1.8022e-06	-0.019368
-1.8002e-06	-0.0189468
-1.7982e-06	-0.0191412
-1.7962e-06	-0.0187524
-1.7942e-06	-0.01953
-1.7922e-06	-0.0196596
-1.7902e-06	-0.0199188
-1.7882e-06	-0.019692
-1.7862e-06	-0.0202752
-1.7842e-06	-0.0201132
-1.7822e-06	-0.0201132
-1.7802e-06	-0.0199188
-1.7782e-06	-0.0199512
-1.7762e-06	-0.0196596
-1.7742e-06	-0.0194976
-1.7722e-06	-0.0195948
-1.7702e-06	-0.0196272
-1.7682e-06	-0.0194328
-1.7662e-06	-0.0195624
-1.7642e-06	-0.0192384
-1.7622e-06	-0.0194328
-1.7602e-06	-0.0193032
-1.7582e-06	-0.0196272
-1.7562e-06	-0.0195948
-1.7542e-06	-0.0197568
-1.7522e-06	-0.0199512
-1.7502e-06	-0.0200484
-1.7482e-06	-0.0198864
-1.7462e-06	-0.0204696
-1.7442e-06	-0.0205992
-1.7422e-06	-0.0206964
-1.7402e-06	-0.020664
-1.7382e-06	-0.0209556
-1.7362e-06	-0.0206964
-1.7342e-06	-0.0207936
-1.7322e-06	-0.0208584
-1.7302e-06	-0.0210528
-1.7282e-06	-0.0212796
-1.7262e-06	-0.0213768
-1.7242e-06	-0.02115
-1.7222e-06	-0.0212796
-1.7202e-06	-0.0215388
-1.7182e-06	-0.0215064
-1.7162e-06	-0.0214416
-1.7142e-06	-0.0212472
-1.7122e-06	-0.0210852
-1.7102e-06	-0.0212472
-1.7082e-06	-0.0214092
-1.7062e-06	-0.0218304
-1.7042e-06	-0.0219924
-1.7022e-06	-0.022284
-1.7002e-06	-0.0220572
-1.6982e-06	-0.0224136
-1.6962e-06	-0.0224136
-1.6942e-06	-0.0224784
-1.6922e-06	-0.0225108
-1.6902e-06	-0.0228672
-1.6882e-06	-0.0228024
-1.6862e-06	-0.0227052
-1.6842e-06	-0.0229644
-1.6822e-06	-0.0229968
-1.6802e-06	-0.022932
-1.6782e-06	-0.0230616
-1.6762e-06	-0.0232236
-1.6742e-06	-0.0233532
-1.6722e-06	-0.0231588
-1.6702e-06	-0.023094
-1.6682e-06	-0.0228024
-1.6662e-06	-0.0230292
-1.6642e-06	-0.022932
-1.6622e-06	-0.0228024
-1.6602e-06	-0.022932
-1.6582e-06	-0.0226728
-1.6562e-06	-0.0228996
-1.6542e-06	-0.0231588
-1.6522e-06	-0.0232236
-1.6502e-06	-0.0233208
-1.6482e-06	-0.0228996
-1.6462e-06	-0.0227052
-1.6442e-06	-0.02277
-1.6422e-06	-0.0228348
-1.6402e-06	-0.02277
-1.6382e-06	-0.0225108
-1.6362e-06	-0.0225756
-1.6342e-06	-0.0223164
-1.6322e-06	-0.0223488
-1.6302e-06	-0.0221544
-1.6282e-06	-0.0219276
-1.6262e-06	-0.0221544
-1.6242e-06	-0.0223488
-1.6222e-06	-0.0222192
-1.6202e-06	-0.021798
-1.6182e-06	-0.0215712
-1.6162e-06	-0.0212796
-1.6142e-06	-0.020988
-1.6122e-06	-0.0208908
-1.6102e-06	-0.0210852
-1.6082e-06	-0.0212148
-1.6062e-06	-0.0209556
-1.6042e-06	-0.0205668
-1.6022e-06	-0.0205992
-1.6002e-06	-0.0207612
-1.5982e-06	-0.0210204
-1.5962e-06	-0.02115
-1.5942e-06	-0.0212472
-1.5922e-06	-0.0210528
-1.5902e-06	-0.020664
-1.5882e-06	-0.0207936
-1.5862e-06	-0.0212796
-1.5842e-06	-0.0212148
-1.5822e-06	-0.02115
-1.5802e-06	-0.0209232
-1.5782e-06	-0.0213768
-1.5762e-06	-0.0214416
-1.5742e-06	-0.0215712
-1.5722e-06	-0.0219276
-1.5702e-06	-0.02196
-1.5682e-06	-0.0216036
-1.5662e-06	-0.0215388
-1.5642e-06	-0.0212148
-1.5622e-06	-0.0215388
-1.5602e-06	-0.021474
-1.5582e-06	-0.0214416
-1.5562e-06	-0.0211176
-1.5542e-06	-0.0215388
-1.5522e-06	-0.0217008
-1.5502e-06	-0.0220896
-1.5482e-06	-0.0218628
-1.5462e-06	-0.0219276
-1.5442e-06	-0.0217008
-1.5422e-06	-0.0217332
-1.5402e-06	-0.0218628
-1.5382e-06	-0.022122
-1.5362e-06	-0.0223488
-1.5342e-06	-0.0221868
-1.5322e-06	-0.0220896
-1.5302e-06	-0.0218952
-1.5282e-06	-0.0220248
-1.5262e-06	-0.0218628
-1.5242e-06	-0.0217332
-1.5222e-06	-0.0218628
-1.5202e-06	-0.0217008
-1.5182e-06	-0.021474
-1.5162e-06	-0.0215064
-1.5142e-06	-0.0210204
-1.5122e-06	-0.0207288
-1.5102e-06	-0.0205992
-1.5082e-06	-0.0204696
-1.5062e-06	-0.0205992
-1.5042e-06	-0.0205992
-1.5022e-06	-0.0204372
-1.5002e-06	-0.0202428
-1.4982e-06	-0.020502
-1.4962e-06	-0.0204372
-1.4942e-06	-0.020826
-1.4922e-06	-0.0205668
-1.4902e-06	-0.02034
-1.4882e-06	-0.0203076
-1.4862e-06	-0.0204048
-1.4842e-06	-0.0203724
-1.4822e-06	-0.02034
-1.4802e-06	-0.020178
-1.4782e-06	-0.0204048
-1.4762e-06	-0.0200484
-1.4742e-06	-0.0199512
-1.4722e-06	-0.0198864
-1.4702e-06	-0.0197892
-1.4682e-06	-0.0195948
-1.4662e-06	-0.0198216
-1.4642e-06	-0.0199836
-1.4622e-06	-0.0199836
-1.4602e-06	-0.0200484
-1.4582e-06	-0.0201132
-1.4562e-06	-0.0202752
-1.4542e-06	-0.02034
-1.4522e-06	-0.020016
-1.4502e-06	-0.0204696
-1.4482e-06	-0.020016
-1.4462e-06	-0.0199188
-1.4442e-06	-0.0199512
-1.4422e-06	-0.0200484
-1.4402e-06	-0.020178
-1.4382e-06	-0.0200484
-1.4362e-06	-0.0202752
-1.4342e-06	-0.0205668
-1.4322e-06	-0.0204048
-1.4302e-06	-0.02034
-1.4282e-06	-0.0202428
-1.4262e-06	-0.0202104
-1.4242e-06	-0.02034
-1.4222e-06	-0.020664
-1.4202e-06	-0.0208584
-1.4182e-06	-0.0208908
-1.4162e-06	-0.0211176
-1.4142e-06	-0.021312
-1.4122e-06	-0.0212148
-1.4102e-06	-0.0215388
-1.4082e-06	-0.0217656
-1.4062e-06	-0.0221544
-1.4042e-06	-0.0218952
-1.4022e-06	-0.0221544
-1.4002e-06	-0.0223488
-1.3982e-06	-0.0223488
-1.3962e-06	-0.0223488
-1.3942e-06	-0.0224136
-1.3922e-06	-0.0220572
-1.3902e-06	-0.0218628
-1.3882e-06	-0.0214416
-1.3862e-06	-0.0217332
-1.3842e-06	-0.0217656
-1.3822e-06	-0.0215064
-1.3802e-06	-0.0215064
-1.3782e-06	-0.021474
-1.3762e-06	-0.0212796
-1.3742e-06	-0.021312
-1.3722e-06	-0.0212472
-1.3702e-06	-0.0213768
-1.3682e-06	-0.02115
-1.3662e-06	-0.021312
-1.3642e-06	-0.0210852
-1.3622e-06	-0.0211824
-1.3602e-06	-0.0214416
-1.3582e-06	-0.0215064
-1.3562e-06	-0.0214092
-1.3542e-06	-0.021636
-1.3522e-06	-0.0220248
-1.3502e-06	-0.0217332
-1.3482e-06	-0.021798
-1.3462e-06	-0.0220572
-1.3442e-06	-0.0219924
-1.3422e-06	-0.02196
-1.3402e-06	-0.0217008
-1.3382e-06	-0.0218304
-1.3362e-06	-0.0220572
-1.3342e-06	-0.0217656
-1.3322e-06	-0.021636
-1.3302e-06	-0.021474
-1.3282e-06	-0.0214416
-1.3262e-06	-0.0210852
-1.3242e-06	-0.0209232
-1.3222e-06	-0.0207288
-1.3202e-06	-0.0206316
-1.3182e-06	-0.0201456
-1.3162e-06	-0.019854
-1.3142e-06	-0.019854
-1.3122e-06	-0.0203724
-1.3102e-06	-0.0202104
-1.3082e-06	-0.0202428
-1.3062e-06	-0.0200808
-1.3042e-06	-0.0199836
-1.3022e-06	-0.019854
-1.3002e-06	-0.0200808
-1.2982e-06	-0.0201132
-1.2962e-06	-0.0200808
-1.2942e-06	-0.0199836
-1.2922e-06	-0.0199188
-1.2902e-06	-0.0202428
-1.2882e-06	-0.0204696
-1.2862e-06	-0.0206316
-1.2842e-06	-0.0200808
-1.2822e-06	-0.0206316
-1.2802e-06	-0.0207936
-1.2782e-06	-0.0207612
-1.2762e-06	-0.0205344
-1.2742e-06	-0.0207612
-1.2722e-06	-0.0205668
-1.2702e-06	-0.0207612
-1.2682e-06	-0.020502
-1.2662e-06	-0.0207936
-1.2642e-06	-0.0209556
-1.2622e-06	-0.02115
-1.2602e-06	-0.0208908
-1.2582e-06	-0.0211824
-1.2562e-06	-0.0208584
-1.2542e-06	-0.0207612
-1.2522e-06	-0.0206964
-1.2502e-06	-0.020826
-1.2482e-06	-0.0205668
-1.2462e-06	-0.0202428
-1.2442e-06	-0.0199512
-1.2422e-06	-0.0202752
-1.2402e-06	-0.020016
-1.2382e-06	-0.0201132
-1.2362e-06	-0.0197892
-1.2342e-06	-0.0197892
-1.2322e-06	-0.019692
-1.2302e-06	-0.0192708
-1.2282e-06	-0.019206
-1.2262e-06	-0.0196596
-1.2242e-06	-0.0199188
-1.2222e-06	-0.0200484
-1.2202e-06	-0.0201456
-1.2182e-06	-0.0202104
-1.2162e-06	-0.02034
-1.2142e-06	-0.0201456
-1.2122e-06	-0.019854
-1.2102e-06	-0.0202104
-1.2082e-06	-0.0203724
-1.2062e-06	-0.0202428
-1.2042e-06	-0.0196596
-1.2022e-06	-0.0198864
-1.2002e-06	-0.01953
-1.1982e-06	-0.0196596
-1.1962e-06	-0.0196272
-1.1942e-06	-0.019854
-1.1922e-06	-0.0198216
-1.1902e-06	-0.0197892
-1.1882e-06	-0.0194652
-1.1862e-06	-0.0192384
-1.1842e-06	-0.0188496
-1.1822e-06	-0.0186228
-1.1802e-06	-0.018234
-1.1782e-06	-0.0185256
-1.1762e-06	-0.0184932
-1.1742e-06	-0.0185256
-1.1722e-06	-0.0182016
-1.1702e-06	-0.0183312
-1.1682e-06	-0.018396
-1.1662e-06	-0.0185256
-1.1642e-06	-0.0185256
-1.1622e-06	-0.018396
-1.1602e-06	-0.0182664
-1.1582e-06	-0.0182988
-1.1562e-06	-0.018396
-1.1542e-06	-0.0185904
-1.1522e-06	-0.0183312
-1.1502e-06	-0.01872
-1.1482e-06	-0.018234
-1.1462e-06	-0.0185256
-1.1442e-06	-0.0187524
-1.1422e-06	-0.0189468
-1.1402e-06	-0.0192708
-1.1382e-06	-0.0195624
-1.1362e-06	-0.0196596
-1.1342e-06	-0.0194976
-1.1322e-06	-0.0197568
-1.1302e-06	-0.0199188
-1.1282e-06	-0.0196596
-1.1262e-06	-0.019692
-1.1242e-06	-0.0194004
-1.1222e-06	-0.0199512
-1.1202e-06	-0.0199188
-1.1182e-06	-0.0200808
-1.1162e-06	-0.020016
-1.1142e-06	-0.0201456
-1.1122e-06	-0.0206964
-1.1102e-06	-0.0209556
-1.1082e-06	-0.0207612
-1.1062e-06	-0.0204696
-1.1042e-06	-0.0207612
-1.1022e-06	-0.020826
-1.1002e-06	-0.0209232
-1.0982e-06	-0.0205668
-1.0962e-06	-0.0201456
-1.0942e-06	-0.0201456
-1.0922e-06	-0.0205344
-1.0902e-06	-0.0205668
-1.0882e-06	-0.0204372
-1.0862e-06	-0.0206964
-1.0842e-06	-0.0205668
-1.0822e-06	-0.0204696
-1.0802e-06	-0.02034
-1.0782e-06	-0.0205344
-1.0762e-06	-0.0202104
-1.0742e-06	-0.0207612
-1.0722e-06	-0.0205344
-1.0702e-06	-0.0205668
-1.0682e-06	-0.02034
-1.0662e-06	-0.0205668
-1.0642e-06	-0.0204048
-1.0622e-06	-0.0200484
-1.0602e-06	-0.0198864
-1.0582e-06	-0.0199836
-1.0562e-06	-0.020016
-1.0542e-06	-0.0199188
-1.0522e-06	-0.0195948
-1.0502e-06	-0.0199188
-1.0482e-06	-0.0198216
-1.0462e-06	-0.01953
-1.0442e-06	-0.019206
-1.0422e-06	-0.019368
-1.0402e-06	-0.0192708
-1.0382e-06	-0.0194004
-1.0362e-06	-0.0194976
-1.0342e-06	-0.0193032
-1.0322e-06	-0.0189792
-1.0302e-06	-0.0187524
-1.0282e-06	-0.0186552
-1.0262e-06	-0.0186876
-1.0242e-06	-0.0186228
-1.0222e-06	-0.0185256
-1.0202e-06	-0.018234
-1.0182e-06	-0.01872
-1.0162e-06	-0.0189468
-1.0142e-06	-0.0186876
-1.0122e-06	-0.0184608
-1.0102e-06	-0.0189792
-1.0082e-06	-0.0192708
-1.0062e-06	-0.0196272
-1.0042e-06	-0.019206
-1.0022e-06	-0.0196596
-1.0002e-06	-0.019692
-9.982001e-07	-0.0198216
-9.962001e-07	-0.0197568
-9.942001e-07	-0.020178
-9.922001e-07	-0.020016
-9.902001e-07	-0.020178
-9.882001e-07	-0.0199836
-9.862001e-07	-0.0205992
-9.842001e-07	-0.0202428
-9.822001e-07	-0.0204372
-9.802001e-07	-0.020664
-9.782001e-07	-0.0210852
-9.762001e-07	-0.0210204
-9.742001e-07	-0.0208908
-9.722001e-07	-0.0205668
-9.702001e-07	-0.0205344
-9.682001e-07	-0.0206316
-9.662001e-07	-0.0205992
-9.642001e-07	-0.0205668
-9.622001e-07	-0.0204696
-9.602001e-07	-0.0204372
-9.582001e-07	-0.0207612
-9.562001e-07	-0.0202104
-9.542001e-07	-0.02034
-9.522001e-07	-0.0205344
-9.502001e-07	-0.0206316
-9.482001e-07	-0.0203724
-9.462001e-07	-0.0203076
-9.442001e-07	-0.0201132
-9.422001e-07	-0.0200808
-9.402001e-07	-0.0199188
-9.382001e-07	-0.0199188
-9.362001e-07	-0.0194976
-9.342001e-07	-0.019368
-9.322001e-07	-0.0188496
-9.302001e-07	-0.01872
-9.282001e-07	-0.018396
-9.262001e-07	-0.0179748
-9.242001e-07	-0.017748
-9.222001e-07	-0.0177156
-9.202001e-07	-0.0173268
-9.182001e-07	-0.0170676
-9.162001e-07	-0.0164844
-9.142001e-07	-0.0166464
-9.122001e-07	-0.0163224
-9.102001e-07	-0.0161928
-9.082001e-07	-0.0159984
-9.062001e-07	-0.0161604
-9.042001e-07	-0.0159336
-9.022001e-07	-0.0158364
-9.002001e-07	-0.0155448
-8.982001e-07	-0.0154476
-8.962001e-07	-0.0153828
-8.942001e-07	-0.0152532
-8.922001e-07	-0.0154152
-8.902001e-07	-0.015642
-8.882001e-07	-0.0154476
-8.862001e-07	-0.0152532
-8.842001e-07	-0.0149616
-8.822001e-07	-0.0150912
-8.802001e-07	-0.014994
-8.782001e-07	-0.0149292
-8.762001e-07	-0.0144108
-8.742001e-07	-0.0142488
-8.722001e-07	-0.0138276
-8.702001e-07	-0.0142488
-8.682001e-07	-0.0146376
-8.662001e-07	-0.0147024
-8.642001e-07	-0.01467
-8.622001e-07	-0.014832
-8.602001e-07	-0.0148644
-8.582001e-07	-0.0148968
-8.562001e-07	-0.0149616
-8.542001e-07	-0.0148968
-8.522001e-07	-0.0147996
-8.502001e-07	-0.0147672
-8.482001e-07	-0.0144756
-8.462001e-07	-0.0143784
-8.442001e-07	-0.014022
-8.422001e-07	-0.0144432
-8.402001e-07	-0.014346
-8.382001e-07	-0.0144108
-8.362001e-07	-0.0141192
-8.342001e-07	-0.0144108
-8.322001e-07	-0.0142488
-8.302001e-07	-0.014184
-8.282001e-07	-0.014022
-8.262001e-07	-0.0140868
-8.242001e-07	-0.0142164
-8.222001e-07	-0.0145728
-8.202001e-07	-0.014508
-8.182001e-07	-0.0145728
-8.162001e-07	-0.0148968
-8.142001e-07	-0.0154152
-8.122001e-07	-0.0154152
-8.102001e-07	-0.0156096
-8.082001e-07	-0.0155772
-8.062001e-07	-0.0156096
-8.042001e-07	-0.015804
-8.022001e-07	-0.016128
-8.002001e-07	-0.0159984
-7.982001e-07	-0.0160632
-7.962001e-07	-0.01629
-7.942001e-07	-0.0164844
-7.922001e-07	-0.0163548
-7.902001e-07	-0.0163872
-7.882001e-07	-0.0161928
-7.862001e-07	-0.0160308
-7.842001e-07	-0.0159336
-7.822001e-07	-0.016128
-7.802001e-07	-0.0159336
-7.782001e-07	-0.0160308
-7.762001e-07	-0.0160308
-7.742001e-07	-0.0162576
-7.722001e-07	-0.01629
-7.702001e-07	-0.0165168
-7.682001e-07	-0.0161928
-7.662001e-07	-0.0164844
-7.642001e-07	-0.016128
-7.622001e-07	-0.0166788
-7.602001e-07	-0.0163872
-7.582001e-07	-0.016452
-7.562001e-07	-0.0161604
-7.542001e-07	-0.016128
-7.522001e-07	-0.0160308
-7.502001e-07	-0.016128
-7.482001e-07	-0.0160308
-7.462001e-07	-0.016128
-7.442001e-07	-0.0160308
-7.422001e-07	-0.016128
-7.402001e-07	-0.0160308
-7.382001e-07	-0.016776
-7.362001e-07	-0.016938
-7.342001e-07	-0.0169704
-7.322001e-07	-0.0171
-7.302001e-07	-0.0171648
-7.282001e-07	-0.0172944
-7.262001e-07	-0.0174564
-7.242001e-07	-0.0173592
-7.222001e-07	-0.017748
-7.202001e-07	-0.0180072
-7.182001e-07	-0.0181692
-7.162001e-07	-0.0182988
-7.142001e-07	-0.0186552
-7.122001e-07	-0.0185904
-7.102001e-07	-0.0186228
-7.082001e-07	-0.018558
-7.062001e-07	-0.0187524
-7.042001e-07	-0.0191088
-7.022001e-07	-0.0190116
-7.002001e-07	-0.0189144
-6.982001e-07	-0.018882
-6.962001e-07	-0.019044
-6.942001e-07	-0.019044
-6.922001e-07	-0.0186876
-6.902001e-07	-0.01872
-6.882001e-07	-0.0188496
-6.862001e-07	-0.0184608
-6.842001e-07	-0.0181368
-6.822001e-07	-0.0181368
-6.802001e-07	-0.0176832
-6.782001e-07	-0.0180072
-6.762001e-07	-0.0178776
-6.742001e-07	-0.0180072
-6.722001e-07	-0.0181368
-6.702001e-07	-0.018234
-6.682001e-07	-0.0177156
-6.662001e-07	-0.0177156
-6.642001e-07	-0.0178452
-6.622001e-07	-0.0178452
-6.602001e-07	-0.0172296
-6.582001e-07	-0.0175536
-6.562001e-07	-0.0173268
-6.542001e-07	-0.0171972
-6.522001e-07	-0.0170028
-6.502001e-07	-0.0168084
-6.482001e-07	-0.0168732
-6.462001e-07	-0.0170028
-6.442001e-07	-0.0170352
-6.422001e-07	-0.0171
-6.402001e-07	-0.0170028
-6.382001e-07	-0.0171324
-6.362001e-07	-0.017262
-6.342001e-07	-0.0175212
-6.322001e-07	-0.0171324
-6.302001e-07	-0.0175212
-6.282001e-07	-0.0172944
-6.262001e-07	-0.017586
-6.242001e-07	-0.0177156
-6.222001e-07	-0.017586
-6.202001e-07	-0.0175212
-6.182001e-07	-0.0180396
-6.162001e-07	-0.0181692
-6.142001e-07	-0.018234
-6.122001e-07	-0.0182664
-6.102001e-07	-0.0179748
-6.082001e-07	-0.0178776
-6.062001e-07	-0.0178128
-6.042001e-07	-0.0174888
-6.022001e-07	-0.0177156
-6.002001e-07	-0.0176184
-5.982001e-07	-0.0174888
-5.962001e-07	-0.017262
-5.942001e-07	-0.017262
-5.922001e-07	-0.0169056
-5.902001e-07	-0.016938
-5.882001e-07	-0.0171324
-5.862001e-07	-0.0169704
-5.842001e-07	-0.0166788
-5.822001e-07	-0.0166788
-5.802001e-07	-0.0163224
-5.782001e-07	-0.0165168
-5.762001e-07	-0.016614
-5.742001e-07	-0.0166788
-5.722001e-07	-0.0165492
-5.702001e-07	-0.0164844
-5.682001e-07	-0.016452
-5.662001e-07	-0.0168408
-5.642001e-07	-0.0169704
-5.622001e-07	-0.0171324
-5.602001e-07	-0.0171648
-5.582001e-07	-0.0168408
-5.562001e-07	-0.0169056
-5.542001e-07	-0.0172296
-5.522001e-07	-0.0175536
-5.502001e-07	-0.0175536
-5.482001e-07	-0.0174564
-5.462001e-07	-0.0178452
-5.442001e-07	-0.0178128
-5.422001e-07	-0.018072
-5.402001e-07	-0.0176832
-5.382001e-07	-0.018234
-5.362001e-07	-0.0182016
-5.342001e-07	-0.0185904
-5.322001e-07	-0.0184608
-5.302001e-07	-0.0187524
-5.282001e-07	-0.018882
-5.262001e-07	-0.0191412
-5.242001e-07	-0.0184932
-5.222001e-07	-0.0184284
-5.202001e-07	-0.018234
-5.182001e-07	-0.0187848
-5.162001e-07	-0.018558
-5.142001e-07	-0.0186552
-5.122001e-07	-0.0184284
-5.102001e-07	-0.0185256
-5.082001e-07	-0.0183636
-5.062001e-07	-0.0182016
-5.042001e-07	-0.0178128
-5.022001e-07	-0.0179424
-5.002001e-07	-0.0178452
-4.982001e-07	-0.0178776
-4.962001e-07	-0.0176832
-4.942001e-07	-0.0178128
-4.922001e-07	-0.0174888
-4.902001e-07	-0.0176184
-4.882001e-07	-0.0177804
-4.862001e-07	-0.0178128
-4.842001e-07	-0.0178128
-4.822001e-07	-0.0178776
-4.802001e-07	-0.0175536
-4.782001e-07	-0.0176832
-4.762001e-07	-0.0175536
-4.742001e-07	-0.0176508
-4.722001e-07	-0.0176508
-4.702001e-07	-0.0181044
-4.682001e-07	-0.0179748
-4.662001e-07	-0.0179424
-4.642001e-07	-0.0173268
-4.622001e-07	-0.017586
-4.602001e-07	-0.0178452
-4.582001e-07	-0.0184608
-4.562001e-07	-0.0182988
-4.542001e-07	-0.0186552
-4.522001e-07	-0.018234
-4.502001e-07	-0.0184284
-4.482001e-07	-0.0187848
-4.462001e-07	-0.019044
-4.442001e-07	-0.0190116
-4.422001e-07	-0.0190764
-4.402001e-07	-0.0187524
-4.382001e-07	-0.018882
-4.362001e-07	-0.0187848
-4.342001e-07	-0.0189792
-4.322001e-07	-0.0186552
-4.302001e-07	-0.0186876
-4.282001e-07	-0.0187848
-4.262001e-07	-0.0193356
-4.242001e-07	-0.0194328
-4.222001e-07	-0.0193032
-4.202001e-07	-0.01953
-4.182001e-07	-0.0201132
-4.162001e-07	-0.0200808
-4.142001e-07	-0.0202428
-4.122001e-07	-0.0203076
-4.102001e-07	-0.0201456
-4.082001e-07	-0.0200484
-4.062001e-07	-0.0202104
-4.042001e-07	-0.0201456
-4.022001e-07	-0.0204696
-4.002001e-07	-0.0200808
-3.982001e-07	-0.0201132
-3.962001e-07	-0.020016
-3.942001e-07	-0.0203076
-3.922001e-07	-0.020178
-3.902001e-07	-0.020502
-3.882001e-07	-0.0204696
-3.862001e-07	-0.0208584
-3.842001e-07	-0.0207288
-3.822001e-07	-0.0208584
-3.802001e-07	-0.020826
-3.782001e-07	-0.021312
-3.762001e-07	-0.0209232
-3.742001e-07	-0.0208584
-3.722001e-07	-0.020826
-3.702001e-07	-0.0212148
-3.682001e-07	-0.0211176
-3.662001e-07	-0.020988
-3.642001e-07	-0.0210528
-3.622001e-07	-0.0213768
-3.602001e-07	-0.021474
-3.582001e-07	-0.021312
-3.562001e-07	-0.0211176
-3.542001e-07	-0.0215064
-3.522001e-07	-0.0210528
-3.502001e-07	-0.0207288
-3.482001e-07	-0.0204372
-3.462001e-07	-0.0204048
-3.442001e-07	-0.0201456
-3.422001e-07	-0.0202752
-3.402001e-07	-0.020178
-3.382001e-07	-0.0200484
-3.362001e-07	-0.0199512
-3.342001e-07	-0.0197892
-3.322001e-07	-0.0194976
-3.302001e-07	-0.0196272
-3.282001e-07	-0.0198216
-3.262001e-07	-0.0198864
-3.242001e-07	-0.01953
-3.222001e-07	-0.0193356
-3.202001e-07	-0.0195948
-3.182001e-07	-0.0200808
-3.162001e-07	-0.0199512
-3.142001e-07	-0.0201456
-3.122001e-07	-0.0203076
-3.102001e-07	-0.0204696
-3.082001e-07	-0.020664
-3.062001e-07	-0.0207288
-3.042001e-07	-0.0205992
-3.022001e-07	-0.0208584
-3.002001e-07	-0.0209556
-2.982001e-07	-0.0213768
-2.962001e-07	-0.0210852
-2.942001e-07	-0.0210528
-2.922001e-07	-0.0207612
-2.902001e-07	-0.0208908
-2.882001e-07	-0.0209232
-2.862001e-07	-0.0207288
-2.842001e-07	-0.0201132
-2.822001e-07	-0.0203076
-2.802001e-07	-0.0201132
-2.782001e-07	-0.0205344
-2.762001e-07	-0.0204048
-2.742001e-07	-0.020664
-2.722001e-07	-0.0208584
-2.702001e-07	-0.0209556
-2.682001e-07	-0.0206964
-2.662001e-07	-0.0212472
-2.642001e-07	-0.0211176
-2.622001e-07	-0.0206964
-2.602001e-07	-0.0207288
-2.582001e-07	-0.0208584
-2.562001e-07	-0.0207936
-2.542001e-07	-0.0209232
-2.522001e-07	-0.0205992
-2.502001e-07	-0.0207288
-2.482001e-07	-0.0205668
-2.462001e-07	-0.0202428
-2.442001e-07	-0.0200808
-2.422001e-07	-0.0199836
-2.402001e-07	-0.0199512
-2.382001e-07	-0.0197892
-2.362001e-07	-0.0197244
-2.342001e-07	-0.0201456
-2.322001e-07	-0.020016
-2.302001e-07	-0.0196596
-2.282001e-07	-0.0194976
-2.262001e-07	-0.0198864
-2.242001e-07	-0.0196272
-2.222001e-07	-0.0193032
-2.202001e-07	-0.0194328
-2.182001e-07	-0.0197568
-2.162001e-07	-0.0196596
-2.142001e-07	-0.0197892
-2.122001e-07	-0.0197568
-2.102001e-07	-0.0196596
-2.082001e-07	-0.0197568
-2.062001e-07	-0.0198864
-2.042001e-07	-0.020016
-2.022001e-07	-0.0201132
-2.002001e-07	-0.019692
-1.982001e-07	-0.0196596
-1.962001e-07	-0.0196596
-1.942001e-07	-0.0199836
-1.922001e-07	-0.0201456
-1.902001e-07	-0.0199188
-1.882001e-07	-0.0197244
-1.862001e-07	-0.0197892
-1.842001e-07	-0.0191736
-1.822001e-07	-0.0192384
-1.802001e-07	-0.0190764
-1.782001e-07	-0.019206
-1.762001e-07	-0.0190764
-1.742001e-07	-0.0190764
-1.722001e-07	-0.0189468
-1.702001e-07	-0.019206
-1.682001e-07	-0.019206
-1.662001e-07	-0.0190116
-1.642001e-07	-0.018882
-1.622001e-07	-0.0191412
-1.602001e-07	-0.0190116
-1.582001e-07	-0.0195624
-1.562001e-07	-0.0196272
-1.542001e-07	-0.0194004
-1.522001e-07	-0.0190116
-1.502001e-07	-0.0193032
-1.482001e-07	-0.0194652
-1.462001e-07	-0.0197244
-1.442001e-07	-0.0199188
-1.422001e-07	-0.020178
-1.402001e-07	-0.0197892
-1.382001e-07	-0.0200484
-1.362001e-07	-0.0201456
-1.342001e-07	-0.0204372
-1.322001e-07	-0.0205344
-1.302001e-07	-0.020826
-1.282001e-07	-0.0204696
-1.262001e-07	-0.0204696
-1.242001e-07	-0.0202104
-1.222001e-07	-0.0202428
-1.202001e-07	-0.0203724
-1.182001e-07	-0.0201132
-1.162001e-07	-0.0199188
-1.142001e-07	-0.0200808
-1.122001e-07	-0.020502
-1.102001e-07	-0.0205344
-1.082001e-07	-0.0204696
-1.062001e-07	-0.0206964
-1.042001e-07	-0.020826
-1.022001e-07	-0.0205992
-1.002001e-07	-0.0206316
-9.820006e-08	-0.02034
-9.620006e-08	-0.0202752
-9.420006e-08	-0.0204372
-9.220006e-08	-0.0202752
-9.020006e-08	-0.0202752
-8.820006e-08	-0.0202428
-8.620006e-08	-0.0204372
-8.420006e-08	-0.0200484
-8.220006e-08	-0.0203076
-8.020006e-08	-0.02034
-7.820006e-08	-0.0205344
-7.620006e-08	-0.0204372
-7.420006e-08	-0.0204372
-7.220006e-08	-0.0207612
-7.020006e-08	-0.0208584
-6.820006e-08	-0.0206316
-6.620006e-08	-0.0209556
-6.420006e-08	-0.0212148
-6.220006e-08	-0.02115
-6.020006e-08	-0.0210528
-5.820006e-08	-0.0206964
-5.620006e-08	-0.0207288
-5.420006e-08	-0.02115
-5.220006e-08	-0.0212472
-5.020006e-08	-0.0217332
-4.820006e-08	-0.0217008
-4.620006e-08	-0.0217656
-4.420006e-08	-0.0218304
-4.220006e-08	-0.02196
-4.020006e-08	-0.0220572
-3.820006e-08	-0.0226404
-3.620006e-08	-0.022284
-3.420006e-08	-0.0223488
-3.220006e-08	-0.0223164
-3.020006e-08	-0.0223488
-2.820006e-08	-0.0224136
-2.620006e-08	-0.02277
-2.420006e-08	-0.0224136
-2.220006e-08	-0.0223488
-2.020006e-08	-0.0226404
-1.820006e-08	-0.0226404
-1.620006e-08	-0.0225756
-1.420006e-08	-0.0227376
-1.220006e-08	-0.022932
-1.020006e-08	-0.0230292
-8.200056e-09	-0.0228024
-6.200056e-09	-0.0228348
-4.200056e-09	-0.0228672
-2.200056e-09	-0.0230616
-2.000565e-10	-0.0231264
1.799944e-09	-0.023094
3.799944e-09	-0.0230292
5.799944e-09	-0.0235476
7.799944e-09	-0.0234828
9.799944e-09	-0.0231264
1.179994e-08	-0.0228348
1.379994e-08	-0.0228024
1.579994e-08	-0.022932
1.779994e-08	-0.02277
1.979994e-08	-0.022608
2.179994e-08	-0.0226728
2.379994e-08	-0.0227376
2.579994e-08	-0.0224136
2.779994e-08	-0.0224136
2.979994e-08	-0.0222192
3.179994e-08	-0.0218952
3.379994e-08	-0.0218952
3.579994e-08	-0.0218628
3.779994e-08	-0.0220248
3.979994e-08	-0.0219276
4.179994e-08	-0.0217008
4.379994e-08	-0.0214092
4.579994e-08	-0.0216684
4.779994e-08	-0.0215064
4.979994e-08	-0.0215712
5.179994e-08	-0.0209556
5.379994e-08	-0.0208584
5.579994e-08	-0.0204696
5.779994e-08	-0.020502
5.979994e-08	-0.0205992
6.179994e-08	-0.0206316
6.379994e-08	-0.0203076
6.579994e-08	-0.0204048
6.779994e-08	-0.020502
6.979994e-08	-0.0206316
7.179994e-08	-0.0206964
7.379994e-08	-0.0204696
7.579994e-08	-0.020178
7.779994e-08	-0.0202428
7.979994e-08	-0.0202428
8.179994e-08	-0.0200808
8.379994e-08	-0.019692
8.579994e-08	-0.0198864
8.779994e-08	-0.0196596
8.979994e-08	-0.0199188
9.179994e-08	-0.0197244
9.379994e-08	-0.0195624
9.579994e-08	-0.0195948
9.779994e-08	-0.0192384
9.979994e-08	-0.0189792
1.017999e-07	-0.0189468
1.037999e-07	-0.0189792
1.057999e-07	-0.0189144
1.077999e-07	-0.0184932
1.097999e-07	-0.0185904
1.117999e-07	-0.01872
1.137999e-07	-0.0187848
1.157999e-07	-0.0186228
1.177999e-07	-0.019368
1.197999e-07	-0.0194652
1.217999e-07	-0.0192384
1.237999e-07	-0.019044
1.257999e-07	-0.0194004
1.277999e-07	-0.0190116
1.297999e-07	-0.0188172
1.317999e-07	-0.01791
1.337999e-07	-0.0171
1.357999e-07	-0.0152532
1.377999e-07	-0.0133416
1.397999e-07	-0.0098748
1.417999e-07	-0.0061812
1.437999e-07	-0.0020988
1.457999e-07	0.0020808
1.477999e-07	0.0061308
1.497999e-07	0.0096948
1.517999e-07	0.0138744
1.537999e-07	0.017244
1.557999e-07	0.0208728
1.577999e-07	0.0233352
1.597999e-07	0.0264132
1.617999e-07	0.0285192
1.637999e-07	0.0309168
1.657999e-07	0.0326016
1.677999e-07	0.033768
1.697999e-07	0.0350964
1.717999e-07	0.036198
1.737999e-07	0.0366192
1.757999e-07	0.0375264
1.777999e-07	0.0378504
1.797999e-07	0.0386604
1.817999e-07	0.0387576
1.837999e-07	0.0389196
1.857999e-07	0.038952
1.877999e-07	0.0390168
1.897999e-07	0.0387576
1.917999e-07	0.0388224
1.937999e-07	0.0382392
1.957999e-07	0.0377532
1.977999e-07	0.0369108
1.997999e-07	0.0363924
2.017999e-07	0.0354852
2.037999e-07	0.0348696
2.057999e-07	0.0341892
2.077999e-07	0.0335412
2.097999e-07	0.0326016
2.117999e-07	0.0317916
2.137999e-07	0.0306576
2.157999e-07	0.0300744
2.177999e-07	0.0291024
2.197999e-07	0.0282924
2.217999e-07	0.0273204
2.237999e-07	0.0267048
2.257999e-07	0.0256356
2.277999e-07	0.0249228
2.297999e-07	0.0241452
2.317999e-07	0.023562
2.337999e-07	0.0226224
2.357999e-07	0.0219744
2.377999e-07	0.0207108
2.397999e-07	0.019674
2.417999e-07	0.0186696
2.437999e-07	0.0179568
2.457999e-07	0.0169848
2.477999e-07	0.0163368
2.497999e-07	0.0152028
2.517999e-07	0.0147816
2.537999e-07	0.014004
2.557999e-07	0.013032
2.577999e-07	0.0119304
2.597999e-07	0.0110232
2.617999e-07	0.0105696
2.637999e-07	0.010116
2.657999e-07	0.0095328
2.677999e-07	0.008982
2.697999e-07	0.0082368
2.717999e-07	0.0077508
2.737999e-07	0.0069408
2.757999e-07	0.0063576
2.777999e-07	0.0050616
2.797999e-07	0.0042192
2.817999e-07	0.003474
2.837999e-07	0.0028584
2.857999e-07	0.0023076
2.877999e-07	0.002016
2.897999e-07	0.0015948
2.917999e-07	0.0009144
2.937999e-07	-0.0003168
2.957999e-07	-0.0005112
2.977999e-07	-0.0008352
2.997999e-07	-0.0007704
3.017999e-07	-0.0012564
3.037999e-07	-0.0014508
3.057999e-07	-0.0019368
3.077999e-07	-0.001872
3.097999e-07	-0.002034
3.117999e-07	-0.0022284
3.137999e-07	-0.0021312
3.157999e-07	-0.0019692
3.177999e-07	-0.0026496
3.197999e-07	-0.003006
3.217999e-07	-0.003654
3.237999e-07	-0.0040104
3.257999e-07	-0.0042696
3.277999e-07	-0.0045288
3.297999e-07	-0.0051444
3.317999e-07	-0.005274
3.337999e-07	-0.0053712
3.357999e-07	-0.0055008
3.377999e-07	-0.00576
3.397999e-07	-0.0061164
3.417999e-07	-0.0066996
3.437999e-07	-0.0069912
3.457999e-07	-0.0078336
3.477999e-07	-0.00819
3.497999e-07	-0.0088056
3.517999e-07	-0.0091944
3.537999e-07	-0.0092592
3.557999e-07	-0.0093564
3.577999e-07	-0.0092916
3.597999e-07	-0.0095508
3.617999e-07	-0.0099396
3.637999e-07	-0.0100692
3.657999e-07	-0.010134
3.677999e-07	-0.0103284
3.697999e-07	-0.0105552
3.717999e-07	-0.0100692
3.737999e-07	-0.0098424
3.757999e-07	-0.0102636
3.777999e-07	-0.0108144
3.797999e-07	-0.0107496
3.817999e-07	-0.0111708
3.837999e-07	-0.0113004
3.857999e-07	-0.0113976
3.877999e-07	-0.01143
3.897999e-07	-0.0113004
3.917999e-07	-0.0116568
3.937999e-07	-0.011592
3.957999e-07	-0.0118836
3.977999e-07	-0.01224
3.997999e-07	-0.0123048
4.017999e-07	-0.0122724
4.037999e-07	-0.0123696
4.057999e-07	-0.0129204
4.077999e-07	-0.0128556
4.097999e-07	-0.0132444
4.117999e-07	-0.0131796
4.137999e-07	-0.0136332
4.157999e-07	-0.0140544
4.177999e-07	-0.0142164
4.197999e-07	-0.014184
4.217999e-07	-0.0147996
4.237999e-07	-0.0145728
4.257999e-07	-0.0144756
4.277999e-07	-0.0144756
4.297999e-07	-0.0147024
4.317999e-07	-0.01467
4.337999e-07	-0.0147024
4.357999e-07	-0.0147996
4.377999e-07	-0.0146376
4.397999e-07	-0.0147024
4.417999e-07	-0.0146052
4.437999e-07	-0.0144432
4.457999e-07	-0.014832
4.477999e-07	-0.0147348
4.497999e-07	-0.014832
4.517999e-07	-0.0147672
4.537999e-07	-0.0147672
4.557999e-07	-0.0147348
4.577999e-07	-0.0148644
4.597999e-07	-0.0148968
4.617999e-07	-0.0151236
4.637999e-07	-0.0149292
4.657999e-07	-0.0150264
4.677999e-07	-0.0147996
4.697999e-07	-0.0149616
4.717999e-07	-0.0148968
4.737999e-07	-0.0151884
4.757999e-07	-0.0152856
4.777999e-07	-0.0155448
4.797999e-07	-0.0155772
4.817999e-07	-0.0155448
4.837999e-07	-0.01548
4.857999e-07	-0.015804
4.877999e-07	-0.0155772
4.897999e-07	-0.0156744
4.917999e-07	-0.015318
4.937999e-07	-0.0154152
4.957999e-07	-0.0155124
4.977999e-07	-0.0157716
4.997999e-07	-0.01548
5.017999e-07	-0.0156096
5.037999e-07	-0.0152532
5.057999e-07	-0.0151236
5.077999e-07	-0.0147672
5.097999e-07	-0.0149292
5.117999e-07	-0.0150912
5.137999e-07	-0.0150912
5.157999e-07	-0.0153828
5.177999e-07	-0.01548
5.197999e-07	-0.0153828
5.217999e-07	-0.0147996
5.237999e-07	-0.0144756
5.257999e-07	-0.0147024
5.277999e-07	-0.0144756
5.297999e-07	-0.014346
5.317999e-07	-0.0146376
5.337999e-07	-0.0148968
5.357999e-07	-0.0143784
5.377999e-07	-0.0145404
5.397999e-07	-0.0141192
5.417999e-07	-0.014022
5.437999e-07	-0.0139572
5.457999e-07	-0.0138276
5.477999e-07	-0.013698
5.497999e-07	-0.0135036
5.517999e-07	-0.0138924
5.537999e-07	-0.0139572
5.557999e-07	-0.0136008
5.577999e-07	-0.0139896
5.597999e-07	-0.014184
5.617999e-07	-0.0142812
5.637999e-07	-0.0143136
5.657999e-07	-0.0144756
5.677999e-07	-0.0142164
5.697999e-07	-0.0144756
5.717999e-07	-0.014346
5.737999e-07	-0.0149292
5.757999e-07	-0.0152208
5.777999e-07	-0.0152208
5.797999e-07	-0.0151884
5.817999e-07	-0.015156
5.837999e-07	-0.0151236
5.857999e-07	-0.0150264
5.877999e-07	-0.0150264
5.897999e-07	-0.015318
5.917999e-07	-0.0154476
5.937999e-07	-0.01548
5.957999e-07	-0.01548
5.977999e-07	-0.0157068
5.997999e-07	-0.0156096
6.017999e-07	-0.0156096
6.037999e-07	-0.0158688
6.057999e-07	-0.01629
6.077999e-07	-0.016614
6.097999e-07	-0.0170352
6.117999e-07	-0.0171
6.137999e-07	-0.017424
6.157999e-07	-0.0174888
6.177999e-07	-0.0176184
6.197999e-07	-0.0178128
6.217999e-07	-0.0179424
6.237999e-07	-0.018234
6.257999e-07	-0.018558
6.277999e-07	-0.018558
6.297999e-07	-0.018558
6.317999e-07	-0.0184284
6.337999e-07	-0.018882
6.357999e-07	-0.0191736
6.377999e-07	-0.019692
6.397999e-07	-0.0196272
6.417999e-07	-0.0192708
6.437999e-07	-0.0194004
6.457999e-07	-0.0198216
6.477999e-07	-0.0199836
6.497999e-07	-0.0195948
6.517999e-07	-0.0193032
6.537999e-07	-0.0196596
6.557999e-07	-0.0200484
6.577999e-07	-0.0200484
6.597999e-07	-0.0197244
6.617999e-07	-0.0198216
6.637999e-07	-0.02034
6.657999e-07	-0.0205668
6.677999e-07	-0.020502
6.697999e-07	-0.020664
6.717999e-07	-0.0207612
6.737999e-07	-0.0208584
6.757999e-07	-0.0210528
6.777999e-07	-0.0213444
6.797999e-07	-0.0214416
6.817999e-07	-0.0215388
6.837999e-07	-0.021474
6.857999e-07	-0.0217656
6.877999e-07	-0.0215064
6.897999e-07	-0.021474
6.917999e-07	-0.0209556
6.937999e-07	-0.0209232
6.957999e-07	-0.0207612
6.977999e-07	-0.0205344
6.997999e-07	-0.0203724
7.017999e-07	-0.0207288
7.037999e-07	-0.0209232
7.057999e-07	-0.0208908
7.077999e-07	-0.020502
7.097999e-07	-0.020826
7.117999e-07	-0.0207612
7.137999e-07	-0.0205344
7.157999e-07	-0.02034
7.177999e-07	-0.0200808
7.197999e-07	-0.02034
7.217999e-07	-0.0203724
7.237999e-07	-0.0201132
7.257999e-07	-0.0203076
7.277999e-07	-0.020502
7.297999e-07	-0.0204372
7.317999e-07	-0.020502
7.337999e-07	-0.02034
7.357999e-07	-0.0205344
7.377999e-07	-0.0205344
7.397999e-07	-0.0203724
7.417999e-07	-0.020664
7.437999e-07	-0.0207612
7.457999e-07	-0.0208584
7.477999e-07	-0.0206964
7.497999e-07	-0.0210528
7.517999e-07	-0.0212472
7.537999e-07	-0.0210204
7.557999e-07	-0.0205668
7.577999e-07	-0.020988
7.597999e-07	-0.0212796
7.617999e-07	-0.0212472
7.637999e-07	-0.020988
7.657999e-07	-0.0214416
7.677999e-07	-0.021636
7.697999e-07	-0.0219276
7.717999e-07	-0.0217656
7.737999e-07	-0.0219276
7.757999e-07	-0.0218304
7.777999e-07	-0.0217008
7.797999e-07	-0.021636
7.817999e-07	-0.0220572
7.837999e-07	-0.022284
7.857999e-07	-0.022122
7.877999e-07	-0.0222516
7.897999e-07	-0.0226404
7.917999e-07	-0.02277
7.937999e-07	-0.0228996
7.957999e-07	-0.0224136
7.977999e-07	-0.0223164
7.997999e-07	-0.0223812
8.017999e-07	-0.0221544
8.037999e-07	-0.0220248
8.057999e-07	-0.0223164
8.077999e-07	-0.0225108
8.097999e-07	-0.0226728
8.117999e-07	-0.0223812
8.137999e-07	-0.0221544
8.157999e-07	-0.0222192
8.177999e-07	-0.0219276
8.197999e-07	-0.0218628
8.217999e-07	-0.0220896
8.237999e-07	-0.0222516
8.257999e-07	-0.0224136
8.277999e-07	-0.0220896
8.297999e-07	-0.022284
8.317999e-07	-0.02196
8.337999e-07	-0.0220248
8.357999e-07	-0.02196
8.377999e-07	-0.0220572
8.397999e-07	-0.0223488
8.417999e-07	-0.022284
8.437999e-07	-0.0221868
8.457999e-07	-0.022284
8.477999e-07	-0.0221544
8.497999e-07	-0.0220572
8.517999e-07	-0.0220896
8.537999e-07	-0.0220572
8.557999e-07	-0.0223488
8.577999e-07	-0.022122
8.597999e-07	-0.0220248
8.617999e-07	-0.0223164
8.637999e-07	-0.0226404
8.657999e-07	-0.0230616
8.677999e-07	-0.0228348
8.697999e-07	-0.022608
8.717999e-07	-0.0226404
8.737999e-07	-0.0228348
8.757999e-07	-0.0227376
8.777999e-07	-0.0223164
8.797999e-07	-0.022284
8.817999e-07	-0.0224136
8.837999e-07	-0.0225756
8.857999e-07	-0.0224136
8.877999e-07	-0.0221544
8.897999e-07	-0.0223812
8.917999e-07	-0.0226728
8.937999e-07	-0.022932
8.957999e-07	-0.0226728
8.977999e-07	-0.0228672
8.997999e-07	-0.0233208
9.017999e-07	-0.023256
9.037999e-07	-0.0233532
9.057999e-07	-0.0233208
9.077999e-07	-0.0233208
9.097999e-07	-0.0234828
9.117999e-07	-0.0235476
9.137999e-07	-0.0236124
9.157999e-07	-0.02358
9.177999e-07	-0.0235476
9.197999e-07	-0.0236772
9.217999e-07	-0.0236772
9.237999e-07	-0.0233856
9.257999e-07	-0.0236772
9.277999e-07	-0.0237096
9.297999e-07	-0.0236772
9.317999e-07	-0.0233856
9.337999e-07	-0.0237096
9.357999e-07	-0.023418
9.377999e-07	-0.0232884
9.397999e-07	-0.0233532
9.417999e-07	-0.0236448
9.437999e-07	-0.0239364
9.457999e-07	-0.0238068
9.477999e-07	-0.0235152
9.497999e-07	-0.0236124
9.517999e-07	-0.023904
9.537999e-07	-0.0237744
9.557999e-07	-0.02358
9.577999e-07	-0.0238716
9.597999e-07	-0.0239688
9.617999e-07	-0.0236772
9.637999e-07	-0.0240012
9.657999e-07	-0.024066
9.677999e-07	-0.0241956
9.697999e-07	-0.0239364
9.717999e-07	-0.0238716
9.737999e-07	-0.0242928
9.757999e-07	-0.0242604
9.777999e-07	-0.0240012
9.797999e-07	-0.0237096
9.817999e-07	-0.0235476
9.837999e-07	-0.0236448
9.857999e-07	-0.0238068
9.877999e-07	-0.0236772
9.897999e-07	-0.0236772
9.917999e-07	-0.023742
9.937999e-07	-0.0237744
9.957999e-07	-0.0238716
9.977999e-07	-0.0237744
9.997999e-07	-0.0240012
1.0018e-06	-0.0240984
1.0038e-06	-0.023904
1.0058e-06	-0.0243252
1.0078e-06	-0.02439
1.0098e-06	-0.0243576
1.0118e-06	-0.0240336
1.0138e-06	-0.023904
1.0158e-06	-0.0237096
1.0178e-06	-0.0237096
1.0198e-06	-0.023256
1.0218e-06	-0.023418
1.0238e-06	-0.0229644
1.0258e-06	-0.0228672
1.0278e-06	-0.022932
1.0298e-06	-0.0230292
1.0318e-06	-0.022932
1.0338e-06	-0.0227052
1.0358e-06	-0.0226728
1.0378e-06	-0.0229968
1.0398e-06	-0.0229644
1.0418e-06	-0.0228996
1.0438e-06	-0.022608
1.0458e-06	-0.0225432
1.0478e-06	-0.022284
1.0498e-06	-0.0220896
1.0518e-06	-0.02196
1.0538e-06	-0.0220248
1.0558e-06	-0.0216684
1.0578e-06	-0.021798
1.0598e-06	-0.0213444
1.0618e-06	-0.0214092
1.0638e-06	-0.0213768
1.0658e-06	-0.0212796
1.0678e-06	-0.0211176
1.0698e-06	-0.0215064
1.0718e-06	-0.0215064
1.0738e-06	-0.0212796
1.0758e-06	-0.0215712
1.0778e-06	-0.0216684
1.0798e-06	-0.02196
1.0818e-06	-0.0216684
1.0838e-06	-0.0213768
1.0858e-06	-0.0212472
1.0878e-06	-0.021312
1.0898e-06	-0.0210852
1.0918e-06	-0.0207936
1.0938e-06	-0.020988
1.0958e-06	-0.0206964
1.0978e-06	-0.0205668
1.0998e-06	-0.0205668
1.1018e-06	-0.0205668
1.1038e-06	-0.0204372
1.1058e-06	-0.0201132
1.1078e-06	-0.0198864
1.1098e-06	-0.0200808
1.1118e-06	-0.0199512
1.1138e-06	-0.0202104
1.1158e-06	-0.0197244
1.1178e-06	-0.019854
1.1198e-06	-0.0200484
1.1218e-06	-0.020178
1.1238e-06	-0.0202104
1.1258e-06	-0.0204048
1.1278e-06	-0.0204048
1.1298e-06	-0.0201456
1.1318e-06	-0.0201132
1.1338e-06	-0.0204372
1.1358e-06	-0.0204372
1.1378e-06	-0.0201132
1.1398e-06	-0.019692
1.1418e-06	-0.019692
1.1438e-06	-0.0194328
1.1458e-06	-0.0195948
1.1478e-06	-0.019044
1.1498e-06	-0.0191088
1.1518e-06	-0.019044
1.1538e-06	-0.0186876
1.1558e-06	-0.0181368
1.1578e-06	-0.018234
1.1598e-06	-0.0180072
1.1618e-06	-0.0185256
1.1638e-06	-0.0183636
1.1658e-06	-0.0185256
1.1678e-06	-0.0185256
1.1698e-06	-0.018558
1.1718e-06	-0.018234
1.1738e-06	-0.0181044
1.1758e-06	-0.0177156
1.1778e-06	-0.0175212
1.1798e-06	-0.0171972
1.1818e-06	-0.0174564
1.1838e-06	-0.0172296
1.1858e-06	-0.017586
1.1878e-06	-0.017424
1.1898e-06	-0.017424
1.1918e-06	-0.0170028
1.1938e-06	-0.0172296
1.1958e-06	-0.0171972
1.1978e-06	-0.0177156
1.1998e-06	-0.017586
1.2018e-06	-0.0177804
1.2038e-06	-0.0176832
1.2058e-06	-0.0182664
1.2078e-06	-0.0183636
1.2098e-06	-0.0184608
1.2118e-06	-0.0184608
1.2138e-06	-0.0186228
1.2158e-06	-0.0188172
1.2178e-06	-0.0188496
1.2198e-06	-0.0186552
1.2218e-06	-0.0188496
1.2238e-06	-0.0191088
1.2258e-06	-0.0192708
1.2278e-06	-0.0193032
1.2298e-06	-0.0189792
1.2318e-06	-0.0187524
1.2338e-06	-0.0188496
1.2358e-06	-0.0192384
1.2378e-06	-0.0198864
1.2398e-06	-0.0196272
1.2418e-06	-0.0199188
1.2438e-06	-0.0198216
1.2458e-06	-0.0202752
1.2478e-06	-0.0206964
1.2498e-06	-0.0209556
1.2518e-06	-0.0207288
1.2538e-06	-0.020988
1.2558e-06	-0.0209556
1.2578e-06	-0.0212796
1.2598e-06	-0.0214092
1.2618e-06	-0.0216684
1.2638e-06	-0.0212472
1.2658e-06	-0.0211824
1.2678e-06	-0.021312
1.2698e-06	-0.0217008
1.2718e-06	-0.0215712
1.2738e-06	-0.0216684
1.2758e-06	-0.0217332
1.2778e-06	-0.0220572
1.2798e-06	-0.0218304
1.2818e-06	-0.021798
1.2838e-06	-0.0219276
1.2858e-06	-0.0219276
1.2878e-06	-0.0218952
1.2898e-06	-0.022284
1.2918e-06	-0.0220896
1.2938e-06	-0.0221868
1.2958e-06	-0.0223164
1.2978e-06	-0.0220572
1.2998e-06	-0.0218304
1.3018e-06	-0.0220896
1.3038e-06	-0.0217332
1.3058e-06	-0.0217008
1.3078e-06	-0.0214092
1.3098e-06	-0.0214092
1.3118e-06	-0.0211176
1.3138e-06	-0.0212148
1.3158e-06	-0.021312
1.3178e-06	-0.0215388
1.3198e-06	-0.0218304
1.3218e-06	-0.0217656
1.3238e-06	-0.0218304
1.3258e-06	-0.0217008
1.3278e-06	-0.021636
1.3298e-06	-0.021798
1.3318e-06	-0.0219276
1.3338e-06	-0.0220248
1.3358e-06	-0.0215712
1.3378e-06	-0.0215064
1.3398e-06	-0.0211824
1.3418e-06	-0.0212472
1.3438e-06	-0.0211824
1.3458e-06	-0.0212472
1.3478e-06	-0.0209556
1.3498e-06	-0.020826
1.3518e-06	-0.020988
1.3538e-06	-0.0209232
1.3558e-06	-0.0205668
1.3578e-06	-0.0202752
1.3598e-06	-0.0202752
1.3618e-06	-0.0200484
1.3638e-06	-0.0201456
1.3658e-06	-0.0201456
1.3678e-06	-0.0201132
1.3698e-06	-0.0199512
1.3718e-06	-0.0193356
1.3738e-06	-0.0194004
1.3758e-06	-0.0194004
1.3778e-06	-0.0193032
1.3798e-06	-0.0188172
1.3818e-06	-0.018882
1.3838e-06	-0.018558
1.3858e-06	-0.0187848
1.3878e-06	-0.0185904
1.3898e-06	-0.0191412
1.3918e-06	-0.0193032
1.3938e-06	-0.0193032
1.3958e-06	-0.0194004
1.3978e-06	-0.0194652
1.3998e-06	-0.0195624
1.4018e-06	-0.019368
1.4038e-06	-0.0194976
1.4058e-06	-0.0198216
1.4078e-06	-0.0197892
1.4098e-06	-0.0197568
1.4118e-06	-0.0198216
1.4138e-06	-0.0197568
1.4158e-06	-0.0197892
1.4178e-06	-0.0196596
1.4198e-06	-0.0194652
1.4218e-06	-0.01953
1.4238e-06	-0.0194004
1.4258e-06	-0.0198864
1.4278e-06	-0.0196272
1.4298e-06	-0.0198864
1.4318e-06	-0.0198864
1.4338e-06	-0.0199512
1.4358e-06	-0.0202752
1.4378e-06	-0.0201132
1.4398e-06	-0.0200484
1.4418e-06	-0.019854
1.4438e-06	-0.0194328
1.4458e-06	-0.0194328
1.4478e-06	-0.0192384
1.4498e-06	-0.0192708
1.4518e-06	-0.019206
1.4538e-06	-0.0196596
1.4558e-06	-0.019854
1.4578e-06	-0.0199188
1.4598e-06	-0.0201132
1.4618e-06	-0.0202752
1.4638e-06	-0.0204048
1.4658e-06	-0.0201456
1.4678e-06	-0.0200808
1.4698e-06	-0.020016
1.4718e-06	-0.0197244
1.4738e-06	-0.019692
1.4758e-06	-0.0194328
1.4778e-06	-0.0192384
1.4798e-06	-0.0189468
1.4818e-06	-0.0187848
1.4838e-06	-0.0187524
1.4858e-06	-0.0183312
1.4878e-06	-0.0183636
1.4898e-06	-0.0180072
1.4918e-06	-0.0179424
1.4938e-06	-0.0178452
1.4958e-06	-0.0171648
1.4978e-06	-0.0173592
1.4998e-06	-0.0170676
1.5018e-06	-0.0171972
1.5038e-06	-0.016938
1.5058e-06	-0.0169056
1.5078e-06	-0.0166788
1.5098e-06	-0.016938
1.5118e-06	-0.0168732
1.5138e-06	-0.016776
1.5158e-06	-0.0163872
1.5178e-06	-0.0165492
1.5198e-06	-0.01629
1.5218e-06	-0.0165168
1.5238e-06	-0.0168084
1.5258e-06	-0.0170676
1.5278e-06	-0.0170676
1.5298e-06	-0.0171648
1.5318e-06	-0.0171972
1.5338e-06	-0.0177156
1.5358e-06	-0.017748
1.5378e-06	-0.0177156
1.5398e-06	-0.0173916
1.5418e-06	-0.0172944
1.5438e-06	-0.0172296
1.5458e-06	-0.0173268
1.5478e-06	-0.017424
1.5498e-06	-0.0176508
1.5518e-06	-0.0175536
1.5538e-06	-0.0176832
1.5558e-06	-0.0174564
1.5578e-06	-0.0179424
1.5598e-06	-0.0178128
1.5618e-06	-0.01791
1.5638e-06	-0.01791
1.5658e-06	-0.0181044
1.5678e-06	-0.0182988
1.5698e-06	-0.0182988
1.5718e-06	-0.0181368
1.5738e-06	-0.018396
1.5758e-06	-0.018558
1.5778e-06	-0.0184284
1.5798e-06	-0.0184608
1.5818e-06	-0.018558
1.5838e-06	-0.0185256
1.5858e-06	-0.0184284
1.5878e-06	-0.0182016
1.5898e-06	-0.0186228
1.5918e-06	-0.0188172
1.5938e-06	-0.0191736
1.5958e-06	-0.0189792
1.5978e-06	-0.0188496
1.5998e-06	-0.0191088
1.6018e-06	-0.0195948
1.6038e-06	-0.0191088
1.6058e-06	-0.0195948
1.6078e-06	-0.0195624
1.6098e-06	-0.0191412
1.6118e-06	-0.0190116
1.6138e-06	-0.0193032
1.6158e-06	-0.0192708
1.6178e-06	-0.0191736
1.6198e-06	-0.0191736
1.6218e-06	-0.019368
1.6238e-06	-0.0192708
1.6258e-06	-0.019206
1.6278e-06	-0.0192384
1.6298e-06	-0.019206
1.6318e-06	-0.0191412
1.6338e-06	-0.0193356
1.6358e-06	-0.0193356
1.6378e-06	-0.0193032
1.6398e-06	-0.0193356
1.6418e-06	-0.0192708
1.6438e-06	-0.01872
1.6458e-06	-0.0187524
1.6478e-06	-0.0186552
1.6498e-06	-0.0187524
1.6518e-06	-0.0186876
1.6538e-06	-0.0195624
1.6558e-06	-0.0196596
1.6578e-06	-0.0191736
1.6598e-06	-0.018882
1.6618e-06	-0.019368
1.6638e-06	-0.0194652
1.6658e-06	-0.0194004
1.6678e-06	-0.0189792
1.6698e-06	-0.0194652
1.6718e-06	-0.0198216
1.6738e-06	-0.0197892
1.6758e-06	-0.0195624
1.6778e-06	-0.0193032
1.6798e-06	-0.0193356
1.6818e-06	-0.0194652
1.6838e-06	-0.01953
1.6858e-06	-0.01953
1.6878e-06	-0.01953
1.6898e-06	-0.01953
1.6918e-06	-0.019692
1.6938e-06	-0.0195948
1.6958e-06	-0.0192384
1.6978e-06	-0.0194976
1.6998e-06	-0.0195948
1.7018e-06	-0.019854
1.7038e-06	-0.019854
1.7058e-06	-0.0200808
1.7078e-06	-0.0201456
1.7098e-06	-0.0201132
1.7118e-06	-0.0199512
1.7138e-06	-0.0199512
1.7158e-06	-0.0198216
1.7178e-06	-0.0199188
1.7198e-06	-0.0201132
1.7218e-06	-0.0203724
1.7238e-06	-0.0200808
1.7258e-06	-0.0204372
1.7278e-06	-0.020178
1.7298e-06	-0.0202104
1.7318e-06	-0.020016
1.7338e-06	-0.0204048
1.7358e-06	-0.0205992
1.7378e-06	-0.0207288
1.7398e-06	-0.0207288
1.7418e-06	-0.0210528
1.7438e-06	-0.0208584
1.7458e-06	-0.0205668
1.7478e-06	-0.0205668
1.7498e-06	-0.0206316
1.7518e-06	-0.0205992
1.7538e-06	-0.0204696
1.7558e-06	-0.0204696
1.7578e-06	-0.0206964
1.7598e-06	-0.0204372
1.7618e-06	-0.020502
1.7638e-06	-0.0203076
1.7658e-06	-0.0202752
1.7678e-06	-0.0200484
1.7698e-06	-0.0199188
1.7718e-06	-0.0199188
1.7738e-06	-0.0201132
1.7758e-06	-0.0202104
1.7778e-06	-0.0202104
1.7798e-06	-0.020178
1.7818e-06	-0.0202428
1.7838e-06	-0.0203724
1.7858e-06	-0.02034
1.7878e-06	-0.0203724
1.7898e-06	-0.0206316
1.7918e-06	-0.0204372
1.7938e-06	-0.0203724
1.7958e-06	-0.020664
1.7978e-06	-0.020988
1.7998e-06	-0.0211824
1.8018e-06	-0.0210852
1.8038e-06	-0.021312
1.8058e-06	-0.0218304
1.8078e-06	-0.021636
1.8098e-06	-0.020988
1.8118e-06	-0.0208584
1.8138e-06	-0.0211824
1.8158e-06	-0.0211824
1.8178e-06	-0.0207288
1.8198e-06	-0.0206316
1.8218e-06	-0.020826
1.8238e-06	-0.0205668
1.8258e-06	-0.020664
1.8278e-06	-0.0201456
1.8298e-06	-0.020502
1.8318e-06	-0.0203076
1.8338e-06	-0.0203724
1.8358e-06	-0.0205668
1.8378e-06	-0.0203724
1.8398e-06	-0.0203724
1.8418e-06	-0.0205992
1.8438e-06	-0.0202428
1.8458e-06	-0.0206316
1.8478e-06	-0.0204048
1.8498e-06	-0.0203724
1.8518e-06	-0.0202752
1.8538e-06	-0.0202428
1.8558e-06	-0.020178
1.8578e-06	-0.0202104
1.8598e-06	-0.020178
1.8618e-06	-0.0202104
1.8638e-06	-0.0204696
1.8658e-06	-0.0204696
1.8678e-06	-0.0202104
1.8698e-06	-0.0205668
1.8718e-06	-0.0204696
1.8738e-06	-0.02034
1.8758e-06	-0.0202428
1.8778e-06	-0.0204696
1.8798e-06	-0.020502
1.8818e-06	-0.0203724
1.8838e-06	-0.0205344
1.8858e-06	-0.0207936
1.8878e-06	-0.020664
1.8898e-06	-0.0207936
1.8918e-06	-0.020664
1.8938e-06	-0.0205992
1.8958e-06	-0.020826
1.8978e-06	-0.0205992
1.8998e-06	-0.0205992
1.9018e-06	-0.0207288
1.9038e-06	-0.0206316
1.9058e-06	-0.0212472
1.9078e-06	-0.0210528
1.9098e-06	-0.0216036
1.9118e-06	-0.0216036
1.9138e-06	-0.0217332
1.9158e-06	-0.0221868
1.9178e-06	-0.0224136
1.9198e-06	-0.0222516
1.9218e-06	-0.0222516
1.9238e-06	-0.0222516
1.9258e-06	-0.0224784
1.9278e-06	-0.0222192
1.9298e-06	-0.02196
1.9318e-06	-0.0217656
1.9338e-06	-0.0216036
1.9358e-06	-0.0216036
1.9378e-06	-0.0213768
1.9398e-06	-0.0214092
1.9418e-06	-0.0217656
1.9438e-06	-0.021798
1.9458e-06	-0.0216036
1.9478e-06	-0.0218304
1.9498e-06	-0.0219276
1.9518e-06	-0.02196
1.9538e-06	-0.02196
1.9558e-06	-0.0220572
1.9578e-06	-0.0221544
1.9598e-06	-0.0219924
1.9618e-06	-0.0218952
1.9638e-06	-0.0216684
1.9658e-06	-0.0218952
1.9678e-06	-0.0216684
1.9698e-06	-0.0217008
1.9718e-06	-0.0216036
1.9738e-06	-0.0220248
1.9758e-06	-0.0221868
1.9778e-06	-0.0221544
1.9798e-06	-0.0224136
1.9818e-06	-0.0227376
1.9838e-06	-0.0228024
1.9858e-06	-0.022608
1.9878e-06	-0.022608
1.9898e-06	-0.0230292
1.9918e-06	-0.0232236
1.9938e-06	-0.0234504
1.9958e-06	-0.023256
1.9978e-06	-0.023418
1.9998e-06	-0.02358
2.0018e-06	-0.0235152
2.0038e-06	-0.02358
2.0058e-06	-0.0236448
2.0078e-06	-0.02358
2.0098e-06	-0.0236448
2.0118e-06	-0.0233856
2.0138e-06	-0.0238068
2.0158e-06	-0.0239364
2.0178e-06	-0.0238392
2.0198e-06	-0.0235476
2.0218e-06	-0.0236124
2.0238e-06	-0.0235152
2.0258e-06	-0.0238068
2.0278e-06	-0.0236124
2.0298e-06	-0.0237096
2.0318e-06	-0.0237096
2.0338e-06	-0.02358
2.0358e-06	-0.0230292
2.0378e-06	-0.0233532
2.0398e-06	-0.0231912
2.0418e-06	-0.0228672
2.0438e-06	-0.0230616
2.0458e-06	-0.0231912
2.0478e-06	-0.0231264
2.0498e-06	-0.0228672
2.0518e-06	-0.0226728
2.0538e-06	-0.02277
2.0558e-06	-0.0225756
2.0578e-06	-0.0224784
2.0598e-06	-0.022608
2.0618e-06	-0.022446
2.0638e-06	-0.0219924
2.0658e-06	-0.0219924
2.0678e-06	-0.021636
2.0698e-06	-0.0216684
2.0718e-06	-0.0214092
2.0738e-06	-0.02115
2.0758e-06	-0.0207288
2.0778e-06	-0.0205992
2.0798e-06	-0.0205668
2.0818e-06	-0.0201456
2.0838e-06	-0.0196596
2.0858e-06	-0.0196272
2.0878e-06	-0.0194004
2.0898e-06	-0.019368
2.0918e-06	-0.0190764
2.0938e-06	-0.019206
2.0958e-06	-0.0191412
2.0978e-06	-0.019044
2.0998e-06	-0.0191736
2.1018e-06	-0.0194004
2.1038e-06	-0.0191088
2.1058e-06	-0.0192384
2.1078e-06	-0.0190764
2.1098e-06	-0.0193032
2.1118e-06	-0.0191088
2.1138e-06	-0.0194328
2.1158e-06	-0.0194328
2.1178e-06	-0.0194652
2.1198e-06	-0.0192384
2.1218e-06	-0.0194652
2.1238e-06	-0.0191412
2.1258e-06	-0.019368
2.1278e-06	-0.019206
2.1298e-06	-0.0191412
2.1318e-06	-0.0195948
2.1338e-06	-0.0199512
2.1358e-06	-0.0200484
2.1378e-06	-0.0203076
2.1398e-06	-0.0203076
2.1418e-06	-0.0203076
2.1438e-06	-0.0203076
2.1458e-06	-0.0201456
2.1478e-06	-0.0199512
2.1498e-06	-0.02034
2.1518e-06	-0.0199188
2.1538e-06	-0.0199836
2.1558e-06	-0.0199836
2.1578e-06	-0.019854
2.1598e-06	-0.0198216
2.1618e-06	-0.019854
2.1638e-06	-0.0194976
2.1658e-06	-0.019368
2.1678e-06	-0.0194652
2.1698e-06	-0.0198216
2.1718e-06	-0.0202428
2.1738e-06	-0.0202428
2.1758e-06	-0.02034
2.1778e-06	-0.0204048
2.1798e-06	-0.0203076
2.1818e-06	-0.0204048
2.1838e-06	-0.020502
2.1858e-06	-0.02034
2.1878e-06	-0.0203724
2.1898e-06	-0.0207936
2.1918e-06	-0.0205668
2.1938e-06	-0.020502
2.1958e-06	-0.0203724
2.1978e-06	-0.0207288
2.1998e-06	-0.0203076
2.2018e-06	-0.0202752
2.2038e-06	-0.020178
2.2058e-06	-0.0202752
2.2078e-06	-0.0203076
2.2098e-06	-0.0200808
2.2118e-06	-0.0198864
2.2138e-06	-0.0200808
2.2158e-06	-0.019692
2.2178e-06	-0.0197568
2.2198e-06	-0.0197892
2.2218e-06	-0.0198216
2.2238e-06	-0.0199836
2.2258e-06	-0.0199512
2.2278e-06	-0.020016
2.2298e-06	-0.0201456
2.2318e-06	-0.0199512
2.2338e-06	-0.019854
2.2358e-06	-0.0196596
2.2378e-06	-0.019692
2.2398e-06	-0.0198216
2.2418e-06	-0.0193032
2.2438e-06	-0.0191412
2.2458e-06	-0.0190764
2.2478e-06	-0.0188496
2.2498e-06	-0.0183312
2.2518e-06	-0.0180396
2.2538e-06	-0.0182988
2.2558e-06	-0.0180072
2.2578e-06	-0.0177804
2.2598e-06	-0.0175212
2.2618e-06	-0.0176832
2.2638e-06	-0.0174888
2.2658e-06	-0.0171972
2.2678e-06	-0.016938
2.2698e-06	-0.0167436
2.2718e-06	-0.0163872
2.2738e-06	-0.0163872
2.2758e-06	-0.0167436
2.2778e-06	-0.016776
2.2798e-06	-0.0165816
2.2818e-06	-0.0163548
2.2838e-06	-0.0163224
2.2858e-06	-0.0163548
2.2878e-06	-0.0163872
2.2898e-06	-0.0164844
2.2918e-06	-0.016128
2.2938e-06	-0.0160308
2.2958e-06	-0.0160632
2.2978e-06	-0.0163548
2.2998e-06	-0.0165816
2.3018e-06	-0.0169704
2.3038e-06	-0.016776
2.3058e-06	-0.016776
2.3078e-06	-0.0167112
2.3098e-06	-0.0169056
2.3118e-06	-0.0171324
2.3138e-06	-0.0173592
2.3158e-06	-0.0167436
2.3178e-06	-0.0166788
2.3198e-06	-0.0163872
2.3218e-06	-0.0162576
2.3238e-06	-0.015966
2.3258e-06	-0.0157392
2.3278e-06	-0.0151236
2.3298e-06	-0.015318
2.3318e-06	-0.0152856
2.3338e-06	-0.0157068
2.3358e-06	-0.0159012
2.3378e-06	-0.0158688
2.3398e-06	-0.015642
2.3418e-06	-0.0157068
2.3438e-06	-0.0155772
2.3458e-06	-0.0155448
2.3478e-06	-0.0154476
2.3498e-06	-0.0153828
2.3518e-06	-0.0154476
2.3538e-06	-0.01548
2.3558e-06	-0.0158688
2.3578e-06	-0.0160308
2.3598e-06	-0.0159984
2.3618e-06	-0.0161928
2.3638e-06	-0.0161604
2.3658e-06	-0.016128
2.3678e-06	-0.0160308
2.3698e-06	-0.0159012
2.3718e-06	-0.0157068
2.3738e-06	-0.0159984
2.3758e-06	-0.0162576
2.3778e-06	-0.0160632
2.3798e-06	-0.0159012
2.3818e-06	-0.0161928
2.3838e-06	-0.0163872
2.3858e-06	-0.0163872
2.3878e-06	-0.0162576
2.3898e-06	-0.0163548
2.3918e-06	-0.016614
2.3938e-06	-0.0167436
2.3958e-06	-0.0169704
2.3978e-06	-0.0173268
2.3998e-06	-0.0171324
2.4018e-06	-0.0173592
2.4038e-06	-0.0171648
2.4058e-06	-0.0172296
2.4078e-06	-0.0172296
2.4098e-06	-0.0171324
2.4118e-06	-0.0170676
2.4138e-06	-0.0173592
2.4158e-06	-0.0176184
2.4178e-06	-0.0182016
2.4198e-06	-0.0176184
2.4218e-06	-0.0174564
2.4238e-06	-0.0171
2.4258e-06	-0.0174564
2.4278e-06	-0.0171
2.4298e-06	-0.0173592
2.4318e-06	-0.0171972
2.4338e-06	-0.0174564
2.4358e-06	-0.017586
2.4378e-06	-0.0178776
2.4398e-06	-0.0176832
2.4418e-06	-0.0179748
2.4438e-06	-0.0176832
2.4458e-06	-0.0175212
2.4478e-06	-0.0173268
2.4498e-06	-0.0173916
2.4518e-06	-0.017424
2.4538e-06	-0.0173268
2.4558e-06	-0.0169056
2.4578e-06	-0.0168732
2.4598e-06	-0.0166788
2.4618e-06	-0.0168084
2.4638e-06	-0.0164196
2.4658e-06	-0.0161604
2.4678e-06	-0.0160632
2.4698e-06	-0.0162252
2.4718e-06	-0.0162252
2.4738e-06	-0.0161604
2.4758e-06	-0.0160308
2.4778e-06	-0.0164196
2.4798e-06	-0.0162576
2.4818e-06	-0.0165492
2.4838e-06	-0.0163872
2.4858e-06	-0.0170676
2.4878e-06	-0.0169704
2.4898e-06	-0.0171648
2.4918e-06	-0.0171324
2.4938e-06	-0.0176184
2.4958e-06	-0.017262
2.4978e-06	-0.0173268
2.4998e-06	-0.0175212
2.5018e-06	-0.0176832
