LECROYHDO6104A	50809	Waveform
Segments	1	SegmentSize	2502
Segment	TrigTime	TimeSinceSegment1
#1	19-Dec-2022 19:58:44	0                 
Time	Ampl
-2.500767e-06	-0.018605
-2.498767e-06	-0.018605
-2.496767e-06	-0.01867
-2.494767e-06	-0.018735
-2.492767e-06	-0.018995
-2.490767e-06	-0.01932
-2.488767e-06	-0.019515
-2.486767e-06	-0.019645
-2.484767e-06	-0.019905
-2.482767e-06	-0.019775
-2.480767e-06	-0.019775
-2.478767e-06	-0.01997
-2.476767e-06	-0.02023
-2.474767e-06	-0.01997
-2.472767e-06	-0.019905
-2.470767e-06	-0.01997
-2.468767e-06	-0.020295
-2.466767e-06	-0.019775
-2.464767e-06	-0.020035
-2.462767e-06	-0.020295
-2.460767e-06	-0.02075
-2.458767e-06	-0.020555
-2.456767e-06	-0.021335
-2.454767e-06	-0.02127
-2.452767e-06	-0.021335
-2.450767e-06	-0.02127
-2.448767e-06	-0.0214
-2.446767e-06	-0.021335
-2.444767e-06	-0.021985
-2.442767e-06	-0.022115
-2.440767e-06	-0.022635
-2.438767e-06	-0.022505
-2.436767e-06	-0.02244
-2.434767e-06	-0.02231
-2.432767e-06	-0.022245
-2.430767e-06	-0.021855
-2.428767e-06	-0.02218
-2.426767e-06	-0.021595
-2.424767e-06	-0.02179
-2.422767e-06	-0.021855
-2.420767e-06	-0.02205
-2.418767e-06	-0.021985
-2.416767e-06	-0.021465
-2.414767e-06	-0.021595
-2.412767e-06	-0.02166
-2.410767e-06	-0.021205
-2.408767e-06	-0.021075
-2.406767e-06	-0.02075
-2.404767e-06	-0.02088
-2.402767e-06	-0.020815
-2.400767e-06	-0.020685
-2.398767e-06	-0.02049
-2.396767e-06	-0.02088
-2.394767e-06	-0.020425
-2.392767e-06	-0.02062
-2.390767e-06	-0.02075
-2.388767e-06	-0.020945
-2.386767e-06	-0.020555
-2.384767e-06	-0.02049
-2.382767e-06	-0.02049
-2.380767e-06	-0.020685
-2.378767e-06	-0.020295
-2.376767e-06	-0.020295
-2.374767e-06	-0.02062
-2.372767e-06	-0.021075
-2.370767e-06	-0.02114
-2.368767e-06	-0.020815
-2.366767e-06	-0.02075
-2.364767e-06	-0.02127
-2.362767e-06	-0.020815
-2.360767e-06	-0.020815
-2.358767e-06	-0.020295
-2.356767e-06	-0.020425
-2.354767e-06	-0.02023
-2.352767e-06	-0.02023
-2.350767e-06	-0.020035
-2.348767e-06	-0.020165
-2.346767e-06	-0.020035
-2.344767e-06	-0.019775
-2.342767e-06	-0.019515
-2.340767e-06	-0.019905
-2.338767e-06	-0.019775
-2.336767e-06	-0.019775
-2.334767e-06	-0.01984
-2.332767e-06	-0.020295
-2.330767e-06	-0.01997
-2.328767e-06	-0.019905
-2.326767e-06	-0.019905
-2.324767e-06	-0.019905
-2.322767e-06	-0.01945
-2.320767e-06	-0.019385
-2.318767e-06	-0.019255
-2.316767e-06	-0.01945
-2.314767e-06	-0.018995
-2.312767e-06	-0.019255
-2.310767e-06	-0.019125
-2.308767e-06	-0.019775
-2.306767e-06	-0.01958
-2.304767e-06	-0.01971
-2.302767e-06	-0.01971
-2.300767e-06	-0.01958
-2.298767e-06	-0.019515
-2.296767e-06	-0.01932
-2.294767e-06	-0.01945
-2.292767e-06	-0.019905
-2.290767e-06	-0.020035
-2.288767e-06	-0.020165
-2.286767e-06	-0.020165
-2.284767e-06	-0.020555
-2.282767e-06	-0.01984
-2.280767e-06	-0.01984
-2.278767e-06	-0.020035
-2.276767e-06	-0.01997
-2.274767e-06	-0.01984
-2.272767e-06	-0.0201
-2.270767e-06	-0.01997
-2.268767e-06	-0.01984
-2.266767e-06	-0.019905
-2.264767e-06	-0.020295
-2.262767e-06	-0.020035
-2.260767e-06	-0.019775
-2.258767e-06	-0.019645
-2.256767e-06	-0.019905
-2.254767e-06	-0.019775
-2.252767e-06	-0.0201
-2.250767e-06	-0.019905
-2.248767e-06	-0.0201
-2.246767e-06	-0.019905
-2.244767e-06	-0.01997
-2.242767e-06	-0.019775
-2.240767e-06	-0.01958
-2.238767e-06	-0.01919
-2.236767e-06	-0.019645
-2.234767e-06	-0.01932
-2.232767e-06	-0.019385
-2.230767e-06	-0.01932
-2.228767e-06	-0.01932
-2.226767e-06	-0.01945
-2.224767e-06	-0.01945
-2.222767e-06	-0.01932
-2.220767e-06	-0.019255
-2.218767e-06	-0.01893
-2.216767e-06	-0.019125
-2.214767e-06	-0.019255
-2.212767e-06	-0.019645
-2.210767e-06	-0.01971
-2.208767e-06	-0.01997
-2.206767e-06	-0.019645
-2.204767e-06	-0.01984
-2.202767e-06	-0.01984
-2.200767e-06	-0.019515
-2.198767e-06	-0.019255
-2.196767e-06	-0.019385
-2.194767e-06	-0.01945
-2.192767e-06	-0.019255
-2.190767e-06	-0.0188
-2.188767e-06	-0.01932
-2.186767e-06	-0.018995
-2.184767e-06	-0.01945
-2.182767e-06	-0.01984
-2.180767e-06	-0.01958
-2.178767e-06	-0.019645
-2.176767e-06	-0.01958
-2.174767e-06	-0.019255
-2.172767e-06	-0.019385
-2.170767e-06	-0.019385
-2.168767e-06	-0.01958
-2.166767e-06	-0.018995
-2.164767e-06	-0.019255
-2.162767e-06	-0.01932
-2.160767e-06	-0.019385
-2.158767e-06	-0.019125
-2.156767e-06	-0.019385
-2.154767e-06	-0.01893
-2.152767e-06	-0.01867
-2.150767e-06	-0.018475
-2.148767e-06	-0.0188
-2.146767e-06	-0.019515
-2.144767e-06	-0.01971
-2.142767e-06	-0.01997
-2.140767e-06	-0.0201
-2.138767e-06	-0.020035
-2.136767e-06	-0.020295
-2.134767e-06	-0.02036
-2.132767e-06	-0.02075
-2.130767e-06	-0.020425
-2.128767e-06	-0.020555
-2.126767e-06	-0.02036
-2.124767e-06	-0.020555
-2.122767e-06	-0.0201
-2.120767e-06	-0.020295
-2.118767e-06	-0.01997
-2.116767e-06	-0.01984
-2.114767e-06	-0.01971
-2.112767e-06	-0.0201
-2.110767e-06	-0.019775
-2.108767e-06	-0.020295
-2.106767e-06	-0.020165
-2.104767e-06	-0.020165
-2.102767e-06	-0.02023
-2.100767e-06	-0.020425
-2.098767e-06	-0.02023
-2.096767e-06	-0.020685
-2.094767e-06	-0.020685
-2.092767e-06	-0.02101
-2.090767e-06	-0.021075
-2.088767e-06	-0.021075
-2.086767e-06	-0.02075
-2.084767e-06	-0.021075
-2.082767e-06	-0.021205
-2.080767e-06	-0.02127
-2.078767e-06	-0.02127
-2.076767e-06	-0.02127
-2.074767e-06	-0.021335
-2.072767e-06	-0.02127
-2.070767e-06	-0.021075
-2.068767e-06	-0.02179
-2.066767e-06	-0.02179
-2.064767e-06	-0.021205
-2.062767e-06	-0.02127
-2.060767e-06	-0.02179
-2.058767e-06	-0.022115
-2.056767e-06	-0.02179
-2.054767e-06	-0.021725
-2.052767e-06	-0.02218
-2.050767e-06	-0.022375
-2.048767e-06	-0.02218
-2.046767e-06	-0.021595
-2.044767e-06	-0.021725
-2.042767e-06	-0.02192
-2.040767e-06	-0.022245
-2.038767e-06	-0.022115
-2.036767e-06	-0.02218
-2.034767e-06	-0.02192
-2.032767e-06	-0.02205
-2.030767e-06	-0.021725
-2.028767e-06	-0.02153
-2.026767e-06	-0.021725
-2.024767e-06	-0.02166
-2.022767e-06	-0.021335
-2.020767e-06	-0.02127
-2.018767e-06	-0.020945
-2.016767e-06	-0.02101
-2.014767e-06	-0.02101
-2.012767e-06	-0.020815
-2.010767e-06	-0.020685
-2.008767e-06	-0.020555
-2.006767e-06	-0.02049
-2.004767e-06	-0.020945
-2.002767e-06	-0.02023
-2.000767e-06	-0.02075
-1.998767e-06	-0.020685
-1.996767e-06	-0.02101
-1.994767e-06	-0.020815
-1.992767e-06	-0.020945
-1.990767e-06	-0.020945
-1.988767e-06	-0.021335
-1.986767e-06	-0.020945
-1.984767e-06	-0.021075
-1.982767e-06	-0.02101
-1.980767e-06	-0.0214
-1.978767e-06	-0.02127
-1.976767e-06	-0.02101
-1.974767e-06	-0.02101
-1.972767e-06	-0.02127
-1.970767e-06	-0.02127
-1.968767e-06	-0.02166
-1.966767e-06	-0.02127
-1.964767e-06	-0.021985
-1.962767e-06	-0.02127
-1.960767e-06	-0.02088
-1.958767e-06	-0.02127
-1.956767e-06	-0.021205
-1.954767e-06	-0.020815
-1.952767e-06	-0.02049
-1.950767e-06	-0.020555
-1.948767e-06	-0.02088
-1.946767e-06	-0.02075
-1.944767e-06	-0.02075
-1.942767e-06	-0.020555
-1.940767e-06	-0.02049
-1.938767e-06	-0.01958
-1.936767e-06	-0.019775
-1.934767e-06	-0.018865
-1.932767e-06	-0.018735
-1.930767e-06	-0.018735
-1.928767e-06	-0.01841
-1.926767e-06	-0.01789
-1.924767e-06	-0.01802
-1.922767e-06	-0.017825
-1.920767e-06	-0.017565
-1.918767e-06	-0.017435
-1.916767e-06	-0.017825
-1.914767e-06	-0.018085
-1.912767e-06	-0.017955
-1.910767e-06	-0.017695
-1.908767e-06	-0.0175
-1.906767e-06	-0.01776
-1.904767e-06	-0.017955
-1.902767e-06	-0.01815
-1.900767e-06	-0.018085
-1.898767e-06	-0.018215
-1.896767e-06	-0.017955
-1.894767e-06	-0.01789
-1.892767e-06	-0.017955
-1.890767e-06	-0.01789
-1.888767e-06	-0.01776
-1.886767e-06	-0.01789
-1.884767e-06	-0.018085
-1.882767e-06	-0.017305
-1.880767e-06	-0.017695
-1.878767e-06	-0.017565
-1.876767e-06	-0.01815
-1.874767e-06	-0.017955
-1.872767e-06	-0.017825
-1.870767e-06	-0.017955
-1.868767e-06	-0.01841
-1.866767e-06	-0.0188
-1.864767e-06	-0.019125
-1.862767e-06	-0.01906
-1.860767e-06	-0.019255
-1.858767e-06	-0.019125
-1.856767e-06	-0.018865
-1.854767e-06	-0.01893
-1.852767e-06	-0.019515
-1.850767e-06	-0.019255
-1.848767e-06	-0.01945
-1.846767e-06	-0.019515
-1.844767e-06	-0.02036
-1.842767e-06	-0.01984
-1.840767e-06	-0.0201
-1.838767e-06	-0.019775
-1.836767e-06	-0.020035
-1.834767e-06	-0.01997
-1.832767e-06	-0.020555
-1.830767e-06	-0.020295
-1.828767e-06	-0.020815
-1.826767e-06	-0.020425
-1.824767e-06	-0.020555
-1.822767e-06	-0.020165
-1.820767e-06	-0.02049
-1.818767e-06	-0.020425
-1.816767e-06	-0.020295
-1.814767e-06	-0.019385
-1.812767e-06	-0.019775
-1.810767e-06	-0.019645
-1.808767e-06	-0.02023
-1.806767e-06	-0.01997
-1.804767e-06	-0.020035
-1.802767e-06	-0.01997
-1.800767e-06	-0.0201
-1.798767e-06	-0.01984
-1.796767e-06	-0.02062
-1.794767e-06	-0.02023
-1.792767e-06	-0.020295
-1.790767e-06	-0.020165
-1.788767e-06	-0.020295
-1.786767e-06	-0.01958
-1.784767e-06	-0.01971
-1.782767e-06	-0.01971
-1.780767e-06	-0.020035
-1.778767e-06	-0.019905
-1.776767e-06	-0.01997
-1.774767e-06	-0.019905
-1.772767e-06	-0.01997
-1.770767e-06	-0.020295
-1.768767e-06	-0.02062
-1.766767e-06	-0.02075
-1.764767e-06	-0.021335
-1.762767e-06	-0.021205
-1.760767e-06	-0.021335
-1.758767e-06	-0.02153
-1.756767e-06	-0.022115
-1.754767e-06	-0.02179
-1.752767e-06	-0.02205
-1.750767e-06	-0.021855
-1.748767e-06	-0.02179
-1.746767e-06	-0.0214
-1.744767e-06	-0.02062
-1.742767e-06	-0.020555
-1.740767e-06	-0.020425
-1.738767e-06	-0.02036
-1.736767e-06	-0.02023
-1.734767e-06	-0.019775
-1.732767e-06	-0.020425
-1.730767e-06	-0.02062
-1.728767e-06	-0.020035
-1.726767e-06	-0.01971
-1.724767e-06	-0.019645
-1.722767e-06	-0.01945
-1.720767e-06	-0.01945
-1.718767e-06	-0.018865
-1.716767e-06	-0.01893
-1.714767e-06	-0.018735
-1.712767e-06	-0.01867
-1.710767e-06	-0.01828
-1.708767e-06	-0.018475
-1.706767e-06	-0.01815
-1.704767e-06	-0.018605
-1.702767e-06	-0.018735
-1.700767e-06	-0.018735
-1.698767e-06	-0.0188
-1.696767e-06	-0.01854
-1.694767e-06	-0.018345
-1.692767e-06	-0.01854
-1.690767e-06	-0.0188
-1.688767e-06	-0.019125
-1.686767e-06	-0.01906
-1.684767e-06	-0.01971
-1.682767e-06	-0.019775
-1.680767e-06	-0.020295
-1.678767e-06	-0.020555
-1.676767e-06	-0.020945
-1.674767e-06	-0.02036
-1.672767e-06	-0.020295
-1.670767e-06	-0.02023
-1.668767e-06	-0.020555
-1.666767e-06	-0.019905
-1.664767e-06	-0.0201
-1.662767e-06	-0.019905
-1.660767e-06	-0.020165
-1.658767e-06	-0.01984
-1.656767e-06	-0.01997
-1.654767e-06	-0.01997
-1.652767e-06	-0.020165
-1.650767e-06	-0.01984
-1.648767e-06	-0.01984
-1.646767e-06	-0.018995
-1.644767e-06	-0.019385
-1.642767e-06	-0.018865
-1.640767e-06	-0.01893
-1.638767e-06	-0.018995
-1.636767e-06	-0.01893
-1.634767e-06	-0.0188
-1.632767e-06	-0.018865
-1.630767e-06	-0.0188
-1.628767e-06	-0.01867
-1.626767e-06	-0.01841
-1.624767e-06	-0.01854
-1.622767e-06	-0.01841
-1.620767e-06	-0.01841
-1.618767e-06	-0.018215
-1.616767e-06	-0.018215
-1.614767e-06	-0.01776
-1.612767e-06	-0.017955
-1.610767e-06	-0.018215
-1.608767e-06	-0.018735
-1.606767e-06	-0.01815
-1.604767e-06	-0.018345
-1.602767e-06	-0.018345
-1.600767e-06	-0.018345
-1.598767e-06	-0.017955
-1.596767e-06	-0.01789
-1.594767e-06	-0.017825
-1.592767e-06	-0.018215
-1.590767e-06	-0.01828
-1.588767e-06	-0.0188
-1.586767e-06	-0.018475
-1.584767e-06	-0.01893
-1.582767e-06	-0.019125
-1.580767e-06	-0.01971
-1.578767e-06	-0.019645
-1.576767e-06	-0.019775
-1.574767e-06	-0.01919
-1.572767e-06	-0.01945
-1.570767e-06	-0.01945
-1.568767e-06	-0.019775
-1.566767e-06	-0.01958
-1.564767e-06	-0.020815
-1.562767e-06	-0.020555
-1.560767e-06	-0.020815
-1.558767e-06	-0.02049
-1.556767e-06	-0.020555
-1.554767e-06	-0.020555
-1.552767e-06	-0.02075
-1.550767e-06	-0.020295
-1.548767e-06	-0.020685
-1.546767e-06	-0.01997
-1.544767e-06	-0.020295
-1.542767e-06	-0.02036
-1.540767e-06	-0.02062
-1.538767e-06	-0.02062
-1.536767e-06	-0.02062
-1.534767e-06	-0.02062
-1.532767e-06	-0.020685
-1.530767e-06	-0.020555
-1.528767e-06	-0.02049
-1.526767e-06	-0.02088
-1.524767e-06	-0.021205
-1.522767e-06	-0.02075
-1.520767e-06	-0.021075
-1.518767e-06	-0.02075
-1.516767e-06	-0.020555
-1.514767e-06	-0.020165
-1.512767e-06	-0.020165
-1.510767e-06	-0.02036
-1.508767e-06	-0.020425
-1.506767e-06	-0.019905
-1.504767e-06	-0.020035
-1.502767e-06	-0.01958
-1.500767e-06	-0.019385
-1.498767e-06	-0.018995
-1.496767e-06	-0.019385
-1.494767e-06	-0.01906
-1.492767e-06	-0.01945
-1.490767e-06	-0.01932
-1.488767e-06	-0.019255
-1.486767e-06	-0.019125
-1.484767e-06	-0.01919
-1.482767e-06	-0.018995
-1.480767e-06	-0.019125
-1.478767e-06	-0.019125
-1.476767e-06	-0.01932
-1.474767e-06	-0.019255
-1.472767e-06	-0.01906
-1.470767e-06	-0.01906
-1.468767e-06	-0.01932
-1.466767e-06	-0.019255
-1.464767e-06	-0.019515
-1.462767e-06	-0.019515
-1.460767e-06	-0.01958
-1.458767e-06	-0.01932
-1.456767e-06	-0.01906
-1.454767e-06	-0.018605
-1.452767e-06	-0.018475
-1.450767e-06	-0.018605
-1.448767e-06	-0.01854
-1.446767e-06	-0.01841
-1.444767e-06	-0.01867
-1.442767e-06	-0.01815
-1.440767e-06	-0.017955
-1.438767e-06	-0.017695
-1.436767e-06	-0.017695
-1.434767e-06	-0.017435
-1.432767e-06	-0.01711
-1.430767e-06	-0.01724
-1.428767e-06	-0.01802
-1.426767e-06	-0.018345
-1.424767e-06	-0.018605
-1.422767e-06	-0.01867
-1.420767e-06	-0.0188
-1.418767e-06	-0.0188
-1.416767e-06	-0.01893
-1.414767e-06	-0.019125
-1.412767e-06	-0.01945
-1.410767e-06	-0.019645
-1.408767e-06	-0.019255
-1.406767e-06	-0.019255
-1.404767e-06	-0.019645
-1.402767e-06	-0.01958
-1.400767e-06	-0.01971
-1.398767e-06	-0.019255
-1.396767e-06	-0.01958
-1.394767e-06	-0.019125
-1.392767e-06	-0.01906
-1.390767e-06	-0.01919
-1.388767e-06	-0.01932
-1.386767e-06	-0.01919
-1.384767e-06	-0.01932
-1.382767e-06	-0.018735
-1.380767e-06	-0.019125
-1.378767e-06	-0.0188
-1.376767e-06	-0.0188
-1.374767e-06	-0.018735
-1.372767e-06	-0.01893
-1.370767e-06	-0.018345
-1.368767e-06	-0.01906
-1.366767e-06	-0.018995
-1.364767e-06	-0.01932
-1.362767e-06	-0.018995
-1.360767e-06	-0.01919
-1.358767e-06	-0.019125
-1.356767e-06	-0.01906
-1.354767e-06	-0.01867
-1.352767e-06	-0.018735
-1.350767e-06	-0.0188
-1.348767e-06	-0.018995
-1.346767e-06	-0.01854
-1.344767e-06	-0.01854
-1.342767e-06	-0.01867
-1.340767e-06	-0.018735
-1.338767e-06	-0.01854
-1.336767e-06	-0.01919
-1.334767e-06	-0.01906
-1.332767e-06	-0.019125
-1.330767e-06	-0.01932
-1.328767e-06	-0.01919
-1.326767e-06	-0.01932
-1.324767e-06	-0.019645
-1.322767e-06	-0.01945
-1.320767e-06	-0.01984
-1.318767e-06	-0.019125
-1.316767e-06	-0.019645
-1.314767e-06	-0.01945
-1.312767e-06	-0.01958
-1.310767e-06	-0.019775
-1.308767e-06	-0.0201
-1.306767e-06	-0.01971
-1.304767e-06	-0.020425
-1.302767e-06	-0.02088
-1.300767e-06	-0.021075
-1.298767e-06	-0.020685
-1.296767e-06	-0.02075
-1.294767e-06	-0.02088
-1.292767e-06	-0.021075
-1.290767e-06	-0.020815
-1.288767e-06	-0.02075
-1.286767e-06	-0.020945
-1.284767e-06	-0.02114
-1.282767e-06	-0.02101
-1.280767e-06	-0.021075
-1.278767e-06	-0.020815
-1.276767e-06	-0.020815
-1.274767e-06	-0.02062
-1.272767e-06	-0.02062
-1.270767e-06	-0.02088
-1.268767e-06	-0.02101
-1.266767e-06	-0.020815
-1.264767e-06	-0.02036
-1.262767e-06	-0.020945
-1.260767e-06	-0.02153
-1.258767e-06	-0.02153
-1.256767e-06	-0.02166
-1.254767e-06	-0.021335
-1.252767e-06	-0.02153
-1.250767e-06	-0.021205
-1.248767e-06	-0.02127
-1.246767e-06	-0.021335
-1.244767e-06	-0.02205
-1.242767e-06	-0.02192
-1.240767e-06	-0.02231
-1.238767e-06	-0.02218
-1.236767e-06	-0.022115
-1.234767e-06	-0.0214
-1.232767e-06	-0.021335
-1.230767e-06	-0.021335
-1.228767e-06	-0.0214
-1.226767e-06	-0.02062
-1.224767e-06	-0.020945
-1.222767e-06	-0.021335
-1.220767e-06	-0.021725
-1.218767e-06	-0.02218
-1.216767e-06	-0.021595
-1.214767e-06	-0.021855
-1.212767e-06	-0.02218
-1.210767e-06	-0.02179
-1.208767e-06	-0.02179
-1.206767e-06	-0.02166
-1.204767e-06	-0.02166
-1.202767e-06	-0.021465
-1.200767e-06	-0.02127
-1.198767e-06	-0.021465
-1.196767e-06	-0.02153
-1.194767e-06	-0.021075
-1.192767e-06	-0.021205
-1.190767e-06	-0.021205
-1.188767e-06	-0.021465
-1.186767e-06	-0.02153
-1.184767e-06	-0.02127
-1.182767e-06	-0.021075
-1.180767e-06	-0.02166
-1.178767e-06	-0.021595
-1.176767e-06	-0.021595
-1.174767e-06	-0.021465
-1.172767e-06	-0.021595
-1.170767e-06	-0.02101
-1.168767e-06	-0.020945
-1.166767e-06	-0.0214
-1.164767e-06	-0.021595
-1.162767e-06	-0.02101
-1.160767e-06	-0.02088
-1.158767e-06	-0.02049
-1.156767e-06	-0.02062
-1.154767e-06	-0.01997
-1.152767e-06	-0.020165
-1.150767e-06	-0.01984
-1.148767e-06	-0.020165
-1.146767e-06	-0.02036
-1.144767e-06	-0.02023
-1.142767e-06	-0.01997
-1.140767e-06	-0.020165
-1.138767e-06	-0.0201
-1.136767e-06	-0.020165
-1.134767e-06	-0.01971
-1.132767e-06	-0.0201
-1.130767e-06	-0.019515
-1.128767e-06	-0.01958
-1.126767e-06	-0.019255
-1.124767e-06	-0.019255
-1.122767e-06	-0.018865
-1.120767e-06	-0.018865
-1.118767e-06	-0.018865
-1.116767e-06	-0.019125
-1.114767e-06	-0.018995
-1.112767e-06	-0.018735
-1.110767e-06	-0.01867
-1.108767e-06	-0.018605
-1.106767e-06	-0.018865
-1.104767e-06	-0.018605
-1.102767e-06	-0.01854
-1.100767e-06	-0.01867
-1.098767e-06	-0.018215
-1.096767e-06	-0.018215
-1.094767e-06	-0.018345
-1.092767e-06	-0.01906
-1.090767e-06	-0.0188
-1.088767e-06	-0.01906
-1.086767e-06	-0.01893
-1.084767e-06	-0.019515
-1.082767e-06	-0.01893
-1.080767e-06	-0.019255
-1.078767e-06	-0.018995
-1.076767e-06	-0.01906
-1.074767e-06	-0.01932
-1.072767e-06	-0.01932
-1.070767e-06	-0.0188
-1.068767e-06	-0.0188
-1.066767e-06	-0.01867
-1.064767e-06	-0.018865
-1.062767e-06	-0.018735
-1.060767e-06	-0.018735
-1.058767e-06	-0.018865
-1.056767e-06	-0.019125
-1.054767e-06	-0.018345
-1.052767e-06	-0.018865
-1.050767e-06	-0.018995
-1.048767e-06	-0.01906
-1.046767e-06	-0.019125
-1.044767e-06	-0.019385
-1.042767e-06	-0.01932
-1.040767e-06	-0.01971
-1.038767e-06	-0.019645
-1.036767e-06	-0.02023
-1.034767e-06	-0.020425
-1.032767e-06	-0.020945
-1.030767e-06	-0.02088
-1.028767e-06	-0.021595
-1.026767e-06	-0.021205
-1.024767e-06	-0.02101
-1.022767e-06	-0.020945
-1.020767e-06	-0.022115
-1.018767e-06	-0.02166
-1.016767e-06	-0.0214
-1.014767e-06	-0.021335
-1.012767e-06	-0.0214
-1.010767e-06	-0.021335
-1.008767e-06	-0.02114
-1.006767e-06	-0.02127
-1.004767e-06	-0.02153
-1.002767e-06	-0.02127
-1.000767e-06	-0.02127
-9.987671e-07	-0.021725
-9.967671e-07	-0.021595
-9.947671e-07	-0.021725
-9.927671e-07	-0.0214
-9.907671e-07	-0.021335
-9.887671e-07	-0.02179
-9.867671e-07	-0.020945
-9.847671e-07	-0.021205
-9.827671e-07	-0.020945
-9.807671e-07	-0.021075
-9.787671e-07	-0.020555
-9.767671e-07	-0.02088
-9.747671e-07	-0.02049
-9.727671e-07	-0.02088
-9.707671e-07	-0.020555
-9.687671e-07	-0.02049
-9.667671e-07	-0.020815
-9.647671e-07	-0.021205
-9.627671e-07	-0.020685
-9.607671e-07	-0.02036
-9.587671e-07	-0.0201
-9.567671e-07	-0.02075
-9.547671e-07	-0.02023
-9.527671e-07	-0.02023
-9.507671e-07	-0.020555
-9.487671e-07	-0.020425
-9.467671e-07	-0.02023
-9.447671e-07	-0.020165
-9.427671e-07	-0.02023
-9.407671e-07	-0.020425
-9.387671e-07	-0.020035
-9.367671e-07	-0.020035
-9.347671e-07	-0.020815
-9.327671e-07	-0.021075
-9.307671e-07	-0.02088
-9.287671e-07	-0.020815
-9.267671e-07	-0.020815
-9.247671e-07	-0.020945
-9.227671e-07	-0.02036
-9.207671e-07	-0.02062
-9.187671e-07	-0.02049
-9.167671e-07	-0.02062
-9.147671e-07	-0.02049
-9.127671e-07	-0.020685
-9.107671e-07	-0.020295
-9.087671e-07	-0.020685
-9.067671e-07	-0.02075
-9.047671e-07	-0.02101
-9.027671e-07	-0.020685
-9.007671e-07	-0.02101
-8.987671e-07	-0.02101
-8.967671e-07	-0.02114
-8.947671e-07	-0.021205
-8.927671e-07	-0.021725
-8.907671e-07	-0.021465
-8.887671e-07	-0.02153
-8.867671e-07	-0.02166
-8.847671e-07	-0.021855
-8.827671e-07	-0.021335
-8.807671e-07	-0.021205
-8.787671e-07	-0.02101
-8.767671e-07	-0.02192
-8.747671e-07	-0.02218
-8.727671e-07	-0.021985
-8.707671e-07	-0.021595
-8.687671e-07	-0.022115
-8.667671e-07	-0.022375
-8.647671e-07	-0.0227
-8.627671e-07	-0.022375
-8.607671e-07	-0.02231
-8.587671e-07	-0.022505
-8.567671e-07	-0.022635
-8.547671e-07	-0.022765
-8.527671e-07	-0.02296
-8.507671e-07	-0.022505
-8.487671e-07	-0.022635
-8.467671e-07	-0.022635
-8.447671e-07	-0.022635
-8.427671e-07	-0.02257
-8.407671e-07	-0.022635
-8.387671e-07	-0.022635
-8.367671e-07	-0.02205
-8.347671e-07	-0.021725
-8.327671e-07	-0.02205
-8.307671e-07	-0.02179
-8.287671e-07	-0.02231
-8.267671e-07	-0.02179
-8.247671e-07	-0.02179
-8.227671e-07	-0.02192
-8.207671e-07	-0.02218
-8.187671e-07	-0.02192
-8.167671e-07	-0.02153
-8.147671e-07	-0.0214
-8.127671e-07	-0.02179
-8.107671e-07	-0.0214
-8.087671e-07	-0.021595
-8.067671e-07	-0.02153
-8.047671e-07	-0.021985
-8.027671e-07	-0.021985
-8.007671e-07	-0.02192
-7.987671e-07	-0.02166
-7.967671e-07	-0.021855
-7.947671e-07	-0.02192
-7.927671e-07	-0.021725
-7.907671e-07	-0.02166
-7.887671e-07	-0.021855
-7.867671e-07	-0.0214
-7.847671e-07	-0.021465
-7.827671e-07	-0.021465
-7.807671e-07	-0.02127
-7.787671e-07	-0.0214
-7.767671e-07	-0.021465
-7.747671e-07	-0.0214
-7.727671e-07	-0.021595
-7.707671e-07	-0.0214
-7.687671e-07	-0.02127
-7.667671e-07	-0.02153
-7.647671e-07	-0.02153
-7.627671e-07	-0.02114
-7.607671e-07	-0.02153
-7.587671e-07	-0.02127
-7.567671e-07	-0.021595
-7.547671e-07	-0.021595
-7.527671e-07	-0.021595
-7.507671e-07	-0.02127
-7.487671e-07	-0.021335
-7.467671e-07	-0.020945
-7.447671e-07	-0.020425
-7.427671e-07	-0.020295
-7.407671e-07	-0.02088
-7.387671e-07	-0.020035
-7.367671e-07	-0.02023
-7.347671e-07	-0.0201
-7.327671e-07	-0.02062
-7.307671e-07	-0.020035
-7.287671e-07	-0.020295
-7.267671e-07	-0.020035
-7.247671e-07	-0.02036
-7.227671e-07	-0.02023
-7.207671e-07	-0.02023
-7.187671e-07	-0.02036
-7.167671e-07	-0.020035
-7.147671e-07	-0.019775
-7.127671e-07	-0.019645
-7.107671e-07	-0.01984
-7.087671e-07	-0.01971
-7.067671e-07	-0.01971
-7.047671e-07	-0.01958
-7.027671e-07	-0.019645
-7.007671e-07	-0.019645
-6.987671e-07	-0.01919
-6.967671e-07	-0.01958
-6.947671e-07	-0.01932
-6.927671e-07	-0.019515
-6.907671e-07	-0.01945
-6.887671e-07	-0.01958
-6.867671e-07	-0.019255
-6.847671e-07	-0.01984
-6.827671e-07	-0.019775
-6.807671e-07	-0.019385
-6.787671e-07	-0.0188
-6.767671e-07	-0.01867
-6.747671e-07	-0.018735
-6.727671e-07	-0.018995
-6.707671e-07	-0.01906
-6.687671e-07	-0.019255
-6.667671e-07	-0.018735
-6.647671e-07	-0.018995
-6.627671e-07	-0.018215
-6.607671e-07	-0.01893
-6.587671e-07	-0.018735
-6.567671e-07	-0.01893
-6.547671e-07	-0.018995
-6.527671e-07	-0.01932
-6.507671e-07	-0.01919
-6.487671e-07	-0.01919
-6.467671e-07	-0.01854
-6.447671e-07	-0.0188
-6.427671e-07	-0.01789
-6.407671e-07	-0.018345
-6.387671e-07	-0.018085
-6.367671e-07	-0.018215
-6.347671e-07	-0.017955
-6.327671e-07	-0.017955
-6.307671e-07	-0.017695
-6.287671e-07	-0.017825
-6.267671e-07	-0.01802
-6.247671e-07	-0.01802
-6.227671e-07	-0.017955
-6.207671e-07	-0.018085
-6.187671e-07	-0.01802
-6.167671e-07	-0.01828
-6.147671e-07	-0.01893
-6.127671e-07	-0.018865
-6.107671e-07	-0.018995
-6.087671e-07	-0.018995
-6.067671e-07	-0.0188
-6.047671e-07	-0.019125
-6.027671e-07	-0.018475
-6.007671e-07	-0.01867
-5.987671e-07	-0.0188
-5.967671e-07	-0.01906
-5.947671e-07	-0.01906
-5.927671e-07	-0.019255
-5.907671e-07	-0.01919
-5.887671e-07	-0.01971
-5.867671e-07	-0.01958
-5.847671e-07	-0.01984
-5.827671e-07	-0.019515
-5.807671e-07	-0.019385
-5.787671e-07	-0.01932
-5.767671e-07	-0.019125
-5.747671e-07	-0.01893
-5.727671e-07	-0.018865
-5.707671e-07	-0.0188
-5.687671e-07	-0.01893
-5.667671e-07	-0.01906
-5.647671e-07	-0.019385
-5.627671e-07	-0.01906
-5.607671e-07	-0.01958
-5.587671e-07	-0.01945
-5.567671e-07	-0.01919
-5.547671e-07	-0.018995
-5.527671e-07	-0.019255
-5.507671e-07	-0.01893
-5.487671e-07	-0.019385
-5.467671e-07	-0.019255
-5.447671e-07	-0.019255
-5.427671e-07	-0.01919
-5.407671e-07	-0.019645
-5.387671e-07	-0.019255
-5.367671e-07	-0.01906
-5.347671e-07	-0.0188
-5.327671e-07	-0.01893
-5.307671e-07	-0.01867
-5.287671e-07	-0.01854
-5.267671e-07	-0.018605
-5.247671e-07	-0.01867
-5.227671e-07	-0.01828
-5.207671e-07	-0.017955
-5.187671e-07	-0.017955
-5.167671e-07	-0.01776
-5.147671e-07	-0.01802
-5.127671e-07	-0.01789
-5.107671e-07	-0.01789
-5.087671e-07	-0.018605
-5.067671e-07	-0.01828
-5.047671e-07	-0.01854
-5.027671e-07	-0.018475
-5.007671e-07	-0.018735
-4.987671e-07	-0.01932
-4.967671e-07	-0.01945
-4.947671e-07	-0.019125
-4.927671e-07	-0.019515
-4.907671e-07	-0.01945
-4.887671e-07	-0.01958
-4.867671e-07	-0.01919
-4.847671e-07	-0.01971
-4.827671e-07	-0.019775
-4.807671e-07	-0.02023
-4.787671e-07	-0.020165
-4.767671e-07	-0.02049
-4.747671e-07	-0.02023
-4.727671e-07	-0.019905
-4.707671e-07	-0.01971
-4.687671e-07	-0.01971
-4.667671e-07	-0.019125
-4.647671e-07	-0.01919
-4.627671e-07	-0.01932
-4.607671e-07	-0.01906
-4.587671e-07	-0.0188
-4.567671e-07	-0.018605
-4.547671e-07	-0.017955
-4.527671e-07	-0.01841
-4.507671e-07	-0.01815
-4.487671e-07	-0.01815
-4.467671e-07	-0.018215
-4.447671e-07	-0.017825
-4.427671e-07	-0.01828
-4.407671e-07	-0.017955
-4.387671e-07	-0.017825
-4.367671e-07	-0.01763
-4.347671e-07	-0.01776
-4.327671e-07	-0.01815
-4.307671e-07	-0.018085
-4.287671e-07	-0.01841
-4.267671e-07	-0.018085
-4.247671e-07	-0.01841
-4.227671e-07	-0.01828
-4.207671e-07	-0.018605
-4.187671e-07	-0.018085
-4.167671e-07	-0.01789
-4.147671e-07	-0.017825
-4.127671e-07	-0.01828
-4.107671e-07	-0.018345
-4.087671e-07	-0.018865
-4.067671e-07	-0.018475
-4.047671e-07	-0.0188
-4.027671e-07	-0.01893
-4.007671e-07	-0.01906
-3.987671e-07	-0.01893
-3.967671e-07	-0.01945
-3.947671e-07	-0.019125
-3.927671e-07	-0.019385
-3.907671e-07	-0.01945
-3.887671e-07	-0.019645
-3.867671e-07	-0.01919
-3.847671e-07	-0.01932
-3.827671e-07	-0.01919
-3.807671e-07	-0.01919
-3.787671e-07	-0.0188
-3.767671e-07	-0.018605
-3.747671e-07	-0.01854
-3.727671e-07	-0.018605
-3.707671e-07	-0.018865
-3.687671e-07	-0.0188
-3.667671e-07	-0.018605
-3.647671e-07	-0.01919
-3.627671e-07	-0.01932
-3.607671e-07	-0.019385
-3.587671e-07	-0.018865
-3.567671e-07	-0.01932
-3.547671e-07	-0.018865
-3.527671e-07	-0.019385
-3.507671e-07	-0.018995
-3.487671e-07	-0.019515
-3.467671e-07	-0.019255
-3.447671e-07	-0.01932
-3.427671e-07	-0.01945
-3.407671e-07	-0.01971
-3.387671e-07	-0.01958
-3.367671e-07	-0.01958
-3.347671e-07	-0.01971
-3.327671e-07	-0.019775
-3.307671e-07	-0.019775
-3.287671e-07	-0.019645
-3.267671e-07	-0.019515
-3.247671e-07	-0.020035
-3.227671e-07	-0.020295
-3.207671e-07	-0.020685
-3.187671e-07	-0.02036
-3.167671e-07	-0.0201
-3.147671e-07	-0.019905
-3.127671e-07	-0.01984
-3.107671e-07	-0.01971
-3.087671e-07	-0.020035
-3.067671e-07	-0.0201
-3.047671e-07	-0.020165
-3.027671e-07	-0.01997
-3.007671e-07	-0.02049
-2.987671e-07	-0.020685
-2.967671e-07	-0.020425
-2.947671e-07	-0.019905
-2.927671e-07	-0.02075
-2.907671e-07	-0.0201
-2.887671e-07	-0.0201
-2.867671e-07	-0.019905
-2.847671e-07	-0.019775
-2.827671e-07	-0.01984
-2.807671e-07	-0.01958
-2.787671e-07	-0.019515
-2.767671e-07	-0.01984
-2.747671e-07	-0.019255
-2.727671e-07	-0.01945
-2.707671e-07	-0.019255
-2.687671e-07	-0.01971
-2.667671e-07	-0.019645
-2.647671e-07	-0.019775
-2.627671e-07	-0.0201
-2.607671e-07	-0.020425
-2.587671e-07	-0.02036
-2.567671e-07	-0.02062
-2.547671e-07	-0.020555
-2.527671e-07	-0.021075
-2.507671e-07	-0.020555
-2.487671e-07	-0.020815
-2.467671e-07	-0.02075
-2.447671e-07	-0.0214
-2.427671e-07	-0.02114
-2.407671e-07	-0.021335
-2.387671e-07	-0.021465
-2.367671e-07	-0.021725
-2.347671e-07	-0.021465
-2.327671e-07	-0.02153
-2.307671e-07	-0.02166
-2.287671e-07	-0.021855
-2.267671e-07	-0.021595
-2.247671e-07	-0.021465
-2.227671e-07	-0.021205
-2.207671e-07	-0.02179
-2.187671e-07	-0.02166
-2.167671e-07	-0.021595
-2.147671e-07	-0.02179
-2.127671e-07	-0.021855
-2.107671e-07	-0.021335
-2.087671e-07	-0.021595
-2.067671e-07	-0.02153
-2.047671e-07	-0.021595
-2.027671e-07	-0.02153
-2.007671e-07	-0.021205
-1.987671e-07	-0.021075
-1.967671e-07	-0.02101
-1.947671e-07	-0.020815
-1.927671e-07	-0.020815
-1.907671e-07	-0.02101
-1.887671e-07	-0.0214
-1.867671e-07	-0.021335
-1.847671e-07	-0.021205
-1.827671e-07	-0.02088
-1.807671e-07	-0.02101
-1.787671e-07	-0.020555
-1.767671e-07	-0.02075
-1.747671e-07	-0.02088
-1.727671e-07	-0.020815
-1.707671e-07	-0.02062
-1.687671e-07	-0.020945
-1.667671e-07	-0.020815
-1.647671e-07	-0.021205
-1.627671e-07	-0.02101
-1.607671e-07	-0.02101
-1.587671e-07	-0.021075
-1.567671e-07	-0.02114
-1.547671e-07	-0.021075
-1.527671e-07	-0.02127
-1.507671e-07	-0.02101
-1.487671e-07	-0.02166
-1.467671e-07	-0.021335
-1.447671e-07	-0.021335
-1.427671e-07	-0.021465
-1.407671e-07	-0.02153
-1.387671e-07	-0.021335
-1.367671e-07	-0.021855
-1.347671e-07	-0.021725
-1.327671e-07	-0.022635
-1.307671e-07	-0.022505
-1.287671e-07	-0.022375
-1.267671e-07	-0.02231
-1.247671e-07	-0.022375
-1.227671e-07	-0.022375
-1.207671e-07	-0.02244
-1.187671e-07	-0.02283
-1.167671e-07	-0.022895
-1.147671e-07	-0.02322
-1.127671e-07	-0.02309
-1.107671e-07	-0.02309
-1.087671e-07	-0.02322
-1.067671e-07	-0.022895
-1.047671e-07	-0.02257
-1.027671e-07	-0.02179
-1.007671e-07	-0.022245
-9.876713e-08	-0.02218
-9.676713e-08	-0.02179
-9.476713e-08	-0.021725
-9.276713e-08	-0.022115
-9.076713e-08	-0.0214
-8.876713e-08	-0.021335
-8.676713e-08	-0.020945
-8.476713e-08	-0.021855
-8.276713e-08	-0.02101
-8.076713e-08	-0.02088
-7.876713e-08	-0.020555
-7.676713e-08	-0.02114
-7.476713e-08	-0.0214
-7.276713e-08	-0.021465
-7.076713e-08	-0.020815
-6.876713e-08	-0.021075
-6.676713e-08	-0.02114
-6.476713e-08	-0.021205
-6.276713e-08	-0.02062
-6.076713e-08	-0.020945
-5.876713e-08	-0.020815
-5.676713e-08	-0.020685
-5.476713e-08	-0.02075
-5.276713e-08	-0.021075
-5.076713e-08	-0.02049
-4.876713e-08	-0.02088
-4.676713e-08	-0.02075
-4.476713e-08	-0.020815
-4.276713e-08	-0.02049
-4.076713e-08	-0.020815
-3.876713e-08	-0.020555
-3.676713e-08	-0.02075
-3.476713e-08	-0.020555
-3.276713e-08	-0.02075
-3.076713e-08	-0.020685
-2.876713e-08	-0.02088
-2.676713e-08	-0.020685
-2.476713e-08	-0.02114
-2.276713e-08	-0.02101
-2.076713e-08	-0.02153
-1.876713e-08	-0.02114
-1.676713e-08	-0.021075
-1.476713e-08	-0.021075
-1.276713e-08	-0.021205
-1.076713e-08	-0.020685
-8.767127e-09	-0.02114
-6.767127e-09	-0.021205
-4.767127e-09	-0.02153
-2.767127e-09	-0.02101
-7.67127e-10	-0.02127
1.232873e-09	-0.021335
3.232873e-09	-0.0214
5.232873e-09	-0.02127
7.232873e-09	-0.02101
9.232873e-09	-0.02114
1.123287e-08	-0.021205
1.323287e-08	-0.02088
1.523287e-08	-0.020815
1.723287e-08	-0.020815
1.923287e-08	-0.02114
2.123287e-08	-0.02088
2.323287e-08	-0.020945
2.523287e-08	-0.020295
2.723287e-08	-0.02062
2.923287e-08	-0.02023
3.123287e-08	-0.01971
3.323287e-08	-0.01932
3.523287e-08	-0.019385
3.723287e-08	-0.0188
3.923287e-08	-0.018605
4.123287e-08	-0.018475
4.323287e-08	-0.01828
4.523287e-08	-0.017825
4.723287e-08	-0.017955
4.923287e-08	-0.017435
5.123287e-08	-0.01711
5.323287e-08	-0.01685
5.523287e-08	-0.017045
5.723287e-08	-0.017045
5.923287e-08	-0.017045
6.123287e-08	-0.01659
6.323287e-08	-0.016785
6.523287e-08	-0.016395
6.723287e-08	-0.016265
6.923287e-08	-0.016135
7.123287e-08	-0.016135
7.323287e-08	-0.016265
7.523287e-08	-0.016395
7.723287e-08	-0.01672
7.923287e-08	-0.01646
8.123287e-08	-0.016525
8.323287e-08	-0.016395
8.523287e-08	-0.01659
8.723287e-08	-0.016915
8.923287e-08	-0.017175
9.123287e-08	-0.017175
9.323287e-08	-0.017305
9.523287e-08	-0.017435
9.723287e-08	-0.016915
9.923287e-08	-0.017305
1.012329e-07	-0.017565
1.032329e-07	-0.01776
1.052329e-07	-0.01776
1.072329e-07	-0.017955
1.092329e-07	-0.01737
1.112329e-07	-0.017695
1.132329e-07	-0.017435
1.152329e-07	-0.01763
1.172329e-07	-0.017825
1.192329e-07	-0.017695
1.212329e-07	-0.018085
1.232329e-07	-0.018475
1.252329e-07	-0.01854
1.272329e-07	-0.018345
1.292329e-07	-0.017955
1.312329e-07	-0.017305
1.332329e-07	-0.01607
1.352329e-07	-0.01295
1.372329e-07	-0.00723
1.392329e-07	0.000765
1.412329e-07	0.01084
1.432329e-07	0.020915
1.452329e-07	0.031315
1.472329e-07	0.041065
1.492329e-07	0.050945
1.512329e-07	0.06037
1.532329e-07	0.069145
1.552329e-07	0.07675
1.572329e-07	0.084225
1.592329e-07	0.090075
1.612329e-07	0.095405
1.632329e-07	0.10028
1.652329e-07	0.104895
1.672329e-07	0.107755
1.692329e-07	0.110225
1.712329e-07	0.11224
1.732329e-07	0.113735
1.752329e-07	0.114905
1.772329e-07	0.11536
1.792329e-07	0.11523
1.812329e-07	0.115035
1.832329e-07	0.113995
1.852329e-07	0.112955
1.872329e-07	0.111395
1.892329e-07	0.109835
1.912329e-07	0.107885
1.932329e-07	0.10587
1.952329e-07	0.10366
1.972329e-07	0.101125
1.992329e-07	0.098915
2.012329e-07	0.09599
2.032329e-07	0.093585
2.052329e-07	0.090855
2.072329e-07	0.08832
2.092329e-07	0.085395
2.112329e-07	0.082535
2.132329e-07	0.07948
2.152329e-07	0.076295
2.172329e-07	0.073305
2.192329e-07	0.07038
2.212329e-07	0.067455
2.232329e-07	0.064985
2.252329e-07	0.062125
2.272329e-07	0.05946
2.292329e-07	0.05699
2.312329e-07	0.05387
2.332329e-07	0.05166
2.352329e-07	0.049125
2.372329e-07	0.04672
2.392329e-07	0.044185
2.412329e-07	0.041845
2.432329e-07	0.0397
2.452329e-07	0.037815
2.472329e-07	0.035345
2.492329e-07	0.03294
2.512329e-07	0.031185
2.532329e-07	0.02917
2.552329e-07	0.026895
2.572329e-07	0.0254
2.592329e-07	0.022865
2.612329e-07	0.021565
2.632329e-07	0.019875
2.652329e-07	0.018445
2.672329e-07	0.016235
2.692329e-07	0.01513
2.712329e-07	0.01318
2.732329e-07	0.01201
2.752329e-07	0.010775
2.772329e-07	0.010125
2.792329e-07	0.00876
2.812329e-07	0.007785
2.832329e-07	0.006225
2.852329e-07	0.005575
2.872329e-07	0.004405
2.892329e-07	0.00343
2.912329e-07	0.002325
2.932329e-07	0.00187
2.952329e-07	0.00044
2.972329e-07	-1.5e-05
2.992329e-07	-0.001315
3.012329e-07	-0.001575
3.032329e-07	-0.00281
3.052329e-07	-0.00333
3.072329e-07	-0.00372
3.092329e-07	-0.00411
3.112329e-07	-0.004955
3.132329e-07	-0.00502
3.152329e-07	-0.00593
3.172329e-07	-0.00606
3.192329e-07	-0.00671
3.212329e-07	-0.00697
3.232329e-07	-0.007555
3.252329e-07	-0.00801
3.272329e-07	-0.0084
3.292329e-07	-0.008725
3.312329e-07	-0.009115
3.332329e-07	-0.009375
3.352329e-07	-0.00931
3.372329e-07	-0.00944
3.392329e-07	-0.01035
3.412329e-07	-0.010285
3.432329e-07	-0.010415
3.452329e-07	-0.01074
3.472329e-07	-0.011325
3.492329e-07	-0.011715
3.512329e-07	-0.011845
3.532329e-07	-0.011585
3.552329e-07	-0.011975
3.572329e-07	-0.012105
3.592329e-07	-0.012365
3.612329e-07	-0.01256
3.632329e-07	-0.01308
3.652329e-07	-0.01282
3.672329e-07	-0.013015
3.692329e-07	-0.01308
3.712329e-07	-0.01373
3.732329e-07	-0.0136
3.752329e-07	-0.01412
3.772329e-07	-0.014575
3.792329e-07	-0.01503
3.812329e-07	-0.015355
3.832329e-07	-0.015225
3.852329e-07	-0.015485
3.872329e-07	-0.015615
3.892329e-07	-0.01542
3.912329e-07	-0.015615
3.932329e-07	-0.01542
3.952329e-07	-0.015875
3.972329e-07	-0.016395
3.992329e-07	-0.01633
4.012329e-07	-0.0162
4.032329e-07	-0.01646
4.052329e-07	-0.016915
4.072329e-07	-0.01698
4.092329e-07	-0.01698
4.112329e-07	-0.01763
4.132329e-07	-0.01763
4.152329e-07	-0.017825
4.172329e-07	-0.01711
4.192329e-07	-0.017825
4.212329e-07	-0.01789
4.232329e-07	-0.01815
4.252329e-07	-0.01802
4.272329e-07	-0.018345
4.292329e-07	-0.01828
4.312329e-07	-0.0188
4.332329e-07	-0.018475
4.352329e-07	-0.018995
4.372329e-07	-0.019385
4.392329e-07	-0.01945
4.412329e-07	-0.018995
4.432329e-07	-0.01958
4.452329e-07	-0.01958
4.472329e-07	-0.019385
4.492329e-07	-0.019385
4.512329e-07	-0.01906
4.532329e-07	-0.019255
4.552329e-07	-0.019125
4.572329e-07	-0.01919
4.592329e-07	-0.019385
4.612329e-07	-0.019515
4.632329e-07	-0.01997
4.652329e-07	-0.019645
4.672329e-07	-0.01984
4.692329e-07	-0.019645
4.712329e-07	-0.01958
4.732329e-07	-0.01958
4.752329e-07	-0.019775
4.772329e-07	-0.01971
4.792329e-07	-0.01958
4.812329e-07	-0.01997
4.832329e-07	-0.01984
4.852329e-07	-0.01945
4.872329e-07	-0.02023
4.892329e-07	-0.02036
4.912329e-07	-0.02036
4.932329e-07	-0.0201
4.952329e-07	-0.02036
4.972329e-07	-0.020295
4.992329e-07	-0.02036
5.012329e-07	-0.02023
5.032329e-07	-0.020165
5.052329e-07	-0.020295
5.072329e-07	-0.020555
5.092329e-07	-0.020295
5.112329e-07	-0.020295
5.132329e-07	-0.020295
5.152329e-07	-0.020555
5.172329e-07	-0.02023
5.192329e-07	-0.02062
5.212329e-07	-0.02036
5.232329e-07	-0.020945
5.252329e-07	-0.020685
5.272329e-07	-0.020945
5.292329e-07	-0.021075
5.312329e-07	-0.02114
5.332329e-07	-0.02088
5.352329e-07	-0.021075
5.372329e-07	-0.021205
5.392329e-07	-0.02153
5.412329e-07	-0.021465
5.432329e-07	-0.0214
5.452329e-07	-0.02166
5.472329e-07	-0.02244
5.492329e-07	-0.022115
5.512329e-07	-0.02218
5.532329e-07	-0.021855
5.552329e-07	-0.022505
5.572329e-07	-0.022245
5.592329e-07	-0.022375
5.612329e-07	-0.02218
5.632329e-07	-0.02283
5.652329e-07	-0.022765
5.672329e-07	-0.02257
5.692329e-07	-0.022635
5.712329e-07	-0.02296
5.732329e-07	-0.022635
5.752329e-07	-0.022765
5.772329e-07	-0.02283
5.792329e-07	-0.02296
5.812329e-07	-0.02231
5.832329e-07	-0.022245
5.852329e-07	-0.02231
5.872329e-07	-0.02257
5.892329e-07	-0.02218
5.912329e-07	-0.02205
5.932329e-07	-0.02153
5.952329e-07	-0.02153
5.972329e-07	-0.021075
5.992329e-07	-0.02114
6.012329e-07	-0.02088
6.032329e-07	-0.02153
6.052329e-07	-0.021595
6.072329e-07	-0.021335
6.092329e-07	-0.020945
6.112329e-07	-0.021335
6.132329e-07	-0.02114
6.152329e-07	-0.021335
6.172329e-07	-0.02088
6.192329e-07	-0.021075
6.212329e-07	-0.021335
6.232329e-07	-0.021465
6.252329e-07	-0.02127
6.272329e-07	-0.02075
6.292329e-07	-0.02062
6.312329e-07	-0.02114
6.332329e-07	-0.02088
6.352329e-07	-0.0214
6.372329e-07	-0.02036
6.392329e-07	-0.02101
6.412329e-07	-0.020945
6.432329e-07	-0.021205
6.452329e-07	-0.02101
6.472329e-07	-0.020815
6.492329e-07	-0.020685
6.512329e-07	-0.020815
6.532329e-07	-0.020295
6.552329e-07	-0.02075
6.572329e-07	-0.02049
6.592329e-07	-0.020685
6.612329e-07	-0.02036
6.632329e-07	-0.020035
6.652329e-07	-0.01971
6.672329e-07	-0.01984
6.692329e-07	-0.01958
6.712329e-07	-0.01932
6.732329e-07	-0.019385
6.752329e-07	-0.019255
6.772329e-07	-0.018735
6.792329e-07	-0.018735
6.812329e-07	-0.018735
6.832329e-07	-0.018475
6.852329e-07	-0.018735
6.872329e-07	-0.018475
6.892329e-07	-0.017695
6.912329e-07	-0.018085
6.932329e-07	-0.01763
6.952329e-07	-0.01763
6.972329e-07	-0.017305
6.992329e-07	-0.01763
7.012329e-07	-0.01724
7.032329e-07	-0.01737
7.052329e-07	-0.01724
7.072329e-07	-0.017825
7.092329e-07	-0.017435
7.112329e-07	-0.01789
7.132329e-07	-0.01737
7.152329e-07	-0.017175
7.172329e-07	-0.01724
7.192329e-07	-0.01737
7.212329e-07	-0.01763
7.232329e-07	-0.01776
7.252329e-07	-0.017565
7.272329e-07	-0.018215
7.292329e-07	-0.01828
7.312329e-07	-0.01854
7.332329e-07	-0.01854
7.352329e-07	-0.01867
7.372329e-07	-0.018605
7.392329e-07	-0.018735
7.412329e-07	-0.018865
7.432329e-07	-0.019125
7.452329e-07	-0.018605
7.472329e-07	-0.018865
7.492329e-07	-0.01932
7.512329e-07	-0.01958
7.532329e-07	-0.01945
7.552329e-07	-0.01919
7.572329e-07	-0.01919
7.592329e-07	-0.01893
7.612329e-07	-0.01854
7.632329e-07	-0.019255
7.652329e-07	-0.019255
7.672329e-07	-0.019125
7.692329e-07	-0.018735
7.712329e-07	-0.018995
7.732329e-07	-0.0188
7.752329e-07	-0.019385
7.772329e-07	-0.01906
7.792329e-07	-0.019255
7.812329e-07	-0.019125
7.832329e-07	-0.01906
7.852329e-07	-0.01854
7.872329e-07	-0.018865
7.892329e-07	-0.018605
7.912329e-07	-0.0188
7.932329e-07	-0.01854
7.952329e-07	-0.0188
7.972329e-07	-0.018735
7.992329e-07	-0.018865
8.012329e-07	-0.01841
8.032329e-07	-0.018605
8.052329e-07	-0.01802
8.072329e-07	-0.01867
8.092329e-07	-0.018345
8.112329e-07	-0.018475
8.132329e-07	-0.01867
8.152329e-07	-0.01854
8.172329e-07	-0.018345
8.192329e-07	-0.018215
8.212329e-07	-0.01802
8.232329e-07	-0.017955
8.252329e-07	-0.0175
8.272329e-07	-0.0175
8.292329e-07	-0.016915
8.312329e-07	-0.01659
8.332329e-07	-0.016785
8.352329e-07	-0.01646
8.372329e-07	-0.0162
8.392329e-07	-0.016135
8.412329e-07	-0.015485
8.432329e-07	-0.015745
8.452329e-07	-0.015615
8.472329e-07	-0.016005
8.492329e-07	-0.015875
8.512329e-07	-0.01581
8.532329e-07	-0.016005
8.552329e-07	-0.015875
8.572329e-07	-0.016135
8.592329e-07	-0.016005
8.612329e-07	-0.01633
8.632329e-07	-0.016135
8.652329e-07	-0.01581
8.672329e-07	-0.016395
8.692329e-07	-0.016525
8.712329e-07	-0.016655
8.732329e-07	-0.01633
8.752329e-07	-0.01633
8.772329e-07	-0.016395
8.792329e-07	-0.01607
8.812329e-07	-0.016525
8.832329e-07	-0.016655
8.852329e-07	-0.017305
8.872329e-07	-0.017045
8.892329e-07	-0.01698
8.912329e-07	-0.01776
8.932329e-07	-0.017955
8.952329e-07	-0.01841
8.972329e-07	-0.018605
8.992329e-07	-0.018475
9.012329e-07	-0.01854
9.032329e-07	-0.018865
9.052329e-07	-0.018735
9.072329e-07	-0.019255
9.092329e-07	-0.01893
9.112329e-07	-0.01958
9.132329e-07	-0.019125
9.152329e-07	-0.019515
9.172329e-07	-0.019385
9.192329e-07	-0.01958
9.212329e-07	-0.01945
9.232329e-07	-0.02036
9.252329e-07	-0.020035
9.272329e-07	-0.02062
9.292329e-07	-0.02049
9.312329e-07	-0.02101
9.332329e-07	-0.020425
9.352329e-07	-0.020945
9.372329e-07	-0.020555
9.392329e-07	-0.02062
9.412329e-07	-0.021075
9.432329e-07	-0.02114
9.452329e-07	-0.02127
9.472329e-07	-0.021725
9.492329e-07	-0.021855
9.512329e-07	-0.02192
9.532329e-07	-0.02166
9.552329e-07	-0.02231
9.572329e-07	-0.022375
9.592329e-07	-0.022505
9.612329e-07	-0.02244
9.632329e-07	-0.022635
9.652329e-07	-0.022635
9.672329e-07	-0.022635
9.692329e-07	-0.02257
9.712329e-07	-0.02309
9.732329e-07	-0.02283
9.752329e-07	-0.023025
9.772329e-07	-0.0227
9.792329e-07	-0.02322
9.812329e-07	-0.02322
9.832329e-07	-0.023415
9.852329e-07	-0.02322
9.872329e-07	-0.023415
9.892329e-07	-0.023025
9.912329e-07	-0.02309
9.932329e-07	-0.022765
9.952329e-07	-0.023155
9.972329e-07	-0.02322
9.992329e-07	-0.02322
1.001233e-06	-0.02283
1.003233e-06	-0.02335
1.005233e-06	-0.022895
1.007233e-06	-0.022895
1.009233e-06	-0.02283
1.011233e-06	-0.02348
1.013233e-06	-0.02309
1.015233e-06	-0.023155
1.017233e-06	-0.02283
1.019233e-06	-0.023675
1.021233e-06	-0.023805
1.023233e-06	-0.023805
1.025233e-06	-0.02387
1.027233e-06	-0.02426
1.029233e-06	-0.02387
1.031233e-06	-0.023285
1.033233e-06	-0.023155
1.035233e-06	-0.02348
1.037233e-06	-0.022375
1.039233e-06	-0.022505
1.041233e-06	-0.02231
1.043233e-06	-0.021985
1.045233e-06	-0.02166
1.047233e-06	-0.021465
1.049233e-06	-0.021205
1.051233e-06	-0.021465
1.053233e-06	-0.02101
1.055233e-06	-0.02088
1.057233e-06	-0.020555
1.059233e-06	-0.020295
1.061233e-06	-0.019905
1.063233e-06	-0.01997
1.065233e-06	-0.02036
1.067233e-06	-0.02023
1.069233e-06	-0.019905
1.071233e-06	-0.019905
1.073233e-06	-0.019905
1.075233e-06	-0.020165
1.077233e-06	-0.01984
1.079233e-06	-0.01971
1.081233e-06	-0.019775
1.083233e-06	-0.019645
1.085233e-06	-0.01919
1.087233e-06	-0.01919
1.089233e-06	-0.019385
1.091233e-06	-0.019385
1.093233e-06	-0.019385
1.095233e-06	-0.01971
1.097233e-06	-0.019515
1.099233e-06	-0.019645
1.101233e-06	-0.019515
1.103233e-06	-0.019645
1.105233e-06	-0.01997
1.107233e-06	-0.02023
1.109233e-06	-0.01984
1.111233e-06	-0.01958
1.113233e-06	-0.01919
1.115233e-06	-0.019905
1.117233e-06	-0.01997
1.119233e-06	-0.01971
1.121233e-06	-0.01971
1.123233e-06	-0.020295
1.125233e-06	-0.02062
1.127233e-06	-0.020295
1.129233e-06	-0.019775
1.131233e-06	-0.01971
1.133233e-06	-0.01984
1.135233e-06	-0.020425
1.137233e-06	-0.019905
1.139233e-06	-0.01984
1.141233e-06	-0.019775
1.143233e-06	-0.019515
1.145233e-06	-0.01945
1.147233e-06	-0.019515
1.149233e-06	-0.01958
1.151233e-06	-0.019645
1.153233e-06	-0.019385
1.155233e-06	-0.01919
1.157233e-06	-0.01893
1.159233e-06	-0.01919
1.161233e-06	-0.018735
1.163233e-06	-0.018865
1.165233e-06	-0.018865
1.167233e-06	-0.018865
1.169233e-06	-0.0188
1.171233e-06	-0.019255
1.173233e-06	-0.018995
1.175233e-06	-0.019515
1.177233e-06	-0.01932
1.179233e-06	-0.019515
1.181233e-06	-0.01945
1.183233e-06	-0.01958
1.185233e-06	-0.01945
1.187233e-06	-0.019775
1.189233e-06	-0.018865
1.191233e-06	-0.018605
1.193233e-06	-0.01854
1.195233e-06	-0.018865
1.197233e-06	-0.0188
1.199233e-06	-0.01854
1.201233e-06	-0.018345
1.203233e-06	-0.01841
1.205233e-06	-0.01815
1.207233e-06	-0.01841
1.209233e-06	-0.01789
1.211233e-06	-0.017955
1.213233e-06	-0.01854
1.215233e-06	-0.01867
1.217233e-06	-0.01802
1.219233e-06	-0.017955
1.221233e-06	-0.01776
1.223233e-06	-0.017825
1.225233e-06	-0.017695
1.227233e-06	-0.018085
1.229233e-06	-0.01802
1.231233e-06	-0.01828
1.233233e-06	-0.018475
1.235233e-06	-0.01854
1.237233e-06	-0.01815
1.239233e-06	-0.01841
1.241233e-06	-0.018345
1.243233e-06	-0.018475
1.245233e-06	-0.018475
1.247233e-06	-0.01828
1.249233e-06	-0.01828
1.251233e-06	-0.017955
1.253233e-06	-0.017955
1.255233e-06	-0.01854
1.257233e-06	-0.01789
1.259233e-06	-0.01828
1.261233e-06	-0.01789
1.263233e-06	-0.018345
1.265233e-06	-0.01776
1.267233e-06	-0.01789
1.269233e-06	-0.0175
1.271233e-06	-0.01737
1.273233e-06	-0.017435
1.275233e-06	-0.017695
1.277233e-06	-0.017305
1.279233e-06	-0.01737
1.281233e-06	-0.01776
1.283233e-06	-0.017695
1.285233e-06	-0.01776
1.287233e-06	-0.01789
1.289233e-06	-0.01828
1.291233e-06	-0.018475
1.293233e-06	-0.01841
1.295233e-06	-0.01841
1.297233e-06	-0.018345
1.299233e-06	-0.018995
1.301233e-06	-0.01971
1.303233e-06	-0.019645
1.305233e-06	-0.01984
1.307233e-06	-0.01958
1.309233e-06	-0.01958
1.311233e-06	-0.019775
1.313233e-06	-0.019775
1.315233e-06	-0.02023
1.317233e-06	-0.01997
1.319233e-06	-0.02023
1.321233e-06	-0.020035
1.323233e-06	-0.02075
1.325233e-06	-0.02062
1.327233e-06	-0.02062
1.329233e-06	-0.020295
1.331233e-06	-0.020815
1.333233e-06	-0.02036
1.335233e-06	-0.01997
1.337233e-06	-0.019905
1.339233e-06	-0.020555
1.341233e-06	-0.02023
1.343233e-06	-0.019905
1.345233e-06	-0.01919
1.347233e-06	-0.019645
1.349233e-06	-0.01945
1.351233e-06	-0.019775
1.353233e-06	-0.01984
1.355233e-06	-0.01984
1.357233e-06	-0.01919
1.359233e-06	-0.01906
1.361233e-06	-0.01893
1.363233e-06	-0.01893
1.365233e-06	-0.01893
1.367233e-06	-0.01893
1.369233e-06	-0.018865
1.371233e-06	-0.01932
1.373233e-06	-0.019255
1.375233e-06	-0.019775
1.377233e-06	-0.018995
1.379233e-06	-0.019255
1.381233e-06	-0.0188
1.383233e-06	-0.0188
1.385233e-06	-0.01854
1.387233e-06	-0.0188
1.389233e-06	-0.0188
1.391233e-06	-0.01867
1.393233e-06	-0.0188
1.395233e-06	-0.01867
1.397233e-06	-0.018605
1.399233e-06	-0.019125
1.401233e-06	-0.01906
1.403233e-06	-0.018995
1.405233e-06	-0.01893
1.407233e-06	-0.01932
1.409233e-06	-0.018995
1.411233e-06	-0.01893
1.413233e-06	-0.018865
1.415233e-06	-0.018995
1.417233e-06	-0.018995
1.419233e-06	-0.018995
1.421233e-06	-0.018995
1.423233e-06	-0.018995
1.425233e-06	-0.0188
1.427233e-06	-0.0188
1.429233e-06	-0.018865
1.431233e-06	-0.0188
1.433233e-06	-0.01919
1.435233e-06	-0.01932
1.437233e-06	-0.018995
1.439233e-06	-0.018865
1.441233e-06	-0.018995
1.443233e-06	-0.01919
1.445233e-06	-0.018995
1.447233e-06	-0.01906
1.449233e-06	-0.018995
1.451233e-06	-0.019515
1.453233e-06	-0.019645
1.455233e-06	-0.02023
1.457233e-06	-0.020425
1.459233e-06	-0.02062
1.461233e-06	-0.020425
1.463233e-06	-0.02075
1.465233e-06	-0.020295
1.467233e-06	-0.02062
1.469233e-06	-0.019775
1.471233e-06	-0.020165
1.473233e-06	-0.01997
1.475233e-06	-0.020295
1.477233e-06	-0.02036
1.479233e-06	-0.02036
1.481233e-06	-0.02088
1.483233e-06	-0.02062
1.485233e-06	-0.020555
1.487233e-06	-0.020555
1.489233e-06	-0.020295
1.491233e-06	-0.020815
1.493233e-06	-0.02088
1.495233e-06	-0.02127
1.497233e-06	-0.021465
1.499233e-06	-0.021595
1.501233e-06	-0.0214
1.503233e-06	-0.02114
1.505233e-06	-0.020815
1.507233e-06	-0.02114
1.509233e-06	-0.020555
1.511233e-06	-0.020555
1.513233e-06	-0.0201
1.515233e-06	-0.020165
1.517233e-06	-0.019775
1.519233e-06	-0.019905
1.521233e-06	-0.019775
1.523233e-06	-0.020165
1.525233e-06	-0.019645
1.527233e-06	-0.01997
1.529233e-06	-0.019775
1.531233e-06	-0.01971
1.533233e-06	-0.01958
1.535233e-06	-0.01997
1.537233e-06	-0.019645
1.539233e-06	-0.019645
1.541233e-06	-0.01919
1.543233e-06	-0.01932
1.545233e-06	-0.0188
1.547233e-06	-0.0188
1.549233e-06	-0.018735
1.551233e-06	-0.01854
1.553233e-06	-0.01854
1.555233e-06	-0.018215
1.557233e-06	-0.01828
1.559233e-06	-0.01854
1.561233e-06	-0.01789
1.563233e-06	-0.018085
1.565233e-06	-0.01737
1.567233e-06	-0.01685
1.569233e-06	-0.016785
1.571233e-06	-0.01724
1.573233e-06	-0.016655
1.575233e-06	-0.01646
1.577233e-06	-0.01672
1.579233e-06	-0.01659
1.581233e-06	-0.01646
1.583233e-06	-0.01607
1.585233e-06	-0.016005
1.587233e-06	-0.016135
1.589233e-06	-0.015875
1.591233e-06	-0.016005
1.593233e-06	-0.016135
1.595233e-06	-0.016005
1.597233e-06	-0.01581
1.599233e-06	-0.016005
1.601233e-06	-0.01607
1.603233e-06	-0.016005
1.605233e-06	-0.0162
1.607233e-06	-0.01607
1.609233e-06	-0.01581
1.611233e-06	-0.01568
1.613233e-06	-0.01581
1.615233e-06	-0.015875
1.617233e-06	-0.01581
1.619233e-06	-0.015875
1.621233e-06	-0.01555
1.623233e-06	-0.01555
1.625233e-06	-0.015355
1.627233e-06	-0.015225
1.629233e-06	-0.01516
1.631233e-06	-0.0149
1.633233e-06	-0.01529
1.635233e-06	-0.01555
1.637233e-06	-0.015615
1.639233e-06	-0.01542
1.641233e-06	-0.01516
1.643233e-06	-0.015485
1.645233e-06	-0.01568
1.647233e-06	-0.01607
1.649233e-06	-0.01607
1.651233e-06	-0.01646
1.653233e-06	-0.01685
1.655233e-06	-0.01711
1.657233e-06	-0.01685
1.659233e-06	-0.01724
1.661233e-06	-0.01737
1.663233e-06	-0.0175
1.665233e-06	-0.0175
1.667233e-06	-0.01763
1.669233e-06	-0.017695
1.671233e-06	-0.017825
1.673233e-06	-0.017565
1.675233e-06	-0.01789
1.677233e-06	-0.01802
1.679233e-06	-0.01815
1.681233e-06	-0.017955
1.683233e-06	-0.01789
1.685233e-06	-0.01789
1.687233e-06	-0.017955
1.689233e-06	-0.01815
1.691233e-06	-0.018475
1.693233e-06	-0.01828
1.695233e-06	-0.01841
1.697233e-06	-0.01854
1.699233e-06	-0.0188
1.701233e-06	-0.01893
1.703233e-06	-0.018995
1.705233e-06	-0.018995
1.707233e-06	-0.018735
1.709233e-06	-0.01867
1.711233e-06	-0.018735
1.713233e-06	-0.018475
1.715233e-06	-0.01893
1.717233e-06	-0.018345
1.719233e-06	-0.018475
1.721233e-06	-0.01841
1.723233e-06	-0.018735
1.725233e-06	-0.01828
1.727233e-06	-0.018345
1.729233e-06	-0.01841
1.731233e-06	-0.0188
1.733233e-06	-0.018865
1.735233e-06	-0.018865
1.737233e-06	-0.01867
1.739233e-06	-0.01867
1.741233e-06	-0.018475
1.743233e-06	-0.01867
1.745233e-06	-0.01854
1.747233e-06	-0.0188
1.749233e-06	-0.018865
1.751233e-06	-0.0188
1.753233e-06	-0.018215
1.755233e-06	-0.01828
1.757233e-06	-0.01828
1.759233e-06	-0.018475
1.761233e-06	-0.01828
1.763233e-06	-0.018605
1.765233e-06	-0.01815
1.767233e-06	-0.018475
1.769233e-06	-0.018215
1.771233e-06	-0.018605
1.773233e-06	-0.01854
1.775233e-06	-0.018605
1.777233e-06	-0.018215
1.779233e-06	-0.01841
1.781233e-06	-0.01815
1.783233e-06	-0.017955
1.785233e-06	-0.01737
1.787233e-06	-0.017435
1.789233e-06	-0.01737
1.791233e-06	-0.016915
1.793233e-06	-0.01737
1.795233e-06	-0.017175
1.797233e-06	-0.016915
1.799233e-06	-0.01672
1.801233e-06	-0.01659
1.803233e-06	-0.01659
1.805233e-06	-0.016785
1.807233e-06	-0.016525
1.809233e-06	-0.01672
1.811233e-06	-0.01724
1.813233e-06	-0.01672
1.815233e-06	-0.017045
1.817233e-06	-0.016785
1.819233e-06	-0.016915
1.821233e-06	-0.01672
1.823233e-06	-0.01711
1.825233e-06	-0.017045
1.827233e-06	-0.01698
1.829233e-06	-0.0162
1.831233e-06	-0.01659
1.833233e-06	-0.01685
1.835233e-06	-0.01737
1.837233e-06	-0.017435
1.839233e-06	-0.01737
1.841233e-06	-0.017305
1.843233e-06	-0.01763
1.845233e-06	-0.01789
1.847233e-06	-0.01776
1.849233e-06	-0.01711
1.851233e-06	-0.017565
1.853233e-06	-0.017825
1.855233e-06	-0.01776
1.857233e-06	-0.01815
1.859233e-06	-0.018345
1.861233e-06	-0.017955
1.863233e-06	-0.017565
1.865233e-06	-0.017435
1.867233e-06	-0.01789
1.869233e-06	-0.018085
1.871233e-06	-0.018345
1.873233e-06	-0.018085
1.875233e-06	-0.01789
1.877233e-06	-0.017825
1.879233e-06	-0.017695
1.881233e-06	-0.01815
1.883233e-06	-0.018345
1.885233e-06	-0.01815
1.887233e-06	-0.01815
1.889233e-06	-0.017955
1.891233e-06	-0.018605
1.893233e-06	-0.01893
1.895233e-06	-0.018865
1.897233e-06	-0.018605
1.899233e-06	-0.01893
1.901233e-06	-0.019255
1.903233e-06	-0.019645
1.905233e-06	-0.019385
1.907233e-06	-0.01945
1.909233e-06	-0.019645
1.911233e-06	-0.020165
1.913233e-06	-0.01971
1.915233e-06	-0.01958
1.917233e-06	-0.019645
1.919233e-06	-0.019905
1.921233e-06	-0.019905
1.923233e-06	-0.01984
1.925233e-06	-0.019645
1.927233e-06	-0.020035
1.929233e-06	-0.01984
1.931233e-06	-0.02023
1.933233e-06	-0.019775
1.935233e-06	-0.020035
1.937233e-06	-0.019905
1.939233e-06	-0.020295
1.941233e-06	-0.01971
1.943233e-06	-0.01958
1.945233e-06	-0.019255
1.947233e-06	-0.01919
1.949233e-06	-0.018995
1.951233e-06	-0.01932
1.953233e-06	-0.01893
1.955233e-06	-0.01906
1.957233e-06	-0.01828
1.959233e-06	-0.01841
1.961233e-06	-0.018475
1.963233e-06	-0.0188
1.965233e-06	-0.01854
1.967233e-06	-0.01867
1.969233e-06	-0.018345
1.971233e-06	-0.018605
1.973233e-06	-0.018345
1.975233e-06	-0.01841
1.977233e-06	-0.01867
1.979233e-06	-0.01893
1.981233e-06	-0.01841
1.983233e-06	-0.018605
1.985233e-06	-0.01841
1.987233e-06	-0.018085
1.989233e-06	-0.0175
1.991233e-06	-0.01763
1.993233e-06	-0.01763
1.995233e-06	-0.017955
1.997233e-06	-0.017955
1.999233e-06	-0.017955
2.001233e-06	-0.01815
2.003233e-06	-0.017825
2.005233e-06	-0.018085
2.007233e-06	-0.01828
2.009233e-06	-0.018085
2.011233e-06	-0.01802
2.013233e-06	-0.017825
2.015233e-06	-0.01776
2.017233e-06	-0.017825
2.019233e-06	-0.01815
2.021233e-06	-0.017955
2.023233e-06	-0.01802
2.025233e-06	-0.018215
2.027233e-06	-0.018215
2.029233e-06	-0.01854
2.031233e-06	-0.01867
2.033233e-06	-0.018215
2.035233e-06	-0.01854
2.037233e-06	-0.018475
2.039233e-06	-0.018865
2.041233e-06	-0.01893
2.043233e-06	-0.018995
2.045233e-06	-0.018995
2.047233e-06	-0.018475
2.049233e-06	-0.018345
2.051233e-06	-0.01854
2.053233e-06	-0.018475
2.055233e-06	-0.01841
2.057233e-06	-0.01854
2.059233e-06	-0.0188
2.061233e-06	-0.01841
2.063233e-06	-0.018995
2.065233e-06	-0.018735
2.067233e-06	-0.018865
2.069233e-06	-0.01854
2.071233e-06	-0.01893
2.073233e-06	-0.01867
2.075233e-06	-0.01906
2.077233e-06	-0.0188
2.079233e-06	-0.018215
2.081233e-06	-0.018085
2.083233e-06	-0.01763
2.085233e-06	-0.017565
2.087233e-06	-0.01763
2.089233e-06	-0.016785
2.091233e-06	-0.01685
2.093233e-06	-0.016785
2.095233e-06	-0.01646
2.097233e-06	-0.016395
2.099233e-06	-0.016135
2.101233e-06	-0.015875
2.103233e-06	-0.0162
2.105233e-06	-0.01607
2.107233e-06	-0.01659
2.109233e-06	-0.016265
2.111233e-06	-0.01646
2.113233e-06	-0.016265
2.115233e-06	-0.016525
2.117233e-06	-0.016005
2.119233e-06	-0.016395
2.121233e-06	-0.01594
2.123233e-06	-0.016395
2.125233e-06	-0.016525
2.127233e-06	-0.016915
2.129233e-06	-0.016655
2.131233e-06	-0.017435
2.133233e-06	-0.0175
2.135233e-06	-0.01698
2.137233e-06	-0.016525
2.139233e-06	-0.01672
2.141233e-06	-0.01672
2.143233e-06	-0.01646
2.145233e-06	-0.016915
2.147233e-06	-0.016785
2.149233e-06	-0.01698
2.151233e-06	-0.01711
2.153233e-06	-0.017175
2.155233e-06	-0.0175
2.157233e-06	-0.017435
2.159233e-06	-0.017435
2.161233e-06	-0.017175
2.163233e-06	-0.017175
2.165233e-06	-0.017305
2.167233e-06	-0.017825
2.169233e-06	-0.017565
2.171233e-06	-0.0175
2.173233e-06	-0.01763
2.175233e-06	-0.01789
2.177233e-06	-0.017695
2.179233e-06	-0.01776
2.181233e-06	-0.017695
2.183233e-06	-0.017565
2.185233e-06	-0.017305
2.187233e-06	-0.0175
2.189233e-06	-0.01763
2.191233e-06	-0.01776
2.193233e-06	-0.017565
2.195233e-06	-0.017825
2.197233e-06	-0.01737
2.199233e-06	-0.0175
2.201233e-06	-0.017565
2.203233e-06	-0.01763
2.205233e-06	-0.017565
2.207233e-06	-0.018085
2.209233e-06	-0.018215
2.211233e-06	-0.018865
2.213233e-06	-0.019125
2.215233e-06	-0.01932
2.217233e-06	-0.019125
2.219233e-06	-0.019385
2.221233e-06	-0.01958
2.223233e-06	-0.01945
2.225233e-06	-0.019515
2.227233e-06	-0.020035
2.229233e-06	-0.01984
2.231233e-06	-0.020165
2.233233e-06	-0.019905
2.235233e-06	-0.0201
2.237233e-06	-0.02049
2.239233e-06	-0.02049
2.241233e-06	-0.020165
2.243233e-06	-0.02036
2.245233e-06	-0.01984
2.247233e-06	-0.01997
2.249233e-06	-0.019515
2.251233e-06	-0.019515
2.253233e-06	-0.019385
2.255233e-06	-0.019255
2.257233e-06	-0.01958
2.259233e-06	-0.019385
2.261233e-06	-0.01958
2.263233e-06	-0.01971
2.265233e-06	-0.01958
2.267233e-06	-0.01958
2.269233e-06	-0.019385
2.271233e-06	-0.019645
2.273233e-06	-0.01919
2.275233e-06	-0.01932
2.277233e-06	-0.01945
2.279233e-06	-0.01945
2.281233e-06	-0.01919
2.283233e-06	-0.01945
2.285233e-06	-0.01919
2.287233e-06	-0.019255
2.289233e-06	-0.0188
2.291233e-06	-0.01893
2.293233e-06	-0.018605
2.295233e-06	-0.018735
2.297233e-06	-0.01893
2.299233e-06	-0.01945
2.301233e-06	-0.019385
2.303233e-06	-0.01867
2.305233e-06	-0.01893
2.307233e-06	-0.01906
2.309233e-06	-0.019385
2.311233e-06	-0.019255
2.313233e-06	-0.01932
2.315233e-06	-0.019645
2.317233e-06	-0.01932
2.319233e-06	-0.01932
2.321233e-06	-0.019255
2.323233e-06	-0.01945
2.325233e-06	-0.01919
2.327233e-06	-0.019385
2.329233e-06	-0.01919
2.331233e-06	-0.01958
2.333233e-06	-0.01945
2.335233e-06	-0.019645
2.337233e-06	-0.01932
2.339233e-06	-0.01984
2.341233e-06	-0.019645
2.343233e-06	-0.019905
2.345233e-06	-0.019385
2.347233e-06	-0.01971
2.349233e-06	-0.01945
2.351233e-06	-0.019515
2.353233e-06	-0.01958
2.355233e-06	-0.01971
2.357233e-06	-0.019385
2.359233e-06	-0.019385
2.361233e-06	-0.01906
2.363233e-06	-0.019645
2.365233e-06	-0.019515
2.367233e-06	-0.01919
2.369233e-06	-0.01919
2.371233e-06	-0.019645
2.373233e-06	-0.019125
2.375233e-06	-0.019125
2.377233e-06	-0.01854
2.379233e-06	-0.018865
2.381233e-06	-0.0188
2.383233e-06	-0.01906
2.385233e-06	-0.01906
2.387233e-06	-0.01906
2.389233e-06	-0.018995
2.391233e-06	-0.018995
2.393233e-06	-0.018215
2.395233e-06	-0.018345
2.397233e-06	-0.018085
2.399233e-06	-0.017955
2.401233e-06	-0.017955
2.403233e-06	-0.01763
2.405233e-06	-0.01763
2.407233e-06	-0.017435
2.409233e-06	-0.017305
2.411233e-06	-0.01737
2.413233e-06	-0.017175
2.415233e-06	-0.017045
2.417233e-06	-0.017435
2.419233e-06	-0.01763
2.421233e-06	-0.017955
2.423233e-06	-0.018085
2.425233e-06	-0.017955
2.427233e-06	-0.017955
2.429233e-06	-0.01802
2.431233e-06	-0.01828
2.433233e-06	-0.01815
2.435233e-06	-0.01789
2.437233e-06	-0.017825
2.439233e-06	-0.017825
2.441233e-06	-0.017955
2.443233e-06	-0.017825
2.445233e-06	-0.017695
2.447233e-06	-0.01737
2.449233e-06	-0.017695
2.451233e-06	-0.0175
2.453233e-06	-0.01698
2.455233e-06	-0.016525
2.457233e-06	-0.015875
2.459233e-06	-0.016135
2.461233e-06	-0.01581
2.463233e-06	-0.01568
2.465233e-06	-0.01529
2.467233e-06	-0.015355
2.469233e-06	-0.015095
2.471233e-06	-0.01503
2.473233e-06	-0.015615
2.475233e-06	-0.015615
2.477233e-06	-0.015745
2.479233e-06	-0.01555
2.481233e-06	-0.015095
2.483233e-06	-0.01529
2.485233e-06	-0.01542
2.487233e-06	-0.015485
2.489233e-06	-0.01555
2.491233e-06	-0.015615
2.493233e-06	-0.016005
2.495233e-06	-0.016135
2.497233e-06	-0.016005
2.499233e-06	-0.016265
2.501233e-06	-0.01646
