LECROYHDO6104A	50809	Waveform
Segments	1	SegmentSize	2502
Segment	TrigTime	TimeSinceSegment1
#1	19-Dec-2022 19:34:53	0                 
Time	Ampl
-2.500023e-06	-0.022084
-2.498023e-06	-0.021448
-2.496023e-06	-0.023144
-2.494023e-06	-0.0206
-2.492023e-06	-0.021448
-2.490023e-06	-0.020812
-2.488023e-06	-0.021236
-2.486023e-06	-0.021872
-2.484023e-06	-0.020812
-2.482023e-06	-0.021872
-2.480023e-06	-0.02166
-2.478023e-06	-0.022932
-2.476023e-06	-0.022508
-2.474023e-06	-0.023144
-2.472023e-06	-0.021448
-2.470023e-06	-0.024204
-2.468023e-06	-0.022508
-2.466023e-06	-0.020812
-2.464023e-06	-0.022084
-2.462023e-06	-0.02378
-2.460023e-06	-0.02166
-2.458023e-06	-0.020388
-2.456023e-06	-0.021872
-2.454023e-06	-0.02166
-2.452023e-06	-0.019752
-2.450023e-06	-0.022508
-2.448023e-06	-0.02272
-2.446023e-06	-0.022508
-2.444023e-06	-0.022508
-2.442023e-06	-0.02166
-2.440023e-06	-0.020388
-2.438023e-06	-0.021448
-2.436023e-06	-0.022932
-2.434023e-06	-0.023144
-2.432023e-06	-0.021872
-2.430023e-06	-0.022084
-2.428023e-06	-0.02272
-2.426023e-06	-0.022508
-2.424023e-06	-0.022508
-2.422023e-06	-0.022084
-2.420023e-06	-0.023356
-2.418023e-06	-0.022508
-2.416023e-06	-0.021872
-2.414023e-06	-0.023356
-2.412023e-06	-0.023144
-2.410023e-06	-0.02166
-2.408023e-06	-0.0206
-2.406023e-06	-0.021236
-2.404023e-06	-0.02272
-2.402023e-06	-0.020176
-2.400023e-06	-0.02166
-2.398023e-06	-0.023568
-2.396023e-06	-0.020812
-2.394023e-06	-0.019964
-2.392023e-06	-0.021448
-2.390023e-06	-0.022296
-2.388023e-06	-0.022932
-2.386023e-06	-0.021448
-2.384023e-06	-0.0206
-2.382023e-06	-0.021448
-2.380023e-06	-0.02166
-2.378023e-06	-0.019328
-2.376023e-06	-0.019964
-2.374023e-06	-0.021872
-2.372023e-06	-0.022508
-2.370023e-06	-0.021448
-2.368023e-06	-0.02166
-2.366023e-06	-0.022508
-2.364023e-06	-0.02166
-2.362023e-06	-0.0206
-2.360023e-06	-0.020176
-2.358023e-06	-0.021872
-2.356023e-06	-0.021024
-2.354023e-06	-0.022296
-2.352023e-06	-0.022296
-2.350023e-06	-0.022296
-2.348023e-06	-0.021448
-2.346023e-06	-0.022296
-2.344023e-06	-0.021448
-2.342023e-06	-0.02272
-2.340023e-06	-0.0206
-2.338023e-06	-0.023568
-2.336023e-06	-0.021872
-2.334023e-06	-0.022084
-2.332023e-06	-0.021236
-2.330023e-06	-0.02166
-2.328023e-06	-0.02166
-2.326023e-06	-0.020388
-2.324023e-06	-0.02166
-2.322023e-06	-0.02166
-2.320023e-06	-0.022296
-2.318023e-06	-0.021024
-2.316023e-06	-0.023356
-2.314023e-06	-0.021024
-2.312023e-06	-0.022084
-2.310023e-06	-0.021872
-2.308023e-06	-0.022932
-2.306023e-06	-0.024416
-2.304023e-06	-0.021872
-2.302023e-06	-0.02272
-2.300023e-06	-0.022508
-2.298023e-06	-0.022508
-2.296023e-06	-0.022932
-2.294023e-06	-0.02272
-2.292023e-06	-0.02378
-2.290023e-06	-0.021448
-2.288023e-06	-0.024416
-2.286023e-06	-0.024416
-2.284023e-06	-0.023144
-2.282023e-06	-0.022508
-2.280023e-06	-0.021236
-2.278023e-06	-0.024416
-2.276023e-06	-0.024628
-2.274023e-06	-0.02378
-2.272023e-06	-0.023144
-2.270023e-06	-0.023992
-2.268023e-06	-0.02378
-2.266023e-06	-0.02378
-2.264023e-06	-0.023144
-2.262023e-06	-0.023356
-2.260023e-06	-0.022508
-2.258023e-06	-0.02166
-2.256023e-06	-0.021448
-2.254023e-06	-0.021024
-2.252023e-06	-0.020388
-2.250023e-06	-0.022084
-2.248023e-06	-0.022932
-2.246023e-06	-0.02378
-2.244023e-06	-0.022508
-2.242023e-06	-0.022084
-2.240023e-06	-0.02378
-2.238023e-06	-0.023144
-2.236023e-06	-0.022932
-2.234023e-06	-0.022084
-2.232023e-06	-0.021448
-2.230023e-06	-0.02166
-2.228023e-06	-0.023356
-2.226023e-06	-0.02272
-2.224023e-06	-0.022508
-2.222023e-06	-0.02378
-2.220023e-06	-0.025688
-2.218023e-06	-0.022296
-2.216023e-06	-0.021236
-2.214023e-06	-0.022508
-2.212023e-06	-0.023992
-2.210023e-06	-0.022084
-2.208023e-06	-0.024204
-2.206023e-06	-0.025476
-2.204023e-06	-0.023356
-2.202023e-06	-0.025264
-2.200023e-06	-0.02378
-2.198023e-06	-0.023144
-2.196023e-06	-0.02484
-2.194023e-06	-0.025476
-2.192023e-06	-0.024628
-2.190023e-06	-0.025052
-2.188023e-06	-0.0259
-2.186023e-06	-0.024204
-2.184023e-06	-0.023568
-2.182023e-06	-0.024416
-2.180023e-06	-0.025264
-2.178023e-06	-0.025264
-2.176023e-06	-0.024204
-2.174023e-06	-0.023992
-2.172023e-06	-0.025264
-2.170023e-06	-0.025052
-2.168023e-06	-0.026324
-2.166023e-06	-0.025052
-2.164023e-06	-0.026536
-2.162023e-06	-0.025476
-2.160023e-06	-0.024416
-2.158023e-06	-0.025476
-2.156023e-06	-0.025688
-2.154023e-06	-0.025264
-2.152023e-06	-0.02696
-2.150023e-06	-0.0259
-2.148023e-06	-0.023992
-2.146023e-06	-0.02484
-2.144023e-06	-0.026324
-2.142023e-06	-0.0259
-2.140023e-06	-0.025052
-2.138023e-06	-0.025052
-2.136023e-06	-0.025052
-2.134023e-06	-0.02484
-2.132023e-06	-0.025476
-2.130023e-06	-0.025264
-2.128023e-06	-0.025052
-2.126023e-06	-0.025476
-2.124023e-06	-0.025052
-2.122023e-06	-0.025264
-2.120023e-06	-0.0259
-2.118023e-06	-0.026112
-2.116023e-06	-0.026748
-2.114023e-06	-0.025688
-2.112023e-06	-0.026112
-2.110023e-06	-0.024204
-2.108023e-06	-0.024628
-2.106023e-06	-0.025264
-2.104023e-06	-0.024628
-2.102023e-06	-0.025688
-2.100023e-06	-0.02378
-2.098023e-06	-0.025052
-2.096023e-06	-0.025052
-2.094023e-06	-0.0259
-2.092023e-06	-0.025476
-2.090023e-06	-0.025688
-2.088023e-06	-0.026324
-2.086023e-06	-0.026536
-2.084023e-06	-0.0259
-2.082023e-06	-0.0259
-2.080023e-06	-0.026536
-2.078023e-06	-0.026536
-2.076023e-06	-0.026536
-2.074023e-06	-0.025476
-2.072023e-06	-0.025052
-2.070023e-06	-0.026324
-2.068023e-06	-0.027172
-2.066023e-06	-0.025264
-2.064023e-06	-0.027384
-2.062023e-06	-0.02802
-2.060023e-06	-0.02696
-2.058023e-06	-0.025688
-2.056023e-06	-0.02484
-2.054023e-06	-0.0259
-2.052023e-06	-0.026748
-2.050023e-06	-0.027596
-2.048023e-06	-0.026112
-2.046023e-06	-0.027172
-2.044023e-06	-0.02696
-2.042023e-06	-0.026536
-2.040023e-06	-0.026112
-2.038023e-06	-0.0259
-2.036023e-06	-0.0259
-2.034023e-06	-0.025476
-2.032023e-06	-0.023992
-2.030023e-06	-0.025688
-2.028023e-06	-0.024416
-2.026023e-06	-0.023144
-2.024023e-06	-0.02484
-2.022023e-06	-0.024416
-2.020023e-06	-0.024628
-2.018023e-06	-0.025264
-2.016023e-06	-0.025052
-2.014023e-06	-0.025476
-2.012023e-06	-0.023992
-2.010023e-06	-0.025052
-2.008023e-06	-0.026112
-2.006023e-06	-0.026748
-2.004023e-06	-0.0259
-2.002023e-06	-0.02378
-2.000023e-06	-0.025476
-1.998023e-06	-0.026324
-1.996023e-06	-0.025264
-1.994023e-06	-0.026536
-1.992023e-06	-0.025688
-1.990023e-06	-0.025688
-1.988023e-06	-0.0259
-1.986023e-06	-0.025264
-1.984023e-06	-0.025052
-1.982023e-06	-0.027384
-1.980023e-06	-0.026324
-1.978023e-06	-0.0259
-1.976023e-06	-0.0259
-1.974023e-06	-0.0259
-1.972023e-06	-0.025476
-1.970023e-06	-0.02484
-1.968023e-06	-0.025052
-1.966023e-06	-0.026536
-1.964023e-06	-0.027384
-1.962023e-06	-0.02696
-1.960023e-06	-0.023568
-1.958023e-06	-0.025688
-1.956023e-06	-0.025264
-1.954023e-06	-0.025688
-1.952023e-06	-0.025688
-1.950023e-06	-0.0259
-1.948023e-06	-0.0259
-1.946023e-06	-0.025688
-1.944023e-06	-0.0259
-1.942023e-06	-0.028232
-1.940023e-06	-0.0259
-1.938023e-06	-0.026748
-1.936023e-06	-0.025688
-1.934023e-06	-0.02696
-1.932023e-06	-0.026536
-1.930023e-06	-0.027384
-1.928023e-06	-0.024628
-1.926023e-06	-0.026112
-1.924023e-06	-0.0259
-1.922023e-06	-0.026112
-1.920023e-06	-0.025264
-1.918023e-06	-0.025264
-1.916023e-06	-0.02484
-1.914023e-06	-0.025688
-1.912023e-06	-0.025476
-1.910023e-06	-0.0259
-1.908023e-06	-0.025264
-1.906023e-06	-0.023992
-1.904023e-06	-0.025688
-1.902023e-06	-0.0259
-1.900023e-06	-0.023992
-1.898023e-06	-0.022296
-1.896023e-06	-0.023144
-1.894023e-06	-0.023144
-1.892023e-06	-0.025052
-1.890023e-06	-0.023568
-1.888023e-06	-0.024204
-1.886023e-06	-0.024628
-1.884023e-06	-0.023992
-1.882023e-06	-0.02484
-1.880023e-06	-0.025264
-1.878023e-06	-0.025688
-1.876023e-06	-0.025052
-1.874023e-06	-0.025264
-1.872023e-06	-0.0259
-1.870023e-06	-0.025688
-1.868023e-06	-0.026324
-1.866023e-06	-0.024628
-1.864023e-06	-0.025264
-1.862023e-06	-0.026112
-1.860023e-06	-0.025688
-1.858023e-06	-0.025264
-1.856023e-06	-0.025052
-1.854023e-06	-0.027172
-1.852023e-06	-0.024628
-1.850023e-06	-0.025476
-1.848023e-06	-0.024204
-1.846023e-06	-0.025264
-1.844023e-06	-0.02484
-1.842023e-06	-0.02484
-1.840023e-06	-0.02484
-1.838023e-06	-0.025052
-1.836023e-06	-0.024204
-1.834023e-06	-0.024628
-1.832023e-06	-0.02378
-1.830023e-06	-0.024628
-1.828023e-06	-0.024628
-1.826023e-06	-0.02484
-1.824023e-06	-0.02484
-1.822023e-06	-0.024204
-1.820023e-06	-0.0259
-1.818023e-06	-0.023992
-1.816023e-06	-0.026324
-1.814023e-06	-0.024204
-1.812023e-06	-0.025052
-1.810023e-06	-0.024628
-1.808023e-06	-0.025688
-1.806023e-06	-0.026748
-1.804023e-06	-0.024628
-1.802023e-06	-0.025476
-1.800023e-06	-0.026112
-1.798023e-06	-0.026324
-1.796023e-06	-0.025052
-1.794023e-06	-0.025476
-1.792023e-06	-0.026748
-1.790023e-06	-0.027384
-1.788023e-06	-0.026112
-1.786023e-06	-0.024628
-1.784023e-06	-0.02378
-1.782023e-06	-0.024628
-1.780023e-06	-0.024628
-1.778023e-06	-0.02484
-1.776023e-06	-0.024204
-1.774023e-06	-0.026112
-1.772023e-06	-0.026324
-1.770023e-06	-0.025476
-1.768023e-06	-0.02484
-1.766023e-06	-0.025476
-1.764023e-06	-0.023992
-1.762023e-06	-0.024416
-1.760023e-06	-0.02378
-1.758023e-06	-0.026112
-1.756023e-06	-0.023568
-1.754023e-06	-0.023356
-1.752023e-06	-0.023568
-1.750023e-06	-0.02484
-1.748023e-06	-0.025264
-1.746023e-06	-0.024416
-1.744023e-06	-0.023356
-1.742023e-06	-0.025476
-1.740023e-06	-0.024416
-1.738023e-06	-0.023144
-1.736023e-06	-0.024204
-1.734023e-06	-0.024628
-1.732023e-06	-0.025052
-1.730023e-06	-0.024628
-1.728023e-06	-0.024204
-1.726023e-06	-0.025688
-1.724023e-06	-0.025688
-1.722023e-06	-0.025264
-1.720023e-06	-0.02378
-1.718023e-06	-0.023992
-1.716023e-06	-0.024628
-1.714023e-06	-0.023356
-1.712023e-06	-0.023356
-1.710023e-06	-0.02272
-1.708023e-06	-0.022932
-1.706023e-06	-0.024204
-1.704023e-06	-0.022084
-1.702023e-06	-0.023568
-1.700023e-06	-0.024416
-1.698023e-06	-0.024204
-1.696023e-06	-0.021024
-1.694023e-06	-0.022084
-1.692023e-06	-0.022508
-1.690023e-06	-0.02166
-1.688023e-06	-0.022296
-1.686023e-06	-0.024204
-1.684023e-06	-0.023356
-1.682023e-06	-0.022296
-1.680023e-06	-0.023356
-1.678023e-06	-0.023568
-1.676023e-06	-0.022508
-1.674023e-06	-0.02272
-1.672023e-06	-0.022508
-1.670023e-06	-0.02378
-1.668023e-06	-0.022296
-1.666023e-06	-0.022296
-1.664023e-06	-0.022296
-1.662023e-06	-0.023568
-1.660023e-06	-0.023568
-1.658023e-06	-0.02272
-1.656023e-06	-0.021236
-1.654023e-06	-0.022932
-1.652023e-06	-0.022296
-1.650023e-06	-0.02272
-1.648023e-06	-0.022508
-1.646023e-06	-0.02378
-1.644023e-06	-0.022932
-1.642023e-06	-0.022508
-1.640023e-06	-0.02166
-1.638023e-06	-0.023144
-1.636023e-06	-0.022508
-1.634023e-06	-0.023992
-1.632023e-06	-0.021024
-1.630023e-06	-0.025052
-1.628023e-06	-0.024416
-1.626023e-06	-0.024204
-1.624023e-06	-0.023144
-1.622023e-06	-0.024204
-1.620023e-06	-0.023568
-1.618023e-06	-0.024416
-1.616023e-06	-0.022932
-1.614023e-06	-0.025688
-1.612023e-06	-0.023356
-1.610023e-06	-0.02166
-1.608023e-06	-0.021448
-1.606023e-06	-0.020176
-1.604023e-06	-0.019752
-1.602023e-06	-0.021448
-1.600023e-06	-0.020812
-1.598023e-06	-0.02166
-1.596023e-06	-0.01954
-1.594023e-06	-0.021236
-1.592023e-06	-0.020176
-1.590023e-06	-0.019752
-1.588023e-06	-0.019116
-1.586023e-06	-0.01954
-1.584023e-06	-0.018904
-1.582023e-06	-0.018056
-1.580023e-06	-0.01848
-1.578023e-06	-0.017632
-1.576023e-06	-0.018268
-1.574023e-06	-0.017844
-1.572023e-06	-0.016572
-1.570023e-06	-0.015724
-1.568023e-06	-0.015724
-1.566023e-06	-0.017208
-1.564023e-06	-0.015724
-1.562023e-06	-0.014876
-1.560023e-06	-0.01636
-1.558023e-06	-0.018268
-1.556023e-06	-0.01636
-1.554023e-06	-0.016784
-1.552023e-06	-0.017632
-1.550023e-06	-0.018056
-1.548023e-06	-0.017844
-1.546023e-06	-0.016572
-1.544023e-06	-0.018904
-1.542023e-06	-0.016784
-1.540023e-06	-0.01848
-1.538023e-06	-0.019964
-1.536023e-06	-0.019116
-1.534023e-06	-0.019328
-1.532023e-06	-0.017208
-1.530023e-06	-0.019116
-1.528023e-06	-0.018268
-1.526023e-06	-0.021024
-1.524023e-06	-0.019752
-1.522023e-06	-0.0206
-1.520023e-06	-0.021024
-1.518023e-06	-0.020388
-1.516023e-06	-0.021236
-1.514023e-06	-0.020812
-1.512023e-06	-0.02166
-1.510023e-06	-0.022932
-1.508023e-06	-0.020812
-1.506023e-06	-0.022296
-1.504023e-06	-0.02166
-1.502023e-06	-0.022508
-1.500023e-06	-0.022508
-1.498023e-06	-0.023144
-1.496023e-06	-0.024204
-1.494023e-06	-0.022932
-1.492023e-06	-0.023144
-1.490023e-06	-0.023568
-1.488023e-06	-0.022508
-1.486023e-06	-0.025052
-1.484023e-06	-0.02378
-1.482023e-06	-0.023568
-1.480023e-06	-0.021448
-1.478023e-06	-0.023356
-1.476023e-06	-0.02378
-1.474023e-06	-0.02166
-1.472023e-06	-0.022508
-1.470023e-06	-0.023992
-1.468023e-06	-0.023356
-1.466023e-06	-0.023144
-1.464023e-06	-0.02166
-1.462023e-06	-0.024416
-1.460023e-06	-0.024416
-1.458023e-06	-0.023568
-1.456023e-06	-0.022296
-1.454023e-06	-0.023144
-1.452023e-06	-0.02378
-1.450023e-06	-0.023356
-1.448023e-06	-0.022932
-1.446023e-06	-0.024416
-1.444023e-06	-0.023144
-1.442023e-06	-0.023568
-1.440023e-06	-0.022084
-1.438023e-06	-0.022508
-1.436023e-06	-0.020812
-1.434023e-06	-0.020812
-1.432023e-06	-0.021024
-1.430023e-06	-0.023992
-1.428023e-06	-0.02166
-1.426023e-06	-0.020812
-1.424023e-06	-0.01954
-1.422023e-06	-0.021448
-1.420023e-06	-0.020388
-1.418023e-06	-0.019964
-1.416023e-06	-0.021024
-1.414023e-06	-0.022296
-1.412023e-06	-0.022508
-1.410023e-06	-0.021236
-1.408023e-06	-0.022296
-1.406023e-06	-0.022508
-1.404023e-06	-0.021236
-1.402023e-06	-0.019964
-1.400023e-06	-0.0206
-1.398023e-06	-0.019116
-1.396023e-06	-0.020388
-1.394023e-06	-0.019752
-1.392023e-06	-0.021024
-1.390023e-06	-0.021872
-1.388023e-06	-0.021024
-1.386023e-06	-0.020812
-1.384023e-06	-0.019964
-1.382023e-06	-0.020388
-1.380023e-06	-0.020176
-1.378023e-06	-0.021236
-1.376023e-06	-0.020812
-1.374023e-06	-0.021872
-1.372023e-06	-0.02166
-1.370023e-06	-0.021024
-1.368023e-06	-0.019964
-1.366023e-06	-0.02166
-1.364023e-06	-0.021024
-1.362023e-06	-0.021024
-1.360023e-06	-0.020388
-1.358023e-06	-0.020812
-1.356023e-06	-0.021024
-1.354023e-06	-0.0206
-1.352023e-06	-0.020812
-1.350023e-06	-0.020812
-1.348023e-06	-0.019752
-1.346023e-06	-0.020388
-1.344023e-06	-0.019752
-1.342023e-06	-0.022296
-1.340023e-06	-0.02166
-1.338023e-06	-0.020812
-1.336023e-06	-0.022508
-1.334023e-06	-0.023144
-1.332023e-06	-0.02272
-1.330023e-06	-0.019964
-1.328023e-06	-0.021448
-1.326023e-06	-0.021872
-1.324023e-06	-0.022084
-1.322023e-06	-0.02378
-1.320023e-06	-0.022508
-1.318023e-06	-0.022932
-1.316023e-06	-0.022508
-1.314023e-06	-0.022932
-1.312023e-06	-0.022508
-1.310023e-06	-0.023992
-1.308023e-06	-0.023356
-1.306023e-06	-0.023568
-1.304023e-06	-0.02272
-1.302023e-06	-0.023992
-1.300023e-06	-0.023568
-1.298023e-06	-0.024628
-1.296023e-06	-0.02272
-1.294023e-06	-0.024416
-1.292023e-06	-0.025052
-1.290023e-06	-0.023568
-1.288023e-06	-0.023992
-1.286023e-06	-0.0259
-1.284023e-06	-0.024204
-1.282023e-06	-0.025476
-1.280023e-06	-0.024416
-1.278023e-06	-0.024416
-1.276023e-06	-0.024204
-1.274023e-06	-0.024416
-1.272023e-06	-0.024628
-1.270023e-06	-0.02484
-1.268023e-06	-0.023356
-1.266023e-06	-0.02484
-1.264023e-06	-0.026112
-1.262023e-06	-0.026324
-1.260023e-06	-0.026748
-1.258023e-06	-0.022932
-1.256023e-06	-0.025476
-1.254023e-06	-0.024204
-1.252023e-06	-0.024628
-1.250023e-06	-0.025264
-1.248023e-06	-0.025052
-1.246023e-06	-0.024628
-1.244023e-06	-0.024628
-1.242023e-06	-0.025052
-1.240023e-06	-0.026112
-1.238023e-06	-0.0259
-1.236023e-06	-0.0259
-1.234023e-06	-0.026324
-1.232023e-06	-0.027808
-1.230023e-06	-0.026112
-1.228023e-06	-0.02484
-1.226023e-06	-0.023568
-1.224023e-06	-0.025688
-1.222023e-06	-0.026536
-1.220023e-06	-0.025688
-1.218023e-06	-0.023144
-1.216023e-06	-0.022296
-1.214023e-06	-0.025688
-1.212023e-06	-0.024628
-1.210023e-06	-0.023356
-1.208023e-06	-0.022508
-1.206023e-06	-0.024416
-1.204023e-06	-0.023568
-1.202023e-06	-0.022508
-1.200023e-06	-0.025476
-1.198023e-06	-0.023356
-1.196023e-06	-0.023144
-1.194023e-06	-0.025264
-1.192023e-06	-0.025052
-1.190023e-06	-0.022932
-1.188023e-06	-0.023144
-1.186023e-06	-0.02378
-1.184023e-06	-0.024628
-1.182023e-06	-0.023568
-1.180023e-06	-0.023992
-1.178023e-06	-0.02272
-1.176023e-06	-0.02272
-1.174023e-06	-0.02272
-1.172023e-06	-0.023568
-1.170023e-06	-0.02166
-1.168023e-06	-0.022296
-1.166023e-06	-0.023992
-1.164023e-06	-0.022296
-1.162023e-06	-0.022932
-1.160023e-06	-0.023568
-1.158023e-06	-0.02378
-1.156023e-06	-0.024204
-1.154023e-06	-0.023356
-1.152023e-06	-0.023144
-1.150023e-06	-0.0259
-1.148023e-06	-0.023568
-1.146023e-06	-0.023992
-1.144023e-06	-0.023992
-1.142023e-06	-0.025264
-1.140023e-06	-0.024416
-1.138023e-06	-0.022508
-1.136023e-06	-0.02166
-1.134023e-06	-0.022296
-1.132023e-06	-0.022508
-1.130023e-06	-0.024204
-1.128023e-06	-0.023568
-1.126023e-06	-0.025264
-1.124023e-06	-0.023568
-1.122023e-06	-0.023144
-1.120023e-06	-0.023356
-1.118023e-06	-0.024416
-1.116023e-06	-0.024204
-1.114023e-06	-0.025264
-1.112023e-06	-0.024204
-1.110023e-06	-0.025264
-1.108023e-06	-0.024204
-1.106023e-06	-0.023992
-1.104023e-06	-0.024628
-1.102023e-06	-0.025688
-1.100023e-06	-0.023992
-1.098023e-06	-0.024628
-1.096023e-06	-0.023568
-1.094023e-06	-0.025476
-1.092023e-06	-0.025052
-1.090023e-06	-0.02272
-1.088023e-06	-0.02378
-1.086023e-06	-0.023568
-1.084023e-06	-0.023992
-1.082023e-06	-0.023568
-1.080023e-06	-0.022296
-1.078023e-06	-0.02378
-1.076023e-06	-0.024204
-1.074023e-06	-0.02378
-1.072023e-06	-0.025688
-1.070023e-06	-0.024416
-1.068023e-06	-0.024204
-1.066023e-06	-0.02272
-1.064023e-06	-0.023992
-1.062023e-06	-0.024416
-1.060023e-06	-0.023992
-1.058023e-06	-0.02484
-1.056023e-06	-0.026324
-1.054023e-06	-0.025688
-1.052023e-06	-0.025052
-1.050023e-06	-0.0259
-1.048023e-06	-0.024416
-1.046023e-06	-0.025688
-1.044023e-06	-0.025264
-1.042023e-06	-0.022084
-1.040023e-06	-0.022084
-1.038023e-06	-0.023356
-1.036023e-06	-0.022932
-1.034023e-06	-0.021872
-1.032023e-06	-0.021872
-1.030023e-06	-0.023568
-1.028023e-06	-0.02378
-1.026023e-06	-0.02378
-1.024023e-06	-0.023356
-1.022023e-06	-0.025264
-1.020023e-06	-0.024416
-1.018023e-06	-0.022932
-1.016023e-06	-0.022508
-1.014023e-06	-0.02272
-1.012023e-06	-0.022296
-1.010023e-06	-0.021872
-1.008023e-06	-0.022296
-1.006023e-06	-0.02272
-1.004023e-06	-0.022296
-1.002023e-06	-0.021024
-1.000023e-06	-0.018692
-9.980231e-07	-0.023356
-9.960231e-07	-0.022508
-9.940231e-07	-0.022508
-9.920231e-07	-0.020812
-9.900231e-07	-0.023144
-9.880231e-07	-0.023356
-9.860231e-07	-0.02166
-9.840231e-07	-0.023144
-9.820231e-07	-0.023144
-9.800231e-07	-0.023356
-9.780231e-07	-0.022296
-9.760231e-07	-0.022508
-9.740231e-07	-0.02378
-9.720231e-07	-0.023144
-9.700231e-07	-0.023144
-9.680231e-07	-0.022084
-9.660231e-07	-0.024204
-9.640231e-07	-0.023144
-9.620231e-07	-0.02272
-9.600231e-07	-0.022084
-9.580231e-07	-0.022932
-9.560231e-07	-0.025264
-9.540231e-07	-0.022508
-9.520231e-07	-0.021236
-9.500231e-07	-0.023568
-9.480231e-07	-0.023992
-9.460231e-07	-0.022932
-9.440231e-07	-0.023144
-9.420231e-07	-0.024204
-9.400231e-07	-0.023568
-9.380231e-07	-0.02378
-9.360231e-07	-0.02378
-9.340231e-07	-0.024204
-9.320231e-07	-0.025052
-9.300231e-07	-0.02484
-9.280231e-07	-0.025688
-9.260231e-07	-0.025264
-9.240231e-07	-0.02378
-9.220231e-07	-0.024204
-9.200231e-07	-0.025052
-9.180231e-07	-0.025688
-9.160231e-07	-0.02484
-9.140231e-07	-0.025052
-9.120231e-07	-0.023356
-9.100231e-07	-0.025688
-9.080231e-07	-0.023356
-9.060231e-07	-0.025052
-9.040231e-07	-0.025264
-9.020231e-07	-0.02696
-9.000231e-07	-0.0259
-8.980231e-07	-0.02484
-8.960231e-07	-0.024204
-8.940231e-07	-0.025264
-8.920231e-07	-0.024204
-8.900231e-07	-0.024416
-8.880231e-07	-0.023568
-8.860231e-07	-0.024416
-8.840231e-07	-0.023992
-8.820231e-07	-0.02378
-8.800231e-07	-0.023568
-8.780231e-07	-0.025052
-8.760231e-07	-0.024204
-8.740231e-07	-0.022084
-8.720231e-07	-0.021872
-8.700231e-07	-0.023568
-8.680231e-07	-0.023568
-8.660231e-07	-0.023568
-8.640231e-07	-0.02272
-8.620231e-07	-0.021872
-8.600231e-07	-0.021448
-8.580231e-07	-0.020812
-8.560231e-07	-0.022084
-8.540231e-07	-0.024204
-8.520231e-07	-0.023356
-8.500231e-07	-0.02166
-8.480231e-07	-0.021872
-8.460231e-07	-0.02166
-8.440231e-07	-0.021024
-8.420231e-07	-0.020812
-8.400231e-07	-0.021024
-8.380231e-07	-0.021236
-8.360231e-07	-0.019964
-8.340231e-07	-0.019964
-8.320231e-07	-0.018904
-8.300231e-07	-0.021236
-8.280231e-07	-0.018268
-8.260231e-07	-0.018904
-8.240231e-07	-0.01848
-8.220231e-07	-0.021236
-8.200231e-07	-0.019116
-8.180231e-07	-0.019328
-8.160231e-07	-0.019964
-8.140231e-07	-0.019328
-8.120231e-07	-0.01742
-8.100231e-07	-0.022296
-8.080231e-07	-0.021448
-8.060231e-07	-0.020812
-8.040231e-07	-0.017632
-8.020231e-07	-0.016148
-8.000231e-07	-0.021024
-7.980231e-07	-0.021872
-7.960231e-07	-0.017844
-7.940231e-07	-0.018056
-7.920231e-07	-0.018056
-7.900231e-07	-0.022084
-7.880231e-07	-0.019328
-7.860231e-07	-0.017632
-7.840231e-07	-0.018692
-7.820231e-07	-0.022084
-7.800231e-07	-0.020388
-7.780231e-07	-0.01954
-7.760231e-07	-0.018268
-7.740231e-07	-0.0206
-7.720231e-07	-0.021236
-7.700231e-07	-0.021872
-7.680231e-07	-0.021236
-7.660231e-07	-0.021236
-7.640231e-07	-0.02272
-7.620231e-07	-0.0206
-7.600231e-07	-0.021448
-7.580231e-07	-0.02378
-7.560231e-07	-0.022084
-7.540231e-07	-0.021236
-7.520231e-07	-0.022508
-7.500231e-07	-0.021236
-7.480231e-07	-0.019964
-7.460231e-07	-0.020812
-7.440231e-07	-0.021448
-7.420231e-07	-0.023356
-7.400231e-07	-0.020812
-7.380231e-07	-0.021236
-7.360231e-07	-0.02272
-7.340231e-07	-0.021236
-7.320231e-07	-0.024204
-7.300231e-07	-0.02378
-7.280231e-07	-0.022932
-7.260231e-07	-0.023568
-7.240231e-07	-0.022932
-7.220231e-07	-0.023568
-7.200231e-07	-0.022508
-7.180231e-07	-0.021872
-7.160231e-07	-0.022932
-7.140231e-07	-0.023568
-7.120231e-07	-0.022296
-7.100231e-07	-0.023144
-7.080231e-07	-0.02272
-7.060231e-07	-0.021872
-7.040231e-07	-0.022296
-7.020231e-07	-0.022932
-7.000231e-07	-0.023568
-6.980231e-07	-0.022508
-6.960231e-07	-0.021872
-6.940231e-07	-0.022296
-6.920231e-07	-0.02272
-6.900231e-07	-0.021236
-6.880231e-07	-0.022084
-6.860231e-07	-0.022932
-6.840231e-07	-0.021024
-6.820231e-07	-0.022084
-6.800231e-07	-0.022084
-6.780231e-07	-0.022084
-6.760231e-07	-0.020812
-6.740231e-07	-0.021872
-6.720231e-07	-0.021024
-6.700231e-07	-0.023144
-6.680231e-07	-0.022084
-6.660231e-07	-0.021024
-6.640231e-07	-0.022084
-6.620231e-07	-0.023568
-6.600231e-07	-0.023992
-6.580231e-07	-0.023992
-6.560231e-07	-0.023144
-6.540231e-07	-0.024416
-6.520231e-07	-0.023568
-6.500231e-07	-0.025052
-6.480231e-07	-0.02378
-6.460231e-07	-0.024416
-6.440231e-07	-0.022508
-6.420231e-07	-0.023568
-6.400231e-07	-0.024204
-6.380231e-07	-0.025264
-6.360231e-07	-0.025052
-6.340231e-07	-0.025688
-6.320231e-07	-0.023992
-6.300231e-07	-0.025688
-6.280231e-07	-0.025052
-6.260231e-07	-0.023992
-6.240231e-07	-0.0259
-6.220231e-07	-0.025264
-6.200231e-07	-0.026536
-6.180231e-07	-0.025052
-6.160231e-07	-0.02484
-6.140231e-07	-0.0259
-6.120231e-07	-0.025264
-6.100231e-07	-0.025264
-6.080231e-07	-0.025052
-6.060231e-07	-0.0259
-6.040231e-07	-0.025476
-6.020231e-07	-0.024628
-6.000231e-07	-0.025688
-5.980231e-07	-0.026112
-5.960231e-07	-0.023992
-5.940231e-07	-0.024628
-5.920231e-07	-0.02484
-5.900231e-07	-0.025476
-5.880231e-07	-0.02484
-5.860231e-07	-0.025052
-5.840231e-07	-0.02484
-5.820231e-07	-0.026112
-5.800231e-07	-0.025264
-5.780231e-07	-0.025264
-5.760231e-07	-0.025052
-5.740231e-07	-0.024628
-5.720231e-07	-0.02484
-5.700231e-07	-0.02484
-5.680231e-07	-0.023356
-5.660231e-07	-0.024204
-5.640231e-07	-0.024204
-5.620231e-07	-0.023568
-5.600231e-07	-0.022932
-5.580231e-07	-0.023568
-5.560231e-07	-0.023356
-5.540231e-07	-0.02272
-5.520231e-07	-0.02484
-5.500231e-07	-0.025688
-5.480231e-07	-0.024628
-5.460231e-07	-0.022932
-5.440231e-07	-0.023144
-5.420231e-07	-0.024628
-5.400231e-07	-0.02484
-5.380231e-07	-0.025688
-5.360231e-07	-0.025688
-5.340231e-07	-0.02378
-5.320231e-07	-0.023356
-5.300231e-07	-0.022084
-5.280231e-07	-0.02378
-5.260231e-07	-0.023568
-5.240231e-07	-0.023356
-5.220231e-07	-0.0206
-5.200231e-07	-0.022296
-5.180231e-07	-0.024204
-5.160231e-07	-0.023992
-5.140231e-07	-0.022084
-5.120231e-07	-0.02166
-5.100231e-07	-0.024416
-5.080231e-07	-0.024628
-5.060231e-07	-0.022508
-5.040231e-07	-0.022296
-5.020231e-07	-0.02484
-5.000231e-07	-0.02484
-4.980231e-07	-0.023356
-4.960231e-07	-0.021448
-4.940231e-07	-0.023568
-4.920231e-07	-0.022932
-4.900231e-07	-0.023144
-4.880231e-07	-0.021872
-4.860231e-07	-0.024628
-4.840231e-07	-0.022932
-4.820231e-07	-0.022932
-4.800231e-07	-0.021872
-4.780231e-07	-0.023144
-4.760231e-07	-0.022932
-4.740231e-07	-0.022296
-4.720231e-07	-0.02272
-4.700231e-07	-0.023356
-4.680231e-07	-0.02272
-4.660231e-07	-0.022508
-4.640231e-07	-0.024416
-4.620231e-07	-0.024204
-4.600231e-07	-0.023144
-4.580231e-07	-0.022932
-4.560231e-07	-0.022296
-4.540231e-07	-0.023992
-4.520231e-07	-0.022932
-4.500231e-07	-0.02166
-4.480231e-07	-0.022084
-4.460231e-07	-0.02484
-4.440231e-07	-0.024628
-4.420231e-07	-0.02166
-4.400231e-07	-0.022296
-4.380231e-07	-0.024628
-4.360231e-07	-0.023356
-4.340231e-07	-0.02484
-4.320231e-07	-0.022508
-4.300231e-07	-0.023568
-4.280231e-07	-0.022296
-4.260231e-07	-0.024204
-4.240231e-07	-0.023144
-4.220231e-07	-0.024204
-4.200231e-07	-0.02484
-4.180231e-07	-0.023144
-4.160231e-07	-0.02484
-4.140231e-07	-0.024628
-4.120231e-07	-0.023356
-4.100231e-07	-0.02272
-4.080231e-07	-0.02378
-4.060231e-07	-0.023356
-4.040231e-07	-0.023568
-4.020231e-07	-0.024204
-4.000231e-07	-0.024416
-3.980231e-07	-0.025052
-3.960231e-07	-0.023144
-3.940231e-07	-0.023992
-3.920231e-07	-0.024204
-3.900231e-07	-0.024416
-3.880231e-07	-0.025264
-3.860231e-07	-0.025264
-3.840231e-07	-0.022508
-3.820231e-07	-0.025264
-3.800231e-07	-0.025688
-3.780231e-07	-0.0259
-3.760231e-07	-0.023992
-3.740231e-07	-0.024416
-3.720231e-07	-0.026324
-3.700231e-07	-0.024416
-3.680231e-07	-0.025052
-3.660231e-07	-0.025688
-3.640231e-07	-0.023356
-3.620231e-07	-0.025052
-3.600231e-07	-0.02272
-3.580231e-07	-0.025476
-3.560231e-07	-0.0259
-3.540231e-07	-0.024416
-3.520231e-07	-0.023992
-3.500231e-07	-0.026112
-3.480231e-07	-0.0259
-3.460231e-07	-0.02484
-3.440231e-07	-0.024416
-3.420231e-07	-0.0259
-3.400231e-07	-0.024416
-3.380231e-07	-0.0259
-3.360231e-07	-0.024204
-3.340231e-07	-0.02484
-3.320231e-07	-0.02272
-3.300231e-07	-0.02378
-3.280231e-07	-0.023144
-3.260231e-07	-0.024628
-3.240231e-07	-0.024416
-3.220231e-07	-0.025052
-3.200231e-07	-0.025264
-3.180231e-07	-0.024628
-3.160231e-07	-0.02378
-3.140231e-07	-0.025476
-3.120231e-07	-0.025476
-3.100231e-07	-0.025688
-3.080231e-07	-0.025264
-3.060231e-07	-0.0259
-3.040231e-07	-0.023992
-3.020231e-07	-0.026536
-3.000231e-07	-0.02272
-2.980231e-07	-0.024628
-2.960231e-07	-0.023144
-2.940231e-07	-0.025264
-2.920231e-07	-0.025052
-2.900231e-07	-0.025476
-2.880231e-07	-0.02484
-2.860231e-07	-0.0259
-2.840231e-07	-0.025052
-2.820231e-07	-0.027384
-2.800231e-07	-0.0259
-2.780231e-07	-0.023992
-2.760231e-07	-0.025264
-2.740231e-07	-0.02484
-2.720231e-07	-0.024628
-2.700231e-07	-0.026536
-2.680231e-07	-0.026112
-2.660231e-07	-0.02484
-2.640231e-07	-0.025264
-2.620231e-07	-0.026112
-2.600231e-07	-0.026536
-2.580231e-07	-0.025476
-2.560231e-07	-0.026536
-2.540231e-07	-0.026748
-2.520231e-07	-0.026324
-2.500231e-07	-0.025052
-2.480231e-07	-0.023992
-2.460231e-07	-0.025052
-2.440231e-07	-0.026536
-2.420231e-07	-0.0259
-2.400231e-07	-0.0259
-2.380231e-07	-0.025264
-2.360231e-07	-0.026536
-2.340231e-07	-0.025476
-2.320231e-07	-0.02378
-2.300231e-07	-0.023992
-2.280231e-07	-0.025052
-2.260231e-07	-0.023356
-2.240231e-07	-0.02378
-2.220231e-07	-0.02484
-2.200231e-07	-0.024416
-2.180231e-07	-0.024628
-2.160231e-07	-0.025476
-2.140231e-07	-0.023356
-2.120231e-07	-0.022932
-2.100231e-07	-0.023568
-2.080231e-07	-0.024628
-2.060231e-07	-0.02378
-2.040231e-07	-0.025264
-2.020231e-07	-0.024204
-2.000231e-07	-0.024416
-1.980231e-07	-0.023992
-1.960231e-07	-0.024204
-1.940231e-07	-0.022932
-1.920231e-07	-0.02272
-1.900231e-07	-0.02378
-1.880231e-07	-0.023144
-1.860231e-07	-0.022508
-1.840231e-07	-0.02166
-1.820231e-07	-0.022084
-1.800231e-07	-0.023144
-1.780231e-07	-0.020388
-1.760231e-07	-0.021448
-1.740231e-07	-0.023356
-1.720231e-07	-0.021448
-1.700231e-07	-0.022084
-1.680231e-07	-0.022296
-1.660231e-07	-0.023144
-1.640231e-07	-0.021872
-1.620231e-07	-0.0206
-1.600231e-07	-0.02272
-1.580231e-07	-0.022084
-1.560231e-07	-0.020812
-1.540231e-07	-0.022084
-1.520231e-07	-0.022508
-1.500231e-07	-0.022508
-1.480231e-07	-0.02378
-1.460231e-07	-0.023356
-1.440231e-07	-0.023144
-1.420231e-07	-0.023568
-1.400231e-07	-0.02272
-1.380231e-07	-0.022296
-1.360231e-07	-0.02166
-1.340231e-07	-0.023144
-1.320231e-07	-0.024204
-1.300231e-07	-0.023356
-1.280231e-07	-0.02378
-1.260231e-07	-0.024628
-1.240231e-07	-0.024204
-1.220231e-07	-0.024628
-1.200231e-07	-0.025052
-1.180231e-07	-0.023992
-1.160231e-07	-0.023356
-1.140231e-07	-0.024628
-1.120231e-07	-0.023144
-1.100231e-07	-0.024416
-1.080231e-07	-0.025476
-1.060231e-07	-0.025052
-1.040231e-07	-0.023568
-1.020231e-07	-0.025052
-1.000231e-07	-0.02378
-9.802315e-08	-0.02378
-9.602315e-08	-0.02378
-9.402315e-08	-0.023356
-9.202315e-08	-0.023568
-9.002315e-08	-0.021236
-8.802315e-08	-0.021872
-8.602315e-08	-0.02378
-8.402315e-08	-0.022084
-8.202315e-08	-0.021236
-8.002315e-08	-0.02166
-7.802315e-08	-0.023356
-7.602315e-08	-0.021448
-7.402315e-08	-0.021024
-7.202315e-08	-0.023144
-7.002315e-08	-0.023144
-6.802315e-08	-0.022932
-6.602315e-08	-0.022508
-6.402315e-08	-0.022932
-6.202315e-08	-0.02272
-6.002315e-08	-0.023992
-5.802315e-08	-0.022932
-5.602315e-08	-0.022508
-5.402315e-08	-0.021872
-5.202315e-08	-0.02272
-5.002315e-08	-0.022296
-4.802315e-08	-0.02166
-4.602315e-08	-0.02272
-4.402315e-08	-0.021872
-4.202315e-08	-0.022296
-4.002315e-08	-0.020388
-3.802315e-08	-0.021448
-3.602315e-08	-0.023356
-3.402315e-08	-0.02166
-3.202315e-08	-0.022084
-3.002315e-08	-0.022296
-2.802315e-08	-0.0206
-2.602315e-08	-0.021872
-2.402315e-08	-0.021448
-2.202315e-08	-0.022084
-2.002315e-08	-0.024204
-1.802315e-08	-0.024204
-1.602315e-08	-0.023992
-1.402315e-08	-0.024204
-1.202315e-08	-0.023144
-1.002315e-08	-0.024416
-8.02315e-09	-0.02272
-6.02315e-09	-0.023568
-4.02315e-09	-0.025264
-2.02315e-09	-0.026112
-2.314986e-11	-0.02484
1.97685e-09	-0.024416
3.97685e-09	-0.024628
5.97685e-09	-0.024628
7.97685e-09	-0.024416
9.97685e-09	-0.025264
1.197685e-08	-0.023144
1.397685e-08	-0.024416
1.597685e-08	-0.022084
1.797685e-08	-0.024628
1.997685e-08	-0.024628
2.197685e-08	-0.022508
2.397685e-08	-0.02272
2.597685e-08	-0.023356
2.797685e-08	-0.023356
2.997685e-08	-0.022932
3.197685e-08	-0.024416
3.397685e-08	-0.02484
3.597685e-08	-0.022932
3.797685e-08	-0.023356
3.997685e-08	-0.021872
4.197685e-08	-0.023356
4.397685e-08	-0.024416
4.597685e-08	-0.022508
4.797685e-08	-0.022932
4.997685e-08	-0.023992
5.197685e-08	-0.0259
5.397685e-08	-0.024204
5.597685e-08	-0.023992
5.797685e-08	-0.0259
5.997685e-08	-0.023356
6.197685e-08	-0.02378
6.397685e-08	-0.023992
6.597685e-08	-0.026112
6.797685e-08	-0.024416
6.997685e-08	-0.023992
7.197685e-08	-0.023992
7.397685e-08	-0.024204
7.597685e-08	-0.02484
7.797685e-08	-0.025476
7.997685e-08	-0.02484
8.197685e-08	-0.025264
8.397685e-08	-0.024204
8.597685e-08	-0.021872
8.797685e-08	-0.022084
8.997685e-08	-0.02272
9.197685e-08	-0.021872
9.397685e-08	-0.023144
9.597685e-08	-0.022508
9.797685e-08	-0.023144
9.997685e-08	-0.022296
1.019769e-07	-0.021872
1.039769e-07	-0.023144
1.059769e-07	-0.02166
1.079769e-07	-0.021024
1.099769e-07	-0.022932
1.119769e-07	-0.022932
1.139769e-07	-0.024204
1.159769e-07	-0.023144
1.179769e-07	-0.02484
1.199769e-07	-0.022508
1.219769e-07	-0.024628
1.239769e-07	-0.023356
1.259769e-07	-0.024416
1.279769e-07	-0.024204
1.299769e-07	-0.022508
1.319769e-07	-0.01954
1.339769e-07	-0.013392
1.359769e-07	0.001024
1.379769e-07	0.022436
1.399769e-07	0.056356
1.419769e-07	0.09494
1.439769e-07	0.136492
1.459769e-07	0.17868
1.479769e-07	0.22108
1.499769e-07	0.26242
1.519769e-07	0.30058
1.539769e-07	0.33556
1.559769e-07	0.369692
1.579769e-07	0.397464
1.599769e-07	0.426084
1.619769e-07	0.450676
1.639769e-07	0.47442
1.659769e-07	0.491168
1.679769e-07	0.509612
1.699769e-07	0.523816
1.719769e-07	0.535264
1.739769e-07	0.54544
1.759769e-07	0.55286
1.779769e-07	0.55922
1.799769e-07	0.563884
1.819769e-07	0.565792
1.839769e-07	0.566852
1.859769e-07	0.567276
1.879769e-07	0.567064
1.899769e-07	0.563248
1.919769e-07	0.56134
1.939769e-07	0.55604
1.959769e-07	0.553708
1.979769e-07	0.546076
1.999769e-07	0.543532
2.019769e-07	0.534204
2.039769e-07	0.528056
2.059769e-07	0.52106
2.079769e-07	0.514276
2.099769e-07	0.504736
2.119769e-07	0.4988
2.139769e-07	0.489472
2.159769e-07	0.479508
2.179769e-07	0.469968
2.199769e-07	0.462972
2.219769e-07	0.454704
2.239769e-07	0.445376
2.259769e-07	0.433928
2.279769e-07	0.427568
2.299769e-07	0.416968
2.319769e-07	0.4087
2.339769e-07	0.40022
2.359769e-07	0.393012
2.379769e-07	0.384108
2.399769e-07	0.37478
2.419769e-07	0.366088
2.439769e-07	0.358032
2.459769e-07	0.348068
2.479769e-07	0.339588
2.499769e-07	0.330896
2.519769e-07	0.324536
2.539769e-07	0.316268
2.559769e-07	0.308212
2.579769e-07	0.301428
2.599769e-07	0.29422
2.619769e-07	0.286376
2.639769e-07	0.279168
2.659769e-07	0.272172
2.679769e-07	0.267084
2.699769e-07	0.25818
2.719769e-07	0.249488
2.739769e-07	0.241008
2.759769e-07	0.237828
2.779769e-07	0.234224
2.799769e-07	0.22744
2.819769e-07	0.218112
2.839769e-07	0.212388
2.859769e-07	0.207936
2.879769e-07	0.204968
2.899769e-07	0.19882
2.919769e-07	0.19034
2.939769e-07	0.185252
2.959769e-07	0.184404
2.979769e-07	0.178044
2.999769e-07	0.17126
3.019769e-07	0.167444
3.039769e-07	0.162568
3.059769e-07	0.158116
3.079769e-07	0.151756
3.099769e-07	0.147304
3.119769e-07	0.14582
3.139769e-07	0.140732
3.159769e-07	0.13522
3.179769e-07	0.13204
3.199769e-07	0.130768
3.219769e-07	0.125044
3.239769e-07	0.122288
3.259769e-07	0.11826
3.279769e-07	0.11402
3.299769e-07	0.111688
3.319769e-07	0.107872
3.339769e-07	0.105964
3.359769e-07	0.102996
3.379769e-07	0.098544
3.399769e-07	0.097908
3.419769e-07	0.093668
3.439769e-07	0.090912
3.459769e-07	0.088368
3.479769e-07	0.087308
3.499769e-07	0.084552
3.519769e-07	0.08328
3.539769e-07	0.079676
3.559769e-07	0.078192
3.579769e-07	0.075436
3.599769e-07	0.073528
3.619769e-07	0.069712
3.639769e-07	0.068652
3.659769e-07	0.067592
3.679769e-07	0.063352
3.699769e-07	0.06102
3.719769e-07	0.059748
3.739769e-07	0.058688
3.759769e-07	0.05678
3.779769e-07	0.056144
3.799769e-07	0.053176
3.819769e-07	0.052328
3.839769e-07	0.050208
3.859769e-07	0.049784
3.879769e-07	0.049148
3.899769e-07	0.04512
3.919769e-07	0.04406
3.939769e-07	0.042576
3.959769e-07	0.040668
3.979769e-07	0.040032
3.999769e-07	0.040244
4.019769e-07	0.037488
4.039769e-07	0.036216
4.059769e-07	0.03452
4.079769e-07	0.033672
4.099769e-07	0.0324
4.119769e-07	0.032612
4.139769e-07	0.030916
4.159769e-07	0.031128
4.179769e-07	0.028372
4.199769e-07	0.026888
4.219769e-07	0.027948
4.239769e-07	0.025404
4.259769e-07	0.025404
4.279769e-07	0.023708
4.299769e-07	0.022436
4.319769e-07	0.022436
4.339769e-07	0.020528
4.359769e-07	0.020528
4.379769e-07	0.01968
4.399769e-07	0.019256
4.419769e-07	0.015864
4.439769e-07	0.014804
4.459769e-07	0.016712
4.479769e-07	0.016288
4.499769e-07	0.01332
4.519769e-07	0.014592
4.539769e-07	0.012896
4.559769e-07	0.011412
4.579769e-07	0.010352
4.599769e-07	0.010352
4.619769e-07	0.009716
4.639769e-07	0.008656
4.659769e-07	0.005052
4.679769e-07	0.00696
4.699769e-07	0.006536
4.719769e-07	0.006112
4.739769e-07	0.003568
4.759769e-07	0.004204
4.779769e-07	0.002508
4.799769e-07	0.003144
4.819769e-07	0.001448
4.839769e-07	0.002084
4.859769e-07	0.001448
4.879769e-07	0.00166
4.899769e-07	-0.00046
4.919769e-07	-0.000248
4.939769e-07	-0.001096
4.959769e-07	-0.00046
4.979769e-07	-0.003004
4.999769e-07	-0.002156
5.019769e-07	-0.003428
5.039769e-07	-0.001732
5.059769e-07	-0.003004
5.079769e-07	-0.002368
5.099769e-07	-0.002368
5.119769e-07	-0.004064
5.139769e-07	-0.004064
5.159769e-07	-0.004276
5.179769e-07	-0.005548
5.199769e-07	-0.005548
5.219769e-07	-0.007456
5.239769e-07	-0.007244
5.259769e-07	-0.00682
5.279769e-07	-0.008516
5.299769e-07	-0.00788
5.319769e-07	-0.007456
5.339769e-07	-0.00788
5.359769e-07	-0.008728
5.379769e-07	-0.00894
5.399769e-07	-0.00894
5.419769e-07	-0.01
5.439769e-07	-0.01
5.459769e-07	-0.011484
5.479769e-07	-0.009788
5.499769e-07	-0.01212
5.519769e-07	-0.01106
5.539769e-07	-0.010636
5.559769e-07	-0.01
5.579769e-07	-0.012756
5.599769e-07	-0.01106
5.619769e-07	-0.012968
5.639769e-07	-0.01212
5.659769e-07	-0.010636
5.679769e-07	-0.011908
5.699769e-07	-0.01212
5.719769e-07	-0.011484
5.739769e-07	-0.012332
5.759769e-07	-0.009788
5.779769e-07	-0.011272
5.799769e-07	-0.012332
5.819769e-07	-0.013604
5.839769e-07	-0.01318
5.859769e-07	-0.014028
5.879769e-07	-0.013392
5.899769e-07	-0.01318
5.919769e-07	-0.012544
5.939769e-07	-0.014664
5.959769e-07	-0.0153
5.979769e-07	-0.0153
5.999769e-07	-0.016148
6.019769e-07	-0.015724
6.039769e-07	-0.01636
6.059769e-07	-0.016996
6.079769e-07	-0.016996
6.099769e-07	-0.015724
6.119769e-07	-0.017844
6.139769e-07	-0.018268
6.159769e-07	-0.017844
6.179769e-07	-0.018692
6.199769e-07	-0.01742
6.219769e-07	-0.018692
6.239769e-07	-0.0206
6.259769e-07	-0.019964
6.279769e-07	-0.018056
6.299769e-07	-0.018904
6.319769e-07	-0.018692
6.339769e-07	-0.018268
6.359769e-07	-0.016996
6.379769e-07	-0.018268
6.399769e-07	-0.016784
6.419769e-07	-0.01848
6.439769e-07	-0.017632
6.459769e-07	-0.0153
6.479769e-07	-0.017208
6.499769e-07	-0.017208
6.519769e-07	-0.015512
6.539769e-07	-0.01636
6.559769e-07	-0.015512
6.579769e-07	-0.016996
6.599769e-07	-0.017208
6.619769e-07	-0.016148
6.639769e-07	-0.014028
6.659769e-07	-0.01636
6.679769e-07	-0.01636
6.699769e-07	-0.016996
6.719769e-07	-0.016784
6.739769e-07	-0.016148
6.759769e-07	-0.01742
6.779769e-07	-0.016572
6.799769e-07	-0.018692
6.819769e-07	-0.019964
6.839769e-07	-0.018268
6.859769e-07	-0.01742
6.879769e-07	-0.017844
6.899769e-07	-0.018056
6.919769e-07	-0.017844
6.939769e-07	-0.017844
6.959769e-07	-0.016148
6.979769e-07	-0.019116
6.999769e-07	-0.01742
7.019769e-07	-0.018904
7.039769e-07	-0.016996
7.059769e-07	-0.01954
7.079769e-07	-0.018056
7.099769e-07	-0.01742
7.119769e-07	-0.018904
7.139769e-07	-0.019752
7.159769e-07	-0.018268
7.179769e-07	-0.018268
7.199769e-07	-0.020176
7.219769e-07	-0.020388
7.239769e-07	-0.019328
7.259769e-07	-0.01848
7.279769e-07	-0.019752
7.299769e-07	-0.019116
7.319769e-07	-0.020388
7.339769e-07	-0.0206
7.359769e-07	-0.020388
7.379769e-07	-0.02166
7.399769e-07	-0.019752
7.419769e-07	-0.019752
7.439769e-07	-0.01954
7.459769e-07	-0.020812
7.479769e-07	-0.022296
7.499769e-07	-0.021236
7.519769e-07	-0.0206
7.539769e-07	-0.019752
7.559769e-07	-0.0206
7.579769e-07	-0.02166
7.599769e-07	-0.021872
7.619769e-07	-0.025476
7.639769e-07	-0.021872
7.659769e-07	-0.019116
7.679769e-07	-0.021448
7.699769e-07	-0.021236
7.719769e-07	-0.022296
7.739769e-07	-0.020176
7.759769e-07	-0.020388
7.779769e-07	-0.023356
7.799769e-07	-0.022296
7.819769e-07	-0.021236
7.839769e-07	-0.021024
7.859769e-07	-0.022084
7.879769e-07	-0.022296
7.899769e-07	-0.022508
7.919769e-07	-0.020388
7.939769e-07	-0.023144
7.959769e-07	-0.021872
7.979769e-07	-0.02272
7.999769e-07	-0.021448
8.019769e-07	-0.022932
8.039769e-07	-0.022296
8.059769e-07	-0.021448
8.079769e-07	-0.020812
8.099769e-07	-0.02166
8.119769e-07	-0.02166
8.139769e-07	-0.02166
8.159769e-07	-0.022296
8.179769e-07	-0.021448
8.199769e-07	-0.021236
8.219769e-07	-0.0206
8.239769e-07	-0.022508
8.259769e-07	-0.023568
8.279769e-07	-0.02272
8.299769e-07	-0.0206
8.319769e-07	-0.022932
8.339769e-07	-0.024204
8.359769e-07	-0.02272
8.379769e-07	-0.022932
8.399769e-07	-0.02166
8.419769e-07	-0.023144
8.439769e-07	-0.023568
8.459769e-07	-0.022296
8.479769e-07	-0.021448
8.499769e-07	-0.023144
8.519769e-07	-0.02378
8.539769e-07	-0.02166
8.559769e-07	-0.021872
8.579769e-07	-0.022296
8.599769e-07	-0.022508
8.619769e-07	-0.022508
8.639769e-07	-0.022084
8.659769e-07	-0.02272
8.679769e-07	-0.022508
8.699769e-07	-0.021872
8.719769e-07	-0.020812
8.739769e-07	-0.023356
8.759769e-07	-0.02378
8.779769e-07	-0.023568
8.799769e-07	-0.023356
8.819769e-07	-0.02272
8.839769e-07	-0.023144
8.859769e-07	-0.023356
8.879769e-07	-0.023356
8.899769e-07	-0.024204
8.919769e-07	-0.023568
8.939769e-07	-0.02272
8.959769e-07	-0.02378
8.979769e-07	-0.025264
8.999769e-07	-0.022084
9.019769e-07	-0.02378
9.039769e-07	-0.022296
9.059769e-07	-0.02272
9.079769e-07	-0.022084
9.099769e-07	-0.025476
9.119769e-07	-0.023568
9.139769e-07	-0.025052
9.159769e-07	-0.023992
9.179769e-07	-0.023356
9.199769e-07	-0.022932
9.219769e-07	-0.02484
9.239769e-07	-0.024416
9.259769e-07	-0.024628
9.279769e-07	-0.02378
9.299769e-07	-0.025264
9.319769e-07	-0.023568
9.339769e-07	-0.023144
9.359769e-07	-0.023992
9.379769e-07	-0.024204
9.399769e-07	-0.023144
9.419769e-07	-0.023356
9.439769e-07	-0.023992
9.459769e-07	-0.024628
9.479769e-07	-0.024204
9.499769e-07	-0.023144
9.519769e-07	-0.024204
9.539769e-07	-0.024416
9.559769e-07	-0.02272
9.579769e-07	-0.023992
9.599769e-07	-0.02378
9.619769e-07	-0.024628
9.639769e-07	-0.023568
9.659769e-07	-0.023568
9.679769e-07	-0.023144
9.699769e-07	-0.026536
9.719769e-07	-0.025688
9.739769e-07	-0.02484
9.759769e-07	-0.023568
9.779769e-07	-0.025264
9.799769e-07	-0.024628
9.819769e-07	-0.025476
9.839769e-07	-0.023568
9.859769e-07	-0.02484
9.879769e-07	-0.026536
9.899769e-07	-0.025264
9.919769e-07	-0.025264
9.939769e-07	-0.025264
9.959769e-07	-0.023356
9.979769e-07	-0.025264
9.999769e-07	-0.024204
1.001977e-06	-0.024204
1.003977e-06	-0.02484
1.005977e-06	-0.02484
1.007977e-06	-0.025688
1.009977e-06	-0.026748
1.011977e-06	-0.025476
1.013977e-06	-0.0259
1.015977e-06	-0.0259
1.017977e-06	-0.027384
1.019977e-06	-0.02802
1.021977e-06	-0.026748
1.023977e-06	-0.0259
1.025977e-06	-0.02696
1.027977e-06	-0.026748
1.029977e-06	-0.02696
1.031977e-06	-0.027172
1.033977e-06	-0.02802
1.035977e-06	-0.026748
1.037977e-06	-0.026112
1.039977e-06	-0.025052
1.041977e-06	-0.025688
1.043977e-06	-0.025688
1.045977e-06	-0.026324
1.047977e-06	-0.026748
1.049977e-06	-0.025052
1.051977e-06	-0.0259
1.053977e-06	-0.025052
1.055977e-06	-0.024628
1.057977e-06	-0.023568
1.059977e-06	-0.023992
1.061977e-06	-0.023144
1.063977e-06	-0.021236
1.065977e-06	-0.024416
1.067977e-06	-0.024628
1.069977e-06	-0.024628
1.071977e-06	-0.023568
1.073977e-06	-0.024204
1.075977e-06	-0.022932
1.077977e-06	-0.022084
1.079977e-06	-0.021448
1.081977e-06	-0.023568
1.083977e-06	-0.022296
1.085977e-06	-0.022932
1.087977e-06	-0.021872
1.089977e-06	-0.022296
1.091977e-06	-0.018692
1.093977e-06	-0.021024
1.095977e-06	-0.023356
1.097977e-06	-0.023568
1.099977e-06	-0.022296
1.101977e-06	-0.022296
1.103977e-06	-0.023568
1.105977e-06	-0.024416
1.107977e-06	-0.023992
1.109977e-06	-0.025264
1.111977e-06	-0.023144
1.113977e-06	-0.023356
1.115977e-06	-0.023568
1.117977e-06	-0.02378
1.119977e-06	-0.02484
1.121977e-06	-0.023992
1.123977e-06	-0.023356
1.125977e-06	-0.024628
1.127977e-06	-0.025052
1.129977e-06	-0.024628
1.131977e-06	-0.025264
1.133977e-06	-0.023992
1.135977e-06	-0.02378
1.137977e-06	-0.02484
1.139977e-06	-0.023356
1.141977e-06	-0.023568
1.143977e-06	-0.025052
1.145977e-06	-0.023568
1.147977e-06	-0.022932
1.149977e-06	-0.024628
1.151977e-06	-0.0259
1.153977e-06	-0.02378
1.155977e-06	-0.024628
1.157977e-06	-0.0259
1.159977e-06	-0.024204
1.161977e-06	-0.023144
1.163977e-06	-0.023568
1.165977e-06	-0.025264
1.167977e-06	-0.027596
1.169977e-06	-0.027384
1.171977e-06	-0.023992
1.173977e-06	-0.02272
1.175977e-06	-0.026536
1.177977e-06	-0.026324
1.179977e-06	-0.023356
1.181977e-06	-0.022296
1.183977e-06	-0.025052
1.185977e-06	-0.026112
1.187977e-06	-0.023144
1.189977e-06	-0.02378
1.191977e-06	-0.022932
1.193977e-06	-0.024628
1.195977e-06	-0.026112
1.197977e-06	-0.022508
1.199977e-06	-0.02378
1.201977e-06	-0.024416
1.203977e-06	-0.024628
1.205977e-06	-0.024416
1.207977e-06	-0.023144
1.209977e-06	-0.024416
1.211977e-06	-0.02378
1.213977e-06	-0.023568
1.215977e-06	-0.02272
1.217977e-06	-0.025264
1.219977e-06	-0.022932
1.221977e-06	-0.022932
1.223977e-06	-0.022932
1.225977e-06	-0.023992
1.227977e-06	-0.023356
1.229977e-06	-0.023144
1.231977e-06	-0.022296
1.233977e-06	-0.025264
1.235977e-06	-0.021872
1.237977e-06	-0.021236
1.239977e-06	-0.02272
1.241977e-06	-0.022508
1.243977e-06	-0.023356
1.245977e-06	-0.022932
1.247977e-06	-0.022932
1.249977e-06	-0.02378
1.251977e-06	-0.024628
1.253977e-06	-0.024416
1.255977e-06	-0.023992
1.257977e-06	-0.024416
1.259977e-06	-0.0259
1.261977e-06	-0.0259
1.263977e-06	-0.024628
1.265977e-06	-0.023356
1.267977e-06	-0.02484
1.269977e-06	-0.027172
1.271977e-06	-0.026112
1.273977e-06	-0.025476
1.275977e-06	-0.024204
1.277977e-06	-0.025264
1.279977e-06	-0.025476
1.281977e-06	-0.025052
1.283977e-06	-0.025052
1.285977e-06	-0.025052
1.287977e-06	-0.02378
1.289977e-06	-0.024628
1.291977e-06	-0.02484
1.293977e-06	-0.024416
1.295977e-06	-0.023144
1.297977e-06	-0.023568
1.299977e-06	-0.024628
1.301977e-06	-0.025264
1.303977e-06	-0.024204
1.305977e-06	-0.025476
1.307977e-06	-0.02378
1.309977e-06	-0.023568
1.311977e-06	-0.025476
1.313977e-06	-0.025476
1.315977e-06	-0.024204
1.317977e-06	-0.02484
1.319977e-06	-0.02484
1.321977e-06	-0.025476
1.323977e-06	-0.025052
1.325977e-06	-0.02484
1.327977e-06	-0.02378
1.329977e-06	-0.0259
1.331977e-06	-0.025476
1.333977e-06	-0.025052
1.335977e-06	-0.025052
1.337977e-06	-0.025688
1.339977e-06	-0.0259
1.341977e-06	-0.023992
1.343977e-06	-0.025476
1.345977e-06	-0.025264
1.347977e-06	-0.026748
1.349977e-06	-0.025476
1.351977e-06	-0.02484
1.353977e-06	-0.027172
1.355977e-06	-0.0259
1.357977e-06	-0.02484
1.359977e-06	-0.025688
1.361977e-06	-0.02696
1.363977e-06	-0.027172
1.365977e-06	-0.026748
1.367977e-06	-0.026324
1.369977e-06	-0.027384
1.371977e-06	-0.0259
1.373977e-06	-0.026112
1.375977e-06	-0.025476
1.377977e-06	-0.026112
1.379977e-06	-0.02696
1.381977e-06	-0.025476
1.383977e-06	-0.025476
1.385977e-06	-0.026324
1.387977e-06	-0.025688
1.389977e-06	-0.025688
1.391977e-06	-0.025476
1.393977e-06	-0.027172
1.395977e-06	-0.025688
1.397977e-06	-0.027596
1.399977e-06	-0.026536
1.401977e-06	-0.027384
1.403977e-06	-0.029292
1.405977e-06	-0.028232
1.407977e-06	-0.02696
1.409977e-06	-0.028656
1.411977e-06	-0.028868
1.413977e-06	-0.02802
1.415977e-06	-0.02802
1.417977e-06	-0.027384
1.419977e-06	-0.02802
1.421977e-06	-0.028232
1.423977e-06	-0.026536
1.425977e-06	-0.029292
1.427977e-06	-0.029504
1.429977e-06	-0.027384
1.431977e-06	-0.027172
1.433977e-06	-0.027596
1.435977e-06	-0.028656
1.437977e-06	-0.02908
1.439977e-06	-0.027808
1.441977e-06	-0.028656
1.443977e-06	-0.029716
1.445977e-06	-0.02696
1.447977e-06	-0.027172
1.449977e-06	-0.028444
1.451977e-06	-0.028444
1.453977e-06	-0.028232
1.455977e-06	-0.02802
1.457977e-06	-0.027808
1.459977e-06	-0.027808
1.461977e-06	-0.029292
1.463977e-06	-0.028232
1.465977e-06	-0.026748
1.467977e-06	-0.028868
1.469977e-06	-0.029716
1.471977e-06	-0.028444
1.473977e-06	-0.02802
1.475977e-06	-0.027596
1.477977e-06	-0.02802
1.479977e-06	-0.028232
1.481977e-06	-0.02802
1.483977e-06	-0.028444
1.485977e-06	-0.026324
1.487977e-06	-0.027596
1.489977e-06	-0.02802
1.491977e-06	-0.028232
1.493977e-06	-0.027596
1.495977e-06	-0.027384
1.497977e-06	-0.026324
1.499977e-06	-0.026748
1.501977e-06	-0.026748
1.503977e-06	-0.026748
1.505977e-06	-0.026112
1.507977e-06	-0.026536
1.509977e-06	-0.026536
1.511977e-06	-0.023144
1.513977e-06	-0.02484
1.515977e-06	-0.024628
1.517977e-06	-0.024628
1.519977e-06	-0.023992
1.521977e-06	-0.02484
1.523977e-06	-0.02378
1.525977e-06	-0.025264
1.527977e-06	-0.02484
1.529977e-06	-0.024204
1.531977e-06	-0.025052
1.533977e-06	-0.026112
1.535977e-06	-0.023568
1.537977e-06	-0.023356
1.539977e-06	-0.022932
1.541977e-06	-0.02272
1.543977e-06	-0.023356
1.545977e-06	-0.025264
1.547977e-06	-0.02484
1.549977e-06	-0.023144
1.551977e-06	-0.025052
1.553977e-06	-0.025264
1.555977e-06	-0.023568
1.557977e-06	-0.022084
1.559977e-06	-0.021872
1.561977e-06	-0.024204
1.563977e-06	-0.022932
1.565977e-06	-0.02272
1.567977e-06	-0.023144
1.569977e-06	-0.023144
1.571977e-06	-0.023356
1.573977e-06	-0.022508
1.575977e-06	-0.021024
1.577977e-06	-0.022508
1.579977e-06	-0.02272
1.581977e-06	-0.022296
1.583977e-06	-0.021872
1.585977e-06	-0.02378
1.587977e-06	-0.020812
1.589977e-06	-0.021448
1.591977e-06	-0.022296
1.593977e-06	-0.022932
1.595977e-06	-0.023356
1.597977e-06	-0.02166
1.599977e-06	-0.022084
1.601977e-06	-0.022932
1.603977e-06	-0.02166
1.605977e-06	-0.02272
1.607977e-06	-0.021236
1.609977e-06	-0.023356
1.611977e-06	-0.022084
1.613977e-06	-0.022296
1.615977e-06	-0.02272
1.617977e-06	-0.023568
1.619977e-06	-0.02378
1.621977e-06	-0.021024
1.623977e-06	-0.02166
1.625977e-06	-0.022508
1.627977e-06	-0.023144
1.629977e-06	-0.021448
1.631977e-06	-0.021448
1.633977e-06	-0.022084
1.635977e-06	-0.022932
1.637977e-06	-0.020176
1.639977e-06	-0.02272
1.641977e-06	-0.022932
1.643977e-06	-0.023568
1.645977e-06	-0.023568
1.647977e-06	-0.022084
1.649977e-06	-0.024628
1.651977e-06	-0.023568
1.653977e-06	-0.02272
1.655977e-06	-0.021024
1.657977e-06	-0.021236
1.659977e-06	-0.022084
1.661977e-06	-0.02166
1.663977e-06	-0.022508
1.665977e-06	-0.022932
1.667977e-06	-0.022084
1.669977e-06	-0.02166
1.671977e-06	-0.0206
1.673977e-06	-0.020176
1.675977e-06	-0.020812
1.677977e-06	-0.021236
1.679977e-06	-0.022084
1.681977e-06	-0.021872
1.683977e-06	-0.022296
1.685977e-06	-0.021872
1.687977e-06	-0.021236
1.689977e-06	-0.021448
1.691977e-06	-0.021024
1.693977e-06	-0.021236
1.695977e-06	-0.022508
1.697977e-06	-0.021448
1.699977e-06	-0.022084
1.701977e-06	-0.0206
1.703977e-06	-0.021024
1.705977e-06	-0.022084
1.707977e-06	-0.022932
1.709977e-06	-0.021236
1.711977e-06	-0.023144
1.713977e-06	-0.024628
1.715977e-06	-0.023144
1.717977e-06	-0.02166
1.719977e-06	-0.021872
1.721977e-06	-0.022296
1.723977e-06	-0.02378
1.725977e-06	-0.022508
1.727977e-06	-0.023356
1.729977e-06	-0.02378
1.731977e-06	-0.024204
1.733977e-06	-0.024628
1.735977e-06	-0.025264
1.737977e-06	-0.02484
1.739977e-06	-0.02272
1.741977e-06	-0.02272
1.743977e-06	-0.022932
1.745977e-06	-0.024204
1.747977e-06	-0.023568
1.749977e-06	-0.023144
1.751977e-06	-0.022932
1.753977e-06	-0.025476
1.755977e-06	-0.023144
1.757977e-06	-0.02484
1.759977e-06	-0.023992
1.761977e-06	-0.024416
1.763977e-06	-0.025264
1.765977e-06	-0.024416
1.767977e-06	-0.02484
1.769977e-06	-0.026112
1.771977e-06	-0.025688
1.773977e-06	-0.023144
1.775977e-06	-0.02378
1.777977e-06	-0.02378
1.779977e-06	-0.025052
1.781977e-06	-0.022508
1.783977e-06	-0.023568
1.785977e-06	-0.024204
1.787977e-06	-0.024628
1.789977e-06	-0.023356
1.791977e-06	-0.023144
1.793977e-06	-0.024204
1.795977e-06	-0.022508
1.797977e-06	-0.022508
1.799977e-06	-0.022084
1.801977e-06	-0.02272
1.803977e-06	-0.021872
1.805977e-06	-0.020388
1.807977e-06	-0.022084
1.809977e-06	-0.023144
1.811977e-06	-0.024628
1.813977e-06	-0.023568
1.815977e-06	-0.023356
1.817977e-06	-0.023568
1.819977e-06	-0.024628
1.821977e-06	-0.022084
1.823977e-06	-0.02272
1.825977e-06	-0.025052
1.827977e-06	-0.025476
1.829977e-06	-0.02272
1.831977e-06	-0.022508
1.833977e-06	-0.023356
1.835977e-06	-0.022932
1.837977e-06	-0.023356
1.839977e-06	-0.02484
1.841977e-06	-0.025264
1.843977e-06	-0.023992
1.845977e-06	-0.02484
1.847977e-06	-0.023992
1.849977e-06	-0.024416
1.851977e-06	-0.023144
1.853977e-06	-0.02272
1.855977e-06	-0.02378
1.857977e-06	-0.023144
1.859977e-06	-0.024204
1.861977e-06	-0.02378
1.863977e-06	-0.025052
1.865977e-06	-0.026748
1.867977e-06	-0.023992
1.869977e-06	-0.023992
1.871977e-06	-0.024204
1.873977e-06	-0.02378
1.875977e-06	-0.02378
1.877977e-06	-0.02484
1.879977e-06	-0.025476
1.881977e-06	-0.0259
1.883977e-06	-0.026112
1.885977e-06	-0.0259
1.887977e-06	-0.0259
1.889977e-06	-0.025264
1.891977e-06	-0.025264
1.893977e-06	-0.025476
1.895977e-06	-0.026112
1.897977e-06	-0.025476
1.899977e-06	-0.026112
1.901977e-06	-0.0259
1.903977e-06	-0.025052
1.905977e-06	-0.027384
1.907977e-06	-0.023992
1.909977e-06	-0.026324
1.911977e-06	-0.02378
1.913977e-06	-0.0259
1.915977e-06	-0.0259
1.917977e-06	-0.023144
1.919977e-06	-0.024416
1.921977e-06	-0.024416
1.923977e-06	-0.02484
1.925977e-06	-0.024628
1.927977e-06	-0.026324
1.929977e-06	-0.026324
1.931977e-06	-0.025688
1.933977e-06	-0.026536
1.935977e-06	-0.0259
1.937977e-06	-0.024628
1.939977e-06	-0.02484
1.941977e-06	-0.024628
1.943977e-06	-0.024204
1.945977e-06	-0.025264
1.947977e-06	-0.025688
1.949977e-06	-0.02484
1.951977e-06	-0.025052
1.953977e-06	-0.025264
1.955977e-06	-0.024204
1.957977e-06	-0.024628
1.959977e-06	-0.026536
1.961977e-06	-0.02484
1.963977e-06	-0.024204
1.965977e-06	-0.02272
1.967977e-06	-0.025264
1.969977e-06	-0.023356
1.971977e-06	-0.023568
1.973977e-06	-0.024628
1.975977e-06	-0.022296
1.977977e-06	-0.024628
1.979977e-06	-0.023144
1.981977e-06	-0.023992
1.983977e-06	-0.025264
1.985977e-06	-0.02484
1.987977e-06	-0.023992
1.989977e-06	-0.023568
1.991977e-06	-0.024204
1.993977e-06	-0.022508
1.995977e-06	-0.024204
1.997977e-06	-0.02378
1.999977e-06	-0.023568
2.001977e-06	-0.024204
2.003977e-06	-0.023568
2.005977e-06	-0.024204
2.007977e-06	-0.022296
2.009977e-06	-0.02272
2.011977e-06	-0.022932
2.013977e-06	-0.024204
2.015977e-06	-0.021872
2.017977e-06	-0.023144
2.019977e-06	-0.023356
2.021977e-06	-0.023144
2.023977e-06	-0.023144
2.025977e-06	-0.0259
2.027977e-06	-0.024416
2.029977e-06	-0.022508
2.031977e-06	-0.02272
2.033977e-06	-0.0259
2.035977e-06	-0.023568
2.037977e-06	-0.022084
2.039977e-06	-0.023356
2.041977e-06	-0.024416
2.043977e-06	-0.025688
2.045977e-06	-0.023992
2.047977e-06	-0.02378
2.049977e-06	-0.024416
2.051977e-06	-0.023992
2.053977e-06	-0.024416
2.055977e-06	-0.023568
2.057977e-06	-0.025052
2.059977e-06	-0.025052
2.061977e-06	-0.024204
2.063977e-06	-0.025052
2.065977e-06	-0.02696
2.067977e-06	-0.027384
2.069977e-06	-0.0259
2.071977e-06	-0.025264
2.073977e-06	-0.026748
2.075977e-06	-0.025688
2.077977e-06	-0.026748
2.079977e-06	-0.02696
2.081977e-06	-0.026324
2.083977e-06	-0.025264
2.085977e-06	-0.02484
2.087977e-06	-0.025264
2.089977e-06	-0.026112
2.091977e-06	-0.025052
2.093977e-06	-0.025052
2.095977e-06	-0.026748
2.097977e-06	-0.027384
2.099977e-06	-0.0259
2.101977e-06	-0.025264
2.103977e-06	-0.02484
2.105977e-06	-0.027808
2.107977e-06	-0.026112
2.109977e-06	-0.024416
2.111977e-06	-0.025052
2.113977e-06	-0.026112
2.115977e-06	-0.025688
2.117977e-06	-0.026324
2.119977e-06	-0.026748
2.121977e-06	-0.025264
2.123977e-06	-0.025264
2.125977e-06	-0.025476
2.127977e-06	-0.024204
2.129977e-06	-0.023992
2.131977e-06	-0.025052
2.133977e-06	-0.024416
2.135977e-06	-0.023144
2.137977e-06	-0.02484
2.139977e-06	-0.024204
2.141977e-06	-0.025688
2.143977e-06	-0.02484
2.145977e-06	-0.024204
2.147977e-06	-0.02378
2.149977e-06	-0.022508
2.151977e-06	-0.02272
2.153977e-06	-0.023144
2.155977e-06	-0.023992
2.157977e-06	-0.023356
2.159977e-06	-0.021448
2.161977e-06	-0.023144
2.163977e-06	-0.022508
2.165977e-06	-0.021448
2.167977e-06	-0.021448
2.169977e-06	-0.022508
2.171977e-06	-0.022084
2.173977e-06	-0.021448
2.175977e-06	-0.021872
2.177977e-06	-0.021872
2.179977e-06	-0.022296
2.181977e-06	-0.020812
2.183977e-06	-0.021448
2.185977e-06	-0.021448
2.187977e-06	-0.019328
2.189977e-06	-0.020388
2.191977e-06	-0.020176
2.193977e-06	-0.019964
2.195977e-06	-0.019752
2.197977e-06	-0.019328
2.199977e-06	-0.021236
2.201977e-06	-0.021024
2.203977e-06	-0.022296
2.205977e-06	-0.020812
2.207977e-06	-0.021024
2.209977e-06	-0.021872
2.211977e-06	-0.020388
2.213977e-06	-0.020388
2.215977e-06	-0.021024
2.217977e-06	-0.020812
2.219977e-06	-0.02166
2.221977e-06	-0.0206
2.223977e-06	-0.021024
2.225977e-06	-0.021024
2.227977e-06	-0.0206
2.229977e-06	-0.020812
2.231977e-06	-0.021024
2.233977e-06	-0.020812
2.235977e-06	-0.02272
2.237977e-06	-0.022508
2.239977e-06	-0.022296
2.241977e-06	-0.022932
2.243977e-06	-0.022932
2.245977e-06	-0.02166
2.247977e-06	-0.021236
2.249977e-06	-0.022296
2.251977e-06	-0.022932
2.253977e-06	-0.0206
2.255977e-06	-0.020812
2.257977e-06	-0.022084
2.259977e-06	-0.019328
2.261977e-06	-0.01954
2.263977e-06	-0.02272
2.265977e-06	-0.02166
2.267977e-06	-0.021236
2.269977e-06	-0.021448
2.271977e-06	-0.021236
2.273977e-06	-0.020812
2.275977e-06	-0.023144
2.277977e-06	-0.02166
2.279977e-06	-0.02166
2.281977e-06	-0.021448
2.283977e-06	-0.021448
2.285977e-06	-0.022508
2.287977e-06	-0.022296
2.289977e-06	-0.021448
2.291977e-06	-0.02272
2.293977e-06	-0.019752
2.295977e-06	-0.020176
2.297977e-06	-0.021872
2.299977e-06	-0.020388
2.301977e-06	-0.018904
2.303977e-06	-0.021024
2.305977e-06	-0.022932
2.307977e-06	-0.021236
2.309977e-06	-0.0206
2.311977e-06	-0.020388
2.313977e-06	-0.020388
2.315977e-06	-0.020388
2.317977e-06	-0.019752
2.319977e-06	-0.020176
2.321977e-06	-0.020812
2.323977e-06	-0.019964
2.325977e-06	-0.019328
2.327977e-06	-0.019752
2.329977e-06	-0.020388
2.331977e-06	-0.020176
2.333977e-06	-0.020176
2.335977e-06	-0.0206
2.337977e-06	-0.022084
2.339977e-06	-0.022932
2.341977e-06	-0.020388
2.343977e-06	-0.019964
2.345977e-06	-0.023992
2.347977e-06	-0.021024
2.349977e-06	-0.021236
2.351977e-06	-0.019752
2.353977e-06	-0.022508
2.355977e-06	-0.021024
2.357977e-06	-0.020812
2.359977e-06	-0.021236
2.361977e-06	-0.022084
2.363977e-06	-0.02272
2.365977e-06	-0.022508
2.367977e-06	-0.020388
2.369977e-06	-0.022296
2.371977e-06	-0.02166
2.373977e-06	-0.020812
2.375977e-06	-0.021236
2.377977e-06	-0.022932
2.379977e-06	-0.02166
2.381977e-06	-0.021236
2.383977e-06	-0.022508
2.385977e-06	-0.022296
2.387977e-06	-0.022084
2.389977e-06	-0.021872
2.391977e-06	-0.021872
2.393977e-06	-0.021236
2.395977e-06	-0.021448
2.397977e-06	-0.021024
2.399977e-06	-0.0206
2.401977e-06	-0.02166
2.403977e-06	-0.020812
2.405977e-06	-0.019964
2.407977e-06	-0.019964
2.409977e-06	-0.0206
2.411977e-06	-0.0206
2.413977e-06	-0.02166
2.415977e-06	-0.020388
2.417977e-06	-0.021024
2.419977e-06	-0.020812
2.421977e-06	-0.020812
2.423977e-06	-0.019116
2.425977e-06	-0.021236
2.427977e-06	-0.019752
2.429977e-06	-0.019752
2.431977e-06	-0.018692
2.433977e-06	-0.019752
2.435977e-06	-0.01848
2.437977e-06	-0.018268
2.439977e-06	-0.018268
2.441977e-06	-0.018268
2.443977e-06	-0.017208
2.445977e-06	-0.01742
2.447977e-06	-0.01848
2.449977e-06	-0.019752
2.451977e-06	-0.01742
2.453977e-06	-0.01742
2.455977e-06	-0.018056
2.457977e-06	-0.018692
2.459977e-06	-0.01848
2.461977e-06	-0.016996
2.463977e-06	-0.01742
2.465977e-06	-0.017208
2.467977e-06	-0.018268
2.469977e-06	-0.01742
2.471977e-06	-0.016148
2.473977e-06	-0.017844
2.475977e-06	-0.017844
2.477977e-06	-0.018268
2.479977e-06	-0.018692
2.481977e-06	-0.018904
2.483977e-06	-0.017208
2.485977e-06	-0.016784
2.487977e-06	-0.016784
2.489977e-06	-0.017844
2.491977e-06	-0.015512
2.493977e-06	-0.015512
2.495977e-06	-0.015088
2.497977e-06	-0.017208
2.499977e-06	-0.014664
2.501977e-06	-0.016148
