LECROYHDO6104A	50809	Waveform
Segments	1	SegmentSize	2502
Segment	TrigTime	TimeSinceSegment1
#1	19-Dec-2022 19:53:19	0                 
Time	Ampl
-2.501905e-06	-0.02025
-2.499905e-06	-0.02097
-2.497905e-06	-0.02034
-2.495905e-06	-0.02007
-2.493905e-06	-0.02052
-2.491905e-06	-0.02016
-2.489905e-06	-0.02025
-2.487905e-06	-0.01989
-2.485905e-06	-0.01998
-2.483905e-06	-0.01989
-2.481905e-06	-0.02034
-2.479905e-06	-0.02043
-2.477905e-06	-0.02025
-2.475905e-06	-0.02079
-2.473905e-06	-0.02043
-2.471905e-06	-0.01998
-2.469905e-06	-0.02034
-2.467905e-06	-0.02079
-2.465905e-06	-0.02043
-2.463905e-06	-0.02016
-2.461905e-06	-0.01998
-2.459905e-06	-0.02025
-2.457905e-06	-0.01989
-2.455905e-06	-0.0198
-2.453905e-06	-0.02097
-2.451905e-06	-0.0207
-2.449905e-06	-0.02007
-2.447905e-06	-0.02007
-2.445905e-06	-0.0207
-2.443905e-06	-0.02052
-2.441905e-06	-0.02034
-2.439905e-06	-0.02043
-2.437905e-06	-0.02043
-2.435905e-06	-0.0207
-2.433905e-06	-0.02115
-2.431905e-06	-0.02142
-2.429905e-06	-0.02178
-2.427905e-06	-0.02124
-2.425905e-06	-0.0216
-2.423905e-06	-0.02115
-2.421905e-06	-0.02142
-2.419905e-06	-0.02133
-2.417905e-06	-0.02088
-2.415905e-06	-0.02106
-2.413905e-06	-0.02142
-2.411905e-06	-0.02151
-2.409905e-06	-0.02151
-2.407905e-06	-0.0216
-2.405905e-06	-0.02214
-2.403905e-06	-0.02214
-2.401905e-06	-0.02196
-2.399905e-06	-0.02214
-2.397905e-06	-0.0225
-2.395905e-06	-0.02259
-2.393905e-06	-0.02241
-2.391905e-06	-0.0225
-2.389905e-06	-0.02268
-2.387905e-06	-0.02313
-2.385905e-06	-0.02331
-2.383905e-06	-0.02304
-2.381905e-06	-0.02349
-2.379905e-06	-0.02376
-2.377905e-06	-0.0234
-2.375905e-06	-0.02331
-2.373905e-06	-0.02295
-2.371905e-06	-0.02304
-2.369905e-06	-0.0225
-2.367905e-06	-0.02295
-2.365905e-06	-0.02277
-2.363905e-06	-0.02223
-2.361905e-06	-0.02151
-2.359905e-06	-0.02151
-2.357905e-06	-0.0216
-2.355905e-06	-0.02205
-2.353905e-06	-0.02151
-2.351905e-06	-0.0216
-2.349905e-06	-0.02124
-2.347905e-06	-0.02052
-2.345905e-06	-0.01998
-2.343905e-06	-0.02052
-2.341905e-06	-0.02016
-2.339905e-06	-0.02034
-2.337905e-06	-0.0198
-2.335905e-06	-0.02007
-2.333905e-06	-0.02016
-2.331905e-06	-0.02007
-2.329905e-06	-0.01935
-2.327905e-06	-0.01971
-2.325905e-06	-0.01971
-2.323905e-06	-0.0198
-2.321905e-06	-0.01989
-2.319905e-06	-0.02007
-2.317905e-06	-0.01998
-2.315905e-06	-0.0198
-2.313905e-06	-0.01971
-2.311905e-06	-0.01989
-2.309905e-06	-0.01989
-2.307905e-06	-0.02061
-2.305905e-06	-0.02115
-2.303905e-06	-0.0216
-2.301905e-06	-0.02151
-2.299905e-06	-0.02142
-2.297905e-06	-0.02142
-2.295905e-06	-0.02106
-2.293905e-06	-0.0207
-2.291905e-06	-0.02133
-2.289905e-06	-0.02142
-2.287905e-06	-0.02169
-2.285905e-06	-0.02214
-2.283905e-06	-0.02223
-2.281905e-06	-0.02169
-2.279905e-06	-0.02205
-2.277905e-06	-0.02169
-2.275905e-06	-0.02187
-2.273905e-06	-0.02097
-2.271905e-06	-0.02178
-2.269905e-06	-0.02151
-2.267905e-06	-0.02178
-2.265905e-06	-0.02088
-2.263905e-06	-0.02124
-2.261905e-06	-0.02115
-2.259905e-06	-0.02187
-2.257905e-06	-0.02151
-2.255905e-06	-0.02178
-2.253905e-06	-0.02169
-2.251905e-06	-0.02214
-2.249905e-06	-0.02169
-2.247905e-06	-0.02223
-2.245905e-06	-0.02187
-2.243905e-06	-0.02205
-2.241905e-06	-0.02142
-2.239905e-06	-0.02205
-2.237905e-06	-0.02187
-2.235905e-06	-0.02178
-2.233905e-06	-0.02151
-2.231905e-06	-0.02196
-2.229905e-06	-0.02223
-2.227905e-06	-0.0225
-2.225905e-06	-0.02241
-2.223905e-06	-0.02259
-2.221905e-06	-0.02268
-2.219905e-06	-0.02331
-2.217905e-06	-0.02268
-2.215905e-06	-0.02313
-2.213905e-06	-0.02331
-2.211905e-06	-0.02367
-2.209905e-06	-0.02367
-2.207905e-06	-0.0234
-2.205905e-06	-0.02403
-2.203905e-06	-0.02448
-2.201905e-06	-0.02385
-2.199905e-06	-0.02394
-2.197905e-06	-0.02439
-2.195905e-06	-0.02448
-2.193905e-06	-0.02412
-2.191905e-06	-0.02394
-2.189905e-06	-0.02439
-2.187905e-06	-0.02448
-2.185905e-06	-0.02403
-2.183905e-06	-0.02385
-2.181905e-06	-0.0243
-2.179905e-06	-0.0243
-2.177905e-06	-0.02358
-2.175905e-06	-0.02376
-2.173905e-06	-0.0234
-2.171905e-06	-0.02385
-2.169905e-06	-0.02376
-2.167905e-06	-0.02385
-2.165905e-06	-0.02439
-2.163905e-06	-0.02466
-2.161905e-06	-0.02367
-2.159905e-06	-0.02376
-2.157905e-06	-0.02358
-2.155905e-06	-0.02385
-2.153905e-06	-0.02295
-2.151905e-06	-0.02304
-2.149905e-06	-0.02259
-2.147905e-06	-0.0225
-2.145905e-06	-0.02142
-2.143905e-06	-0.02088
-2.141905e-06	-0.02088
-2.139905e-06	-0.02097
-2.137905e-06	-0.02061
-2.135905e-06	-0.02025
-2.133905e-06	-0.02061
-2.131905e-06	-0.02052
-2.129905e-06	-0.02025
-2.127905e-06	-0.02043
-2.125905e-06	-0.02034
-2.123905e-06	-0.02079
-2.121905e-06	-0.02034
-2.119905e-06	-0.02034
-2.117905e-06	-0.0207
-2.115905e-06	-0.0207
-2.113905e-06	-0.02007
-2.111905e-06	-0.02025
-2.109905e-06	-0.02007
-2.107905e-06	-0.02025
-2.105905e-06	-0.01989
-2.103905e-06	-0.01998
-2.101905e-06	-0.01971
-2.099905e-06	-0.0198
-2.097905e-06	-0.01962
-2.095905e-06	-0.02007
-2.093905e-06	-0.02025
-2.091905e-06	-0.0207
-2.089905e-06	-0.02016
-2.087905e-06	-0.0207
-2.085905e-06	-0.02061
-2.083905e-06	-0.02052
-2.081905e-06	-0.02061
-2.079905e-06	-0.02088
-2.077905e-06	-0.02097
-2.075905e-06	-0.02115
-2.073905e-06	-0.02124
-2.071905e-06	-0.0216
-2.069905e-06	-0.02169
-2.067905e-06	-0.02169
-2.065905e-06	-0.02241
-2.063905e-06	-0.02223
-2.061905e-06	-0.02259
-2.059905e-06	-0.0225
-2.057905e-06	-0.02241
-2.055905e-06	-0.02214
-2.053905e-06	-0.02196
-2.051905e-06	-0.02232
-2.049905e-06	-0.02196
-2.047905e-06	-0.02241
-2.045905e-06	-0.02205
-2.043905e-06	-0.02187
-2.041905e-06	-0.02178
-2.039905e-06	-0.02106
-2.037905e-06	-0.02115
-2.035905e-06	-0.02142
-2.033905e-06	-0.02115
-2.031905e-06	-0.02079
-2.029905e-06	-0.02142
-2.027905e-06	-0.02124
-2.025905e-06	-0.02088
-2.023905e-06	-0.0216
-2.021905e-06	-0.02169
-2.019905e-06	-0.02151
-2.017905e-06	-0.02124
-2.015905e-06	-0.02205
-2.013905e-06	-0.02196
-2.011905e-06	-0.02205
-2.009905e-06	-0.02187
-2.007905e-06	-0.02223
-2.005905e-06	-0.02205
-2.003905e-06	-0.02241
-2.001905e-06	-0.02196
-1.999905e-06	-0.02223
-1.997905e-06	-0.02187
-1.995905e-06	-0.02223
-1.993905e-06	-0.02151
-1.991905e-06	-0.02142
-1.989905e-06	-0.02178
-1.987905e-06	-0.02214
-1.985905e-06	-0.0216
-1.983905e-06	-0.02205
-1.981905e-06	-0.02187
-1.979905e-06	-0.02205
-1.977905e-06	-0.02187
-1.975905e-06	-0.02241
-1.973905e-06	-0.02223
-1.971905e-06	-0.02241
-1.969905e-06	-0.02241
-1.967905e-06	-0.02277
-1.965905e-06	-0.02268
-1.963905e-06	-0.02331
-1.961905e-06	-0.02313
-1.959905e-06	-0.02286
-1.957905e-06	-0.02295
-1.955905e-06	-0.02304
-1.953905e-06	-0.02259
-1.951905e-06	-0.02259
-1.949905e-06	-0.02241
-1.947905e-06	-0.02214
-1.945905e-06	-0.02205
-1.943905e-06	-0.02205
-1.941905e-06	-0.02223
-1.939905e-06	-0.02232
-1.937905e-06	-0.02169
-1.935905e-06	-0.02214
-1.933905e-06	-0.0225
-1.931905e-06	-0.02322
-1.929905e-06	-0.02232
-1.927905e-06	-0.02259
-1.925905e-06	-0.02232
-1.923905e-06	-0.02277
-1.921905e-06	-0.02295
-1.919905e-06	-0.02313
-1.917905e-06	-0.02322
-1.915905e-06	-0.02322
-1.913905e-06	-0.02277
-1.911905e-06	-0.02277
-1.909905e-06	-0.02286
-1.907905e-06	-0.02331
-1.905905e-06	-0.02313
-1.903905e-06	-0.02286
-1.901905e-06	-0.0234
-1.899905e-06	-0.0234
-1.897905e-06	-0.02349
-1.895905e-06	-0.02412
-1.893905e-06	-0.02457
-1.891905e-06	-0.02475
-1.889905e-06	-0.02421
-1.887905e-06	-0.02421
-1.885905e-06	-0.02493
-1.883905e-06	-0.02475
-1.881905e-06	-0.02439
-1.879905e-06	-0.02457
-1.877905e-06	-0.02439
-1.875905e-06	-0.02448
-1.873905e-06	-0.02376
-1.871905e-06	-0.02394
-1.869905e-06	-0.02367
-1.867905e-06	-0.02412
-1.865905e-06	-0.02394
-1.863905e-06	-0.02403
-1.861905e-06	-0.02376
-1.859905e-06	-0.02367
-1.857905e-06	-0.02313
-1.855905e-06	-0.02304
-1.853905e-06	-0.02268
-1.851905e-06	-0.02313
-1.849905e-06	-0.02241
-1.847905e-06	-0.02205
-1.845905e-06	-0.02187
-1.843905e-06	-0.02178
-1.841905e-06	-0.02106
-1.839905e-06	-0.02151
-1.837905e-06	-0.0216
-1.835905e-06	-0.02178
-1.833905e-06	-0.02124
-1.831905e-06	-0.02097
-1.829905e-06	-0.02106
-1.827905e-06	-0.02106
-1.825905e-06	-0.0207
-1.823905e-06	-0.02097
-1.821905e-06	-0.02106
-1.819905e-06	-0.02097
-1.817905e-06	-0.0207
-1.815905e-06	-0.0207
-1.813905e-06	-0.02106
-1.811905e-06	-0.02115
-1.809905e-06	-0.02079
-1.807905e-06	-0.02088
-1.805905e-06	-0.02106
-1.803905e-06	-0.02133
-1.801905e-06	-0.02124
-1.799905e-06	-0.0216
-1.797905e-06	-0.02115
-1.795905e-06	-0.02169
-1.793905e-06	-0.02115
-1.791905e-06	-0.02124
-1.789905e-06	-0.02178
-1.787905e-06	-0.02187
-1.785905e-06	-0.02151
-1.783905e-06	-0.02169
-1.781905e-06	-0.02178
-1.779905e-06	-0.02259
-1.777905e-06	-0.0225
-1.775905e-06	-0.02268
-1.773905e-06	-0.02241
-1.771905e-06	-0.02295
-1.769905e-06	-0.02232
-1.767905e-06	-0.02259
-1.765905e-06	-0.0225
-1.763905e-06	-0.02241
-1.761905e-06	-0.02259
-1.759905e-06	-0.0225
-1.757905e-06	-0.02304
-1.755905e-06	-0.0225
-1.753905e-06	-0.02259
-1.751905e-06	-0.02232
-1.749905e-06	-0.02232
-1.747905e-06	-0.02223
-1.745905e-06	-0.02142
-1.743905e-06	-0.02214
-1.741905e-06	-0.02259
-1.739905e-06	-0.02259
-1.737905e-06	-0.02232
-1.735905e-06	-0.02259
-1.733905e-06	-0.02259
-1.731905e-06	-0.02259
-1.729905e-06	-0.02313
-1.727905e-06	-0.02331
-1.725905e-06	-0.0234
-1.723905e-06	-0.02331
-1.721905e-06	-0.02313
-1.719905e-06	-0.0234
-1.717905e-06	-0.0234
-1.715905e-06	-0.02358
-1.713905e-06	-0.02331
-1.711905e-06	-0.02304
-1.709905e-06	-0.02322
-1.707905e-06	-0.02277
-1.705905e-06	-0.02268
-1.703905e-06	-0.02259
-1.701905e-06	-0.02241
-1.699905e-06	-0.02259
-1.697905e-06	-0.02232
-1.695905e-06	-0.02223
-1.693905e-06	-0.02214
-1.691905e-06	-0.02214
-1.689905e-06	-0.02196
-1.687905e-06	-0.02214
-1.685905e-06	-0.0225
-1.683905e-06	-0.02223
-1.681905e-06	-0.02214
-1.679905e-06	-0.02232
-1.677905e-06	-0.02232
-1.675905e-06	-0.02187
-1.673905e-06	-0.02187
-1.671905e-06	-0.02169
-1.669905e-06	-0.02214
-1.667905e-06	-0.02241
-1.665905e-06	-0.02241
-1.663905e-06	-0.02214
-1.661905e-06	-0.02286
-1.659905e-06	-0.02349
-1.657905e-06	-0.02277
-1.655905e-06	-0.02259
-1.653905e-06	-0.02241
-1.651905e-06	-0.02241
-1.649905e-06	-0.02196
-1.647905e-06	-0.02232
-1.645905e-06	-0.02205
-1.643905e-06	-0.02223
-1.641905e-06	-0.02214
-1.639905e-06	-0.02223
-1.637905e-06	-0.02223
-1.635905e-06	-0.02205
-1.633905e-06	-0.02178
-1.631905e-06	-0.02196
-1.629905e-06	-0.02223
-1.627905e-06	-0.02268
-1.625905e-06	-0.02205
-1.623905e-06	-0.02151
-1.621905e-06	-0.02151
-1.619905e-06	-0.02205
-1.617905e-06	-0.0216
-1.615905e-06	-0.02142
-1.613905e-06	-0.02124
-1.611905e-06	-0.02169
-1.609905e-06	-0.02124
-1.607905e-06	-0.02151
-1.605905e-06	-0.02142
-1.603905e-06	-0.02151
-1.601905e-06	-0.02133
-1.599905e-06	-0.02133
-1.597905e-06	-0.02169
-1.595905e-06	-0.02196
-1.593905e-06	-0.02061
-1.591905e-06	-0.02115
-1.589905e-06	-0.02124
-1.587905e-06	-0.02106
-1.585905e-06	-0.02052
-1.583905e-06	-0.02052
-1.581905e-06	-0.01989
-1.579905e-06	-0.01998
-1.577905e-06	-0.01962
-1.575905e-06	-0.01953
-1.573905e-06	-0.01953
-1.571905e-06	-0.01908
-1.569905e-06	-0.01845
-1.567905e-06	-0.01845
-1.565905e-06	-0.01827
-1.563905e-06	-0.01836
-1.561905e-06	-0.01737
-1.559905e-06	-0.018
-1.557905e-06	-0.018
-1.555905e-06	-0.01782
-1.553905e-06	-0.01692
-1.551905e-06	-0.01737
-1.549905e-06	-0.01674
-1.547905e-06	-0.01656
-1.545905e-06	-0.0162
-1.543905e-06	-0.01611
-1.541905e-06	-0.01611
-1.539905e-06	-0.01584
-1.537905e-06	-0.0153
-1.535905e-06	-0.01566
-1.533905e-06	-0.01512
-1.531905e-06	-0.01548
-1.529905e-06	-0.0153
-1.527905e-06	-0.01512
-1.525905e-06	-0.01539
-1.523905e-06	-0.0153
-1.521905e-06	-0.01467
-1.519905e-06	-0.01467
-1.517905e-06	-0.0153
-1.515905e-06	-0.01521
-1.513905e-06	-0.01485
-1.511905e-06	-0.01503
-1.509905e-06	-0.01467
-1.507905e-06	-0.01494
-1.505905e-06	-0.01548
-1.503905e-06	-0.01584
-1.501905e-06	-0.01566
-1.499905e-06	-0.01656
-1.497905e-06	-0.01629
-1.495905e-06	-0.01665
-1.493905e-06	-0.01674
-1.491905e-06	-0.01737
-1.489905e-06	-0.01674
-1.487905e-06	-0.01656
-1.485905e-06	-0.01728
-1.483905e-06	-0.01728
-1.481905e-06	-0.01737
-1.479905e-06	-0.01728
-1.477905e-06	-0.01746
-1.475905e-06	-0.01773
-1.473905e-06	-0.01719
-1.471905e-06	-0.01755
-1.469905e-06	-0.01845
-1.467905e-06	-0.01836
-1.465905e-06	-0.01809
-1.463905e-06	-0.01881
-1.461905e-06	-0.01899
-1.459905e-06	-0.0189
-1.457905e-06	-0.01845
-1.455905e-06	-0.01845
-1.453905e-06	-0.01854
-1.451905e-06	-0.01881
-1.449905e-06	-0.01854
-1.447905e-06	-0.01917
-1.445905e-06	-0.01944
-1.443905e-06	-0.01944
-1.441905e-06	-0.01998
-1.439905e-06	-0.02007
-1.437905e-06	-0.02007
-1.435905e-06	-0.02079
-1.433905e-06	-0.02043
-1.431905e-06	-0.02043
-1.429905e-06	-0.02034
-1.427905e-06	-0.02079
-1.425905e-06	-0.02016
-1.423905e-06	-0.02034
-1.421905e-06	-0.02142
-1.419905e-06	-0.02178
-1.417905e-06	-0.02133
-1.415905e-06	-0.02115
-1.413905e-06	-0.02115
-1.411905e-06	-0.02151
-1.409905e-06	-0.02196
-1.407905e-06	-0.02133
-1.405905e-06	-0.02196
-1.403905e-06	-0.02223
-1.401905e-06	-0.02169
-1.399905e-06	-0.0216
-1.397905e-06	-0.02196
-1.395905e-06	-0.02196
-1.393905e-06	-0.02205
-1.391905e-06	-0.02259
-1.389905e-06	-0.0225
-1.387905e-06	-0.02268
-1.385905e-06	-0.02205
-1.383905e-06	-0.02259
-1.381905e-06	-0.02277
-1.379905e-06	-0.02214
-1.377905e-06	-0.02205
-1.375905e-06	-0.02196
-1.373905e-06	-0.02268
-1.371905e-06	-0.0225
-1.369905e-06	-0.02178
-1.367905e-06	-0.02151
-1.365905e-06	-0.02187
-1.363905e-06	-0.02205
-1.361905e-06	-0.02142
-1.359905e-06	-0.02124
-1.357905e-06	-0.0216
-1.355905e-06	-0.02214
-1.353905e-06	-0.02151
-1.351905e-06	-0.02187
-1.349905e-06	-0.02178
-1.347905e-06	-0.02133
-1.345905e-06	-0.02151
-1.343905e-06	-0.02178
-1.341905e-06	-0.02187
-1.339905e-06	-0.02232
-1.337905e-06	-0.02178
-1.335905e-06	-0.02241
-1.333905e-06	-0.02214
-1.331905e-06	-0.02241
-1.329905e-06	-0.02196
-1.327905e-06	-0.02259
-1.325905e-06	-0.02286
-1.323905e-06	-0.02241
-1.321905e-06	-0.02214
-1.319905e-06	-0.02259
-1.317905e-06	-0.02259
-1.315905e-06	-0.02304
-1.313905e-06	-0.02295
-1.311905e-06	-0.02295
-1.309905e-06	-0.02286
-1.307905e-06	-0.02313
-1.305905e-06	-0.02277
-1.303905e-06	-0.02313
-1.301905e-06	-0.02322
-1.299905e-06	-0.02322
-1.297905e-06	-0.02304
-1.295905e-06	-0.02286
-1.293905e-06	-0.02385
-1.291905e-06	-0.02367
-1.289905e-06	-0.02331
-1.287905e-06	-0.02313
-1.285905e-06	-0.02358
-1.283905e-06	-0.02358
-1.281905e-06	-0.02322
-1.279905e-06	-0.02331
-1.277905e-06	-0.02322
-1.275905e-06	-0.02322
-1.273905e-06	-0.02313
-1.271905e-06	-0.02304
-1.269905e-06	-0.02295
-1.267905e-06	-0.02313
-1.265905e-06	-0.02241
-1.263905e-06	-0.02268
-1.261905e-06	-0.02259
-1.259905e-06	-0.02268
-1.257905e-06	-0.02277
-1.255905e-06	-0.02232
-1.253905e-06	-0.02214
-1.251905e-06	-0.02205
-1.249905e-06	-0.02205
-1.247905e-06	-0.0225
-1.245905e-06	-0.02205
-1.243905e-06	-0.02241
-1.241905e-06	-0.02205
-1.239905e-06	-0.02178
-1.237905e-06	-0.02196
-1.235905e-06	-0.02232
-1.233905e-06	-0.02214
-1.231905e-06	-0.02277
-1.229905e-06	-0.02268
-1.227905e-06	-0.02295
-1.225905e-06	-0.02187
-1.223905e-06	-0.02187
-1.221905e-06	-0.02178
-1.219905e-06	-0.02232
-1.217905e-06	-0.02169
-1.215905e-06	-0.0216
-1.213905e-06	-0.02115
-1.211905e-06	-0.02106
-1.209905e-06	-0.02088
-1.207905e-06	-0.02088
-1.205905e-06	-0.02115
-1.203905e-06	-0.02169
-1.201905e-06	-0.02142
-1.199905e-06	-0.02151
-1.197905e-06	-0.02151
-1.195905e-06	-0.02142
-1.193905e-06	-0.02088
-1.191905e-06	-0.02133
-1.189905e-06	-0.02097
-1.187905e-06	-0.02097
-1.185905e-06	-0.02088
-1.183905e-06	-0.02115
-1.181905e-06	-0.02151
-1.179905e-06	-0.0216
-1.177905e-06	-0.02151
-1.175905e-06	-0.02187
-1.173905e-06	-0.02214
-1.171905e-06	-0.02169
-1.169905e-06	-0.02151
-1.167905e-06	-0.02187
-1.165905e-06	-0.02205
-1.163905e-06	-0.02187
-1.161905e-06	-0.02151
-1.159905e-06	-0.0216
-1.157905e-06	-0.02178
-1.155905e-06	-0.02169
-1.153905e-06	-0.02106
-1.151905e-06	-0.02097
-1.149905e-06	-0.02106
-1.147905e-06	-0.02142
-1.145905e-06	-0.02097
-1.143905e-06	-0.02052
-1.141905e-06	-0.02043
-1.139905e-06	-0.02043
-1.137905e-06	-0.01998
-1.135905e-06	-0.01962
-1.133905e-06	-0.0198
-1.131905e-06	-0.01944
-1.129905e-06	-0.0189
-1.127905e-06	-0.01899
-1.125905e-06	-0.01899
-1.123905e-06	-0.0189
-1.121905e-06	-0.01818
-1.119905e-06	-0.01854
-1.117905e-06	-0.01818
-1.115905e-06	-0.01809
-1.113905e-06	-0.018
-1.111905e-06	-0.01827
-1.109905e-06	-0.01854
-1.107905e-06	-0.01908
-1.105905e-06	-0.01863
-1.103905e-06	-0.01899
-1.101905e-06	-0.01899
-1.099905e-06	-0.01872
-1.097905e-06	-0.01809
-1.095905e-06	-0.01881
-1.093905e-06	-0.01872
-1.091905e-06	-0.01836
-1.089905e-06	-0.018
-1.087905e-06	-0.01809
-1.085905e-06	-0.01827
-1.083905e-06	-0.01836
-1.081905e-06	-0.01863
-1.079905e-06	-0.01845
-1.077905e-06	-0.01809
-1.075905e-06	-0.01845
-1.073905e-06	-0.01818
-1.071905e-06	-0.0189
-1.069905e-06	-0.0189
-1.067905e-06	-0.01908
-1.065905e-06	-0.01854
-1.063905e-06	-0.01926
-1.061905e-06	-0.0189
-1.059905e-06	-0.01935
-1.057905e-06	-0.01971
-1.055905e-06	-0.0198
-1.053905e-06	-0.01971
-1.051905e-06	-0.01953
-1.049905e-06	-0.01899
-1.047905e-06	-0.01935
-1.045905e-06	-0.01944
-1.043905e-06	-0.01998
-1.041905e-06	-0.01953
-1.039905e-06	-0.01971
-1.037905e-06	-0.01971
-1.035905e-06	-0.01944
-1.033905e-06	-0.01917
-1.031905e-06	-0.01917
-1.029905e-06	-0.01953
-1.027905e-06	-0.01962
-1.025905e-06	-0.02007
-1.023905e-06	-0.01962
-1.021905e-06	-0.02007
-1.019905e-06	-0.02016
-1.017905e-06	-0.02043
-1.015905e-06	-0.02079
-1.013905e-06	-0.02124
-1.011905e-06	-0.02115
-1.009905e-06	-0.0207
-1.007905e-06	-0.02079
-1.005905e-06	-0.02124
-1.003905e-06	-0.02133
-1.001905e-06	-0.02115
-9.99905e-07	-0.02151
-9.97905e-07	-0.0216
-9.95905e-07	-0.02151
-9.93905e-07	-0.02142
-9.91905e-07	-0.02187
-9.89905e-07	-0.02187
-9.87905e-07	-0.02187
-9.85905e-07	-0.02151
-9.83905e-07	-0.02151
-9.81905e-07	-0.02169
-9.79905e-07	-0.0216
-9.77905e-07	-0.02151
-9.75905e-07	-0.0216
-9.73905e-07	-0.02205
-9.71905e-07	-0.02178
-9.69905e-07	-0.02214
-9.67905e-07	-0.02286
-9.65905e-07	-0.02277
-9.63905e-07	-0.02277
-9.61905e-07	-0.02259
-9.59905e-07	-0.02286
-9.57905e-07	-0.02331
-9.55905e-07	-0.02349
-9.53905e-07	-0.02304
-9.51905e-07	-0.02295
-9.49905e-07	-0.0225
-9.47905e-07	-0.02295
-9.45905e-07	-0.02241
-9.43905e-07	-0.02241
-9.41905e-07	-0.02286
-9.39905e-07	-0.02295
-9.37905e-07	-0.02268
-9.35905e-07	-0.02295
-9.33905e-07	-0.02268
-9.31905e-07	-0.02376
-9.29905e-07	-0.02313
-9.27905e-07	-0.02322
-9.25905e-07	-0.02358
-9.23905e-07	-0.02376
-9.21905e-07	-0.02322
-9.19905e-07	-0.02331
-9.17905e-07	-0.02322
-9.15905e-07	-0.02349
-9.13905e-07	-0.02232
-9.11905e-07	-0.02313
-9.09905e-07	-0.02331
-9.07905e-07	-0.0234
-9.05905e-07	-0.02268
-9.03905e-07	-0.02286
-9.01905e-07	-0.02295
-8.99905e-07	-0.02232
-8.97905e-07	-0.0225
-8.95905e-07	-0.02241
-8.93905e-07	-0.02241
-8.91905e-07	-0.02277
-8.89905e-07	-0.02295
-8.87905e-07	-0.02295
-8.85905e-07	-0.02304
-8.83905e-07	-0.02286
-8.81905e-07	-0.02241
-8.79905e-07	-0.02268
-8.77905e-07	-0.02268
-8.75905e-07	-0.02259
-8.73905e-07	-0.02223
-8.71905e-07	-0.02286
-8.69905e-07	-0.0225
-8.67905e-07	-0.02277
-8.65905e-07	-0.02232
-8.63905e-07	-0.02259
-8.61905e-07	-0.02286
-8.59905e-07	-0.02331
-8.57905e-07	-0.02268
-8.55905e-07	-0.02286
-8.53905e-07	-0.02286
-8.51905e-07	-0.02277
-8.49905e-07	-0.02322
-8.47905e-07	-0.02313
-8.45905e-07	-0.02349
-8.43905e-07	-0.02358
-8.41905e-07	-0.02376
-8.39905e-07	-0.02367
-8.37905e-07	-0.02358
-8.35905e-07	-0.02376
-8.33905e-07	-0.02313
-8.31905e-07	-0.02331
-8.29905e-07	-0.02331
-8.27905e-07	-0.02322
-8.25905e-07	-0.0234
-8.23905e-07	-0.0234
-8.21905e-07	-0.02385
-8.19905e-07	-0.02376
-8.17905e-07	-0.02403
-8.15905e-07	-0.02412
-8.13905e-07	-0.02376
-8.11905e-07	-0.02385
-8.09905e-07	-0.02385
-8.07905e-07	-0.02376
-8.05905e-07	-0.0243
-8.03905e-07	-0.02457
-8.01905e-07	-0.0243
-7.99905e-07	-0.02466
-7.97905e-07	-0.02448
-7.95905e-07	-0.02448
-7.93905e-07	-0.02475
-7.91905e-07	-0.0252
-7.89905e-07	-0.0252
-7.87905e-07	-0.02511
-7.85905e-07	-0.02493
-7.83905e-07	-0.02466
-7.81905e-07	-0.02448
-7.79905e-07	-0.0243
-7.77905e-07	-0.02376
-7.75905e-07	-0.02412
-7.73905e-07	-0.0243
-7.71905e-07	-0.02403
-7.69905e-07	-0.02358
-7.67905e-07	-0.02376
-7.65905e-07	-0.02349
-7.63905e-07	-0.02457
-7.61905e-07	-0.02385
-7.59905e-07	-0.02349
-7.57905e-07	-0.02403
-7.55905e-07	-0.02412
-7.53905e-07	-0.02304
-7.51905e-07	-0.02295
-7.49905e-07	-0.02394
-7.47905e-07	-0.02403
-7.45905e-07	-0.02349
-7.43905e-07	-0.02322
-7.41905e-07	-0.02313
-7.39905e-07	-0.02331
-7.37905e-07	-0.02304
-7.35905e-07	-0.02304
-7.33905e-07	-0.02331
-7.31905e-07	-0.02295
-7.29905e-07	-0.02259
-7.27905e-07	-0.0225
-7.25905e-07	-0.0225
-7.23905e-07	-0.02268
-7.21905e-07	-0.02232
-7.19905e-07	-0.02205
-7.17905e-07	-0.02214
-7.15905e-07	-0.02178
-7.13905e-07	-0.02097
-7.11905e-07	-0.02088
-7.09905e-07	-0.02061
-7.07905e-07	-0.02088
-7.05905e-07	-0.0198
-7.03905e-07	-0.02007
-7.01905e-07	-0.01971
-6.99905e-07	-0.01989
-6.97905e-07	-0.0189
-6.95905e-07	-0.01899
-6.93905e-07	-0.0189
-6.91905e-07	-0.01863
-6.89905e-07	-0.01872
-6.87905e-07	-0.01872
-6.85905e-07	-0.01845
-6.83905e-07	-0.0189
-6.81905e-07	-0.01782
-6.79905e-07	-0.01863
-6.77905e-07	-0.01881
-6.75905e-07	-0.01908
-6.73905e-07	-0.01881
-6.71905e-07	-0.01944
-6.69905e-07	-0.0198
-6.67905e-07	-0.02016
-6.65905e-07	-0.01962
-6.63905e-07	-0.02007
-6.61905e-07	-0.01989
-6.59905e-07	-0.02016
-6.57905e-07	-0.02007
-6.55905e-07	-0.02061
-6.53905e-07	-0.02079
-6.51905e-07	-0.02097
-6.49905e-07	-0.02025
-6.47905e-07	-0.02061
-6.45905e-07	-0.02061
-6.43905e-07	-0.02088
-6.41905e-07	-0.02097
-6.39905e-07	-0.02115
-6.37905e-07	-0.02124
-6.35905e-07	-0.02151
-6.33905e-07	-0.02097
-6.31905e-07	-0.02088
-6.29905e-07	-0.02124
-6.27905e-07	-0.02142
-6.25905e-07	-0.02106
-6.23905e-07	-0.02151
-6.21905e-07	-0.02124
-6.19905e-07	-0.02178
-6.17905e-07	-0.02142
-6.15905e-07	-0.02151
-6.13905e-07	-0.0216
-6.11905e-07	-0.02169
-6.09905e-07	-0.0216
-6.07905e-07	-0.02169
-6.05905e-07	-0.02169
-6.03905e-07	-0.02187
-6.01905e-07	-0.02142
-5.99905e-07	-0.02169
-5.97905e-07	-0.02133
-5.95905e-07	-0.02124
-5.93905e-07	-0.02124
-5.91905e-07	-0.02097
-5.89905e-07	-0.02106
-5.87905e-07	-0.02106
-5.85905e-07	-0.02088
-5.83905e-07	-0.02106
-5.81905e-07	-0.02133
-5.79905e-07	-0.02133
-5.77905e-07	-0.02106
-5.75905e-07	-0.02097
-5.73905e-07	-0.02124
-5.71905e-07	-0.02115
-5.69905e-07	-0.02097
-5.67905e-07	-0.0216
-5.65905e-07	-0.02142
-5.63905e-07	-0.02151
-5.61905e-07	-0.02133
-5.59905e-07	-0.02178
-5.57905e-07	-0.02151
-5.55905e-07	-0.02205
-5.53905e-07	-0.02133
-5.51905e-07	-0.02169
-5.49905e-07	-0.02205
-5.47905e-07	-0.02205
-5.45905e-07	-0.02205
-5.43905e-07	-0.02178
-5.41905e-07	-0.02169
-5.39905e-07	-0.02115
-5.37905e-07	-0.02133
-5.35905e-07	-0.02097
-5.33905e-07	-0.02133
-5.31905e-07	-0.02142
-5.29905e-07	-0.02115
-5.27905e-07	-0.02097
-5.25905e-07	-0.02124
-5.23905e-07	-0.02079
-5.21905e-07	-0.02133
-5.19905e-07	-0.0207
-5.17905e-07	-0.02088
-5.15905e-07	-0.02097
-5.13905e-07	-0.02052
-5.11905e-07	-0.02097
-5.09905e-07	-0.02061
-5.07905e-07	-0.02106
-5.05905e-07	-0.01998
-5.03905e-07	-0.0207
-5.01905e-07	-0.0207
-4.99905e-07	-0.02151
-4.97905e-07	-0.02124
-4.95905e-07	-0.02133
-4.93905e-07	-0.02142
-4.91905e-07	-0.02241
-4.89905e-07	-0.0216
-4.87905e-07	-0.02241
-4.85905e-07	-0.02241
-4.83905e-07	-0.02295
-4.81905e-07	-0.02268
-4.79905e-07	-0.02304
-4.77905e-07	-0.02304
-4.75905e-07	-0.02313
-4.73905e-07	-0.0225
-4.71905e-07	-0.02286
-4.69905e-07	-0.0225
-4.67905e-07	-0.02304
-4.65905e-07	-0.0225
-4.63905e-07	-0.0225
-4.61905e-07	-0.02295
-4.59905e-07	-0.02295
-4.57905e-07	-0.02259
-4.55905e-07	-0.02313
-4.53905e-07	-0.02331
-4.51905e-07	-0.0234
-4.49905e-07	-0.02322
-4.47905e-07	-0.02322
-4.45905e-07	-0.02394
-4.43905e-07	-0.02385
-4.41905e-07	-0.02286
-4.39905e-07	-0.0234
-4.37905e-07	-0.02331
-4.35905e-07	-0.02349
-4.33905e-07	-0.02295
-4.31905e-07	-0.02259
-4.29905e-07	-0.02322
-4.27905e-07	-0.02295
-4.25905e-07	-0.02214
-4.23905e-07	-0.02241
-4.21905e-07	-0.02286
-4.19905e-07	-0.02322
-4.17905e-07	-0.02241
-4.15905e-07	-0.02232
-4.13905e-07	-0.02196
-4.11905e-07	-0.02259
-4.09905e-07	-0.0216
-4.07905e-07	-0.02124
-4.05905e-07	-0.02133
-4.03905e-07	-0.02115
-4.01905e-07	-0.0207
-3.99905e-07	-0.02007
-3.97905e-07	-0.02007
-3.95905e-07	-0.01998
-3.93905e-07	-0.01926
-3.91905e-07	-0.01989
-3.89905e-07	-0.01944
-3.87905e-07	-0.01935
-3.85905e-07	-0.01872
-3.83905e-07	-0.01881
-3.81905e-07	-0.01872
-3.79905e-07	-0.01917
-3.77905e-07	-0.01836
-3.75905e-07	-0.01872
-3.73905e-07	-0.01881
-3.71905e-07	-0.01863
-3.69905e-07	-0.01836
-3.67905e-07	-0.01863
-3.65905e-07	-0.01872
-3.63905e-07	-0.01908
-3.61905e-07	-0.01863
-3.59905e-07	-0.01899
-3.57905e-07	-0.01926
-3.55905e-07	-0.01881
-3.53905e-07	-0.01872
-3.51905e-07	-0.01872
-3.49905e-07	-0.01899
-3.47905e-07	-0.01872
-3.45905e-07	-0.01845
-3.43905e-07	-0.01908
-3.41905e-07	-0.01917
-3.39905e-07	-0.01944
-3.37905e-07	-0.01935
-3.35905e-07	-0.01935
-3.33905e-07	-0.01962
-3.31905e-07	-0.01971
-3.29905e-07	-0.0198
-3.27905e-07	-0.01944
-3.25905e-07	-0.01962
-3.23905e-07	-0.02016
-3.21905e-07	-0.02007
-3.19905e-07	-0.02007
-3.17905e-07	-0.02115
-3.15905e-07	-0.02115
-3.13905e-07	-0.02106
-3.11905e-07	-0.02196
-3.09905e-07	-0.02223
-3.07905e-07	-0.02205
-3.05905e-07	-0.0225
-3.03905e-07	-0.02232
-3.01905e-07	-0.02268
-2.99905e-07	-0.02241
-2.97905e-07	-0.02223
-2.95905e-07	-0.02259
-2.93905e-07	-0.02295
-2.91905e-07	-0.02331
-2.89905e-07	-0.02313
-2.87905e-07	-0.02295
-2.85905e-07	-0.02349
-2.83905e-07	-0.02331
-2.81905e-07	-0.02223
-2.79905e-07	-0.02223
-2.77905e-07	-0.0225
-2.75905e-07	-0.02232
-2.73905e-07	-0.02214
-2.71905e-07	-0.02232
-2.69905e-07	-0.0225
-2.67905e-07	-0.02322
-2.65905e-07	-0.02277
-2.63905e-07	-0.02295
-2.61905e-07	-0.02295
-2.59905e-07	-0.02322
-2.57905e-07	-0.02268
-2.55905e-07	-0.02277
-2.53905e-07	-0.02277
-2.51905e-07	-0.02277
-2.49905e-07	-0.0225
-2.47905e-07	-0.02295
-2.45905e-07	-0.02322
-2.43905e-07	-0.02367
-2.41905e-07	-0.0234
-2.39905e-07	-0.02385
-2.37905e-07	-0.02421
-2.35905e-07	-0.02421
-2.33905e-07	-0.02367
-2.31905e-07	-0.02412
-2.29905e-07	-0.02466
-2.27905e-07	-0.02448
-2.25905e-07	-0.02412
-2.23905e-07	-0.02448
-2.21905e-07	-0.0243
-2.19905e-07	-0.0243
-2.17905e-07	-0.02394
-2.15905e-07	-0.0243
-2.13905e-07	-0.02403
-2.11905e-07	-0.02421
-2.09905e-07	-0.02394
-2.07905e-07	-0.02439
-2.05905e-07	-0.02448
-2.03905e-07	-0.0243
-2.01905e-07	-0.02403
-1.99905e-07	-0.02403
-1.97905e-07	-0.02475
-1.95905e-07	-0.02421
-1.93905e-07	-0.02376
-1.91905e-07	-0.0243
-1.89905e-07	-0.02421
-1.87905e-07	-0.02385
-1.85905e-07	-0.02367
-1.83905e-07	-0.02376
-1.81905e-07	-0.02358
-1.79905e-07	-0.0234
-1.77905e-07	-0.02358
-1.75905e-07	-0.0234
-1.73905e-07	-0.02295
-1.71905e-07	-0.02304
-1.69905e-07	-0.02304
-1.67905e-07	-0.02268
-1.65905e-07	-0.02286
-1.63905e-07	-0.02277
-1.61905e-07	-0.0225
-1.59905e-07	-0.02277
-1.57905e-07	-0.02259
-1.55905e-07	-0.02214
-1.53905e-07	-0.02205
-1.51905e-07	-0.0225
-1.49905e-07	-0.02223
-1.47905e-07	-0.02232
-1.45905e-07	-0.02205
-1.43905e-07	-0.02205
-1.41905e-07	-0.02214
-1.39905e-07	-0.02223
-1.37905e-07	-0.02223
-1.35905e-07	-0.02196
-1.33905e-07	-0.0216
-1.31905e-07	-0.02178
-1.29905e-07	-0.02142
-1.27905e-07	-0.02187
-1.25905e-07	-0.02178
-1.23905e-07	-0.0216
-1.21905e-07	-0.02124
-1.19905e-07	-0.02205
-1.17905e-07	-0.02196
-1.15905e-07	-0.02196
-1.13905e-07	-0.02196
-1.11905e-07	-0.02223
-1.09905e-07	-0.02268
-1.07905e-07	-0.02295
-1.05905e-07	-0.02295
-1.03905e-07	-0.02277
-1.01905e-07	-0.02277
-9.990497e-08	-0.02304
-9.790497e-08	-0.02223
-9.590497e-08	-0.02277
-9.390497e-08	-0.02259
-9.190497e-08	-0.02259
-8.990497e-08	-0.02196
-8.790497e-08	-0.02223
-8.590497e-08	-0.02241
-8.390497e-08	-0.02214
-8.190497e-08	-0.02205
-7.990497e-08	-0.02223
-7.790497e-08	-0.02214
-7.590497e-08	-0.02232
-7.390497e-08	-0.02187
-7.190497e-08	-0.02178
-6.990497e-08	-0.02169
-6.790497e-08	-0.02151
-6.590497e-08	-0.02124
-6.390497e-08	-0.02142
-6.190497e-08	-0.02151
-5.990497e-08	-0.02106
-5.790497e-08	-0.02061
-5.590497e-08	-0.0207
-5.390497e-08	-0.02106
-5.190497e-08	-0.02043
-4.990497e-08	-0.02025
-4.790497e-08	-0.02025
-4.590497e-08	-0.02025
-4.390497e-08	-0.02088
-4.190497e-08	-0.02007
-3.990497e-08	-0.01989
-3.790497e-08	-0.02007
-3.590497e-08	-0.02061
-3.390497e-08	-0.02079
-3.190497e-08	-0.02025
-2.990497e-08	-0.02088
-2.790497e-08	-0.0216
-2.590497e-08	-0.02097
-2.390497e-08	-0.02115
-2.190497e-08	-0.02151
-1.990497e-08	-0.0216
-1.790497e-08	-0.02142
-1.590497e-08	-0.02151
-1.390497e-08	-0.02151
-1.190497e-08	-0.02214
-9.904975e-09	-0.0216
-7.904975e-09	-0.02169
-5.904975e-09	-0.02151
-3.904975e-09	-0.02151
-1.904975e-09	-0.02115
9.502548e-11	-0.02115
2.095025e-09	-0.02124
4.095025e-09	-0.02088
6.095025e-09	-0.02034
8.095025e-09	-0.02079
1.009503e-08	-0.02088
1.209503e-08	-0.02106
1.409503e-08	-0.02079
1.609503e-08	-0.02106
1.809503e-08	-0.02061
2.009503e-08	-0.02124
2.209503e-08	-0.02061
2.409503e-08	-0.0207
2.609503e-08	-0.0207
2.809503e-08	-0.02088
3.009503e-08	-0.02115
3.209503e-08	-0.02106
3.409503e-08	-0.02106
3.609503e-08	-0.02169
3.809503e-08	-0.02133
4.009503e-08	-0.02088
4.209503e-08	-0.02097
4.409503e-08	-0.02106
4.609503e-08	-0.0207
4.809503e-08	-0.02097
5.009503e-08	-0.02151
5.209503e-08	-0.02124
5.409503e-08	-0.02025
5.609503e-08	-0.02034
5.809503e-08	-0.0207
6.009503e-08	-0.02097
6.209503e-08	-0.02097
6.409503e-08	-0.02097
6.609503e-08	-0.02124
6.809503e-08	-0.02169
7.009503e-08	-0.02124
7.209503e-08	-0.02124
7.409503e-08	-0.02133
7.609503e-08	-0.02115
7.809503e-08	-0.02124
8.009503e-08	-0.02124
8.209503e-08	-0.02115
8.409503e-08	-0.02133
8.609503e-08	-0.02025
8.809503e-08	-0.02061
9.009503e-08	-0.02025
9.209503e-08	-0.0207
9.409503e-08	-0.02034
9.609503e-08	-0.0207
9.809503e-08	-0.02034
1.00095e-07	-0.02052
1.02095e-07	-0.01998
1.04095e-07	-0.02007
1.06095e-07	-0.01998
1.08095e-07	-0.02061
1.10095e-07	-0.01989
1.12095e-07	-0.02007
1.14095e-07	-0.01971
1.16095e-07	-0.0198
1.18095e-07	-0.01971
1.20095e-07	-0.01971
1.22095e-07	-0.02007
1.24095e-07	-0.0198
1.26095e-07	-0.0198
1.28095e-07	-0.02025
1.30095e-07	-0.02025
1.32095e-07	-0.01944
1.34095e-07	-0.01728
1.36095e-07	-0.01287
1.38095e-07	-0.00513
1.40095e-07	0.00558
1.42095e-07	0.01773
1.44095e-07	0.03033
1.46095e-07	0.04329
1.48095e-07	0.05562
1.50095e-07	0.06804
1.52095e-07	0.0792
1.54095e-07	0.0891
1.56095e-07	0.09891
1.58095e-07	0.10827
1.60095e-07	0.11601
1.62095e-07	0.12357
1.64095e-07	0.12978
1.66095e-07	0.13572
1.68095e-07	0.14058
1.70095e-07	0.14508
1.72095e-07	0.14868
1.74095e-07	0.15255
1.76095e-07	0.15426
1.78095e-07	0.15633
1.80095e-07	0.15714
1.82095e-07	0.15939
1.84095e-07	0.15876
1.86095e-07	0.15975
1.88095e-07	0.15921
1.90095e-07	0.16038
1.92095e-07	0.15885
1.94095e-07	0.15759
1.96095e-07	0.15507
1.98095e-07	0.15462
2.00095e-07	0.15219
2.02095e-07	0.15012
2.04095e-07	0.14778
2.06095e-07	0.14634
2.08095e-07	0.14382
2.10095e-07	0.14175
2.12095e-07	0.13914
2.14095e-07	0.13707
2.16095e-07	0.13437
2.18095e-07	0.13221
2.20095e-07	0.12933
2.22095e-07	0.1269
2.24095e-07	0.12393
2.26095e-07	0.12213
2.28095e-07	0.11934
2.30095e-07	0.11646
2.32095e-07	0.11331
2.34095e-07	0.11079
2.36095e-07	0.10782
2.38095e-07	0.10557
2.40095e-07	0.10269
2.42095e-07	0.10062
2.44095e-07	0.09801
2.46095e-07	0.09585
2.48095e-07	0.09342
2.50095e-07	0.09054
2.52095e-07	0.0882
2.54095e-07	0.08604
2.56095e-07	0.08325
2.58095e-07	0.081
2.60095e-07	0.07767
2.62095e-07	0.07587
2.64095e-07	0.07353
2.66095e-07	0.07173
2.68095e-07	0.06894
2.70095e-07	0.0675
2.72095e-07	0.06525
2.74095e-07	0.06327
2.76095e-07	0.06156
2.78095e-07	0.0594
2.80095e-07	0.05751
2.82095e-07	0.05526
2.84095e-07	0.05373
2.86095e-07	0.05256
2.88095e-07	0.05031
2.90095e-07	0.04878
2.92095e-07	0.04653
2.94095e-07	0.04545
2.96095e-07	0.04392
2.98095e-07	0.0423
3.00095e-07	0.0405
3.02095e-07	0.03924
3.04095e-07	0.03762
3.06095e-07	0.03618
3.08095e-07	0.03519
3.10095e-07	0.0342
3.12095e-07	0.03231
3.14095e-07	0.03141
3.16095e-07	0.02988
3.18095e-07	0.02898
3.20095e-07	0.02763
3.22095e-07	0.02682
3.24095e-07	0.02565
3.26095e-07	0.02439
3.28095e-07	0.02295
3.30095e-07	0.0225
3.32095e-07	0.0216
3.34095e-07	0.02043
3.36095e-07	0.01899
3.38095e-07	0.01773
3.40095e-07	0.01701
3.42095e-07	0.01683
3.44095e-07	0.01548
3.46095e-07	0.0144
3.48095e-07	0.01323
3.50095e-07	0.01269
3.52095e-07	0.01161
3.54095e-07	0.0108
3.56095e-07	0.00999
3.58095e-07	0.00936
3.60095e-07	0.0081
3.62095e-07	0.00756
3.64095e-07	0.00684
3.66095e-07	0.00621
3.68095e-07	0.00558
3.70095e-07	0.00513
3.72095e-07	0.00405
3.74095e-07	0.0036
3.76095e-07	0.00306
3.78095e-07	0.00297
3.80095e-07	0.00225
3.82095e-07	0.00198
3.84095e-07	0.00108
3.86095e-07	0.00108
3.88095e-07	0.00045
3.90095e-07	0.00036
3.92095e-07	-0.00081
3.94095e-07	-0.00063
3.96095e-07	-0.00135
3.98095e-07	-0.00135
4.00095e-07	-0.00153
4.02095e-07	-0.00189
4.04095e-07	-0.00234
4.06095e-07	-0.00315
4.08095e-07	-0.00315
4.10095e-07	-0.00306
4.12095e-07	-0.00342
4.14095e-07	-0.00378
4.16095e-07	-0.00405
4.18095e-07	-0.00414
4.20095e-07	-0.0045
4.22095e-07	-0.00459
4.24095e-07	-0.00486
4.26095e-07	-0.00495
4.28095e-07	-0.00486
4.30095e-07	-0.00495
4.32095e-07	-0.00486
4.34095e-07	-0.00459
4.36095e-07	-0.00513
4.38095e-07	-0.00495
4.40095e-07	-0.00531
4.42095e-07	-0.00513
4.44095e-07	-0.00558
4.46095e-07	-0.00603
4.48095e-07	-0.00612
4.50095e-07	-0.00594
4.52095e-07	-0.00603
4.54095e-07	-0.00612
4.56095e-07	-0.00612
4.58095e-07	-0.00594
4.60095e-07	-0.00675
4.62095e-07	-0.00675
4.64095e-07	-0.00666
4.66095e-07	-0.00693
4.68095e-07	-0.00711
4.70095e-07	-0.00684
4.72095e-07	-0.00738
4.74095e-07	-0.00738
4.76095e-07	-0.00774
4.78095e-07	-0.00792
4.80095e-07	-0.00864
4.82095e-07	-0.00846
4.84095e-07	-0.00927
4.86095e-07	-0.00891
4.88095e-07	-0.00936
4.90095e-07	-0.00918
4.92095e-07	-0.00936
4.94095e-07	-0.00936
4.96095e-07	-0.00936
4.98095e-07	-0.00927
5.00095e-07	-0.0099
5.02095e-07	-0.00954
5.04095e-07	-0.00981
5.06095e-07	-0.0099
5.08095e-07	-0.01044
5.10095e-07	-0.01017
5.12095e-07	-0.01017
5.14095e-07	-0.01071
5.16095e-07	-0.01089
5.18095e-07	-0.01116
5.20095e-07	-0.01116
5.22095e-07	-0.01107
5.24095e-07	-0.01188
5.26095e-07	-0.01179
5.28095e-07	-0.01242
5.30095e-07	-0.01224
5.32095e-07	-0.01251
5.34095e-07	-0.0126
5.36095e-07	-0.01341
5.38095e-07	-0.01305
5.40095e-07	-0.01305
5.42095e-07	-0.01386
5.44095e-07	-0.0144
5.46095e-07	-0.01413
5.48095e-07	-0.01458
5.50095e-07	-0.01449
5.52095e-07	-0.01476
5.54095e-07	-0.01494
5.56095e-07	-0.01485
5.58095e-07	-0.01539
5.60095e-07	-0.0153
5.62095e-07	-0.01584
5.64095e-07	-0.01602
5.66095e-07	-0.01629
5.68095e-07	-0.01647
5.70095e-07	-0.01701
5.72095e-07	-0.01719
5.74095e-07	-0.01719
5.76095e-07	-0.01746
5.78095e-07	-0.01791
5.80095e-07	-0.01782
5.82095e-07	-0.01719
5.84095e-07	-0.01728
5.86095e-07	-0.01746
5.88095e-07	-0.01728
5.90095e-07	-0.01773
5.92095e-07	-0.01773
5.94095e-07	-0.01836
5.96095e-07	-0.01881
5.98095e-07	-0.01854
6.00095e-07	-0.01854
6.02095e-07	-0.01899
6.04095e-07	-0.01953
6.06095e-07	-0.01944
6.08095e-07	-0.01926
6.10095e-07	-0.01989
6.12095e-07	-0.01962
6.14095e-07	-0.01917
6.16095e-07	-0.01989
6.18095e-07	-0.01962
6.20095e-07	-0.01971
6.22095e-07	-0.02016
6.24095e-07	-0.02034
6.26095e-07	-0.02007
6.28095e-07	-0.02025
6.30095e-07	-0.01998
6.32095e-07	-0.02043
6.34095e-07	-0.01998
6.36095e-07	-0.01998
6.38095e-07	-0.02007
6.40095e-07	-0.02016
6.42095e-07	-0.02007
6.44095e-07	-0.02025
6.46095e-07	-0.02007
6.48095e-07	-0.02034
6.50095e-07	-0.01989
6.52095e-07	-0.02007
6.54095e-07	-0.01962
6.56095e-07	-0.0198
6.58095e-07	-0.01935
6.60095e-07	-0.01971
6.62095e-07	-0.01917
6.64095e-07	-0.01926
6.66095e-07	-0.01899
6.68095e-07	-0.0189
6.70095e-07	-0.01881
6.72095e-07	-0.01926
6.74095e-07	-0.01917
6.76095e-07	-0.01935
6.78095e-07	-0.01908
6.80095e-07	-0.01953
6.82095e-07	-0.01944
6.84095e-07	-0.02016
6.86095e-07	-0.0198
6.88095e-07	-0.0198
6.90095e-07	-0.01989
6.92095e-07	-0.01998
6.94095e-07	-0.0198
6.96095e-07	-0.01998
6.98095e-07	-0.01998
7.00095e-07	-0.02061
7.02095e-07	-0.02043
7.04095e-07	-0.02025
7.06095e-07	-0.0198
7.08095e-07	-0.02079
7.10095e-07	-0.02016
7.12095e-07	-0.02088
7.14095e-07	-0.02079
7.16095e-07	-0.02106
7.18095e-07	-0.02088
7.20095e-07	-0.02115
7.22095e-07	-0.02133
7.24095e-07	-0.02106
7.26095e-07	-0.02061
7.28095e-07	-0.02097
7.30095e-07	-0.02124
7.32095e-07	-0.02115
7.34095e-07	-0.02097
7.36095e-07	-0.02115
7.38095e-07	-0.02142
7.40095e-07	-0.02178
7.42095e-07	-0.02097
7.44095e-07	-0.02142
7.46095e-07	-0.0216
7.48095e-07	-0.02142
7.50095e-07	-0.02088
7.52095e-07	-0.02061
7.54095e-07	-0.02088
7.56095e-07	-0.02088
7.58095e-07	-0.02052
7.60095e-07	-0.0207
7.62095e-07	-0.0207
7.64095e-07	-0.02079
7.66095e-07	-0.0207
7.68095e-07	-0.02133
7.70095e-07	-0.0207
7.72095e-07	-0.02079
7.74095e-07	-0.02052
7.76095e-07	-0.02088
7.78095e-07	-0.02088
7.80095e-07	-0.02097
7.82095e-07	-0.0207
7.84095e-07	-0.0207
7.86095e-07	-0.02034
7.88095e-07	-0.02061
7.90095e-07	-0.02052
7.92095e-07	-0.0207
7.94095e-07	-0.0207
7.96095e-07	-0.02115
7.98095e-07	-0.02115
8.00095e-07	-0.0207
8.02095e-07	-0.02115
8.04095e-07	-0.02196
8.06095e-07	-0.02142
8.08095e-07	-0.02124
8.10095e-07	-0.02169
8.12095e-07	-0.02142
8.14095e-07	-0.02133
8.16095e-07	-0.02124
8.18095e-07	-0.0216
8.20095e-07	-0.02115
8.22095e-07	-0.0216
8.24095e-07	-0.02115
8.26095e-07	-0.0216
8.28095e-07	-0.02196
8.30095e-07	-0.02142
8.32095e-07	-0.02178
8.34095e-07	-0.02214
8.36095e-07	-0.02223
8.38095e-07	-0.02205
8.40095e-07	-0.02268
8.42095e-07	-0.02286
8.44095e-07	-0.02277
8.46095e-07	-0.02295
8.48095e-07	-0.02286
8.50095e-07	-0.02286
8.52095e-07	-0.0225
8.54095e-07	-0.02214
8.56095e-07	-0.02214
8.58095e-07	-0.0225
8.60095e-07	-0.02277
8.62095e-07	-0.02286
8.64095e-07	-0.02259
8.66095e-07	-0.02295
8.68095e-07	-0.02259
8.70095e-07	-0.02223
8.72095e-07	-0.02187
8.74095e-07	-0.0225
8.76095e-07	-0.02268
8.78095e-07	-0.02214
8.80095e-07	-0.02205
8.82095e-07	-0.02286
8.84095e-07	-0.02286
8.86095e-07	-0.02268
8.88095e-07	-0.02304
8.90095e-07	-0.02304
8.92095e-07	-0.02304
8.94095e-07	-0.02277
8.96095e-07	-0.02268
8.98095e-07	-0.02286
9.00095e-07	-0.02295
9.02095e-07	-0.02268
9.04095e-07	-0.02277
9.06095e-07	-0.02277
9.08095e-07	-0.02277
9.10095e-07	-0.02214
9.12095e-07	-0.02232
9.14095e-07	-0.02205
9.16095e-07	-0.02205
9.18095e-07	-0.02259
9.20095e-07	-0.02286
9.22095e-07	-0.02295
9.24095e-07	-0.02367
9.26095e-07	-0.02322
9.28095e-07	-0.02331
9.30095e-07	-0.02322
9.32095e-07	-0.02367
9.34095e-07	-0.02304
9.36095e-07	-0.02304
9.38095e-07	-0.02358
9.40095e-07	-0.02367
9.42095e-07	-0.0234
9.44095e-07	-0.02331
9.46095e-07	-0.02358
9.48095e-07	-0.02313
9.50095e-07	-0.02295
9.52095e-07	-0.02286
9.54095e-07	-0.02259
9.56095e-07	-0.02286
9.58095e-07	-0.02241
9.60095e-07	-0.0225
9.62095e-07	-0.02241
9.64095e-07	-0.02232
9.66095e-07	-0.02178
9.68095e-07	-0.02124
9.70095e-07	-0.02133
9.72095e-07	-0.02169
9.74095e-07	-0.02097
9.76095e-07	-0.02052
9.78095e-07	-0.02034
9.80095e-07	-0.02025
9.82095e-07	-0.01989
9.84095e-07	-0.0198
9.86095e-07	-0.02007
9.88095e-07	-0.02016
9.90095e-07	-0.01962
9.92095e-07	-0.01971
9.94095e-07	-0.01962
9.96095e-07	-0.01935
9.98095e-07	-0.01926
1.000095e-06	-0.01935
1.002095e-06	-0.01899
1.004095e-06	-0.01908
1.006095e-06	-0.01854
1.008095e-06	-0.01908
1.010095e-06	-0.01899
1.012095e-06	-0.01881
1.014095e-06	-0.01818
1.016095e-06	-0.01872
1.018095e-06	-0.01881
1.020095e-06	-0.01908
1.022095e-06	-0.01827
1.024095e-06	-0.01863
1.026095e-06	-0.01854
1.028095e-06	-0.01872
1.030095e-06	-0.01845
1.032095e-06	-0.01881
1.034095e-06	-0.01872
1.036095e-06	-0.01881
1.038095e-06	-0.01863
1.040095e-06	-0.01872
1.042095e-06	-0.01944
1.044095e-06	-0.0198
1.046095e-06	-0.01908
1.048095e-06	-0.01935
1.050095e-06	-0.01989
1.052095e-06	-0.0198
1.054095e-06	-0.01944
1.056095e-06	-0.01935
1.058095e-06	-0.01989
1.060095e-06	-0.02043
1.062095e-06	-0.02061
1.064095e-06	-0.01998
1.066095e-06	-0.01998
1.068095e-06	-0.02079
1.070095e-06	-0.02043
1.072095e-06	-0.02034
1.074095e-06	-0.02088
1.076095e-06	-0.02079
1.078095e-06	-0.0207
1.080095e-06	-0.02079
1.082095e-06	-0.02088
1.084095e-06	-0.02133
1.086095e-06	-0.02133
1.088095e-06	-0.02115
1.090095e-06	-0.02115
1.092095e-06	-0.02115
1.094095e-06	-0.02043
1.096095e-06	-0.0207
1.098095e-06	-0.0207
1.100095e-06	-0.02088
1.102095e-06	-0.02016
1.104095e-06	-0.02007
1.106095e-06	-0.02034
1.108095e-06	-0.0207
1.110095e-06	-0.02034
1.112095e-06	-0.02016
1.114095e-06	-0.02052
1.116095e-06	-0.02097
1.118095e-06	-0.02079
1.120095e-06	-0.02079
1.122095e-06	-0.02097
1.124095e-06	-0.02142
1.126095e-06	-0.02151
1.128095e-06	-0.02106
1.130095e-06	-0.02142
1.132095e-06	-0.02169
1.134095e-06	-0.02124
1.136095e-06	-0.02088
1.138095e-06	-0.0216
1.140095e-06	-0.02196
1.142095e-06	-0.02142
1.144095e-06	-0.02187
1.146095e-06	-0.02151
1.148095e-06	-0.02178
1.150095e-06	-0.02151
1.152095e-06	-0.02169
1.154095e-06	-0.02196
1.156095e-06	-0.02205
1.158095e-06	-0.02196
1.160095e-06	-0.02241
1.162095e-06	-0.02277
1.164095e-06	-0.0234
1.166095e-06	-0.02277
1.168095e-06	-0.02331
1.170095e-06	-0.02304
1.172095e-06	-0.02385
1.174095e-06	-0.0234
1.176095e-06	-0.02295
1.178095e-06	-0.0225
1.180095e-06	-0.02232
1.182095e-06	-0.02214
1.184095e-06	-0.0225
1.186095e-06	-0.02232
1.188095e-06	-0.0225
1.190095e-06	-0.02232
1.192095e-06	-0.02196
1.194095e-06	-0.02205
1.196095e-06	-0.02241
1.198095e-06	-0.02223
1.200095e-06	-0.02241
1.202095e-06	-0.02232
1.204095e-06	-0.02232
1.206095e-06	-0.02169
1.208095e-06	-0.02106
1.210095e-06	-0.02151
1.212095e-06	-0.02169
1.214095e-06	-0.02133
1.216095e-06	-0.02169
1.218095e-06	-0.02151
1.220095e-06	-0.02187
1.222095e-06	-0.02124
1.224095e-06	-0.02151
1.226095e-06	-0.02151
1.228095e-06	-0.02088
1.230095e-06	-0.02088
1.232095e-06	-0.02106
1.234095e-06	-0.02124
1.236095e-06	-0.02061
1.238095e-06	-0.02052
1.240095e-06	-0.02088
1.242095e-06	-0.02079
1.244095e-06	-0.02088
1.246095e-06	-0.02007
1.248095e-06	-0.01971
1.250095e-06	-0.01989
1.252095e-06	-0.01935
1.254095e-06	-0.01881
1.256095e-06	-0.01908
1.258095e-06	-0.0189
1.260095e-06	-0.01926
1.262095e-06	-0.0189
1.264095e-06	-0.01836
1.266095e-06	-0.01863
1.268095e-06	-0.01881
1.270095e-06	-0.018
1.272095e-06	-0.01836
1.274095e-06	-0.01809
1.276095e-06	-0.01791
1.278095e-06	-0.01746
1.280095e-06	-0.01737
1.282095e-06	-0.01782
1.284095e-06	-0.01764
1.286095e-06	-0.01737
1.288095e-06	-0.01836
1.290095e-06	-0.01818
1.292095e-06	-0.01836
1.294095e-06	-0.01809
1.296095e-06	-0.01881
1.298095e-06	-0.01854
1.300095e-06	-0.01917
1.302095e-06	-0.01854
1.304095e-06	-0.01935
1.306095e-06	-0.01908
1.308095e-06	-0.01935
1.310095e-06	-0.01899
1.312095e-06	-0.0189
1.314095e-06	-0.01944
1.316095e-06	-0.0189
1.318095e-06	-0.01926
1.320095e-06	-0.01926
1.322095e-06	-0.01917
1.324095e-06	-0.01908
1.326095e-06	-0.01917
1.328095e-06	-0.0189
1.330095e-06	-0.01926
1.332095e-06	-0.01917
1.334095e-06	-0.01845
1.336095e-06	-0.01872
1.338095e-06	-0.01935
1.340095e-06	-0.01917
1.342095e-06	-0.01863
1.344095e-06	-0.01881
1.346095e-06	-0.0189
1.348095e-06	-0.01935
1.350095e-06	-0.0189
1.352095e-06	-0.01953
1.354095e-06	-0.01899
1.356095e-06	-0.01908
1.358095e-06	-0.01863
1.360095e-06	-0.0189
1.362095e-06	-0.01935
1.364095e-06	-0.01908
1.366095e-06	-0.0189
1.368095e-06	-0.01935
1.370095e-06	-0.01917
1.372095e-06	-0.01935
1.374095e-06	-0.01908
1.376095e-06	-0.01899
1.378095e-06	-0.01917
1.380095e-06	-0.01926
1.382095e-06	-0.01917
1.384095e-06	-0.01926
1.386095e-06	-0.01953
1.388095e-06	-0.01944
1.390095e-06	-0.01908
1.392095e-06	-0.01944
1.394095e-06	-0.01944
1.396095e-06	-0.01962
1.398095e-06	-0.01962
1.400095e-06	-0.01953
1.402095e-06	-0.01944
1.404095e-06	-0.01944
1.406095e-06	-0.0189
1.408095e-06	-0.01917
1.410095e-06	-0.01917
1.412095e-06	-0.01935
1.414095e-06	-0.01872
1.416095e-06	-0.0189
1.418095e-06	-0.01926
1.420095e-06	-0.01917
1.422095e-06	-0.01872
1.424095e-06	-0.0189
1.426095e-06	-0.0189
1.428095e-06	-0.01845
1.430095e-06	-0.01818
1.432095e-06	-0.01872
1.434095e-06	-0.0189
1.436095e-06	-0.01872
1.438095e-06	-0.01854
1.440095e-06	-0.01872
1.442095e-06	-0.01899
1.444095e-06	-0.01917
1.446095e-06	-0.01845
1.448095e-06	-0.01899
1.450095e-06	-0.01899
1.452095e-06	-0.01935
1.454095e-06	-0.0198
1.456095e-06	-0.0198
1.458095e-06	-0.02052
1.460095e-06	-0.02052
1.462095e-06	-0.02034
1.464095e-06	-0.02079
1.466095e-06	-0.02106
1.468095e-06	-0.02106
1.470095e-06	-0.02133
1.472095e-06	-0.02151
1.474095e-06	-0.0216
1.476095e-06	-0.02142
1.478095e-06	-0.02088
1.480095e-06	-0.02106
1.482095e-06	-0.02097
1.484095e-06	-0.02088
1.486095e-06	-0.0207
1.488095e-06	-0.02052
1.490095e-06	-0.02079
1.492095e-06	-0.02106
1.494095e-06	-0.0207
1.496095e-06	-0.02097
1.498095e-06	-0.02097
1.500095e-06	-0.02133
1.502095e-06	-0.02061
1.504095e-06	-0.0207
1.506095e-06	-0.02061
1.508095e-06	-0.02034
1.510095e-06	-0.02034
1.512095e-06	-0.02043
1.514095e-06	-0.02052
1.516095e-06	-0.02007
1.518095e-06	-0.01953
1.520095e-06	-0.01962
1.522095e-06	-0.01962
1.524095e-06	-0.01953
1.526095e-06	-0.01926
1.528095e-06	-0.01908
1.530095e-06	-0.01926
1.532095e-06	-0.01926
1.534095e-06	-0.01908
1.536095e-06	-0.01953
1.538095e-06	-0.01998
1.540095e-06	-0.01971
1.542095e-06	-0.0198
1.544095e-06	-0.02016
1.546095e-06	-0.01989
1.548095e-06	-0.01998
1.550095e-06	-0.01917
1.552095e-06	-0.01962
1.554095e-06	-0.02007
1.556095e-06	-0.02052
1.558095e-06	-0.02016
1.560095e-06	-0.02061
1.562095e-06	-0.02034
1.564095e-06	-0.02079
1.566095e-06	-0.02106
1.568095e-06	-0.02097
1.570095e-06	-0.0216
1.572095e-06	-0.02178
1.574095e-06	-0.02124
1.576095e-06	-0.0216
1.578095e-06	-0.0216
1.580095e-06	-0.02223
1.582095e-06	-0.02151
1.584095e-06	-0.02142
1.586095e-06	-0.02169
1.588095e-06	-0.02205
1.590095e-06	-0.02178
1.592095e-06	-0.02169
1.594095e-06	-0.02178
1.596095e-06	-0.02187
1.598095e-06	-0.02133
1.600095e-06	-0.02178
1.602095e-06	-0.02151
1.604095e-06	-0.02196
1.606095e-06	-0.02151
1.608095e-06	-0.02187
1.610095e-06	-0.02214
1.612095e-06	-0.02196
1.614095e-06	-0.02196
1.616095e-06	-0.02232
1.618095e-06	-0.02214
1.620095e-06	-0.02259
1.622095e-06	-0.02205
1.624095e-06	-0.0225
1.626095e-06	-0.0225
1.628095e-06	-0.02241
1.630095e-06	-0.02268
1.632095e-06	-0.02241
1.634095e-06	-0.02313
1.636095e-06	-0.02313
1.638095e-06	-0.0225
1.640095e-06	-0.02241
1.642095e-06	-0.02295
1.644095e-06	-0.02313
1.646095e-06	-0.02304
1.648095e-06	-0.02322
1.650095e-06	-0.02376
1.652095e-06	-0.02385
1.654095e-06	-0.02313
1.656095e-06	-0.02331
1.658095e-06	-0.02385
1.660095e-06	-0.02421
1.662095e-06	-0.02367
1.664095e-06	-0.02421
1.666095e-06	-0.02421
1.668095e-06	-0.02457
1.670095e-06	-0.02403
1.672095e-06	-0.02466
1.674095e-06	-0.02484
1.676095e-06	-0.02502
1.678095e-06	-0.0252
1.680095e-06	-0.0252
1.682095e-06	-0.02574
1.684095e-06	-0.02574
1.686095e-06	-0.02484
1.688095e-06	-0.02466
1.690095e-06	-0.02412
1.692095e-06	-0.02385
1.694095e-06	-0.02358
1.696095e-06	-0.02394
1.698095e-06	-0.02349
1.700095e-06	-0.02349
1.702095e-06	-0.02322
1.704095e-06	-0.02331
1.706095e-06	-0.02304
1.708095e-06	-0.02322
1.710095e-06	-0.02295
1.712095e-06	-0.02304
1.714095e-06	-0.02331
1.716095e-06	-0.02376
1.718095e-06	-0.02331
1.720095e-06	-0.02322
1.722095e-06	-0.02349
1.724095e-06	-0.0234
1.726095e-06	-0.02304
1.728095e-06	-0.02331
1.730095e-06	-0.02322
1.732095e-06	-0.02322
1.734095e-06	-0.02322
1.736095e-06	-0.02358
1.738095e-06	-0.02376
1.740095e-06	-0.02421
1.742095e-06	-0.02358
1.744095e-06	-0.02367
1.746095e-06	-0.02412
1.748095e-06	-0.02484
1.750095e-06	-0.02349
1.752095e-06	-0.02421
1.754095e-06	-0.02475
1.756095e-06	-0.0243
1.758095e-06	-0.02367
1.760095e-06	-0.02367
1.762095e-06	-0.02403
1.764095e-06	-0.0243
1.766095e-06	-0.0243
1.768095e-06	-0.02457
1.770095e-06	-0.02466
1.772095e-06	-0.0243
1.774095e-06	-0.02376
1.776095e-06	-0.02403
1.778095e-06	-0.02448
1.780095e-06	-0.02466
1.782095e-06	-0.02421
1.784095e-06	-0.02484
1.786095e-06	-0.02466
1.788095e-06	-0.02493
1.790095e-06	-0.0243
1.792095e-06	-0.0243
1.794095e-06	-0.02439
1.796095e-06	-0.02403
1.798095e-06	-0.02322
1.800095e-06	-0.02367
1.802095e-06	-0.02367
1.804095e-06	-0.02358
1.806095e-06	-0.02304
1.808095e-06	-0.02295
1.810095e-06	-0.02259
1.812095e-06	-0.0225
1.814095e-06	-0.02169
1.816095e-06	-0.02178
1.818095e-06	-0.02205
1.820095e-06	-0.02178
1.822095e-06	-0.02088
1.824095e-06	-0.02088
1.826095e-06	-0.02097
1.828095e-06	-0.02097
1.830095e-06	-0.02061
1.832095e-06	-0.02106
1.834095e-06	-0.02097
1.836095e-06	-0.0207
1.838095e-06	-0.01989
1.840095e-06	-0.01971
1.842095e-06	-0.01989
1.844095e-06	-0.01989
1.846095e-06	-0.01989
1.848095e-06	-0.01971
1.850095e-06	-0.0198
1.852095e-06	-0.01962
1.854095e-06	-0.02025
1.856095e-06	-0.01971
1.858095e-06	-0.02016
1.860095e-06	-0.01998
1.862095e-06	-0.02007
1.864095e-06	-0.02061
1.866095e-06	-0.02052
1.868095e-06	-0.0207
1.870095e-06	-0.02025
1.872095e-06	-0.0207
1.874095e-06	-0.02133
1.876095e-06	-0.02142
1.878095e-06	-0.02133
1.880095e-06	-0.02133
1.882095e-06	-0.02133
1.884095e-06	-0.02106
1.886095e-06	-0.02142
1.888095e-06	-0.02106
1.890095e-06	-0.02178
1.892095e-06	-0.02151
1.894095e-06	-0.02061
1.896095e-06	-0.02115
1.898095e-06	-0.02088
1.900095e-06	-0.02106
1.902095e-06	-0.02034
1.904095e-06	-0.02034
1.906095e-06	-0.02043
1.908095e-06	-0.0207
1.910095e-06	-0.02043
1.912095e-06	-0.02061
1.914095e-06	-0.02061
1.916095e-06	-0.02124
1.918095e-06	-0.02079
1.920095e-06	-0.02061
1.922095e-06	-0.02106
1.924095e-06	-0.02025
1.926095e-06	-0.01998
1.928095e-06	-0.02016
1.930095e-06	-0.0198
1.932095e-06	-0.02007
1.934095e-06	-0.02016
1.936095e-06	-0.0198
1.938095e-06	-0.02025
1.940095e-06	-0.02079
1.942095e-06	-0.02079
1.944095e-06	-0.02034
1.946095e-06	-0.0207
1.948095e-06	-0.02079
1.950095e-06	-0.02052
1.952095e-06	-0.02097
1.954095e-06	-0.02088
1.956095e-06	-0.02061
1.958095e-06	-0.01989
1.960095e-06	-0.02034
1.962095e-06	-0.02007
1.964095e-06	-0.02016
1.966095e-06	-0.02052
1.968095e-06	-0.02025
1.970095e-06	-0.02025
1.972095e-06	-0.02061
1.974095e-06	-0.02043
1.976095e-06	-0.02079
1.978095e-06	-0.02106
1.980095e-06	-0.02088
1.982095e-06	-0.02115
1.984095e-06	-0.02133
1.986095e-06	-0.02151
1.988095e-06	-0.02205
1.990095e-06	-0.02151
1.992095e-06	-0.0216
1.994095e-06	-0.02187
1.996095e-06	-0.02178
1.998095e-06	-0.02151
2.000095e-06	-0.02169
2.002095e-06	-0.02178
2.004095e-06	-0.02196
2.006095e-06	-0.02178
2.008095e-06	-0.0216
2.010095e-06	-0.02178
2.012095e-06	-0.02232
2.014095e-06	-0.02214
2.016095e-06	-0.02241
2.018095e-06	-0.02241
2.020095e-06	-0.02277
2.022095e-06	-0.0225
2.024095e-06	-0.02286
2.026095e-06	-0.02268
2.028095e-06	-0.02286
2.030095e-06	-0.02223
2.032095e-06	-0.02268
2.034095e-06	-0.02259
2.036095e-06	-0.02277
2.038095e-06	-0.02223
2.040095e-06	-0.02268
2.042095e-06	-0.02295
2.044095e-06	-0.02295
2.046095e-06	-0.02277
2.048095e-06	-0.02295
2.050095e-06	-0.02286
2.052095e-06	-0.02286
2.054095e-06	-0.02286
2.056095e-06	-0.02295
2.058095e-06	-0.02295
2.060095e-06	-0.02322
2.062095e-06	-0.0225
2.064095e-06	-0.02268
2.066095e-06	-0.02304
2.068095e-06	-0.02277
2.070095e-06	-0.02286
2.072095e-06	-0.02331
2.074095e-06	-0.02331
2.076095e-06	-0.02331
2.078095e-06	-0.02358
2.080095e-06	-0.02322
2.082095e-06	-0.02331
2.084095e-06	-0.02313
2.086095e-06	-0.02268
2.088095e-06	-0.02313
2.090095e-06	-0.02331
2.092095e-06	-0.02304
2.094095e-06	-0.02268
2.096095e-06	-0.02241
2.098095e-06	-0.02223
2.100095e-06	-0.02304
2.102095e-06	-0.02277
2.104095e-06	-0.02268
2.106095e-06	-0.02304
2.108095e-06	-0.02313
2.110095e-06	-0.02313
2.112095e-06	-0.02295
2.114095e-06	-0.02322
2.116095e-06	-0.02331
2.118095e-06	-0.02304
2.120095e-06	-0.0234
2.122095e-06	-0.02331
2.124095e-06	-0.02367
2.126095e-06	-0.02286
2.128095e-06	-0.02313
2.130095e-06	-0.02331
2.132095e-06	-0.02394
2.134095e-06	-0.02322
2.136095e-06	-0.02385
2.138095e-06	-0.02349
2.140095e-06	-0.02376
2.142095e-06	-0.02385
2.144095e-06	-0.0243
2.146095e-06	-0.02475
2.148095e-06	-0.02394
2.150095e-06	-0.02367
2.152095e-06	-0.02412
2.154095e-06	-0.0243
2.156095e-06	-0.02448
2.158095e-06	-0.02385
2.160095e-06	-0.02349
2.162095e-06	-0.02421
2.164095e-06	-0.02394
2.166095e-06	-0.02322
2.168095e-06	-0.02313
2.170095e-06	-0.02367
2.172095e-06	-0.02367
2.174095e-06	-0.02295
2.176095e-06	-0.02286
2.178095e-06	-0.02259
2.180095e-06	-0.02304
2.182095e-06	-0.02259
2.184095e-06	-0.02232
2.186095e-06	-0.02214
2.188095e-06	-0.02232
2.190095e-06	-0.02178
2.192095e-06	-0.02169
2.194095e-06	-0.02088
2.196095e-06	-0.02115
2.198095e-06	-0.02088
2.200095e-06	-0.02115
2.202095e-06	-0.02088
2.204095e-06	-0.02079
2.206095e-06	-0.02043
2.208095e-06	-0.02088
2.210095e-06	-0.02088
2.212095e-06	-0.02061
2.214095e-06	-0.02034
2.216095e-06	-0.0207
2.218095e-06	-0.02106
2.220095e-06	-0.02142
2.222095e-06	-0.02097
2.224095e-06	-0.02151
2.226095e-06	-0.02088
2.228095e-06	-0.02124
2.230095e-06	-0.02106
2.232095e-06	-0.02088
2.234095e-06	-0.0207
2.236095e-06	-0.02061
2.238095e-06	-0.02007
2.240095e-06	-0.02034
2.242095e-06	-0.02016
2.244095e-06	-0.01989
2.246095e-06	-0.01935
2.248095e-06	-0.01935
2.250095e-06	-0.01953
2.252095e-06	-0.01998
2.254095e-06	-0.01971
2.256095e-06	-0.02016
2.258095e-06	-0.02025
2.260095e-06	-0.02052
2.262095e-06	-0.02016
2.264095e-06	-0.02052
2.266095e-06	-0.02079
2.268095e-06	-0.02088
2.270095e-06	-0.02034
2.272095e-06	-0.02088
2.274095e-06	-0.02079
2.276095e-06	-0.02079
2.278095e-06	-0.02106
2.280095e-06	-0.0216
2.282095e-06	-0.02205
2.284095e-06	-0.02223
2.286095e-06	-0.02178
2.288095e-06	-0.02169
2.290095e-06	-0.02169
2.292095e-06	-0.02178
2.294095e-06	-0.02169
2.296095e-06	-0.02196
2.298095e-06	-0.02232
2.300095e-06	-0.02214
2.302095e-06	-0.02187
2.304095e-06	-0.02196
2.306095e-06	-0.02196
2.308095e-06	-0.02232
2.310095e-06	-0.02187
2.312095e-06	-0.02223
2.314095e-06	-0.02223
2.316095e-06	-0.02196
2.318095e-06	-0.02151
2.320095e-06	-0.02169
2.322095e-06	-0.02178
2.324095e-06	-0.02187
2.326095e-06	-0.02142
2.328095e-06	-0.02178
2.330095e-06	-0.02214
2.332095e-06	-0.02232
2.334095e-06	-0.02151
2.336095e-06	-0.02106
2.338095e-06	-0.02169
2.340095e-06	-0.02124
2.342095e-06	-0.02088
2.344095e-06	-0.02088
2.346095e-06	-0.02133
2.348095e-06	-0.02151
2.350095e-06	-0.02106
2.352095e-06	-0.02088
2.354095e-06	-0.02115
2.356095e-06	-0.02124
2.358095e-06	-0.02061
2.360095e-06	-0.02034
2.362095e-06	-0.02034
2.364095e-06	-0.02061
2.366095e-06	-0.01953
2.368095e-06	-0.01953
2.370095e-06	-0.01926
2.372095e-06	-0.01908
2.374095e-06	-0.01836
2.376095e-06	-0.01836
2.378095e-06	-0.01881
2.380095e-06	-0.01872
2.382095e-06	-0.01827
2.384095e-06	-0.01818
2.386095e-06	-0.01899
2.388095e-06	-0.01881
2.390095e-06	-0.01782
2.392095e-06	-0.01818
2.394095e-06	-0.01818
2.396095e-06	-0.01809
2.398095e-06	-0.01791
2.400095e-06	-0.01827
2.402095e-06	-0.01827
2.404095e-06	-0.01872
2.406095e-06	-0.01872
2.408095e-06	-0.01827
2.410095e-06	-0.01818
2.412095e-06	-0.01818
2.414095e-06	-0.01791
2.416095e-06	-0.01782
2.418095e-06	-0.01782
2.420095e-06	-0.01791
2.422095e-06	-0.01764
2.424095e-06	-0.01764
2.426095e-06	-0.01719
2.428095e-06	-0.0171
2.430095e-06	-0.01665
2.432095e-06	-0.01737
2.434095e-06	-0.01719
2.436095e-06	-0.0171
2.438095e-06	-0.01665
2.440095e-06	-0.0171
2.442095e-06	-0.01764
2.444095e-06	-0.01719
2.446095e-06	-0.01719
2.448095e-06	-0.01782
2.450095e-06	-0.01791
2.452095e-06	-0.01818
2.454095e-06	-0.01773
2.456095e-06	-0.01818
2.458095e-06	-0.01809
2.460095e-06	-0.01836
2.462095e-06	-0.01782
2.464095e-06	-0.01746
2.466095e-06	-0.01719
2.468095e-06	-0.01737
2.470095e-06	-0.01728
2.472095e-06	-0.01719
2.474095e-06	-0.01746
2.476095e-06	-0.01719
2.478095e-06	-0.01701
2.480095e-06	-0.01746
2.482095e-06	-0.01755
2.484095e-06	-0.018
2.486095e-06	-0.01773
2.488095e-06	-0.01827
2.490095e-06	-0.01827
2.492095e-06	-0.01881
2.494095e-06	-0.01863
2.496095e-06	-0.01881
2.498095e-06	-0.01926
2.500095e-06	-0.01944
