LECROYHDO6104A	50809	Waveform
Segments	1	SegmentSize	2502
Segment	TrigTime	TimeSinceSegment1
#1	19-Dec-2022 19:21:54	0                 
Time	Ampl
-2.491299e-06	-0.02138
-2.489299e-06	-0.0193
-2.487299e-06	-0.0193
-2.485299e-06	-0.02008
-2.483299e-06	-0.01904
-2.481299e-06	-0.01722
-2.479299e-06	-0.01982
-2.477299e-06	-0.01826
-2.475299e-06	-0.0193
-2.473299e-06	-0.01826
-2.471299e-06	-0.01956
-2.469299e-06	-0.02034
-2.467299e-06	-0.01826
-2.465299e-06	-0.02008
-2.463299e-06	-0.01904
-2.461299e-06	-0.02008
-2.459299e-06	-0.0219
-2.457299e-06	-0.02138
-2.455299e-06	-0.01982
-2.453299e-06	-0.01956
-2.451299e-06	-0.02034
-2.449299e-06	-0.0193
-2.447299e-06	-0.0206
-2.445299e-06	-0.02008
-2.443299e-06	-0.02034
-2.441299e-06	-0.02164
-2.439299e-06	-0.02372
-2.437299e-06	-0.0219
-2.435299e-06	-0.02294
-2.433299e-06	-0.02034
-2.431299e-06	-0.02242
-2.429299e-06	-0.02112
-2.427299e-06	-0.0219
-2.425299e-06	-0.02164
-2.423299e-06	-0.02164
-2.421299e-06	-0.0206
-2.419299e-06	-0.02138
-2.417299e-06	-0.02034
-2.415299e-06	-0.02346
-2.413299e-06	-0.0232
-2.411299e-06	-0.0219
-2.409299e-06	-0.0219
-2.407299e-06	-0.01982
-2.405299e-06	-0.0219
-2.403299e-06	-0.0219
-2.401299e-06	-0.02294
-2.399299e-06	-0.02164
-2.397299e-06	-0.02372
-2.395299e-06	-0.02112
-2.393299e-06	-0.0232
-2.391299e-06	-0.02424
-2.389299e-06	-0.02268
-2.387299e-06	-0.02216
-2.385299e-06	-0.02216
-2.383299e-06	-0.02242
-2.381299e-06	-0.02242
-2.379299e-06	-0.0245
-2.377299e-06	-0.02138
-2.375299e-06	-0.02294
-2.373299e-06	-0.02086
-2.371299e-06	-0.02216
-2.369299e-06	-0.01982
-2.367299e-06	-0.02138
-2.365299e-06	-0.02138
-2.363299e-06	-0.0219
-2.361299e-06	-0.01982
-2.359299e-06	-0.02216
-2.357299e-06	-0.02216
-2.355299e-06	-0.02268
-2.353299e-06	-0.02242
-2.351299e-06	-0.02242
-2.349299e-06	-0.02372
-2.347299e-06	-0.02268
-2.345299e-06	-0.0232
-2.343299e-06	-0.02372
-2.341299e-06	-0.02112
-2.339299e-06	-0.02164
-2.337299e-06	-0.0232
-2.335299e-06	-0.02398
-2.333299e-06	-0.02346
-2.331299e-06	-0.02372
-2.329299e-06	-0.0232
-2.327299e-06	-0.02372
-2.325299e-06	-0.02268
-2.323299e-06	-0.02242
-2.321299e-06	-0.0219
-2.319299e-06	-0.02424
-2.317299e-06	-0.02346
-2.315299e-06	-0.02372
-2.313299e-06	-0.02112
-2.311299e-06	-0.02346
-2.309299e-06	-0.02216
-2.307299e-06	-0.02216
-2.305299e-06	-0.02138
-2.303299e-06	-0.0206
-2.301299e-06	-0.02164
-2.299299e-06	-0.01982
-2.297299e-06	-0.02346
-2.295299e-06	-0.02346
-2.293299e-06	-0.02112
-2.291299e-06	-0.02138
-2.289299e-06	-0.02164
-2.287299e-06	-0.02138
-2.285299e-06	-0.0219
-2.283299e-06	-0.02294
-2.281299e-06	-0.01982
-2.279299e-06	-0.02216
-2.277299e-06	-0.02164
-2.275299e-06	-0.02294
-2.273299e-06	-0.02138
-2.271299e-06	-0.0219
-2.269299e-06	-0.02242
-2.267299e-06	-0.02242
-2.265299e-06	-0.02112
-2.263299e-06	-0.02268
-2.261299e-06	-0.02372
-2.259299e-06	-0.02502
-2.257299e-06	-0.02424
-2.255299e-06	-0.02398
-2.253299e-06	-0.02216
-2.251299e-06	-0.02242
-2.249299e-06	-0.02268
-2.247299e-06	-0.02476
-2.245299e-06	-0.02372
-2.243299e-06	-0.02424
-2.241299e-06	-0.02502
-2.239299e-06	-0.02398
-2.237299e-06	-0.0219
-2.235299e-06	-0.02372
-2.233299e-06	-0.02398
-2.231299e-06	-0.0219
-2.229299e-06	-0.02268
-2.227299e-06	-0.0232
-2.225299e-06	-0.02476
-2.223299e-06	-0.0258
-2.221299e-06	-0.02138
-2.219299e-06	-0.02138
-2.217299e-06	-0.02242
-2.215299e-06	-0.02294
-2.213299e-06	-0.02346
-2.211299e-06	-0.02294
-2.209299e-06	-0.02138
-2.207299e-06	-0.02216
-2.205299e-06	-0.02372
-2.203299e-06	-0.02294
-2.201299e-06	-0.02346
-2.199299e-06	-0.02268
-2.197299e-06	-0.02112
-2.195299e-06	-0.02268
-2.193299e-06	-0.02372
-2.191299e-06	-0.0232
-2.189299e-06	-0.02346
-2.187299e-06	-0.02242
-2.185299e-06	-0.02086
-2.183299e-06	-0.0232
-2.181299e-06	-0.02242
-2.179299e-06	-0.02242
-2.177299e-06	-0.02138
-2.175299e-06	-0.02242
-2.173299e-06	-0.02216
-2.171299e-06	-0.02606
-2.169299e-06	-0.02346
-2.167299e-06	-0.02294
-2.165299e-06	-0.0232
-2.163299e-06	-0.02398
-2.161299e-06	-0.02268
-2.159299e-06	-0.02216
-2.157299e-06	-0.02372
-2.155299e-06	-0.02164
-2.153299e-06	-0.0219
-2.151299e-06	-0.0245
-2.149299e-06	-0.02268
-2.147299e-06	-0.02242
-2.145299e-06	-0.02346
-2.143299e-06	-0.0232
-2.141299e-06	-0.02294
-2.139299e-06	-0.02346
-2.137299e-06	-0.02242
-2.135299e-06	-0.02294
-2.133299e-06	-0.0219
-2.131299e-06	-0.02528
-2.129299e-06	-0.02346
-2.127299e-06	-0.02372
-2.125299e-06	-0.02242
-2.123299e-06	-0.02476
-2.121299e-06	-0.02398
-2.119299e-06	-0.0245
-2.117299e-06	-0.02346
-2.115299e-06	-0.02502
-2.113299e-06	-0.0245
-2.111299e-06	-0.02346
-2.109299e-06	-0.02502
-2.107299e-06	-0.02554
-2.105299e-06	-0.02528
-2.103299e-06	-0.0232
-2.101299e-06	-0.0232
-2.099299e-06	-0.02632
-2.097299e-06	-0.02424
-2.095299e-06	-0.02476
-2.093299e-06	-0.02554
-2.091299e-06	-0.0258
-2.089299e-06	-0.02528
-2.087299e-06	-0.02502
-2.085299e-06	-0.02372
-2.083299e-06	-0.0258
-2.081299e-06	-0.02606
-2.079299e-06	-0.02632
-2.077299e-06	-0.0232
-2.075299e-06	-0.02372
-2.073299e-06	-0.02424
-2.071299e-06	-0.0232
-2.069299e-06	-0.02554
-2.067299e-06	-0.02502
-2.065299e-06	-0.02476
-2.063299e-06	-0.02606
-2.061299e-06	-0.02606
-2.059299e-06	-0.02476
-2.057299e-06	-0.0245
-2.055299e-06	-0.02242
-2.053299e-06	-0.02554
-2.051299e-06	-0.02476
-2.049299e-06	-0.02424
-2.047299e-06	-0.0245
-2.045299e-06	-0.02424
-2.043299e-06	-0.02502
-2.041299e-06	-0.0219
-2.039299e-06	-0.02424
-2.037299e-06	-0.02372
-2.035299e-06	-0.02372
-2.033299e-06	-0.02164
-2.031299e-06	-0.02346
-2.029299e-06	-0.02502
-2.027299e-06	-0.02216
-2.025299e-06	-0.02268
-2.023299e-06	-0.02294
-2.021299e-06	-0.02268
-2.019299e-06	-0.02242
-2.017299e-06	-0.0206
-2.015299e-06	-0.02138
-2.013299e-06	-0.02216
-2.011299e-06	-0.0232
-2.009299e-06	-0.02164
-2.007299e-06	-0.02086
-2.005299e-06	-0.02216
-2.003299e-06	-0.02216
-2.001299e-06	-0.02268
-1.999299e-06	-0.02138
-1.997299e-06	-0.0219
-1.995299e-06	-0.01982
-1.993299e-06	-0.02242
-1.991299e-06	-0.02216
-1.989299e-06	-0.02112
-1.987299e-06	-0.0206
-1.985299e-06	-0.02164
-1.983299e-06	-0.02164
-1.981299e-06	-0.0219
-1.979299e-06	-0.02112
-1.977299e-06	-0.01826
-1.975299e-06	-0.02216
-1.973299e-06	-0.02242
-1.971299e-06	-0.02164
-1.969299e-06	-0.02034
-1.967299e-06	-0.0193
-1.965299e-06	-0.02112
-1.963299e-06	-0.01956
-1.961299e-06	-0.0219
-1.959299e-06	-0.02346
-1.957299e-06	-0.0206
-1.955299e-06	-0.0206
-1.953299e-06	-0.0206
-1.951299e-06	-0.0193
-1.949299e-06	-0.02008
-1.947299e-06	-0.02242
-1.945299e-06	-0.0193
-1.943299e-06	-0.02112
-1.941299e-06	-0.02086
-1.939299e-06	-0.02112
-1.937299e-06	-0.02086
-1.935299e-06	-0.02112
-1.933299e-06	-0.02034
-1.931299e-06	-0.01852
-1.929299e-06	-0.02008
-1.927299e-06	-0.02034
-1.925299e-06	-0.01956
-1.923299e-06	-0.02034
-1.921299e-06	-0.02008
-1.919299e-06	-0.0206
-1.917299e-06	-0.02086
-1.915299e-06	-0.0206
-1.913299e-06	-0.01774
-1.911299e-06	-0.01956
-1.909299e-06	-0.0193
-1.907299e-06	-0.0219
-1.905299e-06	-0.01878
-1.903299e-06	-0.01852
-1.901299e-06	-0.01982
-1.899299e-06	-0.0206
-1.897299e-06	-0.02034
-1.895299e-06	-0.02008
-1.893299e-06	-0.0219
-1.891299e-06	-0.02112
-1.889299e-06	-0.01878
-1.887299e-06	-0.0193
-1.885299e-06	-0.01826
-1.883299e-06	-0.02008
-1.881299e-06	-0.0206
-1.879299e-06	-0.01904
-1.877299e-06	-0.0193
-1.875299e-06	-0.02164
-1.873299e-06	-0.02086
-1.871299e-06	-0.02112
-1.869299e-06	-0.01956
-1.867299e-06	-0.02034
-1.865299e-06	-0.01956
-1.863299e-06	-0.02138
-1.861299e-06	-0.0206
-1.859299e-06	-0.02216
-1.857299e-06	-0.02164
-1.855299e-06	-0.02112
-1.853299e-06	-0.02164
-1.851299e-06	-0.02164
-1.849299e-06	-0.02164
-1.847299e-06	-0.02008
-1.845299e-06	-0.0206
-1.843299e-06	-0.02242
-1.841299e-06	-0.0206
-1.839299e-06	-0.02424
-1.837299e-06	-0.0219
-1.835299e-06	-0.0232
-1.833299e-06	-0.02008
-1.831299e-06	-0.0219
-1.829299e-06	-0.02216
-1.827299e-06	-0.02424
-1.825299e-06	-0.02476
-1.823299e-06	-0.02346
-1.821299e-06	-0.02164
-1.819299e-06	-0.02372
-1.817299e-06	-0.02372
-1.815299e-06	-0.02268
-1.813299e-06	-0.02476
-1.811299e-06	-0.0245
-1.809299e-06	-0.02398
-1.807299e-06	-0.0258
-1.805299e-06	-0.02554
-1.803299e-06	-0.02242
-1.801299e-06	-0.02424
-1.799299e-06	-0.02372
-1.797299e-06	-0.02502
-1.795299e-06	-0.02736
-1.793299e-06	-0.02268
-1.791299e-06	-0.02424
-1.789299e-06	-0.02372
-1.787299e-06	-0.02372
-1.785299e-06	-0.02554
-1.783299e-06	-0.02528
-1.781299e-06	-0.02658
-1.779299e-06	-0.02788
-1.777299e-06	-0.02476
-1.775299e-06	-0.02502
-1.773299e-06	-0.02684
-1.771299e-06	-0.02762
-1.769299e-06	-0.0232
-1.767299e-06	-0.02476
-1.765299e-06	-0.02372
-1.763299e-06	-0.02632
-1.761299e-06	-0.02632
-1.759299e-06	-0.02684
-1.757299e-06	-0.02658
-1.755299e-06	-0.02502
-1.753299e-06	-0.02788
-1.751299e-06	-0.0271
-1.749299e-06	-0.02684
-1.747299e-06	-0.02606
-1.745299e-06	-0.02684
-1.743299e-06	-0.02762
-1.741299e-06	-0.02684
-1.739299e-06	-0.02658
-1.737299e-06	-0.02554
-1.735299e-06	-0.02632
-1.733299e-06	-0.02606
-1.731299e-06	-0.02502
-1.729299e-06	-0.02528
-1.727299e-06	-0.0245
-1.725299e-06	-0.02242
-1.723299e-06	-0.0245
-1.721299e-06	-0.02528
-1.719299e-06	-0.02346
-1.717299e-06	-0.02398
-1.715299e-06	-0.0245
-1.713299e-06	-0.02528
-1.711299e-06	-0.02684
-1.709299e-06	-0.0258
-1.707299e-06	-0.02606
-1.705299e-06	-0.0258
-1.703299e-06	-0.02606
-1.701299e-06	-0.02606
-1.699299e-06	-0.02632
-1.697299e-06	-0.02528
-1.695299e-06	-0.02632
-1.693299e-06	-0.02788
-1.691299e-06	-0.02736
-1.689299e-06	-0.02632
-1.687299e-06	-0.02684
-1.685299e-06	-0.02632
-1.683299e-06	-0.0284
-1.681299e-06	-0.02554
-1.679299e-06	-0.02554
-1.677299e-06	-0.02762
-1.675299e-06	-0.02502
-1.673299e-06	-0.02658
-1.671299e-06	-0.0271
-1.669299e-06	-0.02684
-1.667299e-06	-0.02658
-1.665299e-06	-0.02658
-1.663299e-06	-0.0271
-1.661299e-06	-0.02606
-1.659299e-06	-0.02788
-1.657299e-06	-0.02684
-1.655299e-06	-0.02658
-1.653299e-06	-0.02476
-1.651299e-06	-0.02658
-1.649299e-06	-0.02528
-1.647299e-06	-0.02658
-1.645299e-06	-0.02658
-1.643299e-06	-0.02632
-1.641299e-06	-0.02398
-1.639299e-06	-0.02684
-1.637299e-06	-0.02658
-1.635299e-06	-0.02476
-1.633299e-06	-0.02294
-1.631299e-06	-0.02216
-1.629299e-06	-0.02346
-1.627299e-06	-0.02736
-1.625299e-06	-0.02476
-1.623299e-06	-0.02372
-1.621299e-06	-0.02268
-1.619299e-06	-0.02372
-1.617299e-06	-0.02346
-1.615299e-06	-0.02476
-1.613299e-06	-0.0232
-1.611299e-06	-0.02476
-1.609299e-06	-0.02372
-1.607299e-06	-0.02372
-1.605299e-06	-0.02476
-1.603299e-06	-0.02424
-1.601299e-06	-0.0232
-1.599299e-06	-0.02398
-1.597299e-06	-0.02372
-1.595299e-06	-0.02398
-1.593299e-06	-0.0232
-1.591299e-06	-0.0232
-1.589299e-06	-0.02372
-1.587299e-06	-0.02294
-1.585299e-06	-0.02216
-1.583299e-06	-0.02398
-1.581299e-06	-0.02346
-1.579299e-06	-0.02268
-1.577299e-06	-0.0232
-1.575299e-06	-0.02242
-1.573299e-06	-0.02398
-1.571299e-06	-0.0232
-1.569299e-06	-0.0232
-1.567299e-06	-0.02138
-1.565299e-06	-0.02164
-1.563299e-06	-0.02268
-1.561299e-06	-0.02294
-1.559299e-06	-0.0232
-1.557299e-06	-0.02294
-1.555299e-06	-0.02242
-1.553299e-06	-0.02242
-1.551299e-06	-0.02242
-1.549299e-06	-0.02268
-1.547299e-06	-0.02268
-1.545299e-06	-0.02112
-1.543299e-06	-0.02372
-1.541299e-06	-0.02216
-1.539299e-06	-0.02372
-1.537299e-06	-0.02476
-1.535299e-06	-0.02372
-1.533299e-06	-0.02268
-1.531299e-06	-0.02268
-1.529299e-06	-0.02112
-1.527299e-06	-0.02372
-1.525299e-06	-0.0232
-1.523299e-06	-0.0245
-1.521299e-06	-0.02528
-1.519299e-06	-0.02424
-1.517299e-06	-0.02554
-1.515299e-06	-0.02528
-1.513299e-06	-0.0245
-1.511299e-06	-0.02242
-1.509299e-06	-0.02424
-1.507299e-06	-0.02372
-1.505299e-06	-0.02424
-1.503299e-06	-0.0219
-1.501299e-06	-0.02242
-1.499299e-06	-0.02372
-1.497299e-06	-0.0219
-1.495299e-06	-0.02216
-1.493299e-06	-0.02164
-1.491299e-06	-0.02164
-1.489299e-06	-0.02138
-1.487299e-06	-0.02138
-1.485299e-06	-0.02268
-1.483299e-06	-0.02216
-1.481299e-06	-0.02112
-1.479299e-06	-0.02008
-1.477299e-06	-0.0206
-1.475299e-06	-0.02138
-1.473299e-06	-0.02268
-1.471299e-06	-0.02138
-1.469299e-06	-0.01982
-1.467299e-06	-0.01774
-1.465299e-06	-0.02008
-1.463299e-06	-0.02372
-1.461299e-06	-0.02216
-1.459299e-06	-0.02216
-1.457299e-06	-0.02294
-1.455299e-06	-0.02086
-1.453299e-06	-0.02268
-1.451299e-06	-0.02242
-1.449299e-06	-0.02112
-1.447299e-06	-0.018
-1.445299e-06	-0.02112
-1.443299e-06	-0.02398
-1.441299e-06	-0.0232
-1.439299e-06	-0.02112
-1.437299e-06	-0.02138
-1.435299e-06	-0.02164
-1.433299e-06	-0.02164
-1.431299e-06	-0.02138
-1.429299e-06	-0.0206
-1.427299e-06	-0.02216
-1.425299e-06	-0.02164
-1.423299e-06	-0.02242
-1.421299e-06	-0.02086
-1.419299e-06	-0.0219
-1.417299e-06	-0.0219
-1.415299e-06	-0.02138
-1.413299e-06	-0.02112
-1.411299e-06	-0.01956
-1.409299e-06	-0.0206
-1.407299e-06	-0.0206
-1.405299e-06	-0.02008
-1.403299e-06	-0.02086
-1.401299e-06	-0.02086
-1.399299e-06	-0.0206
-1.397299e-06	-0.02112
-1.395299e-06	-0.0193
-1.393299e-06	-0.02164
-1.391299e-06	-0.02138
-1.389299e-06	-0.0232
-1.387299e-06	-0.02216
-1.385299e-06	-0.0193
-1.383299e-06	-0.02138
-1.381299e-06	-0.02086
-1.379299e-06	-0.02268
-1.377299e-06	-0.02112
-1.375299e-06	-0.02034
-1.373299e-06	-0.02138
-1.371299e-06	-0.01956
-1.369299e-06	-0.01956
-1.367299e-06	-0.02112
-1.365299e-06	-0.01956
-1.363299e-06	-0.01826
-1.361299e-06	-0.0193
-1.359299e-06	-0.02112
-1.357299e-06	-0.0206
-1.355299e-06	-0.01956
-1.353299e-06	-0.02034
-1.351299e-06	-0.02138
-1.349299e-06	-0.0206
-1.347299e-06	-0.02164
-1.345299e-06	-0.02034
-1.343299e-06	-0.0232
-1.341299e-06	-0.02164
-1.339299e-06	-0.02242
-1.337299e-06	-0.0206
-1.335299e-06	-0.02242
-1.333299e-06	-0.02164
-1.331299e-06	-0.0232
-1.329299e-06	-0.02294
-1.327299e-06	-0.02242
-1.325299e-06	-0.02034
-1.323299e-06	-0.02164
-1.321299e-06	-0.02138
-1.319299e-06	-0.02164
-1.317299e-06	-0.02164
-1.315299e-06	-0.0232
-1.313299e-06	-0.02268
-1.311299e-06	-0.02294
-1.309299e-06	-0.0219
-1.307299e-06	-0.02346
-1.305299e-06	-0.02008
-1.303299e-06	-0.02294
-1.301299e-06	-0.02216
-1.299299e-06	-0.02424
-1.297299e-06	-0.02294
-1.295299e-06	-0.0232
-1.293299e-06	-0.0219
-1.291299e-06	-0.02294
-1.289299e-06	-0.02268
-1.287299e-06	-0.02346
-1.285299e-06	-0.0232
-1.283299e-06	-0.02346
-1.281299e-06	-0.02242
-1.279299e-06	-0.02216
-1.277299e-06	-0.02294
-1.275299e-06	-0.0232
-1.273299e-06	-0.02216
-1.271299e-06	-0.02424
-1.269299e-06	-0.02294
-1.267299e-06	-0.02424
-1.265299e-06	-0.02372
-1.263299e-06	-0.02372
-1.261299e-06	-0.02242
-1.259299e-06	-0.02424
-1.257299e-06	-0.02268
-1.255299e-06	-0.0245
-1.253299e-06	-0.0232
-1.251299e-06	-0.02268
-1.249299e-06	-0.02242
-1.247299e-06	-0.02268
-1.245299e-06	-0.0219
-1.243299e-06	-0.02294
-1.241299e-06	-0.02164
-1.239299e-06	-0.0232
-1.237299e-06	-0.02476
-1.235299e-06	-0.02528
-1.233299e-06	-0.02372
-1.231299e-06	-0.02476
-1.229299e-06	-0.0258
-1.227299e-06	-0.02346
-1.225299e-06	-0.02398
-1.223299e-06	-0.02476
-1.221299e-06	-0.0232
-1.219299e-06	-0.0232
-1.217299e-06	-0.0232
-1.215299e-06	-0.02502
-1.213299e-06	-0.02398
-1.211299e-06	-0.02372
-1.209299e-06	-0.02346
-1.207299e-06	-0.02502
-1.205299e-06	-0.02554
-1.203299e-06	-0.02502
-1.201299e-06	-0.02528
-1.199299e-06	-0.02346
-1.197299e-06	-0.02476
-1.195299e-06	-0.02372
-1.193299e-06	-0.0245
-1.191299e-06	-0.02372
-1.189299e-06	-0.02398
-1.187299e-06	-0.02346
-1.185299e-06	-0.02294
-1.183299e-06	-0.02346
-1.181299e-06	-0.02424
-1.179299e-06	-0.0245
-1.177299e-06	-0.02086
-1.175299e-06	-0.0219
-1.173299e-06	-0.02476
-1.171299e-06	-0.02424
-1.169299e-06	-0.02242
-1.167299e-06	-0.02086
-1.165299e-06	-0.02294
-1.163299e-06	-0.02346
-1.161299e-06	-0.02086
-1.159299e-06	-0.0206
-1.157299e-06	-0.0206
-1.155299e-06	-0.02112
-1.153299e-06	-0.02034
-1.151299e-06	-0.02008
-1.149299e-06	-0.0206
-1.147299e-06	-0.0193
-1.145299e-06	-0.01982
-1.143299e-06	-0.02086
-1.141299e-06	-0.02086
-1.139299e-06	-0.02138
-1.137299e-06	-0.01956
-1.135299e-06	-0.02268
-1.133299e-06	-0.01982
-1.131299e-06	-0.02268
-1.129299e-06	-0.0219
-1.127299e-06	-0.02086
-1.125299e-06	-0.01878
-1.123299e-06	-0.02112
-1.121299e-06	-0.01878
-1.119299e-06	-0.01904
-1.117299e-06	-0.01982
-1.115299e-06	-0.02086
-1.113299e-06	-0.0193
-1.111299e-06	-0.02008
-1.109299e-06	-0.02008
-1.107299e-06	-0.0193
-1.105299e-06	-0.0193
-1.103299e-06	-0.02294
-1.101299e-06	-0.01982
-1.099299e-06	-0.02086
-1.097299e-06	-0.02164
-1.095299e-06	-0.0193
-1.093299e-06	-0.02034
-1.091299e-06	-0.02112
-1.089299e-06	-0.02164
-1.087299e-06	-0.02034
-1.085299e-06	-0.02086
-1.083299e-06	-0.0206
-1.081299e-06	-0.0206
-1.079299e-06	-0.02164
-1.077299e-06	-0.0206
-1.075299e-06	-0.0219
-1.073299e-06	-0.0219
-1.071299e-06	-0.02164
-1.069299e-06	-0.02008
-1.067299e-06	-0.02164
-1.065299e-06	-0.0206
-1.063299e-06	-0.02086
-1.061299e-06	-0.0219
-1.059299e-06	-0.0219
-1.057299e-06	-0.02216
-1.055299e-06	-0.02242
-1.053299e-06	-0.02138
-1.051299e-06	-0.02216
-1.049299e-06	-0.02242
-1.047299e-06	-0.02294
-1.045299e-06	-0.0232
-1.043299e-06	-0.02398
-1.041299e-06	-0.02476
-1.039299e-06	-0.02398
-1.037299e-06	-0.02112
-1.035299e-06	-0.02398
-1.033299e-06	-0.02294
-1.031299e-06	-0.02398
-1.029299e-06	-0.02268
-1.027299e-06	-0.02268
-1.025299e-06	-0.0232
-1.023299e-06	-0.0245
-1.021299e-06	-0.02424
-1.019299e-06	-0.02528
-1.017299e-06	-0.0232
-1.015299e-06	-0.0232
-1.013299e-06	-0.02372
-1.011299e-06	-0.02554
-1.009299e-06	-0.02528
-1.007299e-06	-0.02216
-1.005299e-06	-0.02398
-1.003299e-06	-0.02528
-1.001299e-06	-0.02372
-9.992987e-07	-0.02554
-9.972987e-07	-0.02606
-9.952987e-07	-0.02398
-9.932987e-07	-0.02372
-9.912987e-07	-0.02268
-9.892987e-07	-0.02528
-9.872987e-07	-0.02398
-9.852987e-07	-0.02372
-9.832987e-07	-0.02424
-9.812987e-07	-0.02372
-9.792987e-07	-0.02424
-9.772987e-07	-0.02398
-9.752987e-07	-0.0245
-9.732987e-07	-0.02476
-9.712987e-07	-0.0245
-9.692987e-07	-0.02606
-9.672987e-07	-0.02424
-9.652987e-07	-0.02502
-9.632987e-07	-0.0232
-9.612987e-07	-0.02372
-9.592987e-07	-0.0245
-9.572987e-07	-0.0232
-9.552987e-07	-0.0245
-9.532987e-07	-0.02528
-9.512987e-07	-0.02398
-9.492987e-07	-0.02528
-9.472987e-07	-0.02372
-9.452987e-07	-0.02294
-9.432987e-07	-0.0232
-9.412987e-07	-0.02242
-9.392987e-07	-0.02268
-9.372987e-07	-0.02372
-9.352987e-07	-0.0232
-9.332987e-07	-0.02476
-9.312987e-07	-0.02502
-9.292987e-07	-0.02242
-9.272987e-07	-0.02268
-9.252987e-07	-0.02398
-9.232987e-07	-0.02398
-9.212987e-07	-0.02346
-9.192987e-07	-0.02424
-9.172987e-07	-0.02294
-9.152987e-07	-0.02398
-9.132987e-07	-0.02216
-9.112987e-07	-0.02398
-9.092987e-07	-0.02268
-9.072987e-07	-0.0245
-9.052987e-07	-0.02372
-9.032987e-07	-0.0232
-9.012987e-07	-0.02476
-8.992987e-07	-0.02346
-8.972987e-07	-0.02268
-8.952987e-07	-0.02242
-8.932987e-07	-0.02268
-8.912987e-07	-0.02398
-8.892987e-07	-0.02346
-8.872987e-07	-0.02372
-8.852987e-07	-0.0219
-8.832987e-07	-0.02398
-8.812987e-07	-0.02242
-8.792987e-07	-0.02294
-8.772987e-07	-0.02216
-8.752987e-07	-0.02502
-8.732987e-07	-0.02268
-8.712987e-07	-0.0206
-8.692987e-07	-0.02294
-8.672987e-07	-0.02502
-8.652987e-07	-0.0232
-8.632987e-07	-0.02294
-8.612987e-07	-0.02372
-8.592987e-07	-0.02398
-8.572987e-07	-0.0245
-8.552987e-07	-0.02346
-8.532987e-07	-0.02372
-8.512987e-07	-0.02372
-8.492987e-07	-0.02242
-8.472987e-07	-0.02294
-8.452987e-07	-0.0232
-8.432987e-07	-0.02268
-8.412987e-07	-0.02398
-8.392987e-07	-0.02502
-8.372987e-07	-0.02372
-8.352987e-07	-0.02398
-8.332987e-07	-0.02242
-8.312987e-07	-0.02242
-8.292987e-07	-0.02372
-8.272987e-07	-0.02424
-8.252987e-07	-0.02372
-8.232987e-07	-0.02242
-8.212987e-07	-0.02294
-8.192987e-07	-0.02398
-8.172987e-07	-0.02398
-8.152987e-07	-0.02372
-8.132987e-07	-0.02424
-8.112987e-07	-0.02554
-8.092987e-07	-0.02372
-8.072987e-07	-0.02502
-8.052987e-07	-0.02528
-8.032987e-07	-0.02554
-8.012987e-07	-0.02424
-7.992987e-07	-0.02502
-7.972987e-07	-0.0245
-7.952987e-07	-0.02424
-7.932987e-07	-0.02424
-7.912987e-07	-0.02268
-7.892987e-07	-0.02268
-7.872987e-07	-0.02268
-7.852987e-07	-0.0232
-7.832987e-07	-0.02268
-7.812987e-07	-0.02242
-7.792987e-07	-0.02216
-7.772987e-07	-0.02112
-7.752987e-07	-0.02164
-7.732987e-07	-0.02216
-7.712987e-07	-0.02112
-7.692987e-07	-0.01904
-7.672987e-07	-0.0232
-7.652987e-07	-0.02268
-7.632987e-07	-0.02242
-7.612987e-07	-0.02216
-7.592987e-07	-0.0219
-7.572987e-07	-0.0219
-7.552987e-07	-0.02216
-7.532987e-07	-0.02112
-7.512987e-07	-0.0206
-7.492987e-07	-0.01956
-7.472987e-07	-0.02294
-7.452987e-07	-0.02112
-7.432987e-07	-0.02268
-7.412987e-07	-0.02112
-7.392987e-07	-0.01956
-7.372987e-07	-0.01826
-7.352987e-07	-0.02216
-7.332987e-07	-0.02164
-7.312987e-07	-0.02008
-7.292987e-07	-0.0219
-7.272987e-07	-0.02216
-7.252987e-07	-0.02216
-7.232987e-07	-0.02112
-7.212987e-07	-0.01982
-7.192987e-07	-0.02034
-7.172987e-07	-0.02034
-7.152987e-07	-0.02138
-7.132987e-07	-0.02216
-7.112987e-07	-0.02242
-7.092987e-07	-0.02138
-7.072987e-07	-0.02294
-7.052987e-07	-0.02112
-7.032987e-07	-0.02242
-7.012987e-07	-0.0219
-6.992987e-07	-0.02242
-6.972987e-07	-0.02216
-6.952987e-07	-0.02346
-6.932987e-07	-0.02242
-6.912987e-07	-0.02216
-6.892987e-07	-0.02138
-6.872987e-07	-0.02346
-6.852987e-07	-0.02294
-6.832987e-07	-0.02294
-6.812987e-07	-0.02242
-6.792987e-07	-0.02346
-6.772987e-07	-0.02424
-6.752987e-07	-0.0245
-6.732987e-07	-0.0245
-6.712987e-07	-0.02424
-6.692987e-07	-0.02424
-6.672987e-07	-0.0232
-6.652987e-07	-0.02242
-6.632987e-07	-0.02398
-6.612987e-07	-0.02216
-6.592987e-07	-0.0245
-6.572987e-07	-0.02346
-6.552987e-07	-0.0245
-6.532987e-07	-0.0232
-6.512987e-07	-0.0245
-6.492987e-07	-0.02398
-6.472987e-07	-0.02424
-6.452987e-07	-0.02632
-6.432987e-07	-0.0245
-6.412987e-07	-0.02554
-6.392987e-07	-0.0245
-6.372987e-07	-0.02398
-6.352987e-07	-0.02528
-6.332987e-07	-0.02294
-6.312987e-07	-0.02424
-6.292987e-07	-0.02398
-6.272987e-07	-0.02112
-6.252987e-07	-0.02164
-6.232987e-07	-0.02372
-6.212987e-07	-0.02346
-6.192987e-07	-0.02398
-6.172987e-07	-0.02242
-6.152987e-07	-0.0232
-6.132987e-07	-0.02372
-6.112987e-07	-0.0232
-6.092987e-07	-0.02424
-6.072987e-07	-0.02294
-6.052987e-07	-0.02632
-6.032987e-07	-0.02554
-6.012987e-07	-0.02528
-5.992987e-07	-0.02476
-5.972987e-07	-0.02424
-5.952987e-07	-0.02476
-5.932987e-07	-0.0258
-5.912987e-07	-0.02476
-5.892987e-07	-0.0245
-5.872987e-07	-0.02502
-5.852987e-07	-0.02528
-5.832987e-07	-0.02424
-5.812987e-07	-0.02372
-5.792987e-07	-0.02632
-5.772987e-07	-0.02606
-5.752987e-07	-0.02632
-5.732987e-07	-0.02528
-5.712987e-07	-0.02502
-5.692987e-07	-0.02528
-5.672987e-07	-0.02684
-5.652987e-07	-0.02372
-5.632987e-07	-0.0232
-5.612987e-07	-0.02424
-5.592987e-07	-0.02398
-5.572987e-07	-0.02502
-5.552987e-07	-0.02502
-5.532987e-07	-0.02346
-5.512987e-07	-0.02424
-5.492987e-07	-0.02346
-5.472987e-07	-0.02346
-5.452987e-07	-0.02424
-5.432987e-07	-0.02424
-5.412987e-07	-0.02268
-5.392987e-07	-0.02606
-5.372987e-07	-0.02528
-5.352987e-07	-0.02268
-5.332987e-07	-0.0245
-5.312987e-07	-0.02294
-5.292987e-07	-0.0219
-5.272987e-07	-0.0232
-5.252987e-07	-0.02294
-5.232987e-07	-0.02398
-5.212987e-07	-0.02268
-5.192987e-07	-0.0232
-5.172987e-07	-0.02242
-5.152987e-07	-0.02268
-5.132987e-07	-0.02034
-5.112987e-07	-0.02138
-5.092987e-07	-0.0219
-5.072987e-07	-0.02138
-5.052987e-07	-0.02008
-5.032987e-07	-0.0232
-5.012987e-07	-0.02216
-4.992987e-07	-0.02086
-4.972987e-07	-0.02112
-4.952987e-07	-0.02346
-4.932987e-07	-0.02086
-4.912987e-07	-0.0219
-4.892987e-07	-0.02138
-4.872987e-07	-0.02138
-4.852987e-07	-0.02034
-4.832987e-07	-0.02138
-4.812987e-07	-0.0206
-4.792987e-07	-0.02164
-4.772987e-07	-0.0206
-4.752987e-07	-0.02216
-4.732987e-07	-0.02112
-4.712987e-07	-0.0232
-4.692987e-07	-0.02112
-4.672987e-07	-0.0206
-4.652987e-07	-0.02086
-4.632987e-07	-0.02164
-4.612987e-07	-0.0206
-4.592987e-07	-0.02112
-4.572987e-07	-0.0206
-4.552987e-07	-0.0206
-4.532987e-07	-0.0206
-4.512987e-07	-0.02216
-4.492987e-07	-0.0219
-4.472987e-07	-0.02346
-4.452987e-07	-0.0219
-4.432987e-07	-0.02424
-4.412987e-07	-0.02398
-4.392987e-07	-0.02346
-4.372987e-07	-0.0232
-4.352987e-07	-0.02294
-4.332987e-07	-0.02164
-4.312987e-07	-0.02242
-4.292987e-07	-0.02216
-4.272987e-07	-0.02346
-4.252987e-07	-0.02268
-4.232987e-07	-0.02294
-4.212987e-07	-0.0219
-4.192987e-07	-0.02346
-4.172987e-07	-0.02268
-4.152987e-07	-0.02476
-4.132987e-07	-0.0232
-4.112987e-07	-0.02424
-4.092987e-07	-0.02294
-4.072987e-07	-0.02346
-4.052987e-07	-0.02398
-4.032987e-07	-0.0245
-4.012987e-07	-0.02554
-3.992987e-07	-0.02476
-3.972987e-07	-0.02294
-3.952987e-07	-0.02502
-3.932987e-07	-0.02398
-3.912987e-07	-0.02554
-3.892987e-07	-0.0232
-3.872987e-07	-0.02528
-3.852987e-07	-0.02424
-3.832987e-07	-0.02398
-3.812987e-07	-0.02476
-3.792987e-07	-0.02398
-3.772987e-07	-0.02398
-3.752987e-07	-0.0245
-3.732987e-07	-0.02632
-3.712987e-07	-0.02684
-3.692987e-07	-0.0258
-3.672987e-07	-0.02372
-3.652987e-07	-0.02502
-3.632987e-07	-0.02554
-3.612987e-07	-0.0245
-3.592987e-07	-0.02424
-3.572987e-07	-0.02424
-3.552987e-07	-0.02606
-3.532987e-07	-0.02294
-3.512987e-07	-0.02294
-3.492987e-07	-0.02424
-3.472987e-07	-0.02346
-3.452987e-07	-0.02372
-3.432987e-07	-0.0245
-3.412987e-07	-0.02346
-3.392987e-07	-0.02372
-3.372987e-07	-0.02476
-3.352987e-07	-0.02502
-3.332987e-07	-0.02554
-3.312987e-07	-0.02684
-3.292987e-07	-0.0271
-3.272987e-07	-0.02684
-3.252987e-07	-0.02502
-3.232987e-07	-0.02736
-3.212987e-07	-0.02684
-3.192987e-07	-0.02658
-3.172987e-07	-0.0271
-3.152987e-07	-0.02814
-3.132987e-07	-0.02606
-3.112987e-07	-0.02892
-3.092987e-07	-0.02658
-3.072987e-07	-0.02762
-3.052987e-07	-0.02424
-3.032987e-07	-0.02606
-3.012987e-07	-0.0258
-2.992987e-07	-0.02554
-2.972987e-07	-0.02554
-2.952987e-07	-0.02554
-2.932987e-07	-0.02632
-2.912987e-07	-0.02476
-2.892987e-07	-0.0245
-2.872987e-07	-0.02372
-2.852987e-07	-0.02424
-2.832987e-07	-0.02684
-2.812987e-07	-0.0245
-2.792987e-07	-0.02346
-2.772987e-07	-0.02294
-2.752987e-07	-0.02372
-2.732987e-07	-0.02476
-2.712987e-07	-0.02372
-2.692987e-07	-0.02502
-2.672987e-07	-0.02424
-2.652987e-07	-0.02294
-2.632987e-07	-0.02294
-2.612987e-07	-0.0232
-2.592987e-07	-0.02398
-2.572987e-07	-0.02216
-2.552987e-07	-0.02372
-2.532987e-07	-0.02606
-2.512987e-07	-0.02346
-2.492987e-07	-0.0258
-2.472987e-07	-0.02554
-2.452987e-07	-0.02372
-2.432987e-07	-0.0245
-2.412987e-07	-0.02398
-2.392987e-07	-0.02398
-2.372987e-07	-0.0245
-2.352987e-07	-0.02398
-2.332987e-07	-0.0232
-2.312987e-07	-0.02502
-2.292987e-07	-0.02398
-2.272987e-07	-0.0258
-2.252987e-07	-0.02528
-2.232987e-07	-0.02372
-2.212987e-07	-0.0245
-2.192987e-07	-0.02658
-2.172987e-07	-0.02554
-2.152987e-07	-0.02658
-2.132987e-07	-0.02554
-2.112987e-07	-0.0245
-2.092987e-07	-0.0271
-2.072987e-07	-0.02476
-2.052987e-07	-0.02346
-2.032987e-07	-0.0271
-2.012987e-07	-0.02476
-1.992987e-07	-0.02424
-1.972987e-07	-0.02216
-1.952987e-07	-0.0232
-1.932987e-07	-0.02294
-1.912987e-07	-0.02372
-1.892987e-07	-0.02398
-1.872987e-07	-0.02346
-1.852987e-07	-0.02268
-1.832987e-07	-0.02138
-1.812987e-07	-0.02242
-1.792987e-07	-0.02242
-1.772987e-07	-0.02138
-1.752987e-07	-0.02346
-1.732987e-07	-0.02424
-1.712987e-07	-0.02164
-1.692987e-07	-0.0219
-1.672987e-07	-0.0232
-1.652987e-07	-0.02268
-1.632987e-07	-0.02372
-1.612987e-07	-0.02242
-1.592987e-07	-0.02346
-1.572987e-07	-0.0219
-1.552987e-07	-0.02112
-1.532987e-07	-0.01982
-1.512987e-07	-0.02294
-1.492987e-07	-0.02424
-1.472987e-07	-0.02606
-1.452987e-07	-0.0232
-1.432987e-07	-0.02268
-1.412987e-07	-0.02268
-1.392987e-07	-0.02528
-1.372987e-07	-0.0232
-1.352987e-07	-0.02346
-1.332987e-07	-0.02086
-1.312987e-07	-0.02476
-1.292987e-07	-0.02528
-1.272987e-07	-0.02424
-1.252987e-07	-0.02216
-1.232987e-07	-0.02424
-1.212987e-07	-0.02554
-1.192987e-07	-0.0245
-1.172987e-07	-0.02398
-1.152987e-07	-0.02372
-1.132987e-07	-0.0258
-1.112987e-07	-0.0245
-1.092987e-07	-0.0258
-1.072987e-07	-0.02398
-1.052987e-07	-0.02346
-1.032987e-07	-0.02398
-1.012987e-07	-0.02398
-9.92987e-08	-0.02372
-9.72987e-08	-0.02554
-9.52987e-08	-0.02684
-9.32987e-08	-0.02346
-9.12987e-08	-0.02268
-8.92987e-08	-0.02398
-8.72987e-08	-0.02528
-8.52987e-08	-0.0258
-8.32987e-08	-0.02528
-8.12987e-08	-0.02502
-7.92987e-08	-0.02554
-7.72987e-08	-0.0245
-7.52987e-08	-0.02424
-7.32987e-08	-0.0232
-7.12987e-08	-0.02424
-6.92987e-08	-0.02528
-6.72987e-08	-0.02554
-6.52987e-08	-0.02502
-6.32987e-08	-0.0245
-6.12987e-08	-0.02346
-5.92987e-08	-0.02424
-5.72987e-08	-0.0245
-5.52987e-08	-0.02476
-5.32987e-08	-0.02268
-5.12987e-08	-0.02398
-4.92987e-08	-0.02294
-4.72987e-08	-0.02346
-4.52987e-08	-0.02476
-4.32987e-08	-0.02502
-4.12987e-08	-0.0232
-3.92987e-08	-0.02424
-3.72987e-08	-0.02372
-3.52987e-08	-0.02398
-3.32987e-08	-0.02346
-3.12987e-08	-0.02398
-2.92987e-08	-0.02502
-2.72987e-08	-0.02398
-2.52987e-08	-0.02346
-2.32987e-08	-0.02424
-2.12987e-08	-0.02398
-1.92987e-08	-0.02398
-1.72987e-08	-0.0232
-1.52987e-08	-0.02424
-1.32987e-08	-0.0245
-1.12987e-08	-0.02606
-9.298702e-09	-0.02502
-7.298702e-09	-0.02372
-5.298702e-09	-0.02554
-3.298702e-09	-0.02502
-1.298702e-09	-0.02424
7.012978e-10	-0.02476
2.701298e-09	-0.02528
4.701298e-09	-0.02684
6.701298e-09	-0.02502
8.701298e-09	-0.02528
1.07013e-08	-0.02424
1.27013e-08	-0.02632
1.47013e-08	-0.02502
1.67013e-08	-0.0245
1.87013e-08	-0.02528
2.07013e-08	-0.0258
2.27013e-08	-0.02424
2.47013e-08	-0.0258
2.67013e-08	-0.02528
2.87013e-08	-0.02528
3.07013e-08	-0.02268
3.27013e-08	-0.0245
3.47013e-08	-0.02398
3.67013e-08	-0.0258
3.87013e-08	-0.02268
4.07013e-08	-0.02372
4.27013e-08	-0.02268
4.47013e-08	-0.02346
4.67013e-08	-0.0245
4.87013e-08	-0.02346
5.07013e-08	-0.02242
5.27013e-08	-0.02346
5.47013e-08	-0.0206
5.67013e-08	-0.02216
5.87013e-08	-0.02242
6.07013e-08	-0.02164
6.27013e-08	-0.02242
6.47013e-08	-0.02398
6.67013e-08	-0.02216
6.87013e-08	-0.02268
7.07013e-08	-0.02138
7.27013e-08	-0.02268
7.47013e-08	-0.02294
7.67013e-08	-0.02268
7.87013e-08	-0.02372
8.07013e-08	-0.02216
8.27013e-08	-0.02242
8.47013e-08	-0.02346
8.67013e-08	-0.02164
8.87013e-08	-0.02294
9.07013e-08	-0.02112
9.27013e-08	-0.02346
9.47013e-08	-0.02372
9.67013e-08	-0.02372
9.87013e-08	-0.02216
1.007013e-07	-0.02164
1.027013e-07	-0.0219
1.047013e-07	-0.02164
1.067013e-07	-0.02216
1.087013e-07	-0.02424
1.107013e-07	-0.0232
1.127013e-07	-0.02216
1.147013e-07	-0.02346
1.167013e-07	-0.02372
1.187013e-07	-0.02268
1.207013e-07	-0.02294
1.227013e-07	-0.0219
1.247013e-07	-0.0232
1.267013e-07	-0.02138
1.287013e-07	-0.02164
1.307013e-07	-0.01696
1.327013e-07	-0.01046
1.347013e-07	0.0002
1.367013e-07	0.02126
1.387013e-07	0.05506
1.407013e-07	0.09874
1.427013e-07	0.15204
1.447013e-07	0.2043
1.467013e-07	0.26072
1.487013e-07	0.31506
1.507013e-07	0.36862
1.527013e-07	0.4162
1.547013e-07	0.46482
1.567013e-07	0.50668
1.587013e-07	0.54386
1.607013e-07	0.57896
1.627013e-07	0.6112
1.647013e-07	0.63824
1.667013e-07	0.6645
1.687013e-07	0.68478
1.707013e-07	0.70428
1.727013e-07	0.7178
1.747013e-07	0.7334
1.767013e-07	0.74172
1.787013e-07	0.75056
1.807013e-07	0.75524
1.827013e-07	0.76278
1.847013e-07	0.76356
1.867013e-07	0.7646
1.887013e-07	0.76018
1.907013e-07	0.76018
1.927013e-07	0.75524
1.947013e-07	0.75264
1.967013e-07	0.74432
1.987013e-07	0.73912
2.007013e-07	0.72976
2.027013e-07	0.72222
2.047013e-07	0.71442
2.067013e-07	0.7048
2.087013e-07	0.69466
2.107013e-07	0.68634
2.127013e-07	0.67282
2.147013e-07	0.66502
2.167013e-07	0.65098
2.187013e-07	0.6411
2.207013e-07	0.62732
2.227013e-07	0.6177
2.247013e-07	0.6047
2.267013e-07	0.59508
2.287013e-07	0.58208
2.307013e-07	0.57272
2.327013e-07	0.5592
2.347013e-07	0.54854
2.367013e-07	0.53528
2.387013e-07	0.5267
2.407013e-07	0.5137
2.427013e-07	0.50226
2.447013e-07	0.49134
2.467013e-07	0.48042
2.487013e-07	0.47132
2.507013e-07	0.46196
2.527013e-07	0.45026
2.547013e-07	0.44038
2.567013e-07	0.42738
2.587013e-07	0.42088
2.607013e-07	0.40918
2.627013e-07	0.39904
2.647013e-07	0.38916
2.667013e-07	0.37954
2.687013e-07	0.3707
2.707013e-07	0.36108
2.727013e-07	0.35302
2.747013e-07	0.34756
2.767013e-07	0.33534
2.787013e-07	0.32546
2.807013e-07	0.31896
2.827013e-07	0.31064
2.847013e-07	0.30154
2.867013e-07	0.29166
2.887013e-07	0.28646
2.907013e-07	0.28048
2.927013e-07	0.2706
2.947013e-07	0.26332
2.967013e-07	0.25734
2.987013e-07	0.2524
3.007013e-07	0.24486
3.027013e-07	0.2381
3.047013e-07	0.23134
3.067013e-07	0.22588
3.087013e-07	0.22094
3.107013e-07	0.21444
3.127013e-07	0.2095
3.147013e-07	0.20508
3.167013e-07	0.19598
3.187013e-07	0.1913
3.207013e-07	0.18792
3.227013e-07	0.1861
3.247013e-07	0.17908
3.267013e-07	0.17414
3.287013e-07	0.16686
3.307013e-07	0.16712
3.327013e-07	0.16114
3.347013e-07	0.1549
3.367013e-07	0.15048
3.387013e-07	0.14866
3.407013e-07	0.14112
3.427013e-07	0.14034
3.447013e-07	0.13592
3.467013e-07	0.1328
3.487013e-07	0.12682
3.507013e-07	0.12474
3.527013e-07	0.12162
3.547013e-07	0.11902
3.567013e-07	0.11564
3.587013e-07	0.112
3.607013e-07	0.10992
3.627013e-07	0.10836
3.647013e-07	0.1029
3.667013e-07	0.1016
3.687013e-07	0.09874
3.707013e-07	0.09666
3.727013e-07	0.09016
3.747013e-07	0.0899
3.767013e-07	0.08808
3.787013e-07	0.0847
3.807013e-07	0.08002
3.827013e-07	0.07898
3.847013e-07	0.07716
3.867013e-07	0.07352
3.887013e-07	0.07066
3.907013e-07	0.07196
3.927013e-07	0.06832
3.947013e-07	0.06598
3.967013e-07	0.06312
3.987013e-07	0.06026
4.007013e-07	0.05896
4.027013e-07	0.05792
4.047013e-07	0.0535
4.067013e-07	0.05246
4.087013e-07	0.05142
4.107013e-07	0.04934
4.127013e-07	0.04778
4.147013e-07	0.04648
4.167013e-07	0.0444
4.187013e-07	0.0431
4.207013e-07	0.04258
4.227013e-07	0.04102
4.247013e-07	0.04024
4.267013e-07	0.03842
4.287013e-07	0.0353
4.307013e-07	0.03686
4.327013e-07	0.03582
4.347013e-07	0.03426
4.367013e-07	0.03322
4.387013e-07	0.0314
4.407013e-07	0.02958
4.427013e-07	0.02906
4.447013e-07	0.02724
4.467013e-07	0.0288
4.487013e-07	0.0262
4.507013e-07	0.02516
4.527013e-07	0.02178
4.547013e-07	0.02126
4.567013e-07	0.021
4.587013e-07	0.02048
4.607013e-07	0.02048
4.627013e-07	0.02022
4.647013e-07	0.0197
4.667013e-07	0.01762
4.687013e-07	0.01736
4.707013e-07	0.01632
4.727013e-07	0.01294
4.747013e-07	0.01476
4.767013e-07	0.0132
4.787013e-07	0.0119
4.807013e-07	0.01112
4.827013e-07	0.01008
4.847013e-07	0.01008
4.867013e-07	0.01112
4.887013e-07	0.00826
4.907013e-07	0.00956
4.927013e-07	0.00592
4.947013e-07	0.00618
4.967013e-07	0.00644
4.987013e-07	0.00644
5.007013e-07	0.00618
5.027013e-07	0.00306
5.047013e-07	0.0041
5.067013e-07	0.00514
5.087013e-07	0.00436
5.107013e-07	0.0015
5.127013e-07	-0.00136
5.147013e-07	-0.0011
5.167013e-07	0.00072
5.187013e-07	0.00228
5.207013e-07	-0.00084
5.227013e-07	-0.00318
5.247013e-07	-0.00552
5.267013e-07	0.0015
5.287013e-07	-0.00084
5.307013e-07	-0.00552
5.327013e-07	-0.00656
5.347013e-07	-0.00474
5.367013e-07	-0.00838
5.387013e-07	-0.00708
5.407013e-07	-0.00916
5.427013e-07	-0.0076
5.447013e-07	-0.00604
5.467013e-07	-0.0102
5.487013e-07	-0.00968
5.507013e-07	-0.00916
5.527013e-07	-0.00864
5.547013e-07	-0.01046
5.567013e-07	-0.01176
5.587013e-07	-0.0115
5.607013e-07	-0.01124
5.627013e-07	-0.01046
5.647013e-07	-0.0128
5.667013e-07	-0.01046
5.687013e-07	-0.01176
5.707013e-07	-0.01124
5.727013e-07	-0.0128
5.747013e-07	-0.01306
5.767013e-07	-0.01072
5.787013e-07	-0.01124
5.807013e-07	-0.0128
5.827013e-07	-0.01358
5.847013e-07	-0.01358
5.867013e-07	-0.0141
5.887013e-07	-0.01488
5.907013e-07	-0.01514
5.927013e-07	-0.01488
5.947013e-07	-0.01592
5.967013e-07	-0.01462
5.987013e-07	-0.01566
6.007013e-07	-0.01488
6.027013e-07	-0.01592
6.047013e-07	-0.01462
6.067013e-07	-0.01358
6.087013e-07	-0.01514
6.107013e-07	-0.01566
6.127013e-07	-0.0167
6.147013e-07	-0.01696
6.167013e-07	-0.01826
6.187013e-07	-0.01774
6.207013e-07	-0.01904
6.227013e-07	-0.01644
6.247013e-07	-0.0193
6.267013e-07	-0.01956
6.287013e-07	-0.01982
6.307013e-07	-0.01748
6.327013e-07	-0.01982
6.347013e-07	-0.0193
6.367013e-07	-0.0206
6.387013e-07	-0.018
6.407013e-07	-0.02034
6.427013e-07	-0.01982
6.447013e-07	-0.01956
6.467013e-07	-0.01852
6.487013e-07	-0.02008
6.507013e-07	-0.0193
6.527013e-07	-0.01956
6.547013e-07	-0.01878
6.567013e-07	-0.01956
6.587013e-07	-0.0193
6.607013e-07	-0.02112
6.627013e-07	-0.01852
6.647013e-07	-0.01878
6.667013e-07	-0.0193
6.687013e-07	-0.01826
6.707013e-07	-0.01904
6.727013e-07	-0.0193
6.747013e-07	-0.018
6.767013e-07	-0.018
6.787013e-07	-0.018
6.807013e-07	-0.01748
6.827013e-07	-0.01878
6.847013e-07	-0.018
6.867013e-07	-0.01826
6.887013e-07	-0.01722
6.907013e-07	-0.01878
6.927013e-07	-0.01722
6.947013e-07	-0.0167
6.967013e-07	-0.01878
6.987013e-07	-0.01826
7.007013e-07	-0.01774
7.027013e-07	-0.01722
7.047013e-07	-0.02034
7.067013e-07	-0.02034
7.087013e-07	-0.01904
7.107013e-07	-0.01878
7.127013e-07	-0.0193
7.147013e-07	-0.01956
7.167013e-07	-0.01748
7.187013e-07	-0.01982
7.207013e-07	-0.01956
7.227013e-07	-0.0193
7.247013e-07	-0.02086
7.267013e-07	-0.01904
7.287013e-07	-0.02112
7.307013e-07	-0.01956
7.327013e-07	-0.02112
7.347013e-07	-0.02034
7.367013e-07	-0.02164
7.387013e-07	-0.02164
7.407013e-07	-0.02086
7.427013e-07	-0.0193
7.447013e-07	-0.02086
7.467013e-07	-0.02138
7.487013e-07	-0.0219
7.507013e-07	-0.01904
7.527013e-07	-0.01982
7.547013e-07	-0.0206
7.567013e-07	-0.01904
7.587013e-07	-0.0193
7.607013e-07	-0.0219
7.627013e-07	-0.02086
7.647013e-07	-0.02216
7.667013e-07	-0.01982
7.687013e-07	-0.02112
7.707013e-07	-0.02034
7.727013e-07	-0.02216
7.747013e-07	-0.0206
7.767013e-07	-0.02164
7.787013e-07	-0.0206
7.807013e-07	-0.02138
7.827013e-07	-0.02164
7.847013e-07	-0.02138
7.867013e-07	-0.02112
7.887013e-07	-0.02164
7.907013e-07	-0.02086
7.927013e-07	-0.02164
7.947013e-07	-0.02164
7.967013e-07	-0.02138
7.987013e-07	-0.0206
8.007013e-07	-0.0206
8.027013e-07	-0.02138
8.047013e-07	-0.02112
8.067013e-07	-0.02034
8.087013e-07	-0.02034
8.107013e-07	-0.0219
8.127013e-07	-0.02164
8.147013e-07	-0.01982
8.167013e-07	-0.0206
8.187013e-07	-0.02034
8.207013e-07	-0.02112
8.227013e-07	-0.02164
8.247013e-07	-0.02268
8.267013e-07	-0.02086
8.287013e-07	-0.0219
8.307013e-07	-0.02008
8.327013e-07	-0.0245
8.347013e-07	-0.02294
8.367013e-07	-0.02424
8.387013e-07	-0.0206
8.407013e-07	-0.02216
8.427013e-07	-0.02372
8.447013e-07	-0.02502
8.467013e-07	-0.0232
8.487013e-07	-0.02424
8.507013e-07	-0.02268
8.527013e-07	-0.02346
8.547013e-07	-0.02346
8.567013e-07	-0.02398
8.587013e-07	-0.02346
8.607013e-07	-0.02242
8.627013e-07	-0.02216
8.647013e-07	-0.0245
8.667013e-07	-0.02268
8.687013e-07	-0.02372
8.707013e-07	-0.02112
8.727013e-07	-0.02268
8.747013e-07	-0.02346
8.767013e-07	-0.02268
8.787013e-07	-0.02086
8.807013e-07	-0.0232
8.827013e-07	-0.0258
8.847013e-07	-0.02554
8.867013e-07	-0.02398
8.887013e-07	-0.02346
8.907013e-07	-0.02398
8.927013e-07	-0.02606
8.947013e-07	-0.0245
8.967013e-07	-0.02528
8.987013e-07	-0.0232
9.007013e-07	-0.02658
9.027013e-07	-0.0258
9.047013e-07	-0.02476
9.067013e-07	-0.02606
9.087013e-07	-0.02528
9.107013e-07	-0.0245
9.127013e-07	-0.02424
9.147013e-07	-0.02268
9.167013e-07	-0.02372
9.187013e-07	-0.02294
9.207013e-07	-0.02476
9.227013e-07	-0.02528
9.247013e-07	-0.0245
9.267013e-07	-0.02502
9.287013e-07	-0.02502
9.307013e-07	-0.02398
9.327013e-07	-0.02424
9.347013e-07	-0.02398
9.367013e-07	-0.02554
9.387013e-07	-0.02606
9.407013e-07	-0.02502
9.427013e-07	-0.02424
9.447013e-07	-0.02476
9.467013e-07	-0.02476
9.487013e-07	-0.02502
9.507013e-07	-0.02398
9.527013e-07	-0.02528
9.547013e-07	-0.02398
9.567013e-07	-0.02476
9.587013e-07	-0.02502
9.607013e-07	-0.02346
9.627013e-07	-0.0232
9.647013e-07	-0.02476
9.667013e-07	-0.0232
9.687013e-07	-0.02606
9.707013e-07	-0.02476
9.727013e-07	-0.02632
9.747013e-07	-0.0258
9.767013e-07	-0.02476
9.787013e-07	-0.02372
9.807013e-07	-0.02554
9.827013e-07	-0.02398
9.847013e-07	-0.02476
9.867013e-07	-0.0258
9.887013e-07	-0.02346
9.907013e-07	-0.02424
9.927013e-07	-0.02476
9.947013e-07	-0.0245
9.967013e-07	-0.02424
9.987013e-07	-0.0258
1.000701e-06	-0.02528
1.002701e-06	-0.02372
1.004701e-06	-0.02528
1.006701e-06	-0.02268
1.008701e-06	-0.02346
1.010701e-06	-0.02424
1.012701e-06	-0.02424
1.014701e-06	-0.02346
1.016701e-06	-0.0232
1.018701e-06	-0.0232
1.020701e-06	-0.02476
1.022701e-06	-0.0219
1.024701e-06	-0.02268
1.026701e-06	-0.0232
1.028701e-06	-0.02242
1.030701e-06	-0.02242
1.032701e-06	-0.02242
1.034701e-06	-0.02164
1.036701e-06	-0.02294
1.038701e-06	-0.02294
1.040701e-06	-0.02242
1.042701e-06	-0.0232
1.044701e-06	-0.02346
1.046701e-06	-0.02242
1.048701e-06	-0.0245
1.050701e-06	-0.0232
1.052701e-06	-0.02398
1.054701e-06	-0.0232
1.056701e-06	-0.02268
1.058701e-06	-0.02164
1.060701e-06	-0.02216
1.062701e-06	-0.02268
1.064701e-06	-0.0232
1.066701e-06	-0.02268
1.068701e-06	-0.02346
1.070701e-06	-0.02294
1.072701e-06	-0.02476
1.074701e-06	-0.02398
1.076701e-06	-0.02398
1.078701e-06	-0.0232
1.080701e-06	-0.02476
1.082701e-06	-0.02294
1.084701e-06	-0.0245
1.086701e-06	-0.02268
1.088701e-06	-0.02528
1.090701e-06	-0.02294
1.092701e-06	-0.02346
1.094701e-06	-0.02268
1.096701e-06	-0.02372
1.098701e-06	-0.02346
1.100701e-06	-0.02398
1.102701e-06	-0.02398
1.104701e-06	-0.02242
1.106701e-06	-0.02112
1.108701e-06	-0.02398
1.110701e-06	-0.02216
1.112701e-06	-0.0232
1.114701e-06	-0.02294
1.116701e-06	-0.02216
1.118701e-06	-0.02242
1.120701e-06	-0.02398
1.122701e-06	-0.02164
1.124701e-06	-0.0219
1.126701e-06	-0.02034
1.128701e-06	-0.02242
1.130701e-06	-0.02112
1.132701e-06	-0.01956
1.134701e-06	-0.02008
1.136701e-06	-0.0219
1.138701e-06	-0.02242
1.140701e-06	-0.02112
1.142701e-06	-0.02034
1.144701e-06	-0.02086
1.146701e-06	-0.02008
1.148701e-06	-0.02008
1.150701e-06	-0.0206
1.152701e-06	-0.02112
1.154701e-06	-0.02164
1.156701e-06	-0.02268
1.158701e-06	-0.02138
1.160701e-06	-0.0219
1.162701e-06	-0.01982
1.164701e-06	-0.02164
1.166701e-06	-0.02346
1.168701e-06	-0.02294
1.170701e-06	-0.02268
1.172701e-06	-0.02242
1.174701e-06	-0.02112
1.176701e-06	-0.02164
1.178701e-06	-0.02164
1.180701e-06	-0.0206
1.182701e-06	-0.02268
1.184701e-06	-0.02294
1.186701e-06	-0.02268
1.188701e-06	-0.02138
1.190701e-06	-0.0193
1.192701e-06	-0.02138
1.194701e-06	-0.02268
1.196701e-06	-0.02268
1.198701e-06	-0.02034
1.200701e-06	-0.02242
1.202701e-06	-0.01956
1.204701e-06	-0.0206
1.206701e-06	-0.02034
1.208701e-06	-0.02216
1.210701e-06	-0.02164
1.212701e-06	-0.02086
1.214701e-06	-0.0206
1.216701e-06	-0.02138
1.218701e-06	-0.02138
1.220701e-06	-0.02216
1.222701e-06	-0.0219
1.224701e-06	-0.02424
1.226701e-06	-0.02372
1.228701e-06	-0.02112
1.230701e-06	-0.02086
1.232701e-06	-0.02216
1.234701e-06	-0.02268
1.236701e-06	-0.02476
1.238701e-06	-0.0219
1.240701e-06	-0.02138
1.242701e-06	-0.01904
1.244701e-06	-0.02502
1.246701e-06	-0.02294
1.248701e-06	-0.0219
1.250701e-06	-0.01982
1.252701e-06	-0.02138
1.254701e-06	-0.0219
1.256701e-06	-0.02294
1.258701e-06	-0.0219
1.260701e-06	-0.02216
1.262701e-06	-0.02112
1.264701e-06	-0.0232
1.266701e-06	-0.02242
1.268701e-06	-0.02138
1.270701e-06	-0.0219
1.272701e-06	-0.0232
1.274701e-06	-0.02242
1.276701e-06	-0.02242
1.278701e-06	-0.02086
1.280701e-06	-0.02112
1.282701e-06	-0.02112
1.284701e-06	-0.02216
1.286701e-06	-0.02138
1.288701e-06	-0.02346
1.290701e-06	-0.02268
1.292701e-06	-0.02424
1.294701e-06	-0.02112
1.296701e-06	-0.02346
1.298701e-06	-0.0245
1.300701e-06	-0.02086
1.302701e-06	-0.02164
1.304701e-06	-0.02346
1.306701e-06	-0.02268
1.308701e-06	-0.02372
1.310701e-06	-0.02424
1.312701e-06	-0.02242
1.314701e-06	-0.0219
1.316701e-06	-0.02294
1.318701e-06	-0.0232
1.320701e-06	-0.02216
1.322701e-06	-0.02138
1.324701e-06	-0.02216
1.326701e-06	-0.0232
1.328701e-06	-0.02268
1.330701e-06	-0.0219
1.332701e-06	-0.02502
1.334701e-06	-0.02346
1.336701e-06	-0.02268
1.338701e-06	-0.02268
1.340701e-06	-0.02242
1.342701e-06	-0.02294
1.344701e-06	-0.0232
1.346701e-06	-0.02216
1.348701e-06	-0.0219
1.350701e-06	-0.02086
1.352701e-06	-0.02008
1.354701e-06	-0.0219
1.356701e-06	-0.02112
1.358701e-06	-0.0193
1.360701e-06	-0.02138
1.362701e-06	-0.02346
1.364701e-06	-0.02268
1.366701e-06	-0.02086
1.368701e-06	-0.02346
1.370701e-06	-0.02268
1.372701e-06	-0.02216
1.374701e-06	-0.02112
1.376701e-06	-0.02242
1.378701e-06	-0.0206
1.380701e-06	-0.02216
1.382701e-06	-0.0219
1.384701e-06	-0.0245
1.386701e-06	-0.02164
1.388701e-06	-0.02216
1.390701e-06	-0.02112
1.392701e-06	-0.02086
1.394701e-06	-0.02112
1.396701e-06	-0.02008
1.398701e-06	-0.0206
1.400701e-06	-0.01982
1.402701e-06	-0.02242
1.404701e-06	-0.02164
1.406701e-06	-0.0206
1.408701e-06	-0.02112
1.410701e-06	-0.01982
1.412701e-06	-0.02112
1.414701e-06	-0.01956
1.416701e-06	-0.02216
1.418701e-06	-0.02112
1.420701e-06	-0.02138
1.422701e-06	-0.02086
1.424701e-06	-0.0206
1.426701e-06	-0.02008
1.428701e-06	-0.02138
1.430701e-06	-0.02086
1.432701e-06	-0.0206
1.434701e-06	-0.02164
1.436701e-06	-0.02164
1.438701e-06	-0.01982
1.440701e-06	-0.0232
1.442701e-06	-0.02216
1.444701e-06	-0.02086
1.446701e-06	-0.0206
1.448701e-06	-0.0206
1.450701e-06	-0.0219
1.452701e-06	-0.02268
1.454701e-06	-0.0232
1.456701e-06	-0.0232
1.458701e-06	-0.02294
1.460701e-06	-0.02346
1.462701e-06	-0.02346
1.464701e-06	-0.02216
1.466701e-06	-0.02294
1.468701e-06	-0.02216
1.470701e-06	-0.0219
1.472701e-06	-0.02372
1.474701e-06	-0.02476
1.476701e-06	-0.02346
1.478701e-06	-0.02424
1.480701e-06	-0.02502
1.482701e-06	-0.02268
1.484701e-06	-0.02424
1.486701e-06	-0.02242
1.488701e-06	-0.02372
1.490701e-06	-0.02164
1.492701e-06	-0.0232
1.494701e-06	-0.02268
1.496701e-06	-0.02398
1.498701e-06	-0.02294
1.500701e-06	-0.02372
1.502701e-06	-0.02164
1.504701e-06	-0.02268
1.506701e-06	-0.02216
1.508701e-06	-0.02268
1.510701e-06	-0.02164
1.512701e-06	-0.02138
1.514701e-06	-0.02242
1.516701e-06	-0.02164
1.518701e-06	-0.02034
1.520701e-06	-0.02216
1.522701e-06	-0.0206
1.524701e-06	-0.02034
1.526701e-06	-0.02138
1.528701e-06	-0.02138
1.530701e-06	-0.0219
1.532701e-06	-0.02216
1.534701e-06	-0.02164
1.536701e-06	-0.02138
1.538701e-06	-0.02164
1.540701e-06	-0.02086
1.542701e-06	-0.02164
1.544701e-06	-0.02268
1.546701e-06	-0.0206
1.548701e-06	-0.01878
1.550701e-06	-0.01956
1.552701e-06	-0.02138
1.554701e-06	-0.01956
1.556701e-06	-0.01878
1.558701e-06	-0.01982
1.560701e-06	-0.02086
1.562701e-06	-0.02008
1.564701e-06	-0.02164
1.566701e-06	-0.02034
1.568701e-06	-0.0206
1.570701e-06	-0.01956
1.572701e-06	-0.02086
1.574701e-06	-0.01774
1.576701e-06	-0.0193
1.578701e-06	-0.01852
1.580701e-06	-0.01826
1.582701e-06	-0.01774
1.584701e-06	-0.01878
1.586701e-06	-0.01982
1.588701e-06	-0.01878
1.590701e-06	-0.01904
1.592701e-06	-0.02112
1.594701e-06	-0.01956
1.596701e-06	-0.02138
1.598701e-06	-0.0193
1.600701e-06	-0.02242
1.602701e-06	-0.0219
1.604701e-06	-0.0206
1.606701e-06	-0.02242
1.608701e-06	-0.02138
1.610701e-06	-0.0219
1.612701e-06	-0.0219
1.614701e-06	-0.02216
1.616701e-06	-0.02216
1.618701e-06	-0.0219
1.620701e-06	-0.02294
1.622701e-06	-0.02086
1.624701e-06	-0.0232
1.626701e-06	-0.02138
1.628701e-06	-0.02164
1.630701e-06	-0.02112
1.632701e-06	-0.02112
1.634701e-06	-0.02112
1.636701e-06	-0.02034
1.638701e-06	-0.0219
1.640701e-06	-0.02164
1.642701e-06	-0.02216
1.644701e-06	-0.02268
1.646701e-06	-0.0206
1.648701e-06	-0.01956
1.650701e-06	-0.02268
1.652701e-06	-0.02112
1.654701e-06	-0.02086
1.656701e-06	-0.02164
1.658701e-06	-0.01982
1.660701e-06	-0.02086
1.662701e-06	-0.0193
1.664701e-06	-0.02034
1.666701e-06	-0.0219
1.668701e-06	-0.02164
1.670701e-06	-0.0206
1.672701e-06	-0.02086
1.674701e-06	-0.02086
1.676701e-06	-0.0219
1.678701e-06	-0.0193
1.680701e-06	-0.0193
1.682701e-06	-0.0219
1.684701e-06	-0.02008
1.686701e-06	-0.02164
1.688701e-06	-0.02216
1.690701e-06	-0.0206
1.692701e-06	-0.02086
1.694701e-06	-0.02008
1.696701e-06	-0.02112
1.698701e-06	-0.02086
1.700701e-06	-0.02008
1.702701e-06	-0.02034
1.704701e-06	-0.02216
1.706701e-06	-0.0219
1.708701e-06	-0.0219
1.710701e-06	-0.02216
1.712701e-06	-0.02242
1.714701e-06	-0.02138
1.716701e-06	-0.02034
1.718701e-06	-0.02008
1.720701e-06	-0.0206
1.722701e-06	-0.0219
1.724701e-06	-0.02242
1.726701e-06	-0.0206
1.728701e-06	-0.02112
1.730701e-06	-0.02164
1.732701e-06	-0.02216
1.734701e-06	-0.02164
1.736701e-06	-0.0206
1.738701e-06	-0.0219
1.740701e-06	-0.02242
1.742701e-06	-0.02112
1.744701e-06	-0.02294
1.746701e-06	-0.02294
1.748701e-06	-0.0206
1.750701e-06	-0.02216
1.752701e-06	-0.02216
1.754701e-06	-0.02216
1.756701e-06	-0.02294
1.758701e-06	-0.02268
1.760701e-06	-0.0245
1.762701e-06	-0.02216
1.764701e-06	-0.0232
1.766701e-06	-0.02086
1.768701e-06	-0.02372
1.770701e-06	-0.0245
1.772701e-06	-0.0245
1.774701e-06	-0.02398
1.776701e-06	-0.02476
1.778701e-06	-0.02476
1.780701e-06	-0.0245
1.782701e-06	-0.02502
1.784701e-06	-0.02658
1.786701e-06	-0.0258
1.788701e-06	-0.02372
1.790701e-06	-0.02372
1.792701e-06	-0.02606
1.794701e-06	-0.02606
1.796701e-06	-0.02502
1.798701e-06	-0.02606
1.800701e-06	-0.0258
1.802701e-06	-0.0271
1.804701e-06	-0.0258
1.806701e-06	-0.02502
1.808701e-06	-0.02528
1.810701e-06	-0.02528
1.812701e-06	-0.02658
1.814701e-06	-0.0245
1.816701e-06	-0.02606
1.818701e-06	-0.0258
1.820701e-06	-0.0271
1.822701e-06	-0.02684
1.824701e-06	-0.0271
1.826701e-06	-0.02658
1.828701e-06	-0.02788
1.830701e-06	-0.02528
1.832701e-06	-0.02502
1.834701e-06	-0.02476
1.836701e-06	-0.02398
1.838701e-06	-0.0245
1.840701e-06	-0.02346
1.842701e-06	-0.02554
1.844701e-06	-0.02398
1.846701e-06	-0.02476
1.848701e-06	-0.02476
1.850701e-06	-0.02398
1.852701e-06	-0.02528
1.854701e-06	-0.02372
1.856701e-06	-0.0258
1.858701e-06	-0.02294
1.860701e-06	-0.02398
1.862701e-06	-0.02242
1.864701e-06	-0.02346
1.866701e-06	-0.02346
1.868701e-06	-0.0232
1.870701e-06	-0.02398
1.872701e-06	-0.02372
1.874701e-06	-0.02268
1.876701e-06	-0.02294
1.878701e-06	-0.02138
1.880701e-06	-0.02424
1.882701e-06	-0.02268
1.884701e-06	-0.02346
1.886701e-06	-0.02138
1.888701e-06	-0.02138
1.890701e-06	-0.02216
1.892701e-06	-0.02164
1.894701e-06	-0.02242
1.896701e-06	-0.02112
1.898701e-06	-0.0219
1.900701e-06	-0.02268
1.902701e-06	-0.01904
1.904701e-06	-0.02034
1.906701e-06	-0.0206
1.908701e-06	-0.0206
1.910701e-06	-0.0193
1.912701e-06	-0.01982
1.914701e-06	-0.02112
1.916701e-06	-0.02008
1.918701e-06	-0.01982
1.920701e-06	-0.02086
1.922701e-06	-0.02164
1.924701e-06	-0.02138
1.926701e-06	-0.02242
1.928701e-06	-0.02216
1.930701e-06	-0.02164
1.932701e-06	-0.02164
1.934701e-06	-0.02164
1.936701e-06	-0.0206
1.938701e-06	-0.02268
1.940701e-06	-0.02138
1.942701e-06	-0.02346
1.944701e-06	-0.0219
1.946701e-06	-0.02346
1.948701e-06	-0.0219
1.950701e-06	-0.0232
1.952701e-06	-0.0219
1.954701e-06	-0.02268
1.956701e-06	-0.02242
1.958701e-06	-0.0232
1.960701e-06	-0.02242
1.962701e-06	-0.02138
1.964701e-06	-0.02216
1.966701e-06	-0.02346
1.968701e-06	-0.02216
1.970701e-06	-0.0219
1.972701e-06	-0.02398
1.974701e-06	-0.0245
1.976701e-06	-0.02242
1.978701e-06	-0.02268
1.980701e-06	-0.02502
1.982701e-06	-0.02476
1.984701e-06	-0.0245
1.986701e-06	-0.0232
1.988701e-06	-0.02398
1.990701e-06	-0.02424
1.992701e-06	-0.02398
1.994701e-06	-0.0258
1.996701e-06	-0.0258
1.998701e-06	-0.02424
2.000701e-06	-0.02528
2.002701e-06	-0.02502
2.004701e-06	-0.02606
2.006701e-06	-0.0258
2.008701e-06	-0.0258
2.010701e-06	-0.0245
2.012701e-06	-0.02476
2.014701e-06	-0.02528
2.016701e-06	-0.0245
2.018701e-06	-0.02268
2.020701e-06	-0.02554
2.022701e-06	-0.02268
2.024701e-06	-0.0245
2.026701e-06	-0.02476
2.028701e-06	-0.02632
2.030701e-06	-0.02528
2.032701e-06	-0.02476
2.034701e-06	-0.02684
2.036701e-06	-0.0245
2.038701e-06	-0.02502
2.040701e-06	-0.02658
2.042701e-06	-0.02606
2.044701e-06	-0.02528
2.046701e-06	-0.02502
2.048701e-06	-0.02424
2.050701e-06	-0.02476
2.052701e-06	-0.0271
2.054701e-06	-0.02502
2.056701e-06	-0.02502
2.058701e-06	-0.02476
2.060701e-06	-0.02476
2.062701e-06	-0.02398
2.064701e-06	-0.02424
2.066701e-06	-0.0245
2.068701e-06	-0.02528
2.070701e-06	-0.0232
2.072701e-06	-0.02372
2.074701e-06	-0.02554
2.076701e-06	-0.02632
2.078701e-06	-0.02372
2.080701e-06	-0.02632
2.082701e-06	-0.0258
2.084701e-06	-0.02606
2.086701e-06	-0.02528
2.088701e-06	-0.02424
2.090701e-06	-0.02268
2.092701e-06	-0.02502
2.094701e-06	-0.02424
2.096701e-06	-0.02606
2.098701e-06	-0.02372
2.100701e-06	-0.02502
2.102701e-06	-0.02424
2.104701e-06	-0.02658
2.106701e-06	-0.02658
2.108701e-06	-0.02606
2.110701e-06	-0.02294
2.112701e-06	-0.0232
2.114701e-06	-0.02424
2.116701e-06	-0.02424
2.118701e-06	-0.02268
2.120701e-06	-0.02294
2.122701e-06	-0.02242
2.124701e-06	-0.02424
2.126701e-06	-0.02294
2.128701e-06	-0.02216
2.130701e-06	-0.02216
2.132701e-06	-0.02164
2.134701e-06	-0.02138
2.136701e-06	-0.02346
2.138701e-06	-0.02216
2.140701e-06	-0.02268
2.142701e-06	-0.0206
2.144701e-06	-0.02294
2.146701e-06	-0.02242
2.148701e-06	-0.02216
2.150701e-06	-0.02216
2.152701e-06	-0.02372
2.154701e-06	-0.02164
2.156701e-06	-0.02216
2.158701e-06	-0.02138
2.160701e-06	-0.02372
2.162701e-06	-0.0219
2.164701e-06	-0.02346
2.166701e-06	-0.02346
2.168701e-06	-0.02372
2.170701e-06	-0.02242
2.172701e-06	-0.02268
2.174701e-06	-0.02346
2.176701e-06	-0.02242
2.178701e-06	-0.0232
2.180701e-06	-0.02216
2.182701e-06	-0.02242
2.184701e-06	-0.02112
2.186701e-06	-0.02372
2.188701e-06	-0.02346
2.190701e-06	-0.02372
2.192701e-06	-0.02476
2.194701e-06	-0.02164
2.196701e-06	-0.02268
2.198701e-06	-0.02398
2.200701e-06	-0.02372
2.202701e-06	-0.02372
2.204701e-06	-0.02502
2.206701e-06	-0.02684
2.208701e-06	-0.02476
2.210701e-06	-0.02372
2.212701e-06	-0.02476
2.214701e-06	-0.02346
2.216701e-06	-0.02346
2.218701e-06	-0.02216
2.220701e-06	-0.02372
2.222701e-06	-0.0232
2.224701e-06	-0.0232
2.226701e-06	-0.02372
2.228701e-06	-0.02502
2.230701e-06	-0.0245
2.232701e-06	-0.02346
2.234701e-06	-0.0232
2.236701e-06	-0.02372
2.238701e-06	-0.0232
2.240701e-06	-0.0245
2.242701e-06	-0.02424
2.244701e-06	-0.02606
2.246701e-06	-0.02268
2.248701e-06	-0.02346
2.250701e-06	-0.02242
2.252701e-06	-0.02424
2.254701e-06	-0.02502
2.256701e-06	-0.02476
2.258701e-06	-0.02398
2.260701e-06	-0.02476
2.262701e-06	-0.02346
2.264701e-06	-0.02294
2.266701e-06	-0.02138
2.268701e-06	-0.02424
2.270701e-06	-0.0258
2.272701e-06	-0.02372
2.274701e-06	-0.02372
2.276701e-06	-0.02268
2.278701e-06	-0.02606
2.280701e-06	-0.02606
2.282701e-06	-0.02476
2.284701e-06	-0.0232
2.286701e-06	-0.02372
2.288701e-06	-0.02346
2.290701e-06	-0.02398
2.292701e-06	-0.02242
2.294701e-06	-0.02268
2.296701e-06	-0.0245
2.298701e-06	-0.02372
2.300701e-06	-0.02424
2.302701e-06	-0.02294
2.304701e-06	-0.02372
2.306701e-06	-0.02528
2.308701e-06	-0.02476
2.310701e-06	-0.02346
2.312701e-06	-0.02476
2.314701e-06	-0.02606
2.316701e-06	-0.0245
2.318701e-06	-0.02398
2.320701e-06	-0.02346
2.322701e-06	-0.02606
2.324701e-06	-0.02606
2.326701e-06	-0.02398
2.328701e-06	-0.02528
2.330701e-06	-0.02684
2.332701e-06	-0.0258
2.334701e-06	-0.02502
2.336701e-06	-0.02658
2.338701e-06	-0.0232
2.340701e-06	-0.02476
2.342701e-06	-0.02476
2.344701e-06	-0.0271
2.346701e-06	-0.0258
2.348701e-06	-0.02658
2.350701e-06	-0.02606
2.352701e-06	-0.02554
2.354701e-06	-0.02424
2.356701e-06	-0.0232
2.358701e-06	-0.02632
2.360701e-06	-0.02476
2.362701e-06	-0.0232
2.364701e-06	-0.02502
2.366701e-06	-0.02502
2.368701e-06	-0.02502
2.370701e-06	-0.02398
2.372701e-06	-0.02424
2.374701e-06	-0.02476
2.376701e-06	-0.02606
2.378701e-06	-0.02606
2.380701e-06	-0.02476
2.382701e-06	-0.02528
2.384701e-06	-0.0232
2.386701e-06	-0.02528
2.388701e-06	-0.02528
2.390701e-06	-0.02372
2.392701e-06	-0.02398
2.394701e-06	-0.0232
2.396701e-06	-0.02424
2.398701e-06	-0.02398
2.400701e-06	-0.02476
2.402701e-06	-0.02424
2.404701e-06	-0.02554
2.406701e-06	-0.02294
2.408701e-06	-0.02502
2.410701e-06	-0.02476
2.412701e-06	-0.0232
2.414701e-06	-0.02216
2.416701e-06	-0.02294
2.418701e-06	-0.02242
2.420701e-06	-0.02294
2.422701e-06	-0.02216
2.424701e-06	-0.02502
2.426701e-06	-0.0232
2.428701e-06	-0.0232
2.430701e-06	-0.02346
2.432701e-06	-0.02294
2.434701e-06	-0.02268
2.436701e-06	-0.02398
2.438701e-06	-0.0219
2.440701e-06	-0.02164
2.442701e-06	-0.02398
2.444701e-06	-0.02502
2.446701e-06	-0.02684
2.448701e-06	-0.02398
2.450701e-06	-0.02242
2.452701e-06	-0.02268
2.454701e-06	-0.02346
2.456701e-06	-0.0232
2.458701e-06	-0.02164
2.460701e-06	-0.02424
2.462701e-06	-0.02216
2.464701e-06	-0.02268
2.466701e-06	-0.0245
2.468701e-06	-0.02476
2.470701e-06	-0.02346
2.472701e-06	-0.02424
2.474701e-06	-0.0245
2.476701e-06	-0.02554
2.478701e-06	-0.02554
2.480701e-06	-0.02658
2.482701e-06	-0.02346
2.484701e-06	-0.02372
2.486701e-06	-0.02268
2.488701e-06	-0.0245
2.490701e-06	-0.02216
2.492701e-06	-0.02294
2.494701e-06	-0.02008
2.496701e-06	-0.02346
2.498701e-06	-0.0271
2.500701e-06	-0.02502
2.502701e-06	-0.02138
2.504701e-06	-0.0232
2.506701e-06	-0.02424
2.508701e-06	-0.02346
2.510701e-06	-0.0219
