LECROYHDO6104A	50809	Waveform
Segments	1	SegmentSize	2502
Segment	TrigTime	TimeSinceSegment1
#1	19-Dec-2022 19:59:39	0                 
Time	Ampl
-2.500476e-06	-0.022688
-2.498476e-06	-0.021472
-2.496476e-06	-0.02208
-2.494476e-06	-0.020864
-2.492476e-06	-0.021776
-2.490476e-06	-0.02208
-2.488476e-06	-0.019344
-2.486476e-06	-0.021776
-2.484476e-06	-0.020864
-2.482476e-06	-0.022992
-2.480476e-06	-0.02056
-2.478476e-06	-0.022384
-2.476476e-06	-0.02208
-2.474476e-06	-0.020864
-2.472476e-06	-0.018432
-2.470476e-06	-0.022688
-2.468476e-06	-0.022992
-2.466476e-06	-0.0236
-2.464476e-06	-0.023904
-2.462476e-06	-0.022992
-2.460476e-06	-0.021776
-2.458476e-06	-0.0236
-2.456476e-06	-0.0236
-2.454476e-06	-0.02512
-2.452476e-06	-0.026336
-2.450476e-06	-0.02512
-2.448476e-06	-0.024816
-2.446476e-06	-0.023904
-2.444476e-06	-0.023296
-2.442476e-06	-0.024512
-2.440476e-06	-0.024816
-2.438476e-06	-0.026032
-2.436476e-06	-0.0236
-2.434476e-06	-0.02664
-2.432476e-06	-0.02512
-2.430476e-06	-0.02512
-2.428476e-06	-0.026032
-2.426476e-06	-0.02816
-2.424476e-06	-0.026032
-2.422476e-06	-0.024208
-2.420476e-06	-0.02664
-2.418476e-06	-0.026336
-2.416476e-06	-0.02664
-2.414476e-06	-0.026032
-2.412476e-06	-0.024208
-2.410476e-06	-0.029376
-2.408476e-06	-0.02816
-2.406476e-06	-0.026032
-2.404476e-06	-0.024816
-2.402476e-06	-0.025728
-2.400476e-06	-0.026032
-2.398476e-06	-0.024816
-2.396476e-06	-0.025728
-2.394476e-06	-0.026032
-2.392476e-06	-0.026032
-2.390476e-06	-0.026336
-2.388476e-06	-0.026336
-2.386476e-06	-0.02512
-2.384476e-06	-0.024816
-2.382476e-06	-0.023296
-2.380476e-06	-0.02664
-2.378476e-06	-0.027856
-2.376476e-06	-0.026944
-2.374476e-06	-0.0236
-2.372476e-06	-0.023904
-2.370476e-06	-0.027552
-2.368476e-06	-0.026944
-2.366476e-06	-0.024208
-2.364476e-06	-0.024208
-2.362476e-06	-0.025728
-2.360476e-06	-0.02664
-2.358476e-06	-0.027552
-2.356476e-06	-0.025424
-2.354476e-06	-0.0236
-2.352476e-06	-0.027856
-2.350476e-06	-0.029072
-2.348476e-06	-0.026336
-2.346476e-06	-0.026944
-2.344476e-06	-0.025728
-2.342476e-06	-0.025728
-2.340476e-06	-0.02512
-2.338476e-06	-0.02664
-2.336476e-06	-0.026032
-2.334476e-06	-0.025728
-2.332476e-06	-0.026032
-2.330476e-06	-0.027552
-2.328476e-06	-0.025424
-2.326476e-06	-0.026336
-2.324476e-06	-0.02512
-2.322476e-06	-0.026944
-2.320476e-06	-0.026944
-2.318476e-06	-0.026944
-2.316476e-06	-0.026032
-2.314476e-06	-0.028768
-2.312476e-06	-0.02816
-2.310476e-06	-0.027856
-2.308476e-06	-0.029984
-2.306476e-06	-0.029376
-2.304476e-06	-0.024816
-2.302476e-06	-0.024208
-2.300476e-06	-0.026336
-2.298476e-06	-0.028768
-2.296476e-06	-0.025728
-2.294476e-06	-0.023296
-2.292476e-06	-0.023904
-2.290476e-06	-0.02816
-2.288476e-06	-0.024512
-2.286476e-06	-0.02208
-2.284476e-06	-0.021472
-2.282476e-06	-0.025728
-2.280476e-06	-0.026032
-2.278476e-06	-0.022992
-2.276476e-06	-0.019344
-2.274476e-06	-0.024208
-2.272476e-06	-0.02512
-2.270476e-06	-0.022992
-2.268476e-06	-0.02056
-2.266476e-06	-0.024208
-2.264476e-06	-0.024208
-2.262476e-06	-0.023904
-2.260476e-06	-0.022992
-2.258476e-06	-0.022992
-2.256476e-06	-0.024512
-2.254476e-06	-0.024512
-2.252476e-06	-0.021472
-2.250476e-06	-0.026336
-2.248476e-06	-0.024816
-2.246476e-06	-0.022384
-2.244476e-06	-0.022384
-2.242476e-06	-0.022992
-2.240476e-06	-0.021776
-2.238476e-06	-0.0236
-2.236476e-06	-0.024816
-2.234476e-06	-0.026032
-2.232476e-06	-0.0236
-2.230476e-06	-0.026032
-2.228476e-06	-0.023904
-2.226476e-06	-0.026336
-2.224476e-06	-0.02664
-2.222476e-06	-0.02512
-2.220476e-06	-0.025728
-2.218476e-06	-0.027552
-2.216476e-06	-0.025424
-2.214476e-06	-0.025728
-2.212476e-06	-0.024512
-2.210476e-06	-0.023904
-2.208476e-06	-0.023296
-2.206476e-06	-0.024816
-2.204476e-06	-0.025424
-2.202476e-06	-0.02664
-2.200476e-06	-0.023904
-2.198476e-06	-0.022992
-2.196476e-06	-0.025728
-2.194476e-06	-0.026336
-2.192476e-06	-0.025424
-2.190476e-06	-0.023904
-2.188476e-06	-0.023904
-2.186476e-06	-0.023904
-2.184476e-06	-0.024512
-2.182476e-06	-0.025424
-2.180476e-06	-0.023904
-2.178476e-06	-0.02664
-2.176476e-06	-0.025424
-2.174476e-06	-0.023296
-2.172476e-06	-0.0236
-2.170476e-06	-0.025728
-2.168476e-06	-0.025728
-2.166476e-06	-0.023296
-2.164476e-06	-0.024816
-2.162476e-06	-0.027552
-2.160476e-06	-0.025424
-2.158476e-06	-0.022992
-2.156476e-06	-0.02512
-2.154476e-06	-0.024512
-2.152476e-06	-0.024816
-2.150476e-06	-0.02512
-2.148476e-06	-0.025424
-2.146476e-06	-0.027248
-2.144476e-06	-0.025424
-2.142476e-06	-0.023904
-2.140476e-06	-0.024816
-2.138476e-06	-0.028464
-2.136476e-06	-0.026336
-2.134476e-06	-0.025728
-2.132476e-06	-0.02512
-2.130476e-06	-0.028768
-2.128476e-06	-0.027248
-2.126476e-06	-0.026336
-2.124476e-06	-0.024512
-2.122476e-06	-0.025728
-2.120476e-06	-0.026944
-2.118476e-06	-0.026032
-2.116476e-06	-0.02512
-2.114476e-06	-0.026336
-2.112476e-06	-0.024208
-2.110476e-06	-0.024512
-2.108476e-06	-0.02208
-2.106476e-06	-0.025728
-2.104476e-06	-0.024816
-2.102476e-06	-0.024816
-2.100476e-06	-0.025728
-2.098476e-06	-0.025728
-2.096476e-06	-0.025424
-2.094476e-06	-0.026032
-2.092476e-06	-0.025728
-2.090476e-06	-0.02664
-2.088476e-06	-0.026032
-2.086476e-06	-0.027552
-2.084476e-06	-0.02664
-2.082476e-06	-0.029072
-2.080476e-06	-0.026032
-2.078476e-06	-0.023904
-2.076476e-06	-0.022992
-2.074476e-06	-0.025728
-2.072476e-06	-0.02512
-2.070476e-06	-0.02512
-2.068476e-06	-0.024512
-2.066476e-06	-0.027248
-2.064476e-06	-0.023904
-2.062476e-06	-0.026032
-2.060476e-06	-0.02512
-2.058476e-06	-0.027248
-2.056476e-06	-0.027552
-2.054476e-06	-0.024512
-2.052476e-06	-0.026944
-2.050476e-06	-0.026336
-2.048476e-06	-0.024816
-2.046476e-06	-0.026336
-2.044476e-06	-0.026032
-2.042476e-06	-0.026336
-2.040476e-06	-0.025728
-2.038476e-06	-0.026032
-2.036476e-06	-0.024816
-2.034476e-06	-0.027552
-2.032476e-06	-0.02664
-2.030476e-06	-0.026336
-2.028476e-06	-0.027248
-2.026476e-06	-0.027856
-2.024476e-06	-0.026336
-2.022476e-06	-0.027248
-2.020476e-06	-0.02512
-2.018476e-06	-0.02816
-2.016476e-06	-0.025728
-2.014476e-06	-0.025424
-2.012476e-06	-0.02512
-2.010476e-06	-0.029376
-2.008476e-06	-0.02816
-2.006476e-06	-0.024816
-2.004476e-06	-0.023296
-2.002476e-06	-0.027248
-2.000476e-06	-0.029072
-1.998476e-06	-0.02816
-1.996476e-06	-0.026336
-1.994476e-06	-0.02664
-1.992476e-06	-0.027248
-1.990476e-06	-0.025728
-1.988476e-06	-0.025424
-1.986476e-06	-0.02816
-1.984476e-06	-0.027248
-1.982476e-06	-0.026944
-1.980476e-06	-0.026336
-1.978476e-06	-0.024816
-1.976476e-06	-0.02512
-1.974476e-06	-0.02664
-1.972476e-06	-0.027552
-1.970476e-06	-0.027248
-1.968476e-06	-0.02512
-1.966476e-06	-0.026032
-1.964476e-06	-0.027552
-1.962476e-06	-0.026944
-1.960476e-06	-0.026032
-1.958476e-06	-0.02664
-1.956476e-06	-0.025424
-1.954476e-06	-0.027248
-1.952476e-06	-0.027856
-1.950476e-06	-0.026336
-1.948476e-06	-0.027248
-1.946476e-06	-0.02816
-1.944476e-06	-0.027248
-1.942476e-06	-0.026944
-1.940476e-06	-0.027248
-1.938476e-06	-0.025424
-1.936476e-06	-0.024208
-1.934476e-06	-0.027552
-1.932476e-06	-0.026944
-1.930476e-06	-0.027552
-1.928476e-06	-0.026944
-1.926476e-06	-0.026944
-1.924476e-06	-0.026944
-1.922476e-06	-0.02968
-1.920476e-06	-0.027856
-1.918476e-06	-0.027248
-1.916476e-06	-0.026032
-1.914476e-06	-0.02968
-1.912476e-06	-0.02664
-1.910476e-06	-0.026944
-1.908476e-06	-0.026032
-1.906476e-06	-0.027248
-1.904476e-06	-0.024512
-1.902476e-06	-0.027552
-1.900476e-06	-0.027552
-1.898476e-06	-0.028464
-1.896476e-06	-0.02664
-1.894476e-06	-0.025728
-1.892476e-06	-0.023296
-1.890476e-06	-0.027248
-1.888476e-06	-0.02512
-1.886476e-06	-0.023296
-1.884476e-06	-0.02512
-1.882476e-06	-0.02512
-1.880476e-06	-0.025424
-1.878476e-06	-0.02512
-1.876476e-06	-0.0236
-1.874476e-06	-0.023904
-1.872476e-06	-0.024512
-1.870476e-06	-0.022992
-1.868476e-06	-0.021776
-1.866476e-06	-0.023296
-1.864476e-06	-0.023904
-1.862476e-06	-0.022384
-1.860476e-06	-0.021168
-1.858476e-06	-0.022992
-1.856476e-06	-0.0236
-1.854476e-06	-0.022688
-1.852476e-06	-0.022688
-1.850476e-06	-0.023296
-1.848476e-06	-0.0236
-1.846476e-06	-0.0236
-1.844476e-06	-0.023296
-1.842476e-06	-0.024208
-1.840476e-06	-0.022688
-1.838476e-06	-0.022688
-1.836476e-06	-0.021168
-1.834476e-06	-0.023904
-1.832476e-06	-0.020864
-1.830476e-06	-0.022384
-1.828476e-06	-0.022384
-1.826476e-06	-0.022992
-1.824476e-06	-0.020256
-1.822476e-06	-0.020256
-1.820476e-06	-0.019344
-1.818476e-06	-0.021776
-1.816476e-06	-0.02208
-1.814476e-06	-0.020864
-1.812476e-06	-0.021472
-1.810476e-06	-0.021472
-1.808476e-06	-0.022992
-1.806476e-06	-0.023296
-1.804476e-06	-0.022384
-1.802476e-06	-0.022992
-1.800476e-06	-0.023904
-1.798476e-06	-0.020864
-1.796476e-06	-0.02208
-1.794476e-06	-0.023904
-1.792476e-06	-0.02208
-1.790476e-06	-0.024816
-1.788476e-06	-0.022992
-1.786476e-06	-0.022384
-1.784476e-06	-0.022992
-1.782476e-06	-0.022992
-1.780476e-06	-0.024816
-1.778476e-06	-0.025424
-1.776476e-06	-0.024512
-1.774476e-06	-0.025728
-1.772476e-06	-0.024208
-1.770476e-06	-0.024512
-1.768476e-06	-0.027552
-1.766476e-06	-0.025728
-1.764476e-06	-0.026944
-1.762476e-06	-0.02512
-1.760476e-06	-0.024816
-1.758476e-06	-0.025424
-1.756476e-06	-0.026032
-1.754476e-06	-0.027856
-1.752476e-06	-0.026944
-1.750476e-06	-0.027248
-1.748476e-06	-0.026336
-1.746476e-06	-0.028464
-1.744476e-06	-0.027248
-1.742476e-06	-0.027856
-1.740476e-06	-0.026944
-1.738476e-06	-0.02968
-1.736476e-06	-0.028464
-1.734476e-06	-0.026944
-1.732476e-06	-0.027552
-1.730476e-06	-0.02816
-1.728476e-06	-0.024816
-1.726476e-06	-0.026336
-1.724476e-06	-0.027248
-1.722476e-06	-0.02664
-1.720476e-06	-0.026944
-1.718476e-06	-0.026032
-1.716476e-06	-0.025424
-1.714476e-06	-0.02816
-1.712476e-06	-0.026944
-1.710476e-06	-0.027856
-1.708476e-06	-0.027248
-1.706476e-06	-0.029072
-1.704476e-06	-0.026336
-1.702476e-06	-0.025728
-1.700476e-06	-0.024208
-1.698476e-06	-0.024816
-1.696476e-06	-0.025424
-1.694476e-06	-0.025424
-1.692476e-06	-0.025728
-1.690476e-06	-0.025424
-1.688476e-06	-0.0236
-1.686476e-06	-0.024816
-1.684476e-06	-0.026032
-1.682476e-06	-0.02512
-1.680476e-06	-0.024512
-1.678476e-06	-0.025424
-1.676476e-06	-0.025728
-1.674476e-06	-0.026032
-1.672476e-06	-0.024208
-1.670476e-06	-0.0236
-1.668476e-06	-0.026944
-1.666476e-06	-0.027856
-1.664476e-06	-0.02816
-1.662476e-06	-0.026944
-1.660476e-06	-0.027856
-1.658476e-06	-0.02816
-1.656476e-06	-0.027248
-1.654476e-06	-0.026944
-1.652476e-06	-0.027552
-1.650476e-06	-0.029376
-1.648476e-06	-0.027248
-1.646476e-06	-0.026336
-1.644476e-06	-0.02664
-1.642476e-06	-0.027552
-1.640476e-06	-0.027856
-1.638476e-06	-0.02664
-1.636476e-06	-0.025728
-1.634476e-06	-0.02664
-1.632476e-06	-0.026336
-1.630476e-06	-0.027856
-1.628476e-06	-0.026336
-1.626476e-06	-0.027856
-1.624476e-06	-0.027856
-1.622476e-06	-0.027248
-1.620476e-06	-0.026944
-1.618476e-06	-0.027248
-1.616476e-06	-0.026944
-1.614476e-06	-0.027552
-1.612476e-06	-0.02664
-1.610476e-06	-0.02968
-1.608476e-06	-0.027552
-1.606476e-06	-0.028464
-1.604476e-06	-0.026032
-1.602476e-06	-0.029072
-1.600476e-06	-0.027552
-1.598476e-06	-0.027552
-1.596476e-06	-0.027552
-1.594476e-06	-0.030288
-1.592476e-06	-0.029072
-1.590476e-06	-0.026032
-1.588476e-06	-0.025424
-1.586476e-06	-0.027552
-1.584476e-06	-0.027552
-1.582476e-06	-0.026944
-1.580476e-06	-0.027248
-1.578476e-06	-0.02816
-1.576476e-06	-0.027552
-1.574476e-06	-0.029072
-1.572476e-06	-0.026336
-1.570476e-06	-0.026944
-1.568476e-06	-0.027856
-1.566476e-06	-0.026944
-1.564476e-06	-0.026944
-1.562476e-06	-0.029376
-1.560476e-06	-0.026944
-1.558476e-06	-0.026336
-1.556476e-06	-0.024512
-1.554476e-06	-0.026944
-1.552476e-06	-0.024816
-1.550476e-06	-0.026032
-1.548476e-06	-0.025728
-1.546476e-06	-0.026944
-1.544476e-06	-0.02664
-1.542476e-06	-0.02816
-1.540476e-06	-0.027552
-1.538476e-06	-0.027248
-1.536476e-06	-0.02512
-1.534476e-06	-0.024512
-1.532476e-06	-0.02512
-1.530476e-06	-0.025424
-1.528476e-06	-0.023904
-1.526476e-06	-0.024512
-1.524476e-06	-0.023904
-1.522476e-06	-0.02512
-1.520476e-06	-0.024512
-1.518476e-06	-0.025424
-1.516476e-06	-0.026336
-1.514476e-06	-0.025424
-1.512476e-06	-0.026336
-1.510476e-06	-0.023904
-1.508476e-06	-0.026032
-1.506476e-06	-0.02816
-1.504476e-06	-0.025424
-1.502476e-06	-0.02512
-1.500476e-06	-0.024512
-1.498476e-06	-0.026032
-1.496476e-06	-0.024512
-1.494476e-06	-0.02512
-1.492476e-06	-0.027248
-1.490476e-06	-0.026944
-1.488476e-06	-0.025424
-1.486476e-06	-0.026336
-1.484476e-06	-0.024512
-1.482476e-06	-0.023296
-1.480476e-06	-0.024512
-1.478476e-06	-0.025728
-1.476476e-06	-0.023296
-1.474476e-06	-0.023904
-1.472476e-06	-0.02512
-1.470476e-06	-0.023904
-1.468476e-06	-0.024208
-1.466476e-06	-0.026336
-1.464476e-06	-0.024512
-1.462476e-06	-0.0236
-1.460476e-06	-0.024512
-1.458476e-06	-0.025424
-1.456476e-06	-0.025728
-1.454476e-06	-0.024512
-1.452476e-06	-0.023904
-1.450476e-06	-0.027248
-1.448476e-06	-0.024512
-1.446476e-06	-0.024512
-1.444476e-06	-0.022688
-1.442476e-06	-0.026032
-1.440476e-06	-0.024816
-1.438476e-06	-0.024208
-1.436476e-06	-0.023904
-1.434476e-06	-0.025424
-1.432476e-06	-0.02664
-1.430476e-06	-0.024208
-1.428476e-06	-0.022992
-1.426476e-06	-0.024816
-1.424476e-06	-0.023904
-1.422476e-06	-0.024816
-1.420476e-06	-0.024816
-1.418476e-06	-0.022384
-1.416476e-06	-0.023904
-1.414476e-06	-0.025424
-1.412476e-06	-0.0236
-1.410476e-06	-0.026336
-1.408476e-06	-0.026336
-1.406476e-06	-0.023904
-1.404476e-06	-0.025728
-1.402476e-06	-0.027248
-1.400476e-06	-0.026336
-1.398476e-06	-0.026336
-1.396476e-06	-0.023904
-1.394476e-06	-0.023904
-1.392476e-06	-0.022384
-1.390476e-06	-0.0236
-1.388476e-06	-0.023904
-1.386476e-06	-0.024816
-1.384476e-06	-0.025728
-1.382476e-06	-0.027856
-1.380476e-06	-0.026032
-1.378476e-06	-0.02512
-1.376476e-06	-0.025424
-1.374476e-06	-0.025424
-1.372476e-06	-0.025424
-1.370476e-06	-0.026032
-1.368476e-06	-0.024816
-1.366476e-06	-0.0236
-1.364476e-06	-0.026336
-1.362476e-06	-0.027856
-1.360476e-06	-0.027552
-1.358476e-06	-0.026032
-1.356476e-06	-0.026032
-1.354476e-06	-0.027248
-1.352476e-06	-0.02512
-1.350476e-06	-0.027856
-1.348476e-06	-0.026336
-1.346476e-06	-0.027552
-1.344476e-06	-0.027856
-1.342476e-06	-0.026336
-1.340476e-06	-0.024816
-1.338476e-06	-0.02664
-1.336476e-06	-0.024816
-1.334476e-06	-0.026336
-1.332476e-06	-0.029072
-1.330476e-06	-0.027856
-1.328476e-06	-0.028768
-1.326476e-06	-0.026336
-1.324476e-06	-0.027856
-1.322476e-06	-0.027248
-1.320476e-06	-0.027248
-1.318476e-06	-0.026032
-1.316476e-06	-0.026032
-1.314476e-06	-0.029072
-1.312476e-06	-0.024512
-1.310476e-06	-0.024816
-1.308476e-06	-0.024208
-1.306476e-06	-0.027248
-1.304476e-06	-0.02664
-1.302476e-06	-0.026336
-1.300476e-06	-0.025728
-1.298476e-06	-0.026944
-1.296476e-06	-0.026944
-1.294476e-06	-0.027248
-1.292476e-06	-0.025424
-1.290476e-06	-0.02816
-1.288476e-06	-0.027552
-1.286476e-06	-0.027552
-1.284476e-06	-0.026336
-1.282476e-06	-0.02816
-1.280476e-06	-0.02816
-1.278476e-06	-0.026032
-1.276476e-06	-0.027248
-1.274476e-06	-0.026032
-1.272476e-06	-0.026032
-1.270476e-06	-0.023296
-1.268476e-06	-0.022688
-1.266476e-06	-0.0236
-1.264476e-06	-0.02512
-1.262476e-06	-0.026032
-1.260476e-06	-0.026032
-1.258476e-06	-0.027248
-1.256476e-06	-0.02664
-1.254476e-06	-0.024816
-1.252476e-06	-0.022688
-1.250476e-06	-0.0236
-1.248476e-06	-0.02664
-1.246476e-06	-0.026032
-1.244476e-06	-0.026944
-1.242476e-06	-0.026336
-1.240476e-06	-0.025424
-1.238476e-06	-0.02512
-1.236476e-06	-0.025728
-1.234476e-06	-0.027552
-1.232476e-06	-0.026032
-1.230476e-06	-0.026032
-1.228476e-06	-0.025728
-1.226476e-06	-0.027552
-1.224476e-06	-0.027552
-1.222476e-06	-0.027552
-1.220476e-06	-0.026032
-1.218476e-06	-0.028768
-1.216476e-06	-0.028464
-1.214476e-06	-0.025424
-1.212476e-06	-0.025424
-1.210476e-06	-0.029376
-1.208476e-06	-0.027552
-1.206476e-06	-0.028464
-1.204476e-06	-0.027552
-1.202476e-06	-0.027856
-1.200476e-06	-0.027552
-1.198476e-06	-0.026944
-1.196476e-06	-0.026336
-1.194476e-06	-0.025424
-1.192476e-06	-0.027856
-1.190476e-06	-0.024512
-1.188476e-06	-0.026032
-1.186476e-06	-0.026336
-1.184476e-06	-0.024208
-1.182476e-06	-0.023904
-1.180476e-06	-0.023904
-1.178476e-06	-0.023904
-1.176476e-06	-0.024208
-1.174476e-06	-0.023296
-1.172476e-06	-0.022992
-1.170476e-06	-0.025728
-1.168476e-06	-0.023904
-1.166476e-06	-0.024208
-1.164476e-06	-0.023904
-1.162476e-06	-0.02664
-1.160476e-06	-0.02664
-1.158476e-06	-0.024208
-1.156476e-06	-0.023904
-1.154476e-06	-0.02664
-1.152476e-06	-0.024816
-1.150476e-06	-0.026032
-1.148476e-06	-0.023296
-1.146476e-06	-0.026336
-1.144476e-06	-0.026336
-1.142476e-06	-0.026032
-1.140476e-06	-0.02512
-1.138476e-06	-0.029072
-1.136476e-06	-0.02664
-1.134476e-06	-0.025424
-1.132476e-06	-0.023296
-1.130476e-06	-0.027552
-1.128476e-06	-0.025424
-1.126476e-06	-0.024816
-1.124476e-06	-0.02512
-1.122476e-06	-0.027552
-1.120476e-06	-0.025728
-1.118476e-06	-0.02664
-1.116476e-06	-0.026032
-1.114476e-06	-0.025728
-1.112476e-06	-0.027552
-1.110476e-06	-0.028464
-1.108476e-06	-0.026336
-1.106476e-06	-0.027552
-1.104476e-06	-0.026944
-1.102476e-06	-0.026336
-1.100476e-06	-0.024208
-1.098476e-06	-0.026336
-1.096476e-06	-0.02664
-1.094476e-06	-0.026032
-1.092476e-06	-0.024512
-1.090476e-06	-0.026032
-1.088476e-06	-0.023904
-1.086476e-06	-0.025728
-1.084476e-06	-0.026032
-1.082476e-06	-0.026336
-1.080476e-06	-0.024512
-1.078476e-06	-0.02512
-1.076476e-06	-0.025424
-1.074476e-06	-0.02512
-1.072476e-06	-0.025424
-1.070476e-06	-0.025424
-1.068476e-06	-0.024208
-1.066476e-06	-0.0236
-1.064476e-06	-0.02512
-1.062476e-06	-0.024512
-1.060476e-06	-0.022688
-1.058476e-06	-0.025424
-1.056476e-06	-0.024512
-1.054476e-06	-0.023904
-1.052476e-06	-0.02056
-1.050476e-06	-0.024512
-1.048476e-06	-0.0236
-1.046476e-06	-0.024816
-1.044476e-06	-0.021168
-1.042476e-06	-0.02512
-1.040476e-06	-0.022688
-1.038476e-06	-0.024208
-1.036476e-06	-0.021472
-1.034476e-06	-0.022688
-1.032476e-06	-0.022688
-1.030476e-06	-0.022384
-1.028476e-06	-0.021168
-1.026476e-06	-0.021776
-1.024476e-06	-0.020864
-1.022476e-06	-0.022688
-1.020476e-06	-0.02208
-1.018476e-06	-0.023904
-1.016476e-06	-0.024208
-1.014476e-06	-0.024816
-1.012476e-06	-0.025424
-1.010476e-06	-0.023904
-1.008476e-06	-0.024512
-1.006476e-06	-0.023296
-1.004476e-06	-0.02512
-1.002476e-06	-0.023904
-1.000476e-06	-0.024512
-9.984759e-07	-0.023904
-9.964759e-07	-0.022688
-9.944759e-07	-0.022688
-9.924759e-07	-0.023296
-9.904759e-07	-0.022688
-9.884759e-07	-0.024208
-9.864759e-07	-0.024816
-9.844759e-07	-0.023904
-9.824759e-07	-0.023904
-9.804759e-07	-0.023904
-9.784759e-07	-0.024208
-9.764759e-07	-0.023904
-9.744759e-07	-0.02512
-9.724759e-07	-0.025728
-9.704759e-07	-0.025728
-9.684759e-07	-0.024208
-9.664759e-07	-0.022992
-9.644759e-07	-0.025424
-9.624759e-07	-0.029072
-9.604759e-07	-0.023904
-9.584759e-07	-0.026032
-9.564759e-07	-0.026032
-9.544759e-07	-0.024816
-9.524759e-07	-0.024512
-9.504759e-07	-0.025424
-9.484759e-07	-0.024816
-9.464759e-07	-0.02664
-9.444759e-07	-0.025424
-9.424759e-07	-0.02664
-9.404759e-07	-0.02664
-9.384759e-07	-0.024816
-9.364759e-07	-0.025728
-9.344759e-07	-0.026032
-9.324759e-07	-0.02512
-9.304759e-07	-0.026336
-9.284759e-07	-0.02816
-9.264759e-07	-0.025424
-9.244759e-07	-0.025728
-9.224759e-07	-0.024512
-9.204759e-07	-0.025728
-9.184759e-07	-0.02664
-9.164759e-07	-0.026944
-9.144759e-07	-0.026944
-9.124759e-07	-0.02664
-9.104759e-07	-0.025728
-9.084759e-07	-0.024816
-9.064759e-07	-0.025424
-9.044759e-07	-0.025728
-9.024759e-07	-0.025424
-9.004759e-07	-0.025424
-8.984759e-07	-0.026944
-8.964759e-07	-0.024512
-8.944759e-07	-0.02512
-8.924759e-07	-0.025424
-8.904759e-07	-0.027552
-8.884759e-07	-0.02512
-8.864759e-07	-0.02512
-8.844759e-07	-0.02512
-8.824759e-07	-0.026336
-8.804759e-07	-0.026032
-8.784759e-07	-0.024512
-8.764759e-07	-0.023904
-8.744759e-07	-0.028464
-8.724759e-07	-0.024512
-8.704759e-07	-0.0236
-8.684759e-07	-0.023904
-8.664759e-07	-0.024512
-8.644759e-07	-0.024208
-8.624759e-07	-0.024208
-8.604759e-07	-0.026032
-8.584759e-07	-0.028464
-8.564759e-07	-0.02664
-8.544759e-07	-0.024512
-8.524759e-07	-0.02512
-8.504759e-07	-0.025728
-8.484759e-07	-0.024512
-8.464759e-07	-0.023904
-8.444759e-07	-0.024512
-8.424759e-07	-0.024208
-8.404759e-07	-0.026032
-8.384759e-07	-0.026032
-8.364759e-07	-0.02664
-8.344759e-07	-0.023904
-8.324759e-07	-0.0236
-8.304759e-07	-0.024512
-8.284759e-07	-0.024816
-8.264759e-07	-0.0236
-8.244759e-07	-0.025424
-8.224759e-07	-0.022384
-8.204759e-07	-0.022384
-8.184759e-07	-0.021472
-8.164759e-07	-0.02208
-8.144759e-07	-0.021168
-8.124759e-07	-0.02056
-8.104759e-07	-0.024208
-8.084759e-07	-0.0236
-8.064759e-07	-0.022992
-8.044759e-07	-0.022992
-8.024759e-07	-0.0236
-8.004759e-07	-0.023296
-7.984759e-07	-0.023904
-7.964759e-07	-0.021776
-7.944759e-07	-0.02512
-7.924759e-07	-0.024816
-7.904759e-07	-0.022992
-7.884759e-07	-0.022688
-7.864759e-07	-0.022688
-7.844759e-07	-0.022992
-7.824759e-07	-0.021472
-7.804759e-07	-0.021776
-7.784759e-07	-0.021472
-7.764759e-07	-0.02208
-7.744759e-07	-0.021776
-7.724759e-07	-0.02208
-7.704759e-07	-0.021776
-7.684759e-07	-0.020256
-7.664759e-07	-0.021776
-7.644759e-07	-0.020864
-7.624759e-07	-0.0236
-7.604759e-07	-0.021776
-7.584759e-07	-0.021776
-7.564759e-07	-0.022688
-7.544759e-07	-0.02208
-7.524759e-07	-0.021472
-7.504759e-07	-0.02208
-7.484759e-07	-0.020256
-7.464759e-07	-0.023904
-7.444759e-07	-0.022384
-7.424759e-07	-0.021168
-7.404759e-07	-0.021168
-7.384759e-07	-0.023904
-7.364759e-07	-0.02512
-7.344759e-07	-0.022992
-7.324759e-07	-0.022992
-7.304759e-07	-0.02208
-7.284759e-07	-0.0236
-7.264759e-07	-0.022688
-7.244759e-07	-0.023296
-7.224759e-07	-0.0236
-7.204759e-07	-0.023296
-7.184759e-07	-0.0236
-7.164759e-07	-0.023296
-7.144759e-07	-0.026336
-7.124759e-07	-0.026032
-7.104759e-07	-0.025728
-7.084759e-07	-0.02512
-7.064759e-07	-0.024816
-7.044759e-07	-0.026032
-7.024759e-07	-0.02512
-7.004759e-07	-0.024816
-6.984759e-07	-0.02664
-6.964759e-07	-0.02512
-6.944759e-07	-0.023904
-6.924759e-07	-0.022992
-6.904759e-07	-0.026032
-6.884759e-07	-0.02512
-6.864759e-07	-0.025728
-6.844759e-07	-0.025424
-6.824759e-07	-0.02664
-6.804759e-07	-0.026336
-6.784759e-07	-0.025424
-6.764759e-07	-0.025424
-6.744759e-07	-0.026032
-6.724759e-07	-0.022688
-6.704759e-07	-0.022992
-6.684759e-07	-0.026336
-6.664759e-07	-0.02664
-6.644759e-07	-0.026032
-6.624759e-07	-0.024512
-6.604759e-07	-0.024208
-6.584759e-07	-0.027248
-6.564759e-07	-0.02512
-6.544759e-07	-0.025728
-6.524759e-07	-0.026944
-6.504759e-07	-0.025728
-6.484759e-07	-0.025728
-6.464759e-07	-0.026336
-6.444759e-07	-0.025728
-6.424759e-07	-0.02816
-6.404759e-07	-0.024816
-6.384759e-07	-0.024208
-6.364759e-07	-0.022688
-6.344759e-07	-0.02664
-6.324759e-07	-0.023904
-6.304759e-07	-0.023904
-6.284759e-07	-0.02512
-6.264759e-07	-0.025424
-6.244759e-07	-0.024208
-6.224759e-07	-0.023296
-6.204759e-07	-0.02512
-6.184759e-07	-0.02512
-6.164759e-07	-0.026944
-6.144759e-07	-0.026032
-6.124759e-07	-0.025728
-6.104759e-07	-0.026944
-6.084759e-07	-0.027856
-6.064759e-07	-0.024512
-6.044759e-07	-0.024816
-6.024759e-07	-0.02664
-6.004759e-07	-0.026944
-5.984759e-07	-0.025728
-5.964759e-07	-0.0236
-5.944759e-07	-0.027248
-5.924759e-07	-0.026944
-5.904759e-07	-0.026032
-5.884759e-07	-0.024512
-5.864759e-07	-0.025424
-5.844759e-07	-0.024512
-5.824759e-07	-0.025424
-5.804759e-07	-0.026944
-5.784759e-07	-0.025728
-5.764759e-07	-0.025728
-5.744759e-07	-0.026944
-5.724759e-07	-0.02512
-5.704759e-07	-0.026944
-5.684759e-07	-0.02664
-5.664759e-07	-0.026336
-5.644759e-07	-0.024816
-5.624759e-07	-0.024512
-5.604759e-07	-0.025728
-5.584759e-07	-0.025424
-5.564759e-07	-0.021168
-5.544759e-07	-0.024512
-5.524759e-07	-0.021776
-5.504759e-07	-0.023904
-5.484759e-07	-0.023904
-5.464759e-07	-0.025728
-5.444759e-07	-0.024208
-5.424759e-07	-0.025424
-5.404759e-07	-0.024208
-5.384759e-07	-0.026336
-5.364759e-07	-0.025424
-5.344759e-07	-0.0236
-5.324759e-07	-0.022992
-5.304759e-07	-0.024512
-5.284759e-07	-0.024816
-5.264759e-07	-0.0236
-5.244759e-07	-0.024512
-5.224759e-07	-0.022992
-5.204759e-07	-0.025728
-5.184759e-07	-0.022992
-5.164759e-07	-0.025424
-5.144759e-07	-0.027248
-5.124759e-07	-0.02664
-5.104759e-07	-0.025728
-5.084759e-07	-0.027248
-5.064759e-07	-0.026944
-5.044759e-07	-0.025728
-5.024759e-07	-0.026944
-5.004759e-07	-0.02664
-4.984759e-07	-0.025728
-4.964759e-07	-0.02512
-4.944759e-07	-0.024816
-4.924759e-07	-0.027248
-4.904759e-07	-0.025424
-4.884759e-07	-0.023904
-4.864759e-07	-0.023296
-4.844759e-07	-0.024512
-4.824759e-07	-0.025424
-4.804759e-07	-0.025728
-4.784759e-07	-0.0236
-4.764759e-07	-0.02512
-4.744759e-07	-0.026032
-4.724759e-07	-0.025424
-4.704759e-07	-0.023296
-4.684759e-07	-0.024512
-4.664759e-07	-0.025728
-4.644759e-07	-0.027248
-4.624759e-07	-0.024512
-4.604759e-07	-0.022992
-4.584759e-07	-0.024816
-4.564759e-07	-0.025728
-4.544759e-07	-0.024816
-4.524759e-07	-0.026032
-4.504759e-07	-0.026336
-4.484759e-07	-0.026032
-4.464759e-07	-0.02664
-4.444759e-07	-0.02512
-4.424759e-07	-0.027856
-4.404759e-07	-0.026336
-4.384759e-07	-0.02512
-4.364759e-07	-0.025728
-4.344759e-07	-0.02664
-4.324759e-07	-0.027248
-4.304759e-07	-0.027552
-4.284759e-07	-0.025424
-4.264759e-07	-0.02664
-4.244759e-07	-0.026944
-4.224759e-07	-0.02664
-4.204759e-07	-0.026032
-4.184759e-07	-0.027552
-4.164759e-07	-0.02512
-4.144759e-07	-0.026944
-4.124759e-07	-0.026336
-4.104759e-07	-0.028464
-4.084759e-07	-0.026336
-4.064759e-07	-0.025424
-4.044759e-07	-0.026944
-4.024759e-07	-0.02816
-4.004759e-07	-0.026336
-3.984759e-07	-0.028464
-3.964759e-07	-0.028464
-3.944759e-07	-0.026944
-3.924759e-07	-0.025424
-3.904759e-07	-0.026032
-3.884759e-07	-0.02816
-3.864759e-07	-0.029984
-3.844759e-07	-0.024208
-3.824759e-07	-0.027552
-3.804759e-07	-0.027552
-3.784759e-07	-0.029072
-3.764759e-07	-0.02816
-3.744759e-07	-0.024208
-3.724759e-07	-0.025424
-3.704759e-07	-0.029376
-3.684759e-07	-0.027856
-3.664759e-07	-0.029072
-3.644759e-07	-0.026336
-3.624759e-07	-0.026032
-3.604759e-07	-0.027856
-3.584759e-07	-0.029072
-3.564759e-07	-0.02512
-3.544759e-07	-0.026944
-3.524759e-07	-0.025424
-3.504759e-07	-0.026944
-3.484759e-07	-0.02664
-3.464759e-07	-0.029072
-3.444759e-07	-0.027552
-3.424759e-07	-0.027856
-3.404759e-07	-0.027248
-3.384759e-07	-0.030288
-3.364759e-07	-0.029984
-3.344759e-07	-0.027552
-3.324759e-07	-0.027248
-3.304759e-07	-0.028768
-3.284759e-07	-0.026336
-3.264759e-07	-0.027248
-3.244759e-07	-0.029984
-3.224759e-07	-0.029984
-3.204759e-07	-0.026336
-3.184759e-07	-0.024816
-3.164759e-07	-0.025728
-3.144759e-07	-0.030288
-3.124759e-07	-0.030896
-3.104759e-07	-0.027552
-3.084759e-07	-0.02512
-3.064759e-07	-0.02816
-3.044759e-07	-0.029984
-3.024759e-07	-0.02816
-3.004759e-07	-0.024816
-2.984759e-07	-0.028768
-2.964759e-07	-0.026336
-2.944759e-07	-0.026944
-2.924759e-07	-0.024512
-2.904759e-07	-0.02816
-2.884759e-07	-0.026032
-2.864759e-07	-0.027248
-2.844759e-07	-0.02816
-2.824759e-07	-0.02968
-2.804759e-07	-0.027856
-2.784759e-07	-0.027856
-2.764759e-07	-0.029376
-2.744759e-07	-0.027552
-2.724759e-07	-0.02664
-2.704759e-07	-0.025728
-2.684759e-07	-0.027552
-2.664759e-07	-0.025424
-2.644759e-07	-0.026944
-2.624759e-07	-0.026944
-2.604759e-07	-0.02512
-2.584759e-07	-0.027248
-2.564759e-07	-0.026336
-2.544759e-07	-0.02512
-2.524759e-07	-0.026032
-2.504759e-07	-0.026032
-2.484759e-07	-0.025424
-2.464759e-07	-0.024208
-2.444759e-07	-0.0236
-2.424759e-07	-0.0236
-2.404759e-07	-0.022992
-2.384759e-07	-0.024512
-2.364759e-07	-0.023296
-2.344759e-07	-0.026032
-2.324759e-07	-0.026032
-2.304759e-07	-0.025424
-2.284759e-07	-0.024816
-2.264759e-07	-0.027248
-2.244759e-07	-0.025728
-2.224759e-07	-0.025424
-2.204759e-07	-0.026944
-2.184759e-07	-0.026944
-2.164759e-07	-0.026944
-2.144759e-07	-0.026944
-2.124759e-07	-0.02512
-2.104759e-07	-0.025424
-2.084759e-07	-0.025728
-2.064759e-07	-0.026032
-2.044759e-07	-0.026032
-2.024759e-07	-0.027552
-2.004759e-07	-0.027248
-1.984759e-07	-0.026944
-1.964759e-07	-0.026032
-1.944759e-07	-0.028768
-1.924759e-07	-0.026944
-1.904759e-07	-0.025424
-1.884759e-07	-0.024208
-1.864759e-07	-0.026336
-1.844759e-07	-0.026944
-1.824759e-07	-0.023296
-1.804759e-07	-0.023904
-1.784759e-07	-0.026032
-1.764759e-07	-0.027856
-1.744759e-07	-0.02664
-1.724759e-07	-0.024816
-1.704759e-07	-0.026336
-1.684759e-07	-0.024816
-1.664759e-07	-0.027248
-1.644759e-07	-0.026336
-1.624759e-07	-0.02664
-1.604759e-07	-0.026336
-1.584759e-07	-0.023904
-1.564759e-07	-0.0236
-1.544759e-07	-0.024816
-1.524759e-07	-0.025424
-1.504759e-07	-0.026032
-1.484759e-07	-0.026032
-1.464759e-07	-0.026944
-1.444759e-07	-0.027856
-1.424759e-07	-0.026032
-1.404759e-07	-0.024816
-1.384759e-07	-0.023296
-1.364759e-07	-0.026032
-1.344759e-07	-0.0236
-1.324759e-07	-0.026336
-1.304759e-07	-0.025424
-1.284759e-07	-0.026032
-1.264759e-07	-0.024512
-1.244759e-07	-0.025424
-1.224759e-07	-0.02664
-1.204759e-07	-0.026944
-1.184759e-07	-0.026944
-1.164759e-07	-0.023296
-1.144759e-07	-0.02664
-1.124759e-07	-0.026336
-1.104759e-07	-0.024512
-1.084759e-07	-0.024816
-1.064759e-07	-0.025424
-1.044759e-07	-0.024512
-1.024759e-07	-0.022992
-1.004759e-07	-0.024208
-9.847589e-08	-0.027552
-9.647589e-08	-0.025424
-9.447589e-08	-0.026336
-9.247589e-08	-0.02512
-9.047589e-08	-0.023904
-8.847589e-08	-0.023904
-8.647589e-08	-0.025728
-8.447589e-08	-0.024208
-8.247589e-08	-0.026944
-8.047589e-08	-0.02664
-7.847589e-08	-0.025728
-7.647589e-08	-0.026944
-7.447589e-08	-0.027248
-7.247589e-08	-0.026032
-7.047589e-08	-0.025424
-6.847589e-08	-0.025424
-6.647589e-08	-0.02664
-6.447589e-08	-0.026032
-6.247589e-08	-0.02512
-6.047589e-08	-0.023904
-5.847589e-08	-0.025424
-5.647589e-08	-0.0236
-5.447589e-08	-0.024512
-5.247589e-08	-0.024208
-5.047589e-08	-0.023296
-4.847589e-08	-0.023904
-4.647589e-08	-0.024816
-4.447589e-08	-0.025424
-4.247589e-08	-0.023904
-4.047589e-08	-0.022992
-3.847589e-08	-0.022384
-3.647589e-08	-0.02512
-3.447589e-08	-0.023904
-3.247589e-08	-0.023904
-3.047589e-08	-0.022992
-2.847589e-08	-0.022384
-2.647589e-08	-0.026944
-2.447589e-08	-0.02664
-2.247589e-08	-0.02512
-2.047589e-08	-0.02512
-1.847589e-08	-0.02512
-1.647589e-08	-0.025728
-1.447589e-08	-0.026336
-1.247589e-08	-0.025424
-1.047589e-08	-0.0236
-8.475894e-09	-0.026032
-6.475894e-09	-0.026336
-4.475894e-09	-0.024816
-2.475894e-09	-0.025728
-4.75894e-10	-0.024816
1.524106e-09	-0.026336
3.524106e-09	-0.02512
5.524106e-09	-0.023904
7.524106e-09	-0.026336
9.524106e-09	-0.024208
1.152411e-08	-0.024512
1.352411e-08	-0.027248
1.552411e-08	-0.027856
1.752411e-08	-0.023904
1.952411e-08	-0.026336
2.152411e-08	-0.026032
2.352411e-08	-0.024512
2.552411e-08	-0.02512
2.752411e-08	-0.024512
2.952411e-08	-0.02512
3.152411e-08	-0.02816
3.352411e-08	-0.02512
3.552411e-08	-0.02512
3.752411e-08	-0.025424
3.952411e-08	-0.02512
4.152411e-08	-0.02512
4.352411e-08	-0.026336
4.552411e-08	-0.02664
4.752411e-08	-0.025728
4.952411e-08	-0.02664
5.152411e-08	-0.023904
5.352411e-08	-0.026336
5.552411e-08	-0.026944
5.752411e-08	-0.024816
5.952411e-08	-0.024512
6.152411e-08	-0.026032
6.352411e-08	-0.024816
6.552411e-08	-0.024208
6.752411e-08	-0.024512
6.952411e-08	-0.026032
7.152411e-08	-0.02512
7.352411e-08	-0.023904
7.552411e-08	-0.024512
7.752411e-08	-0.026032
7.952411e-08	-0.02816
8.152411e-08	-0.026944
8.352411e-08	-0.026032
8.552411e-08	-0.029072
8.752411e-08	-0.027248
8.952411e-08	-0.025728
9.152411e-08	-0.026336
9.352411e-08	-0.027856
9.552411e-08	-0.027552
9.752411e-08	-0.025424
9.952411e-08	-0.02664
1.015241e-07	-0.026336
1.035241e-07	-0.026944
1.055241e-07	-0.027856
1.075241e-07	-0.027248
1.095241e-07	-0.027856
1.115241e-07	-0.02816
1.135241e-07	-0.026944
1.155241e-07	-0.026944
1.175241e-07	-0.02816
1.195241e-07	-0.027248
1.215241e-07	-0.027248
1.235241e-07	-0.026944
1.255241e-07	-0.028768
1.275241e-07	-0.027856
1.295241e-07	-0.023904
1.315241e-07	-0.01752
1.335241e-07	-0.006576
1.355241e-07	0.01896
1.375241e-07	0.054224
1.395241e-07	0.10408
1.415241e-07	0.15576
1.435241e-07	0.211088
1.455241e-07	0.26824
1.475241e-07	0.326304
1.495241e-07	0.37768
1.515241e-07	0.426624
1.535241e-07	0.470704
1.555241e-07	0.51448
1.575241e-07	0.550048
1.595241e-07	0.586528
1.615241e-07	0.61176
1.635241e-07	0.636992
1.655241e-07	0.658272
1.675241e-07	0.676816
1.695241e-07	0.688976
1.715241e-07	0.702352
1.735241e-07	0.709344
1.755241e-07	0.714816
1.775241e-07	0.715424
1.795241e-07	0.71816
1.815241e-07	0.715728
1.835241e-07	0.712384
1.855241e-07	0.705392
1.875241e-07	0.700224
1.895241e-07	0.689584
1.915241e-07	0.681984
1.935241e-07	0.66648
1.955241e-07	0.656144
1.975241e-07	0.643376
1.995241e-07	0.629696
2.015241e-07	0.616928
2.035241e-07	0.601424
2.055241e-07	0.585312
2.075241e-07	0.569808
2.095241e-07	0.553392
2.115241e-07	0.5388
2.135241e-07	0.521776
2.155241e-07	0.506272
2.175241e-07	0.488336
2.195241e-07	0.474048
2.215241e-07	0.459456
2.235241e-07	0.442736
2.255241e-07	0.42784
2.275241e-07	0.413552
2.295241e-07	0.398048
2.315241e-07	0.381024
2.335241e-07	0.366736
2.355241e-07	0.353968
2.375241e-07	0.33816
2.395241e-07	0.32752
2.415241e-07	0.312624
2.435241e-07	0.302288
2.455241e-07	0.288912
2.475241e-07	0.276144
2.495241e-07	0.264592
2.515241e-07	0.256688
2.535241e-07	0.241792
2.555241e-07	0.227808
2.575241e-07	0.220208
2.595241e-07	0.212304
2.615241e-07	0.201664
2.635241e-07	0.191024
2.655241e-07	0.1816
2.675241e-07	0.174304
2.695241e-07	0.165488
2.715241e-07	0.15728
2.735241e-07	0.149376
2.755241e-07	0.1436
2.775241e-07	0.136
2.795241e-07	0.130832
2.815241e-07	0.122624
2.835241e-07	0.118064
2.855241e-07	0.109856
2.875241e-07	0.104688
2.895241e-07	0.098912
2.915241e-07	0.093744
2.935241e-07	0.08888
2.955241e-07	0.084624
2.975241e-07	0.079456
2.995241e-07	0.078848
3.015241e-07	0.07216
3.035241e-07	0.066688
3.055241e-07	0.065472
3.075241e-07	0.06152
3.095241e-07	0.057568
3.115241e-07	0.055136
3.135241e-07	0.053008
3.155241e-07	0.05088
3.175241e-07	0.047232
3.195241e-07	0.046624
3.215241e-07	0.042368
3.235241e-07	0.04024
3.255241e-07	0.038416
3.275241e-07	0.038112
3.295241e-07	0.034768
3.315241e-07	0.033248
3.335241e-07	0.028992
3.355241e-07	0.029296
3.375241e-07	0.027472
3.395241e-07	0.026864
3.415241e-07	0.02504
3.435241e-07	0.024432
3.455241e-07	0.021392
3.475241e-07	0.019872
3.495241e-07	0.018352
3.515241e-07	0.01896
3.535241e-07	0.018048
3.555241e-07	0.018656
3.575241e-07	0.01592
3.595241e-07	0.016832
3.615241e-07	0.013488
3.635241e-07	0.01288
3.655241e-07	0.011056
3.675241e-07	0.011968
3.695241e-07	0.011968
3.715241e-07	0.009536
3.735241e-07	0.007408
3.755241e-07	0.007104
3.775241e-07	0.006496
3.795241e-07	0.006192
3.815241e-07	0.004976
3.835241e-07	0.005888
3.855241e-07	0.00376
3.875241e-07	0.004368
3.895241e-07	0.000416
3.915241e-07	0.00224
3.935241e-07	0.00072
3.955241e-07	0.001024
3.975241e-07	-0.000496
3.995241e-07	-0.0008
4.015241e-07	0.001632
4.035241e-07	0.001024
4.055241e-07	-0.001712
4.075241e-07	-0.002624
4.095241e-07	-0.000496
4.115241e-07	-0.00232
4.135241e-07	-0.002624
4.155241e-07	-0.003536
4.175241e-07	-0.00384
4.195241e-07	-0.005664
4.215241e-07	-0.006272
4.235241e-07	-0.005664
4.255241e-07	-0.005056
4.275241e-07	-0.007184
4.295241e-07	-0.00536
4.315241e-07	-0.007184
4.335241e-07	-0.008704
4.355241e-07	-0.009312
4.375241e-07	-0.009616
4.395241e-07	-0.009312
4.415241e-07	-0.0084
4.435241e-07	-0.009008
4.455241e-07	-0.009008
4.475241e-07	-0.010528
4.495241e-07	-0.010832
4.515241e-07	-0.010224
4.535241e-07	-0.01144
4.555241e-07	-0.014176
4.575241e-07	-0.012656
4.595241e-07	-0.01296
4.615241e-07	-0.014784
4.635241e-07	-0.014176
4.655241e-07	-0.016912
4.675241e-07	-0.016304
4.695241e-07	-0.016
4.715241e-07	-0.018128
4.735241e-07	-0.016912
4.755241e-07	-0.019648
4.775241e-07	-0.01904
4.795241e-07	-0.01904
4.815241e-07	-0.019648
4.835241e-07	-0.021472
4.855241e-07	-0.021168
4.875241e-07	-0.019648
4.895241e-07	-0.02208
4.915241e-07	-0.020864
4.935241e-07	-0.022384
4.955241e-07	-0.022688
4.975241e-07	-0.025424
4.995241e-07	-0.022384
5.015241e-07	-0.024208
5.035241e-07	-0.025424
5.055241e-07	-0.022992
5.075241e-07	-0.024208
5.095241e-07	-0.027248
5.115241e-07	-0.024512
5.135241e-07	-0.023904
5.155241e-07	-0.02512
5.175241e-07	-0.028464
5.195241e-07	-0.028768
5.215241e-07	-0.025728
5.235241e-07	-0.02664
5.255241e-07	-0.031808
5.275241e-07	-0.028768
5.295241e-07	-0.028464
5.315241e-07	-0.030288
5.335241e-07	-0.031808
5.355241e-07	-0.031808
5.375241e-07	-0.031808
5.395241e-07	-0.030592
5.415241e-07	-0.032416
5.435241e-07	-0.032416
5.455241e-07	-0.0312
5.475241e-07	-0.033632
5.495241e-07	-0.033328
5.515241e-07	-0.033328
5.535241e-07	-0.03272
5.555241e-07	-0.0312
5.575241e-07	-0.03424
5.595241e-07	-0.033632
5.615241e-07	-0.034544
5.635241e-07	-0.033328
5.655241e-07	-0.03424
5.675241e-07	-0.034544
5.695241e-07	-0.031504
5.715241e-07	-0.03272
5.735241e-07	-0.03424
5.755241e-07	-0.031808
5.775241e-07	-0.035152
5.795241e-07	-0.03424
5.815241e-07	-0.03576
5.835241e-07	-0.034848
5.855241e-07	-0.035152
5.875241e-07	-0.03424
5.895241e-07	-0.036064
5.915241e-07	-0.033024
5.935241e-07	-0.034848
5.955241e-07	-0.035152
5.975241e-07	-0.033632
5.995241e-07	-0.03576
6.015241e-07	-0.033024
6.035241e-07	-0.035456
6.055241e-07	-0.034848
6.075241e-07	-0.033632
6.095241e-07	-0.035456
6.115241e-07	-0.033328
6.135241e-07	-0.033632
6.155241e-07	-0.033632
6.175241e-07	-0.033328
6.195241e-07	-0.03272
6.215241e-07	-0.033024
6.235241e-07	-0.032112
6.255241e-07	-0.033024
6.275241e-07	-0.034544
6.295241e-07	-0.03272
6.315241e-07	-0.034544
6.335241e-07	-0.03424
6.355241e-07	-0.03424
6.375241e-07	-0.033936
6.395241e-07	-0.035152
6.415241e-07	-0.031808
6.435241e-07	-0.032416
6.455241e-07	-0.03424
6.475241e-07	-0.032416
6.495241e-07	-0.030896
6.515241e-07	-0.032112
6.535241e-07	-0.032112
6.555241e-07	-0.029984
6.575241e-07	-0.027856
6.595241e-07	-0.027856
6.615241e-07	-0.029376
6.635241e-07	-0.02816
6.655241e-07	-0.031504
6.675241e-07	-0.029984
6.695241e-07	-0.027552
6.715241e-07	-0.027552
6.735241e-07	-0.027856
6.755241e-07	-0.026944
6.775241e-07	-0.02968
6.795241e-07	-0.026944
6.815241e-07	-0.026032
6.835241e-07	-0.028464
6.855241e-07	-0.027552
6.875241e-07	-0.024208
6.895241e-07	-0.0236
6.915241e-07	-0.025424
6.935241e-07	-0.027552
6.955241e-07	-0.023296
6.975241e-07	-0.021168
6.995241e-07	-0.021472
7.015241e-07	-0.0236
7.035241e-07	-0.024512
7.055241e-07	-0.02208
7.075241e-07	-0.020864
7.095241e-07	-0.022384
7.115241e-07	-0.020256
7.135241e-07	-0.02056
7.155241e-07	-0.01752
7.175241e-07	-0.021168
7.195241e-07	-0.01904
7.215241e-07	-0.018128
7.235241e-07	-0.018128
7.255241e-07	-0.018432
7.275241e-07	-0.016608
7.295241e-07	-0.01904
7.315241e-07	-0.017824
7.335241e-07	-0.01752
7.355241e-07	-0.016912
7.375241e-07	-0.018736
7.395241e-07	-0.016608
7.415241e-07	-0.016304
7.435241e-07	-0.017216
7.455241e-07	-0.015696
7.475241e-07	-0.01448
7.495241e-07	-0.013568
7.515241e-07	-0.015088
7.535241e-07	-0.015392
7.555241e-07	-0.015696
7.575241e-07	-0.015392
7.595241e-07	-0.016
7.615241e-07	-0.015088
7.635241e-07	-0.013872
7.655241e-07	-0.015088
7.675241e-07	-0.013568
7.695241e-07	-0.014784
7.715241e-07	-0.014176
7.735241e-07	-0.015088
7.755241e-07	-0.016
7.775241e-07	-0.014176
7.795241e-07	-0.016912
7.815241e-07	-0.015088
7.835241e-07	-0.016
7.855241e-07	-0.015696
7.875241e-07	-0.016304
7.895241e-07	-0.01752
7.915241e-07	-0.017824
7.935241e-07	-0.014784
7.955241e-07	-0.015392
7.975241e-07	-0.01752
7.995241e-07	-0.016912
8.015241e-07	-0.016608
8.035241e-07	-0.016608
8.055241e-07	-0.016608
8.075241e-07	-0.016304
8.095241e-07	-0.016
8.115241e-07	-0.017824
8.135241e-07	-0.019344
8.155241e-07	-0.016608
8.175241e-07	-0.017216
8.195241e-07	-0.016
8.215241e-07	-0.017216
8.235241e-07	-0.016608
8.255241e-07	-0.016912
8.275241e-07	-0.017824
8.295241e-07	-0.019952
8.315241e-07	-0.018128
8.335241e-07	-0.018736
8.355241e-07	-0.01752
8.375241e-07	-0.019344
8.395241e-07	-0.019952
8.415241e-07	-0.020256
8.435241e-07	-0.02056
8.455241e-07	-0.022384
8.475241e-07	-0.02056
8.495241e-07	-0.023296
8.515241e-07	-0.020864
8.535241e-07	-0.021168
8.555241e-07	-0.020864
8.575241e-07	-0.023296
8.595241e-07	-0.02208
8.615241e-07	-0.022688
8.635241e-07	-0.022688
8.655241e-07	-0.021168
8.675241e-07	-0.022384
8.695241e-07	-0.021776
8.715241e-07	-0.021168
8.735241e-07	-0.021168
8.755241e-07	-0.02056
8.775241e-07	-0.021472
8.795241e-07	-0.02056
8.815241e-07	-0.020256
8.835241e-07	-0.022992
8.855241e-07	-0.024512
8.875241e-07	-0.024208
8.895241e-07	-0.023904
8.915241e-07	-0.02512
8.935241e-07	-0.024208
8.955241e-07	-0.024816
8.975241e-07	-0.02512
8.995241e-07	-0.022992
9.015241e-07	-0.0236
9.035241e-07	-0.023296
9.055241e-07	-0.02512
9.075241e-07	-0.0236
9.095241e-07	-0.02512
9.115241e-07	-0.026032
9.135241e-07	-0.025728
9.155241e-07	-0.023904
9.175241e-07	-0.027856
9.195241e-07	-0.026336
9.215241e-07	-0.025728
9.235241e-07	-0.026032
9.255241e-07	-0.02816
9.275241e-07	-0.026944
9.295241e-07	-0.027552
9.315241e-07	-0.026944
9.335241e-07	-0.027552
9.355241e-07	-0.028464
9.375241e-07	-0.028768
9.395241e-07	-0.026032
9.415241e-07	-0.029984
9.435241e-07	-0.026032
9.455241e-07	-0.027856
9.475241e-07	-0.028464
9.495241e-07	-0.029984
9.515241e-07	-0.0312
9.535241e-07	-0.029072
9.555241e-07	-0.02968
9.575241e-07	-0.030288
9.595241e-07	-0.029984
9.615241e-07	-0.029984
9.635241e-07	-0.028464
9.655241e-07	-0.028768
9.675241e-07	-0.026944
9.695241e-07	-0.030592
9.715241e-07	-0.02968
9.735241e-07	-0.031504
9.755241e-07	-0.030896
9.775241e-07	-0.030592
9.795241e-07	-0.031504
9.815241e-07	-0.032112
9.835241e-07	-0.030896
9.855241e-07	-0.02968
9.875241e-07	-0.029376
9.895241e-07	-0.030592
9.915241e-07	-0.033328
9.935241e-07	-0.030288
9.955241e-07	-0.0312
9.975241e-07	-0.0312
9.995241e-07	-0.032416
1.001524e-06	-0.030592
1.003524e-06	-0.030592
1.005524e-06	-0.030896
1.007524e-06	-0.0312
1.009524e-06	-0.02968
1.011524e-06	-0.0312
1.013524e-06	-0.033328
1.015524e-06	-0.0312
1.017524e-06	-0.030288
1.019524e-06	-0.031808
1.021524e-06	-0.0312
1.023524e-06	-0.0312
1.025524e-06	-0.030288
1.027524e-06	-0.032416
1.029524e-06	-0.032416
1.031524e-06	-0.033936
1.033524e-06	-0.030288
1.035524e-06	-0.0312
1.037524e-06	-0.03272
1.039524e-06	-0.033328
1.041524e-06	-0.030896
1.043524e-06	-0.029072
1.045524e-06	-0.0312
1.047524e-06	-0.030896
1.049524e-06	-0.031504
1.051524e-06	-0.032416
1.053524e-06	-0.03272
1.055524e-06	-0.0312
1.057524e-06	-0.0312
1.059524e-06	-0.0312
1.061524e-06	-0.033936
1.063524e-06	-0.0312
1.065524e-06	-0.031808
1.067524e-06	-0.029376
1.069524e-06	-0.031504
1.071524e-06	-0.030896
1.073524e-06	-0.030592
1.075524e-06	-0.029376
1.077524e-06	-0.032112
1.079524e-06	-0.02968
1.081524e-06	-0.030288
1.083524e-06	-0.031504
1.085524e-06	-0.031808
1.087524e-06	-0.028464
1.089524e-06	-0.029984
1.091524e-06	-0.027856
1.093524e-06	-0.026032
1.095524e-06	-0.02816
1.097524e-06	-0.027248
1.099524e-06	-0.026032
1.101524e-06	-0.025728
1.103524e-06	-0.026336
1.105524e-06	-0.026032
1.107524e-06	-0.026336
1.109524e-06	-0.023296
1.111524e-06	-0.025424
1.113524e-06	-0.0236
1.115524e-06	-0.022384
1.117524e-06	-0.02512
1.119524e-06	-0.024816
1.121524e-06	-0.024512
1.123524e-06	-0.024512
1.125524e-06	-0.024512
1.127524e-06	-0.025424
1.129524e-06	-0.022688
1.131524e-06	-0.022992
1.133524e-06	-0.0236
1.135524e-06	-0.022688
1.137524e-06	-0.02208
1.139524e-06	-0.01904
1.141524e-06	-0.020864
1.143524e-06	-0.021776
1.145524e-06	-0.02208
1.147524e-06	-0.021776
1.149524e-06	-0.021168
1.151524e-06	-0.021776
1.153524e-06	-0.02208
1.155524e-06	-0.019952
1.157524e-06	-0.019648
1.159524e-06	-0.019952
1.161524e-06	-0.018736
1.163524e-06	-0.021472
1.165524e-06	-0.021168
1.167524e-06	-0.021168
1.169524e-06	-0.019344
1.171524e-06	-0.019344
1.173524e-06	-0.019344
1.175524e-06	-0.019344
1.177524e-06	-0.020864
1.179524e-06	-0.020864
1.181524e-06	-0.02056
1.183524e-06	-0.019648
1.185524e-06	-0.01904
1.187524e-06	-0.019648
1.189524e-06	-0.01904
1.191524e-06	-0.020256
1.193524e-06	-0.01904
1.195524e-06	-0.018432
1.197524e-06	-0.018128
1.199524e-06	-0.018128
1.201524e-06	-0.016608
1.203524e-06	-0.01752
1.205524e-06	-0.018432
1.207524e-06	-0.018736
1.209524e-06	-0.017216
1.211524e-06	-0.016912
1.213524e-06	-0.01752
1.215524e-06	-0.01904
1.217524e-06	-0.01904
1.219524e-06	-0.018432
1.221524e-06	-0.018128
1.223524e-06	-0.016912
1.225524e-06	-0.016912
1.227524e-06	-0.018128
1.229524e-06	-0.019648
1.231524e-06	-0.018736
1.233524e-06	-0.017824
1.235524e-06	-0.017216
1.237524e-06	-0.018128
1.239524e-06	-0.017824
1.241524e-06	-0.018128
1.243524e-06	-0.017824
1.245524e-06	-0.01904
1.247524e-06	-0.019344
1.249524e-06	-0.020256
1.251524e-06	-0.016608
1.253524e-06	-0.01904
1.255524e-06	-0.019648
1.257524e-06	-0.017824
1.259524e-06	-0.018128
1.261524e-06	-0.019344
1.263524e-06	-0.01904
1.265524e-06	-0.018432
1.267524e-06	-0.020864
1.269524e-06	-0.01904
1.271524e-06	-0.019648
1.273524e-06	-0.018432
1.275524e-06	-0.019648
1.277524e-06	-0.02056
1.279524e-06	-0.019952
1.281524e-06	-0.019952
1.283524e-06	-0.019952
1.285524e-06	-0.019952
1.287524e-06	-0.018736
1.289524e-06	-0.019648
1.291524e-06	-0.019648
1.293524e-06	-0.020864
1.295524e-06	-0.019344
1.297524e-06	-0.019648
1.299524e-06	-0.019648
1.301524e-06	-0.02208
1.303524e-06	-0.019952
1.305524e-06	-0.019952
1.307524e-06	-0.018736
1.309524e-06	-0.021168
1.311524e-06	-0.019648
1.313524e-06	-0.02056
1.315524e-06	-0.021472
1.317524e-06	-0.022992
1.319524e-06	-0.020256
1.321524e-06	-0.020864
1.323524e-06	-0.02208
1.325524e-06	-0.0236
1.327524e-06	-0.020864
1.329524e-06	-0.020864
1.331524e-06	-0.023296
1.333524e-06	-0.023296
1.335524e-06	-0.021776
1.337524e-06	-0.022992
1.339524e-06	-0.02208
1.341524e-06	-0.022992
1.343524e-06	-0.022688
1.345524e-06	-0.022688
1.347524e-06	-0.025424
1.349524e-06	-0.026336
1.351524e-06	-0.02664
1.353524e-06	-0.02512
1.355524e-06	-0.025424
1.357524e-06	-0.024816
1.359524e-06	-0.026032
1.361524e-06	-0.026032
1.363524e-06	-0.026336
1.365524e-06	-0.026336
1.367524e-06	-0.026032
1.369524e-06	-0.02512
1.371524e-06	-0.026032
1.373524e-06	-0.02816
1.375524e-06	-0.028464
1.377524e-06	-0.027856
1.379524e-06	-0.025728
1.381524e-06	-0.029376
1.383524e-06	-0.027552
1.385524e-06	-0.029376
1.387524e-06	-0.028464
1.389524e-06	-0.029072
1.391524e-06	-0.027856
1.393524e-06	-0.029376
1.395524e-06	-0.029376
1.397524e-06	-0.02968
1.399524e-06	-0.029072
1.401524e-06	-0.030288
1.403524e-06	-0.030592
1.405524e-06	-0.02968
1.407524e-06	-0.029984
1.409524e-06	-0.029072
1.411524e-06	-0.028464
1.413524e-06	-0.02968
1.415524e-06	-0.028464
1.417524e-06	-0.030288
1.419524e-06	-0.029072
1.421524e-06	-0.028768
1.423524e-06	-0.029072
1.425524e-06	-0.030592
1.427524e-06	-0.030896
1.429524e-06	-0.032416
1.431524e-06	-0.02968
1.433524e-06	-0.029984
1.435524e-06	-0.029984
1.437524e-06	-0.030592
1.439524e-06	-0.0312
1.441524e-06	-0.028768
1.443524e-06	-0.02816
1.445524e-06	-0.030288
1.447524e-06	-0.02968
1.449524e-06	-0.027248
1.451524e-06	-0.029072
1.453524e-06	-0.029072
1.455524e-06	-0.029376
1.457524e-06	-0.029376
1.459524e-06	-0.02968
1.461524e-06	-0.029072
1.463524e-06	-0.027552
1.465524e-06	-0.027856
1.467524e-06	-0.029072
1.469524e-06	-0.030288
1.471524e-06	-0.027856
1.473524e-06	-0.02664
1.475524e-06	-0.026944
1.477524e-06	-0.029072
1.479524e-06	-0.027552
1.481524e-06	-0.028768
1.483524e-06	-0.029376
1.485524e-06	-0.029984
1.487524e-06	-0.02816
1.489524e-06	-0.027856
1.491524e-06	-0.02816
1.493524e-06	-0.029072
1.495524e-06	-0.028768
1.497524e-06	-0.027248
1.499524e-06	-0.027248
1.501524e-06	-0.028768
1.503524e-06	-0.02816
1.505524e-06	-0.026944
1.507524e-06	-0.027552
1.509524e-06	-0.030592
1.511524e-06	-0.029072
1.513524e-06	-0.02816
1.515524e-06	-0.028768
1.517524e-06	-0.029072
1.519524e-06	-0.029984
1.521524e-06	-0.02816
1.523524e-06	-0.028768
1.525524e-06	-0.029984
1.527524e-06	-0.029376
1.529524e-06	-0.030288
1.531524e-06	-0.02816
1.533524e-06	-0.026336
1.535524e-06	-0.027856
1.537524e-06	-0.02664
1.539524e-06	-0.029072
1.541524e-06	-0.030592
1.543524e-06	-0.027248
1.545524e-06	-0.02664
1.547524e-06	-0.028768
1.549524e-06	-0.0312
1.551524e-06	-0.028464
1.553524e-06	-0.026336
1.555524e-06	-0.027248
1.557524e-06	-0.027856
1.559524e-06	-0.027856
1.561524e-06	-0.025424
1.563524e-06	-0.024816
1.565524e-06	-0.027856
1.567524e-06	-0.027248
1.569524e-06	-0.024816
1.571524e-06	-0.026032
1.573524e-06	-0.029376
1.575524e-06	-0.02816
1.577524e-06	-0.026336
1.579524e-06	-0.023296
1.581524e-06	-0.027552
1.583524e-06	-0.028464
1.585524e-06	-0.028768
1.587524e-06	-0.025424
1.589524e-06	-0.023904
1.591524e-06	-0.0236
1.593524e-06	-0.02664
1.595524e-06	-0.027248
1.597524e-06	-0.025424
1.599524e-06	-0.026336
1.601524e-06	-0.02512
1.603524e-06	-0.026032
1.605524e-06	-0.025424
1.607524e-06	-0.022992
1.609524e-06	-0.024208
1.611524e-06	-0.0236
1.613524e-06	-0.025424
1.615524e-06	-0.024208
1.617524e-06	-0.023296
1.619524e-06	-0.022992
1.621524e-06	-0.022688
1.623524e-06	-0.024512
1.625524e-06	-0.022992
1.627524e-06	-0.022688
1.629524e-06	-0.022992
1.631524e-06	-0.024816
1.633524e-06	-0.021776
1.635524e-06	-0.022688
1.637524e-06	-0.0236
1.639524e-06	-0.022992
1.641524e-06	-0.023296
1.643524e-06	-0.022992
1.645524e-06	-0.022688
1.647524e-06	-0.021168
1.649524e-06	-0.0236
1.651524e-06	-0.024208
1.653524e-06	-0.023904
1.655524e-06	-0.022688
1.657524e-06	-0.020256
1.659524e-06	-0.022688
1.661524e-06	-0.026944
1.663524e-06	-0.023904
1.665524e-06	-0.021168
1.667524e-06	-0.02056
1.669524e-06	-0.024512
1.671524e-06	-0.022688
1.673524e-06	-0.022384
1.675524e-06	-0.020864
1.677524e-06	-0.024208
1.679524e-06	-0.02512
1.681524e-06	-0.021776
1.683524e-06	-0.019648
1.685524e-06	-0.021168
1.687524e-06	-0.02208
1.689524e-06	-0.022384
1.691524e-06	-0.020864
1.693524e-06	-0.021472
1.695524e-06	-0.020864
1.697524e-06	-0.019344
1.699524e-06	-0.020864
1.701524e-06	-0.020864
1.703524e-06	-0.019648
1.705524e-06	-0.020864
1.707524e-06	-0.02208
1.709524e-06	-0.02208
1.711524e-06	-0.02208
1.713524e-06	-0.019952
1.715524e-06	-0.021776
1.717524e-06	-0.022384
1.719524e-06	-0.02208
1.721524e-06	-0.021776
1.723524e-06	-0.022384
1.725524e-06	-0.022384
1.727524e-06	-0.018736
1.729524e-06	-0.021472
1.731524e-06	-0.021472
1.733524e-06	-0.022384
1.735524e-06	-0.02208
1.737524e-06	-0.023904
1.739524e-06	-0.02208
1.741524e-06	-0.022688
1.743524e-06	-0.022992
1.745524e-06	-0.019952
1.747524e-06	-0.020256
1.749524e-06	-0.021776
1.751524e-06	-0.021776
1.753524e-06	-0.022688
1.755524e-06	-0.0236
1.757524e-06	-0.024208
1.759524e-06	-0.023296
1.761524e-06	-0.022688
1.763524e-06	-0.024208
1.765524e-06	-0.0236
1.767524e-06	-0.02208
1.769524e-06	-0.022992
1.771524e-06	-0.0236
1.773524e-06	-0.024816
1.775524e-06	-0.023296
1.777524e-06	-0.0236
1.779524e-06	-0.026336
1.781524e-06	-0.023296
1.783524e-06	-0.025728
1.785524e-06	-0.024512
1.787524e-06	-0.022688
1.789524e-06	-0.024512
1.791524e-06	-0.0236
1.793524e-06	-0.023296
1.795524e-06	-0.024816
1.797524e-06	-0.025728
1.799524e-06	-0.024512
1.801524e-06	-0.023296
1.803524e-06	-0.024512
1.805524e-06	-0.025728
1.807524e-06	-0.024816
1.809524e-06	-0.023904
1.811524e-06	-0.02512
1.813524e-06	-0.02664
1.815524e-06	-0.02664
1.817524e-06	-0.026336
1.819524e-06	-0.026944
1.821524e-06	-0.028768
1.823524e-06	-0.02816
1.825524e-06	-0.024512
1.827524e-06	-0.025424
1.829524e-06	-0.02816
1.831524e-06	-0.026336
1.833524e-06	-0.026944
1.835524e-06	-0.025728
1.837524e-06	-0.028768
1.839524e-06	-0.026944
1.841524e-06	-0.027856
1.843524e-06	-0.026944
1.845524e-06	-0.02664
1.847524e-06	-0.02816
1.849524e-06	-0.028464
1.851524e-06	-0.02664
1.853524e-06	-0.029376
1.855524e-06	-0.029072
1.857524e-06	-0.027552
1.859524e-06	-0.025728
1.861524e-06	-0.028464
1.863524e-06	-0.025728
1.865524e-06	-0.027248
1.867524e-06	-0.028464
1.869524e-06	-0.027552
1.871524e-06	-0.029376
1.873524e-06	-0.029984
1.875524e-06	-0.027856
1.877524e-06	-0.029072
1.879524e-06	-0.02816
1.881524e-06	-0.02816
1.883524e-06	-0.028768
1.885524e-06	-0.0312
1.887524e-06	-0.030896
1.889524e-06	-0.028768
1.891524e-06	-0.027552
1.893524e-06	-0.030896
1.895524e-06	-0.02968
1.897524e-06	-0.02968
1.899524e-06	-0.0312
1.901524e-06	-0.031504
1.903524e-06	-0.02816
1.905524e-06	-0.02816
1.907524e-06	-0.027248
1.909524e-06	-0.0312
1.911524e-06	-0.027248
1.913524e-06	-0.026944
1.915524e-06	-0.027248
1.917524e-06	-0.028768
1.919524e-06	-0.027856
1.921524e-06	-0.029984
1.923524e-06	-0.029072
1.925524e-06	-0.030592
1.927524e-06	-0.02816
1.929524e-06	-0.028768
1.931524e-06	-0.027856
1.933524e-06	-0.029984
1.935524e-06	-0.02816
1.937524e-06	-0.028768
1.939524e-06	-0.027248
1.941524e-06	-0.030288
1.943524e-06	-0.028768
1.945524e-06	-0.02816
1.947524e-06	-0.029072
1.949524e-06	-0.029072
1.951524e-06	-0.02664
1.953524e-06	-0.028464
1.955524e-06	-0.026336
1.957524e-06	-0.026944
1.959524e-06	-0.026032
1.961524e-06	-0.028464
1.963524e-06	-0.027552
1.965524e-06	-0.029072
1.967524e-06	-0.027856
1.969524e-06	-0.027552
1.971524e-06	-0.02664
1.973524e-06	-0.027248
1.975524e-06	-0.02816
1.977524e-06	-0.027552
1.979524e-06	-0.026944
1.981524e-06	-0.027856
1.983524e-06	-0.026032
1.985524e-06	-0.027552
1.987524e-06	-0.024512
1.989524e-06	-0.027552
1.991524e-06	-0.026032
1.993524e-06	-0.02512
1.995524e-06	-0.025728
1.997524e-06	-0.026944
1.999524e-06	-0.025728
2.001524e-06	-0.02664
2.003524e-06	-0.026336
2.005524e-06	-0.027552
2.007524e-06	-0.025728
2.009524e-06	-0.024208
2.011524e-06	-0.026944
2.013524e-06	-0.027856
2.015524e-06	-0.023904
2.017524e-06	-0.024512
2.019524e-06	-0.022688
2.021524e-06	-0.026336
2.023524e-06	-0.02512
2.025524e-06	-0.02512
2.027524e-06	-0.024208
2.029524e-06	-0.024512
2.031524e-06	-0.0236
2.033524e-06	-0.0236
2.035524e-06	-0.024208
2.037524e-06	-0.02664
2.039524e-06	-0.02512
2.041524e-06	-0.024816
2.043524e-06	-0.025728
2.045524e-06	-0.023904
2.047524e-06	-0.024816
2.049524e-06	-0.025728
2.051524e-06	-0.02512
2.053524e-06	-0.02664
2.055524e-06	-0.02664
2.057524e-06	-0.027552
2.059524e-06	-0.027552
2.061524e-06	-0.02816
2.063524e-06	-0.027552
2.065524e-06	-0.024512
2.067524e-06	-0.0236
2.069524e-06	-0.02664
2.071524e-06	-0.026336
2.073524e-06	-0.026032
2.075524e-06	-0.025728
2.077524e-06	-0.027248
2.079524e-06	-0.02512
2.081524e-06	-0.0236
2.083524e-06	-0.024512
2.085524e-06	-0.0236
2.087524e-06	-0.02512
2.089524e-06	-0.02512
2.091524e-06	-0.026032
2.093524e-06	-0.02512
2.095524e-06	-0.025424
2.097524e-06	-0.023296
2.099524e-06	-0.024208
2.101524e-06	-0.02512
2.103524e-06	-0.023904
2.105524e-06	-0.022384
2.107524e-06	-0.02208
2.109524e-06	-0.0236
2.111524e-06	-0.023904
2.113524e-06	-0.022688
2.115524e-06	-0.02208
2.117524e-06	-0.022384
2.119524e-06	-0.022384
2.121524e-06	-0.020864
2.123524e-06	-0.020864
2.125524e-06	-0.0236
2.127524e-06	-0.021168
2.129524e-06	-0.022688
2.131524e-06	-0.021472
2.133524e-06	-0.024208
2.135524e-06	-0.021472
2.137524e-06	-0.021472
2.139524e-06	-0.024512
2.141524e-06	-0.022688
2.143524e-06	-0.0236
2.145524e-06	-0.022992
2.147524e-06	-0.023904
2.149524e-06	-0.023296
2.151524e-06	-0.022688
2.153524e-06	-0.022992
2.155524e-06	-0.0236
2.157524e-06	-0.02512
2.159524e-06	-0.022384
2.161524e-06	-0.022384
2.163524e-06	-0.022992
2.165524e-06	-0.024512
2.167524e-06	-0.024208
2.169524e-06	-0.022688
2.171524e-06	-0.022992
2.173524e-06	-0.022992
2.175524e-06	-0.021472
2.177524e-06	-0.0236
2.179524e-06	-0.024208
2.181524e-06	-0.02512
2.183524e-06	-0.025728
2.185524e-06	-0.02512
2.187524e-06	-0.024208
2.189524e-06	-0.026336
2.191524e-06	-0.028768
2.193524e-06	-0.027856
2.195524e-06	-0.02664
2.197524e-06	-0.026032
2.199524e-06	-0.022992
2.201524e-06	-0.02512
2.203524e-06	-0.026336
2.205524e-06	-0.026336
2.207524e-06	-0.02512
2.209524e-06	-0.023904
2.211524e-06	-0.024816
2.213524e-06	-0.027552
2.215524e-06	-0.025728
2.217524e-06	-0.025424
2.219524e-06	-0.026336
2.221524e-06	-0.026944
2.223524e-06	-0.02512
2.225524e-06	-0.024816
2.227524e-06	-0.026336
2.229524e-06	-0.02816
2.231524e-06	-0.026944
2.233524e-06	-0.026032
2.235524e-06	-0.026032
2.237524e-06	-0.027552
2.239524e-06	-0.02664
2.241524e-06	-0.02512
2.243524e-06	-0.026032
2.245524e-06	-0.027248
2.247524e-06	-0.026336
2.249524e-06	-0.027248
2.251524e-06	-0.026944
2.253524e-06	-0.027856
2.255524e-06	-0.025424
2.257524e-06	-0.024208
2.259524e-06	-0.023904
2.261524e-06	-0.027552
2.263524e-06	-0.025728
2.265524e-06	-0.025424
2.267524e-06	-0.026032
2.269524e-06	-0.027856
2.271524e-06	-0.024816
2.273524e-06	-0.026032
2.275524e-06	-0.025424
2.277524e-06	-0.024208
2.279524e-06	-0.026032
2.281524e-06	-0.02512
2.283524e-06	-0.024816
2.285524e-06	-0.02816
2.287524e-06	-0.025728
2.289524e-06	-0.027856
2.291524e-06	-0.026944
2.293524e-06	-0.026944
2.295524e-06	-0.027552
2.297524e-06	-0.025424
2.299524e-06	-0.026336
2.301524e-06	-0.027856
2.303524e-06	-0.027552
2.305524e-06	-0.025728
2.307524e-06	-0.024512
2.309524e-06	-0.026032
2.311524e-06	-0.02664
2.313524e-06	-0.024208
2.315524e-06	-0.024816
2.317524e-06	-0.027552
2.319524e-06	-0.025728
2.321524e-06	-0.026336
2.323524e-06	-0.026032
2.325524e-06	-0.02816
2.327524e-06	-0.026944
2.329524e-06	-0.027552
2.331524e-06	-0.024816
2.333524e-06	-0.025728
2.335524e-06	-0.026032
2.337524e-06	-0.027248
2.339524e-06	-0.02664
2.341524e-06	-0.02664
2.343524e-06	-0.024512
2.345524e-06	-0.025728
2.347524e-06	-0.026336
2.349524e-06	-0.027248
2.351524e-06	-0.02664
2.353524e-06	-0.024208
2.355524e-06	-0.025424
2.357524e-06	-0.026944
2.359524e-06	-0.026032
2.361524e-06	-0.025424
2.363524e-06	-0.026336
2.365524e-06	-0.02816
2.367524e-06	-0.02816
2.369524e-06	-0.02512
2.371524e-06	-0.023296
2.373524e-06	-0.023904
2.375524e-06	-0.02512
2.377524e-06	-0.026336
2.379524e-06	-0.025728
2.381524e-06	-0.02512
2.383524e-06	-0.02512
2.385524e-06	-0.027248
2.387524e-06	-0.02664
2.389524e-06	-0.026944
2.391524e-06	-0.02512
2.393524e-06	-0.026032
2.395524e-06	-0.025424
2.397524e-06	-0.025424
2.399524e-06	-0.024512
2.401524e-06	-0.024816
2.403524e-06	-0.024208
2.405524e-06	-0.026032
2.407524e-06	-0.024208
2.409524e-06	-0.026944
2.411524e-06	-0.026032
2.413524e-06	-0.027856
2.415524e-06	-0.025424
2.417524e-06	-0.024208
2.419524e-06	-0.0236
2.421524e-06	-0.024512
2.423524e-06	-0.0236
2.425524e-06	-0.022688
2.427524e-06	-0.022384
2.429524e-06	-0.0236
2.431524e-06	-0.02208
2.433524e-06	-0.02208
2.435524e-06	-0.021776
2.437524e-06	-0.023904
2.439524e-06	-0.02208
2.441524e-06	-0.022992
2.443524e-06	-0.02208
2.445524e-06	-0.022992
2.447524e-06	-0.022384
2.449524e-06	-0.023296
2.451524e-06	-0.02056
2.453524e-06	-0.020256
2.455524e-06	-0.020256
2.457524e-06	-0.02056
2.459524e-06	-0.02056
2.461524e-06	-0.02208
2.463524e-06	-0.020864
2.465524e-06	-0.020864
2.467524e-06	-0.020864
2.469524e-06	-0.021472
2.471524e-06	-0.01904
2.473524e-06	-0.019648
2.475524e-06	-0.019344
2.477524e-06	-0.021168
2.479524e-06	-0.019648
2.481524e-06	-0.01904
2.483524e-06	-0.018128
2.485524e-06	-0.021168
2.487524e-06	-0.016912
2.489524e-06	-0.020256
2.491524e-06	-0.019344
2.493524e-06	-0.019952
2.495524e-06	-0.019648
2.497524e-06	-0.018432
2.499524e-06	-0.018432
2.501524e-06	-0.017824
