LECROYHDO6104A	50809	Waveform
Segments	1	SegmentSize	2502
Segment	TrigTime	TimeSinceSegment1
#1	19-Dec-2022 19:19:04	0                 
Time	Ampl
-2.490553e-06	-0.024
-2.488553e-06	-0.024
-2.486553e-06	-0.02184
-2.484553e-06	-0.02352
-2.482553e-06	-0.02424
-2.480553e-06	-0.02376
-2.478553e-06	-0.0204
-2.476553e-06	-0.02496
-2.474553e-06	-0.0228
-2.472553e-06	-0.02328
-2.470553e-06	-0.02472
-2.468553e-06	-0.02424
-2.466553e-06	-0.02472
-2.464553e-06	-0.02352
-2.462553e-06	-0.024
-2.460553e-06	-0.02376
-2.458553e-06	-0.02208
-2.456553e-06	-0.02352
-2.454553e-06	-0.02208
-2.452553e-06	-0.02256
-2.450553e-06	-0.0204
-2.448553e-06	-0.02232
-2.446553e-06	-0.02208
-2.444553e-06	-0.02256
-2.442553e-06	-0.02112
-2.440553e-06	-0.02232
-2.438553e-06	-0.02208
-2.436553e-06	-0.02256
-2.434553e-06	-0.02208
-2.432553e-06	-0.02304
-2.430553e-06	-0.02232
-2.428553e-06	-0.02208
-2.426553e-06	-0.0228
-2.424553e-06	-0.0228
-2.422553e-06	-0.02064
-2.420553e-06	-0.02448
-2.418553e-06	-0.02184
-2.416553e-06	-0.02184
-2.414553e-06	-0.02112
-2.412553e-06	-0.02544
-2.410553e-06	-0.02184
-2.408553e-06	-0.02304
-2.406553e-06	-0.0216
-2.404553e-06	-0.02304
-2.402553e-06	-0.02112
-2.400553e-06	-0.02232
-2.398553e-06	-0.02064
-2.396553e-06	-0.0216
-2.394553e-06	-0.02064
-2.392553e-06	-0.02232
-2.390553e-06	-0.0204
-2.388553e-06	-0.02184
-2.386553e-06	-0.02112
-2.384553e-06	-0.02232
-2.382553e-06	-0.02184
-2.380553e-06	-0.02208
-2.378553e-06	-0.02304
-2.376553e-06	-0.02208
-2.374553e-06	-0.02112
-2.372553e-06	-0.02304
-2.370553e-06	-0.02184
-2.368553e-06	-0.02112
-2.366553e-06	-0.02088
-2.364553e-06	-0.01992
-2.362553e-06	-0.02136
-2.360553e-06	-0.0228
-2.358553e-06	-0.02088
-2.356553e-06	-0.02208
-2.354553e-06	-0.02208
-2.352553e-06	-0.02304
-2.350553e-06	-0.02208
-2.348553e-06	-0.02424
-2.346553e-06	-0.0216
-2.344553e-06	-0.02256
-2.342553e-06	-0.02328
-2.340553e-06	-0.0252
-2.338553e-06	-0.0228
-2.336553e-06	-0.02304
-2.334553e-06	-0.02208
-2.332553e-06	-0.02496
-2.330553e-06	-0.02256
-2.328553e-06	-0.02376
-2.326553e-06	-0.02232
-2.324553e-06	-0.02208
-2.322553e-06	-0.02376
-2.320553e-06	-0.02304
-2.318553e-06	-0.0216
-2.316553e-06	-0.02328
-2.314553e-06	-0.02304
-2.312553e-06	-0.02208
-2.310553e-06	-0.02112
-2.308553e-06	-0.02232
-2.306553e-06	-0.02016
-2.304553e-06	-0.02016
-2.302553e-06	-0.018
-2.300553e-06	-0.0204
-2.298553e-06	-0.02256
-2.296553e-06	-0.0228
-2.294553e-06	-0.0192
-2.292553e-06	-0.02136
-2.290553e-06	-0.02184
-2.288553e-06	-0.01992
-2.286553e-06	-0.02088
-2.284553e-06	-0.02256
-2.282553e-06	-0.02016
-2.280553e-06	-0.02112
-2.278553e-06	-0.02136
-2.276553e-06	-0.0228
-2.274553e-06	-0.02064
-2.272553e-06	-0.02256
-2.270553e-06	-0.02064
-2.268553e-06	-0.02256
-2.266553e-06	-0.02088
-2.264553e-06	-0.02328
-2.262553e-06	-0.0216
-2.260553e-06	-0.02328
-2.258553e-06	-0.02088
-2.256553e-06	-0.02208
-2.254553e-06	-0.0228
-2.252553e-06	-0.02304
-2.250553e-06	-0.02136
-2.248553e-06	-0.02088
-2.246553e-06	-0.02016
-2.244553e-06	-0.018
-2.242553e-06	-0.01896
-2.240553e-06	-0.018
-2.238553e-06	-0.01944
-2.236553e-06	-0.0192
-2.234553e-06	-0.02064
-2.232553e-06	-0.01848
-2.230553e-06	-0.018
-2.228553e-06	-0.01944
-2.226553e-06	-0.01872
-2.224553e-06	-0.01728
-2.222553e-06	-0.02016
-2.220553e-06	-0.01968
-2.218553e-06	-0.01992
-2.216553e-06	-0.02064
-2.214553e-06	-0.01992
-2.212553e-06	-0.02232
-2.210553e-06	-0.02016
-2.208553e-06	-0.02064
-2.206553e-06	-0.0204
-2.204553e-06	-0.02088
-2.202553e-06	-0.02136
-2.200553e-06	-0.02112
-2.198553e-06	-0.02088
-2.196553e-06	-0.02184
-2.194553e-06	-0.02208
-2.192553e-06	-0.02256
-2.190553e-06	-0.02304
-2.188553e-06	-0.02136
-2.186553e-06	-0.0216
-2.184553e-06	-0.02256
-2.182553e-06	-0.02136
-2.180553e-06	-0.02352
-2.178553e-06	-0.02232
-2.176553e-06	-0.02328
-2.174553e-06	-0.02328
-2.172553e-06	-0.02328
-2.170553e-06	-0.02328
-2.168553e-06	-0.02328
-2.166553e-06	-0.02256
-2.164553e-06	-0.0228
-2.162553e-06	-0.024
-2.160553e-06	-0.02376
-2.158553e-06	-0.02496
-2.156553e-06	-0.0252
-2.154553e-06	-0.02448
-2.152553e-06	-0.02568
-2.150553e-06	-0.02352
-2.148553e-06	-0.02448
-2.146553e-06	-0.02304
-2.144553e-06	-0.0228
-2.142553e-06	-0.02256
-2.140553e-06	-0.02304
-2.138553e-06	-0.02208
-2.136553e-06	-0.0228
-2.134553e-06	-0.02256
-2.132553e-06	-0.02352
-2.130553e-06	-0.02352
-2.128553e-06	-0.02448
-2.126553e-06	-0.02424
-2.124553e-06	-0.02472
-2.122553e-06	-0.02304
-2.120553e-06	-0.02352
-2.118553e-06	-0.02208
-2.116553e-06	-0.02232
-2.114553e-06	-0.02304
-2.112553e-06	-0.02424
-2.110553e-06	-0.0228
-2.108553e-06	-0.02424
-2.106553e-06	-0.02208
-2.104553e-06	-0.02352
-2.102553e-06	-0.02352
-2.100553e-06	-0.02448
-2.098553e-06	-0.0228
-2.096553e-06	-0.0216
-2.094553e-06	-0.02232
-2.092553e-06	-0.02424
-2.090553e-06	-0.02448
-2.088553e-06	-0.02472
-2.086553e-06	-0.02328
-2.084553e-06	-0.02616
-2.082553e-06	-0.0252
-2.080553e-06	-0.02448
-2.078553e-06	-0.02304
-2.076553e-06	-0.02664
-2.074553e-06	-0.0252
-2.072553e-06	-0.02592
-2.070553e-06	-0.02472
-2.068553e-06	-0.02712
-2.066553e-06	-0.02592
-2.064553e-06	-0.024
-2.062553e-06	-0.02448
-2.060553e-06	-0.02592
-2.058553e-06	-0.02472
-2.056553e-06	-0.0252
-2.054553e-06	-0.02448
-2.052553e-06	-0.0264
-2.050553e-06	-0.0252
-2.048553e-06	-0.0252
-2.046553e-06	-0.02736
-2.044553e-06	-0.02688
-2.042553e-06	-0.0252
-2.040553e-06	-0.02784
-2.038553e-06	-0.02424
-2.036553e-06	-0.02688
-2.034553e-06	-0.02664
-2.032553e-06	-0.02688
-2.030553e-06	-0.02496
-2.028553e-06	-0.0264
-2.026553e-06	-0.0276
-2.024553e-06	-0.0264
-2.022553e-06	-0.02568
-2.020553e-06	-0.02592
-2.018553e-06	-0.02616
-2.016553e-06	-0.0276
-2.014553e-06	-0.02544
-2.012553e-06	-0.02808
-2.010553e-06	-0.02448
-2.008553e-06	-0.02784
-2.006553e-06	-0.02568
-2.004553e-06	-0.0264
-2.002553e-06	-0.02616
-2.000553e-06	-0.0252
-1.998553e-06	-0.02496
-1.996553e-06	-0.02616
-1.994553e-06	-0.02496
-1.992553e-06	-0.02472
-1.990553e-06	-0.02664
-1.988553e-06	-0.02424
-1.986553e-06	-0.02544
-1.984553e-06	-0.0252
-1.982553e-06	-0.02688
-1.980553e-06	-0.0264
-1.978553e-06	-0.02472
-1.976553e-06	-0.02592
-1.974553e-06	-0.02376
-1.972553e-06	-0.0264
-1.970553e-06	-0.02496
-1.968553e-06	-0.02448
-1.966553e-06	-0.02304
-1.964553e-06	-0.02544
-1.962553e-06	-0.02496
-1.960553e-06	-0.02448
-1.958553e-06	-0.02424
-1.956553e-06	-0.02664
-1.954553e-06	-0.02472
-1.952553e-06	-0.02472
-1.950553e-06	-0.02616
-1.948553e-06	-0.02616
-1.946553e-06	-0.02472
-1.944553e-06	-0.02568
-1.942553e-06	-0.02328
-1.940553e-06	-0.02424
-1.938553e-06	-0.02544
-1.936553e-06	-0.02568
-1.934553e-06	-0.02472
-1.932553e-06	-0.02472
-1.930553e-06	-0.02352
-1.928553e-06	-0.02424
-1.926553e-06	-0.02448
-1.924553e-06	-0.02496
-1.922553e-06	-0.02496
-1.920553e-06	-0.024
-1.918553e-06	-0.02352
-1.916553e-06	-0.02424
-1.914553e-06	-0.02472
-1.912553e-06	-0.02592
-1.910553e-06	-0.02256
-1.908553e-06	-0.02592
-1.906553e-06	-0.02472
-1.904553e-06	-0.02424
-1.902553e-06	-0.02424
-1.900553e-06	-0.02256
-1.898553e-06	-0.02232
-1.896553e-06	-0.02448
-1.894553e-06	-0.02448
-1.892553e-06	-0.02448
-1.890553e-06	-0.02136
-1.888553e-06	-0.02352
-1.886553e-06	-0.02376
-1.884553e-06	-0.02328
-1.882553e-06	-0.02136
-1.880553e-06	-0.02016
-1.878553e-06	-0.0228
-1.876553e-06	-0.02472
-1.874553e-06	-0.02328
-1.872553e-06	-0.02184
-1.870553e-06	-0.02088
-1.868553e-06	-0.02568
-1.866553e-06	-0.02304
-1.864553e-06	-0.02424
-1.862553e-06	-0.0204
-1.860553e-06	-0.02208
-1.858553e-06	-0.02328
-1.856553e-06	-0.02472
-1.854553e-06	-0.02256
-1.852553e-06	-0.02376
-1.850553e-06	-0.02232
-1.848553e-06	-0.02256
-1.846553e-06	-0.02208
-1.844553e-06	-0.02328
-1.842553e-06	-0.02328
-1.840553e-06	-0.02352
-1.838553e-06	-0.02136
-1.836553e-06	-0.02376
-1.834553e-06	-0.02232
-1.832553e-06	-0.02448
-1.830553e-06	-0.02136
-1.828553e-06	-0.02328
-1.826553e-06	-0.02424
-1.824553e-06	-0.02472
-1.822553e-06	-0.02424
-1.820553e-06	-0.02304
-1.818553e-06	-0.02376
-1.816553e-06	-0.02424
-1.814553e-06	-0.02448
-1.812553e-06	-0.02376
-1.810553e-06	-0.024
-1.808553e-06	-0.02496
-1.806553e-06	-0.02256
-1.804553e-06	-0.02256
-1.802553e-06	-0.02208
-1.800553e-06	-0.02424
-1.798553e-06	-0.02208
-1.796553e-06	-0.02592
-1.794553e-06	-0.02376
-1.792553e-06	-0.02376
-1.790553e-06	-0.0216
-1.788553e-06	-0.02496
-1.786553e-06	-0.02496
-1.784553e-06	-0.0252
-1.782553e-06	-0.02352
-1.780553e-06	-0.02352
-1.778553e-06	-0.0252
-1.776553e-06	-0.0252
-1.774553e-06	-0.02352
-1.772553e-06	-0.02496
-1.770553e-06	-0.02304
-1.768553e-06	-0.02448
-1.766553e-06	-0.02352
-1.764553e-06	-0.02592
-1.762553e-06	-0.02328
-1.760553e-06	-0.0252
-1.758553e-06	-0.02376
-1.756553e-06	-0.0252
-1.754553e-06	-0.02496
-1.752553e-06	-0.024
-1.750553e-06	-0.02256
-1.748553e-06	-0.02376
-1.746553e-06	-0.02328
-1.744553e-06	-0.02544
-1.742553e-06	-0.02232
-1.740553e-06	-0.02472
-1.738553e-06	-0.02208
-1.736553e-06	-0.02112
-1.734553e-06	-0.0216
-1.732553e-06	-0.02328
-1.730553e-06	-0.0228
-1.728553e-06	-0.02184
-1.726553e-06	-0.0216
-1.724553e-06	-0.02304
-1.722553e-06	-0.0228
-1.720553e-06	-0.02496
-1.718553e-06	-0.02208
-1.716553e-06	-0.02424
-1.714553e-06	-0.02496
-1.712553e-06	-0.02376
-1.710553e-06	-0.02376
-1.708553e-06	-0.02352
-1.706553e-06	-0.02544
-1.704553e-06	-0.024
-1.702553e-06	-0.02328
-1.700553e-06	-0.02616
-1.698553e-06	-0.02544
-1.696553e-06	-0.024
-1.694553e-06	-0.02496
-1.692553e-06	-0.02592
-1.690553e-06	-0.024
-1.688553e-06	-0.02328
-1.686553e-06	-0.02376
-1.684553e-06	-0.02592
-1.682553e-06	-0.02376
-1.680553e-06	-0.024
-1.678553e-06	-0.02352
-1.676553e-06	-0.02544
-1.674553e-06	-0.02496
-1.672553e-06	-0.02352
-1.670553e-06	-0.02232
-1.668553e-06	-0.02376
-1.666553e-06	-0.02352
-1.664553e-06	-0.0228
-1.662553e-06	-0.024
-1.660553e-06	-0.02328
-1.658553e-06	-0.02208
-1.656553e-06	-0.0216
-1.654553e-06	-0.01968
-1.652553e-06	-0.02328
-1.650553e-06	-0.02064
-1.648553e-06	-0.02136
-1.646553e-06	-0.01896
-1.644553e-06	-0.02088
-1.642553e-06	-0.02016
-1.640553e-06	-0.02064
-1.638553e-06	-0.02184
-1.636553e-06	-0.02136
-1.634553e-06	-0.01848
-1.632553e-06	-0.01992
-1.630553e-06	-0.02016
-1.628553e-06	-0.0216
-1.626553e-06	-0.01944
-1.624553e-06	-0.01944
-1.622553e-06	-0.01848
-1.620553e-06	-0.0192
-1.618553e-06	-0.01848
-1.616553e-06	-0.01992
-1.614553e-06	-0.0192
-1.612553e-06	-0.02064
-1.610553e-06	-0.02016
-1.608553e-06	-0.02016
-1.606553e-06	-0.01968
-1.604553e-06	-0.02016
-1.602553e-06	-0.01968
-1.600553e-06	-0.02208
-1.598553e-06	-0.01824
-1.596553e-06	-0.02232
-1.594553e-06	-0.0216
-1.592553e-06	-0.02232
-1.590553e-06	-0.02184
-1.588553e-06	-0.02184
-1.586553e-06	-0.02304
-1.584553e-06	-0.02328
-1.582553e-06	-0.02256
-1.580553e-06	-0.02376
-1.578553e-06	-0.02328
-1.576553e-06	-0.024
-1.574553e-06	-0.02136
-1.572553e-06	-0.02232
-1.570553e-06	-0.02184
-1.568553e-06	-0.02184
-1.566553e-06	-0.02088
-1.564553e-06	-0.02376
-1.562553e-06	-0.02208
-1.560553e-06	-0.0228
-1.558553e-06	-0.02208
-1.556553e-06	-0.02424
-1.554553e-06	-0.02232
-1.552553e-06	-0.024
-1.550553e-06	-0.02232
-1.548553e-06	-0.024
-1.546553e-06	-0.0204
-1.544553e-06	-0.02328
-1.542553e-06	-0.0216
-1.540553e-06	-0.02208
-1.538553e-06	-0.0216
-1.536553e-06	-0.02232
-1.534553e-06	-0.02088
-1.532553e-06	-0.02136
-1.530553e-06	-0.02208
-1.528553e-06	-0.0228
-1.526553e-06	-0.02112
-1.524553e-06	-0.0228
-1.522553e-06	-0.02232
-1.520553e-06	-0.02184
-1.518553e-06	-0.02208
-1.516553e-06	-0.01992
-1.514553e-06	-0.02112
-1.512553e-06	-0.02112
-1.510553e-06	-0.02136
-1.508553e-06	-0.02352
-1.506553e-06	-0.02184
-1.504553e-06	-0.02232
-1.502553e-06	-0.02304
-1.500553e-06	-0.02448
-1.498553e-06	-0.0228
-1.496553e-06	-0.02136
-1.494553e-06	-0.02112
-1.492553e-06	-0.02232
-1.490553e-06	-0.0216
-1.488553e-06	-0.02328
-1.486553e-06	-0.02016
-1.484553e-06	-0.02304
-1.482553e-06	-0.0228
-1.480553e-06	-0.02232
-1.478553e-06	-0.02232
-1.476553e-06	-0.02352
-1.474553e-06	-0.02208
-1.472553e-06	-0.02256
-1.470553e-06	-0.02352
-1.468553e-06	-0.024
-1.466553e-06	-0.024
-1.464553e-06	-0.02304
-1.462553e-06	-0.02208
-1.460553e-06	-0.02328
-1.458553e-06	-0.02232
-1.456553e-06	-0.024
-1.454553e-06	-0.0228
-1.452553e-06	-0.02328
-1.450553e-06	-0.02304
-1.448553e-06	-0.02352
-1.446553e-06	-0.0228
-1.444553e-06	-0.024
-1.442553e-06	-0.024
-1.440553e-06	-0.02496
-1.438553e-06	-0.02376
-1.436553e-06	-0.02352
-1.434553e-06	-0.02448
-1.432553e-06	-0.02424
-1.430553e-06	-0.02304
-1.428553e-06	-0.0252
-1.426553e-06	-0.02376
-1.424553e-06	-0.02424
-1.422553e-06	-0.02256
-1.420553e-06	-0.02472
-1.418553e-06	-0.02424
-1.416553e-06	-0.02328
-1.414553e-06	-0.02328
-1.412553e-06	-0.02328
-1.410553e-06	-0.02328
-1.408553e-06	-0.02376
-1.406553e-06	-0.02232
-1.404553e-06	-0.02352
-1.402553e-06	-0.0228
-1.400553e-06	-0.0252
-1.398553e-06	-0.0216
-1.396553e-06	-0.02472
-1.394553e-06	-0.02328
-1.392553e-06	-0.02496
-1.390553e-06	-0.02256
-1.388553e-06	-0.02592
-1.386553e-06	-0.024
-1.384553e-06	-0.024
-1.382553e-06	-0.0228
-1.380553e-06	-0.02568
-1.378553e-06	-0.024
-1.376553e-06	-0.02496
-1.374553e-06	-0.024
-1.372553e-06	-0.02544
-1.370553e-06	-0.02448
-1.368553e-06	-0.02472
-1.366553e-06	-0.02352
-1.364553e-06	-0.02256
-1.362553e-06	-0.02328
-1.360553e-06	-0.0228
-1.358553e-06	-0.02304
-1.356553e-06	-0.02664
-1.354553e-06	-0.024
-1.352553e-06	-0.024
-1.350553e-06	-0.02328
-1.348553e-06	-0.02616
-1.346553e-06	-0.02496
-1.344553e-06	-0.02352
-1.342553e-06	-0.02304
-1.340553e-06	-0.024
-1.338553e-06	-0.0252
-1.336553e-06	-0.02472
-1.334553e-06	-0.02328
-1.332553e-06	-0.02592
-1.330553e-06	-0.0252
-1.328553e-06	-0.0252
-1.326553e-06	-0.024
-1.324553e-06	-0.0252
-1.322553e-06	-0.0264
-1.320553e-06	-0.02592
-1.318553e-06	-0.02376
-1.316553e-06	-0.02424
-1.314553e-06	-0.02424
-1.312553e-06	-0.02376
-1.310553e-06	-0.02352
-1.308553e-06	-0.02544
-1.306553e-06	-0.02352
-1.304553e-06	-0.0252
-1.302553e-06	-0.024
-1.300553e-06	-0.02688
-1.298553e-06	-0.02616
-1.296553e-06	-0.02472
-1.294553e-06	-0.02352
-1.292553e-06	-0.02352
-1.290553e-06	-0.02424
-1.288553e-06	-0.02352
-1.286553e-06	-0.02232
-1.284553e-06	-0.02304
-1.282553e-06	-0.02304
-1.280553e-06	-0.024
-1.278553e-06	-0.02328
-1.276553e-06	-0.02376
-1.274553e-06	-0.02184
-1.272553e-06	-0.02256
-1.270553e-06	-0.02304
-1.268553e-06	-0.0216
-1.266553e-06	-0.02448
-1.264553e-06	-0.02424
-1.262553e-06	-0.02184
-1.260553e-06	-0.02592
-1.258553e-06	-0.02328
-1.256553e-06	-0.02184
-1.254553e-06	-0.0216
-1.252553e-06	-0.02256
-1.250553e-06	-0.02328
-1.248553e-06	-0.0252
-1.246553e-06	-0.02208
-1.244553e-06	-0.02208
-1.242553e-06	-0.02376
-1.240553e-06	-0.02472
-1.238553e-06	-0.02376
-1.236553e-06	-0.02424
-1.234553e-06	-0.02352
-1.232553e-06	-0.02208
-1.230553e-06	-0.02376
-1.228553e-06	-0.02352
-1.226553e-06	-0.0228
-1.224553e-06	-0.02256
-1.222553e-06	-0.02232
-1.220553e-06	-0.02304
-1.218553e-06	-0.02376
-1.216553e-06	-0.024
-1.214553e-06	-0.02376
-1.212553e-06	-0.024
-1.210553e-06	-0.02304
-1.208553e-06	-0.02496
-1.206553e-06	-0.02424
-1.204553e-06	-0.02352
-1.202553e-06	-0.02352
-1.200553e-06	-0.02568
-1.198553e-06	-0.02352
-1.196553e-06	-0.02496
-1.194553e-06	-0.024
-1.192553e-06	-0.02496
-1.190553e-06	-0.02208
-1.188553e-06	-0.02568
-1.186553e-06	-0.0252
-1.184553e-06	-0.02496
-1.182553e-06	-0.02448
-1.180553e-06	-0.024
-1.178553e-06	-0.02592
-1.176553e-06	-0.02592
-1.174553e-06	-0.02352
-1.172553e-06	-0.02496
-1.170553e-06	-0.02544
-1.168553e-06	-0.02376
-1.166553e-06	-0.02304
-1.164553e-06	-0.02568
-1.162553e-06	-0.0252
-1.160553e-06	-0.02424
-1.158553e-06	-0.02496
-1.156553e-06	-0.02472
-1.154553e-06	-0.02256
-1.152553e-06	-0.0216
-1.150553e-06	-0.0216
-1.148553e-06	-0.02496
-1.146553e-06	-0.02304
-1.144553e-06	-0.024
-1.142553e-06	-0.02184
-1.140553e-06	-0.02136
-1.138553e-06	-0.02544
-1.136553e-06	-0.02136
-1.134553e-06	-0.0216
-1.132553e-06	-0.02136
-1.130553e-06	-0.02304
-1.128553e-06	-0.02256
-1.126553e-06	-0.02064
-1.124553e-06	-0.02352
-1.122553e-06	-0.02304
-1.120553e-06	-0.0228
-1.118553e-06	-0.02112
-1.116553e-06	-0.0228
-1.114553e-06	-0.02184
-1.112553e-06	-0.02232
-1.110553e-06	-0.02112
-1.108553e-06	-0.0216
-1.106553e-06	-0.0228
-1.104553e-06	-0.02232
-1.102553e-06	-0.02136
-1.100553e-06	-0.02256
-1.098553e-06	-0.02232
-1.096553e-06	-0.02112
-1.094553e-06	-0.01992
-1.092553e-06	-0.02256
-1.090553e-06	-0.02088
-1.088553e-06	-0.02184
-1.086553e-06	-0.0216
-1.084553e-06	-0.02232
-1.082553e-06	-0.02208
-1.080553e-06	-0.02256
-1.078553e-06	-0.02136
-1.076553e-06	-0.02376
-1.074553e-06	-0.02328
-1.072553e-06	-0.02352
-1.070553e-06	-0.02304
-1.068553e-06	-0.02352
-1.066553e-06	-0.02232
-1.064553e-06	-0.02304
-1.062553e-06	-0.02352
-1.060553e-06	-0.02448
-1.058553e-06	-0.02376
-1.056553e-06	-0.024
-1.054553e-06	-0.02376
-1.052553e-06	-0.02328
-1.050553e-06	-0.024
-1.048553e-06	-0.02304
-1.046553e-06	-0.02256
-1.044553e-06	-0.02448
-1.042553e-06	-0.02304
-1.040553e-06	-0.02376
-1.038553e-06	-0.02376
-1.036553e-06	-0.02424
-1.034553e-06	-0.024
-1.032553e-06	-0.02472
-1.030553e-06	-0.0216
-1.028553e-06	-0.024
-1.026553e-06	-0.02424
-1.024553e-06	-0.02424
-1.022553e-06	-0.02328
-1.020553e-06	-0.02568
-1.018553e-06	-0.02424
-1.016553e-06	-0.02424
-1.014553e-06	-0.02424
-1.012553e-06	-0.02472
-1.010553e-06	-0.02328
-1.008553e-06	-0.02304
-1.006553e-06	-0.02352
-1.004553e-06	-0.02736
-1.002553e-06	-0.02448
-1.000553e-06	-0.024
-9.985532e-07	-0.02448
-9.965532e-07	-0.02448
-9.945532e-07	-0.02064
-9.925532e-07	-0.02376
-9.905532e-07	-0.02256
-9.885532e-07	-0.02448
-9.865532e-07	-0.02424
-9.845532e-07	-0.02328
-9.825532e-07	-0.02256
-9.805532e-07	-0.02472
-9.785532e-07	-0.02496
-9.765532e-07	-0.02496
-9.745532e-07	-0.024
-9.725532e-07	-0.02424
-9.705532e-07	-0.02304
-9.685532e-07	-0.0228
-9.665532e-07	-0.02184
-9.645532e-07	-0.02472
-9.625532e-07	-0.02592
-9.605532e-07	-0.02472
-9.585532e-07	-0.02184
-9.565532e-07	-0.02448
-9.545532e-07	-0.02304
-9.525532e-07	-0.02304
-9.505532e-07	-0.02208
-9.485532e-07	-0.02352
-9.465532e-07	-0.02352
-9.445532e-07	-0.02304
-9.425532e-07	-0.02376
-9.405532e-07	-0.0228
-9.385532e-07	-0.02352
-9.365532e-07	-0.02232
-9.345532e-07	-0.0228
-9.325532e-07	-0.024
-9.305532e-07	-0.02256
-9.285532e-07	-0.02352
-9.265532e-07	-0.02304
-9.245532e-07	-0.02448
-9.225532e-07	-0.02304
-9.205532e-07	-0.02424
-9.185532e-07	-0.02376
-9.165532e-07	-0.02496
-9.145532e-07	-0.0228
-9.125532e-07	-0.0252
-9.105532e-07	-0.02352
-9.085532e-07	-0.02712
-9.065532e-07	-0.02544
-9.045532e-07	-0.02424
-9.025532e-07	-0.02496
-9.005532e-07	-0.02592
-8.985532e-07	-0.02592
-8.965532e-07	-0.02472
-8.945532e-07	-0.0228
-8.925532e-07	-0.0252
-8.905532e-07	-0.02424
-8.885532e-07	-0.0252
-8.865532e-07	-0.024
-8.845532e-07	-0.02472
-8.825532e-07	-0.02472
-8.805532e-07	-0.02448
-8.785532e-07	-0.02328
-8.765532e-07	-0.02568
-8.745532e-07	-0.02376
-8.725532e-07	-0.02496
-8.705532e-07	-0.02328
-8.685532e-07	-0.0276
-8.665532e-07	-0.0264
-8.645532e-07	-0.0252
-8.625532e-07	-0.02352
-8.605532e-07	-0.02352
-8.585532e-07	-0.02616
-8.565532e-07	-0.024
-8.545532e-07	-0.02544
-8.525532e-07	-0.02448
-8.505532e-07	-0.024
-8.485532e-07	-0.02424
-8.465532e-07	-0.02064
-8.445532e-07	-0.02328
-8.425532e-07	-0.02376
-8.405532e-07	-0.02232
-8.385532e-07	-0.02328
-8.365532e-07	-0.02304
-8.345532e-07	-0.02328
-8.325532e-07	-0.02376
-8.305532e-07	-0.0228
-8.285532e-07	-0.02232
-8.265532e-07	-0.02232
-8.245532e-07	-0.02256
-8.225532e-07	-0.02136
-8.205532e-07	-0.02232
-8.185532e-07	-0.02112
-8.165532e-07	-0.0228
-8.145532e-07	-0.02232
-8.125532e-07	-0.02328
-8.105532e-07	-0.02352
-8.085532e-07	-0.02208
-8.065532e-07	-0.02256
-8.045532e-07	-0.024
-8.025532e-07	-0.02232
-8.005532e-07	-0.02424
-7.985532e-07	-0.02304
-7.965532e-07	-0.0216
-7.945532e-07	-0.02064
-7.925532e-07	-0.02136
-7.905532e-07	-0.0228
-7.885532e-07	-0.02496
-7.865532e-07	-0.02496
-7.845532e-07	-0.02496
-7.825532e-07	-0.0216
-7.805532e-07	-0.02136
-7.785532e-07	-0.02352
-7.765532e-07	-0.0252
-7.745532e-07	-0.02232
-7.725532e-07	-0.02304
-7.705532e-07	-0.02304
-7.685532e-07	-0.02448
-7.665532e-07	-0.02496
-7.645532e-07	-0.02208
-7.625532e-07	-0.0216
-7.605532e-07	-0.02424
-7.585532e-07	-0.02592
-7.565532e-07	-0.02496
-7.545532e-07	-0.02328
-7.525532e-07	-0.02304
-7.505532e-07	-0.02352
-7.485532e-07	-0.024
-7.465532e-07	-0.0228
-7.445532e-07	-0.02256
-7.425532e-07	-0.02448
-7.405532e-07	-0.02424
-7.385532e-07	-0.02448
-7.365532e-07	-0.02592
-7.345532e-07	-0.02592
-7.325532e-07	-0.02616
-7.305532e-07	-0.02568
-7.285532e-07	-0.02592
-7.265532e-07	-0.02472
-7.245532e-07	-0.02568
-7.225532e-07	-0.02496
-7.205532e-07	-0.02448
-7.185532e-07	-0.02592
-7.165532e-07	-0.02544
-7.145532e-07	-0.02568
-7.125532e-07	-0.0264
-7.105532e-07	-0.02544
-7.085532e-07	-0.02808
-7.065532e-07	-0.02616
-7.045532e-07	-0.02544
-7.025532e-07	-0.02544
-7.005532e-07	-0.02736
-6.985532e-07	-0.0252
-6.965532e-07	-0.02568
-6.945532e-07	-0.02712
-6.925532e-07	-0.02568
-6.905532e-07	-0.02496
-6.885532e-07	-0.02568
-6.865532e-07	-0.02328
-6.845532e-07	-0.02616
-6.825532e-07	-0.0228
-6.805532e-07	-0.02472
-6.785532e-07	-0.02328
-6.765532e-07	-0.02496
-6.745532e-07	-0.02328
-6.725532e-07	-0.02496
-6.705532e-07	-0.02352
-6.685532e-07	-0.02424
-6.665532e-07	-0.02424
-6.645532e-07	-0.02544
-6.625532e-07	-0.02304
-6.605532e-07	-0.0252
-6.585532e-07	-0.02448
-6.565532e-07	-0.02496
-6.545532e-07	-0.02376
-6.525532e-07	-0.0252
-6.505532e-07	-0.02328
-6.485532e-07	-0.02448
-6.465532e-07	-0.02208
-6.445532e-07	-0.02256
-6.425532e-07	-0.02232
-6.405532e-07	-0.02208
-6.385532e-07	-0.02208
-6.365532e-07	-0.02256
-6.345532e-07	-0.02136
-6.325532e-07	-0.02256
-6.305532e-07	-0.02136
-6.285532e-07	-0.02328
-6.265532e-07	-0.0216
-6.245532e-07	-0.0228
-6.225532e-07	-0.02136
-6.205532e-07	-0.02232
-6.185532e-07	-0.02064
-6.165532e-07	-0.02088
-6.145532e-07	-0.02064
-6.125532e-07	-0.02064
-6.105532e-07	-0.02088
-6.085532e-07	-0.02112
-6.065532e-07	-0.01872
-6.045532e-07	-0.01968
-6.025532e-07	-0.01968
-6.005532e-07	-0.02256
-5.985532e-07	-0.01968
-5.965532e-07	-0.02136
-5.945532e-07	-0.02112
-5.925532e-07	-0.02256
-5.905532e-07	-0.02136
-5.885532e-07	-0.02136
-5.865532e-07	-0.02112
-5.845532e-07	-0.02136
-5.825532e-07	-0.02112
-5.805532e-07	-0.02232
-5.785532e-07	-0.02088
-5.765532e-07	-0.0204
-5.745532e-07	-0.01992
-5.725532e-07	-0.02136
-5.705532e-07	-0.01992
-5.685532e-07	-0.02256
-5.665532e-07	-0.02016
-5.645532e-07	-0.02016
-5.625532e-07	-0.0204
-5.605532e-07	-0.02088
-5.585532e-07	-0.02256
-5.565532e-07	-0.02424
-5.545532e-07	-0.02112
-5.525532e-07	-0.0216
-5.505532e-07	-0.02064
-5.485532e-07	-0.02184
-5.465532e-07	-0.02208
-5.445532e-07	-0.02208
-5.425532e-07	-0.01968
-5.405532e-07	-0.02112
-5.385532e-07	-0.02088
-5.365532e-07	-0.02184
-5.345532e-07	-0.0228
-5.325532e-07	-0.0216
-5.305532e-07	-0.02232
-5.285532e-07	-0.02064
-5.265532e-07	-0.02136
-5.245532e-07	-0.02328
-5.225532e-07	-0.0204
-5.205532e-07	-0.0192
-5.185532e-07	-0.02016
-5.165532e-07	-0.01968
-5.145532e-07	-0.01944
-5.125532e-07	-0.02016
-5.105532e-07	-0.01896
-5.085532e-07	-0.01872
-5.065532e-07	-0.01896
-5.045532e-07	-0.01944
-5.025532e-07	-0.02016
-5.005532e-07	-0.02112
-4.985532e-07	-0.01872
-4.965532e-07	-0.01848
-4.945532e-07	-0.01896
-4.925532e-07	-0.01896
-4.905532e-07	-0.01896
-4.885532e-07	-0.02112
-4.865532e-07	-0.02112
-4.845532e-07	-0.02016
-4.825532e-07	-0.0204
-4.805532e-07	-0.02136
-4.785532e-07	-0.02064
-4.765532e-07	-0.02088
-4.745532e-07	-0.0192
-4.725532e-07	-0.02016
-4.705532e-07	-0.02136
-4.685532e-07	-0.02376
-4.665532e-07	-0.0216
-4.645532e-07	-0.02184
-4.625532e-07	-0.0216
-4.605532e-07	-0.02232
-4.585532e-07	-0.02088
-4.565532e-07	-0.02472
-4.545532e-07	-0.02256
-4.525532e-07	-0.02424
-4.505532e-07	-0.0216
-4.485532e-07	-0.02136
-4.465532e-07	-0.02064
-4.445532e-07	-0.0228
-4.425532e-07	-0.02352
-4.405532e-07	-0.02256
-4.385532e-07	-0.0216
-4.365532e-07	-0.02232
-4.345532e-07	-0.02016
-4.325532e-07	-0.02256
-4.305532e-07	-0.02184
-4.285532e-07	-0.024
-4.265532e-07	-0.0228
-4.245532e-07	-0.02208
-4.225532e-07	-0.02136
-4.205532e-07	-0.02352
-4.185532e-07	-0.02328
-4.165532e-07	-0.02184
-4.145532e-07	-0.02184
-4.125532e-07	-0.02352
-4.105532e-07	-0.02112
-4.085532e-07	-0.02304
-4.065532e-07	-0.0228
-4.045532e-07	-0.0252
-4.025532e-07	-0.02424
-4.005532e-07	-0.02472
-3.985532e-07	-0.02352
-3.965532e-07	-0.0228
-3.945532e-07	-0.02328
-3.925532e-07	-0.02232
-3.905532e-07	-0.02136
-3.885532e-07	-0.0228
-3.865532e-07	-0.02208
-3.845532e-07	-0.02232
-3.825532e-07	-0.02304
-3.805532e-07	-0.02208
-3.785532e-07	-0.02256
-3.765532e-07	-0.02184
-3.745532e-07	-0.02064
-3.725532e-07	-0.02232
-3.705532e-07	-0.02112
-3.685532e-07	-0.02184
-3.665532e-07	-0.0192
-3.645532e-07	-0.0204
-3.625532e-07	-0.0216
-3.605532e-07	-0.02064
-3.585532e-07	-0.02064
-3.565532e-07	-0.02016
-3.545532e-07	-0.02016
-3.525532e-07	-0.02136
-3.505532e-07	-0.02064
-3.485532e-07	-0.02136
-3.465532e-07	-0.01992
-3.445532e-07	-0.02112
-3.425532e-07	-0.01968
-3.405532e-07	-0.02208
-3.385532e-07	-0.01992
-3.365532e-07	-0.02208
-3.345532e-07	-0.02184
-3.325532e-07	-0.02208
-3.305532e-07	-0.0216
-3.285532e-07	-0.02304
-3.265532e-07	-0.0216
-3.245532e-07	-0.02448
-3.225532e-07	-0.02376
-3.205532e-07	-0.02088
-3.185532e-07	-0.0216
-3.165532e-07	-0.02112
-3.145532e-07	-0.0204
-3.125532e-07	-0.02112
-3.105532e-07	-0.0204
-3.085532e-07	-0.02256
-3.065532e-07	-0.02304
-3.045532e-07	-0.02112
-3.025532e-07	-0.02184
-3.005532e-07	-0.02208
-2.985532e-07	-0.02424
-2.965532e-07	-0.02256
-2.945532e-07	-0.0204
-2.925532e-07	-0.02352
-2.905532e-07	-0.02304
-2.885532e-07	-0.0228
-2.865532e-07	-0.0216
-2.845532e-07	-0.02208
-2.825532e-07	-0.02208
-2.805532e-07	-0.02424
-2.785532e-07	-0.02232
-2.765532e-07	-0.02568
-2.745532e-07	-0.02472
-2.725532e-07	-0.02256
-2.705532e-07	-0.02376
-2.685532e-07	-0.02424
-2.665532e-07	-0.0252
-2.645532e-07	-0.02304
-2.625532e-07	-0.02376
-2.605532e-07	-0.02184
-2.585532e-07	-0.02232
-2.565532e-07	-0.024
-2.545532e-07	-0.02208
-2.525532e-07	-0.0228
-2.505532e-07	-0.02328
-2.485532e-07	-0.024
-2.465532e-07	-0.02208
-2.445532e-07	-0.02472
-2.425532e-07	-0.02352
-2.405532e-07	-0.02304
-2.385532e-07	-0.02496
-2.365532e-07	-0.02592
-2.345532e-07	-0.02424
-2.325532e-07	-0.02424
-2.305532e-07	-0.02424
-2.285532e-07	-0.02688
-2.265532e-07	-0.0264
-2.245532e-07	-0.02472
-2.225532e-07	-0.02352
-2.205532e-07	-0.02544
-2.185532e-07	-0.02568
-2.165532e-07	-0.02352
-2.145532e-07	-0.02328
-2.125532e-07	-0.02544
-2.105532e-07	-0.02376
-2.085532e-07	-0.0252
-2.065532e-07	-0.024
-2.045532e-07	-0.02496
-2.025532e-07	-0.0252
-2.005532e-07	-0.0228
-1.985532e-07	-0.02328
-1.965532e-07	-0.02568
-1.945532e-07	-0.02424
-1.925532e-07	-0.02424
-1.905532e-07	-0.02592
-1.885532e-07	-0.024
-1.865532e-07	-0.02328
-1.845532e-07	-0.02664
-1.825532e-07	-0.02376
-1.805532e-07	-0.02568
-1.785532e-07	-0.02328
-1.765532e-07	-0.02448
-1.745532e-07	-0.02424
-1.725532e-07	-0.02592
-1.705532e-07	-0.02352
-1.685532e-07	-0.02448
-1.665532e-07	-0.024
-1.645532e-07	-0.02544
-1.625532e-07	-0.02568
-1.605532e-07	-0.02544
-1.585532e-07	-0.02376
-1.565532e-07	-0.02544
-1.545532e-07	-0.02592
-1.525532e-07	-0.02304
-1.505532e-07	-0.02256
-1.485532e-07	-0.02664
-1.465532e-07	-0.0252
-1.445532e-07	-0.02568
-1.425532e-07	-0.02496
-1.405532e-07	-0.0276
-1.385532e-07	-0.02736
-1.365532e-07	-0.0264
-1.345532e-07	-0.02472
-1.325532e-07	-0.02544
-1.305532e-07	-0.02712
-1.285532e-07	-0.02736
-1.265532e-07	-0.02496
-1.245532e-07	-0.0264
-1.225532e-07	-0.02568
-1.205532e-07	-0.0264
-1.185532e-07	-0.02496
-1.165532e-07	-0.02784
-1.145532e-07	-0.02688
-1.125532e-07	-0.02712
-1.105532e-07	-0.0228
-1.085532e-07	-0.02568
-1.065532e-07	-0.0264
-1.045532e-07	-0.02592
-1.025532e-07	-0.02544
-1.005532e-07	-0.0288
-9.855316e-08	-0.02616
-9.655316e-08	-0.02688
-9.455316e-08	-0.0252
-9.255316e-08	-0.0276
-9.055316e-08	-0.02712
-8.855316e-08	-0.0264
-8.655316e-08	-0.02424
-8.455316e-08	-0.02328
-8.255316e-08	-0.02424
-8.055316e-08	-0.02352
-7.855316e-08	-0.02256
-7.655316e-08	-0.02304
-7.455316e-08	-0.02208
-7.255316e-08	-0.02208
-7.055316e-08	-0.0228
-6.855316e-08	-0.02232
-6.655316e-08	-0.02232
-6.455316e-08	-0.02232
-6.255316e-08	-0.0228
-6.055316e-08	-0.0228
-5.855316e-08	-0.02112
-5.655316e-08	-0.02208
-5.455316e-08	-0.02208
-5.255316e-08	-0.02424
-5.055316e-08	-0.02136
-4.855316e-08	-0.02016
-4.655316e-08	-0.02208
-4.455316e-08	-0.02208
-4.255316e-08	-0.02088
-4.055316e-08	-0.02016
-3.855316e-08	-0.01848
-3.655316e-08	-0.02064
-3.455316e-08	-0.01968
-3.255316e-08	-0.02112
-3.055316e-08	-0.02064
-2.855316e-08	-0.01992
-2.655316e-08	-0.01992
-2.455316e-08	-0.0216
-2.255316e-08	-0.02088
-2.055316e-08	-0.02256
-1.855316e-08	-0.02232
-1.655316e-08	-0.0216
-1.455316e-08	-0.01944
-1.255316e-08	-0.02112
-1.055316e-08	-0.0204
-8.553157e-09	-0.02208
-6.553157e-09	-0.02088
-4.553157e-09	-0.01968
-2.553157e-09	-0.01944
-5.53157e-10	-0.01824
1.446843e-09	-0.01968
3.446843e-09	-0.02088
5.446843e-09	-0.01992
7.446843e-09	-0.01848
9.446843e-09	-0.01848
1.144684e-08	-0.01872
1.344684e-08	-0.01968
1.544684e-08	-0.01872
1.744684e-08	-0.01968
1.944684e-08	-0.01992
2.144684e-08	-0.01872
2.344684e-08	-0.01968
2.544684e-08	-0.01848
2.744684e-08	-0.01944
2.944684e-08	-0.01968
3.144684e-08	-0.01992
3.344684e-08	-0.01872
3.544684e-08	-0.02016
3.744684e-08	-0.01968
3.944684e-08	-0.02088
4.144684e-08	-0.02112
4.344684e-08	-0.02112
4.544684e-08	-0.0204
4.744684e-08	-0.01872
4.944684e-08	-0.0192
5.144684e-08	-0.02112
5.344684e-08	-0.0204
5.544684e-08	-0.02016
5.744684e-08	-0.02088
5.944684e-08	-0.01992
6.144684e-08	-0.02016
6.344684e-08	-0.02136
6.544684e-08	-0.01968
6.744684e-08	-0.02016
6.944684e-08	-0.01968
7.144684e-08	-0.02184
7.344684e-08	-0.01896
7.544684e-08	-0.0204
7.744684e-08	-0.01992
7.944684e-08	-0.02232
8.144684e-08	-0.0228
8.344684e-08	-0.0216
8.544684e-08	-0.01848
8.744684e-08	-0.02088
8.944684e-08	-0.02232
9.144684e-08	-0.02208
9.344684e-08	-0.01944
9.544684e-08	-0.0192
9.744684e-08	-0.0204
9.944684e-08	-0.01968
1.014468e-07	-0.01848
1.034468e-07	-0.01632
1.054468e-07	-0.01704
1.074468e-07	-0.0204
1.094468e-07	-0.01872
1.114468e-07	-0.01872
1.134468e-07	-0.01752
1.154468e-07	-0.01992
1.174468e-07	-0.01848
1.194468e-07	-0.01752
1.214468e-07	-0.01536
1.234468e-07	-0.018
1.254468e-07	-0.01944
1.274468e-07	-0.01752
1.294468e-07	-0.0156
1.314468e-07	-0.01296
1.334468e-07	-0.00264
1.354468e-07	0.01176
1.374468e-07	0.03648
1.394468e-07	0.07896
1.414468e-07	0.12888
1.434468e-07	0.18528
1.454468e-07	0.2448
1.474468e-07	0.30264
1.494468e-07	0.35664
1.514468e-07	0.40872
1.534468e-07	0.45912
1.554468e-07	0.50328
1.574468e-07	0.54264
1.594468e-07	0.57864
1.614468e-07	0.612
1.634468e-07	0.63936
1.654468e-07	0.6636
1.674468e-07	0.68352
1.694468e-07	0.70104
1.714468e-07	0.7128
1.734468e-07	0.72216
1.754468e-07	0.72816
1.774468e-07	0.73416
1.794468e-07	0.73296
1.814468e-07	0.73344
1.834468e-07	0.72816
1.854468e-07	0.7236
1.874468e-07	0.714
1.894468e-07	0.7068
1.914468e-07	0.69624
1.934468e-07	0.6864
1.954468e-07	0.67176
1.974468e-07	0.65952
1.994468e-07	0.64512
2.014468e-07	0.62952
2.034468e-07	0.6156
2.054468e-07	0.59928
2.074468e-07	0.5832
2.094468e-07	0.56712
2.114468e-07	0.55272
2.134468e-07	0.53592
2.154468e-07	0.51984
2.174468e-07	0.50376
2.194468e-07	0.48672
2.214468e-07	0.47088
2.234468e-07	0.4524
2.254468e-07	0.43848
2.274468e-07	0.42336
2.294468e-07	0.40608
2.314468e-07	0.39024
2.334468e-07	0.37464
2.354468e-07	0.36024
2.374468e-07	0.34776
2.394468e-07	0.33312
2.414468e-07	0.32064
2.434468e-07	0.30552
2.454468e-07	0.29496
2.474468e-07	0.28224
2.494468e-07	0.27192
2.514468e-07	0.258
2.534468e-07	0.24672
2.554468e-07	0.23328
2.574468e-07	0.228
2.594468e-07	0.216
2.614468e-07	0.2064
2.634468e-07	0.1968
2.654468e-07	0.18912
2.674468e-07	0.17808
2.694468e-07	0.1704
2.714468e-07	0.16152
2.734468e-07	0.15504
2.754468e-07	0.14568
2.774468e-07	0.13992
2.794468e-07	0.13056
2.814468e-07	0.12744
2.834468e-07	0.12
2.854468e-07	0.11472
2.874468e-07	0.10968
2.894468e-07	0.10536
2.914468e-07	0.09864
2.934468e-07	0.0924
2.954468e-07	0.08784
2.974468e-07	0.08472
2.994468e-07	0.08088
3.014468e-07	0.07536
3.034468e-07	0.07176
3.054468e-07	0.0684
3.074468e-07	0.06552
3.094468e-07	0.06168
3.114468e-07	0.05808
3.134468e-07	0.0564
3.154468e-07	0.05352
3.174468e-07	0.0516
3.194468e-07	0.04752
3.214468e-07	0.0468
3.234468e-07	0.04272
3.254468e-07	0.042
3.274468e-07	0.03696
3.294468e-07	0.03624
3.314468e-07	0.03432
3.334468e-07	0.0324
3.354468e-07	0.0336
3.374468e-07	0.03144
3.394468e-07	0.02736
3.414468e-07	0.02712
3.434468e-07	0.02568
3.454468e-07	0.02352
3.474468e-07	0.02184
3.494468e-07	0.02064
3.514468e-07	0.01824
3.534468e-07	0.01728
3.554468e-07	0.01512
3.574468e-07	0.01488
3.594468e-07	0.0156
3.614468e-07	0.01536
3.634468e-07	0.01128
3.654468e-07	0.01248
3.674468e-07	0.01248
3.694468e-07	0.01224
3.714468e-07	0.01104
3.734468e-07	0.00888
3.754468e-07	0.00864
3.774468e-07	0.00792
3.794468e-07	0.00696
3.814468e-07	0.00696
3.834468e-07	0.00504
3.854468e-07	0.00672
3.874468e-07	0.00504
3.894468e-07	0.00456
3.914468e-07	0.0024
3.934468e-07	0.00264
3.954468e-07	0.0012
3.974468e-07	0.00192
3.994468e-07	0.00048
4.014468e-07	0.00216
4.034468e-07	-0.00048
4.054468e-07	-0.0012
4.074468e-07	-0.00024
4.094468e-07	0
4.114468e-07	-0.00168
4.134468e-07	-0.0012
4.154468e-07	-0.00192
4.174468e-07	-0.0012
4.194468e-07	-0.00504
4.214468e-07	-0.0024
4.234468e-07	-0.0036
4.254468e-07	-0.00264
4.274468e-07	-0.00432
4.294468e-07	-0.00336
4.314468e-07	-0.00336
4.334468e-07	-0.00336
4.354468e-07	-0.00504
4.374468e-07	-0.00384
4.394468e-07	-0.00288
4.414468e-07	-0.00432
4.434468e-07	-0.00336
4.454468e-07	-0.00456
4.474468e-07	-0.006
4.494468e-07	-0.00576
4.514468e-07	-0.0072
4.534468e-07	-0.00504
4.554468e-07	-0.00648
4.574468e-07	-0.00624
4.594468e-07	-0.00912
4.614468e-07	-0.00984
4.634468e-07	-0.0072
4.654468e-07	-0.00936
4.674468e-07	-0.01152
4.694468e-07	-0.01224
4.714468e-07	-0.01248
4.734468e-07	-0.01176
4.754468e-07	-0.01248
4.774468e-07	-0.01152
4.794468e-07	-0.01344
4.814468e-07	-0.01368
4.834468e-07	-0.01512
4.854468e-07	-0.01488
4.874468e-07	-0.01488
4.894468e-07	-0.01296
4.914468e-07	-0.01584
4.934468e-07	-0.01728
4.954468e-07	-0.01776
4.974468e-07	-0.0168
4.994468e-07	-0.01968
5.014468e-07	-0.01776
5.034468e-07	-0.01752
5.054468e-07	-0.01848
5.074468e-07	-0.01968
5.094468e-07	-0.01872
5.114468e-07	-0.02016
5.134468e-07	-0.0216
5.154468e-07	-0.02088
5.174468e-07	-0.02232
5.194468e-07	-0.02064
5.214468e-07	-0.02112
5.234468e-07	-0.02424
5.254468e-07	-0.02328
5.274468e-07	-0.02352
5.294468e-07	-0.0228
5.314468e-07	-0.02568
5.334468e-07	-0.02328
5.354468e-07	-0.02568
5.374468e-07	-0.02472
5.394468e-07	-0.02664
5.414468e-07	-0.02688
5.434468e-07	-0.02736
5.454468e-07	-0.02808
5.474468e-07	-0.03
5.494468e-07	-0.02904
5.514468e-07	-0.02928
5.534468e-07	-0.0288
5.554468e-07	-0.03048
5.574468e-07	-0.02976
5.594468e-07	-0.03
5.614468e-07	-0.02904
5.634468e-07	-0.03264
5.654468e-07	-0.0312
5.674468e-07	-0.03024
5.694468e-07	-0.03072
5.714468e-07	-0.03192
5.734468e-07	-0.03072
5.754468e-07	-0.03168
5.774468e-07	-0.02976
5.794468e-07	-0.03336
5.814468e-07	-0.03168
5.834468e-07	-0.03096
5.854468e-07	-0.03096
5.874468e-07	-0.03312
5.894468e-07	-0.03288
5.914468e-07	-0.03072
5.934468e-07	-0.03072
5.954468e-07	-0.03432
5.974468e-07	-0.0336
5.994468e-07	-0.03264
6.014468e-07	-0.0324
6.034468e-07	-0.03264
6.054468e-07	-0.03384
6.074468e-07	-0.03312
6.094468e-07	-0.03024
6.114468e-07	-0.0324
6.134468e-07	-0.03264
6.154468e-07	-0.03168
6.174468e-07	-0.03216
6.194468e-07	-0.03336
6.214468e-07	-0.0324
6.234468e-07	-0.03144
6.254468e-07	-0.03192
6.274468e-07	-0.0348
6.294468e-07	-0.03048
6.314468e-07	-0.03072
6.334468e-07	-0.0312
6.354468e-07	-0.0324
6.374468e-07	-0.03
6.394468e-07	-0.03072
6.414468e-07	-0.02928
6.434468e-07	-0.03072
6.454468e-07	-0.02928
6.474468e-07	-0.0276
6.494468e-07	-0.02832
6.514468e-07	-0.02928
6.534468e-07	-0.02736
6.554468e-07	-0.02784
6.574468e-07	-0.0276
6.594468e-07	-0.02736
6.614468e-07	-0.02592
6.634468e-07	-0.02544
6.654468e-07	-0.02448
6.674468e-07	-0.02712
6.694468e-07	-0.02592
6.714468e-07	-0.02544
6.734468e-07	-0.02304
6.754468e-07	-0.02472
6.774468e-07	-0.02424
6.794468e-07	-0.02472
6.814468e-07	-0.02376
6.834468e-07	-0.02352
6.854468e-07	-0.02136
6.874468e-07	-0.02256
6.894468e-07	-0.02088
6.914468e-07	-0.02136
6.934468e-07	-0.02088
6.954468e-07	-0.02208
6.974468e-07	-0.02136
6.994468e-07	-0.02136
7.014468e-07	-0.02016
7.034468e-07	-0.02136
7.054468e-07	-0.01944
7.074468e-07	-0.02112
7.094468e-07	-0.018
7.114468e-07	-0.01872
7.134468e-07	-0.01728
7.154468e-07	-0.01944
7.174468e-07	-0.01896
7.194468e-07	-0.01872
7.214468e-07	-0.01656
7.234468e-07	-0.0168
7.254468e-07	-0.01848
7.274468e-07	-0.01656
7.294468e-07	-0.01512
7.314468e-07	-0.01656
7.334468e-07	-0.01776
7.354468e-07	-0.01632
7.374468e-07	-0.0156
7.394468e-07	-0.01608
7.414468e-07	-0.01704
7.434468e-07	-0.01512
7.454468e-07	-0.0144
7.474468e-07	-0.01536
7.494468e-07	-0.0156
7.514468e-07	-0.01728
7.534468e-07	-0.01608
7.554468e-07	-0.01656
7.574468e-07	-0.01728
7.594468e-07	-0.01608
7.614468e-07	-0.01584
7.634468e-07	-0.01632
7.654468e-07	-0.0156
7.674468e-07	-0.01656
7.694468e-07	-0.01488
7.714468e-07	-0.01656
7.734468e-07	-0.01632
7.754468e-07	-0.01512
7.774468e-07	-0.01512
7.794468e-07	-0.01608
7.814468e-07	-0.01584
7.834468e-07	-0.01608
7.854468e-07	-0.01488
7.874468e-07	-0.02016
7.894468e-07	-0.01608
7.914468e-07	-0.01536
7.934468e-07	-0.01608
7.954468e-07	-0.01632
7.974468e-07	-0.01608
7.994468e-07	-0.01392
8.014468e-07	-0.01464
8.034468e-07	-0.01632
8.054468e-07	-0.01536
8.074468e-07	-0.01488
8.094468e-07	-0.01392
8.114468e-07	-0.01488
8.134468e-07	-0.01464
8.154468e-07	-0.01536
8.174468e-07	-0.01464
8.194468e-07	-0.01464
8.214468e-07	-0.01536
8.234468e-07	-0.01536
8.254468e-07	-0.01464
8.274468e-07	-0.01416
8.294468e-07	-0.01368
8.314468e-07	-0.01536
8.334468e-07	-0.0156
8.354468e-07	-0.01704
8.374468e-07	-0.01536
8.394468e-07	-0.01416
8.414468e-07	-0.01416
8.434468e-07	-0.01752
8.454468e-07	-0.01608
8.474468e-07	-0.01464
8.494468e-07	-0.0156
8.514468e-07	-0.01704
8.534468e-07	-0.01776
8.554468e-07	-0.01752
8.574468e-07	-0.01488
8.594468e-07	-0.01512
8.614468e-07	-0.0168
8.634468e-07	-0.01752
8.654468e-07	-0.01656
8.674468e-07	-0.01752
8.694468e-07	-0.01872
8.714468e-07	-0.02016
8.734468e-07	-0.01776
8.754468e-07	-0.01656
8.774468e-07	-0.01776
8.794468e-07	-0.0192
8.814468e-07	-0.01776
8.834468e-07	-0.01944
8.854468e-07	-0.01848
8.874468e-07	-0.01992
8.894468e-07	-0.01848
8.914468e-07	-0.018
8.934468e-07	-0.01968
8.954468e-07	-0.0204
8.974468e-07	-0.02064
8.994468e-07	-0.02112
9.014468e-07	-0.0204
9.034468e-07	-0.02064
9.054468e-07	-0.02088
9.074468e-07	-0.0216
9.094468e-07	-0.01992
9.114468e-07	-0.01992
9.134468e-07	-0.02088
9.154468e-07	-0.0216
9.174468e-07	-0.02016
9.194468e-07	-0.0216
9.214468e-07	-0.01968
9.234468e-07	-0.02304
9.254468e-07	-0.02256
9.274468e-07	-0.02232
9.294468e-07	-0.02256
9.314468e-07	-0.02328
9.334468e-07	-0.02424
9.354468e-07	-0.02424
9.374468e-07	-0.02232
9.394468e-07	-0.02568
9.414468e-07	-0.024
9.434468e-07	-0.02424
9.454468e-07	-0.02208
9.474468e-07	-0.02472
9.494468e-07	-0.02352
9.514468e-07	-0.02376
9.534468e-07	-0.02256
9.554468e-07	-0.0264
9.574468e-07	-0.02616
9.594468e-07	-0.02496
9.614468e-07	-0.024
9.634468e-07	-0.02424
9.654468e-07	-0.02424
9.674468e-07	-0.02496
9.694468e-07	-0.02376
9.714468e-07	-0.02448
9.734468e-07	-0.024
9.754468e-07	-0.02424
9.774468e-07	-0.02448
9.794468e-07	-0.02352
9.814468e-07	-0.0264
9.834468e-07	-0.02376
9.854468e-07	-0.0228
9.874468e-07	-0.02544
9.894468e-07	-0.02544
9.914468e-07	-0.02688
9.934468e-07	-0.02568
9.954468e-07	-0.02592
9.974468e-07	-0.02448
9.994468e-07	-0.02616
1.001447e-06	-0.02328
1.003447e-06	-0.02568
1.005447e-06	-0.02592
1.007447e-06	-0.02472
1.009447e-06	-0.024
1.011447e-06	-0.0276
1.013447e-06	-0.02808
1.015447e-06	-0.0264
1.017447e-06	-0.02784
1.019447e-06	-0.02664
1.021447e-06	-0.0276
1.023447e-06	-0.02904
1.025447e-06	-0.02832
1.027447e-06	-0.02952
1.029447e-06	-0.02808
1.031447e-06	-0.02784
1.033447e-06	-0.02712
1.035447e-06	-0.02952
1.037447e-06	-0.02952
1.039447e-06	-0.02928
1.041447e-06	-0.02904
1.043447e-06	-0.03072
1.045447e-06	-0.0288
1.047447e-06	-0.02904
1.049447e-06	-0.02904
1.051447e-06	-0.03096
1.053447e-06	-0.02928
1.055447e-06	-0.02808
1.057447e-06	-0.02736
1.059447e-06	-0.03072
1.061447e-06	-0.02808
1.063447e-06	-0.0276
1.065447e-06	-0.02496
1.067447e-06	-0.02856
1.069447e-06	-0.02712
1.071447e-06	-0.02664
1.073447e-06	-0.02568
1.075447e-06	-0.0264
1.077447e-06	-0.02616
1.079447e-06	-0.02592
1.081447e-06	-0.02496
1.083447e-06	-0.02568
1.085447e-06	-0.02496
1.087447e-06	-0.02592
1.089447e-06	-0.02352
1.091447e-06	-0.02688
1.093447e-06	-0.02448
1.095447e-06	-0.02328
1.097447e-06	-0.02424
1.099447e-06	-0.02424
1.101447e-06	-0.02376
1.103447e-06	-0.02376
1.105447e-06	-0.02256
1.107447e-06	-0.02328
1.109447e-06	-0.02184
1.111447e-06	-0.02184
1.113447e-06	-0.02208
1.115447e-06	-0.02232
1.117447e-06	-0.0228
1.119447e-06	-0.02256
1.121447e-06	-0.02184
1.123447e-06	-0.0216
1.125447e-06	-0.02112
1.127447e-06	-0.02184
1.129447e-06	-0.0216
1.131447e-06	-0.02184
1.133447e-06	-0.0216
1.135447e-06	-0.02112
1.137447e-06	-0.01848
1.139447e-06	-0.0204
1.141447e-06	-0.0216
1.143447e-06	-0.02136
1.145447e-06	-0.0192
1.147447e-06	-0.02136
1.149447e-06	-0.02016
1.151447e-06	-0.02136
1.153447e-06	-0.0204
1.155447e-06	-0.02088
1.157447e-06	-0.01992
1.159447e-06	-0.01944
1.161447e-06	-0.01944
1.163447e-06	-0.0192
1.165447e-06	-0.01944
1.167447e-06	-0.0192
1.169447e-06	-0.02064
1.171447e-06	-0.02184
1.173447e-06	-0.01944
1.175447e-06	-0.02112
1.177447e-06	-0.02088
1.179447e-06	-0.01992
1.181447e-06	-0.02088
1.183447e-06	-0.01896
1.185447e-06	-0.02064
1.187447e-06	-0.0204
1.189447e-06	-0.01896
1.191447e-06	-0.01872
1.193447e-06	-0.01848
1.195447e-06	-0.01848
1.197447e-06	-0.01968
1.199447e-06	-0.018
1.201447e-06	-0.01704
1.203447e-06	-0.01752
1.205447e-06	-0.01704
1.207447e-06	-0.01632
1.209447e-06	-0.01752
1.211447e-06	-0.01776
1.213447e-06	-0.01752
1.215447e-06	-0.01776
1.217447e-06	-0.0168
1.219447e-06	-0.018
1.221447e-06	-0.01848
1.223447e-06	-0.01752
1.225447e-06	-0.01752
1.227447e-06	-0.01728
1.229447e-06	-0.0168
1.231447e-06	-0.01704
1.233447e-06	-0.01824
1.235447e-06	-0.01848
1.237447e-06	-0.01824
1.239447e-06	-0.01728
1.241447e-06	-0.01656
1.243447e-06	-0.01464
1.245447e-06	-0.01752
1.247447e-06	-0.01752
1.249447e-06	-0.018
1.251447e-06	-0.01944
1.253447e-06	-0.018
1.255447e-06	-0.01632
1.257447e-06	-0.01704
1.259447e-06	-0.02016
1.261447e-06	-0.01992
1.263447e-06	-0.0192
1.265447e-06	-0.0192
1.267447e-06	-0.0192
1.269447e-06	-0.01896
1.271447e-06	-0.01752
1.273447e-06	-0.01824
1.275447e-06	-0.018
1.277447e-06	-0.01728
1.279447e-06	-0.01632
1.281447e-06	-0.01776
1.283447e-06	-0.01872
1.285447e-06	-0.0168
1.287447e-06	-0.01824
1.289447e-06	-0.01776
1.291447e-06	-0.01728
1.293447e-06	-0.01944
1.295447e-06	-0.01944
1.297447e-06	-0.01752
1.299447e-06	-0.01848
1.301447e-06	-0.01824
1.303447e-06	-0.018
1.305447e-06	-0.0192
1.307447e-06	-0.018
1.309447e-06	-0.01896
1.311447e-06	-0.01968
1.313447e-06	-0.01776
1.315447e-06	-0.0192
1.317447e-06	-0.01968
1.319447e-06	-0.01992
1.321447e-06	-0.01872
1.323447e-06	-0.0204
1.325447e-06	-0.018
1.327447e-06	-0.0192
1.329447e-06	-0.02016
1.331447e-06	-0.0192
1.333447e-06	-0.01944
1.335447e-06	-0.0204
1.337447e-06	-0.02112
1.339447e-06	-0.0216
1.341447e-06	-0.02136
1.343447e-06	-0.02136
1.345447e-06	-0.02112
1.347447e-06	-0.02136
1.349447e-06	-0.02016
1.351447e-06	-0.02112
1.353447e-06	-0.02256
1.355447e-06	-0.0216
1.357447e-06	-0.01944
1.359447e-06	-0.02136
1.361447e-06	-0.02112
1.363447e-06	-0.02136
1.365447e-06	-0.02064
1.367447e-06	-0.02088
1.369447e-06	-0.01968
1.371447e-06	-0.02232
1.373447e-06	-0.02208
1.375447e-06	-0.02232
1.377447e-06	-0.02088
1.379447e-06	-0.02184
1.381447e-06	-0.0228
1.383447e-06	-0.02208
1.385447e-06	-0.0216
1.387447e-06	-0.02256
1.389447e-06	-0.02232
1.391447e-06	-0.02304
1.393447e-06	-0.02328
1.395447e-06	-0.02568
1.397447e-06	-0.024
1.399447e-06	-0.02496
1.401447e-06	-0.02472
1.403447e-06	-0.02544
1.405447e-06	-0.02544
1.407447e-06	-0.02376
1.409447e-06	-0.024
1.411447e-06	-0.02376
1.413447e-06	-0.02592
1.415447e-06	-0.02592
1.417447e-06	-0.02544
1.419447e-06	-0.0276
1.421447e-06	-0.02688
1.423447e-06	-0.0264
1.425447e-06	-0.02424
1.427447e-06	-0.02736
1.429447e-06	-0.02568
1.431447e-06	-0.0252
1.433447e-06	-0.02328
1.435447e-06	-0.0276
1.437447e-06	-0.02664
1.439447e-06	-0.02592
1.441447e-06	-0.02448
1.443447e-06	-0.0276
1.445447e-06	-0.02568
1.447447e-06	-0.02784
1.449447e-06	-0.02496
1.451447e-06	-0.0276
1.453447e-06	-0.02712
1.455447e-06	-0.0276
1.457447e-06	-0.02712
1.459447e-06	-0.02856
1.461447e-06	-0.02592
1.463447e-06	-0.0252
1.465447e-06	-0.02568
1.467447e-06	-0.0276
1.469447e-06	-0.02616
1.471447e-06	-0.0264
1.473447e-06	-0.02568
1.475447e-06	-0.02544
1.477447e-06	-0.0252
1.479447e-06	-0.0264
1.481447e-06	-0.02616
1.483447e-06	-0.02448
1.485447e-06	-0.02616
1.487447e-06	-0.02712
1.489447e-06	-0.0252
1.491447e-06	-0.02616
1.493447e-06	-0.02568
1.495447e-06	-0.02568
1.497447e-06	-0.02544
1.499447e-06	-0.02544
1.501447e-06	-0.02472
1.503447e-06	-0.02688
1.505447e-06	-0.02352
1.507447e-06	-0.02496
1.509447e-06	-0.02472
1.511447e-06	-0.02448
1.513447e-06	-0.02472
1.515447e-06	-0.02448
1.517447e-06	-0.02544
1.519447e-06	-0.024
1.521447e-06	-0.02424
1.523447e-06	-0.02472
1.525447e-06	-0.02496
1.527447e-06	-0.02472
1.529447e-06	-0.02448
1.531447e-06	-0.02568
1.533447e-06	-0.0264
1.535447e-06	-0.0252
1.537447e-06	-0.02472
1.539447e-06	-0.02568
1.541447e-06	-0.02376
1.543447e-06	-0.02376
1.545447e-06	-0.02448
1.547447e-06	-0.02712
1.549447e-06	-0.02496
1.551447e-06	-0.02664
1.553447e-06	-0.02616
1.555447e-06	-0.02424
1.557447e-06	-0.02592
1.559447e-06	-0.02712
1.561447e-06	-0.02352
1.563447e-06	-0.02304
1.565447e-06	-0.02256
1.567447e-06	-0.024
1.569447e-06	-0.02232
1.571447e-06	-0.02328
1.573447e-06	-0.024
1.575447e-06	-0.0228
1.577447e-06	-0.0228
1.579447e-06	-0.0216
1.581447e-06	-0.02496
1.583447e-06	-0.02424
1.585447e-06	-0.02208
1.587447e-06	-0.0228
1.589447e-06	-0.02184
1.591447e-06	-0.02064
1.593447e-06	-0.02136
1.595447e-06	-0.02256
1.597447e-06	-0.02064
1.599447e-06	-0.02208
1.601447e-06	-0.02088
1.603447e-06	-0.0216
1.605447e-06	-0.02016
1.607447e-06	-0.02064
1.609447e-06	-0.01992
1.611447e-06	-0.02112
1.613447e-06	-0.01896
1.615447e-06	-0.01992
1.617447e-06	-0.0192
1.619447e-06	-0.01872
1.621447e-06	-0.01752
1.623447e-06	-0.018
1.625447e-06	-0.01728
1.627447e-06	-0.01776
1.629447e-06	-0.0192
1.631447e-06	-0.01752
1.633447e-06	-0.01632
1.635447e-06	-0.018
1.637447e-06	-0.01704
1.639447e-06	-0.01752
1.641447e-06	-0.01824
1.643447e-06	-0.018
1.645447e-06	-0.01776
1.647447e-06	-0.01656
1.649447e-06	-0.01608
1.651447e-06	-0.0168
1.653447e-06	-0.01824
1.655447e-06	-0.01752
1.657447e-06	-0.01728
1.659447e-06	-0.01656
1.661447e-06	-0.01656
1.663447e-06	-0.01656
1.665447e-06	-0.01536
1.667447e-06	-0.01704
1.669447e-06	-0.01728
1.671447e-06	-0.01632
1.673447e-06	-0.0156
1.675447e-06	-0.01752
1.677447e-06	-0.01848
1.679447e-06	-0.0168
1.681447e-06	-0.01632
1.683447e-06	-0.01512
1.685447e-06	-0.01632
1.687447e-06	-0.0156
1.689447e-06	-0.01416
1.691447e-06	-0.01536
1.693447e-06	-0.018
1.695447e-06	-0.01608
1.697447e-06	-0.01464
1.699447e-06	-0.01728
1.701447e-06	-0.01656
1.703447e-06	-0.01656
1.705447e-06	-0.01704
1.707447e-06	-0.01752
1.709447e-06	-0.01752
1.711447e-06	-0.0168
1.713447e-06	-0.01608
1.715447e-06	-0.01872
1.717447e-06	-0.01872
1.719447e-06	-0.01872
1.721447e-06	-0.01776
1.723447e-06	-0.01872
1.725447e-06	-0.01776
1.727447e-06	-0.01944
1.729447e-06	-0.0168
1.731447e-06	-0.02064
1.733447e-06	-0.01824
1.735447e-06	-0.018
1.737447e-06	-0.01896
1.739447e-06	-0.02256
1.741447e-06	-0.01992
1.743447e-06	-0.02064
1.745447e-06	-0.01968
1.747447e-06	-0.02256
1.749447e-06	-0.02208
1.751447e-06	-0.0216
1.753447e-06	-0.02184
1.755447e-06	-0.02328
1.757447e-06	-0.02136
1.759447e-06	-0.0216
1.761447e-06	-0.02064
1.763447e-06	-0.02208
1.765447e-06	-0.02136
1.767447e-06	-0.0216
1.769447e-06	-0.02208
1.771447e-06	-0.02256
1.773447e-06	-0.02232
1.775447e-06	-0.02256
1.777447e-06	-0.02376
1.779447e-06	-0.02328
1.781447e-06	-0.02352
1.783447e-06	-0.0216
1.785447e-06	-0.02304
1.787447e-06	-0.0228
1.789447e-06	-0.02232
1.791447e-06	-0.02184
1.793447e-06	-0.02232
1.795447e-06	-0.02376
1.797447e-06	-0.02328
1.799447e-06	-0.02352
1.801447e-06	-0.02328
1.803447e-06	-0.02544
1.805447e-06	-0.02496
1.807447e-06	-0.02472
1.809447e-06	-0.02424
1.811447e-06	-0.02424
1.813447e-06	-0.02496
1.815447e-06	-0.02496
1.817447e-06	-0.02352
1.819447e-06	-0.02304
1.821447e-06	-0.02376
1.823447e-06	-0.02376
1.825447e-06	-0.02376
1.827447e-06	-0.02496
1.829447e-06	-0.02568
1.831447e-06	-0.02592
1.833447e-06	-0.02448
1.835447e-06	-0.02664
1.837447e-06	-0.02688
1.839447e-06	-0.02736
1.841447e-06	-0.02616
1.843447e-06	-0.02616
1.845447e-06	-0.02568
1.847447e-06	-0.02496
1.849447e-06	-0.02448
1.851447e-06	-0.0264
1.853447e-06	-0.02568
1.855447e-06	-0.02592
1.857447e-06	-0.02472
1.859447e-06	-0.02616
1.861447e-06	-0.02424
1.863447e-06	-0.0252
1.865447e-06	-0.02424
1.867447e-06	-0.02712
1.869447e-06	-0.02544
1.871447e-06	-0.02616
1.873447e-06	-0.02352
1.875447e-06	-0.0252
1.877447e-06	-0.02352
1.879447e-06	-0.02304
1.881447e-06	-0.02256
1.883447e-06	-0.02544
1.885447e-06	-0.02496
1.887447e-06	-0.02496
1.889447e-06	-0.02352
1.891447e-06	-0.02616
1.893447e-06	-0.02664
1.895447e-06	-0.0252
1.897447e-06	-0.0252
1.899447e-06	-0.02568
1.901447e-06	-0.02592
1.903447e-06	-0.02544
1.905447e-06	-0.02448
1.907447e-06	-0.02472
1.909447e-06	-0.02544
1.911447e-06	-0.02448
1.913447e-06	-0.024
1.915447e-06	-0.02352
1.917447e-06	-0.02304
1.919447e-06	-0.02232
1.921447e-06	-0.02376
1.923447e-06	-0.02472
1.925447e-06	-0.02424
1.927447e-06	-0.02424
1.929447e-06	-0.02184
1.931447e-06	-0.02352
1.933447e-06	-0.02208
1.935447e-06	-0.02328
1.937447e-06	-0.02304
1.939447e-06	-0.02496
1.941447e-06	-0.02208
1.943447e-06	-0.02256
1.945447e-06	-0.02136
1.947447e-06	-0.02232
1.949447e-06	-0.02136
1.951447e-06	-0.02328
1.953447e-06	-0.02088
1.955447e-06	-0.02208
1.957447e-06	-0.02064
1.959447e-06	-0.02064
1.961447e-06	-0.02136
1.963447e-06	-0.02232
1.965447e-06	-0.02256
1.967447e-06	-0.02064
1.969447e-06	-0.02112
1.971447e-06	-0.02304
1.973447e-06	-0.0216
1.975447e-06	-0.02136
1.977447e-06	-0.02064
1.979447e-06	-0.02328
1.981447e-06	-0.02328
1.983447e-06	-0.02328
1.985447e-06	-0.02256
1.987447e-06	-0.02232
1.989447e-06	-0.02208
1.991447e-06	-0.02328
1.993447e-06	-0.02184
1.995447e-06	-0.0228
1.997447e-06	-0.02352
1.999447e-06	-0.02352
2.001447e-06	-0.02256
2.003447e-06	-0.02136
2.005447e-06	-0.02232
2.007447e-06	-0.02136
2.009447e-06	-0.0216
2.011447e-06	-0.0216
2.013447e-06	-0.01968
2.015447e-06	-0.02232
2.017447e-06	-0.02064
2.019447e-06	-0.0204
2.021447e-06	-0.0216
2.023447e-06	-0.02184
2.025447e-06	-0.01776
2.027447e-06	-0.02112
2.029447e-06	-0.0216
2.031447e-06	-0.02136
2.033447e-06	-0.02016
2.035447e-06	-0.02064
2.037447e-06	-0.01992
2.039447e-06	-0.0192
2.041447e-06	-0.01968
2.043447e-06	-0.01896
2.045447e-06	-0.01872
2.047447e-06	-0.02016
2.049447e-06	-0.01656
2.051447e-06	-0.01872
2.053447e-06	-0.01944
2.055447e-06	-0.02112
2.057447e-06	-0.01968
2.059447e-06	-0.01632
2.061447e-06	-0.01752
2.063447e-06	-0.01728
2.065447e-06	-0.01944
2.067447e-06	-0.01944
2.069447e-06	-0.01968
2.071447e-06	-0.01896
2.073447e-06	-0.01968
2.075447e-06	-0.02112
2.077447e-06	-0.01968
2.079447e-06	-0.02016
2.081447e-06	-0.0204
2.083447e-06	-0.02208
2.085447e-06	-0.02136
2.087447e-06	-0.02112
2.089447e-06	-0.01944
2.091447e-06	-0.0228
2.093447e-06	-0.02088
2.095447e-06	-0.02016
2.097447e-06	-0.02136
2.099447e-06	-0.02112
2.101447e-06	-0.02232
2.103447e-06	-0.0204
2.105447e-06	-0.01992
2.107447e-06	-0.02136
2.109447e-06	-0.02232
2.111447e-06	-0.0216
2.113447e-06	-0.02184
2.115447e-06	-0.02232
2.117447e-06	-0.0216
2.119447e-06	-0.02016
2.121447e-06	-0.02064
2.123447e-06	-0.02304
2.125447e-06	-0.02184
2.127447e-06	-0.02064
2.129447e-06	-0.02112
2.131447e-06	-0.02112
2.133447e-06	-0.02232
2.135447e-06	-0.0216
2.137447e-06	-0.0204
2.139447e-06	-0.02112
2.141447e-06	-0.01944
2.143447e-06	-0.01944
2.145447e-06	-0.01848
2.147447e-06	-0.02016
2.149447e-06	-0.0204
2.151447e-06	-0.0192
2.153447e-06	-0.01872
2.155447e-06	-0.02088
2.157447e-06	-0.0192
2.159447e-06	-0.01872
2.161447e-06	-0.01728
2.163447e-06	-0.01824
2.165447e-06	-0.01968
2.167447e-06	-0.02136
2.169447e-06	-0.0204
2.171447e-06	-0.02112
2.173447e-06	-0.0192
2.175447e-06	-0.01896
2.177447e-06	-0.0204
2.179447e-06	-0.02064
2.181447e-06	-0.02088
2.183447e-06	-0.02016
2.185447e-06	-0.02112
2.187447e-06	-0.02136
2.189447e-06	-0.01872
2.191447e-06	-0.02136
2.193447e-06	-0.0204
2.195447e-06	-0.02088
2.197447e-06	-0.02016
2.199447e-06	-0.02064
2.201447e-06	-0.02112
2.203447e-06	-0.0228
2.205447e-06	-0.02184
2.207447e-06	-0.02256
2.209447e-06	-0.0204
2.211447e-06	-0.0216
2.213447e-06	-0.02112
2.215447e-06	-0.02232
2.217447e-06	-0.02208
2.219447e-06	-0.02352
2.221447e-06	-0.02304
2.223447e-06	-0.02184
2.225447e-06	-0.02136
2.227447e-06	-0.02088
2.229447e-06	-0.0216
2.231447e-06	-0.02016
2.233447e-06	-0.02232
2.235447e-06	-0.02136
2.237447e-06	-0.0216
2.239447e-06	-0.0216
2.241447e-06	-0.01968
2.243447e-06	-0.02136
2.245447e-06	-0.0204
2.247447e-06	-0.01872
2.249447e-06	-0.01992
2.251447e-06	-0.01992
2.253447e-06	-0.01992
2.255447e-06	-0.02088
2.257447e-06	-0.01824
2.259447e-06	-0.01896
2.261447e-06	-0.01824
2.263447e-06	-0.01824
2.265447e-06	-0.01704
2.267447e-06	-0.01824
2.269447e-06	-0.01728
2.271447e-06	-0.01728
2.273447e-06	-0.01704
2.275447e-06	-0.01704
2.277447e-06	-0.01848
2.279447e-06	-0.01824
2.281447e-06	-0.01656
2.283447e-06	-0.01704
2.285447e-06	-0.01656
2.287447e-06	-0.01776
2.289447e-06	-0.01656
2.291447e-06	-0.01872
2.293447e-06	-0.01968
2.295447e-06	-0.01896
2.297447e-06	-0.01872
2.299447e-06	-0.01944
2.301447e-06	-0.01944
2.303447e-06	-0.01848
2.305447e-06	-0.02064
2.307447e-06	-0.01968
2.309447e-06	-0.0192
2.311447e-06	-0.0204
2.313447e-06	-0.0192
2.315447e-06	-0.0204
2.317447e-06	-0.0204
2.319447e-06	-0.02016
2.321447e-06	-0.01992
2.323447e-06	-0.02016
2.325447e-06	-0.01944
2.327447e-06	-0.02112
2.329447e-06	-0.01968
2.331447e-06	-0.01968
2.333447e-06	-0.02136
2.335447e-06	-0.02112
2.337447e-06	-0.02112
2.339447e-06	-0.02136
2.341447e-06	-0.02088
2.343447e-06	-0.01992
2.345447e-06	-0.02064
2.347447e-06	-0.02352
2.349447e-06	-0.01992
2.351447e-06	-0.02232
2.353447e-06	-0.02016
2.355447e-06	-0.02136
2.357447e-06	-0.01896
2.359447e-06	-0.02064
2.361447e-06	-0.01896
2.363447e-06	-0.02208
2.365447e-06	-0.02088
2.367447e-06	-0.01992
2.369447e-06	-0.02064
2.371447e-06	-0.02136
2.373447e-06	-0.02208
2.375447e-06	-0.02304
2.377447e-06	-0.02136
2.379447e-06	-0.0228
2.381447e-06	-0.02016
2.383447e-06	-0.02232
2.385447e-06	-0.02232
2.387447e-06	-0.02304
2.389447e-06	-0.0228
2.391447e-06	-0.02328
2.393447e-06	-0.0216
2.395447e-06	-0.02232
2.397447e-06	-0.02232
2.399447e-06	-0.02304
2.401447e-06	-0.0228
2.403447e-06	-0.0228
2.405447e-06	-0.02088
2.407447e-06	-0.0228
2.409447e-06	-0.02088
2.411447e-06	-0.02112
2.413447e-06	-0.0204
2.415447e-06	-0.02136
2.417447e-06	-0.02064
2.419447e-06	-0.01992
2.421447e-06	-0.02016
2.423447e-06	-0.01872
2.425447e-06	-0.01632
2.427447e-06	-0.02064
2.429447e-06	-0.02016
2.431447e-06	-0.02088
2.433447e-06	-0.01824
2.435447e-06	-0.01944
2.437447e-06	-0.01776
2.439447e-06	-0.0192
2.441447e-06	-0.01848
2.443447e-06	-0.018
2.445447e-06	-0.01824
2.447447e-06	-0.01968
2.449447e-06	-0.0204
2.451447e-06	-0.02208
2.453447e-06	-0.0204
2.455447e-06	-0.0192
2.457447e-06	-0.01776
2.459447e-06	-0.01824
2.461447e-06	-0.02016
2.463447e-06	-0.018
2.465447e-06	-0.01896
2.467447e-06	-0.0192
2.469447e-06	-0.0204
2.471447e-06	-0.01992
2.473447e-06	-0.01584
2.475447e-06	-0.01632
2.477447e-06	-0.01944
2.479447e-06	-0.0216
2.481447e-06	-0.0204
2.483447e-06	-0.02016
2.485447e-06	-0.01896
2.487447e-06	-0.01848
2.489447e-06	-0.02064
2.491447e-06	-0.0192
2.493447e-06	-0.01824
2.495447e-06	-0.0156
2.497447e-06	-0.01824
2.499447e-06	-0.0192
2.501447e-06	-0.02064
2.503447e-06	-0.018
2.505447e-06	-0.0192
2.507447e-06	-0.0192
2.509447e-06	-0.01968
2.511447e-06	-0.01896
