LECROYHDO6104A	50809	Waveform
Segments	1	SegmentSize	2502
Segment	TrigTime	TimeSinceSegment1
#1	19-Dec-2022 19:46:47	0                 
Time	Ampl
-2.500096e-06	-0.023408
-2.498096e-06	-0.0224
-2.496096e-06	-0.0224
-2.494096e-06	-0.023408
-2.492096e-06	-0.023408
-2.490096e-06	-0.022736
-2.488096e-06	-0.023408
-2.486096e-06	-0.023072
-2.484096e-06	-0.020048
-2.482096e-06	-0.021728
-2.480096e-06	-0.023408
-2.478096e-06	-0.022064
-2.476096e-06	-0.022736
-2.474096e-06	-0.0224
-2.472096e-06	-0.022736
-2.470096e-06	-0.0224
-2.468096e-06	-0.0224
-2.466096e-06	-0.024416
-2.464096e-06	-0.022736
-2.462096e-06	-0.0224
-2.460096e-06	-0.024416
-2.458096e-06	-0.0224
-2.456096e-06	-0.0224
-2.454096e-06	-0.0224
-2.452096e-06	-0.023408
-2.450096e-06	-0.023408
-2.448096e-06	-0.023408
-2.446096e-06	-0.024752
-2.444096e-06	-0.023072
-2.442096e-06	-0.022736
-2.440096e-06	-0.021728
-2.438096e-06	-0.021392
-2.436096e-06	-0.023072
-2.434096e-06	-0.024416
-2.432096e-06	-0.0224
-2.430096e-06	-0.022064
-2.428096e-06	-0.0224
-2.426096e-06	-0.023072
-2.424096e-06	-0.023744
-2.422096e-06	-0.022736
-2.420096e-06	-0.025424
-2.418096e-06	-0.02408
-2.416096e-06	-0.022064
-2.414096e-06	-0.024416
-2.412096e-06	-0.025424
-2.410096e-06	-0.02576
-2.408096e-06	-0.02408
-2.406096e-06	-0.026096
-2.404096e-06	-0.02408
-2.402096e-06	-0.024752
-2.400096e-06	-0.02576
-2.398096e-06	-0.0224
-2.396096e-06	-0.023072
-2.394096e-06	-0.024416
-2.392096e-06	-0.02576
-2.390096e-06	-0.025088
-2.388096e-06	-0.026432
-2.386096e-06	-0.02576
-2.384096e-06	-0.026096
-2.382096e-06	-0.023408
-2.380096e-06	-0.026432
-2.378096e-06	-0.024416
-2.376096e-06	-0.025424
-2.374096e-06	-0.024752
-2.372096e-06	-0.025424
-2.370096e-06	-0.026096
-2.368096e-06	-0.025424
-2.366096e-06	-0.026432
-2.364096e-06	-0.026432
-2.362096e-06	-0.02576
-2.360096e-06	-0.02576
-2.358096e-06	-0.024416
-2.356096e-06	-0.026096
-2.354096e-06	-0.026432
-2.352096e-06	-0.026096
-2.350096e-06	-0.024752
-2.348096e-06	-0.02408
-2.346096e-06	-0.026768
-2.344096e-06	-0.024752
-2.342096e-06	-0.023744
-2.340096e-06	-0.026432
-2.338096e-06	-0.026096
-2.336096e-06	-0.026432
-2.334096e-06	-0.023408
-2.332096e-06	-0.024752
-2.330096e-06	-0.025424
-2.328096e-06	-0.025088
-2.326096e-06	-0.024416
-2.324096e-06	-0.024416
-2.322096e-06	-0.023408
-2.320096e-06	-0.022736
-2.318096e-06	-0.022064
-2.316096e-06	-0.025424
-2.314096e-06	-0.02576
-2.312096e-06	-0.024416
-2.310096e-06	-0.021728
-2.308096e-06	-0.023072
-2.306096e-06	-0.024416
-2.304096e-06	-0.02408
-2.302096e-06	-0.022736
-2.300096e-06	-0.02408
-2.298096e-06	-0.022736
-2.296096e-06	-0.023408
-2.294096e-06	-0.02408
-2.292096e-06	-0.022736
-2.290096e-06	-0.023072
-2.288096e-06	-0.024752
-2.286096e-06	-0.023072
-2.284096e-06	-0.023744
-2.282096e-06	-0.021392
-2.280096e-06	-0.022736
-2.278096e-06	-0.0224
-2.276096e-06	-0.02408
-2.274096e-06	-0.022064
-2.272096e-06	-0.020384
-2.270096e-06	-0.021392
-2.268096e-06	-0.022064
-2.266096e-06	-0.022064
-2.264096e-06	-0.022064
-2.262096e-06	-0.021728
-2.260096e-06	-0.0224
-2.258096e-06	-0.023408
-2.256096e-06	-0.020384
-2.254096e-06	-0.021392
-2.252096e-06	-0.021056
-2.250096e-06	-0.021056
-2.248096e-06	-0.023744
-2.246096e-06	-0.0224
-2.244096e-06	-0.023408
-2.242096e-06	-0.021728
-2.240096e-06	-0.021392
-2.238096e-06	-0.021728
-2.236096e-06	-0.022736
-2.234096e-06	-0.021728
-2.232096e-06	-0.023072
-2.230096e-06	-0.0224
-2.228096e-06	-0.0224
-2.226096e-06	-0.023408
-2.224096e-06	-0.022064
-2.222096e-06	-0.02408
-2.220096e-06	-0.023408
-2.218096e-06	-0.023072
-2.216096e-06	-0.023744
-2.214096e-06	-0.023408
-2.212096e-06	-0.023408
-2.210096e-06	-0.025424
-2.208096e-06	-0.025424
-2.206096e-06	-0.026432
-2.204096e-06	-0.025424
-2.202096e-06	-0.02408
-2.200096e-06	-0.023744
-2.198096e-06	-0.025088
-2.196096e-06	-0.02408
-2.194096e-06	-0.023072
-2.192096e-06	-0.023408
-2.190096e-06	-0.025088
-2.188096e-06	-0.023408
-2.186096e-06	-0.022736
-2.184096e-06	-0.02408
-2.182096e-06	-0.02576
-2.180096e-06	-0.024752
-2.178096e-06	-0.021728
-2.176096e-06	-0.023072
-2.174096e-06	-0.02408
-2.172096e-06	-0.02408
-2.170096e-06	-0.023744
-2.168096e-06	-0.023744
-2.166096e-06	-0.025424
-2.164096e-06	-0.022736
-2.162096e-06	-0.0224
-2.160096e-06	-0.02408
-2.158096e-06	-0.023744
-2.156096e-06	-0.022736
-2.154096e-06	-0.024416
-2.152096e-06	-0.02408
-2.150096e-06	-0.023072
-2.148096e-06	-0.025088
-2.146096e-06	-0.026096
-2.144096e-06	-0.025424
-2.142096e-06	-0.02408
-2.140096e-06	-0.025424
-2.138096e-06	-0.025424
-2.136096e-06	-0.024752
-2.134096e-06	-0.025424
-2.132096e-06	-0.026096
-2.130096e-06	-0.023408
-2.128096e-06	-0.024752
-2.126096e-06	-0.024416
-2.124096e-06	-0.023072
-2.122096e-06	-0.023072
-2.120096e-06	-0.023408
-2.118096e-06	-0.024752
-2.116096e-06	-0.024752
-2.114096e-06	-0.025424
-2.112096e-06	-0.024752
-2.110096e-06	-0.025424
-2.108096e-06	-0.025424
-2.106096e-06	-0.023072
-2.104096e-06	-0.025088
-2.102096e-06	-0.021728
-2.100096e-06	-0.024752
-2.098096e-06	-0.023408
-2.096096e-06	-0.025088
-2.094096e-06	-0.023408
-2.092096e-06	-0.0224
-2.090096e-06	-0.023408
-2.088096e-06	-0.023744
-2.086096e-06	-0.023744
-2.084096e-06	-0.021392
-2.082096e-06	-0.022064
-2.080096e-06	-0.024416
-2.078096e-06	-0.021728
-2.076096e-06	-0.0224
-2.074096e-06	-0.021728
-2.072096e-06	-0.021728
-2.070096e-06	-0.021056
-2.068096e-06	-0.022064
-2.066096e-06	-0.021392
-2.064096e-06	-0.022736
-2.062096e-06	-0.022064
-2.060096e-06	-0.025424
-2.058096e-06	-0.0224
-2.056096e-06	-0.02408
-2.054096e-06	-0.023744
-2.052096e-06	-0.02576
-2.050096e-06	-0.023072
-2.048096e-06	-0.0224
-2.046096e-06	-0.023408
-2.044096e-06	-0.024752
-2.042096e-06	-0.023744
-2.040096e-06	-0.022736
-2.038096e-06	-0.023072
-2.036096e-06	-0.023072
-2.034096e-06	-0.0224
-2.032096e-06	-0.024752
-2.030096e-06	-0.024416
-2.028096e-06	-0.023408
-2.026096e-06	-0.023408
-2.024096e-06	-0.023744
-2.022096e-06	-0.02408
-2.020096e-06	-0.02408
-2.018096e-06	-0.02408
-2.016096e-06	-0.024752
-2.014096e-06	-0.02408
-2.012096e-06	-0.02072
-2.010096e-06	-0.023744
-2.008096e-06	-0.021056
-2.006096e-06	-0.02072
-2.004096e-06	-0.0224
-2.002096e-06	-0.023072
-2.000096e-06	-0.025424
-1.998096e-06	-0.023408
-1.996096e-06	-0.026432
-1.994096e-06	-0.02408
-1.992096e-06	-0.021728
-1.990096e-06	-0.021056
-1.988096e-06	-0.026432
-1.986096e-06	-0.026768
-1.984096e-06	-0.024752
-1.982096e-06	-0.025424
-1.980096e-06	-0.025088
-1.978096e-06	-0.02408
-1.976096e-06	-0.023072
-1.974096e-06	-0.023072
-1.972096e-06	-0.023744
-1.970096e-06	-0.023744
-1.968096e-06	-0.024416
-1.966096e-06	-0.025088
-1.964096e-06	-0.02408
-1.962096e-06	-0.023072
-1.960096e-06	-0.022736
-1.958096e-06	-0.024416
-1.956096e-06	-0.025424
-1.954096e-06	-0.0224
-1.952096e-06	-0.021056
-1.950096e-06	-0.023072
-1.948096e-06	-0.023072
-1.946096e-06	-0.02072
-1.944096e-06	-0.021728
-1.942096e-06	-0.023408
-1.940096e-06	-0.02408
-1.938096e-06	-0.021728
-1.936096e-06	-0.022736
-1.934096e-06	-0.019376
-1.932096e-06	-0.019712
-1.930096e-06	-0.021056
-1.928096e-06	-0.021728
-1.926096e-06	-0.021392
-1.924096e-06	-0.021392
-1.922096e-06	-0.021056
-1.920096e-06	-0.0224
-1.918096e-06	-0.02072
-1.916096e-06	-0.022064
-1.914096e-06	-0.02072
-1.912096e-06	-0.021728
-1.910096e-06	-0.021056
-1.908096e-06	-0.020384
-1.906096e-06	-0.022064
-1.904096e-06	-0.020384
-1.902096e-06	-0.0224
-1.900096e-06	-0.0224
-1.898096e-06	-0.020384
-1.896096e-06	-0.024416
-1.894096e-06	-0.022064
-1.892096e-06	-0.020384
-1.890096e-06	-0.021728
-1.888096e-06	-0.0224
-1.886096e-06	-0.025424
-1.884096e-06	-0.02408
-1.882096e-06	-0.023744
-1.880096e-06	-0.024416
-1.878096e-06	-0.025088
-1.876096e-06	-0.023072
-1.874096e-06	-0.0224
-1.872096e-06	-0.02408
-1.870096e-06	-0.022736
-1.868096e-06	-0.022736
-1.866096e-06	-0.024416
-1.864096e-06	-0.023072
-1.862096e-06	-0.021728
-1.860096e-06	-0.023072
-1.858096e-06	-0.024416
-1.856096e-06	-0.023408
-1.854096e-06	-0.024416
-1.852096e-06	-0.025088
-1.850096e-06	-0.023408
-1.848096e-06	-0.024416
-1.846096e-06	-0.023744
-1.844096e-06	-0.023408
-1.842096e-06	-0.024416
-1.840096e-06	-0.026096
-1.838096e-06	-0.024416
-1.836096e-06	-0.026096
-1.834096e-06	-0.024416
-1.832096e-06	-0.023408
-1.830096e-06	-0.024416
-1.828096e-06	-0.02408
-1.826096e-06	-0.023744
-1.824096e-06	-0.021728
-1.822096e-06	-0.023408
-1.820096e-06	-0.022064
-1.818096e-06	-0.02576
-1.816096e-06	-0.022064
-1.814096e-06	-0.023744
-1.812096e-06	-0.026096
-1.810096e-06	-0.025424
-1.808096e-06	-0.025088
-1.806096e-06	-0.024752
-1.804096e-06	-0.025088
-1.802096e-06	-0.02576
-1.800096e-06	-0.0224
-1.798096e-06	-0.021728
-1.796096e-06	-0.022064
-1.794096e-06	-0.026096
-1.792096e-06	-0.02408
-1.790096e-06	-0.023744
-1.788096e-06	-0.0224
-1.786096e-06	-0.0224
-1.784096e-06	-0.02072
-1.782096e-06	-0.020384
-1.780096e-06	-0.021392
-1.778096e-06	-0.023744
-1.776096e-06	-0.022064
-1.774096e-06	-0.023408
-1.772096e-06	-0.023072
-1.770096e-06	-0.018704
-1.768096e-06	-0.023408
-1.766096e-06	-0.021728
-1.764096e-06	-0.024416
-1.762096e-06	-0.022064
-1.760096e-06	-0.022064
-1.758096e-06	-0.021728
-1.756096e-06	-0.02408
-1.754096e-06	-0.022736
-1.752096e-06	-0.023408
-1.750096e-06	-0.0224
-1.748096e-06	-0.023072
-1.746096e-06	-0.021728
-1.744096e-06	-0.024416
-1.742096e-06	-0.024416
-1.740096e-06	-0.023744
-1.738096e-06	-0.022736
-1.736096e-06	-0.0224
-1.734096e-06	-0.02072
-1.732096e-06	-0.0224
-1.730096e-06	-0.022736
-1.728096e-06	-0.0224
-1.726096e-06	-0.021728
-1.724096e-06	-0.024752
-1.722096e-06	-0.023744
-1.720096e-06	-0.02072
-1.718096e-06	-0.018704
-1.716096e-06	-0.0224
-1.714096e-06	-0.022736
-1.712096e-06	-0.023744
-1.710096e-06	-0.021056
-1.708096e-06	-0.021728
-1.706096e-06	-0.021728
-1.704096e-06	-0.021728
-1.702096e-06	-0.023072
-1.700096e-06	-0.022736
-1.698096e-06	-0.021056
-1.696096e-06	-0.019376
-1.694096e-06	-0.019712
-1.692096e-06	-0.02072
-1.690096e-06	-0.0224
-1.688096e-06	-0.02408
-1.686096e-06	-0.021728
-1.684096e-06	-0.021056
-1.682096e-06	-0.022736
-1.680096e-06	-0.022736
-1.678096e-06	-0.022736
-1.676096e-06	-0.023072
-1.674096e-06	-0.024416
-1.672096e-06	-0.023408
-1.670096e-06	-0.023744
-1.668096e-06	-0.0224
-1.666096e-06	-0.022736
-1.664096e-06	-0.023408
-1.662096e-06	-0.023744
-1.660096e-06	-0.023072
-1.658096e-06	-0.023072
-1.656096e-06	-0.021056
-1.654096e-06	-0.023408
-1.652096e-06	-0.021728
-1.650096e-06	-0.022736
-1.648096e-06	-0.0224
-1.646096e-06	-0.022736
-1.644096e-06	-0.022064
-1.642096e-06	-0.021392
-1.640096e-06	-0.021392
-1.638096e-06	-0.02072
-1.636096e-06	-0.021392
-1.634096e-06	-0.021728
-1.632096e-06	-0.023072
-1.630096e-06	-0.020048
-1.628096e-06	-0.022064
-1.626096e-06	-0.02072
-1.624096e-06	-0.020384
-1.622096e-06	-0.020384
-1.620096e-06	-0.020384
-1.618096e-06	-0.022064
-1.616096e-06	-0.022064
-1.614096e-06	-0.021056
-1.612096e-06	-0.019712
-1.610096e-06	-0.021056
-1.608096e-06	-0.021728
-1.606096e-06	-0.021392
-1.604096e-06	-0.0224
-1.602096e-06	-0.02072
-1.600096e-06	-0.019376
-1.598096e-06	-0.021728
-1.596096e-06	-0.022064
-1.594096e-06	-0.022064
-1.592096e-06	-0.022736
-1.590096e-06	-0.0224
-1.588096e-06	-0.021728
-1.586096e-06	-0.022064
-1.584096e-06	-0.021056
-1.582096e-06	-0.020384
-1.580096e-06	-0.020048
-1.578096e-06	-0.021728
-1.576096e-06	-0.021056
-1.574096e-06	-0.021728
-1.572096e-06	-0.023072
-1.570096e-06	-0.023408
-1.568096e-06	-0.021392
-1.566096e-06	-0.021056
-1.564096e-06	-0.022736
-1.562096e-06	-0.021728
-1.560096e-06	-0.02072
-1.558096e-06	-0.0224
-1.556096e-06	-0.019712
-1.554096e-06	-0.020384
-1.552096e-06	-0.021056
-1.550096e-06	-0.021392
-1.548096e-06	-0.025424
-1.546096e-06	-0.023408
-1.544096e-06	-0.021392
-1.542096e-06	-0.021728
-1.540096e-06	-0.025088
-1.538096e-06	-0.022736
-1.536096e-06	-0.023744
-1.534096e-06	-0.021056
-1.532096e-06	-0.023744
-1.530096e-06	-0.021056
-1.528096e-06	-0.023408
-1.526096e-06	-0.024752
-1.524096e-06	-0.023744
-1.522096e-06	-0.023408
-1.520096e-06	-0.022736
-1.518096e-06	-0.024416
-1.516096e-06	-0.023072
-1.514096e-06	-0.023744
-1.512096e-06	-0.02408
-1.510096e-06	-0.022736
-1.508096e-06	-0.023072
-1.506096e-06	-0.023744
-1.504096e-06	-0.025088
-1.502096e-06	-0.022736
-1.500096e-06	-0.023408
-1.498096e-06	-0.023744
-1.496096e-06	-0.023744
-1.494096e-06	-0.025424
-1.492096e-06	-0.022064
-1.490096e-06	-0.023744
-1.488096e-06	-0.024752
-1.486096e-06	-0.023408
-1.484096e-06	-0.025424
-1.482096e-06	-0.021728
-1.480096e-06	-0.023408
-1.478096e-06	-0.023072
-1.476096e-06	-0.026096
-1.474096e-06	-0.024752
-1.472096e-06	-0.026096
-1.470096e-06	-0.025088
-1.468096e-06	-0.026768
-1.466096e-06	-0.025424
-1.464096e-06	-0.02576
-1.462096e-06	-0.02408
-1.460096e-06	-0.027104
-1.458096e-06	-0.025424
-1.456096e-06	-0.026432
-1.454096e-06	-0.026768
-1.452096e-06	-0.026432
-1.450096e-06	-0.024416
-1.448096e-06	-0.025088
-1.446096e-06	-0.025424
-1.444096e-06	-0.026768
-1.442096e-06	-0.026768
-1.440096e-06	-0.02576
-1.438096e-06	-0.025424
-1.436096e-06	-0.029456
-1.434096e-06	-0.023072
-1.432096e-06	-0.025088
-1.430096e-06	-0.025424
-1.428096e-06	-0.028112
-1.426096e-06	-0.02576
-1.424096e-06	-0.026432
-1.422096e-06	-0.025424
-1.420096e-06	-0.027776
-1.418096e-06	-0.026432
-1.416096e-06	-0.024752
-1.414096e-06	-0.024752
-1.412096e-06	-0.028448
-1.410096e-06	-0.02408
-1.408096e-06	-0.02744
-1.406096e-06	-0.026096
-1.404096e-06	-0.028784
-1.402096e-06	-0.024416
-1.400096e-06	-0.025424
-1.398096e-06	-0.025088
-1.396096e-06	-0.02744
-1.394096e-06	-0.023744
-1.392096e-06	-0.023072
-1.390096e-06	-0.026768
-1.388096e-06	-0.02408
-1.386096e-06	-0.023408
-1.384096e-06	-0.025088
-1.382096e-06	-0.024416
-1.380096e-06	-0.023408
-1.378096e-06	-0.024752
-1.376096e-06	-0.023408
-1.374096e-06	-0.02408
-1.372096e-06	-0.02408
-1.370096e-06	-0.02408
-1.368096e-06	-0.023744
-1.366096e-06	-0.02408
-1.364096e-06	-0.025088
-1.362096e-06	-0.026096
-1.360096e-06	-0.022736
-1.358096e-06	-0.024752
-1.356096e-06	-0.025088
-1.354096e-06	-0.024752
-1.352096e-06	-0.024416
-1.350096e-06	-0.024752
-1.348096e-06	-0.025088
-1.346096e-06	-0.023072
-1.344096e-06	-0.024416
-1.342096e-06	-0.025424
-1.340096e-06	-0.024416
-1.338096e-06	-0.0224
-1.336096e-06	-0.022736
-1.334096e-06	-0.026432
-1.332096e-06	-0.027104
-1.330096e-06	-0.025088
-1.328096e-06	-0.025088
-1.326096e-06	-0.02744
-1.324096e-06	-0.027776
-1.322096e-06	-0.026432
-1.320096e-06	-0.025424
-1.318096e-06	-0.026096
-1.316096e-06	-0.02744
-1.314096e-06	-0.02576
-1.312096e-06	-0.026096
-1.310096e-06	-0.02576
-1.308096e-06	-0.025088
-1.306096e-06	-0.025088
-1.304096e-06	-0.027776
-1.302096e-06	-0.026768
-1.300096e-06	-0.026432
-1.298096e-06	-0.025424
-1.296096e-06	-0.025088
-1.294096e-06	-0.025424
-1.292096e-06	-0.027776
-1.290096e-06	-0.025424
-1.288096e-06	-0.02408
-1.286096e-06	-0.026768
-1.284096e-06	-0.027104
-1.282096e-06	-0.026096
-1.280096e-06	-0.026768
-1.278096e-06	-0.021728
-1.276096e-06	-0.025088
-1.274096e-06	-0.02576
-1.272096e-06	-0.02408
-1.270096e-06	-0.023744
-1.268096e-06	-0.02408
-1.266096e-06	-0.023072
-1.264096e-06	-0.025424
-1.262096e-06	-0.026432
-1.260096e-06	-0.022736
-1.258096e-06	-0.024752
-1.256096e-06	-0.023744
-1.254096e-06	-0.026768
-1.252096e-06	-0.026768
-1.250096e-06	-0.023408
-1.248096e-06	-0.024752
-1.246096e-06	-0.024416
-1.244096e-06	-0.023744
-1.242096e-06	-0.024416
-1.240096e-06	-0.02576
-1.238096e-06	-0.02408
-1.236096e-06	-0.026768
-1.234096e-06	-0.025424
-1.232096e-06	-0.024416
-1.230096e-06	-0.02576
-1.228096e-06	-0.024416
-1.226096e-06	-0.02576
-1.224096e-06	-0.026096
-1.222096e-06	-0.026432
-1.220096e-06	-0.025424
-1.218096e-06	-0.02576
-1.216096e-06	-0.026096
-1.214096e-06	-0.025088
-1.212096e-06	-0.026096
-1.210096e-06	-0.027104
-1.208096e-06	-0.026096
-1.206096e-06	-0.025088
-1.204096e-06	-0.02576
-1.202096e-06	-0.027776
-1.200096e-06	-0.026432
-1.198096e-06	-0.026768
-1.196096e-06	-0.026096
-1.194096e-06	-0.026432
-1.192096e-06	-0.024752
-1.190096e-06	-0.023744
-1.188096e-06	-0.025088
-1.186096e-06	-0.027104
-1.184096e-06	-0.028112
-1.182096e-06	-0.025424
-1.180096e-06	-0.02744
-1.178096e-06	-0.024752
-1.176096e-06	-0.02576
-1.174096e-06	-0.023408
-1.172096e-06	-0.027104
-1.170096e-06	-0.026432
-1.168096e-06	-0.027104
-1.166096e-06	-0.026768
-1.164096e-06	-0.027104
-1.162096e-06	-0.026096
-1.160096e-06	-0.025088
-1.158096e-06	-0.026768
-1.156096e-06	-0.026096
-1.154096e-06	-0.026096
-1.152096e-06	-0.026096
-1.150096e-06	-0.026432
-1.148096e-06	-0.02576
-1.146096e-06	-0.025424
-1.144096e-06	-0.026432
-1.142096e-06	-0.02576
-1.140096e-06	-0.023408
-1.138096e-06	-0.02408
-1.136096e-06	-0.02576
-1.134096e-06	-0.025088
-1.132096e-06	-0.025088
-1.130096e-06	-0.023072
-1.128096e-06	-0.024416
-1.126096e-06	-0.026096
-1.124096e-06	-0.02408
-1.122096e-06	-0.02408
-1.120096e-06	-0.024416
-1.118096e-06	-0.023744
-1.116096e-06	-0.027776
-1.114096e-06	-0.025424
-1.112096e-06	-0.024416
-1.110096e-06	-0.024752
-1.108096e-06	-0.026432
-1.106096e-06	-0.025424
-1.104096e-06	-0.025088
-1.102096e-06	-0.025088
-1.100096e-06	-0.026096
-1.098096e-06	-0.026096
-1.096096e-06	-0.024416
-1.094096e-06	-0.023744
-1.092096e-06	-0.02576
-1.090096e-06	-0.024416
-1.088096e-06	-0.024416
-1.086096e-06	-0.02576
-1.084096e-06	-0.026096
-1.082096e-06	-0.024752
-1.080096e-06	-0.021728
-1.078096e-06	-0.024416
-1.076096e-06	-0.025088
-1.074096e-06	-0.023408
-1.072096e-06	-0.026432
-1.070096e-06	-0.024752
-1.068096e-06	-0.02408
-1.066096e-06	-0.022736
-1.064096e-06	-0.023408
-1.062096e-06	-0.024416
-1.060096e-06	-0.021056
-1.058096e-06	-0.02072
-1.056096e-06	-0.021056
-1.054096e-06	-0.020384
-1.052096e-06	-0.021392
-1.050096e-06	-0.02072
-1.048096e-06	-0.0224
-1.046096e-06	-0.0224
-1.044096e-06	-0.022064
-1.042096e-06	-0.02072
-1.040096e-06	-0.022064
-1.038096e-06	-0.021056
-1.036096e-06	-0.0224
-1.034096e-06	-0.018704
-1.032096e-06	-0.02072
-1.030096e-06	-0.020048
-1.028096e-06	-0.020048
-1.026096e-06	-0.018032
-1.024096e-06	-0.021728
-1.022096e-06	-0.020384
-1.020096e-06	-0.022736
-1.018096e-06	-0.021728
-1.016096e-06	-0.020384
-1.014096e-06	-0.019376
-1.012096e-06	-0.020048
-1.010096e-06	-0.023072
-1.008096e-06	-0.021056
-1.006096e-06	-0.020048
-1.004096e-06	-0.02072
-1.002096e-06	-0.021056
-1.000096e-06	-0.021056
-9.980964e-07	-0.018032
-9.960964e-07	-0.023744
-9.940964e-07	-0.021392
-9.920964e-07	-0.022064
-9.900964e-07	-0.019712
-9.880964e-07	-0.017696
-9.860964e-07	-0.021728
-9.840964e-07	-0.019376
-9.820964e-07	-0.02072
-9.800964e-07	-0.018368
-9.780964e-07	-0.020384
-9.760964e-07	-0.019712
-9.740964e-07	-0.018704
-9.720964e-07	-0.020048
-9.700964e-07	-0.018032
-9.680964e-07	-0.019376
-9.660964e-07	-0.018704
-9.640964e-07	-0.01904
-9.620964e-07	-0.018368
-9.600964e-07	-0.01904
-9.580964e-07	-0.020384
-9.560964e-07	-0.02072
-9.540964e-07	-0.018032
-9.520964e-07	-0.020384
-9.500964e-07	-0.017024
-9.480964e-07	-0.019712
-9.460964e-07	-0.017024
-9.440964e-07	-0.019376
-9.420964e-07	-0.01904
-9.400964e-07	-0.01904
-9.380964e-07	-0.018032
-9.360964e-07	-0.018368
-9.340964e-07	-0.01904
-9.320964e-07	-0.018032
-9.300964e-07	-0.01568
-9.280964e-07	-0.019376
-9.260964e-07	-0.018704
-9.240964e-07	-0.016352
-9.220964e-07	-0.019712
-9.200964e-07	-0.018032
-9.180964e-07	-0.019712
-9.160964e-07	-0.018368
-9.140964e-07	-0.018704
-9.120964e-07	-0.020384
-9.100964e-07	-0.018704
-9.080964e-07	-0.019712
-9.060964e-07	-0.019712
-9.040964e-07	-0.021392
-9.020964e-07	-0.01904
-9.000964e-07	-0.02072
-8.980964e-07	-0.019712
-8.960964e-07	-0.020384
-8.940964e-07	-0.01904
-8.920964e-07	-0.02072
-8.900964e-07	-0.01904
-8.880964e-07	-0.02072
-8.860964e-07	-0.020048
-8.840964e-07	-0.019376
-8.820964e-07	-0.018368
-8.800964e-07	-0.020048
-8.780964e-07	-0.018368
-8.760964e-07	-0.018704
-8.740964e-07	-0.018704
-8.720964e-07	-0.01904
-8.700964e-07	-0.019712
-8.680964e-07	-0.01904
-8.660964e-07	-0.019712
-8.640964e-07	-0.018032
-8.620964e-07	-0.019712
-8.600964e-07	-0.018704
-8.580964e-07	-0.019712
-8.560964e-07	-0.018032
-8.540964e-07	-0.019712
-8.520964e-07	-0.019712
-8.500964e-07	-0.018032
-8.480964e-07	-0.01736
-8.460964e-07	-0.01904
-8.440964e-07	-0.019376
-8.420964e-07	-0.018032
-8.400964e-07	-0.020384
-8.380964e-07	-0.018368
-8.360964e-07	-0.019376
-8.340964e-07	-0.01904
-8.320964e-07	-0.017696
-8.300964e-07	-0.018704
-8.280964e-07	-0.020048
-8.260964e-07	-0.019712
-8.240964e-07	-0.021728
-8.220964e-07	-0.021056
-8.200964e-07	-0.021728
-8.180964e-07	-0.02072
-8.160964e-07	-0.021728
-8.140964e-07	-0.018368
-8.120964e-07	-0.020048
-8.100964e-07	-0.02072
-8.080964e-07	-0.019712
-8.060964e-07	-0.02072
-8.040964e-07	-0.021056
-8.020964e-07	-0.020384
-8.000964e-07	-0.022736
-7.980964e-07	-0.0224
-7.960964e-07	-0.022736
-7.940964e-07	-0.022064
-7.920964e-07	-0.022736
-7.900964e-07	-0.021728
-7.880964e-07	-0.02072
-7.860964e-07	-0.02072
-7.840964e-07	-0.023744
-7.820964e-07	-0.021728
-7.800964e-07	-0.023408
-7.780964e-07	-0.0224
-7.760964e-07	-0.021728
-7.740964e-07	-0.022064
-7.720964e-07	-0.023408
-7.700964e-07	-0.022064
-7.680964e-07	-0.025088
-7.660964e-07	-0.025088
-7.640964e-07	-0.02408
-7.620964e-07	-0.021728
-7.600964e-07	-0.022064
-7.580964e-07	-0.023072
-7.560964e-07	-0.0224
-7.540964e-07	-0.0224
-7.520964e-07	-0.0224
-7.500964e-07	-0.023072
-7.480964e-07	-0.020048
-7.460964e-07	-0.02072
-7.440964e-07	-0.02408
-7.420964e-07	-0.023408
-7.400964e-07	-0.022064
-7.380964e-07	-0.021056
-7.360964e-07	-0.022736
-7.340964e-07	-0.023744
-7.320964e-07	-0.022736
-7.300964e-07	-0.023408
-7.280964e-07	-0.023072
-7.260964e-07	-0.01904
-7.240964e-07	-0.022064
-7.220964e-07	-0.022736
-7.200964e-07	-0.024752
-7.180964e-07	-0.024416
-7.160964e-07	-0.018704
-7.140964e-07	-0.01904
-7.120964e-07	-0.023408
-7.100964e-07	-0.022064
-7.080964e-07	-0.020384
-7.060964e-07	-0.020384
-7.040964e-07	-0.021056
-7.020964e-07	-0.0224
-7.000964e-07	-0.02408
-6.980964e-07	-0.021056
-6.960964e-07	-0.020048
-6.940964e-07	-0.023072
-6.920964e-07	-0.022064
-6.900964e-07	-0.021728
-6.880964e-07	-0.019712
-6.860964e-07	-0.019376
-6.840964e-07	-0.023408
-6.820964e-07	-0.022736
-6.800964e-07	-0.021392
-6.780964e-07	-0.022064
-6.760964e-07	-0.023744
-6.740964e-07	-0.021392
-6.720964e-07	-0.02072
-6.700964e-07	-0.021392
-6.680964e-07	-0.024416
-6.660964e-07	-0.023408
-6.640964e-07	-0.023408
-6.620964e-07	-0.021728
-6.600964e-07	-0.023408
-6.580964e-07	-0.025424
-6.560964e-07	-0.023408
-6.540964e-07	-0.02408
-6.520964e-07	-0.02408
-6.500964e-07	-0.022736
-6.480964e-07	-0.022064
-6.460964e-07	-0.024416
-6.440964e-07	-0.024752
-6.420964e-07	-0.022064
-6.400964e-07	-0.0224
-6.380964e-07	-0.021728
-6.360964e-07	-0.0224
-6.340964e-07	-0.023744
-6.320964e-07	-0.021392
-6.300964e-07	-0.022064
-6.280964e-07	-0.0224
-6.260964e-07	-0.021392
-6.240964e-07	-0.021056
-6.220964e-07	-0.020384
-6.200964e-07	-0.0224
-6.180964e-07	-0.02072
-6.160964e-07	-0.01736
-6.140964e-07	-0.020048
-6.120964e-07	-0.020384
-6.100964e-07	-0.019712
-6.080964e-07	-0.020048
-6.060964e-07	-0.018368
-6.040964e-07	-0.020048
-6.020964e-07	-0.020048
-6.000964e-07	-0.022064
-5.980964e-07	-0.020384
-5.960964e-07	-0.021728
-5.940964e-07	-0.021392
-5.920964e-07	-0.021392
-5.900964e-07	-0.018032
-5.880964e-07	-0.020048
-5.860964e-07	-0.019376
-5.840964e-07	-0.017696
-5.820964e-07	-0.018368
-5.800964e-07	-0.020384
-5.780964e-07	-0.018704
-5.760964e-07	-0.020048
-5.740964e-07	-0.02072
-5.720964e-07	-0.02072
-5.700964e-07	-0.018032
-5.680964e-07	-0.021056
-5.660964e-07	-0.019712
-5.640964e-07	-0.020048
-5.620964e-07	-0.018704
-5.600964e-07	-0.021392
-5.580964e-07	-0.020048
-5.560964e-07	-0.021392
-5.540964e-07	-0.019376
-5.520964e-07	-0.020384
-5.500964e-07	-0.018704
-5.480964e-07	-0.0224
-5.460964e-07	-0.019712
-5.440964e-07	-0.020048
-5.420964e-07	-0.02072
-5.400964e-07	-0.0224
-5.380964e-07	-0.021728
-5.360964e-07	-0.022064
-5.340964e-07	-0.021056
-5.320964e-07	-0.022736
-5.300964e-07	-0.021056
-5.280964e-07	-0.019376
-5.260964e-07	-0.020048
-5.240964e-07	-0.021728
-5.220964e-07	-0.020384
-5.200964e-07	-0.021728
-5.180964e-07	-0.020048
-5.160964e-07	-0.02072
-5.140964e-07	-0.018704
-5.120964e-07	-0.021056
-5.100964e-07	-0.020048
-5.080964e-07	-0.021056
-5.060964e-07	-0.0224
-5.040964e-07	-0.0224
-5.020964e-07	-0.021392
-5.000964e-07	-0.021056
-4.980964e-07	-0.02072
-4.960964e-07	-0.022064
-4.940964e-07	-0.02072
-4.920964e-07	-0.02072
-4.900964e-07	-0.021056
-4.880964e-07	-0.021392
-4.860964e-07	-0.021392
-4.840964e-07	-0.021728
-4.820964e-07	-0.022064
-4.800964e-07	-0.021056
-4.780964e-07	-0.020048
-4.760964e-07	-0.023072
-4.740964e-07	-0.020048
-4.720964e-07	-0.021056
-4.700964e-07	-0.02072
-4.680964e-07	-0.0224
-4.660964e-07	-0.0224
-4.640964e-07	-0.021728
-4.620964e-07	-0.020384
-4.600964e-07	-0.023408
-4.580964e-07	-0.0224
-4.560964e-07	-0.020048
-4.540964e-07	-0.021056
-4.520964e-07	-0.0224
-4.500964e-07	-0.021728
-4.480964e-07	-0.0224
-4.460964e-07	-0.01904
-4.440964e-07	-0.023072
-4.420964e-07	-0.023072
-4.400964e-07	-0.021392
-4.380964e-07	-0.02072
-4.360964e-07	-0.020048
-4.340964e-07	-0.019712
-4.320964e-07	-0.022736
-4.300964e-07	-0.022736
-4.280964e-07	-0.023072
-4.260964e-07	-0.023744
-4.240964e-07	-0.022064
-4.220964e-07	-0.021728
-4.200964e-07	-0.023408
-4.180964e-07	-0.02072
-4.160964e-07	-0.023072
-4.140964e-07	-0.021728
-4.120964e-07	-0.023408
-4.100964e-07	-0.021392
-4.080964e-07	-0.020384
-4.060964e-07	-0.020048
-4.040964e-07	-0.021728
-4.020964e-07	-0.021056
-4.000964e-07	-0.019712
-3.980964e-07	-0.022064
-3.960964e-07	-0.022064
-3.940964e-07	-0.022064
-3.920964e-07	-0.020384
-3.900964e-07	-0.020384
-3.880964e-07	-0.021728
-3.860964e-07	-0.021392
-3.840964e-07	-0.020048
-3.820964e-07	-0.0224
-3.800964e-07	-0.022064
-3.780964e-07	-0.020384
-3.760964e-07	-0.021728
-3.740964e-07	-0.020048
-3.720964e-07	-0.021056
-3.700964e-07	-0.021728
-3.680964e-07	-0.02072
-3.660964e-07	-0.021392
-3.640964e-07	-0.022064
-3.620964e-07	-0.022736
-3.600964e-07	-0.021056
-3.580964e-07	-0.019712
-3.560964e-07	-0.021728
-3.540964e-07	-0.022064
-3.520964e-07	-0.02072
-3.500964e-07	-0.021056
-3.480964e-07	-0.021728
-3.460964e-07	-0.021392
-3.440964e-07	-0.02072
-3.420964e-07	-0.021728
-3.400964e-07	-0.021728
-3.380964e-07	-0.019712
-3.360964e-07	-0.021056
-3.340964e-07	-0.0224
-3.320964e-07	-0.023072
-3.300964e-07	-0.01904
-3.280964e-07	-0.020384
-3.260964e-07	-0.020384
-3.240964e-07	-0.024416
-3.220964e-07	-0.022736
-3.200964e-07	-0.023744
-3.180964e-07	-0.022064
-3.160964e-07	-0.021056
-3.140964e-07	-0.023744
-3.120964e-07	-0.026096
-3.100964e-07	-0.02072
-3.080964e-07	-0.020048
-3.060964e-07	-0.020384
-3.040964e-07	-0.025424
-3.020964e-07	-0.025424
-3.000964e-07	-0.0224
-2.980964e-07	-0.02072
-2.960964e-07	-0.021392
-2.940964e-07	-0.023408
-2.920964e-07	-0.0224
-2.900964e-07	-0.021392
-2.880964e-07	-0.02072
-2.860964e-07	-0.026096
-2.840964e-07	-0.023072
-2.820964e-07	-0.021392
-2.800964e-07	-0.020384
-2.780964e-07	-0.021056
-2.760964e-07	-0.021056
-2.740964e-07	-0.022064
-2.720964e-07	-0.023072
-2.700964e-07	-0.020048
-2.680964e-07	-0.021728
-2.660964e-07	-0.022736
-2.640964e-07	-0.022064
-2.620964e-07	-0.021392
-2.600964e-07	-0.0224
-2.580964e-07	-0.023072
-2.560964e-07	-0.021392
-2.540964e-07	-0.019712
-2.520964e-07	-0.022064
-2.500964e-07	-0.0224
-2.480964e-07	-0.022736
-2.460964e-07	-0.021056
-2.440964e-07	-0.0224
-2.420964e-07	-0.022736
-2.400964e-07	-0.021728
-2.380964e-07	-0.021392
-2.360964e-07	-0.021728
-2.340964e-07	-0.021392
-2.320964e-07	-0.020384
-2.300964e-07	-0.019712
-2.280964e-07	-0.022064
-2.260964e-07	-0.023744
-2.240964e-07	-0.021392
-2.220964e-07	-0.021056
-2.200964e-07	-0.022064
-2.180964e-07	-0.021728
-2.160964e-07	-0.021056
-2.140964e-07	-0.021392
-2.120964e-07	-0.021728
-2.100964e-07	-0.022064
-2.080964e-07	-0.021056
-2.060964e-07	-0.021392
-2.040964e-07	-0.023408
-2.020964e-07	-0.021056
-2.000964e-07	-0.021728
-1.980964e-07	-0.021392
-1.960964e-07	-0.021728
-1.940964e-07	-0.0224
-1.920964e-07	-0.021056
-1.900964e-07	-0.021056
-1.880964e-07	-0.022064
-1.860964e-07	-0.022736
-1.840964e-07	-0.021056
-1.820964e-07	-0.02072
-1.800964e-07	-0.0224
-1.780964e-07	-0.022064
-1.760964e-07	-0.020048
-1.740964e-07	-0.02408
-1.720964e-07	-0.022064
-1.700964e-07	-0.022064
-1.680964e-07	-0.021728
-1.660964e-07	-0.02072
-1.640964e-07	-0.020048
-1.620964e-07	-0.020048
-1.600964e-07	-0.021056
-1.580964e-07	-0.021392
-1.560964e-07	-0.0224
-1.540964e-07	-0.021392
-1.520964e-07	-0.021392
-1.500964e-07	-0.023744
-1.480964e-07	-0.021056
-1.460964e-07	-0.021392
-1.440964e-07	-0.023744
-1.420964e-07	-0.023744
-1.400964e-07	-0.022736
-1.380964e-07	-0.020048
-1.360964e-07	-0.021392
-1.340964e-07	-0.023072
-1.320964e-07	-0.022736
-1.300964e-07	-0.022736
-1.280964e-07	-0.021728
-1.260964e-07	-0.022736
-1.240964e-07	-0.024752
-1.220964e-07	-0.022064
-1.200964e-07	-0.022064
-1.180964e-07	-0.021056
-1.160964e-07	-0.022736
-1.140964e-07	-0.022064
-1.120964e-07	-0.020048
-1.100964e-07	-0.0224
-1.080964e-07	-0.021728
-1.060964e-07	-0.0224
-1.040964e-07	-0.021056
-1.020964e-07	-0.021056
-1.000964e-07	-0.020384
-9.809642e-08	-0.02072
-9.609642e-08	-0.020384
-9.409642e-08	-0.020384
-9.209642e-08	-0.02072
-9.009642e-08	-0.01904
-8.809642e-08	-0.021392
-8.609642e-08	-0.019712
-8.409642e-08	-0.019712
-8.209642e-08	-0.019376
-8.009642e-08	-0.019376
-7.809642e-08	-0.02072
-7.609642e-08	-0.020384
-7.409642e-08	-0.021392
-7.209642e-08	-0.018368
-7.009642e-08	-0.021056
-6.809642e-08	-0.02072
-6.609642e-08	-0.019712
-6.409642e-08	-0.020048
-6.209642e-08	-0.02072
-6.009642e-08	-0.01904
-5.809642e-08	-0.018032
-5.609642e-08	-0.020048
-5.409642e-08	-0.020384
-5.209642e-08	-0.019712
-5.009642e-08	-0.020048
-4.809642e-08	-0.022064
-4.609642e-08	-0.020048
-4.409642e-08	-0.021392
-4.209642e-08	-0.019376
-4.009642e-08	-0.019712
-3.809642e-08	-0.019712
-3.609642e-08	-0.019712
-3.409642e-08	-0.01904
-3.209642e-08	-0.021392
-3.009642e-08	-0.020384
-2.809642e-08	-0.02072
-2.609642e-08	-0.020384
-2.409642e-08	-0.019376
-2.209642e-08	-0.018704
-2.009642e-08	-0.019712
-1.809642e-08	-0.019376
-1.609642e-08	-0.018704
-1.409642e-08	-0.018368
-1.209642e-08	-0.022064
-1.009642e-08	-0.017696
-8.096421e-09	-0.019376
-6.096421e-09	-0.020384
-4.096421e-09	-0.018368
-2.096421e-09	-0.01904
-9.642142e-11	-0.02072
1.903579e-09	-0.019712
3.903579e-09	-0.021056
5.903579e-09	-0.019376
7.903579e-09	-0.018704
9.903579e-09	-0.019712
1.190358e-08	-0.018032
1.390358e-08	-0.01904
1.590358e-08	-0.020384
1.790358e-08	-0.020384
1.990358e-08	-0.01904
2.190358e-08	-0.021392
2.390358e-08	-0.020384
2.590358e-08	-0.019712
2.790358e-08	-0.020048
2.990358e-08	-0.018368
3.190358e-08	-0.020384
3.390358e-08	-0.019712
3.590358e-08	-0.021392
3.790358e-08	-0.022064
3.990358e-08	-0.017024
4.190358e-08	-0.01904
4.390358e-08	-0.01904
4.590358e-08	-0.019376
4.790358e-08	-0.01904
4.990358e-08	-0.018368
5.190358e-08	-0.021728
5.390358e-08	-0.019376
5.590358e-08	-0.019376
5.790358e-08	-0.018704
5.990358e-08	-0.020048
6.190358e-08	-0.01904
6.390358e-08	-0.01904
6.590358e-08	-0.019376
6.790358e-08	-0.02072
6.990358e-08	-0.020048
7.190358e-08	-0.019712
7.390358e-08	-0.021392
7.590358e-08	-0.019712
7.790358e-08	-0.018032
7.990358e-08	-0.02072
8.190358e-08	-0.020048
8.390358e-08	-0.021056
8.590358e-08	-0.021056
8.790358e-08	-0.018704
8.990358e-08	-0.020384
9.190358e-08	-0.01904
9.390358e-08	-0.017696
9.590358e-08	-0.021392
9.790358e-08	-0.018704
9.990358e-08	-0.01904
1.019036e-07	-0.01904
1.039036e-07	-0.02072
1.059036e-07	-0.019712
1.079036e-07	-0.019712
1.099036e-07	-0.018704
1.119036e-07	-0.018704
1.139036e-07	-0.019712
1.159036e-07	-0.019712
1.179036e-07	-0.018368
1.199036e-07	-0.019712
1.219036e-07	-0.019376
1.239036e-07	-0.01904
1.259036e-07	-0.01904
1.279036e-07	-0.018032
1.299036e-07	-0.016016
1.319036e-07	-0.012656
1.339036e-07	0.000112
1.359036e-07	0.020272
1.379036e-07	0.05152
1.399036e-07	0.092848
1.419036e-07	0.145936
1.439036e-07	0.198352
1.459036e-07	0.255808
1.479036e-07	0.30856
1.499036e-07	0.365344
1.519036e-07	0.41104
1.539036e-07	0.457072
1.559036e-07	0.50008
1.579036e-07	0.541072
1.599036e-07	0.573664
1.619036e-07	0.607936
1.639036e-07	0.633136
1.659036e-07	0.659344
1.679036e-07	0.679168
1.699036e-07	0.697984
1.719036e-07	0.712768
1.739036e-07	0.726544
1.759036e-07	0.734944
1.779036e-07	0.743008
1.799036e-07	0.746368
1.819036e-07	0.750736
1.839036e-07	0.75208
1.859036e-07	0.752416
1.879036e-07	0.748048
1.899036e-07	0.747376
1.919036e-07	0.741664
1.939036e-07	0.735952
1.959036e-07	0.729568
1.979036e-07	0.721504
1.999036e-07	0.713104
2.019036e-07	0.705376
2.039036e-07	0.695296
2.059036e-07	0.687904
2.079036e-07	0.676144
2.099036e-07	0.664048
2.119036e-07	0.654304
2.139036e-07	0.642544
2.159036e-07	0.63112
2.179036e-07	0.618688
2.199036e-07	0.608272
2.219036e-07	0.596512
2.239036e-07	0.583744
2.259036e-07	0.573328
2.279036e-07	0.56056
2.299036e-07	0.549472
2.319036e-07	0.539392
2.339036e-07	0.527296
2.359036e-07	0.513184
2.379036e-07	0.503776
2.399036e-07	0.492688
2.419036e-07	0.482944
2.439036e-07	0.472528
2.459036e-07	0.462448
2.479036e-07	0.453376
2.499036e-07	0.442624
2.519036e-07	0.430528
2.539036e-07	0.419776
2.559036e-07	0.410032
2.579036e-07	0.398608
2.599036e-07	0.388528
2.619036e-07	0.381472
2.639036e-07	0.369376
2.659036e-07	0.361984
2.679036e-07	0.353248
2.699036e-07	0.344512
2.719036e-07	0.33376
2.739036e-07	0.326368
2.759036e-07	0.317968
2.779036e-07	0.307888
2.799036e-07	0.300496
2.819036e-07	0.29512
2.839036e-07	0.287056
2.859036e-07	0.277984
2.879036e-07	0.270928
2.899036e-07	0.263536
2.919036e-07	0.256816
2.939036e-07	0.250432
2.959036e-07	0.244048
2.979036e-07	0.239008
2.999036e-07	0.232624
3.019036e-07	0.22624
3.039036e-07	0.220528
3.059036e-07	0.214144
3.079036e-07	0.207424
3.099036e-07	0.200368
3.119036e-07	0.19768
3.139036e-07	0.19432
3.159036e-07	0.186592
3.179036e-07	0.180208
3.199036e-07	0.176848
3.219036e-07	0.174496
3.239036e-07	0.16744
3.259036e-07	0.163072
3.279036e-07	0.158704
3.299036e-07	0.155008
3.319036e-07	0.15232
3.339036e-07	0.146608
3.359036e-07	0.143584
3.379036e-07	0.139888
3.399036e-07	0.13384
3.419036e-07	0.131152
3.439036e-07	0.129136
3.459036e-07	0.125776
3.479036e-07	0.122416
3.499036e-07	0.119056
3.519036e-07	0.11536
3.539036e-07	0.110992
3.559036e-07	0.108304
3.579036e-07	0.108304
3.599036e-07	0.102928
3.619036e-07	0.10192
3.639036e-07	0.096544
3.659036e-07	0.09352
3.679036e-07	0.091168
3.699036e-07	0.08848
3.719036e-07	0.086464
3.739036e-07	0.08512
3.759036e-07	0.082768
3.779036e-07	0.079072
3.799036e-07	0.07504
3.819036e-07	0.075376
3.839036e-07	0.07336
3.859036e-07	0.072352
3.879036e-07	0.069328
3.899036e-07	0.06664
3.919036e-07	0.065632
3.939036e-07	0.063952
3.959036e-07	0.05992
3.979036e-07	0.05824
3.999036e-07	0.055888
4.019036e-07	0.055888
4.039036e-07	0.053872
4.059036e-07	0.051856
4.079036e-07	0.050512
4.099036e-07	0.04816
4.119036e-07	0.047152
4.139036e-07	0.045136
4.159036e-07	0.044464
4.179036e-07	0.04312
4.199036e-07	0.041104
4.219036e-07	0.039088
4.239036e-07	0.03808
4.259036e-07	0.037408
4.279036e-07	0.034384
4.299036e-07	0.034048
4.319036e-07	0.032032
4.339036e-07	0.031696
4.359036e-07	0.030016
4.379036e-07	0.029008
4.399036e-07	0.027664
4.419036e-07	0.029008
4.439036e-07	0.024304
4.459036e-07	0.025648
4.479036e-07	0.026656
4.499036e-07	0.02464
4.519036e-07	0.022624
4.539036e-07	0.020272
4.559036e-07	0.020272
4.579036e-07	0.018256
4.599036e-07	0.016576
4.619036e-07	0.018256
4.639036e-07	0.018256
4.659036e-07	0.017584
4.679036e-07	0.013216
4.699036e-07	0.012208
4.719036e-07	0.013216
4.739036e-07	0.010528
4.759036e-07	0.010192
4.779036e-07	0.01288
4.799036e-07	0.008848
4.819036e-07	0.009184
4.839036e-07	0.00784
4.859036e-07	0.007504
4.879036e-07	0.005824
4.899036e-07	0.005488
4.919036e-07	0.0028
4.939036e-07	0.001792
4.959036e-07	0.0028
4.979036e-07	0.002464
4.999036e-07	0.000112
5.019036e-07	0.002128
5.039036e-07	0.000112
5.059036e-07	0.000112
5.079036e-07	-0.000896
5.099036e-07	0.000448
5.119036e-07	-0.003248
5.139036e-07	-0.001568
5.159036e-07	-0.001568
5.179036e-07	-0.001904
5.199036e-07	-0.002576
5.219036e-07	-0.00224
5.239036e-07	-0.001568
5.259036e-07	-0.001904
5.279036e-07	0.000112
5.299036e-07	-0.00224
5.319036e-07	-0.002912
5.339036e-07	-0.001568
5.359036e-07	-0.00224
5.379036e-07	-0.003248
5.399036e-07	-0.003248
5.419036e-07	-0.004592
5.439036e-07	-0.004256
5.459036e-07	-0.00392
5.479036e-07	-0.004928
5.499036e-07	-0.005264
5.519036e-07	-0.004928
5.539036e-07	-0.0056
5.559036e-07	-0.005264
5.579036e-07	-0.006272
5.599036e-07	-0.005936
5.619036e-07	-0.004928
5.639036e-07	-0.006608
5.659036e-07	-0.006944
5.679036e-07	-0.00728
5.699036e-07	-0.007952
5.719036e-07	-0.008624
5.739036e-07	-0.008288
5.759036e-07	-0.008624
5.779036e-07	-0.010304
5.799036e-07	-0.011312
5.819036e-07	-0.01064
5.839036e-07	-0.010976
5.859036e-07	-0.009968
5.879036e-07	-0.012992
5.899036e-07	-0.009296
5.919036e-07	-0.00896
5.939036e-07	-0.011648
5.959036e-07	-0.011312
5.979036e-07	-0.014336
5.999036e-07	-0.013328
6.019036e-07	-0.014
6.039036e-07	-0.013664
6.059036e-07	-0.014672
6.079036e-07	-0.014672
6.099036e-07	-0.01568
6.119036e-07	-0.015008
6.139036e-07	-0.012656
6.159036e-07	-0.014
6.179036e-07	-0.015008
6.199036e-07	-0.016688
6.219036e-07	-0.016688
6.239036e-07	-0.014672
6.259036e-07	-0.01568
6.279036e-07	-0.016352
6.299036e-07	-0.018704
6.319036e-07	-0.016352
6.339036e-07	-0.017696
6.359036e-07	-0.016688
6.379036e-07	-0.017024
6.399036e-07	-0.018368
6.419036e-07	-0.01904
6.439036e-07	-0.018704
6.459036e-07	-0.019712
6.479036e-07	-0.021056
6.499036e-07	-0.020048
6.519036e-07	-0.022736
6.539036e-07	-0.021392
6.559036e-07	-0.02072
6.579036e-07	-0.01904
6.599036e-07	-0.021056
6.619036e-07	-0.021056
6.639036e-07	-0.020384
6.659036e-07	-0.020384
6.679036e-07	-0.019712
6.699036e-07	-0.018704
6.719036e-07	-0.021728
6.739036e-07	-0.022736
6.759036e-07	-0.022736
6.779036e-07	-0.021392
6.799036e-07	-0.020384
6.819036e-07	-0.021728
6.839036e-07	-0.021056
6.859036e-07	-0.019712
6.879036e-07	-0.021728
6.899036e-07	-0.022064
6.919036e-07	-0.020048
6.939036e-07	-0.022736
6.959036e-07	-0.021392
6.979036e-07	-0.024416
6.999036e-07	-0.023408
7.019036e-07	-0.020384
7.039036e-07	-0.01736
7.059036e-07	-0.021056
7.079036e-07	-0.0224
7.099036e-07	-0.0224
7.119036e-07	-0.01904
7.139036e-07	-0.019376
7.159036e-07	-0.018704
7.179036e-07	-0.020384
7.199036e-07	-0.021392
7.219036e-07	-0.01904
7.239036e-07	-0.017696
7.259036e-07	-0.019376
7.279036e-07	-0.021056
7.299036e-07	-0.018032
7.319036e-07	-0.019712
7.339036e-07	-0.017696
7.359036e-07	-0.020048
7.379036e-07	-0.01904
7.399036e-07	-0.02072
7.419036e-07	-0.019712
7.439036e-07	-0.019376
7.459036e-07	-0.019376
7.479036e-07	-0.018368
7.499036e-07	-0.018704
7.519036e-07	-0.019376
7.539036e-07	-0.018704
7.559036e-07	-0.02072
7.579036e-07	-0.017696
7.599036e-07	-0.019712
7.619036e-07	-0.018704
7.639036e-07	-0.018368
7.659036e-07	-0.019376
7.679036e-07	-0.018704
7.699036e-07	-0.01736
7.719036e-07	-0.018368
7.739036e-07	-0.016688
7.759036e-07	-0.019712
7.779036e-07	-0.018704
7.799036e-07	-0.019712
7.819036e-07	-0.017024
7.839036e-07	-0.01904
7.859036e-07	-0.019376
7.879036e-07	-0.017696
7.899036e-07	-0.020384
7.919036e-07	-0.019376
7.939036e-07	-0.019712
7.959036e-07	-0.018032
7.979036e-07	-0.019712
7.999036e-07	-0.01904
8.019036e-07	-0.020384
8.039036e-07	-0.020384
8.059036e-07	-0.020384
8.079036e-07	-0.019376
8.099036e-07	-0.019376
8.119036e-07	-0.021728
8.139036e-07	-0.018704
8.159036e-07	-0.018032
8.179036e-07	-0.017696
8.199036e-07	-0.018368
8.219036e-07	-0.018704
8.239036e-07	-0.019712
8.259036e-07	-0.018368
8.279036e-07	-0.018704
8.299036e-07	-0.01904
8.319036e-07	-0.018032
8.339036e-07	-0.018704
8.359036e-07	-0.020384
8.379036e-07	-0.018032
8.399036e-07	-0.016688
8.419036e-07	-0.020384
8.439036e-07	-0.020048
8.459036e-07	-0.017696
8.479036e-07	-0.017696
8.499036e-07	-0.018032
8.519036e-07	-0.018032
8.539036e-07	-0.018368
8.559036e-07	-0.020048
8.579036e-07	-0.019712
8.599036e-07	-0.02072
8.619036e-07	-0.020048
8.639036e-07	-0.017696
8.659036e-07	-0.018704
8.679036e-07	-0.019376
8.699036e-07	-0.020048
8.719036e-07	-0.017696
8.739036e-07	-0.018704
8.759036e-07	-0.018368
8.779036e-07	-0.016688
8.799036e-07	-0.02072
8.819036e-07	-0.018704
8.839036e-07	-0.020048
8.859036e-07	-0.02072
8.879036e-07	-0.021728
8.899036e-07	-0.019376
8.919036e-07	-0.021056
8.939036e-07	-0.020384
8.959036e-07	-0.021056
8.979036e-07	-0.019712
8.999036e-07	-0.022064
9.019036e-07	-0.022736
9.039036e-07	-0.023408
9.059036e-07	-0.020048
9.079036e-07	-0.021056
9.099036e-07	-0.024752
9.119036e-07	-0.023408
9.139036e-07	-0.023072
9.159036e-07	-0.023408
9.179036e-07	-0.023072
9.199036e-07	-0.022736
9.219036e-07	-0.0224
9.239036e-07	-0.023744
9.259036e-07	-0.022736
9.279036e-07	-0.023744
9.299036e-07	-0.02072
9.319036e-07	-0.022736
9.339036e-07	-0.022064
9.359036e-07	-0.022736
9.379036e-07	-0.023744
9.399036e-07	-0.0224
9.419036e-07	-0.023072
9.439036e-07	-0.02072
9.459036e-07	-0.023408
9.479036e-07	-0.022064
9.499036e-07	-0.02408
9.519036e-07	-0.022064
9.539036e-07	-0.021728
9.559036e-07	-0.022736
9.579036e-07	-0.023744
9.599036e-07	-0.02072
9.619036e-07	-0.02072
9.639036e-07	-0.020048
9.659036e-07	-0.018704
9.679036e-07	-0.0224
9.699036e-07	-0.022736
9.719036e-07	-0.022064
9.739036e-07	-0.0224
9.759036e-07	-0.021728
9.779036e-07	-0.021392
9.799036e-07	-0.02072
9.819036e-07	-0.021056
9.839036e-07	-0.025088
9.859036e-07	-0.023072
9.879036e-07	-0.0224
9.899036e-07	-0.022064
9.919036e-07	-0.023408
9.939036e-07	-0.023744
9.959036e-07	-0.026432
9.979036e-07	-0.022736
9.999036e-07	-0.023744
1.001904e-06	-0.023408
1.003904e-06	-0.021392
1.005904e-06	-0.022064
1.007904e-06	-0.0224
1.009904e-06	-0.021056
1.011904e-06	-0.022736
1.013904e-06	-0.023744
1.015904e-06	-0.023744
1.017904e-06	-0.021056
1.019904e-06	-0.022064
1.021904e-06	-0.022736
1.023904e-06	-0.021392
1.025904e-06	-0.023072
1.027904e-06	-0.02408
1.029904e-06	-0.0224
1.031904e-06	-0.021056
1.033904e-06	-0.021056
1.035904e-06	-0.023072
1.037904e-06	-0.021728
1.039904e-06	-0.022064
1.041904e-06	-0.021392
1.043904e-06	-0.021392
1.045904e-06	-0.02072
1.047904e-06	-0.022064
1.049904e-06	-0.021392
1.051904e-06	-0.023744
1.053904e-06	-0.021728
1.055904e-06	-0.020048
1.057904e-06	-0.019712
1.059904e-06	-0.021728
1.061904e-06	-0.0224
1.063904e-06	-0.023072
1.065904e-06	-0.019712
1.067904e-06	-0.021392
1.069904e-06	-0.019376
1.071904e-06	-0.022736
1.073904e-06	-0.020048
1.075904e-06	-0.021056
1.077904e-06	-0.020048
1.079904e-06	-0.021392
1.081904e-06	-0.02072
1.083904e-06	-0.022064
1.085904e-06	-0.02072
1.087904e-06	-0.021056
1.089904e-06	-0.019376
1.091904e-06	-0.022064
1.093904e-06	-0.020048
1.095904e-06	-0.02072
1.097904e-06	-0.021392
1.099904e-06	-0.0224
1.101904e-06	-0.022736
1.103904e-06	-0.021056
1.105904e-06	-0.019712
1.107904e-06	-0.021392
1.109904e-06	-0.022736
1.111904e-06	-0.0224
1.113904e-06	-0.021728
1.115904e-06	-0.025424
1.117904e-06	-0.024416
1.119904e-06	-0.02408
1.121904e-06	-0.0224
1.123904e-06	-0.023408
1.125904e-06	-0.021392
1.127904e-06	-0.02576
1.129904e-06	-0.025088
1.131904e-06	-0.0224
1.133904e-06	-0.021728
1.135904e-06	-0.022736
1.137904e-06	-0.023408
1.139904e-06	-0.023408
1.141904e-06	-0.0224
1.143904e-06	-0.021392
1.145904e-06	-0.022736
1.147904e-06	-0.023744
1.149904e-06	-0.022736
1.151904e-06	-0.02072
1.153904e-06	-0.022736
1.155904e-06	-0.023744
1.157904e-06	-0.0224
1.159904e-06	-0.023072
1.161904e-06	-0.02408
1.163904e-06	-0.023744
1.165904e-06	-0.021728
1.167904e-06	-0.022736
1.169904e-06	-0.022736
1.171904e-06	-0.022736
1.173904e-06	-0.021392
1.175904e-06	-0.024416
1.177904e-06	-0.022736
1.179904e-06	-0.02408
1.181904e-06	-0.023072
1.183904e-06	-0.022736
1.185904e-06	-0.023408
1.187904e-06	-0.023744
1.189904e-06	-0.022736
1.191904e-06	-0.0224
1.193904e-06	-0.022064
1.195904e-06	-0.023072
1.197904e-06	-0.023408
1.199904e-06	-0.023744
1.201904e-06	-0.022736
1.203904e-06	-0.022736
1.205904e-06	-0.018368
1.207904e-06	-0.021728
1.209904e-06	-0.023744
1.211904e-06	-0.022736
1.213904e-06	-0.02408
1.215904e-06	-0.022736
1.217904e-06	-0.022736
1.219904e-06	-0.023408
1.221904e-06	-0.021392
1.223904e-06	-0.020048
1.225904e-06	-0.02072
1.227904e-06	-0.023072
1.229904e-06	-0.020384
1.231904e-06	-0.022064
1.233904e-06	-0.021056
1.235904e-06	-0.021392
1.237904e-06	-0.021392
1.239904e-06	-0.023744
1.241904e-06	-0.020048
1.243904e-06	-0.023072
1.245904e-06	-0.0224
1.247904e-06	-0.02072
1.249904e-06	-0.02072
1.251904e-06	-0.023072
1.253904e-06	-0.021728
1.255904e-06	-0.022064
1.257904e-06	-0.018368
1.259904e-06	-0.019712
1.261904e-06	-0.020048
1.263904e-06	-0.022736
1.265904e-06	-0.021056
1.267904e-06	-0.02072
1.269904e-06	-0.01736
1.271904e-06	-0.0224
1.273904e-06	-0.022736
1.275904e-06	-0.021728
1.277904e-06	-0.018704
1.279904e-06	-0.022064
1.281904e-06	-0.020384
1.283904e-06	-0.021728
1.285904e-06	-0.018368
1.287904e-06	-0.019376
1.289904e-06	-0.018032
1.291904e-06	-0.020384
1.293904e-06	-0.01904
1.295904e-06	-0.019712
1.297904e-06	-0.018704
1.299904e-06	-0.018368
1.301904e-06	-0.018704
1.303904e-06	-0.01904
1.305904e-06	-0.01904
1.307904e-06	-0.02072
1.309904e-06	-0.018368
1.311904e-06	-0.018704
1.313904e-06	-0.01904
1.315904e-06	-0.019376
1.317904e-06	-0.019376
1.319904e-06	-0.019712
1.321904e-06	-0.020048
1.323904e-06	-0.020048
1.325904e-06	-0.019376
1.327904e-06	-0.018704
1.329904e-06	-0.018032
1.331904e-06	-0.01904
1.333904e-06	-0.020384
1.335904e-06	-0.019376
1.337904e-06	-0.020048
1.339904e-06	-0.020384
1.341904e-06	-0.019712
1.343904e-06	-0.02072
1.345904e-06	-0.020048
1.347904e-06	-0.020384
1.349904e-06	-0.020048
1.351904e-06	-0.02072
1.353904e-06	-0.019376
1.355904e-06	-0.018032
1.357904e-06	-0.020048
1.359904e-06	-0.020384
1.361904e-06	-0.020048
1.363904e-06	-0.0224
1.365904e-06	-0.021392
1.367904e-06	-0.021056
1.369904e-06	-0.020048
1.371904e-06	-0.022736
1.373904e-06	-0.021056
1.375904e-06	-0.021056
1.377904e-06	-0.021392
1.379904e-06	-0.021056
1.381904e-06	-0.020048
1.383904e-06	-0.022064
1.385904e-06	-0.020384
1.387904e-06	-0.022736
1.389904e-06	-0.023408
1.391904e-06	-0.021056
1.393904e-06	-0.021056
1.395904e-06	-0.019712
1.397904e-06	-0.025088
1.399904e-06	-0.021392
1.401904e-06	-0.020384
1.403904e-06	-0.0224
1.405904e-06	-0.023408
1.407904e-06	-0.022736
1.409904e-06	-0.021728
1.411904e-06	-0.021392
1.413904e-06	-0.022736
1.415904e-06	-0.023744
1.417904e-06	-0.021056
1.419904e-06	-0.02408
1.421904e-06	-0.021392
1.423904e-06	-0.022064
1.425904e-06	-0.0224
1.427904e-06	-0.0224
1.429904e-06	-0.024416
1.431904e-06	-0.0224
1.433904e-06	-0.0224
1.435904e-06	-0.023072
1.437904e-06	-0.023408
1.439904e-06	-0.023072
1.441904e-06	-0.023744
1.443904e-06	-0.02576
1.445904e-06	-0.022736
1.447904e-06	-0.021728
1.449904e-06	-0.0224
1.451904e-06	-0.023744
1.453904e-06	-0.023408
1.455904e-06	-0.022064
1.457904e-06	-0.022064
1.459904e-06	-0.023072
1.461904e-06	-0.023744
1.463904e-06	-0.020384
1.465904e-06	-0.021056
1.467904e-06	-0.023408
1.469904e-06	-0.022064
1.471904e-06	-0.019712
1.473904e-06	-0.023744
1.475904e-06	-0.02576
1.477904e-06	-0.023408
1.479904e-06	-0.023072
1.481904e-06	-0.023072
1.483904e-06	-0.024416
1.485904e-06	-0.024416
1.487904e-06	-0.024752
1.489904e-06	-0.024416
1.491904e-06	-0.024416
1.493904e-06	-0.025424
1.495904e-06	-0.0224
1.497904e-06	-0.023072
1.499904e-06	-0.023744
1.501904e-06	-0.024416
1.503904e-06	-0.021728
1.505904e-06	-0.0224
1.507904e-06	-0.021728
1.509904e-06	-0.021056
1.511904e-06	-0.023072
1.513904e-06	-0.024416
1.515904e-06	-0.025088
1.517904e-06	-0.0224
1.519904e-06	-0.022736
1.521904e-06	-0.025088
1.523904e-06	-0.022736
1.525904e-06	-0.023072
1.527904e-06	-0.023072
1.529904e-06	-0.02408
1.531904e-06	-0.024416
1.533904e-06	-0.023744
1.535904e-06	-0.023744
1.537904e-06	-0.021392
1.539904e-06	-0.024416
1.541904e-06	-0.024416
1.543904e-06	-0.025424
1.545904e-06	-0.023744
1.547904e-06	-0.023744
1.549904e-06	-0.024752
1.551904e-06	-0.024416
1.553904e-06	-0.023072
1.555904e-06	-0.023072
1.557904e-06	-0.022064
1.559904e-06	-0.024416
1.561904e-06	-0.023744
1.563904e-06	-0.024752
1.565904e-06	-0.023408
1.567904e-06	-0.023072
1.569904e-06	-0.022736
1.571904e-06	-0.023072
1.573904e-06	-0.019712
1.575904e-06	-0.021728
1.577904e-06	-0.020048
1.579904e-06	-0.019712
1.581904e-06	-0.018704
1.583904e-06	-0.021056
1.585904e-06	-0.020048
1.587904e-06	-0.019712
1.589904e-06	-0.018032
1.591904e-06	-0.02072
1.593904e-06	-0.018704
1.595904e-06	-0.020384
1.597904e-06	-0.020048
1.599904e-06	-0.020048
1.601904e-06	-0.019712
1.603904e-06	-0.02072
1.605904e-06	-0.019712
1.607904e-06	-0.01904
1.609904e-06	-0.020384
1.611904e-06	-0.020048
1.613904e-06	-0.019376
1.615904e-06	-0.022064
1.617904e-06	-0.020048
1.619904e-06	-0.018704
1.621904e-06	-0.01904
1.623904e-06	-0.019712
1.625904e-06	-0.019712
1.627904e-06	-0.01904
1.629904e-06	-0.021728
1.631904e-06	-0.02072
1.633904e-06	-0.019712
1.635904e-06	-0.022064
1.637904e-06	-0.016352
1.639904e-06	-0.01904
1.641904e-06	-0.018704
1.643904e-06	-0.019376
1.645904e-06	-0.01568
1.647904e-06	-0.019376
1.649904e-06	-0.018032
1.651904e-06	-0.018368
1.653904e-06	-0.01904
1.655904e-06	-0.016688
1.657904e-06	-0.019712
1.659904e-06	-0.018704
1.661904e-06	-0.018032
1.663904e-06	-0.019376
1.665904e-06	-0.018704
1.667904e-06	-0.02072
1.669904e-06	-0.019376
1.671904e-06	-0.017696
1.673904e-06	-0.019376
1.675904e-06	-0.019376
1.677904e-06	-0.018368
1.679904e-06	-0.01904
1.681904e-06	-0.019712
1.683904e-06	-0.018704
1.685904e-06	-0.01736
1.687904e-06	-0.019376
1.689904e-06	-0.019376
1.691904e-06	-0.019376
1.693904e-06	-0.016688
1.695904e-06	-0.018032
1.697904e-06	-0.018704
1.699904e-06	-0.02072
1.701904e-06	-0.021056
1.703904e-06	-0.020048
1.705904e-06	-0.01904
1.707904e-06	-0.02072
1.709904e-06	-0.020048
1.711904e-06	-0.020384
1.713904e-06	-0.020384
1.715904e-06	-0.020384
1.717904e-06	-0.0224
1.719904e-06	-0.021056
1.721904e-06	-0.020384
1.723904e-06	-0.021056
1.725904e-06	-0.021392
1.727904e-06	-0.020384
1.729904e-06	-0.018704
1.731904e-06	-0.021728
1.733904e-06	-0.022736
1.735904e-06	-0.02072
1.737904e-06	-0.020048
1.739904e-06	-0.02072
1.741904e-06	-0.019712
1.743904e-06	-0.019712
1.745904e-06	-0.018704
1.747904e-06	-0.021728
1.749904e-06	-0.019712
1.751904e-06	-0.019712
1.753904e-06	-0.018704
1.755904e-06	-0.020048
1.757904e-06	-0.022064
1.759904e-06	-0.019712
1.761904e-06	-0.018368
1.763904e-06	-0.020384
1.765904e-06	-0.020384
1.767904e-06	-0.020384
1.769904e-06	-0.01904
1.771904e-06	-0.02072
1.773904e-06	-0.02072
1.775904e-06	-0.019376
1.777904e-06	-0.018704
1.779904e-06	-0.01904
1.781904e-06	-0.018704
1.783904e-06	-0.021056
1.785904e-06	-0.019376
1.787904e-06	-0.020384
1.789904e-06	-0.018704
1.791904e-06	-0.020048
1.793904e-06	-0.021056
1.795904e-06	-0.022736
1.797904e-06	-0.019376
1.799904e-06	-0.019712
1.801904e-06	-0.018032
1.803904e-06	-0.019712
1.805904e-06	-0.023072
1.807904e-06	-0.020048
1.809904e-06	-0.019712
1.811904e-06	-0.021728
1.813904e-06	-0.020048
1.815904e-06	-0.020384
1.817904e-06	-0.01904
1.819904e-06	-0.019712
1.821904e-06	-0.019712
1.823904e-06	-0.021056
1.825904e-06	-0.01904
1.827904e-06	-0.022736
1.829904e-06	-0.020384
1.831904e-06	-0.022064
1.833904e-06	-0.021392
1.835904e-06	-0.0224
1.837904e-06	-0.023744
1.839904e-06	-0.023072
1.841904e-06	-0.021392
1.843904e-06	-0.022736
1.845904e-06	-0.021728
1.847904e-06	-0.022064
1.849904e-06	-0.021728
1.851904e-06	-0.021728
1.853904e-06	-0.022064
1.855904e-06	-0.023072
1.857904e-06	-0.0224
1.859904e-06	-0.0224
1.861904e-06	-0.021728
1.863904e-06	-0.021056
1.865904e-06	-0.018368
1.867904e-06	-0.02072
1.869904e-06	-0.020384
1.871904e-06	-0.021728
1.873904e-06	-0.02072
1.875904e-06	-0.0224
1.877904e-06	-0.021728
1.879904e-06	-0.023072
1.881904e-06	-0.022736
1.883904e-06	-0.023744
1.885904e-06	-0.022736
1.887904e-06	-0.021392
1.889904e-06	-0.020048
1.891904e-06	-0.021728
1.893904e-06	-0.020048
1.895904e-06	-0.021728
1.897904e-06	-0.021392
1.899904e-06	-0.021392
1.901904e-06	-0.020048
1.903904e-06	-0.021392
1.905904e-06	-0.020048
1.907904e-06	-0.021728
1.909904e-06	-0.022064
1.911904e-06	-0.020048
1.913904e-06	-0.021056
1.915904e-06	-0.022064
1.917904e-06	-0.023072
1.919904e-06	-0.020048
1.921904e-06	-0.020384
1.923904e-06	-0.0224
1.925904e-06	-0.020384
1.927904e-06	-0.022736
1.929904e-06	-0.021056
1.931904e-06	-0.021056
1.933904e-06	-0.021728
1.935904e-06	-0.02072
1.937904e-06	-0.021056
1.939904e-06	-0.024416
1.941904e-06	-0.023408
1.943904e-06	-0.023744
1.945904e-06	-0.022736
1.947904e-06	-0.021728
1.949904e-06	-0.023744
1.951904e-06	-0.021728
1.953904e-06	-0.023744
1.955904e-06	-0.022064
1.957904e-06	-0.022736
1.959904e-06	-0.02072
1.961904e-06	-0.023072
1.963904e-06	-0.0224
1.965904e-06	-0.021728
1.967904e-06	-0.020384
1.969904e-06	-0.02072
1.971904e-06	-0.021392
1.973904e-06	-0.023072
1.975904e-06	-0.022736
1.977904e-06	-0.021056
1.979904e-06	-0.023408
1.981904e-06	-0.02072
1.983904e-06	-0.021392
1.985904e-06	-0.020048
1.987904e-06	-0.0224
1.989904e-06	-0.018704
1.991904e-06	-0.019712
1.993904e-06	-0.020384
1.995904e-06	-0.0224
1.997904e-06	-0.023408
1.999904e-06	-0.020384
2.001904e-06	-0.020384
2.003904e-06	-0.0224
2.005904e-06	-0.021392
2.007904e-06	-0.018704
2.009904e-06	-0.021392
2.011904e-06	-0.021392
2.013904e-06	-0.020048
2.015904e-06	-0.019376
2.017904e-06	-0.019712
2.019904e-06	-0.020384
2.021904e-06	-0.019376
2.023904e-06	-0.02072
2.025904e-06	-0.021056
2.027904e-06	-0.021056
2.029904e-06	-0.020384
2.031904e-06	-0.019376
2.033904e-06	-0.019376
2.035904e-06	-0.02072
2.037904e-06	-0.021392
2.039904e-06	-0.020048
2.041904e-06	-0.020384
2.043904e-06	-0.021392
2.045904e-06	-0.019376
2.047904e-06	-0.02072
2.049904e-06	-0.021056
2.051904e-06	-0.022736
2.053904e-06	-0.02072
2.055904e-06	-0.022064
2.057904e-06	-0.021056
2.059904e-06	-0.020384
2.061904e-06	-0.021392
2.063904e-06	-0.021728
2.065904e-06	-0.02072
2.067904e-06	-0.01904
2.069904e-06	-0.02072
2.071904e-06	-0.021392
2.073904e-06	-0.021728
2.075904e-06	-0.022736
2.077904e-06	-0.019376
2.079904e-06	-0.021728
2.081904e-06	-0.020384
2.083904e-06	-0.019712
2.085904e-06	-0.019376
2.087904e-06	-0.021392
2.089904e-06	-0.019712
2.091904e-06	-0.02072
2.093904e-06	-0.019712
2.095904e-06	-0.02072
2.097904e-06	-0.020048
2.099904e-06	-0.022736
2.101904e-06	-0.022064
2.103904e-06	-0.022064
2.105904e-06	-0.021056
2.107904e-06	-0.01904
2.109904e-06	-0.01904
2.111904e-06	-0.021392
2.113904e-06	-0.021728
2.115904e-06	-0.019712
2.117904e-06	-0.021056
2.119904e-06	-0.01904
2.121904e-06	-0.019376
2.123904e-06	-0.021392
2.125904e-06	-0.019376
2.127904e-06	-0.021056
2.129904e-06	-0.020048
2.131904e-06	-0.021056
2.133904e-06	-0.019376
2.135904e-06	-0.022736
2.137904e-06	-0.02072
2.139904e-06	-0.018704
2.141904e-06	-0.018032
2.143904e-06	-0.018368
2.145904e-06	-0.016352
2.147904e-06	-0.018032
2.149904e-06	-0.018032
2.151904e-06	-0.019376
2.153904e-06	-0.018368
2.155904e-06	-0.016352
2.157904e-06	-0.018032
2.159904e-06	-0.020048
2.161904e-06	-0.018704
2.163904e-06	-0.019712
2.165904e-06	-0.018368
2.167904e-06	-0.018704
2.169904e-06	-0.018704
2.171904e-06	-0.018032
2.173904e-06	-0.01904
2.175904e-06	-0.020384
2.177904e-06	-0.018704
2.179904e-06	-0.02072
2.181904e-06	-0.018704
2.183904e-06	-0.017696
2.185904e-06	-0.018704
2.187904e-06	-0.020048
2.189904e-06	-0.020384
2.191904e-06	-0.019376
2.193904e-06	-0.019376
2.195904e-06	-0.020384
2.197904e-06	-0.019712
2.199904e-06	-0.020048
2.201904e-06	-0.022736
2.203904e-06	-0.02072
2.205904e-06	-0.02072
2.207904e-06	-0.02072
2.209904e-06	-0.020384
2.211904e-06	-0.018704
2.213904e-06	-0.021392
2.215904e-06	-0.019376
2.217904e-06	-0.017696
2.219904e-06	-0.021392
2.221904e-06	-0.02072
2.223904e-06	-0.01904
2.225904e-06	-0.019376
2.227904e-06	-0.019712
2.229904e-06	-0.018704
2.231904e-06	-0.020384
2.233904e-06	-0.019376
2.235904e-06	-0.02072
2.237904e-06	-0.021056
2.239904e-06	-0.019376
2.241904e-06	-0.019376
2.243904e-06	-0.018704
2.245904e-06	-0.022064
2.247904e-06	-0.019712
2.249904e-06	-0.019376
2.251904e-06	-0.022064
2.253904e-06	-0.02072
2.255904e-06	-0.019712
2.257904e-06	-0.021056
2.259904e-06	-0.021728
2.261904e-06	-0.020384
2.263904e-06	-0.022064
2.265904e-06	-0.021728
2.267904e-06	-0.021392
2.269904e-06	-0.018368
2.271904e-06	-0.02072
2.273904e-06	-0.021392
2.275904e-06	-0.022064
2.277904e-06	-0.0224
2.279904e-06	-0.023072
2.281904e-06	-0.020384
2.283904e-06	-0.0224
2.285904e-06	-0.02072
2.287904e-06	-0.021392
2.289904e-06	-0.021392
2.291904e-06	-0.023744
2.293904e-06	-0.022064
2.295904e-06	-0.0224
2.297904e-06	-0.020048
2.299904e-06	-0.021728
2.301904e-06	-0.022736
2.303904e-06	-0.022736
2.305904e-06	-0.022736
2.307904e-06	-0.0224
2.309904e-06	-0.022736
2.311904e-06	-0.023744
2.313904e-06	-0.020048
2.315904e-06	-0.025424
2.317904e-06	-0.02576
2.319904e-06	-0.0224
2.321904e-06	-0.02072
2.323904e-06	-0.022064
2.325904e-06	-0.0224
2.327904e-06	-0.02408
2.329904e-06	-0.021392
2.331904e-06	-0.023072
2.333904e-06	-0.0224
2.335904e-06	-0.022736
2.337904e-06	-0.023408
2.339904e-06	-0.023744
2.341904e-06	-0.022736
2.343904e-06	-0.02408
2.345904e-06	-0.022736
2.347904e-06	-0.024416
2.349904e-06	-0.021728
2.351904e-06	-0.023744
2.353904e-06	-0.022064
2.355904e-06	-0.023072
2.357904e-06	-0.0224
2.359904e-06	-0.0224
2.361904e-06	-0.021392
2.363904e-06	-0.021392
2.365904e-06	-0.023072
2.367904e-06	-0.022064
2.369904e-06	-0.021056
2.371904e-06	-0.021392
2.373904e-06	-0.022736
2.375904e-06	-0.021392
2.377904e-06	-0.019376
2.379904e-06	-0.023072
2.381904e-06	-0.022736
2.383904e-06	-0.023072
2.385904e-06	-0.02072
2.387904e-06	-0.021728
2.389904e-06	-0.021056
2.391904e-06	-0.020384
2.393904e-06	-0.019712
2.395904e-06	-0.0224
2.397904e-06	-0.02072
2.399904e-06	-0.020384
2.401904e-06	-0.020384
2.403904e-06	-0.021056
2.405904e-06	-0.018368
2.407904e-06	-0.0224
2.409904e-06	-0.023072
2.411904e-06	-0.019712
2.413904e-06	-0.02072
2.415904e-06	-0.02072
2.417904e-06	-0.020048
2.419904e-06	-0.021728
2.421904e-06	-0.022736
2.423904e-06	-0.021056
2.425904e-06	-0.02072
2.427904e-06	-0.021392
2.429904e-06	-0.02072
2.431904e-06	-0.021056
2.433904e-06	-0.02072
2.435904e-06	-0.0224
2.437904e-06	-0.018704
2.439904e-06	-0.019376
2.441904e-06	-0.019712
2.443904e-06	-0.022064
2.445904e-06	-0.021056
2.447904e-06	-0.021392
2.449904e-06	-0.01904
2.451904e-06	-0.021728
2.453904e-06	-0.02072
2.455904e-06	-0.021728
2.457904e-06	-0.02072
2.459904e-06	-0.02408
2.461904e-06	-0.021728
2.463904e-06	-0.021056
2.465904e-06	-0.021392
2.467904e-06	-0.023408
2.469904e-06	-0.022736
2.471904e-06	-0.02072
2.473904e-06	-0.02072
2.475904e-06	-0.023408
2.477904e-06	-0.022064
2.479904e-06	-0.02072
2.481904e-06	-0.023744
2.483904e-06	-0.025088
2.485904e-06	-0.023408
2.487904e-06	-0.023408
2.489904e-06	-0.021728
2.491904e-06	-0.025088
2.493904e-06	-0.025088
2.495904e-06	-0.025088
2.497904e-06	-0.022064
2.499904e-06	-0.0224
2.501904e-06	-0.023408
