LECROYHDO6104A	50809	Waveform
Segments	1	SegmentSize	2502
Segment	TrigTime	TimeSinceSegment1
#1	19-Dec-2022 19:40:51	0                 
Time	Ampl
-2.500981e-06	-0.02535
-2.498981e-06	-0.0248
-2.496981e-06	-0.02535
-2.494981e-06	-0.0248
-2.492981e-06	-0.02425
-2.490981e-06	-0.02535
-2.488981e-06	-0.02315
-2.486981e-06	-0.02535
-2.484981e-06	-0.0259
-2.482981e-06	-0.02425
-2.480981e-06	-0.0259
-2.478981e-06	-0.02755
-2.476981e-06	-0.0237
-2.474981e-06	-0.0259
-2.472981e-06	-0.027
-2.470981e-06	-0.0248
-2.468981e-06	-0.0248
-2.466981e-06	-0.02425
-2.464981e-06	-0.0237
-2.462981e-06	-0.0237
-2.460981e-06	-0.02535
-2.458981e-06	-0.0237
-2.456981e-06	-0.0292
-2.454981e-06	-0.02535
-2.452981e-06	-0.0259
-2.450981e-06	-0.0248
-2.448981e-06	-0.02865
-2.446981e-06	-0.0281
-2.444981e-06	-0.027
-2.442981e-06	-0.02535
-2.440981e-06	-0.02535
-2.438981e-06	-0.0259
-2.436981e-06	-0.02645
-2.434981e-06	-0.027
-2.432981e-06	-0.027
-2.430981e-06	-0.02535
-2.428981e-06	-0.0237
-2.426981e-06	-0.0237
-2.424981e-06	-0.02645
-2.422981e-06	-0.0248
-2.420981e-06	-0.0259
-2.418981e-06	-0.02865
-2.416981e-06	-0.02865
-2.414981e-06	-0.0292
-2.412981e-06	-0.02535
-2.410981e-06	-0.0237
-2.408981e-06	-0.02645
-2.406981e-06	-0.0259
-2.404981e-06	-0.02095
-2.402981e-06	-0.02205
-2.400981e-06	-0.02645
-2.398981e-06	-0.02535
-2.396981e-06	-0.0237
-2.394981e-06	-0.0237
-2.392981e-06	-0.0226
-2.390981e-06	-0.0248
-2.388981e-06	-0.02425
-2.386981e-06	-0.02425
-2.384981e-06	-0.0248
-2.382981e-06	-0.0248
-2.380981e-06	-0.02315
-2.378981e-06	-0.02205
-2.376981e-06	-0.027
-2.374981e-06	-0.02425
-2.372981e-06	-0.0237
-2.370981e-06	-0.0204
-2.368981e-06	-0.02315
-2.366981e-06	-0.0248
-2.364981e-06	-0.02315
-2.362981e-06	-0.02205
-2.360981e-06	-0.02425
-2.358981e-06	-0.02095
-2.356981e-06	-0.02205
-2.354981e-06	-0.0237
-2.352981e-06	-0.02315
-2.350981e-06	-0.027
-2.348981e-06	-0.02645
-2.346981e-06	-0.02425
-2.344981e-06	-0.02645
-2.342981e-06	-0.027
-2.340981e-06	-0.02535
-2.338981e-06	-0.02425
-2.336981e-06	-0.02755
-2.334981e-06	-0.027
-2.332981e-06	-0.0281
-2.330981e-06	-0.02645
-2.328981e-06	-0.0292
-2.326981e-06	-0.027
-2.324981e-06	-0.0303
-2.322981e-06	-0.02645
-2.320981e-06	-0.027
-2.318981e-06	-0.02645
-2.316981e-06	-0.02975
-2.314981e-06	-0.02755
-2.312981e-06	-0.02865
-2.310981e-06	-0.02865
-2.308981e-06	-0.0248
-2.306981e-06	-0.0248
-2.304981e-06	-0.03085
-2.302981e-06	-0.02755
-2.300981e-06	-0.02865
-2.298981e-06	-0.02535
-2.296981e-06	-0.02645
-2.294981e-06	-0.0259
-2.292981e-06	-0.02755
-2.290981e-06	-0.0259
-2.288981e-06	-0.0303
-2.286981e-06	-0.02865
-2.284981e-06	-0.0281
-2.282981e-06	-0.02755
-2.280981e-06	-0.02975
-2.278981e-06	-0.0248
-2.276981e-06	-0.02755
-2.274981e-06	-0.02645
-2.272981e-06	-0.0292
-2.270981e-06	-0.0248
-2.268981e-06	-0.02645
-2.266981e-06	-0.0259
-2.264981e-06	-0.02865
-2.262981e-06	-0.027
-2.260981e-06	-0.027
-2.258981e-06	-0.0292
-2.256981e-06	-0.0281
-2.254981e-06	-0.02755
-2.252981e-06	-0.02535
-2.250981e-06	-0.02645
-2.248981e-06	-0.02645
-2.246981e-06	-0.0248
-2.244981e-06	-0.02645
-2.242981e-06	-0.02865
-2.240981e-06	-0.027
-2.238981e-06	-0.02755
-2.236981e-06	-0.0259
-2.234981e-06	-0.0292
-2.232981e-06	-0.0292
-2.230981e-06	-0.02645
-2.228981e-06	-0.02535
-2.226981e-06	-0.0292
-2.224981e-06	-0.0281
-2.222981e-06	-0.0281
-2.220981e-06	-0.0259
-2.218981e-06	-0.02645
-2.216981e-06	-0.0248
-2.214981e-06	-0.02535
-2.212981e-06	-0.03085
-2.210981e-06	-0.0259
-2.208981e-06	-0.0281
-2.206981e-06	-0.02755
-2.204981e-06	-0.027
-2.202981e-06	-0.0303
-2.200981e-06	-0.03085
-2.198981e-06	-0.02645
-2.196981e-06	-0.02535
-2.194981e-06	-0.0292
-2.192981e-06	-0.02755
-2.190981e-06	-0.0259
-2.188981e-06	-0.02755
-2.186981e-06	-0.027
-2.184981e-06	-0.02865
-2.182981e-06	-0.02975
-2.180981e-06	-0.027
-2.178981e-06	-0.02425
-2.176981e-06	-0.0292
-2.174981e-06	-0.03085
-2.172981e-06	-0.0259
-2.170981e-06	-0.02645
-2.168981e-06	-0.027
-2.166981e-06	-0.0259
-2.164981e-06	-0.02755
-2.162981e-06	-0.0237
-2.160981e-06	-0.0248
-2.158981e-06	-0.02645
-2.156981e-06	-0.02755
-2.154981e-06	-0.02535
-2.152981e-06	-0.02865
-2.150981e-06	-0.0292
-2.148981e-06	-0.0281
-2.146981e-06	-0.027
-2.144981e-06	-0.0281
-2.142981e-06	-0.02755
-2.140981e-06	-0.02535
-2.138981e-06	-0.027
-2.136981e-06	-0.03195
-2.134981e-06	-0.02975
-2.132981e-06	-0.027
-2.130981e-06	-0.0281
-2.128981e-06	-0.0292
-2.126981e-06	-0.0281
-2.124981e-06	-0.02755
-2.122981e-06	-0.02865
-2.120981e-06	-0.0281
-2.118981e-06	-0.0259
-2.116981e-06	-0.0281
-2.114981e-06	-0.02535
-2.112981e-06	-0.0303
-2.110981e-06	-0.02755
-2.108981e-06	-0.02535
-2.106981e-06	-0.027
-2.104981e-06	-0.02755
-2.102981e-06	-0.02755
-2.100981e-06	-0.027
-2.098981e-06	-0.0281
-2.096981e-06	-0.0281
-2.094981e-06	-0.02755
-2.092981e-06	-0.0248
-2.090981e-06	-0.02535
-2.088981e-06	-0.02755
-2.086981e-06	-0.027
-2.084981e-06	-0.02865
-2.082981e-06	-0.0259
-2.080981e-06	-0.0303
-2.078981e-06	-0.027
-2.076981e-06	-0.027
-2.074981e-06	-0.027
-2.072981e-06	-0.02645
-2.070981e-06	-0.02535
-2.068981e-06	-0.027
-2.066981e-06	-0.0292
-2.064981e-06	-0.02975
-2.062981e-06	-0.027
-2.060981e-06	-0.0292
-2.058981e-06	-0.02535
-2.056981e-06	-0.02865
-2.054981e-06	-0.02425
-2.052981e-06	-0.0303
-2.050981e-06	-0.0248
-2.048981e-06	-0.02535
-2.046981e-06	-0.02645
-2.044981e-06	-0.027
-2.042981e-06	-0.02645
-2.040981e-06	-0.0281
-2.038981e-06	-0.0281
-2.036981e-06	-0.0248
-2.034981e-06	-0.027
-2.032981e-06	-0.0303
-2.030981e-06	-0.027
-2.028981e-06	-0.0281
-2.026981e-06	-0.0259
-2.024981e-06	-0.0281
-2.022981e-06	-0.027
-2.020981e-06	-0.02975
-2.018981e-06	-0.027
-2.016981e-06	-0.027
-2.014981e-06	-0.02425
-2.012981e-06	-0.02535
-2.010981e-06	-0.02755
-2.008981e-06	-0.0281
-2.006981e-06	-0.02645
-2.004981e-06	-0.0281
-2.002981e-06	-0.0248
-2.000981e-06	-0.0281
-1.998981e-06	-0.02645
-1.996981e-06	-0.027
-1.994981e-06	-0.02645
-1.992981e-06	-0.02645
-1.990981e-06	-0.02645
-1.988981e-06	-0.0248
-1.986981e-06	-0.0237
-1.984981e-06	-0.02645
-1.982981e-06	-0.0259
-1.980981e-06	-0.0259
-1.978981e-06	-0.02535
-1.976981e-06	-0.0248
-1.974981e-06	-0.02425
-1.972981e-06	-0.02315
-1.970981e-06	-0.0237
-1.968981e-06	-0.02535
-1.966981e-06	-0.02425
-1.964981e-06	-0.0215
-1.962981e-06	-0.0237
-1.960981e-06	-0.027
-1.958981e-06	-0.0215
-1.956981e-06	-0.01985
-1.954981e-06	-0.0204
-1.952981e-06	-0.0215
-1.950981e-06	-0.0237
-1.948981e-06	-0.01985
-1.946981e-06	-0.0237
-1.944981e-06	-0.0237
-1.942981e-06	-0.02535
-1.940981e-06	-0.0226
-1.938981e-06	-0.02205
-1.936981e-06	-0.0259
-1.934981e-06	-0.02205
-1.932981e-06	-0.01985
-1.930981e-06	-0.0237
-1.928981e-06	-0.02095
-1.926981e-06	-0.02315
-1.924981e-06	-0.0248
-1.922981e-06	-0.02315
-1.920981e-06	-0.027
-1.918981e-06	-0.02535
-1.916981e-06	-0.02425
-1.914981e-06	-0.0248
-1.912981e-06	-0.02425
-1.910981e-06	-0.0237
-1.908981e-06	-0.02205
-1.906981e-06	-0.0237
-1.904981e-06	-0.02535
-1.902981e-06	-0.02645
-1.900981e-06	-0.0259
-1.898981e-06	-0.02425
-1.896981e-06	-0.02425
-1.894981e-06	-0.02645
-1.892981e-06	-0.02425
-1.890981e-06	-0.027
-1.888981e-06	-0.0281
-1.886981e-06	-0.027
-1.884981e-06	-0.0259
-1.882981e-06	-0.02535
-1.880981e-06	-0.0281
-1.878981e-06	-0.0248
-1.876981e-06	-0.027
-1.874981e-06	-0.0215
-1.872981e-06	-0.0259
-1.870981e-06	-0.02425
-1.868981e-06	-0.027
-1.866981e-06	-0.0248
-1.864981e-06	-0.0281
-1.862981e-06	-0.0248
-1.860981e-06	-0.02425
-1.858981e-06	-0.02755
-1.856981e-06	-0.0292
-1.854981e-06	-0.0281
-1.852981e-06	-0.0281
-1.850981e-06	-0.0281
-1.848981e-06	-0.02975
-1.846981e-06	-0.027
-1.844981e-06	-0.0259
-1.842981e-06	-0.0292
-1.840981e-06	-0.02755
-1.838981e-06	-0.0292
-1.836981e-06	-0.02865
-1.834981e-06	-0.02865
-1.832981e-06	-0.0292
-1.830981e-06	-0.027
-1.828981e-06	-0.027
-1.826981e-06	-0.02425
-1.824981e-06	-0.0292
-1.822981e-06	-0.0259
-1.820981e-06	-0.0292
-1.818981e-06	-0.0303
-1.816981e-06	-0.027
-1.814981e-06	-0.02645
-1.812981e-06	-0.02755
-1.810981e-06	-0.0259
-1.808981e-06	-0.02425
-1.806981e-06	-0.0259
-1.804981e-06	-0.02865
-1.802981e-06	-0.02755
-1.800981e-06	-0.03085
-1.798981e-06	-0.0303
-1.796981e-06	-0.0248
-1.794981e-06	-0.02865
-1.792981e-06	-0.02535
-1.790981e-06	-0.0259
-1.788981e-06	-0.02535
-1.786981e-06	-0.027
-1.784981e-06	-0.03195
-1.782981e-06	-0.0281
-1.780981e-06	-0.02975
-1.778981e-06	-0.0259
-1.776981e-06	-0.0314
-1.774981e-06	-0.02865
-1.772981e-06	-0.02865
-1.770981e-06	-0.0281
-1.768981e-06	-0.03195
-1.766981e-06	-0.03085
-1.764981e-06	-0.02865
-1.762981e-06	-0.0314
-1.760981e-06	-0.0303
-1.758981e-06	-0.02865
-1.756981e-06	-0.02975
-1.754981e-06	-0.027
-1.752981e-06	-0.0303
-1.750981e-06	-0.027
-1.748981e-06	-0.0281
-1.746981e-06	-0.02865
-1.744981e-06	-0.03195
-1.742981e-06	-0.02975
-1.740981e-06	-0.0303
-1.738981e-06	-0.02755
-1.736981e-06	-0.02975
-1.734981e-06	-0.02755
-1.732981e-06	-0.02755
-1.730981e-06	-0.02645
-1.728981e-06	-0.02975
-1.726981e-06	-0.027
-1.724981e-06	-0.0292
-1.722981e-06	-0.02755
-1.720981e-06	-0.027
-1.718981e-06	-0.02755
-1.716981e-06	-0.02535
-1.714981e-06	-0.02645
-1.712981e-06	-0.0281
-1.710981e-06	-0.02975
-1.708981e-06	-0.02645
-1.706981e-06	-0.027
-1.704981e-06	-0.02535
-1.702981e-06	-0.02755
-1.700981e-06	-0.0281
-1.698981e-06	-0.0237
-1.696981e-06	-0.0259
-1.694981e-06	-0.0259
-1.692981e-06	-0.02425
-1.690981e-06	-0.02755
-1.688981e-06	-0.0292
-1.686981e-06	-0.027
-1.684981e-06	-0.02755
-1.682981e-06	-0.027
-1.680981e-06	-0.0292
-1.678981e-06	-0.02865
-1.676981e-06	-0.02425
-1.674981e-06	-0.02645
-1.672981e-06	-0.0259
-1.670981e-06	-0.02755
-1.668981e-06	-0.02645
-1.666981e-06	-0.0215
-1.664981e-06	-0.027
-1.662981e-06	-0.0248
-1.660981e-06	-0.0259
-1.658981e-06	-0.02865
-1.656981e-06	-0.02975
-1.654981e-06	-0.02645
-1.652981e-06	-0.02645
-1.650981e-06	-0.0259
-1.648981e-06	-0.02645
-1.646981e-06	-0.027
-1.644981e-06	-0.027
-1.642981e-06	-0.02865
-1.640981e-06	-0.0303
-1.638981e-06	-0.02755
-1.636981e-06	-0.0292
-1.634981e-06	-0.0325
-1.632981e-06	-0.03085
-1.630981e-06	-0.027
-1.628981e-06	-0.0303
-1.626981e-06	-0.03195
-1.624981e-06	-0.0303
-1.622981e-06	-0.02755
-1.620981e-06	-0.0281
-1.618981e-06	-0.027
-1.616981e-06	-0.02865
-1.614981e-06	-0.02425
-1.612981e-06	-0.02645
-1.610981e-06	-0.02975
-1.608981e-06	-0.02975
-1.606981e-06	-0.0259
-1.604981e-06	-0.02755
-1.602981e-06	-0.0259
-1.600981e-06	-0.03195
-1.598981e-06	-0.0292
-1.596981e-06	-0.02865
-1.594981e-06	-0.02865
-1.592981e-06	-0.03195
-1.590981e-06	-0.02975
-1.588981e-06	-0.02755
-1.586981e-06	-0.0259
-1.584981e-06	-0.02755
-1.582981e-06	-0.02755
-1.580981e-06	-0.02975
-1.578981e-06	-0.027
-1.576981e-06	-0.0292
-1.574981e-06	-0.027
-1.572981e-06	-0.0281
-1.570981e-06	-0.027
-1.568981e-06	-0.02645
-1.566981e-06	-0.027
-1.564981e-06	-0.0259
-1.562981e-06	-0.0248
-1.560981e-06	-0.0292
-1.558981e-06	-0.0281
-1.556981e-06	-0.02865
-1.554981e-06	-0.02315
-1.552981e-06	-0.0292
-1.550981e-06	-0.02755
-1.548981e-06	-0.02755
-1.546981e-06	-0.0248
-1.544981e-06	-0.02645
-1.542981e-06	-0.02755
-1.540981e-06	-0.02645
-1.538981e-06	-0.02315
-1.536981e-06	-0.02755
-1.534981e-06	-0.02865
-1.532981e-06	-0.0259
-1.530981e-06	-0.027
-1.528981e-06	-0.02975
-1.526981e-06	-0.02755
-1.524981e-06	-0.02535
-1.522981e-06	-0.0248
-1.520981e-06	-0.02975
-1.518981e-06	-0.02645
-1.516981e-06	-0.0259
-1.514981e-06	-0.02645
-1.512981e-06	-0.02755
-1.510981e-06	-0.02425
-1.508981e-06	-0.0281
-1.506981e-06	-0.02535
-1.504981e-06	-0.0292
-1.502981e-06	-0.0281
-1.500981e-06	-0.0281
-1.498981e-06	-0.02645
-1.496981e-06	-0.0292
-1.494981e-06	-0.02865
-1.492981e-06	-0.02975
-1.490981e-06	-0.02755
-1.488981e-06	-0.0292
-1.486981e-06	-0.02975
-1.484981e-06	-0.02865
-1.482981e-06	-0.02865
-1.480981e-06	-0.02865
-1.478981e-06	-0.0292
-1.476981e-06	-0.0314
-1.474981e-06	-0.027
-1.472981e-06	-0.0303
-1.470981e-06	-0.0314
-1.468981e-06	-0.02975
-1.466981e-06	-0.0314
-1.464981e-06	-0.0325
-1.462981e-06	-0.0314
-1.460981e-06	-0.02975
-1.458981e-06	-0.0303
-1.456981e-06	-0.0336
-1.454981e-06	-0.0314
-1.452981e-06	-0.02755
-1.450981e-06	-0.0259
-1.448981e-06	-0.02865
-1.446981e-06	-0.03085
-1.444981e-06	-0.03195
-1.442981e-06	-0.027
-1.440981e-06	-0.0303
-1.438981e-06	-0.02865
-1.436981e-06	-0.0259
-1.434981e-06	-0.0281
-1.432981e-06	-0.027
-1.430981e-06	-0.0292
-1.428981e-06	-0.0292
-1.426981e-06	-0.027
-1.424981e-06	-0.02755
-1.422981e-06	-0.02645
-1.420981e-06	-0.02755
-1.418981e-06	-0.0259
-1.416981e-06	-0.0314
-1.414981e-06	-0.0303
-1.412981e-06	-0.0292
-1.410981e-06	-0.02425
-1.408981e-06	-0.03085
-1.406981e-06	-0.027
-1.404981e-06	-0.0314
-1.402981e-06	-0.0259
-1.400981e-06	-0.02975
-1.398981e-06	-0.02755
-1.396981e-06	-0.02975
-1.394981e-06	-0.0248
-1.392981e-06	-0.0259
-1.390981e-06	-0.027
-1.388981e-06	-0.0281
-1.386981e-06	-0.02645
-1.384981e-06	-0.02645
-1.382981e-06	-0.02645
-1.380981e-06	-0.02425
-1.378981e-06	-0.0292
-1.376981e-06	-0.0303
-1.374981e-06	-0.027
-1.372981e-06	-0.02865
-1.370981e-06	-0.02865
-1.368981e-06	-0.03305
-1.366981e-06	-0.0281
-1.364981e-06	-0.0292
-1.362981e-06	-0.02865
-1.360981e-06	-0.03195
-1.358981e-06	-0.02755
-1.356981e-06	-0.02865
-1.354981e-06	-0.0292
-1.352981e-06	-0.02975
-1.350981e-06	-0.027
-1.348981e-06	-0.0292
-1.346981e-06	-0.0259
-1.344981e-06	-0.02865
-1.342981e-06	-0.02865
-1.340981e-06	-0.0292
-1.338981e-06	-0.0259
-1.336981e-06	-0.027
-1.334981e-06	-0.0237
-1.332981e-06	-0.0248
-1.330981e-06	-0.02425
-1.328981e-06	-0.02975
-1.326981e-06	-0.0259
-1.324981e-06	-0.0248
-1.322981e-06	-0.027
-1.320981e-06	-0.02975
-1.318981e-06	-0.02755
-1.316981e-06	-0.02645
-1.314981e-06	-0.02425
-1.312981e-06	-0.02755
-1.310981e-06	-0.02755
-1.308981e-06	-0.02645
-1.306981e-06	-0.02645
-1.304981e-06	-0.02865
-1.302981e-06	-0.02975
-1.300981e-06	-0.0281
-1.298981e-06	-0.02755
-1.296981e-06	-0.03195
-1.294981e-06	-0.0281
-1.292981e-06	-0.02755
-1.290981e-06	-0.02535
-1.288981e-06	-0.027
-1.286981e-06	-0.0248
-1.284981e-06	-0.0248
-1.282981e-06	-0.0281
-1.280981e-06	-0.02975
-1.278981e-06	-0.027
-1.276981e-06	-0.02755
-1.274981e-06	-0.02535
-1.272981e-06	-0.0292
-1.270981e-06	-0.0292
-1.268981e-06	-0.027
-1.266981e-06	-0.02645
-1.264981e-06	-0.0314
-1.262981e-06	-0.02645
-1.260981e-06	-0.02645
-1.258981e-06	-0.03305
-1.256981e-06	-0.0303
-1.254981e-06	-0.02645
-1.252981e-06	-0.02755
-1.250981e-06	-0.0303
-1.248981e-06	-0.02975
-1.246981e-06	-0.0314
-1.244981e-06	-0.0281
-1.242981e-06	-0.02865
-1.240981e-06	-0.03085
-1.238981e-06	-0.027
-1.236981e-06	-0.02755
-1.234981e-06	-0.02645
-1.232981e-06	-0.02865
-1.230981e-06	-0.02755
-1.228981e-06	-0.0248
-1.226981e-06	-0.0259
-1.224981e-06	-0.0303
-1.222981e-06	-0.0292
-1.220981e-06	-0.02975
-1.218981e-06	-0.02755
-1.216981e-06	-0.02755
-1.214981e-06	-0.02535
-1.212981e-06	-0.027
-1.210981e-06	-0.02645
-1.208981e-06	-0.0303
-1.206981e-06	-0.02645
-1.204981e-06	-0.0281
-1.202981e-06	-0.027
-1.200981e-06	-0.0281
-1.198981e-06	-0.0259
-1.196981e-06	-0.02865
-1.194981e-06	-0.02645
-1.192981e-06	-0.0248
-1.190981e-06	-0.027
-1.188981e-06	-0.0248
-1.186981e-06	-0.027
-1.184981e-06	-0.02645
-1.182981e-06	-0.027
-1.180981e-06	-0.02975
-1.178981e-06	-0.02645
-1.176981e-06	-0.02755
-1.174981e-06	-0.02425
-1.172981e-06	-0.0248
-1.170981e-06	-0.0248
-1.168981e-06	-0.02755
-1.166981e-06	-0.02645
-1.164981e-06	-0.0226
-1.162981e-06	-0.0259
-1.160981e-06	-0.0303
-1.158981e-06	-0.027
-1.156981e-06	-0.02865
-1.154981e-06	-0.0281
-1.152981e-06	-0.0292
-1.150981e-06	-0.02755
-1.148981e-06	-0.02755
-1.146981e-06	-0.0281
-1.144981e-06	-0.03085
-1.142981e-06	-0.02975
-1.140981e-06	-0.02975
-1.138981e-06	-0.02975
-1.136981e-06	-0.0292
-1.134981e-06	-0.02755
-1.132981e-06	-0.03085
-1.130981e-06	-0.02975
-1.128981e-06	-0.0281
-1.126981e-06	-0.02645
-1.124981e-06	-0.0259
-1.122981e-06	-0.0259
-1.120981e-06	-0.02975
-1.118981e-06	-0.02645
-1.116981e-06	-0.027
-1.114981e-06	-0.0248
-1.112981e-06	-0.0303
-1.110981e-06	-0.02865
-1.108981e-06	-0.0292
-1.106981e-06	-0.02975
-1.104981e-06	-0.02975
-1.102981e-06	-0.02755
-1.100981e-06	-0.027
-1.098981e-06	-0.02865
-1.096981e-06	-0.02755
-1.094981e-06	-0.02755
-1.092981e-06	-0.02865
-1.090981e-06	-0.02755
-1.088981e-06	-0.02975
-1.086981e-06	-0.02865
-1.084981e-06	-0.02535
-1.082981e-06	-0.0259
-1.080981e-06	-0.02865
-1.078981e-06	-0.02755
-1.076981e-06	-0.02865
-1.074981e-06	-0.02645
-1.072981e-06	-0.0303
-1.070981e-06	-0.0281
-1.068981e-06	-0.0281
-1.066981e-06	-0.02755
-1.064981e-06	-0.02755
-1.062981e-06	-0.0281
-1.060981e-06	-0.0259
-1.058981e-06	-0.0259
-1.056981e-06	-0.02975
-1.054981e-06	-0.02535
-1.052981e-06	-0.0248
-1.050981e-06	-0.0259
-1.048981e-06	-0.02975
-1.046981e-06	-0.0281
-1.044981e-06	-0.02645
-1.042981e-06	-0.0281
-1.040981e-06	-0.0281
-1.038981e-06	-0.02975
-1.036981e-06	-0.02755
-1.034981e-06	-0.0226
-1.032981e-06	-0.0259
-1.030981e-06	-0.02425
-1.028981e-06	-0.0281
-1.026981e-06	-0.02755
-1.024981e-06	-0.0303
-1.022981e-06	-0.02755
-1.020981e-06	-0.0259
-1.018981e-06	-0.0248
-1.016981e-06	-0.0281
-1.014981e-06	-0.02425
-1.012981e-06	-0.02425
-1.010981e-06	-0.0259
-1.008981e-06	-0.0237
-1.006981e-06	-0.02645
-1.004981e-06	-0.02645
-1.002981e-06	-0.027
-1.000981e-06	-0.02975
-9.989808e-07	-0.02535
-9.969808e-07	-0.02205
-9.949808e-07	-0.027
-9.929808e-07	-0.0292
-9.909808e-07	-0.0237
-9.889808e-07	-0.02645
-9.869808e-07	-0.0281
-9.849808e-07	-0.02975
-9.829808e-07	-0.0292
-9.809808e-07	-0.02865
-9.789808e-07	-0.02535
-9.769808e-07	-0.02975
-9.749808e-07	-0.0259
-9.729808e-07	-0.02535
-9.709808e-07	-0.0248
-9.689808e-07	-0.02755
-9.669808e-07	-0.0248
-9.649808e-07	-0.027
-9.629808e-07	-0.0259
-9.609808e-07	-0.0248
-9.589808e-07	-0.0248
-9.569808e-07	-0.0281
-9.549808e-07	-0.0259
-9.529808e-07	-0.0314
-9.509808e-07	-0.0281
-9.489808e-07	-0.02755
-9.469808e-07	-0.0281
-9.449808e-07	-0.0314
-9.429808e-07	-0.02975
-9.409808e-07	-0.0303
-9.389808e-07	-0.02975
-9.369808e-07	-0.03085
-9.349808e-07	-0.02645
-9.329808e-07	-0.0259
-9.309808e-07	-0.02425
-9.289808e-07	-0.02975
-9.269808e-07	-0.0281
-9.249808e-07	-0.02645
-9.229808e-07	-0.02205
-9.209808e-07	-0.0292
-9.189808e-07	-0.02865
-9.169808e-07	-0.0259
-9.149808e-07	-0.0281
-9.129808e-07	-0.02755
-9.109808e-07	-0.027
-9.089808e-07	-0.0259
-9.069808e-07	-0.02975
-9.049808e-07	-0.02975
-9.029808e-07	-0.0259
-9.009808e-07	-0.02645
-8.989808e-07	-0.02755
-8.969808e-07	-0.027
-8.949808e-07	-0.0292
-8.929808e-07	-0.027
-8.909808e-07	-0.027
-8.889808e-07	-0.0303
-8.869808e-07	-0.0314
-8.849808e-07	-0.0281
-8.829808e-07	-0.0292
-8.809808e-07	-0.0314
-8.789808e-07	-0.0292
-8.769808e-07	-0.02535
-8.749808e-07	-0.027
-8.729808e-07	-0.027
-8.709808e-07	-0.0281
-8.689808e-07	-0.0248
-8.669808e-07	-0.0281
-8.649808e-07	-0.02755
-8.629808e-07	-0.0237
-8.609808e-07	-0.0248
-8.589808e-07	-0.02645
-8.569808e-07	-0.0303
-8.549808e-07	-0.02535
-8.529808e-07	-0.0237
-8.509808e-07	-0.0237
-8.489808e-07	-0.02865
-8.469808e-07	-0.027
-8.449808e-07	-0.0259
-8.429808e-07	-0.0248
-8.409808e-07	-0.03085
-8.389808e-07	-0.02645
-8.369808e-07	-0.02755
-8.349808e-07	-0.0259
-8.329808e-07	-0.02755
-8.309808e-07	-0.02865
-8.289808e-07	-0.02755
-8.269808e-07	-0.0259
-8.249808e-07	-0.02975
-8.229808e-07	-0.02755
-8.209808e-07	-0.0292
-8.189808e-07	-0.03195
-8.169808e-07	-0.0314
-8.149808e-07	-0.0292
-8.129808e-07	-0.0292
-8.109808e-07	-0.027
-8.089808e-07	-0.02975
-8.069808e-07	-0.02755
-8.049808e-07	-0.027
-8.029808e-07	-0.0259
-8.009808e-07	-0.03195
-7.989808e-07	-0.02975
-7.969808e-07	-0.0303
-7.949808e-07	-0.0281
-7.929808e-07	-0.03085
-7.909808e-07	-0.02535
-7.889808e-07	-0.02645
-7.869808e-07	-0.02975
-7.849808e-07	-0.0292
-7.829808e-07	-0.02645
-7.809808e-07	-0.02975
-7.789808e-07	-0.0259
-7.769808e-07	-0.02865
-7.749808e-07	-0.0259
-7.729808e-07	-0.027
-7.709808e-07	-0.02865
-7.689808e-07	-0.02645
-7.669808e-07	-0.02645
-7.649808e-07	-0.027
-7.629808e-07	-0.0259
-7.609808e-07	-0.02755
-7.589808e-07	-0.027
-7.569808e-07	-0.0259
-7.549808e-07	-0.0259
-7.529808e-07	-0.027
-7.509808e-07	-0.02645
-7.489808e-07	-0.02865
-7.469808e-07	-0.0259
-7.449808e-07	-0.02645
-7.429808e-07	-0.0248
-7.409808e-07	-0.0248
-7.389808e-07	-0.02315
-7.369808e-07	-0.02645
-7.349808e-07	-0.027
-7.329808e-07	-0.02645
-7.309808e-07	-0.02535
-7.289808e-07	-0.03085
-7.269808e-07	-0.0259
-7.249808e-07	-0.027
-7.229808e-07	-0.02535
-7.209808e-07	-0.02535
-7.189808e-07	-0.02645
-7.169808e-07	-0.02755
-7.149808e-07	-0.0226
-7.129808e-07	-0.0281
-7.109808e-07	-0.0237
-7.089808e-07	-0.0237
-7.069808e-07	-0.02755
-7.049808e-07	-0.02315
-7.029808e-07	-0.02535
-7.009808e-07	-0.0248
-6.989808e-07	-0.0248
-6.969808e-07	-0.02645
-6.949808e-07	-0.027
-6.929808e-07	-0.02425
-6.909808e-07	-0.0248
-6.889808e-07	-0.027
-6.869808e-07	-0.02645
-6.849808e-07	-0.0248
-6.829808e-07	-0.02755
-6.809808e-07	-0.02535
-6.789808e-07	-0.02755
-6.769808e-07	-0.02425
-6.749808e-07	-0.02535
-6.729808e-07	-0.02535
-6.709808e-07	-0.02645
-6.689808e-07	-0.02645
-6.669808e-07	-0.0259
-6.649808e-07	-0.02425
-6.629808e-07	-0.0259
-6.609808e-07	-0.02425
-6.589808e-07	-0.02645
-6.569808e-07	-0.0292
-6.549808e-07	-0.02425
-6.529808e-07	-0.02095
-6.509808e-07	-0.02205
-6.489808e-07	-0.0237
-6.469808e-07	-0.027
-6.449808e-07	-0.027
-6.429808e-07	-0.0248
-6.409808e-07	-0.0259
-6.389808e-07	-0.027
-6.369808e-07	-0.027
-6.349808e-07	-0.0248
-6.329808e-07	-0.0248
-6.309808e-07	-0.0259
-6.289808e-07	-0.0281
-6.269808e-07	-0.0259
-6.249808e-07	-0.02205
-6.229808e-07	-0.02535
-6.209808e-07	-0.02205
-6.189808e-07	-0.02645
-6.169808e-07	-0.02535
-6.149808e-07	-0.02535
-6.129808e-07	-0.02425
-6.109808e-07	-0.02535
-6.089808e-07	-0.02645
-6.069808e-07	-0.02535
-6.049808e-07	-0.02425
-6.029808e-07	-0.027
-6.009808e-07	-0.02645
-5.989808e-07	-0.0248
-5.969808e-07	-0.02535
-5.949808e-07	-0.02645
-5.929808e-07	-0.02755
-5.909808e-07	-0.0259
-5.889808e-07	-0.0237
-5.869808e-07	-0.0237
-5.849808e-07	-0.02645
-5.829808e-07	-0.0237
-5.809808e-07	-0.0248
-5.789808e-07	-0.0248
-5.769808e-07	-0.0281
-5.749808e-07	-0.02425
-5.729808e-07	-0.02865
-5.709808e-07	-0.0237
-5.689808e-07	-0.0281
-5.669808e-07	-0.027
-5.649808e-07	-0.02535
-5.629808e-07	-0.02425
-5.609808e-07	-0.0248
-5.589808e-07	-0.0281
-5.569808e-07	-0.027
-5.549808e-07	-0.0226
-5.529808e-07	-0.02755
-5.509808e-07	-0.0259
-5.489808e-07	-0.02645
-5.469808e-07	-0.0259
-5.449808e-07	-0.02645
-5.429808e-07	-0.027
-5.409808e-07	-0.02645
-5.389808e-07	-0.02535
-5.369808e-07	-0.02755
-5.349808e-07	-0.02645
-5.329808e-07	-0.0226
-5.309808e-07	-0.0281
-5.289808e-07	-0.02755
-5.269808e-07	-0.0259
-5.249808e-07	-0.0237
-5.229808e-07	-0.0248
-5.209808e-07	-0.02645
-5.189808e-07	-0.027
-5.169808e-07	-0.02425
-5.149808e-07	-0.0259
-5.129808e-07	-0.0292
-5.109808e-07	-0.027
-5.089808e-07	-0.02425
-5.069808e-07	-0.0226
-5.049808e-07	-0.02205
-5.029808e-07	-0.02535
-5.009808e-07	-0.0248
-4.989808e-07	-0.02535
-4.969808e-07	-0.0248
-4.949808e-07	-0.02645
-4.929808e-07	-0.0237
-4.909808e-07	-0.02535
-4.889808e-07	-0.02645
-4.869808e-07	-0.02425
-4.849808e-07	-0.0237
-4.829808e-07	-0.0259
-4.809808e-07	-0.02645
-4.789808e-07	-0.0248
-4.769808e-07	-0.02205
-4.749808e-07	-0.0226
-4.729808e-07	-0.0259
-4.709808e-07	-0.02315
-4.689808e-07	-0.02205
-4.669808e-07	-0.0204
-4.649808e-07	-0.0259
-4.629808e-07	-0.0226
-4.609808e-07	-0.02095
-4.589808e-07	-0.0226
-4.569808e-07	-0.0237
-4.549808e-07	-0.02315
-4.529808e-07	-0.0226
-4.509808e-07	-0.0248
-4.489808e-07	-0.0237
-4.469808e-07	-0.0248
-4.449808e-07	-0.02315
-4.429808e-07	-0.0259
-4.409808e-07	-0.02425
-4.389808e-07	-0.02535
-4.369808e-07	-0.02205
-4.349808e-07	-0.02095
-4.329808e-07	-0.02535
-4.309808e-07	-0.0237
-4.289808e-07	-0.0215
-4.269808e-07	-0.0237
-4.249808e-07	-0.0237
-4.229808e-07	-0.02425
-4.209808e-07	-0.0193
-4.189808e-07	-0.02095
-4.169808e-07	-0.0259
-4.149808e-07	-0.0259
-4.129808e-07	-0.02205
-4.109808e-07	-0.02645
-4.089808e-07	-0.02645
-4.069808e-07	-0.0215
-4.049808e-07	-0.0237
-4.029808e-07	-0.02645
-4.009808e-07	-0.02645
-3.989808e-07	-0.02425
-3.969808e-07	-0.02205
-3.949808e-07	-0.0226
-3.929808e-07	-0.0248
-3.909808e-07	-0.02645
-3.889808e-07	-0.0226
-3.869808e-07	-0.02535
-3.849808e-07	-0.02425
-3.829808e-07	-0.0281
-3.809808e-07	-0.0281
-3.789808e-07	-0.027
-3.769808e-07	-0.0259
-3.749808e-07	-0.02865
-3.729808e-07	-0.02535
-3.709808e-07	-0.0259
-3.689808e-07	-0.027
-3.669808e-07	-0.02755
-3.649808e-07	-0.027
-3.629808e-07	-0.02865
-3.609808e-07	-0.02975
-3.589808e-07	-0.0281
-3.569808e-07	-0.027
-3.549808e-07	-0.027
-3.529808e-07	-0.02975
-3.509808e-07	-0.0259
-3.489808e-07	-0.0237
-3.469808e-07	-0.0237
-3.449808e-07	-0.02865
-3.429808e-07	-0.027
-3.409808e-07	-0.02645
-3.389808e-07	-0.02865
-3.369808e-07	-0.0281
-3.349808e-07	-0.02975
-3.329808e-07	-0.02755
-3.309808e-07	-0.02645
-3.289808e-07	-0.02865
-3.269808e-07	-0.0259
-3.249808e-07	-0.0303
-3.229808e-07	-0.02645
-3.209808e-07	-0.03085
-3.189808e-07	-0.027
-3.169808e-07	-0.0292
-3.149808e-07	-0.0281
-3.129808e-07	-0.0292
-3.109808e-07	-0.0292
-3.089808e-07	-0.03085
-3.069808e-07	-0.02865
-3.049808e-07	-0.027
-3.029808e-07	-0.02755
-3.009808e-07	-0.02975
-2.989808e-07	-0.0281
-2.969808e-07	-0.0281
-2.949808e-07	-0.02755
-2.929808e-07	-0.02865
-2.909808e-07	-0.027
-2.889808e-07	-0.0303
-2.869808e-07	-0.02975
-2.849808e-07	-0.0292
-2.829808e-07	-0.0259
-2.809808e-07	-0.02865
-2.789808e-07	-0.02865
-2.769808e-07	-0.03085
-2.749808e-07	-0.0281
-2.729808e-07	-0.02755
-2.709808e-07	-0.02645
-2.689808e-07	-0.02975
-2.669808e-07	-0.02865
-2.649808e-07	-0.0314
-2.629808e-07	-0.02755
-2.609808e-07	-0.0259
-2.589808e-07	-0.0325
-2.569808e-07	-0.02755
-2.549808e-07	-0.02755
-2.529808e-07	-0.027
-2.509808e-07	-0.02975
-2.489808e-07	-0.03085
-2.469808e-07	-0.0281
-2.449808e-07	-0.02755
-2.429808e-07	-0.02865
-2.409808e-07	-0.0292
-2.389808e-07	-0.0314
-2.369808e-07	-0.0259
-2.349808e-07	-0.02645
-2.329808e-07	-0.02975
-2.309808e-07	-0.03305
-2.289808e-07	-0.02975
-2.269808e-07	-0.02865
-2.249808e-07	-0.0292
-2.229808e-07	-0.0303
-2.209808e-07	-0.0281
-2.189808e-07	-0.0303
-2.169808e-07	-0.0303
-2.149808e-07	-0.027
-2.129808e-07	-0.02645
-2.109808e-07	-0.02755
-2.089808e-07	-0.0314
-2.069808e-07	-0.0292
-2.049808e-07	-0.02755
-2.029808e-07	-0.0281
-2.009808e-07	-0.02865
-1.989808e-07	-0.0303
-1.969808e-07	-0.0314
-1.949808e-07	-0.02755
-1.929808e-07	-0.0281
-1.909808e-07	-0.02755
-1.889808e-07	-0.0281
-1.869808e-07	-0.02535
-1.849808e-07	-0.0292
-1.829808e-07	-0.03085
-1.809808e-07	-0.02755
-1.789808e-07	-0.0325
-1.769808e-07	-0.0292
-1.749808e-07	-0.02755
-1.729808e-07	-0.02755
-1.709808e-07	-0.02865
-1.689808e-07	-0.0303
-1.669808e-07	-0.0292
-1.649808e-07	-0.02975
-1.629808e-07	-0.0303
-1.609808e-07	-0.027
-1.589808e-07	-0.02865
-1.569808e-07	-0.02425
-1.549808e-07	-0.027
-1.529808e-07	-0.02975
-1.509808e-07	-0.02645
-1.489808e-07	-0.02865
-1.469808e-07	-0.0292
-1.449808e-07	-0.0303
-1.429808e-07	-0.027
-1.409808e-07	-0.02865
-1.389808e-07	-0.0292
-1.369808e-07	-0.0292
-1.349808e-07	-0.02755
-1.329808e-07	-0.02975
-1.309808e-07	-0.02755
-1.289808e-07	-0.02865
-1.269808e-07	-0.02975
-1.249808e-07	-0.0292
-1.229808e-07	-0.0281
-1.209808e-07	-0.03085
-1.189808e-07	-0.0259
-1.169808e-07	-0.02755
-1.149808e-07	-0.0292
-1.129808e-07	-0.027
-1.109808e-07	-0.02645
-1.089808e-07	-0.02865
-1.069808e-07	-0.03085
-1.049808e-07	-0.0314
-1.029808e-07	-0.0303
-1.009808e-07	-0.0314
-9.898081e-08	-0.0281
-9.698081e-08	-0.0281
-9.498081e-08	-0.03085
-9.298081e-08	-0.02975
-9.098081e-08	-0.027
-8.898081e-08	-0.03085
-8.698081e-08	-0.0303
-8.498081e-08	-0.0292
-8.298081e-08	-0.02865
-8.098081e-08	-0.03195
-7.898081e-08	-0.0281
-7.698081e-08	-0.0292
-7.498081e-08	-0.0281
-7.298081e-08	-0.02645
-7.098081e-08	-0.0325
-6.898081e-08	-0.0314
-6.698081e-08	-0.02975
-6.498081e-08	-0.03085
-6.298081e-08	-0.0303
-6.098081e-08	-0.0281
-5.898081e-08	-0.02535
-5.698081e-08	-0.027
-5.498081e-08	-0.0292
-5.298081e-08	-0.02645
-5.098081e-08	-0.027
-4.898081e-08	-0.027
-4.698081e-08	-0.0259
-4.498081e-08	-0.027
-4.298081e-08	-0.0248
-4.098081e-08	-0.027
-3.898081e-08	-0.0281
-3.698081e-08	-0.02425
-3.498081e-08	-0.0292
-3.298081e-08	-0.02645
-3.098081e-08	-0.0259
-2.898081e-08	-0.0259
-2.698081e-08	-0.02755
-2.498081e-08	-0.02645
-2.298081e-08	-0.02975
-2.098081e-08	-0.0259
-1.898081e-08	-0.0248
-1.698081e-08	-0.02645
-1.498081e-08	-0.0303
-1.298081e-08	-0.0226
-1.098081e-08	-0.02095
-8.980812e-09	-0.02535
-6.980812e-09	-0.0259
-4.980812e-09	-0.02425
-2.980812e-09	-0.02645
-9.80812e-10	-0.0281
1.019188e-09	-0.02865
3.019188e-09	-0.02425
5.019188e-09	-0.02755
7.019188e-09	-0.02865
9.019188e-09	-0.02645
1.101919e-08	-0.02535
1.301919e-08	-0.02645
1.501919e-08	-0.02755
1.701919e-08	-0.02755
1.901919e-08	-0.02755
2.101919e-08	-0.02645
2.301919e-08	-0.02645
2.501919e-08	-0.02865
2.701919e-08	-0.02865
2.901919e-08	-0.0259
3.101919e-08	-0.0281
3.301919e-08	-0.03085
3.501919e-08	-0.0303
3.701919e-08	-0.027
3.901919e-08	-0.0281
4.101919e-08	-0.03305
4.301919e-08	-0.02975
4.501919e-08	-0.02975
4.701919e-08	-0.0292
4.901919e-08	-0.02865
5.101919e-08	-0.0303
5.301919e-08	-0.0259
5.501919e-08	-0.02755
5.701919e-08	-0.02755
5.901919e-08	-0.02645
6.101919e-08	-0.0303
6.301919e-08	-0.0281
6.501919e-08	-0.0292
6.701919e-08	-0.02975
6.901919e-08	-0.02975
7.101919e-08	-0.027
7.301919e-08	-0.0281
7.501919e-08	-0.0281
7.701919e-08	-0.02865
7.901919e-08	-0.027
8.101919e-08	-0.02645
8.301919e-08	-0.02535
8.501919e-08	-0.0259
8.701919e-08	-0.0292
8.901919e-08	-0.0292
9.101919e-08	-0.0292
9.301919e-08	-0.02645
9.501919e-08	-0.027
9.701919e-08	-0.0259
9.901919e-08	-0.027
1.010192e-07	-0.0259
1.030192e-07	-0.0303
1.050192e-07	-0.03085
1.070192e-07	-0.0248
1.090192e-07	-0.0259
1.110192e-07	-0.0237
1.130192e-07	-0.02865
1.150192e-07	-0.027
1.170192e-07	-0.0248
1.190192e-07	-0.0259
1.210192e-07	-0.02755
1.230192e-07	-0.02645
1.250192e-07	-0.027
1.270192e-07	-0.02645
1.290192e-07	-0.0237
1.310192e-07	-0.01655
1.330192e-07	-0.00225
1.350192e-07	0.02195
1.370192e-07	0.0698
1.390192e-07	0.1358
1.410192e-07	0.2216
1.430192e-07	0.31345
1.450192e-07	0.4119
1.470192e-07	0.5098
1.490192e-07	0.6066
1.510192e-07	0.6902
1.530192e-07	0.77985
1.550192e-07	0.85245
1.570192e-07	0.9267
1.590192e-07	0.98885
1.610192e-07	1.04605
1.630192e-07	1.09225
1.650192e-07	1.1368
1.670192e-07	1.17035
1.690192e-07	1.19895
1.710192e-07	1.2193
1.730192e-07	1.2424
1.750192e-07	1.249
1.770192e-07	1.25835
1.790192e-07	1.2578
1.810192e-07	1.26165
1.830192e-07	1.25505
1.850192e-07	1.2501
1.870192e-07	1.2358
1.890192e-07	1.22315
1.910192e-07	1.2061
1.930192e-07	1.1885
1.950192e-07	1.16595
1.970192e-07	1.14835
1.990192e-07	1.1225
2.010192e-07	1.09775
2.030192e-07	1.0741
2.050192e-07	1.0466
2.070192e-07	1.01965
2.090192e-07	0.9938
2.110192e-07	0.96575
2.130192e-07	0.93825
2.150192e-07	0.90855
2.170192e-07	0.87995
2.190192e-07	0.85355
2.210192e-07	0.82605
2.230192e-07	0.79855
2.250192e-07	0.76775
2.270192e-07	0.7419
2.290192e-07	0.72045
2.310192e-07	0.6924
2.330192e-07	0.6682
2.350192e-07	0.6407
2.370192e-07	0.6198
2.390192e-07	0.5945
2.410192e-07	0.5681
2.430192e-07	0.54665
2.450192e-07	0.5274
2.470192e-07	0.50265
2.490192e-07	0.4834
2.510192e-07	0.45865
2.530192e-07	0.44105
2.550192e-07	0.42125
2.570192e-07	0.4053
2.590192e-07	0.3866
2.610192e-07	0.36955
2.630192e-07	0.3525
2.650192e-07	0.33655
2.670192e-07	0.31785
2.690192e-07	0.30795
2.710192e-07	0.2931
2.730192e-07	0.27495
2.750192e-07	0.26175
2.770192e-07	0.25185
2.790192e-07	0.23755
2.810192e-07	0.2271
2.830192e-07	0.21775
2.850192e-07	0.2073
2.870192e-07	0.1974
2.890192e-07	0.18695
2.910192e-07	0.17925
2.930192e-07	0.17155
2.950192e-07	0.1611
2.970192e-07	0.1523
2.990192e-07	0.14845
3.010192e-07	0.1402
3.030192e-07	0.1303
3.050192e-07	0.1248
3.070192e-07	0.1204
3.090192e-07	0.11325
3.110192e-07	0.10665
3.130192e-07	0.10445
3.150192e-07	0.10005
3.170192e-07	0.0984
3.190192e-07	0.0896
3.210192e-07	0.08575
3.230192e-07	0.0819
3.250192e-07	0.08245
3.270192e-07	0.0753
3.290192e-07	0.0709
3.310192e-07	0.06595
3.330192e-07	0.0632
3.350192e-07	0.06155
3.370192e-07	0.0621
3.390192e-07	0.05605
3.410192e-07	0.05605
3.430192e-07	0.04945
3.450192e-07	0.0511
3.470192e-07	0.04615
3.490192e-07	0.04505
3.510192e-07	0.04505
3.530192e-07	0.04175
3.550192e-07	0.0401
3.570192e-07	0.03735
3.590192e-07	0.0368
3.610192e-07	0.0379
3.630192e-07	0.0368
3.650192e-07	0.03735
3.670192e-07	0.0302
3.690192e-07	0.03185
3.710192e-07	0.03185
3.730192e-07	0.02855
3.750192e-07	0.0269
3.770192e-07	0.02525
3.790192e-07	0.0291
3.810192e-07	0.0247
3.830192e-07	0.0214
3.850192e-07	0.0214
3.870192e-07	0.02085
3.890192e-07	0.0236
3.910192e-07	0.01975
3.930192e-07	0.0203
3.950192e-07	0.0203
3.970192e-07	0.01755
3.990192e-07	0.01425
4.010192e-07	0.01425
4.030192e-07	0.0159
4.050192e-07	0.0159
4.070192e-07	0.01205
4.090192e-07	0.0126
4.110192e-07	0.01205
4.130192e-07	0.0115
4.150192e-07	0.0082
4.170192e-07	0.0104
4.190192e-07	0.0071
4.210192e-07	0.01095
4.230192e-07	0.0093
4.250192e-07	0.0071
4.270192e-07	0.00765
4.290192e-07	0.0082
4.310192e-07	0.0049
4.330192e-07	0.00435
4.350192e-07	0.006
4.370192e-07	0.006
4.390192e-07	0.00325
4.410192e-07	0.00545
4.430192e-07	0.0027
4.450192e-07	0.00105
4.470192e-07	0.0005
4.490192e-07	0.0016
4.510192e-07	0.0016
4.530192e-07	0.00215
4.550192e-07	0.0005
4.570192e-07	-0.0017
4.590192e-07	-0.00225
4.610192e-07	0.0005
4.630192e-07	-0.00555
4.650192e-07	-0.005
4.670192e-07	-0.0039
4.690192e-07	-0.00555
4.710192e-07	-0.00665
4.730192e-07	-0.0072
4.750192e-07	-0.00445
4.770192e-07	-0.0083
4.790192e-07	-0.0116
4.810192e-07	-0.0127
4.830192e-07	-0.0116
4.850192e-07	-0.01325
4.870192e-07	-0.0138
4.890192e-07	-0.01105
4.910192e-07	-0.01545
4.930192e-07	-0.01435
4.950192e-07	-0.01655
4.970192e-07	-0.01545
4.990192e-07	-0.0171
5.010192e-07	-0.0204
5.030192e-07	-0.01875
5.050192e-07	-0.02095
5.070192e-07	-0.0193
5.090192e-07	-0.0215
5.110192e-07	-0.0237
5.130192e-07	-0.0248
5.150192e-07	-0.0204
5.170192e-07	-0.02315
5.190192e-07	-0.02645
5.210192e-07	-0.02865
5.230192e-07	-0.0281
5.250192e-07	-0.02755
5.270192e-07	-0.0281
5.290192e-07	-0.0292
5.310192e-07	-0.0303
5.330192e-07	-0.0292
5.350192e-07	-0.03085
5.370192e-07	-0.03085
5.390192e-07	-0.03195
5.410192e-07	-0.0303
5.430192e-07	-0.03525
5.450192e-07	-0.03525
5.470192e-07	-0.0325
5.490192e-07	-0.03635
5.510192e-07	-0.038
5.530192e-07	-0.0391
5.550192e-07	-0.03855
5.570192e-07	-0.0435
5.590192e-07	-0.0413
5.610192e-07	-0.03965
5.630192e-07	-0.0402
5.650192e-07	-0.038
5.670192e-07	-0.03855
5.690192e-07	-0.0413
5.710192e-07	-0.0424
5.730192e-07	-0.04075
5.750192e-07	-0.0413
5.770192e-07	-0.0413
5.790192e-07	-0.0424
5.810192e-07	-0.04295
5.830192e-07	-0.03965
5.850192e-07	-0.0413
5.870192e-07	-0.04295
5.890192e-07	-0.03965
5.910192e-07	-0.04405
5.930192e-07	-0.0424
5.950192e-07	-0.04295
5.970192e-07	-0.04075
5.990192e-07	-0.04075
6.010192e-07	-0.04185
6.030192e-07	-0.04185
6.050192e-07	-0.0402
6.070192e-07	-0.04405
6.090192e-07	-0.04075
6.110192e-07	-0.0424
6.130192e-07	-0.0391
6.150192e-07	-0.04295
6.170192e-07	-0.04075
6.190192e-07	-0.0391
6.210192e-07	-0.03965
6.230192e-07	-0.04185
6.250192e-07	-0.03965
6.270192e-07	-0.03965
6.290192e-07	-0.04075
6.310192e-07	-0.0391
6.330192e-07	-0.04295
6.350192e-07	-0.038
6.370192e-07	-0.0369
6.390192e-07	-0.0391
6.410192e-07	-0.0424
6.430192e-07	-0.04185
6.450192e-07	-0.03745
6.470192e-07	-0.03525
6.490192e-07	-0.038
6.510192e-07	-0.03745
6.530192e-07	-0.038
6.550192e-07	-0.0402
6.570192e-07	-0.0391
6.590192e-07	-0.038
6.610192e-07	-0.03525
6.630192e-07	-0.0358
6.650192e-07	-0.0336
6.670192e-07	-0.0336
6.690192e-07	-0.03305
6.710192e-07	-0.03745
6.730192e-07	-0.0314
6.750192e-07	-0.0325
6.770192e-07	-0.03195
6.790192e-07	-0.03415
6.810192e-07	-0.0292
6.830192e-07	-0.03085
6.850192e-07	-0.03415
6.870192e-07	-0.0314
6.890192e-07	-0.02975
6.910192e-07	-0.02425
6.930192e-07	-0.0281
6.950192e-07	-0.02865
6.970192e-07	-0.0281
6.990192e-07	-0.02755
7.010192e-07	-0.0281
7.030192e-07	-0.02975
7.050192e-07	-0.02755
7.070192e-07	-0.02425
7.090192e-07	-0.02205
7.110192e-07	-0.0248
7.130192e-07	-0.02425
7.150192e-07	-0.02205
7.170192e-07	-0.01985
7.190192e-07	-0.01985
7.210192e-07	-0.0193
7.230192e-07	-0.01875
7.250192e-07	-0.01875
7.270192e-07	-0.01765
7.290192e-07	-0.0171
7.310192e-07	-0.01655
7.330192e-07	-0.0182
7.350192e-07	-0.01765
7.370192e-07	-0.016
7.390192e-07	-0.01435
7.410192e-07	-0.01435
7.430192e-07	-0.016
7.450192e-07	-0.016
7.470192e-07	-0.01655
7.490192e-07	-0.0149
7.510192e-07	-0.01325
7.530192e-07	-0.01765
7.550192e-07	-0.0127
7.570192e-07	-0.0127
7.590192e-07	-0.0116
7.610192e-07	-0.0149
7.630192e-07	-0.01325
7.650192e-07	-0.01105
7.670192e-07	-0.0138
7.690192e-07	-0.0116
7.710192e-07	-0.0116
7.730192e-07	-0.0094
7.750192e-07	-0.01215
7.770192e-07	-0.0116
7.790192e-07	-0.0116
7.810192e-07	-0.00995
7.830192e-07	-0.01215
7.850192e-07	-0.00995
7.870192e-07	-0.00665
7.890192e-07	-0.0105
7.910192e-07	-0.0094
7.930192e-07	-0.00885
7.950192e-07	-0.00775
7.970192e-07	-0.0083
7.990192e-07	-0.0105
8.010192e-07	-0.00995
8.030192e-07	-0.00995
8.050192e-07	-0.00995
8.070192e-07	-0.0094
8.090192e-07	-0.0094
8.110192e-07	-0.0061
8.130192e-07	-0.00775
8.150192e-07	-0.00775
8.170192e-07	-0.0094
8.190192e-07	-0.00885
8.210192e-07	-0.0083
8.230192e-07	-0.00775
8.250192e-07	-0.00885
8.270192e-07	-0.01105
8.290192e-07	-0.0127
8.310192e-07	-0.01215
8.330192e-07	-0.01215
8.350192e-07	-0.00885
8.370192e-07	-0.0116
8.390192e-07	-0.016
8.410192e-07	-0.01215
8.430192e-07	-0.01545
8.450192e-07	-0.01215
8.470192e-07	-0.016
8.490192e-07	-0.0149
8.510192e-07	-0.01325
8.530192e-07	-0.01655
8.550192e-07	-0.0193
8.570192e-07	-0.01655
8.590192e-07	-0.01655
8.610192e-07	-0.01875
8.630192e-07	-0.01765
8.650192e-07	-0.01875
8.670192e-07	-0.01985
8.690192e-07	-0.01985
8.710192e-07	-0.01985
8.730192e-07	-0.01985
8.750192e-07	-0.01875
8.770192e-07	-0.01985
8.790192e-07	-0.02205
8.810192e-07	-0.0204
8.830192e-07	-0.0204
8.850192e-07	-0.02205
8.870192e-07	-0.02205
8.890192e-07	-0.0226
8.910192e-07	-0.0259
8.930192e-07	-0.0226
8.950192e-07	-0.02315
8.970192e-07	-0.027
8.990192e-07	-0.02315
9.010192e-07	-0.027
9.030192e-07	-0.027
9.050192e-07	-0.02645
9.070192e-07	-0.02535
9.090192e-07	-0.0292
9.110192e-07	-0.03085
9.130192e-07	-0.0292
9.150192e-07	-0.02975
9.170192e-07	-0.0303
9.190192e-07	-0.02975
9.210192e-07	-0.02975
9.230192e-07	-0.02865
9.250192e-07	-0.0292
9.270192e-07	-0.0325
9.290192e-07	-0.0303
9.310192e-07	-0.0314
9.330192e-07	-0.0347
9.350192e-07	-0.0314
9.370192e-07	-0.0314
9.390192e-07	-0.0292
9.410192e-07	-0.0292
9.430192e-07	-0.0325
9.450192e-07	-0.0336
9.470192e-07	-0.0347
9.490192e-07	-0.0336
9.510192e-07	-0.0391
9.530192e-07	-0.0369
9.550192e-07	-0.03635
9.570192e-07	-0.0369
9.590192e-07	-0.03855
9.610192e-07	-0.0369
9.630192e-07	-0.03635
9.650192e-07	-0.03745
9.670192e-07	-0.038
9.690192e-07	-0.0391
9.710192e-07	-0.03635
9.730192e-07	-0.038
9.750192e-07	-0.0402
9.770192e-07	-0.03855
9.790192e-07	-0.0358
9.810192e-07	-0.0391
9.830192e-07	-0.04075
9.850192e-07	-0.038
9.870192e-07	-0.0402
9.890192e-07	-0.0402
9.910192e-07	-0.04075
9.930192e-07	-0.04405
9.950192e-07	-0.0402
9.970192e-07	-0.03965
9.990192e-07	-0.03855
1.001019e-06	-0.03965
1.003019e-06	-0.04295
1.005019e-06	-0.04075
1.007019e-06	-0.0446
1.009019e-06	-0.0457
1.011019e-06	-0.0435
1.013019e-06	-0.0413
1.015019e-06	-0.04405
1.017019e-06	-0.04515
1.019019e-06	-0.04295
1.021019e-06	-0.03965
1.023019e-06	-0.0435
1.025019e-06	-0.0391
1.027019e-06	-0.04075
1.029019e-06	-0.04185
1.031019e-06	-0.04295
1.033019e-06	-0.04515
1.035019e-06	-0.04405
1.037019e-06	-0.04185
1.039019e-06	-0.0446
1.041019e-06	-0.0435
1.043019e-06	-0.0424
1.045019e-06	-0.0402
1.047019e-06	-0.04295
1.049019e-06	-0.0402
1.051019e-06	-0.0369
1.053019e-06	-0.03745
1.055019e-06	-0.0413
1.057019e-06	-0.03965
1.059019e-06	-0.03745
1.061019e-06	-0.03965
1.063019e-06	-0.03745
1.065019e-06	-0.038
1.067019e-06	-0.038
1.069019e-06	-0.0358
1.071019e-06	-0.03525
1.073019e-06	-0.03305
1.075019e-06	-0.03415
1.077019e-06	-0.03525
1.079019e-06	-0.03525
1.081019e-06	-0.0347
1.083019e-06	-0.0325
1.085019e-06	-0.0325
1.087019e-06	-0.03195
1.089019e-06	-0.0314
1.091019e-06	-0.0292
1.093019e-06	-0.02425
1.095019e-06	-0.03085
1.097019e-06	-0.0292
1.099019e-06	-0.0281
1.101019e-06	-0.027
1.103019e-06	-0.027
1.105019e-06	-0.0248
1.107019e-06	-0.0204
1.109019e-06	-0.0204
1.111019e-06	-0.02645
1.113019e-06	-0.0237
1.115019e-06	-0.0215
1.117019e-06	-0.01875
1.119019e-06	-0.01875
1.121019e-06	-0.01985
1.123019e-06	-0.0182
1.125019e-06	-0.01875
1.127019e-06	-0.01875
1.129019e-06	-0.01435
1.131019e-06	-0.0127
1.133019e-06	-0.016
1.135019e-06	-0.01655
1.137019e-06	-0.01655
1.139019e-06	-0.0127
1.141019e-06	-0.016
1.143019e-06	-0.01875
1.145019e-06	-0.01325
1.147019e-06	-0.01215
1.149019e-06	-0.0127
1.151019e-06	-0.01435
1.153019e-06	-0.01435
1.155019e-06	-0.0116
1.157019e-06	-0.00995
1.159019e-06	-0.01325
1.161019e-06	-0.01215
1.163019e-06	-0.0094
1.165019e-06	-0.00885
1.167019e-06	-0.0138
1.169019e-06	-0.0127
1.171019e-06	-0.00885
1.173019e-06	-0.0105
1.175019e-06	-0.0105
1.177019e-06	-0.00995
1.179019e-06	-0.0072
1.181019e-06	-0.00555
1.183019e-06	-0.0105
1.185019e-06	-0.01215
1.187019e-06	-0.0072
1.189019e-06	-0.0083
1.191019e-06	-0.0072
1.193019e-06	-0.01105
1.195019e-06	-0.0105
1.197019e-06	-0.0083
1.199019e-06	-0.0083
1.201019e-06	-0.00995
1.203019e-06	-0.0072
1.205019e-06	-0.00885
1.207019e-06	-0.00995
1.209019e-06	-0.00665
1.211019e-06	-0.00995
1.213019e-06	-0.01105
1.215019e-06	-0.00775
1.217019e-06	-0.0105
1.219019e-06	-0.00885
1.221019e-06	-0.0094
1.223019e-06	-0.0083
1.225019e-06	-0.01215
1.227019e-06	-0.0083
1.229019e-06	-0.0094
1.231019e-06	-0.0105
1.233019e-06	-0.0116
1.235019e-06	-0.00995
1.237019e-06	-0.01325
1.239019e-06	-0.0116
1.241019e-06	-0.0116
1.243019e-06	-0.01105
1.245019e-06	-0.0116
1.247019e-06	-0.0127
1.249019e-06	-0.0116
1.251019e-06	-0.0105
1.253019e-06	-0.0094
1.255019e-06	-0.016
1.257019e-06	-0.01215
1.259019e-06	-0.00995
1.261019e-06	-0.01105
1.263019e-06	-0.0116
1.265019e-06	-0.0105
1.267019e-06	-0.0094
1.269019e-06	-0.0116
1.271019e-06	-0.01545
1.273019e-06	-0.01545
1.275019e-06	-0.0149
1.277019e-06	-0.01325
1.279019e-06	-0.01545
1.281019e-06	-0.0138
1.283019e-06	-0.0138
1.285019e-06	-0.01655
1.287019e-06	-0.01435
1.289019e-06	-0.016
1.291019e-06	-0.0149
1.293019e-06	-0.0149
1.295019e-06	-0.01765
1.297019e-06	-0.0138
1.299019e-06	-0.0149
1.301019e-06	-0.0149
1.303019e-06	-0.0171
1.305019e-06	-0.01655
1.307019e-06	-0.01875
1.309019e-06	-0.0193
1.311019e-06	-0.01985
1.313019e-06	-0.0193
1.315019e-06	-0.01985
1.317019e-06	-0.016
1.319019e-06	-0.01875
1.321019e-06	-0.0237
1.323019e-06	-0.02425
1.325019e-06	-0.02205
1.327019e-06	-0.01985
1.329019e-06	-0.02315
1.331019e-06	-0.0237
1.333019e-06	-0.0215
1.335019e-06	-0.0226
1.337019e-06	-0.02315
1.339019e-06	-0.0248
1.341019e-06	-0.0248
1.343019e-06	-0.027
1.345019e-06	-0.02645
1.347019e-06	-0.02975
1.349019e-06	-0.02535
1.351019e-06	-0.0281
1.353019e-06	-0.0303
1.355019e-06	-0.0292
1.357019e-06	-0.02755
1.359019e-06	-0.027
1.361019e-06	-0.027
1.363019e-06	-0.02865
1.365019e-06	-0.0292
1.367019e-06	-0.0292
1.369019e-06	-0.02975
1.371019e-06	-0.03195
1.373019e-06	-0.0325
1.375019e-06	-0.03415
1.377019e-06	-0.03305
1.379019e-06	-0.03415
1.381019e-06	-0.03305
1.383019e-06	-0.03635
1.385019e-06	-0.0347
1.387019e-06	-0.03525
1.389019e-06	-0.0347
1.391019e-06	-0.03635
1.393019e-06	-0.0369
1.395019e-06	-0.0369
1.397019e-06	-0.038
1.399019e-06	-0.038
1.401019e-06	-0.03855
1.403019e-06	-0.03745
1.405019e-06	-0.03855
1.407019e-06	-0.03635
1.409019e-06	-0.03745
1.411019e-06	-0.04075
1.413019e-06	-0.0413
1.415019e-06	-0.04075
1.417019e-06	-0.0391
1.419019e-06	-0.03965
1.421019e-06	-0.03855
1.423019e-06	-0.0435
1.425019e-06	-0.04295
1.427019e-06	-0.04075
1.429019e-06	-0.0413
1.431019e-06	-0.0413
1.433019e-06	-0.04185
1.435019e-06	-0.04295
1.437019e-06	-0.03965
1.439019e-06	-0.03965
1.441019e-06	-0.0413
1.443019e-06	-0.0391
1.445019e-06	-0.0391
1.447019e-06	-0.0424
1.449019e-06	-0.0402
1.451019e-06	-0.04075
1.453019e-06	-0.0369
1.455019e-06	-0.0413
1.457019e-06	-0.0391
1.459019e-06	-0.03965
1.461019e-06	-0.0391
1.463019e-06	-0.04075
1.465019e-06	-0.03965
1.467019e-06	-0.04075
1.469019e-06	-0.0402
1.471019e-06	-0.04405
1.473019e-06	-0.03855
1.475019e-06	-0.0391
1.477019e-06	-0.04075
1.479019e-06	-0.0402
1.481019e-06	-0.0369
1.483019e-06	-0.03745
1.485019e-06	-0.03745
1.487019e-06	-0.038
1.489019e-06	-0.03965
1.491019e-06	-0.03965
1.493019e-06	-0.038
1.495019e-06	-0.03965
1.497019e-06	-0.03745
1.499019e-06	-0.0402
1.501019e-06	-0.03745
1.503019e-06	-0.03745
1.505019e-06	-0.0358
1.507019e-06	-0.038
1.509019e-06	-0.03745
1.511019e-06	-0.03745
1.513019e-06	-0.0325
1.515019e-06	-0.0347
1.517019e-06	-0.0347
1.519019e-06	-0.03415
1.521019e-06	-0.0358
1.523019e-06	-0.0358
1.525019e-06	-0.03525
1.527019e-06	-0.0369
1.529019e-06	-0.0314
1.531019e-06	-0.0347
1.533019e-06	-0.03195
1.535019e-06	-0.0347
1.537019e-06	-0.03305
1.539019e-06	-0.0325
1.541019e-06	-0.0336
1.543019e-06	-0.0325
1.545019e-06	-0.03085
1.547019e-06	-0.03085
1.549019e-06	-0.02755
1.551019e-06	-0.02865
1.553019e-06	-0.027
1.555019e-06	-0.02645
1.557019e-06	-0.02865
1.559019e-06	-0.0292
1.561019e-06	-0.02645
1.563019e-06	-0.0259
1.565019e-06	-0.0259
1.567019e-06	-0.02755
1.569019e-06	-0.0281
1.571019e-06	-0.02865
1.573019e-06	-0.0281
1.575019e-06	-0.0281
1.577019e-06	-0.0259
1.579019e-06	-0.027
1.581019e-06	-0.02425
1.583019e-06	-0.02645
1.585019e-06	-0.02645
1.587019e-06	-0.0237
1.589019e-06	-0.0248
1.591019e-06	-0.0259
1.593019e-06	-0.0259
1.595019e-06	-0.02315
1.597019e-06	-0.02205
1.599019e-06	-0.02425
1.601019e-06	-0.0248
1.603019e-06	-0.02425
1.605019e-06	-0.0248
1.607019e-06	-0.0259
1.609019e-06	-0.0215
1.611019e-06	-0.0215
1.613019e-06	-0.0215
1.615019e-06	-0.02315
1.617019e-06	-0.01875
1.619019e-06	-0.01985
1.621019e-06	-0.0204
1.623019e-06	-0.0215
1.625019e-06	-0.0237
1.627019e-06	-0.01765
1.629019e-06	-0.0204
1.631019e-06	-0.0215
1.633019e-06	-0.0215
1.635019e-06	-0.01985
1.637019e-06	-0.0226
1.639019e-06	-0.0204
1.641019e-06	-0.02205
1.643019e-06	-0.02315
1.645019e-06	-0.02315
1.647019e-06	-0.02205
1.649019e-06	-0.02095
1.651019e-06	-0.01985
1.653019e-06	-0.0215
1.655019e-06	-0.0193
1.657019e-06	-0.01985
1.659019e-06	-0.0204
1.661019e-06	-0.01875
1.663019e-06	-0.01985
1.665019e-06	-0.01765
1.667019e-06	-0.01875
1.669019e-06	-0.0193
1.671019e-06	-0.0237
1.673019e-06	-0.0237
1.675019e-06	-0.01765
1.677019e-06	-0.02205
1.679019e-06	-0.02425
1.681019e-06	-0.0248
1.683019e-06	-0.0215
1.685019e-06	-0.02205
1.687019e-06	-0.02205
1.689019e-06	-0.0226
1.691019e-06	-0.0215
1.693019e-06	-0.02205
1.695019e-06	-0.0226
1.697019e-06	-0.0248
1.699019e-06	-0.02095
1.701019e-06	-0.0237
1.703019e-06	-0.02535
1.705019e-06	-0.02425
1.707019e-06	-0.0237
1.709019e-06	-0.0237
1.711019e-06	-0.02755
1.713019e-06	-0.02645
1.715019e-06	-0.02425
1.717019e-06	-0.0248
1.719019e-06	-0.02975
1.721019e-06	-0.02535
1.723019e-06	-0.02315
1.725019e-06	-0.0226
1.727019e-06	-0.02865
1.729019e-06	-0.0292
1.731019e-06	-0.0259
1.733019e-06	-0.02425
1.735019e-06	-0.027
1.737019e-06	-0.02645
1.739019e-06	-0.02535
1.741019e-06	-0.02535
1.743019e-06	-0.027
1.745019e-06	-0.02755
1.747019e-06	-0.0259
1.749019e-06	-0.0237
1.751019e-06	-0.0292
1.753019e-06	-0.03085
1.755019e-06	-0.02425
1.757019e-06	-0.0237
1.759019e-06	-0.02535
1.761019e-06	-0.02645
1.763019e-06	-0.0237
1.765019e-06	-0.02645
1.767019e-06	-0.02865
1.769019e-06	-0.02645
1.771019e-06	-0.0259
1.773019e-06	-0.027
1.775019e-06	-0.0281
1.777019e-06	-0.02865
1.779019e-06	-0.0281
1.781019e-06	-0.0303
1.783019e-06	-0.03085
1.785019e-06	-0.02865
1.787019e-06	-0.0292
1.789019e-06	-0.02755
1.791019e-06	-0.0292
1.793019e-06	-0.03085
1.795019e-06	-0.0292
1.797019e-06	-0.02975
1.799019e-06	-0.03085
1.801019e-06	-0.0292
1.803019e-06	-0.0314
1.805019e-06	-0.03085
1.807019e-06	-0.03305
1.809019e-06	-0.03305
1.811019e-06	-0.0347
1.813019e-06	-0.0314
1.815019e-06	-0.03305
1.817019e-06	-0.0314
1.819019e-06	-0.0303
1.821019e-06	-0.0336
1.823019e-06	-0.03305
1.825019e-06	-0.0336
1.827019e-06	-0.03305
1.829019e-06	-0.0314
1.831019e-06	-0.0314
1.833019e-06	-0.03305
1.835019e-06	-0.0314
1.837019e-06	-0.0336
1.839019e-06	-0.0314
1.841019e-06	-0.0325
1.843019e-06	-0.0325
1.845019e-06	-0.0336
1.847019e-06	-0.0347
1.849019e-06	-0.0314
1.851019e-06	-0.03085
1.853019e-06	-0.03305
1.855019e-06	-0.0347
1.857019e-06	-0.0325
1.859019e-06	-0.03415
1.861019e-06	-0.0314
1.863019e-06	-0.0336
1.865019e-06	-0.0358
1.867019e-06	-0.0314
1.869019e-06	-0.0325
1.871019e-06	-0.0336
1.873019e-06	-0.0303
1.875019e-06	-0.03195
1.877019e-06	-0.0325
1.879019e-06	-0.03415
1.881019e-06	-0.0314
1.883019e-06	-0.03635
1.885019e-06	-0.03195
1.887019e-06	-0.03305
1.889019e-06	-0.0325
1.891019e-06	-0.03195
1.893019e-06	-0.0347
1.895019e-06	-0.0336
1.897019e-06	-0.0314
1.899019e-06	-0.03195
1.901019e-06	-0.0303
1.903019e-06	-0.0325
1.905019e-06	-0.03415
1.907019e-06	-0.03415
1.909019e-06	-0.0336
1.911019e-06	-0.03415
1.913019e-06	-0.0347
1.915019e-06	-0.03525
1.917019e-06	-0.03525
1.919019e-06	-0.03525
1.921019e-06	-0.0336
1.923019e-06	-0.03305
1.925019e-06	-0.03305
1.927019e-06	-0.03415
1.929019e-06	-0.0314
1.931019e-06	-0.0314
1.933019e-06	-0.02865
1.935019e-06	-0.0336
1.937019e-06	-0.0336
1.939019e-06	-0.0325
1.941019e-06	-0.03195
1.943019e-06	-0.0325
1.945019e-06	-0.0314
1.947019e-06	-0.0314
1.949019e-06	-0.03085
1.951019e-06	-0.03085
1.953019e-06	-0.02975
1.955019e-06	-0.03085
1.957019e-06	-0.0281
1.959019e-06	-0.02865
1.961019e-06	-0.02975
1.963019e-06	-0.0292
1.965019e-06	-0.027
1.967019e-06	-0.02645
1.969019e-06	-0.02865
1.971019e-06	-0.02975
1.973019e-06	-0.0292
1.975019e-06	-0.0303
1.977019e-06	-0.02975
1.979019e-06	-0.02755
1.981019e-06	-0.0226
1.983019e-06	-0.0292
1.985019e-06	-0.0259
1.987019e-06	-0.02645
1.989019e-06	-0.0259
1.991019e-06	-0.02425
1.993019e-06	-0.0248
1.995019e-06	-0.02535
1.997019e-06	-0.0215
1.999019e-06	-0.02425
2.001019e-06	-0.02315
2.003019e-06	-0.0193
2.005019e-06	-0.0215
2.007019e-06	-0.02315
2.009019e-06	-0.0193
2.011019e-06	-0.02205
2.013019e-06	-0.02205
2.015019e-06	-0.02425
2.017019e-06	-0.0204
2.019019e-06	-0.02425
2.021019e-06	-0.0204
2.023019e-06	-0.02205
2.025019e-06	-0.02095
2.027019e-06	-0.0193
2.029019e-06	-0.0193
2.031019e-06	-0.0182
2.033019e-06	-0.02095
2.035019e-06	-0.01985
2.037019e-06	-0.0204
2.039019e-06	-0.02205
2.041019e-06	-0.0193
2.043019e-06	-0.0215
2.045019e-06	-0.0215
2.047019e-06	-0.0237
2.049019e-06	-0.0226
2.051019e-06	-0.02095
2.053019e-06	-0.0237
2.055019e-06	-0.0248
2.057019e-06	-0.0215
2.059019e-06	-0.0193
2.061019e-06	-0.01985
2.063019e-06	-0.0226
2.065019e-06	-0.02425
2.067019e-06	-0.0204
2.069019e-06	-0.01765
2.071019e-06	-0.02205
2.073019e-06	-0.02315
2.075019e-06	-0.02095
2.077019e-06	-0.02095
2.079019e-06	-0.0226
2.081019e-06	-0.02095
2.083019e-06	-0.0204
2.085019e-06	-0.02205
2.087019e-06	-0.01985
2.089019e-06	-0.01875
2.091019e-06	-0.0193
2.093019e-06	-0.02205
2.095019e-06	-0.02645
2.097019e-06	-0.01765
2.099019e-06	-0.0204
2.101019e-06	-0.0193
2.103019e-06	-0.01875
2.105019e-06	-0.01765
2.107019e-06	-0.0149
2.109019e-06	-0.0193
2.111019e-06	-0.0215
2.113019e-06	-0.0182
2.115019e-06	-0.0226
2.117019e-06	-0.0193
2.119019e-06	-0.01765
2.121019e-06	-0.0193
2.123019e-06	-0.0193
2.125019e-06	-0.0149
2.127019e-06	-0.0171
2.129019e-06	-0.0171
2.131019e-06	-0.01765
2.133019e-06	-0.01545
2.135019e-06	-0.0171
2.137019e-06	-0.01435
2.139019e-06	-0.01765
2.141019e-06	-0.0171
2.143019e-06	-0.01875
2.145019e-06	-0.01655
2.147019e-06	-0.0171
2.149019e-06	-0.01545
2.151019e-06	-0.016
2.153019e-06	-0.0171
2.155019e-06	-0.01325
2.157019e-06	-0.01545
2.159019e-06	-0.01765
2.161019e-06	-0.01545
2.163019e-06	-0.0149
2.165019e-06	-0.01435
2.167019e-06	-0.01875
2.169019e-06	-0.01985
2.171019e-06	-0.016
2.173019e-06	-0.01655
2.175019e-06	-0.0204
2.177019e-06	-0.0182
2.179019e-06	-0.01875
2.181019e-06	-0.016
2.183019e-06	-0.01655
2.185019e-06	-0.0182
2.187019e-06	-0.0182
2.189019e-06	-0.0204
2.191019e-06	-0.01875
2.193019e-06	-0.0215
2.195019e-06	-0.01985
2.197019e-06	-0.0182
2.199019e-06	-0.01985
2.201019e-06	-0.01985
2.203019e-06	-0.0215
2.205019e-06	-0.02095
2.207019e-06	-0.02205
2.209019e-06	-0.0226
2.211019e-06	-0.02095
2.213019e-06	-0.0237
2.215019e-06	-0.0226
2.217019e-06	-0.02425
2.219019e-06	-0.02315
2.221019e-06	-0.02095
2.223019e-06	-0.0259
2.225019e-06	-0.0248
2.227019e-06	-0.01985
2.229019e-06	-0.02535
2.231019e-06	-0.02865
2.233019e-06	-0.0259
2.235019e-06	-0.02975
2.237019e-06	-0.02755
2.239019e-06	-0.02865
2.241019e-06	-0.027
2.243019e-06	-0.02975
2.245019e-06	-0.02975
2.247019e-06	-0.0314
2.249019e-06	-0.02865
2.251019e-06	-0.0303
2.253019e-06	-0.02865
2.255019e-06	-0.0314
2.257019e-06	-0.02975
2.259019e-06	-0.0292
2.261019e-06	-0.02975
2.263019e-06	-0.0314
2.265019e-06	-0.0303
2.267019e-06	-0.03305
2.269019e-06	-0.03415
2.271019e-06	-0.03415
2.273019e-06	-0.03195
2.275019e-06	-0.03195
2.277019e-06	-0.03305
2.279019e-06	-0.03415
2.281019e-06	-0.0314
2.283019e-06	-0.0314
2.285019e-06	-0.02755
2.287019e-06	-0.03195
2.289019e-06	-0.03085
2.291019e-06	-0.03085
2.293019e-06	-0.0314
2.295019e-06	-0.03525
2.297019e-06	-0.03195
2.299019e-06	-0.02975
2.301019e-06	-0.03195
2.303019e-06	-0.0325
2.305019e-06	-0.0314
2.307019e-06	-0.02755
2.309019e-06	-0.03085
2.311019e-06	-0.02975
2.313019e-06	-0.03085
2.315019e-06	-0.03195
2.317019e-06	-0.02975
2.319019e-06	-0.03085
2.321019e-06	-0.03085
2.323019e-06	-0.0325
2.325019e-06	-0.02755
2.327019e-06	-0.0292
2.329019e-06	-0.02865
2.331019e-06	-0.03195
2.333019e-06	-0.03085
2.335019e-06	-0.03085
2.337019e-06	-0.027
2.339019e-06	-0.0292
2.341019e-06	-0.0325
2.343019e-06	-0.03415
2.345019e-06	-0.03195
2.347019e-06	-0.02865
2.349019e-06	-0.0314
2.351019e-06	-0.03525
2.353019e-06	-0.03085
2.355019e-06	-0.0303
2.357019e-06	-0.03305
2.359019e-06	-0.0314
2.361019e-06	-0.03195
2.363019e-06	-0.02865
2.365019e-06	-0.0292
2.367019e-06	-0.03085
2.369019e-06	-0.02975
2.371019e-06	-0.03195
2.373019e-06	-0.03085
2.375019e-06	-0.02975
2.377019e-06	-0.0314
2.379019e-06	-0.03195
2.381019e-06	-0.02645
2.383019e-06	-0.02865
2.385019e-06	-0.03085
2.387019e-06	-0.0303
2.389019e-06	-0.02755
2.391019e-06	-0.03085
2.393019e-06	-0.0303
2.395019e-06	-0.0292
2.397019e-06	-0.03195
2.399019e-06	-0.0347
2.401019e-06	-0.02975
2.403019e-06	-0.02865
2.405019e-06	-0.02865
2.407019e-06	-0.03085
2.409019e-06	-0.0303
2.411019e-06	-0.02975
2.413019e-06	-0.0292
2.415019e-06	-0.03195
2.417019e-06	-0.03305
2.419019e-06	-0.0303
2.421019e-06	-0.0281
2.423019e-06	-0.0314
2.425019e-06	-0.02975
2.427019e-06	-0.02535
2.429019e-06	-0.0281
2.431019e-06	-0.02865
2.433019e-06	-0.02975
2.435019e-06	-0.02865
2.437019e-06	-0.02425
2.439019e-06	-0.02865
2.441019e-06	-0.02755
2.443019e-06	-0.0248
2.445019e-06	-0.02425
2.447019e-06	-0.0248
2.449019e-06	-0.02645
2.451019e-06	-0.02425
2.453019e-06	-0.0248
2.455019e-06	-0.0292
2.457019e-06	-0.0248
2.459019e-06	-0.0281
2.461019e-06	-0.02645
2.463019e-06	-0.027
2.465019e-06	-0.0259
2.467019e-06	-0.02645
2.469019e-06	-0.02315
2.471019e-06	-0.02535
2.473019e-06	-0.02755
2.475019e-06	-0.0237
2.477019e-06	-0.0259
2.479019e-06	-0.02425
2.481019e-06	-0.02535
2.483019e-06	-0.0215
2.485019e-06	-0.0237
2.487019e-06	-0.0248
2.489019e-06	-0.0248
2.491019e-06	-0.02425
2.493019e-06	-0.0248
2.495019e-06	-0.0226
2.497019e-06	-0.02315
2.499019e-06	-0.0237
2.501019e-06	-0.02315
