LECROYHDO6104A	50809	Waveform
Segments	1	SegmentSize	2502
Segment	TrigTime	TimeSinceSegment1
#1	19-Dec-2022 19:54:14	0                 
Time	Ampl
-2.501277e-06	-0.020768
-2.499277e-06	-0.020768
-2.497277e-06	-0.02384
-2.495277e-06	-0.021536
-2.493277e-06	-0.022304
-2.491277e-06	-0.023072
-2.489277e-06	-0.022304
-2.487277e-06	-0.02192
-2.485277e-06	-0.023456
-2.483277e-06	-0.023456
-2.481277e-06	-0.020768
-2.479277e-06	-0.02
-2.477277e-06	-0.02
-2.475277e-06	-0.021536
-2.473277e-06	-0.022304
-2.471277e-06	-0.022688
-2.469277e-06	-0.021152
-2.467277e-06	-0.021152
-2.465277e-06	-0.024224
-2.463277e-06	-0.022688
-2.461277e-06	-0.023072
-2.459277e-06	-0.02192
-2.457277e-06	-0.022304
-2.455277e-06	-0.022304
-2.453277e-06	-0.020768
-2.451277e-06	-0.02384
-2.449277e-06	-0.020384
-2.447277e-06	-0.022304
-2.445277e-06	-0.022304
-2.443277e-06	-0.023072
-2.441277e-06	-0.02192
-2.439277e-06	-0.018848
-2.437277e-06	-0.021536
-2.435277e-06	-0.022304
-2.433277e-06	-0.023456
-2.431277e-06	-0.022688
-2.429277e-06	-0.019232
-2.427277e-06	-0.024224
-2.425277e-06	-0.023456
-2.423277e-06	-0.022688
-2.421277e-06	-0.023456
-2.419277e-06	-0.023072
-2.417277e-06	-0.020768
-2.415277e-06	-0.019616
-2.413277e-06	-0.02
-2.411277e-06	-0.02
-2.409277e-06	-0.021536
-2.407277e-06	-0.024224
-2.405277e-06	-0.023456
-2.403277e-06	-0.022688
-2.401277e-06	-0.019616
-2.399277e-06	-0.024224
-2.397277e-06	-0.024224
-2.395277e-06	-0.024608
-2.393277e-06	-0.022688
-2.391277e-06	-0.020384
-2.389277e-06	-0.021536
-2.387277e-06	-0.023456
-2.385277e-06	-0.02192
-2.383277e-06	-0.022688
-2.381277e-06	-0.020384
-2.379277e-06	-0.026144
-2.377277e-06	-0.023456
-2.375277e-06	-0.020384
-2.373277e-06	-0.021536
-2.371277e-06	-0.023456
-2.369277e-06	-0.021152
-2.367277e-06	-0.02192
-2.365277e-06	-0.02192
-2.363277e-06	-0.02384
-2.361277e-06	-0.023456
-2.359277e-06	-0.021536
-2.357277e-06	-0.021536
-2.355277e-06	-0.022304
-2.353277e-06	-0.02192
-2.351277e-06	-0.021152
-2.349277e-06	-0.023072
-2.347277e-06	-0.023456
-2.345277e-06	-0.02192
-2.343277e-06	-0.02384
-2.341277e-06	-0.02576
-2.339277e-06	-0.02384
-2.337277e-06	-0.024224
-2.335277e-06	-0.020768
-2.333277e-06	-0.024224
-2.331277e-06	-0.022304
-2.329277e-06	-0.025376
-2.327277e-06	-0.021152
-2.325277e-06	-0.02192
-2.323277e-06	-0.024608
-2.321277e-06	-0.024224
-2.319277e-06	-0.023456
-2.317277e-06	-0.02384
-2.315277e-06	-0.023456
-2.313277e-06	-0.023456
-2.311277e-06	-0.022304
-2.309277e-06	-0.024224
-2.307277e-06	-0.02192
-2.305277e-06	-0.024224
-2.303277e-06	-0.022688
-2.301277e-06	-0.022304
-2.299277e-06	-0.02
-2.297277e-06	-0.023072
-2.295277e-06	-0.022304
-2.293277e-06	-0.023456
-2.291277e-06	-0.025376
-2.289277e-06	-0.02192
-2.287277e-06	-0.024224
-2.285277e-06	-0.023072
-2.283277e-06	-0.023456
-2.281277e-06	-0.02384
-2.279277e-06	-0.023456
-2.277277e-06	-0.023456
-2.275277e-06	-0.022688
-2.273277e-06	-0.02192
-2.271277e-06	-0.024224
-2.269277e-06	-0.023456
-2.267277e-06	-0.02192
-2.265277e-06	-0.021536
-2.263277e-06	-0.022304
-2.261277e-06	-0.022688
-2.259277e-06	-0.024224
-2.257277e-06	-0.024224
-2.255277e-06	-0.023456
-2.253277e-06	-0.024608
-2.251277e-06	-0.024608
-2.249277e-06	-0.024608
-2.247277e-06	-0.02192
-2.245277e-06	-0.02192
-2.243277e-06	-0.021152
-2.241277e-06	-0.02192
-2.239277e-06	-0.021536
-2.237277e-06	-0.024608
-2.235277e-06	-0.024992
-2.233277e-06	-0.02384
-2.231277e-06	-0.021536
-2.229277e-06	-0.022688
-2.227277e-06	-0.023072
-2.225277e-06	-0.022304
-2.223277e-06	-0.021536
-2.221277e-06	-0.022688
-2.219277e-06	-0.02192
-2.217277e-06	-0.024224
-2.215277e-06	-0.021536
-2.213277e-06	-0.02
-2.211277e-06	-0.02
-2.209277e-06	-0.020768
-2.207277e-06	-0.019616
-2.205277e-06	-0.020384
-2.203277e-06	-0.02384
-2.201277e-06	-0.023456
-2.199277e-06	-0.02
-2.197277e-06	-0.019616
-2.195277e-06	-0.024224
-2.193277e-06	-0.020768
-2.191277e-06	-0.02
-2.189277e-06	-0.020768
-2.187277e-06	-0.020384
-2.185277e-06	-0.02
-2.183277e-06	-0.02
-2.181277e-06	-0.021536
-2.179277e-06	-0.021152
-2.177277e-06	-0.021536
-2.175277e-06	-0.021536
-2.173277e-06	-0.023072
-2.171277e-06	-0.021536
-2.169277e-06	-0.022304
-2.167277e-06	-0.024224
-2.165277e-06	-0.023072
-2.163277e-06	-0.02192
-2.161277e-06	-0.022304
-2.159277e-06	-0.022304
-2.157277e-06	-0.023072
-2.155277e-06	-0.024608
-2.153277e-06	-0.021536
-2.151277e-06	-0.02192
-2.149277e-06	-0.023456
-2.147277e-06	-0.022304
-2.145277e-06	-0.021152
-2.143277e-06	-0.022304
-2.141277e-06	-0.019616
-2.139277e-06	-0.021536
-2.137277e-06	-0.023072
-2.135277e-06	-0.02192
-2.133277e-06	-0.023072
-2.131277e-06	-0.02384
-2.129277e-06	-0.023456
-2.127277e-06	-0.020768
-2.125277e-06	-0.02384
-2.123277e-06	-0.02384
-2.121277e-06	-0.02384
-2.119277e-06	-0.023456
-2.117277e-06	-0.02384
-2.115277e-06	-0.024224
-2.113277e-06	-0.02192
-2.111277e-06	-0.021536
-2.109277e-06	-0.022688
-2.107277e-06	-0.023456
-2.105277e-06	-0.024608
-2.103277e-06	-0.023072
-2.101277e-06	-0.024608
-2.099277e-06	-0.02576
-2.097277e-06	-0.024224
-2.095277e-06	-0.023456
-2.093277e-06	-0.022688
-2.091277e-06	-0.024224
-2.089277e-06	-0.024608
-2.087277e-06	-0.02192
-2.085277e-06	-0.02384
-2.083277e-06	-0.024224
-2.081277e-06	-0.024224
-2.079277e-06	-0.025376
-2.077277e-06	-0.025376
-2.075277e-06	-0.025376
-2.073277e-06	-0.024992
-2.071277e-06	-0.024992
-2.069277e-06	-0.024608
-2.067277e-06	-0.026912
-2.065277e-06	-0.026912
-2.063277e-06	-0.026144
-2.061277e-06	-0.024992
-2.059277e-06	-0.02576
-2.057277e-06	-0.026144
-2.055277e-06	-0.023072
-2.053277e-06	-0.025376
-2.051277e-06	-0.026144
-2.049277e-06	-0.024992
-2.047277e-06	-0.023072
-2.045277e-06	-0.025376
-2.043277e-06	-0.024992
-2.041277e-06	-0.024608
-2.039277e-06	-0.02576
-2.037277e-06	-0.02768
-2.035277e-06	-0.025376
-2.033277e-06	-0.024224
-2.031277e-06	-0.024608
-2.029277e-06	-0.026528
-2.027277e-06	-0.026528
-2.025277e-06	-0.02576
-2.023277e-06	-0.02384
-2.021277e-06	-0.024224
-2.019277e-06	-0.025376
-2.017277e-06	-0.026144
-2.015277e-06	-0.026528
-2.013277e-06	-0.026528
-2.011277e-06	-0.025376
-2.009277e-06	-0.02576
-2.007277e-06	-0.024992
-2.005277e-06	-0.024224
-2.003277e-06	-0.024224
-2.001277e-06	-0.024992
-1.999277e-06	-0.022688
-1.997277e-06	-0.026912
-1.995277e-06	-0.02384
-1.993277e-06	-0.02576
-1.991277e-06	-0.024224
-1.989277e-06	-0.025376
-1.987277e-06	-0.026528
-1.985277e-06	-0.025376
-1.983277e-06	-0.024608
-1.981277e-06	-0.02384
-1.979277e-06	-0.026144
-1.977277e-06	-0.024992
-1.975277e-06	-0.023456
-1.973277e-06	-0.023456
-1.971277e-06	-0.023456
-1.969277e-06	-0.024992
-1.967277e-06	-0.023072
-1.965277e-06	-0.024608
-1.963277e-06	-0.024992
-1.961277e-06	-0.02384
-1.959277e-06	-0.021152
-1.957277e-06	-0.021536
-1.955277e-06	-0.022304
-1.953277e-06	-0.024992
-1.951277e-06	-0.022688
-1.949277e-06	-0.022304
-1.947277e-06	-0.025376
-1.945277e-06	-0.02576
-1.943277e-06	-0.024224
-1.941277e-06	-0.022688
-1.939277e-06	-0.021152
-1.937277e-06	-0.023456
-1.935277e-06	-0.022688
-1.933277e-06	-0.02384
-1.931277e-06	-0.022688
-1.929277e-06	-0.020768
-1.927277e-06	-0.021152
-1.925277e-06	-0.025376
-1.923277e-06	-0.024608
-1.921277e-06	-0.023072
-1.919277e-06	-0.020768
-1.917277e-06	-0.023456
-1.915277e-06	-0.02384
-1.913277e-06	-0.023072
-1.911277e-06	-0.021152
-1.909277e-06	-0.023072
-1.907277e-06	-0.022304
-1.905277e-06	-0.022688
-1.903277e-06	-0.022304
-1.901277e-06	-0.020384
-1.899277e-06	-0.019232
-1.897277e-06	-0.022304
-1.895277e-06	-0.020384
-1.893277e-06	-0.020384
-1.891277e-06	-0.020384
-1.889277e-06	-0.021536
-1.887277e-06	-0.023456
-1.885277e-06	-0.022688
-1.883277e-06	-0.02192
-1.881277e-06	-0.02192
-1.879277e-06	-0.021536
-1.877277e-06	-0.021152
-1.875277e-06	-0.02192
-1.873277e-06	-0.022304
-1.871277e-06	-0.02384
-1.869277e-06	-0.02192
-1.867277e-06	-0.022688
-1.865277e-06	-0.02384
-1.863277e-06	-0.023072
-1.861277e-06	-0.024608
-1.859277e-06	-0.02384
-1.857277e-06	-0.023072
-1.855277e-06	-0.020768
-1.853277e-06	-0.022688
-1.851277e-06	-0.023072
-1.849277e-06	-0.021152
-1.847277e-06	-0.021152
-1.845277e-06	-0.022688
-1.843277e-06	-0.021152
-1.841277e-06	-0.023456
-1.839277e-06	-0.02384
-1.837277e-06	-0.024608
-1.835277e-06	-0.02384
-1.833277e-06	-0.023072
-1.831277e-06	-0.022688
-1.829277e-06	-0.024608
-1.827277e-06	-0.02384
-1.825277e-06	-0.020768
-1.823277e-06	-0.021152
-1.821277e-06	-0.021536
-1.819277e-06	-0.023456
-1.817277e-06	-0.022688
-1.815277e-06	-0.019616
-1.813277e-06	-0.021152
-1.811277e-06	-0.02
-1.809277e-06	-0.018848
-1.807277e-06	-0.017696
-1.805277e-06	-0.020384
-1.803277e-06	-0.018848
-1.801277e-06	-0.021152
-1.799277e-06	-0.02192
-1.797277e-06	-0.02
-1.795277e-06	-0.021152
-1.793277e-06	-0.021536
-1.791277e-06	-0.021536
-1.789277e-06	-0.021536
-1.787277e-06	-0.021152
-1.785277e-06	-0.021536
-1.783277e-06	-0.02192
-1.781277e-06	-0.023456
-1.779277e-06	-0.021536
-1.777277e-06	-0.022688
-1.775277e-06	-0.019616
-1.773277e-06	-0.018848
-1.771277e-06	-0.01808
-1.769277e-06	-0.019616
-1.767277e-06	-0.02
-1.765277e-06	-0.021152
-1.763277e-06	-0.020768
-1.761277e-06	-0.021536
-1.759277e-06	-0.022304
-1.757277e-06	-0.022304
-1.755277e-06	-0.022304
-1.753277e-06	-0.020384
-1.751277e-06	-0.02
-1.749277e-06	-0.020768
-1.747277e-06	-0.023456
-1.745277e-06	-0.022304
-1.743277e-06	-0.02192
-1.741277e-06	-0.022304
-1.739277e-06	-0.023072
-1.737277e-06	-0.021536
-1.735277e-06	-0.022304
-1.733277e-06	-0.021152
-1.731277e-06	-0.024608
-1.729277e-06	-0.02384
-1.727277e-06	-0.02192
-1.725277e-06	-0.02384
-1.723277e-06	-0.023072
-1.721277e-06	-0.024608
-1.719277e-06	-0.02576
-1.717277e-06	-0.02576
-1.715277e-06	-0.024992
-1.713277e-06	-0.023072
-1.711277e-06	-0.024224
-1.709277e-06	-0.02192
-1.707277e-06	-0.023072
-1.705277e-06	-0.02384
-1.703277e-06	-0.024224
-1.701277e-06	-0.024224
-1.699277e-06	-0.024608
-1.697277e-06	-0.022688
-1.695277e-06	-0.022304
-1.693277e-06	-0.024608
-1.691277e-06	-0.024992
-1.689277e-06	-0.022688
-1.687277e-06	-0.025376
-1.685277e-06	-0.026528
-1.683277e-06	-0.022688
-1.681277e-06	-0.02576
-1.679277e-06	-0.027296
-1.677277e-06	-0.026912
-1.675277e-06	-0.025376
-1.673277e-06	-0.027296
-1.671277e-06	-0.026528
-1.669277e-06	-0.026144
-1.667277e-06	-0.026528
-1.665277e-06	-0.024992
-1.663277e-06	-0.02384
-1.661277e-06	-0.026528
-1.659277e-06	-0.026144
-1.657277e-06	-0.027296
-1.655277e-06	-0.027296
-1.653277e-06	-0.027296
-1.651277e-06	-0.028064
-1.649277e-06	-0.026528
-1.647277e-06	-0.026528
-1.645277e-06	-0.025376
-1.643277e-06	-0.026912
-1.641277e-06	-0.028064
-1.639277e-06	-0.025376
-1.637277e-06	-0.026528
-1.635277e-06	-0.026144
-1.633277e-06	-0.026912
-1.631277e-06	-0.027296
-1.629277e-06	-0.026912
-1.627277e-06	-0.02768
-1.625277e-06	-0.02768
-1.623277e-06	-0.02384
-1.621277e-06	-0.024224
-1.619277e-06	-0.023456
-1.617277e-06	-0.02576
-1.615277e-06	-0.024224
-1.613277e-06	-0.024992
-1.611277e-06	-0.024224
-1.609277e-06	-0.025376
-1.607277e-06	-0.024224
-1.605277e-06	-0.023456
-1.603277e-06	-0.02384
-1.601277e-06	-0.024608
-1.599277e-06	-0.023072
-1.597277e-06	-0.024992
-1.595277e-06	-0.024224
-1.593277e-06	-0.022688
-1.591277e-06	-0.021152
-1.589277e-06	-0.02192
-1.587277e-06	-0.018464
-1.585277e-06	-0.02192
-1.583277e-06	-0.023072
-1.581277e-06	-0.020384
-1.579277e-06	-0.024224
-1.577277e-06	-0.02192
-1.575277e-06	-0.020768
-1.573277e-06	-0.020384
-1.571277e-06	-0.023456
-1.569277e-06	-0.019616
-1.567277e-06	-0.020384
-1.565277e-06	-0.020384
-1.563277e-06	-0.02
-1.561277e-06	-0.02
-1.559277e-06	-0.017696
-1.557277e-06	-0.020768
-1.555277e-06	-0.021152
-1.553277e-06	-0.020384
-1.551277e-06	-0.023072
-1.549277e-06	-0.021152
-1.547277e-06	-0.021536
-1.545277e-06	-0.022304
-1.543277e-06	-0.02192
-1.541277e-06	-0.021152
-1.539277e-06	-0.019232
-1.537277e-06	-0.019616
-1.535277e-06	-0.020384
-1.533277e-06	-0.02384
-1.531277e-06	-0.024224
-1.529277e-06	-0.02192
-1.527277e-06	-0.022304
-1.525277e-06	-0.023072
-1.523277e-06	-0.023456
-1.521277e-06	-0.02192
-1.519277e-06	-0.022304
-1.517277e-06	-0.022688
-1.515277e-06	-0.023456
-1.513277e-06	-0.023072
-1.511277e-06	-0.022304
-1.509277e-06	-0.02192
-1.507277e-06	-0.022304
-1.505277e-06	-0.02192
-1.503277e-06	-0.023072
-1.501277e-06	-0.02192
-1.499277e-06	-0.023456
-1.497277e-06	-0.022304
-1.495277e-06	-0.02384
-1.493277e-06	-0.023456
-1.491277e-06	-0.02192
-1.489277e-06	-0.021536
-1.487277e-06	-0.022304
-1.485277e-06	-0.02384
-1.483277e-06	-0.02192
-1.481277e-06	-0.023456
-1.479277e-06	-0.021536
-1.477277e-06	-0.020384
-1.475277e-06	-0.024992
-1.473277e-06	-0.022688
-1.471277e-06	-0.020384
-1.469277e-06	-0.023072
-1.467277e-06	-0.02192
-1.465277e-06	-0.021152
-1.463277e-06	-0.020768
-1.461277e-06	-0.020384
-1.459277e-06	-0.021152
-1.457277e-06	-0.021152
-1.455277e-06	-0.021536
-1.453277e-06	-0.020768
-1.451277e-06	-0.021152
-1.449277e-06	-0.021536
-1.447277e-06	-0.019232
-1.445277e-06	-0.019616
-1.443277e-06	-0.022304
-1.441277e-06	-0.022304
-1.439277e-06	-0.02
-1.437277e-06	-0.019616
-1.435277e-06	-0.02
-1.433277e-06	-0.02
-1.431277e-06	-0.023456
-1.429277e-06	-0.02192
-1.427277e-06	-0.020768
-1.425277e-06	-0.02
-1.423277e-06	-0.020384
-1.421277e-06	-0.022304
-1.419277e-06	-0.020768
-1.417277e-06	-0.020384
-1.415277e-06	-0.023072
-1.413277e-06	-0.022304
-1.411277e-06	-0.02
-1.409277e-06	-0.021536
-1.407277e-06	-0.023456
-1.405277e-06	-0.020384
-1.403277e-06	-0.020768
-1.401277e-06	-0.02192
-1.399277e-06	-0.021152
-1.397277e-06	-0.022304
-1.395277e-06	-0.023072
-1.393277e-06	-0.021536
-1.391277e-06	-0.022304
-1.389277e-06	-0.020768
-1.387277e-06	-0.022304
-1.385277e-06	-0.022688
-1.383277e-06	-0.022688
-1.381277e-06	-0.020768
-1.379277e-06	-0.021152
-1.377277e-06	-0.022688
-1.375277e-06	-0.02192
-1.373277e-06	-0.022688
-1.371277e-06	-0.02576
-1.369277e-06	-0.02192
-1.367277e-06	-0.022688
-1.365277e-06	-0.025376
-1.363277e-06	-0.021536
-1.361277e-06	-0.023456
-1.359277e-06	-0.022688
-1.357277e-06	-0.023072
-1.355277e-06	-0.024608
-1.353277e-06	-0.026912
-1.351277e-06	-0.02384
-1.349277e-06	-0.023456
-1.347277e-06	-0.024224
-1.345277e-06	-0.023072
-1.343277e-06	-0.02
-1.341277e-06	-0.022304
-1.339277e-06	-0.020768
-1.337277e-06	-0.021536
-1.335277e-06	-0.019616
-1.333277e-06	-0.02
-1.331277e-06	-0.021536
-1.329277e-06	-0.02192
-1.327277e-06	-0.020768
-1.325277e-06	-0.021152
-1.323277e-06	-0.023456
-1.321277e-06	-0.023456
-1.319277e-06	-0.023072
-1.317277e-06	-0.022688
-1.315277e-06	-0.023072
-1.313277e-06	-0.02384
-1.311277e-06	-0.020384
-1.309277e-06	-0.022688
-1.307277e-06	-0.021152
-1.305277e-06	-0.022304
-1.303277e-06	-0.023072
-1.301277e-06	-0.025376
-1.299277e-06	-0.023456
-1.297277e-06	-0.02384
-1.295277e-06	-0.02192
-1.293277e-06	-0.022688
-1.291277e-06	-0.02384
-1.289277e-06	-0.022304
-1.287277e-06	-0.02384
-1.285277e-06	-0.021152
-1.283277e-06	-0.022688
-1.281277e-06	-0.023456
-1.279277e-06	-0.021536
-1.277277e-06	-0.022688
-1.275277e-06	-0.025376
-1.273277e-06	-0.02384
-1.271277e-06	-0.022304
-1.269277e-06	-0.02192
-1.267277e-06	-0.024608
-1.265277e-06	-0.022688
-1.263277e-06	-0.021152
-1.261277e-06	-0.018848
-1.259277e-06	-0.021152
-1.257277e-06	-0.023456
-1.255277e-06	-0.023456
-1.253277e-06	-0.020384
-1.251277e-06	-0.019616
-1.249277e-06	-0.02192
-1.247277e-06	-0.024224
-1.245277e-06	-0.02384
-1.243277e-06	-0.023456
-1.241277e-06	-0.02192
-1.239277e-06	-0.022688
-1.237277e-06	-0.024224
-1.235277e-06	-0.023456
-1.233277e-06	-0.021536
-1.231277e-06	-0.022304
-1.229277e-06	-0.024992
-1.227277e-06	-0.023456
-1.225277e-06	-0.023456
-1.223277e-06	-0.022304
-1.221277e-06	-0.023456
-1.219277e-06	-0.024608
-1.217277e-06	-0.020384
-1.215277e-06	-0.021152
-1.213277e-06	-0.02192
-1.211277e-06	-0.023456
-1.209277e-06	-0.023456
-1.207277e-06	-0.020768
-1.205277e-06	-0.024224
-1.203277e-06	-0.02576
-1.201277e-06	-0.023072
-1.199277e-06	-0.024224
-1.197277e-06	-0.02192
-1.195277e-06	-0.02384
-1.193277e-06	-0.023456
-1.191277e-06	-0.020384
-1.189277e-06	-0.024224
-1.187277e-06	-0.024608
-1.185277e-06	-0.02576
-1.183277e-06	-0.021152
-1.181277e-06	-0.021152
-1.179277e-06	-0.020768
-1.177277e-06	-0.02384
-1.175277e-06	-0.023456
-1.173277e-06	-0.02384
-1.171277e-06	-0.022304
-1.169277e-06	-0.024224
-1.167277e-06	-0.021536
-1.165277e-06	-0.02384
-1.163277e-06	-0.025376
-1.161277e-06	-0.02384
-1.159277e-06	-0.02384
-1.157277e-06	-0.022688
-1.155277e-06	-0.02384
-1.153277e-06	-0.024992
-1.151277e-06	-0.024608
-1.149277e-06	-0.02384
-1.147277e-06	-0.02384
-1.145277e-06	-0.02576
-1.143277e-06	-0.023456
-1.141277e-06	-0.022688
-1.139277e-06	-0.02384
-1.137277e-06	-0.024224
-1.135277e-06	-0.021152
-1.133277e-06	-0.025376
-1.131277e-06	-0.022304
-1.129277e-06	-0.023456
-1.127277e-06	-0.024992
-1.125277e-06	-0.024608
-1.123277e-06	-0.024224
-1.121277e-06	-0.024224
-1.119277e-06	-0.023072
-1.117277e-06	-0.023456
-1.115277e-06	-0.024608
-1.113277e-06	-0.02384
-1.111277e-06	-0.02192
-1.109277e-06	-0.023072
-1.107277e-06	-0.024224
-1.105277e-06	-0.023456
-1.103277e-06	-0.023456
-1.101277e-06	-0.023456
-1.099277e-06	-0.025376
-1.097277e-06	-0.022688
-1.095277e-06	-0.022688
-1.093277e-06	-0.02384
-1.091277e-06	-0.022304
-1.089277e-06	-0.02384
-1.087277e-06	-0.023072
-1.085277e-06	-0.020768
-1.083277e-06	-0.02192
-1.081277e-06	-0.022688
-1.079277e-06	-0.020768
-1.077277e-06	-0.021152
-1.075277e-06	-0.025376
-1.073277e-06	-0.022304
-1.071277e-06	-0.019616
-1.069277e-06	-0.022304
-1.067277e-06	-0.02192
-1.065277e-06	-0.02384
-1.063277e-06	-0.022688
-1.061277e-06	-0.022688
-1.059277e-06	-0.022688
-1.057277e-06	-0.024992
-1.055277e-06	-0.022688
-1.053277e-06	-0.02192
-1.051277e-06	-0.025376
-1.049277e-06	-0.022688
-1.047277e-06	-0.022688
-1.045277e-06	-0.02576
-1.043277e-06	-0.023456
-1.041277e-06	-0.024224
-1.039277e-06	-0.024224
-1.037277e-06	-0.023072
-1.035277e-06	-0.026912
-1.033277e-06	-0.024992
-1.031277e-06	-0.02384
-1.029277e-06	-0.023072
-1.027277e-06	-0.024608
-1.025277e-06	-0.027296
-1.023277e-06	-0.021536
-1.021277e-06	-0.02576
-1.019277e-06	-0.02576
-1.017277e-06	-0.02576
-1.015277e-06	-0.022688
-1.013277e-06	-0.025376
-1.011277e-06	-0.022688
-1.009277e-06	-0.023456
-1.007277e-06	-0.023456
-1.005277e-06	-0.024224
-1.003277e-06	-0.024224
-1.001277e-06	-0.024992
-9.992773e-07	-0.022304
-9.972773e-07	-0.024608
-9.952773e-07	-0.024992
-9.932773e-07	-0.024608
-9.912773e-07	-0.02384
-9.892773e-07	-0.022688
-9.872773e-07	-0.023072
-9.852773e-07	-0.023456
-9.832773e-07	-0.02384
-9.812773e-07	-0.021536
-9.792773e-07	-0.024224
-9.772773e-07	-0.022688
-9.752773e-07	-0.020768
-9.732773e-07	-0.022304
-9.712773e-07	-0.023456
-9.692773e-07	-0.022688
-9.672773e-07	-0.021536
-9.652773e-07	-0.020384
-9.632773e-07	-0.023072
-9.612773e-07	-0.020768
-9.592773e-07	-0.022304
-9.572773e-07	-0.019616
-9.552773e-07	-0.023456
-9.532773e-07	-0.023456
-9.512773e-07	-0.023456
-9.492773e-07	-0.020768
-9.472773e-07	-0.022688
-9.452773e-07	-0.022304
-9.432773e-07	-0.021536
-9.412773e-07	-0.022304
-9.392773e-07	-0.024608
-9.372773e-07	-0.024992
-9.352773e-07	-0.023072
-9.332773e-07	-0.024224
-9.312773e-07	-0.025376
-9.292773e-07	-0.021536
-9.272773e-07	-0.022304
-9.252773e-07	-0.022304
-9.232773e-07	-0.023072
-9.212773e-07	-0.02384
-9.192773e-07	-0.024224
-9.172773e-07	-0.024224
-9.152773e-07	-0.022304
-9.132773e-07	-0.02192
-9.112773e-07	-0.022688
-9.092773e-07	-0.021536
-9.072773e-07	-0.021536
-9.052773e-07	-0.022688
-9.032773e-07	-0.022688
-9.012773e-07	-0.02
-8.992773e-07	-0.02384
-8.972773e-07	-0.022304
-8.952773e-07	-0.023072
-8.932773e-07	-0.023456
-8.912773e-07	-0.024224
-8.892773e-07	-0.024224
-8.872773e-07	-0.022688
-8.852773e-07	-0.023456
-8.832773e-07	-0.023072
-8.812773e-07	-0.024992
-8.792773e-07	-0.022688
-8.772773e-07	-0.024608
-8.752773e-07	-0.023456
-8.732773e-07	-0.02576
-8.712773e-07	-0.022688
-8.692773e-07	-0.024224
-8.672773e-07	-0.024992
-8.652773e-07	-0.02576
-8.632773e-07	-0.024608
-8.612773e-07	-0.02384
-8.592773e-07	-0.022688
-8.572773e-07	-0.027296
-8.552773e-07	-0.024992
-8.532773e-07	-0.027296
-8.512773e-07	-0.024224
-8.492773e-07	-0.024992
-8.472773e-07	-0.024992
-8.452773e-07	-0.025376
-8.432773e-07	-0.024224
-8.412773e-07	-0.026144
-8.392773e-07	-0.024608
-8.372773e-07	-0.02768
-8.352773e-07	-0.025376
-8.332773e-07	-0.024992
-8.312773e-07	-0.024224
-8.292773e-07	-0.024992
-8.272773e-07	-0.02576
-8.252773e-07	-0.02768
-8.232773e-07	-0.026528
-8.212773e-07	-0.025376
-8.192773e-07	-0.02576
-8.172773e-07	-0.02768
-8.152773e-07	-0.026144
-8.132773e-07	-0.02576
-8.112773e-07	-0.025376
-8.092773e-07	-0.024608
-8.072773e-07	-0.025376
-8.052773e-07	-0.027296
-8.032773e-07	-0.024992
-8.012773e-07	-0.02768
-7.992773e-07	-0.02576
-7.972773e-07	-0.026528
-7.952773e-07	-0.025376
-7.932773e-07	-0.025376
-7.912773e-07	-0.024224
-7.892773e-07	-0.026912
-7.872773e-07	-0.027296
-7.852773e-07	-0.028448
-7.832773e-07	-0.026144
-7.812773e-07	-0.026528
-7.792773e-07	-0.026144
-7.772773e-07	-0.030368
-7.752773e-07	-0.027296
-7.732773e-07	-0.02576
-7.712773e-07	-0.028448
-7.692773e-07	-0.027296
-7.672773e-07	-0.025376
-7.652773e-07	-0.028832
-7.632773e-07	-0.028832
-7.612773e-07	-0.030368
-7.592773e-07	-0.026912
-7.572773e-07	-0.028448
-7.552773e-07	-0.027296
-7.532773e-07	-0.028448
-7.512773e-07	-0.024992
-7.492773e-07	-0.028064
-7.472773e-07	-0.0296
-7.452773e-07	-0.028448
-7.432773e-07	-0.02576
-7.412773e-07	-0.026528
-7.392773e-07	-0.026528
-7.372773e-07	-0.026912
-7.352773e-07	-0.028832
-7.332773e-07	-0.026144
-7.312773e-07	-0.026912
-7.292773e-07	-0.027296
-7.272773e-07	-0.02192
-7.252773e-07	-0.026912
-7.232773e-07	-0.026144
-7.212773e-07	-0.028064
-7.192773e-07	-0.02576
-7.172773e-07	-0.026912
-7.152773e-07	-0.024992
-7.132773e-07	-0.026528
-7.112773e-07	-0.026144
-7.092773e-07	-0.026528
-7.072773e-07	-0.026144
-7.052773e-07	-0.028448
-7.032773e-07	-0.024224
-7.012773e-07	-0.02768
-6.992773e-07	-0.025376
-6.972773e-07	-0.028064
-6.952773e-07	-0.026144
-6.932773e-07	-0.026144
-6.912773e-07	-0.024608
-6.892773e-07	-0.026528
-6.872773e-07	-0.024608
-6.852773e-07	-0.024608
-6.832773e-07	-0.027296
-6.812773e-07	-0.02576
-6.792773e-07	-0.022688
-6.772773e-07	-0.024224
-6.752773e-07	-0.025376
-6.732773e-07	-0.026144
-6.712773e-07	-0.02384
-6.692773e-07	-0.025376
-6.672773e-07	-0.02384
-6.652773e-07	-0.026912
-6.632773e-07	-0.023072
-6.612773e-07	-0.024608
-6.592773e-07	-0.024992
-6.572773e-07	-0.023072
-6.552773e-07	-0.023072
-6.532773e-07	-0.02384
-6.512773e-07	-0.022688
-6.492773e-07	-0.023072
-6.472773e-07	-0.020768
-6.452773e-07	-0.022304
-6.432773e-07	-0.022304
-6.412773e-07	-0.024608
-6.392773e-07	-0.023072
-6.372773e-07	-0.020768
-6.352773e-07	-0.021536
-6.332773e-07	-0.02192
-6.312773e-07	-0.020384
-6.292773e-07	-0.022304
-6.272773e-07	-0.022688
-6.252773e-07	-0.022688
-6.232773e-07	-0.02192
-6.212773e-07	-0.02384
-6.192773e-07	-0.023072
-6.172773e-07	-0.023456
-6.152773e-07	-0.02384
-6.132773e-07	-0.023456
-6.112773e-07	-0.024224
-6.092773e-07	-0.026528
-6.072773e-07	-0.022688
-6.052773e-07	-0.023456
-6.032773e-07	-0.022688
-6.012773e-07	-0.023072
-5.992773e-07	-0.022688
-5.972773e-07	-0.02192
-5.952773e-07	-0.02384
-5.932773e-07	-0.023072
-5.912773e-07	-0.021152
-5.892773e-07	-0.02384
-5.872773e-07	-0.02192
-5.852773e-07	-0.02384
-5.832773e-07	-0.022688
-5.812773e-07	-0.024608
-5.792773e-07	-0.024608
-5.772773e-07	-0.02384
-5.752773e-07	-0.022304
-5.732773e-07	-0.02384
-5.712773e-07	-0.02384
-5.692773e-07	-0.022688
-5.672773e-07	-0.023072
-5.652773e-07	-0.02192
-5.632773e-07	-0.024608
-5.612773e-07	-0.02384
-5.592773e-07	-0.023072
-5.572773e-07	-0.02384
-5.552773e-07	-0.022688
-5.532773e-07	-0.023456
-5.512773e-07	-0.021536
-5.492773e-07	-0.023072
-5.472773e-07	-0.02192
-5.452773e-07	-0.02384
-5.432773e-07	-0.021536
-5.412773e-07	-0.023456
-5.392773e-07	-0.021536
-5.372773e-07	-0.02192
-5.352773e-07	-0.023072
-5.332773e-07	-0.02384
-5.312773e-07	-0.02192
-5.292773e-07	-0.023456
-5.272773e-07	-0.022688
-5.252773e-07	-0.02384
-5.232773e-07	-0.021536
-5.212773e-07	-0.021152
-5.192773e-07	-0.020768
-5.172773e-07	-0.022304
-5.152773e-07	-0.020768
-5.132773e-07	-0.022304
-5.112773e-07	-0.020384
-5.092773e-07	-0.022688
-5.072773e-07	-0.023072
-5.052773e-07	-0.022304
-5.032773e-07	-0.02
-5.012773e-07	-0.020384
-4.992773e-07	-0.02192
-4.972773e-07	-0.022688
-4.952773e-07	-0.021152
-4.932773e-07	-0.022688
-4.912773e-07	-0.02384
-4.892773e-07	-0.022688
-4.872773e-07	-0.023456
-4.852773e-07	-0.02384
-4.832773e-07	-0.024224
-4.812773e-07	-0.026144
-4.792773e-07	-0.02192
-4.772773e-07	-0.023072
-4.752773e-07	-0.023072
-4.732773e-07	-0.024224
-4.712773e-07	-0.023072
-4.692773e-07	-0.023456
-4.672773e-07	-0.02384
-4.652773e-07	-0.024608
-4.632773e-07	-0.02192
-4.612773e-07	-0.022688
-4.592773e-07	-0.025376
-4.572773e-07	-0.025376
-4.552773e-07	-0.023072
-4.532773e-07	-0.02192
-4.512773e-07	-0.021536
-4.492773e-07	-0.024992
-4.472773e-07	-0.02384
-4.452773e-07	-0.022688
-4.432773e-07	-0.024224
-4.412773e-07	-0.026912
-4.392773e-07	-0.026528
-4.372773e-07	-0.027296
-4.352773e-07	-0.026144
-4.332773e-07	-0.02768
-4.312773e-07	-0.024224
-4.292773e-07	-0.025376
-4.272773e-07	-0.024224
-4.252773e-07	-0.02576
-4.232773e-07	-0.02576
-4.212773e-07	-0.02384
-4.192773e-07	-0.02384
-4.172773e-07	-0.026528
-4.152773e-07	-0.024224
-4.132773e-07	-0.024608
-4.112773e-07	-0.026144
-4.092773e-07	-0.025376
-4.072773e-07	-0.024224
-4.052773e-07	-0.024992
-4.032773e-07	-0.02576
-4.012773e-07	-0.023072
-3.992773e-07	-0.024224
-3.972773e-07	-0.026144
-3.952773e-07	-0.024608
-3.932773e-07	-0.02576
-3.912773e-07	-0.02576
-3.892773e-07	-0.025376
-3.872773e-07	-0.02576
-3.852773e-07	-0.023456
-3.832773e-07	-0.025376
-3.812773e-07	-0.027296
-3.792773e-07	-0.024608
-3.772773e-07	-0.025376
-3.752773e-07	-0.024608
-3.732773e-07	-0.026144
-3.712773e-07	-0.024992
-3.692773e-07	-0.022688
-3.672773e-07	-0.02384
-3.652773e-07	-0.023456
-3.632773e-07	-0.02576
-3.612773e-07	-0.023456
-3.592773e-07	-0.02192
-3.572773e-07	-0.025376
-3.552773e-07	-0.02384
-3.532773e-07	-0.024224
-3.512773e-07	-0.022688
-3.492773e-07	-0.025376
-3.472773e-07	-0.02576
-3.452773e-07	-0.026912
-3.432773e-07	-0.02384
-3.412773e-07	-0.023072
-3.392773e-07	-0.02384
-3.372773e-07	-0.023072
-3.352773e-07	-0.02576
-3.332773e-07	-0.022688
-3.312773e-07	-0.024992
-3.292773e-07	-0.024608
-3.272773e-07	-0.024992
-3.252773e-07	-0.023072
-3.232773e-07	-0.02384
-3.212773e-07	-0.024608
-3.192773e-07	-0.02384
-3.172773e-07	-0.023072
-3.152773e-07	-0.02576
-3.132773e-07	-0.025376
-3.112773e-07	-0.024608
-3.092773e-07	-0.024992
-3.072773e-07	-0.024224
-3.052773e-07	-0.024992
-3.032773e-07	-0.024608
-3.012773e-07	-0.024608
-2.992773e-07	-0.025376
-2.972773e-07	-0.026912
-2.952773e-07	-0.024608
-2.932773e-07	-0.024992
-2.912773e-07	-0.026144
-2.892773e-07	-0.026528
-2.872773e-07	-0.025376
-2.852773e-07	-0.025376
-2.832773e-07	-0.025376
-2.812773e-07	-0.025376
-2.792773e-07	-0.02384
-2.772773e-07	-0.023072
-2.752773e-07	-0.024992
-2.732773e-07	-0.024992
-2.712773e-07	-0.02384
-2.692773e-07	-0.02384
-2.672773e-07	-0.026144
-2.652773e-07	-0.023456
-2.632773e-07	-0.02384
-2.612773e-07	-0.026144
-2.592773e-07	-0.026144
-2.572773e-07	-0.02576
-2.552773e-07	-0.024224
-2.532773e-07	-0.022688
-2.512773e-07	-0.022688
-2.492773e-07	-0.022304
-2.472773e-07	-0.023456
-2.452773e-07	-0.023456
-2.432773e-07	-0.022304
-2.412773e-07	-0.02576
-2.392773e-07	-0.024224
-2.372773e-07	-0.022688
-2.352773e-07	-0.023072
-2.332773e-07	-0.024224
-2.312773e-07	-0.021536
-2.292773e-07	-0.025376
-2.272773e-07	-0.022688
-2.252773e-07	-0.024992
-2.232773e-07	-0.023456
-2.212773e-07	-0.024224
-2.192773e-07	-0.02384
-2.172773e-07	-0.024992
-2.152773e-07	-0.023456
-2.132773e-07	-0.024224
-2.112773e-07	-0.02384
-2.092773e-07	-0.024992
-2.072773e-07	-0.023072
-2.052773e-07	-0.02384
-2.032773e-07	-0.025376
-2.012773e-07	-0.024608
-1.992773e-07	-0.021152
-1.972773e-07	-0.02192
-1.952773e-07	-0.026144
-1.932773e-07	-0.023456
-1.912773e-07	-0.021152
-1.892773e-07	-0.021536
-1.872773e-07	-0.023456
-1.852773e-07	-0.02192
-1.832773e-07	-0.022304
-1.812773e-07	-0.024992
-1.792773e-07	-0.024608
-1.772773e-07	-0.023456
-1.752773e-07	-0.022688
-1.732773e-07	-0.022688
-1.712773e-07	-0.024608
-1.692773e-07	-0.02576
-1.672773e-07	-0.022688
-1.652773e-07	-0.024608
-1.632773e-07	-0.024224
-1.612773e-07	-0.023072
-1.592773e-07	-0.023456
-1.572773e-07	-0.023456
-1.552773e-07	-0.024608
-1.532773e-07	-0.024992
-1.512773e-07	-0.026144
-1.492773e-07	-0.024992
-1.472773e-07	-0.02384
-1.452773e-07	-0.02384
-1.432773e-07	-0.023072
-1.412773e-07	-0.020384
-1.392773e-07	-0.023072
-1.372773e-07	-0.023072
-1.352773e-07	-0.023072
-1.332773e-07	-0.023072
-1.312773e-07	-0.021152
-1.292773e-07	-0.022688
-1.272773e-07	-0.02192
-1.252773e-07	-0.022304
-1.232773e-07	-0.023072
-1.212773e-07	-0.023456
-1.192773e-07	-0.022304
-1.172773e-07	-0.021536
-1.152773e-07	-0.023072
-1.132773e-07	-0.022304
-1.112773e-07	-0.020768
-1.092773e-07	-0.02192
-1.072773e-07	-0.02192
-1.052773e-07	-0.022304
-1.032773e-07	-0.020384
-1.012773e-07	-0.020768
-9.927732e-08	-0.02192
-9.727732e-08	-0.022304
-9.527732e-08	-0.019616
-9.327732e-08	-0.019616
-9.127732e-08	-0.021152
-8.927732e-08	-0.020384
-8.727732e-08	-0.019232
-8.527732e-08	-0.022304
-8.327732e-08	-0.02192
-8.127732e-08	-0.02
-7.927732e-08	-0.021536
-7.727732e-08	-0.020768
-7.527732e-08	-0.022304
-7.327732e-08	-0.019616
-7.127732e-08	-0.018464
-6.927732e-08	-0.018464
-6.727732e-08	-0.020768
-6.527732e-08	-0.020384
-6.327732e-08	-0.02
-6.127732e-08	-0.018464
-5.927732e-08	-0.021536
-5.727732e-08	-0.02192
-5.527732e-08	-0.020768
-5.327732e-08	-0.019232
-5.127732e-08	-0.018464
-4.927732e-08	-0.01808
-4.727732e-08	-0.019232
-4.527732e-08	-0.019232
-4.327732e-08	-0.020768
-4.127732e-08	-0.018848
-3.927732e-08	-0.01808
-3.727732e-08	-0.019616
-3.527732e-08	-0.018464
-3.327732e-08	-0.018464
-3.127732e-08	-0.02
-2.927732e-08	-0.018464
-2.727732e-08	-0.019616
-2.527732e-08	-0.019616
-2.327732e-08	-0.018464
-2.127732e-08	-0.02
-1.927732e-08	-0.019232
-1.727732e-08	-0.018848
-1.527732e-08	-0.020384
-1.327732e-08	-0.02
-1.127732e-08	-0.021536
-9.277319e-09	-0.019232
-7.277319e-09	-0.020384
-5.277319e-09	-0.020768
-3.277319e-09	-0.020384
-1.277319e-09	-0.024224
7.226805e-10	-0.022304
2.722681e-09	-0.023456
4.722681e-09	-0.02192
6.722681e-09	-0.023456
8.722681e-09	-0.023072
1.072268e-08	-0.024992
1.272268e-08	-0.02192
1.472268e-08	-0.022688
1.672268e-08	-0.024224
1.872268e-08	-0.025376
2.072268e-08	-0.023072
2.272268e-08	-0.02192
2.472268e-08	-0.02192
2.672268e-08	-0.024224
2.872268e-08	-0.02384
3.072268e-08	-0.022304
3.272268e-08	-0.023456
3.472268e-08	-0.022304
3.672268e-08	-0.025376
3.872268e-08	-0.024608
4.072268e-08	-0.02384
4.272268e-08	-0.022688
4.472268e-08	-0.02192
4.672268e-08	-0.025376
4.872268e-08	-0.023456
5.072268e-08	-0.021536
5.272268e-08	-0.021536
5.472268e-08	-0.020768
5.672268e-08	-0.022304
5.872268e-08	-0.02384
6.072268e-08	-0.02192
6.272268e-08	-0.020768
6.472268e-08	-0.021536
6.672268e-08	-0.02192
6.872268e-08	-0.021536
7.072268e-08	-0.021536
7.272268e-08	-0.021536
7.472268e-08	-0.02192
7.672268e-08	-0.021536
7.872268e-08	-0.024608
8.072268e-08	-0.02384
8.272268e-08	-0.023456
8.472268e-08	-0.023456
8.672268e-08	-0.024224
8.872268e-08	-0.022304
9.072268e-08	-0.022304
9.272268e-08	-0.023456
9.472268e-08	-0.019232
9.672268e-08	-0.023072
9.872268e-08	-0.02
1.007227e-07	-0.024608
1.027227e-07	-0.02384
1.047227e-07	-0.023072
1.067227e-07	-0.021152
1.087227e-07	-0.022304
1.107227e-07	-0.022688
1.127227e-07	-0.020384
1.147227e-07	-0.02192
1.167227e-07	-0.023072
1.187227e-07	-0.023072
1.207227e-07	-0.022304
1.227227e-07	-0.022304
1.247227e-07	-0.023456
1.267227e-07	-0.022688
1.287227e-07	-0.021152
1.307227e-07	-0.019232
1.327227e-07	-0.009632
1.347227e-07	0.004192
1.367227e-07	0.027232
1.387227e-07	0.073312
1.407227e-07	0.13168
1.427227e-07	0.195424
1.447227e-07	0.263392
1.467227e-07	0.330976
1.487227e-07	0.400864
1.507227e-07	0.462304
1.527227e-07	0.52336
1.547227e-07	0.58096
1.567227e-07	0.63472
1.587227e-07	0.680416
1.607227e-07	0.729952
1.627227e-07	0.76528
1.647227e-07	0.79984
1.667227e-07	0.82864
1.687227e-07	0.859744
1.707227e-07	0.879328
1.727227e-07	0.901984
1.747227e-07	0.915424
1.767227e-07	0.932704
1.787227e-07	0.937696
1.807227e-07	0.946528
1.827227e-07	0.950368
1.847227e-07	0.956128
1.867227e-07	0.954592
1.887227e-07	0.95536
1.907227e-07	0.950752
1.927227e-07	0.947296
1.947227e-07	0.940768
1.967227e-07	0.934624
1.987227e-07	0.925792
2.007227e-07	0.918112
2.027227e-07	0.906592
2.047227e-07	0.896608
2.067227e-07	0.88432
2.087227e-07	0.87472
2.107227e-07	0.860896
2.127227e-07	0.848608
2.147227e-07	0.833632
2.167227e-07	0.81904
2.187227e-07	0.805984
2.207227e-07	0.793312
2.227227e-07	0.78064
2.247227e-07	0.764896
2.267227e-07	0.74992
2.287227e-07	0.734176
2.307227e-07	0.720352
2.327227e-07	0.708064
2.347227e-07	0.6904
2.367227e-07	0.67888
2.387227e-07	0.664288
2.407227e-07	0.647776
2.427227e-07	0.633568
2.447227e-07	0.622048
2.467227e-07	0.60592
2.487227e-07	0.591712
2.507227e-07	0.578272
2.527227e-07	0.569056
2.547227e-07	0.552928
2.567227e-07	0.539104
2.587227e-07	0.525664
2.607227e-07	0.516064
2.627227e-07	0.501856
2.647227e-07	0.491104
2.667227e-07	0.477664
2.687227e-07	0.468448
2.707227e-07	0.453088
2.727227e-07	0.443104
2.747227e-07	0.4312
2.767227e-07	0.421216
2.787227e-07	0.410464
2.807227e-07	0.398944
2.827227e-07	0.387808
2.847227e-07	0.377824
2.867227e-07	0.369376
2.887227e-07	0.358624
2.907227e-07	0.349024
2.927227e-07	0.34288
2.947227e-07	0.332896
2.967227e-07	0.32176
2.987227e-07	0.314464
3.007227e-07	0.30832
3.027227e-07	0.299104
3.047227e-07	0.291424
3.067227e-07	0.282208
3.087227e-07	0.27568
3.107227e-07	0.267232
3.127227e-07	0.262624
3.147227e-07	0.254176
3.167227e-07	0.251488
3.187227e-07	0.24112
3.207227e-07	0.234592
3.227227e-07	0.226912
3.247227e-07	0.22192
3.267227e-07	0.215776
3.287227e-07	0.209248
3.307227e-07	0.206944
3.327227e-07	0.199264
3.347227e-07	0.191968
3.367227e-07	0.18736
3.387227e-07	0.182368
3.407227e-07	0.180064
3.427227e-07	0.172384
3.447227e-07	0.169696
3.467227e-07	0.165472
3.487227e-07	0.163168
3.507227e-07	0.157792
3.527227e-07	0.153568
3.547227e-07	0.150112
3.567227e-07	0.145504
3.587227e-07	0.140128
3.607227e-07	0.138208
3.627227e-07	0.132832
3.647227e-07	0.128992
3.667227e-07	0.125152
3.687227e-07	0.123616
3.707227e-07	0.120928
3.727227e-07	0.115552
3.747227e-07	0.114016
3.767227e-07	0.111712
3.787227e-07	0.109408
3.807227e-07	0.103648
3.827227e-07	0.10288
3.847227e-07	0.098272
3.867227e-07	0.096352
3.887227e-07	0.094048
3.907227e-07	0.090592
3.927227e-07	0.089056
3.947227e-07	0.087136
3.967227e-07	0.084448
3.987227e-07	0.080224
4.007227e-07	0.077152
4.027227e-07	0.076768
4.047227e-07	0.07408
4.067227e-07	0.073696
4.087227e-07	0.07024
4.107227e-07	0.067552
4.127227e-07	0.065632
4.147227e-07	0.065248
4.167227e-07	0.061792
4.187227e-07	0.05872
4.207227e-07	0.058336
4.227227e-07	0.056032
4.247227e-07	0.052576
4.267227e-07	0.052576
4.287227e-07	0.048736
4.307227e-07	0.0472
4.327227e-07	0.047968
4.347227e-07	0.04528
4.367227e-07	0.044128
4.387227e-07	0.041824
4.407227e-07	0.042208
4.427227e-07	0.041056
4.447227e-07	0.039136
4.467227e-07	0.038752
4.487227e-07	0.038368
4.507227e-07	0.036832
4.527227e-07	0.034144
4.547227e-07	0.034912
4.567227e-07	0.03376
4.587227e-07	0.03184
4.607227e-07	0.031456
4.627227e-07	0.028384
4.647227e-07	0.027232
4.667227e-07	0.026464
4.687227e-07	0.023776
4.707227e-07	0.023392
4.727227e-07	0.022624
4.747227e-07	0.023008
4.767227e-07	0.02224
4.787227e-07	0.019936
4.807227e-07	0.018784
4.827227e-07	0.018784
4.847227e-07	0.017632
4.867227e-07	0.014944
4.887227e-07	0.01648
4.907227e-07	0.016096
4.927227e-07	0.014176
4.947227e-07	0.01264
4.967227e-07	0.011872
4.987227e-07	0.01072
5.007227e-07	0.007264
5.027227e-07	0.006112
5.047227e-07	0.009184
5.067227e-07	0.011488
5.087227e-07	0.00688
5.107227e-07	0.004576
5.127227e-07	0.00688
5.147227e-07	0.004192
5.167227e-07	0.004192
5.187227e-07	0.00304
5.207227e-07	0.000352
5.227227e-07	0.002272
5.247227e-07	0.003808
5.267227e-07	0.001504
5.287227e-07	-0.001184
5.307227e-07	-0.000416
5.327227e-07	0.000352
5.347227e-07	-0.002336
5.367227e-07	-0.001952
5.387227e-07	0.000352
5.407227e-07	-0.001952
5.427227e-07	-0.001952
5.447227e-07	-0.003488
5.467227e-07	-0.006944
5.487227e-07	-0.005792
5.507227e-07	-0.004256
5.527227e-07	-0.005408
5.547227e-07	-0.007328
5.567227e-07	-0.006944
5.587227e-07	-0.006944
5.607227e-07	-0.008096
5.627227e-07	-0.006944
5.647227e-07	-0.00848
5.667227e-07	-0.010784
5.687227e-07	-0.00848
5.707227e-07	-0.00848
5.727227e-07	-0.009248
5.747227e-07	-0.010016
5.767227e-07	-0.011168
5.787227e-07	-0.011168
5.807227e-07	-0.008864
5.827227e-07	-0.010016
5.847227e-07	-0.010784
5.867227e-07	-0.011168
5.887227e-07	-0.009632
5.907227e-07	-0.011552
5.927227e-07	-0.0104
5.947227e-07	-0.009248
5.967227e-07	-0.009248
5.987227e-07	-0.011552
6.007227e-07	-0.01232
6.027227e-07	-0.013472
6.047227e-07	-0.0104
6.067227e-07	-0.011936
6.087227e-07	-0.009632
6.107227e-07	-0.011168
6.127227e-07	-0.01232
6.147227e-07	-0.012704
6.167227e-07	-0.011552
6.187227e-07	-0.01424
6.207227e-07	-0.01424
6.227227e-07	-0.016544
6.247227e-07	-0.012704
6.267227e-07	-0.01424
6.287227e-07	-0.01424
6.307227e-07	-0.013856
6.327227e-07	-0.015392
6.347227e-07	-0.017312
6.367227e-07	-0.013472
6.387227e-07	-0.015392
6.407227e-07	-0.01616
6.427227e-07	-0.017696
6.447227e-07	-0.017696
6.467227e-07	-0.016544
6.487227e-07	-0.016544
6.507227e-07	-0.017312
6.527227e-07	-0.015008
6.547227e-07	-0.015776
6.567227e-07	-0.01616
6.587227e-07	-0.013472
6.607227e-07	-0.015776
6.627227e-07	-0.01616
6.647227e-07	-0.016928
6.667227e-07	-0.016928
6.687227e-07	-0.020768
6.707227e-07	-0.018464
6.727227e-07	-0.017696
6.747227e-07	-0.019232
6.767227e-07	-0.017312
6.787227e-07	-0.01808
6.807227e-07	-0.018848
6.827227e-07	-0.016928
6.847227e-07	-0.018848
6.867227e-07	-0.018848
6.887227e-07	-0.018848
6.907227e-07	-0.019232
6.927227e-07	-0.018848
6.947227e-07	-0.020384
6.967227e-07	-0.020384
6.987227e-07	-0.018848
7.007227e-07	-0.016928
7.027227e-07	-0.015392
7.047227e-07	-0.02
7.067227e-07	-0.01808
7.087227e-07	-0.01808
7.107227e-07	-0.017696
7.127227e-07	-0.015008
7.147227e-07	-0.019232
7.167227e-07	-0.016928
7.187227e-07	-0.01808
7.207227e-07	-0.01808
7.227227e-07	-0.016544
7.247227e-07	-0.015008
7.267227e-07	-0.017312
7.287227e-07	-0.02
7.307227e-07	-0.019616
7.327227e-07	-0.017696
7.347227e-07	-0.02
7.367227e-07	-0.019616
7.387227e-07	-0.019232
7.407227e-07	-0.020768
7.427227e-07	-0.02
7.447227e-07	-0.020768
7.467227e-07	-0.021152
7.487227e-07	-0.019232
7.507227e-07	-0.01808
7.527227e-07	-0.01808
7.547227e-07	-0.019616
7.567227e-07	-0.02
7.587227e-07	-0.02
7.607227e-07	-0.02
7.627227e-07	-0.02
7.647227e-07	-0.02
7.667227e-07	-0.019616
7.687227e-07	-0.017696
7.707227e-07	-0.021152
7.727227e-07	-0.02192
7.747227e-07	-0.023456
7.767227e-07	-0.021152
7.787227e-07	-0.023072
7.807227e-07	-0.021152
7.827227e-07	-0.02384
7.847227e-07	-0.022688
7.867227e-07	-0.023072
7.887227e-07	-0.022304
7.907227e-07	-0.022688
7.927227e-07	-0.021152
7.947227e-07	-0.023456
7.967227e-07	-0.02192
7.987227e-07	-0.023456
8.007227e-07	-0.024608
8.027227e-07	-0.023456
8.047227e-07	-0.024224
8.067227e-07	-0.024224
8.087227e-07	-0.02384
8.107227e-07	-0.02384
8.127227e-07	-0.024608
8.147227e-07	-0.023456
8.167227e-07	-0.022304
8.187227e-07	-0.021152
8.207227e-07	-0.022304
8.227227e-07	-0.023072
8.247227e-07	-0.023456
8.267227e-07	-0.021536
8.287227e-07	-0.022688
8.307227e-07	-0.021536
8.327227e-07	-0.023072
8.347227e-07	-0.02384
8.367227e-07	-0.024224
8.387227e-07	-0.022304
8.407227e-07	-0.022304
8.427227e-07	-0.022304
8.447227e-07	-0.022688
8.467227e-07	-0.022688
8.487227e-07	-0.020768
8.507227e-07	-0.023072
8.527227e-07	-0.024224
8.547227e-07	-0.021536
8.567227e-07	-0.019616
8.587227e-07	-0.022304
8.607227e-07	-0.025376
8.627227e-07	-0.024608
8.647227e-07	-0.024224
8.667227e-07	-0.02192
8.687227e-07	-0.02192
8.707227e-07	-0.024608
8.727227e-07	-0.02192
8.747227e-07	-0.020768
8.767227e-07	-0.023072
8.787227e-07	-0.023072
8.807227e-07	-0.022688
8.827227e-07	-0.020768
8.847227e-07	-0.021152
8.867227e-07	-0.020768
8.887227e-07	-0.022688
8.907227e-07	-0.024224
8.927227e-07	-0.023456
8.947227e-07	-0.02384
8.967227e-07	-0.024224
8.987227e-07	-0.023072
9.007227e-07	-0.024224
9.027227e-07	-0.024992
9.047227e-07	-0.02384
9.067227e-07	-0.024224
9.087227e-07	-0.025376
9.107227e-07	-0.024992
9.127227e-07	-0.023072
9.147227e-07	-0.02
9.167227e-07	-0.023456
9.187227e-07	-0.022688
9.207227e-07	-0.022688
9.227227e-07	-0.02384
9.247227e-07	-0.024224
9.267227e-07	-0.024608
9.287227e-07	-0.02576
9.307227e-07	-0.023456
9.327227e-07	-0.023456
9.347227e-07	-0.024608
9.367227e-07	-0.02384
9.387227e-07	-0.02384
9.407227e-07	-0.025376
9.427227e-07	-0.02384
9.447227e-07	-0.023072
9.467227e-07	-0.022688
9.487227e-07	-0.022688
9.507227e-07	-0.023072
9.527227e-07	-0.023456
9.547227e-07	-0.022304
9.567227e-07	-0.023456
9.587227e-07	-0.021152
9.607227e-07	-0.022304
9.627227e-07	-0.022304
9.647227e-07	-0.021536
9.667227e-07	-0.023456
9.687227e-07	-0.021536
9.707227e-07	-0.022688
9.727227e-07	-0.024608
9.747227e-07	-0.023456
9.767227e-07	-0.022304
9.787227e-07	-0.024224
9.807227e-07	-0.023456
9.827227e-07	-0.023456
9.847227e-07	-0.023456
9.867227e-07	-0.022688
9.887227e-07	-0.024992
9.907227e-07	-0.024224
9.927227e-07	-0.023456
9.947227e-07	-0.02384
9.967227e-07	-0.02384
9.987227e-07	-0.025376
1.000723e-06	-0.023072
1.002723e-06	-0.026144
1.004723e-06	-0.02192
1.006723e-06	-0.021536
1.008723e-06	-0.021152
1.010723e-06	-0.02384
1.012723e-06	-0.025376
1.014723e-06	-0.02192
1.016723e-06	-0.024608
1.018723e-06	-0.024992
1.020723e-06	-0.024992
1.022723e-06	-0.02384
1.024723e-06	-0.022688
1.026723e-06	-0.021536
1.028723e-06	-0.023456
1.030723e-06	-0.021536
1.032723e-06	-0.020768
1.034723e-06	-0.022304
1.036723e-06	-0.022688
1.038723e-06	-0.02192
1.040723e-06	-0.021152
1.042723e-06	-0.023456
1.044723e-06	-0.02192
1.046723e-06	-0.024608
1.048723e-06	-0.023456
1.050723e-06	-0.023456
1.052723e-06	-0.023456
1.054723e-06	-0.022688
1.056723e-06	-0.022688
1.058723e-06	-0.022688
1.060723e-06	-0.02384
1.062723e-06	-0.02384
1.064723e-06	-0.022304
1.066723e-06	-0.02384
1.068723e-06	-0.02576
1.070723e-06	-0.025376
1.072723e-06	-0.024608
1.074723e-06	-0.024224
1.076723e-06	-0.023456
1.078723e-06	-0.024224
1.080723e-06	-0.026144
1.082723e-06	-0.02384
1.084723e-06	-0.022688
1.086723e-06	-0.022304
1.088723e-06	-0.023456
1.090723e-06	-0.023072
1.092723e-06	-0.02384
1.094723e-06	-0.022688
1.096723e-06	-0.021536
1.098723e-06	-0.022688
1.100723e-06	-0.02192
1.102723e-06	-0.020384
1.104723e-06	-0.020768
1.106723e-06	-0.021536
1.108723e-06	-0.024608
1.110723e-06	-0.02192
1.112723e-06	-0.023456
1.114723e-06	-0.023456
1.116723e-06	-0.024992
1.118723e-06	-0.02384
1.120723e-06	-0.023456
1.122723e-06	-0.023456
1.124723e-06	-0.022304
1.126723e-06	-0.02384
1.128723e-06	-0.023456
1.130723e-06	-0.018848
1.132723e-06	-0.022304
1.134723e-06	-0.021536
1.136723e-06	-0.022304
1.138723e-06	-0.020384
1.140723e-06	-0.02384
1.142723e-06	-0.020384
1.144723e-06	-0.02192
1.146723e-06	-0.02192
1.148723e-06	-0.020768
1.150723e-06	-0.02
1.152723e-06	-0.020768
1.154723e-06	-0.02192
1.156723e-06	-0.021536
1.158723e-06	-0.023456
1.160723e-06	-0.020768
1.162723e-06	-0.019232
1.164723e-06	-0.02192
1.166723e-06	-0.023072
1.168723e-06	-0.02192
1.170723e-06	-0.023072
1.172723e-06	-0.02192
1.174723e-06	-0.021536
1.176723e-06	-0.020768
1.178723e-06	-0.02192
1.180723e-06	-0.023456
1.182723e-06	-0.02
1.184723e-06	-0.02
1.186723e-06	-0.021536
1.188723e-06	-0.02192
1.190723e-06	-0.022688
1.192723e-06	-0.022304
1.194723e-06	-0.024992
1.196723e-06	-0.022304
1.198723e-06	-0.022304
1.200723e-06	-0.024224
1.202723e-06	-0.023072
1.204723e-06	-0.023072
1.206723e-06	-0.021536
1.208723e-06	-0.021536
1.210723e-06	-0.022688
1.212723e-06	-0.023072
1.214723e-06	-0.023072
1.216723e-06	-0.025376
1.218723e-06	-0.020384
1.220723e-06	-0.024608
1.222723e-06	-0.024608
1.224723e-06	-0.022304
1.226723e-06	-0.026528
1.228723e-06	-0.023072
1.230723e-06	-0.024224
1.232723e-06	-0.02384
1.234723e-06	-0.024608
1.236723e-06	-0.02384
1.238723e-06	-0.02384
1.240723e-06	-0.02384
1.242723e-06	-0.025376
1.244723e-06	-0.026144
1.246723e-06	-0.024992
1.248723e-06	-0.02384
1.250723e-06	-0.023072
1.252723e-06	-0.022304
1.254723e-06	-0.021536
1.256723e-06	-0.02384
1.258723e-06	-0.025376
1.260723e-06	-0.02576
1.262723e-06	-0.023456
1.264723e-06	-0.024224
1.266723e-06	-0.023456
1.268723e-06	-0.024608
1.270723e-06	-0.024608
1.272723e-06	-0.022688
1.274723e-06	-0.023456
1.276723e-06	-0.024992
1.278723e-06	-0.024608
1.280723e-06	-0.024224
1.282723e-06	-0.024224
1.284723e-06	-0.024992
1.286723e-06	-0.025376
1.288723e-06	-0.026144
1.290723e-06	-0.024224
1.292723e-06	-0.024608
1.294723e-06	-0.022688
1.296723e-06	-0.025376
1.298723e-06	-0.024224
1.300723e-06	-0.02576
1.302723e-06	-0.024608
1.304723e-06	-0.026528
1.306723e-06	-0.024224
1.308723e-06	-0.027296
1.310723e-06	-0.026144
1.312723e-06	-0.026144
1.314723e-06	-0.024224
1.316723e-06	-0.025376
1.318723e-06	-0.02384
1.320723e-06	-0.025376
1.322723e-06	-0.02576
1.324723e-06	-0.026528
1.326723e-06	-0.026144
1.328723e-06	-0.026912
1.330723e-06	-0.024608
1.332723e-06	-0.024224
1.334723e-06	-0.024992
1.336723e-06	-0.022688
1.338723e-06	-0.023456
1.340723e-06	-0.025376
1.342723e-06	-0.022688
1.344723e-06	-0.02192
1.346723e-06	-0.021536
1.348723e-06	-0.023456
1.350723e-06	-0.022304
1.352723e-06	-0.022688
1.354723e-06	-0.021536
1.356723e-06	-0.022688
1.358723e-06	-0.022688
1.360723e-06	-0.021536
1.362723e-06	-0.02
1.364723e-06	-0.02192
1.366723e-06	-0.02
1.368723e-06	-0.021536
1.370723e-06	-0.019616
1.372723e-06	-0.020768
1.374723e-06	-0.020384
1.376723e-06	-0.020768
1.378723e-06	-0.022304
1.380723e-06	-0.021152
1.382723e-06	-0.019616
1.384723e-06	-0.023072
1.386723e-06	-0.021536
1.388723e-06	-0.021536
1.390723e-06	-0.021536
1.392723e-06	-0.018848
1.394723e-06	-0.023456
1.396723e-06	-0.021536
1.398723e-06	-0.020768
1.400723e-06	-0.019616
1.402723e-06	-0.018464
1.404723e-06	-0.018464
1.406723e-06	-0.019232
1.408723e-06	-0.02
1.410723e-06	-0.022688
1.412723e-06	-0.020768
1.414723e-06	-0.02
1.416723e-06	-0.02
1.418723e-06	-0.023072
1.420723e-06	-0.022304
1.422723e-06	-0.02192
1.424723e-06	-0.019232
1.426723e-06	-0.023072
1.428723e-06	-0.022304
1.430723e-06	-0.019232
1.432723e-06	-0.021152
1.434723e-06	-0.021536
1.436723e-06	-0.022688
1.438723e-06	-0.020768
1.440723e-06	-0.020768
1.442723e-06	-0.02192
1.444723e-06	-0.021536
1.446723e-06	-0.021536
1.448723e-06	-0.022304
1.450723e-06	-0.02192
1.452723e-06	-0.021152
1.454723e-06	-0.02192
1.456723e-06	-0.019616
1.458723e-06	-0.022688
1.460723e-06	-0.02192
1.462723e-06	-0.024992
1.464723e-06	-0.02576
1.466723e-06	-0.02384
1.468723e-06	-0.022688
1.470723e-06	-0.022688
1.472723e-06	-0.020384
1.474723e-06	-0.019616
1.476723e-06	-0.021536
1.478723e-06	-0.022304
1.480723e-06	-0.02192
1.482723e-06	-0.020384
1.484723e-06	-0.022304
1.486723e-06	-0.020384
1.488723e-06	-0.02
1.490723e-06	-0.019616
1.492723e-06	-0.019616
1.494723e-06	-0.02192
1.496723e-06	-0.02
1.498723e-06	-0.018848
1.500723e-06	-0.020768
1.502723e-06	-0.019616
1.504723e-06	-0.020768
1.506723e-06	-0.020384
1.508723e-06	-0.019232
1.510723e-06	-0.021152
1.512723e-06	-0.019616
1.514723e-06	-0.020384
1.516723e-06	-0.021536
1.518723e-06	-0.02
1.520723e-06	-0.019616
1.522723e-06	-0.017696
1.524723e-06	-0.02192
1.526723e-06	-0.019616
1.528723e-06	-0.02
1.530723e-06	-0.017696
1.532723e-06	-0.019232
1.534723e-06	-0.020384
1.536723e-06	-0.021536
1.538723e-06	-0.02192
1.540723e-06	-0.020384
1.542723e-06	-0.021536
1.544723e-06	-0.02192
1.546723e-06	-0.019616
1.548723e-06	-0.024608
1.550723e-06	-0.02576
1.552723e-06	-0.02192
1.554723e-06	-0.020768
1.556723e-06	-0.022688
1.558723e-06	-0.020384
1.560723e-06	-0.024992
1.562723e-06	-0.023072
1.564723e-06	-0.022304
1.566723e-06	-0.02
1.568723e-06	-0.02192
1.570723e-06	-0.021536
1.572723e-06	-0.022688
1.574723e-06	-0.021536
1.576723e-06	-0.022304
1.578723e-06	-0.02192
1.580723e-06	-0.021536
1.582723e-06	-0.020768
1.584723e-06	-0.021152
1.586723e-06	-0.022688
1.588723e-06	-0.020768
1.590723e-06	-0.018848
1.592723e-06	-0.021152
1.594723e-06	-0.020768
1.596723e-06	-0.02576
1.598723e-06	-0.02384
1.600723e-06	-0.022688
1.602723e-06	-0.023072
1.604723e-06	-0.024992
1.606723e-06	-0.02576
1.608723e-06	-0.025376
1.610723e-06	-0.022688
1.612723e-06	-0.024608
1.614723e-06	-0.02192
1.616723e-06	-0.022304
1.618723e-06	-0.025376
1.620723e-06	-0.022304
1.622723e-06	-0.02192
1.624723e-06	-0.022304
1.626723e-06	-0.024992
1.628723e-06	-0.024608
1.630723e-06	-0.021536
1.632723e-06	-0.021152
1.634723e-06	-0.020384
1.636723e-06	-0.023456
1.638723e-06	-0.02192
1.640723e-06	-0.022688
1.642723e-06	-0.023456
1.644723e-06	-0.024608
1.646723e-06	-0.022688
1.648723e-06	-0.02192
1.650723e-06	-0.022688
1.652723e-06	-0.022688
1.654723e-06	-0.024224
1.656723e-06	-0.02384
1.658723e-06	-0.020768
1.660723e-06	-0.024608
1.662723e-06	-0.023072
1.664723e-06	-0.023072
1.666723e-06	-0.021536
1.668723e-06	-0.022304
1.670723e-06	-0.022304
1.672723e-06	-0.02384
1.674723e-06	-0.022688
1.676723e-06	-0.024224
1.678723e-06	-0.026144
1.680723e-06	-0.022688
1.682723e-06	-0.025376
1.684723e-06	-0.024608
1.686723e-06	-0.024608
1.688723e-06	-0.02384
1.690723e-06	-0.023072
1.692723e-06	-0.02384
1.694723e-06	-0.02576
1.696723e-06	-0.022688
1.698723e-06	-0.021536
1.700723e-06	-0.023456
1.702723e-06	-0.024608
1.704723e-06	-0.02384
1.706723e-06	-0.02384
1.708723e-06	-0.025376
1.710723e-06	-0.02384
1.712723e-06	-0.024992
1.714723e-06	-0.024608
1.716723e-06	-0.025376
1.718723e-06	-0.024992
1.720723e-06	-0.024608
1.722723e-06	-0.024608
1.724723e-06	-0.024224
1.726723e-06	-0.026912
1.728723e-06	-0.026528
1.730723e-06	-0.02576
1.732723e-06	-0.025376
1.734723e-06	-0.024608
1.736723e-06	-0.023072
1.738723e-06	-0.023456
1.740723e-06	-0.024992
1.742723e-06	-0.024608
1.744723e-06	-0.024224
1.746723e-06	-0.024224
1.748723e-06	-0.024992
1.750723e-06	-0.02384
1.752723e-06	-0.024992
1.754723e-06	-0.025376
1.756723e-06	-0.024224
1.758723e-06	-0.024224
1.760723e-06	-0.024992
1.762723e-06	-0.02576
1.764723e-06	-0.02384
1.766723e-06	-0.024608
1.768723e-06	-0.023072
1.770723e-06	-0.023456
1.772723e-06	-0.02384
1.774723e-06	-0.02192
1.776723e-06	-0.023072
1.778723e-06	-0.021152
1.780723e-06	-0.022304
1.782723e-06	-0.023456
1.784723e-06	-0.022304
1.786723e-06	-0.021536
1.788723e-06	-0.024224
1.790723e-06	-0.025376
1.792723e-06	-0.021152
1.794723e-06	-0.024224
1.796723e-06	-0.022304
1.798723e-06	-0.022688
1.800723e-06	-0.02384
1.802723e-06	-0.024608
1.804723e-06	-0.022688
1.806723e-06	-0.023456
1.808723e-06	-0.022688
1.810723e-06	-0.024992
1.812723e-06	-0.025376
1.814723e-06	-0.024992
1.816723e-06	-0.023072
1.818723e-06	-0.023456
1.820723e-06	-0.023072
1.822723e-06	-0.02
1.824723e-06	-0.024224
1.826723e-06	-0.02384
1.828723e-06	-0.022304
1.830723e-06	-0.024224
1.832723e-06	-0.022304
1.834723e-06	-0.02384
1.836723e-06	-0.024224
1.838723e-06	-0.023456
1.840723e-06	-0.02
1.842723e-06	-0.023072
1.844723e-06	-0.024608
1.846723e-06	-0.023456
1.848723e-06	-0.021152
1.850723e-06	-0.023072
1.852723e-06	-0.024992
1.854723e-06	-0.024224
1.856723e-06	-0.023456
1.858723e-06	-0.025376
1.860723e-06	-0.024992
1.862723e-06	-0.022688
1.864723e-06	-0.022688
1.866723e-06	-0.022304
1.868723e-06	-0.024992
1.870723e-06	-0.02192
1.872723e-06	-0.021152
1.874723e-06	-0.022304
1.876723e-06	-0.02192
1.878723e-06	-0.026144
1.880723e-06	-0.022688
1.882723e-06	-0.020384
1.884723e-06	-0.023072
1.886723e-06	-0.023456
1.888723e-06	-0.022304
1.890723e-06	-0.02192
1.892723e-06	-0.022304
1.894723e-06	-0.022688
1.896723e-06	-0.024608
1.898723e-06	-0.023456
1.900723e-06	-0.023456
1.902723e-06	-0.021152
1.904723e-06	-0.024608
1.906723e-06	-0.024992
1.908723e-06	-0.025376
1.910723e-06	-0.02384
1.912723e-06	-0.021152
1.914723e-06	-0.024224
1.916723e-06	-0.024224
1.918723e-06	-0.02384
1.920723e-06	-0.023072
1.922723e-06	-0.025376
1.924723e-06	-0.02576
1.926723e-06	-0.024992
1.928723e-06	-0.02384
1.930723e-06	-0.02384
1.932723e-06	-0.024992
1.934723e-06	-0.026144
1.936723e-06	-0.025376
1.938723e-06	-0.024992
1.940723e-06	-0.025376
1.942723e-06	-0.02576
1.944723e-06	-0.026528
1.946723e-06	-0.024992
1.948723e-06	-0.025376
1.950723e-06	-0.024992
1.952723e-06	-0.02384
1.954723e-06	-0.025376
1.956723e-06	-0.024224
1.958723e-06	-0.025376
1.960723e-06	-0.022688
1.962723e-06	-0.02384
1.964723e-06	-0.025376
1.966723e-06	-0.026528
1.968723e-06	-0.023456
1.970723e-06	-0.026912
1.972723e-06	-0.024224
1.974723e-06	-0.023072
1.976723e-06	-0.02384
1.978723e-06	-0.026144
1.980723e-06	-0.02576
1.982723e-06	-0.024992
1.984723e-06	-0.02384
1.986723e-06	-0.02384
1.988723e-06	-0.026912
1.990723e-06	-0.022688
1.992723e-06	-0.02384
1.994723e-06	-0.022688
1.996723e-06	-0.02576
1.998723e-06	-0.024608
2.000723e-06	-0.02384
2.002723e-06	-0.027296
2.004723e-06	-0.026144
2.006723e-06	-0.02576
2.008723e-06	-0.025376
2.010723e-06	-0.02384
2.012723e-06	-0.026912
2.014723e-06	-0.02768
2.016723e-06	-0.02576
2.018723e-06	-0.025376
2.020723e-06	-0.024992
2.022723e-06	-0.022688
2.024723e-06	-0.022688
2.026723e-06	-0.026912
2.028723e-06	-0.028832
2.030723e-06	-0.025376
2.032723e-06	-0.02384
2.034723e-06	-0.023456
2.036723e-06	-0.025376
2.038723e-06	-0.027296
2.040723e-06	-0.025376
2.042723e-06	-0.024224
2.044723e-06	-0.023456
2.046723e-06	-0.024992
2.048723e-06	-0.024608
2.050723e-06	-0.025376
2.052723e-06	-0.024224
2.054723e-06	-0.024992
2.056723e-06	-0.02192
2.058723e-06	-0.02384
2.060723e-06	-0.023456
2.062723e-06	-0.024608
2.064723e-06	-0.026528
2.066723e-06	-0.026912
2.068723e-06	-0.02384
2.070723e-06	-0.023072
2.072723e-06	-0.024608
2.074723e-06	-0.025376
2.076723e-06	-0.025376
2.078723e-06	-0.02384
2.080723e-06	-0.022304
2.082723e-06	-0.023072
2.084723e-06	-0.022688
2.086723e-06	-0.02384
2.088723e-06	-0.020384
2.090723e-06	-0.021536
2.092723e-06	-0.025376
2.094723e-06	-0.022688
2.096723e-06	-0.022688
2.098723e-06	-0.02384
2.100723e-06	-0.024608
2.102723e-06	-0.022304
2.104723e-06	-0.022304
2.106723e-06	-0.025376
2.108723e-06	-0.023072
2.110723e-06	-0.022688
2.112723e-06	-0.022688
2.114723e-06	-0.021536
2.116723e-06	-0.022304
2.118723e-06	-0.027296
2.120723e-06	-0.022304
2.122723e-06	-0.024608
2.124723e-06	-0.024992
2.126723e-06	-0.02576
2.128723e-06	-0.024224
2.130723e-06	-0.026144
2.132723e-06	-0.025376
2.134723e-06	-0.026912
2.136723e-06	-0.023456
2.138723e-06	-0.02384
2.140723e-06	-0.02576
2.142723e-06	-0.024608
2.144723e-06	-0.025376
2.146723e-06	-0.02384
2.148723e-06	-0.024608
2.150723e-06	-0.024608
2.152723e-06	-0.026528
2.154723e-06	-0.025376
2.156723e-06	-0.02576
2.158723e-06	-0.024992
2.160723e-06	-0.023456
2.162723e-06	-0.024608
2.164723e-06	-0.02768
2.166723e-06	-0.026912
2.168723e-06	-0.024992
2.170723e-06	-0.023456
2.172723e-06	-0.024608
2.174723e-06	-0.024992
2.176723e-06	-0.026144
2.178723e-06	-0.024224
2.180723e-06	-0.02384
2.182723e-06	-0.026144
2.184723e-06	-0.024608
2.186723e-06	-0.024608
2.188723e-06	-0.02576
2.190723e-06	-0.024608
2.192723e-06	-0.022304
2.194723e-06	-0.02192
2.196723e-06	-0.023456
2.198723e-06	-0.02384
2.200723e-06	-0.02384
2.202723e-06	-0.023072
2.204723e-06	-0.025376
2.206723e-06	-0.023072
2.208723e-06	-0.022688
2.210723e-06	-0.023456
2.212723e-06	-0.024224
2.214723e-06	-0.022304
2.216723e-06	-0.022688
2.218723e-06	-0.020768
2.220723e-06	-0.022688
2.222723e-06	-0.024608
2.224723e-06	-0.021536
2.226723e-06	-0.021152
2.228723e-06	-0.024224
2.230723e-06	-0.02192
2.232723e-06	-0.022688
2.234723e-06	-0.02192
2.236723e-06	-0.020768
2.238723e-06	-0.021152
2.240723e-06	-0.024608
2.242723e-06	-0.02384
2.244723e-06	-0.024224
2.246723e-06	-0.020768
2.248723e-06	-0.022304
2.250723e-06	-0.021536
2.252723e-06	-0.022688
2.254723e-06	-0.022304
2.256723e-06	-0.022688
2.258723e-06	-0.020768
2.260723e-06	-0.024608
2.262723e-06	-0.023456
2.264723e-06	-0.021536
2.266723e-06	-0.024224
2.268723e-06	-0.02192
2.270723e-06	-0.023072
2.272723e-06	-0.022688
2.274723e-06	-0.023072
2.276723e-06	-0.022688
2.278723e-06	-0.024608
2.280723e-06	-0.022304
2.282723e-06	-0.021536
2.284723e-06	-0.025376
2.286723e-06	-0.022688
2.288723e-06	-0.022304
2.290723e-06	-0.025376
2.292723e-06	-0.023456
2.294723e-06	-0.023456
2.296723e-06	-0.023456
2.298723e-06	-0.022304
2.300723e-06	-0.022688
2.302723e-06	-0.021536
2.304723e-06	-0.020384
2.306723e-06	-0.024224
2.308723e-06	-0.02384
2.310723e-06	-0.022304
2.312723e-06	-0.020768
2.314723e-06	-0.02
2.316723e-06	-0.023072
2.318723e-06	-0.020768
2.320723e-06	-0.020384
2.322723e-06	-0.024224
2.324723e-06	-0.021152
2.326723e-06	-0.019616
2.328723e-06	-0.01808
2.330723e-06	-0.018464
2.332723e-06	-0.02
2.334723e-06	-0.017312
2.336723e-06	-0.02
2.338723e-06	-0.017696
2.340723e-06	-0.020768
2.342723e-06	-0.020384
2.344723e-06	-0.02
2.346723e-06	-0.019232
2.348723e-06	-0.020768
2.350723e-06	-0.01808
2.352723e-06	-0.018464
2.354723e-06	-0.020384
2.356723e-06	-0.020768
2.358723e-06	-0.017696
2.360723e-06	-0.01616
2.362723e-06	-0.018464
2.364723e-06	-0.019232
2.366723e-06	-0.018464
2.368723e-06	-0.01808
2.370723e-06	-0.019232
2.372723e-06	-0.021536
2.374723e-06	-0.021536
2.376723e-06	-0.020768
2.378723e-06	-0.022304
2.380723e-06	-0.021152
2.382723e-06	-0.02192
2.384723e-06	-0.019232
2.386723e-06	-0.021536
2.388723e-06	-0.02
2.390723e-06	-0.022688
2.392723e-06	-0.020768
2.394723e-06	-0.020768
2.396723e-06	-0.020384
2.398723e-06	-0.02192
2.400723e-06	-0.020768
2.402723e-06	-0.023456
2.404723e-06	-0.022304
2.406723e-06	-0.020384
2.408723e-06	-0.023456
2.410723e-06	-0.021536
2.412723e-06	-0.021536
2.414723e-06	-0.020384
2.416723e-06	-0.02192
2.418723e-06	-0.023456
2.420723e-06	-0.024224
2.422723e-06	-0.021536
2.424723e-06	-0.021152
2.426723e-06	-0.020384
2.428723e-06	-0.02384
2.430723e-06	-0.022688
2.432723e-06	-0.021536
2.434723e-06	-0.021536
2.436723e-06	-0.024224
2.438723e-06	-0.022688
2.440723e-06	-0.022304
2.442723e-06	-0.023456
2.444723e-06	-0.02384
2.446723e-06	-0.022688
2.448723e-06	-0.020768
2.450723e-06	-0.020768
2.452723e-06	-0.021536
2.454723e-06	-0.024224
2.456723e-06	-0.02192
2.458723e-06	-0.023072
2.460723e-06	-0.023456
2.462723e-06	-0.023072
2.464723e-06	-0.022688
2.466723e-06	-0.02384
2.468723e-06	-0.023456
2.470723e-06	-0.023456
2.472723e-06	-0.021152
2.474723e-06	-0.022688
2.476723e-06	-0.02384
2.478723e-06	-0.023456
2.480723e-06	-0.021536
2.482723e-06	-0.024224
2.484723e-06	-0.022688
2.486723e-06	-0.020768
2.488723e-06	-0.021152
2.490723e-06	-0.021152
2.492723e-06	-0.021536
2.494723e-06	-0.02192
2.496723e-06	-0.020384
2.498723e-06	-0.020384
2.500723e-06	-0.021152
