LECROYHDO6104A	50809	Waveform
Segments	1	SegmentSize	2502
Segment	TrigTime	TimeSinceSegment1
#1	19-Dec-2022 19:38:39	0                 
Time	Ampl
-2.500401e-06	-0.025168
-2.498401e-06	-0.02428
-2.496401e-06	-0.024576
-2.494401e-06	-0.023688
-2.492401e-06	-0.024576
-2.490401e-06	-0.023688
-2.488401e-06	-0.024872
-2.486401e-06	-0.02428
-2.484401e-06	-0.025168
-2.482401e-06	-0.023984
-2.480401e-06	-0.025168
-2.478401e-06	-0.023096
-2.476401e-06	-0.024576
-2.474401e-06	-0.023984
-2.472401e-06	-0.023984
-2.470401e-06	-0.023392
-2.468401e-06	-0.024872
-2.466401e-06	-0.023096
-2.464401e-06	-0.025168
-2.462401e-06	-0.023392
-2.460401e-06	-0.025168
-2.458401e-06	-0.02428
-2.456401e-06	-0.023392
-2.454401e-06	-0.025168
-2.452401e-06	-0.025168
-2.450401e-06	-0.021024
-2.448401e-06	-0.0228
-2.446401e-06	-0.026056
-2.444401e-06	-0.025464
-2.442401e-06	-0.022504
-2.440401e-06	-0.024576
-2.438401e-06	-0.023392
-2.436401e-06	-0.025168
-2.434401e-06	-0.024576
-2.432401e-06	-0.02428
-2.430401e-06	-0.023392
-2.428401e-06	-0.023096
-2.426401e-06	-0.024576
-2.424401e-06	-0.023688
-2.422401e-06	-0.023984
-2.420401e-06	-0.02428
-2.418401e-06	-0.024872
-2.416401e-06	-0.023392
-2.414401e-06	-0.023392
-2.412401e-06	-0.023984
-2.410401e-06	-0.025168
-2.408401e-06	-0.022208
-2.406401e-06	-0.022208
-2.404401e-06	-0.023392
-2.402401e-06	-0.022504
-2.400401e-06	-0.020136
-2.398401e-06	-0.019544
-2.396401e-06	-0.022504
-2.394401e-06	-0.01984
-2.392401e-06	-0.02132
-2.390401e-06	-0.020728
-2.388401e-06	-0.021616
-2.386401e-06	-0.021024
-2.384401e-06	-0.021024
-2.382401e-06	-0.020136
-2.380401e-06	-0.020728
-2.378401e-06	-0.01836
-2.376401e-06	-0.021024
-2.374401e-06	-0.019248
-2.372401e-06	-0.02132
-2.370401e-06	-0.018952
-2.368401e-06	-0.020728
-2.366401e-06	-0.020432
-2.364401e-06	-0.019248
-2.362401e-06	-0.018656
-2.360401e-06	-0.020728
-2.358401e-06	-0.01984
-2.356401e-06	-0.019544
-2.354401e-06	-0.018064
-2.352401e-06	-0.018952
-2.350401e-06	-0.018952
-2.348401e-06	-0.020136
-2.346401e-06	-0.019544
-2.344401e-06	-0.018656
-2.342401e-06	-0.018952
-2.340401e-06	-0.018952
-2.338401e-06	-0.019544
-2.336401e-06	-0.020728
-2.334401e-06	-0.020136
-2.332401e-06	-0.022208
-2.330401e-06	-0.021912
-2.328401e-06	-0.02132
-2.326401e-06	-0.02132
-2.324401e-06	-0.021024
-2.322401e-06	-0.022504
-2.320401e-06	-0.022208
-2.318401e-06	-0.022208
-2.316401e-06	-0.021616
-2.314401e-06	-0.020136
-2.312401e-06	-0.020728
-2.310401e-06	-0.019544
-2.308401e-06	-0.023392
-2.306401e-06	-0.022208
-2.304401e-06	-0.020136
-2.302401e-06	-0.020728
-2.300401e-06	-0.020728
-2.298401e-06	-0.021024
-2.296401e-06	-0.022208
-2.294401e-06	-0.022208
-2.292401e-06	-0.02132
-2.290401e-06	-0.021616
-2.288401e-06	-0.021912
-2.286401e-06	-0.02132
-2.284401e-06	-0.020136
-2.282401e-06	-0.020136
-2.280401e-06	-0.023096
-2.278401e-06	-0.020136
-2.276401e-06	-0.022208
-2.274401e-06	-0.021912
-2.272401e-06	-0.0228
-2.270401e-06	-0.021616
-2.268401e-06	-0.023392
-2.266401e-06	-0.021912
-2.264401e-06	-0.022208
-2.262401e-06	-0.022504
-2.260401e-06	-0.025168
-2.258401e-06	-0.023096
-2.256401e-06	-0.023096
-2.254401e-06	-0.021912
-2.252401e-06	-0.025168
-2.250401e-06	-0.023688
-2.248401e-06	-0.021616
-2.246401e-06	-0.021616
-2.244401e-06	-0.02428
-2.242401e-06	-0.0228
-2.240401e-06	-0.023688
-2.238401e-06	-0.023392
-2.236401e-06	-0.025464
-2.234401e-06	-0.025464
-2.232401e-06	-0.023096
-2.230401e-06	-0.024576
-2.228401e-06	-0.02428
-2.226401e-06	-0.026056
-2.224401e-06	-0.023984
-2.222401e-06	-0.025168
-2.220401e-06	-0.024576
-2.218401e-06	-0.026944
-2.216401e-06	-0.028128
-2.214401e-06	-0.026648
-2.212401e-06	-0.02724
-2.210401e-06	-0.026944
-2.208401e-06	-0.02576
-2.206401e-06	-0.026944
-2.204401e-06	-0.028128
-2.202401e-06	-0.025168
-2.200401e-06	-0.02576
-2.198401e-06	-0.026056
-2.196401e-06	-0.02724
-2.194401e-06	-0.026352
-2.192401e-06	-0.029312
-2.190401e-06	-0.027832
-2.188401e-06	-0.028424
-2.186401e-06	-0.02724
-2.184401e-06	-0.026944
-2.182401e-06	-0.025464
-2.180401e-06	-0.025464
-2.178401e-06	-0.02576
-2.176401e-06	-0.026056
-2.174401e-06	-0.025168
-2.172401e-06	-0.026056
-2.170401e-06	-0.026352
-2.168401e-06	-0.028424
-2.166401e-06	-0.02724
-2.164401e-06	-0.026056
-2.162401e-06	-0.025168
-2.160401e-06	-0.024872
-2.158401e-06	-0.026056
-2.156401e-06	-0.026056
-2.154401e-06	-0.026352
-2.152401e-06	-0.02724
-2.150401e-06	-0.025464
-2.148401e-06	-0.026056
-2.146401e-06	-0.023688
-2.144401e-06	-0.024872
-2.142401e-06	-0.024872
-2.140401e-06	-0.02724
-2.138401e-06	-0.023096
-2.136401e-06	-0.025168
-2.134401e-06	-0.023096
-2.132401e-06	-0.025168
-2.130401e-06	-0.024576
-2.128401e-06	-0.024872
-2.126401e-06	-0.024576
-2.124401e-06	-0.025168
-2.122401e-06	-0.02576
-2.120401e-06	-0.026648
-2.118401e-06	-0.024872
-2.116401e-06	-0.024872
-2.114401e-06	-0.02428
-2.112401e-06	-0.025464
-2.110401e-06	-0.025168
-2.108401e-06	-0.02576
-2.106401e-06	-0.026056
-2.104401e-06	-0.027832
-2.102401e-06	-0.023096
-2.100401e-06	-0.023984
-2.098401e-06	-0.024576
-2.096401e-06	-0.025464
-2.094401e-06	-0.024576
-2.092401e-06	-0.023688
-2.090401e-06	-0.023096
-2.088401e-06	-0.02428
-2.086401e-06	-0.0228
-2.084401e-06	-0.02428
-2.082401e-06	-0.022504
-2.080401e-06	-0.021024
-2.078401e-06	-0.01984
-2.076401e-06	-0.021912
-2.074401e-06	-0.023688
-2.072401e-06	-0.022208
-2.070401e-06	-0.022504
-2.068401e-06	-0.023688
-2.066401e-06	-0.0228
-2.064401e-06	-0.02428
-2.062401e-06	-0.0228
-2.060401e-06	-0.024576
-2.058401e-06	-0.022208
-2.056401e-06	-0.023688
-2.054401e-06	-0.022208
-2.052401e-06	-0.023392
-2.050401e-06	-0.023096
-2.048401e-06	-0.0228
-2.046401e-06	-0.023392
-2.044401e-06	-0.02428
-2.042401e-06	-0.021912
-2.040401e-06	-0.02132
-2.038401e-06	-0.021912
-2.036401e-06	-0.023392
-2.034401e-06	-0.022208
-2.032401e-06	-0.01984
-2.030401e-06	-0.019248
-2.028401e-06	-0.02132
-2.026401e-06	-0.01984
-2.024401e-06	-0.021912
-2.022401e-06	-0.021616
-2.020401e-06	-0.020136
-2.018401e-06	-0.021616
-2.016401e-06	-0.020728
-2.014401e-06	-0.020432
-2.012401e-06	-0.01984
-2.010401e-06	-0.020136
-2.008401e-06	-0.020136
-2.006401e-06	-0.020728
-2.004401e-06	-0.021912
-2.002401e-06	-0.018064
-2.000401e-06	-0.01984
-1.998401e-06	-0.020136
-1.996401e-06	-0.020136
-1.994401e-06	-0.020432
-1.992401e-06	-0.02132
-1.990401e-06	-0.020432
-1.988401e-06	-0.023392
-1.986401e-06	-0.020432
-1.984401e-06	-0.020432
-1.982401e-06	-0.02132
-1.980401e-06	-0.020432
-1.978401e-06	-0.019544
-1.976401e-06	-0.02132
-1.974401e-06	-0.019544
-1.972401e-06	-0.022504
-1.970401e-06	-0.022208
-1.968401e-06	-0.022208
-1.966401e-06	-0.022504
-1.964401e-06	-0.022504
-1.962401e-06	-0.023096
-1.960401e-06	-0.022504
-1.958401e-06	-0.021024
-1.956401e-06	-0.021616
-1.954401e-06	-0.021912
-1.952401e-06	-0.023984
-1.950401e-06	-0.023096
-1.948401e-06	-0.024872
-1.946401e-06	-0.023688
-1.944401e-06	-0.023392
-1.942401e-06	-0.023096
-1.940401e-06	-0.024872
-1.938401e-06	-0.024576
-1.936401e-06	-0.025464
-1.934401e-06	-0.023688
-1.932401e-06	-0.026352
-1.930401e-06	-0.023688
-1.928401e-06	-0.02576
-1.926401e-06	-0.022504
-1.924401e-06	-0.023096
-1.922401e-06	-0.022504
-1.920401e-06	-0.023392
-1.918401e-06	-0.026056
-1.916401e-06	-0.027832
-1.914401e-06	-0.024576
-1.912401e-06	-0.0228
-1.910401e-06	-0.0228
-1.908401e-06	-0.026056
-1.906401e-06	-0.02428
-1.904401e-06	-0.022208
-1.902401e-06	-0.022208
-1.900401e-06	-0.02576
-1.898401e-06	-0.026352
-1.896401e-06	-0.025464
-1.894401e-06	-0.023392
-1.892401e-06	-0.023688
-1.890401e-06	-0.027536
-1.888401e-06	-0.025168
-1.886401e-06	-0.022504
-1.884401e-06	-0.023392
-1.882401e-06	-0.024576
-1.880401e-06	-0.023096
-1.878401e-06	-0.0228
-1.876401e-06	-0.02428
-1.874401e-06	-0.024872
-1.872401e-06	-0.02428
-1.870401e-06	-0.0228
-1.868401e-06	-0.02428
-1.866401e-06	-0.0228
-1.864401e-06	-0.021912
-1.862401e-06	-0.021912
-1.860401e-06	-0.0228
-1.858401e-06	-0.021024
-1.856401e-06	-0.0228
-1.854401e-06	-0.021912
-1.852401e-06	-0.021616
-1.850401e-06	-0.0228
-1.848401e-06	-0.021912
-1.846401e-06	-0.023392
-1.844401e-06	-0.021912
-1.842401e-06	-0.019248
-1.840401e-06	-0.021024
-1.838401e-06	-0.023392
-1.836401e-06	-0.023392
-1.834401e-06	-0.020432
-1.832401e-06	-0.020136
-1.830401e-06	-0.021024
-1.828401e-06	-0.023392
-1.826401e-06	-0.020728
-1.824401e-06	-0.022504
-1.822401e-06	-0.021616
-1.820401e-06	-0.0228
-1.818401e-06	-0.023096
-1.816401e-06	-0.022504
-1.814401e-06	-0.021912
-1.812401e-06	-0.022208
-1.810401e-06	-0.020432
-1.808401e-06	-0.022504
-1.806401e-06	-0.021024
-1.804401e-06	-0.022208
-1.802401e-06	-0.023096
-1.800401e-06	-0.0228
-1.798401e-06	-0.022208
-1.796401e-06	-0.02428
-1.794401e-06	-0.023096
-1.792401e-06	-0.024872
-1.790401e-06	-0.023392
-1.788401e-06	-0.025168
-1.786401e-06	-0.023096
-1.784401e-06	-0.023392
-1.782401e-06	-0.024872
-1.780401e-06	-0.023392
-1.778401e-06	-0.025168
-1.776401e-06	-0.026648
-1.774401e-06	-0.024872
-1.772401e-06	-0.025464
-1.770401e-06	-0.023392
-1.768401e-06	-0.02576
-1.766401e-06	-0.024576
-1.764401e-06	-0.027536
-1.762401e-06	-0.02576
-1.760401e-06	-0.025464
-1.758401e-06	-0.026648
-1.756401e-06	-0.02576
-1.754401e-06	-0.026648
-1.752401e-06	-0.02576
-1.750401e-06	-0.02428
-1.748401e-06	-0.025168
-1.746401e-06	-0.026944
-1.744401e-06	-0.026056
-1.742401e-06	-0.02576
-1.740401e-06	-0.026352
-1.738401e-06	-0.026648
-1.736401e-06	-0.027536
-1.734401e-06	-0.024576
-1.732401e-06	-0.028128
-1.730401e-06	-0.02724
-1.728401e-06	-0.026056
-1.726401e-06	-0.02576
-1.724401e-06	-0.02576
-1.722401e-06	-0.025168
-1.720401e-06	-0.025168
-1.718401e-06	-0.023096
-1.716401e-06	-0.026056
-1.714401e-06	-0.026648
-1.712401e-06	-0.02576
-1.710401e-06	-0.023688
-1.708401e-06	-0.02576
-1.706401e-06	-0.025464
-1.704401e-06	-0.025464
-1.702401e-06	-0.0228
-1.700401e-06	-0.023984
-1.698401e-06	-0.024872
-1.696401e-06	-0.024872
-1.694401e-06	-0.025168
-1.692401e-06	-0.026056
-1.690401e-06	-0.026648
-1.688401e-06	-0.024872
-1.686401e-06	-0.026944
-1.684401e-06	-0.024872
-1.682401e-06	-0.025464
-1.680401e-06	-0.024872
-1.678401e-06	-0.024872
-1.676401e-06	-0.024872
-1.674401e-06	-0.025168
-1.672401e-06	-0.026056
-1.670401e-06	-0.026648
-1.668401e-06	-0.024872
-1.666401e-06	-0.02428
-1.664401e-06	-0.025168
-1.662401e-06	-0.026056
-1.660401e-06	-0.02576
-1.658401e-06	-0.023984
-1.656401e-06	-0.023984
-1.654401e-06	-0.023096
-1.652401e-06	-0.026648
-1.650401e-06	-0.024576
-1.648401e-06	-0.028128
-1.646401e-06	-0.02428
-1.644401e-06	-0.026944
-1.642401e-06	-0.025168
-1.640401e-06	-0.02724
-1.638401e-06	-0.023688
-1.636401e-06	-0.026352
-1.634401e-06	-0.024872
-1.632401e-06	-0.026056
-1.630401e-06	-0.024872
-1.628401e-06	-0.02724
-1.626401e-06	-0.02428
-1.624401e-06	-0.026056
-1.622401e-06	-0.026056
-1.620401e-06	-0.027832
-1.618401e-06	-0.024872
-1.616401e-06	-0.02576
-1.614401e-06	-0.02576
-1.612401e-06	-0.02576
-1.610401e-06	-0.024872
-1.608401e-06	-0.026352
-1.606401e-06	-0.023688
-1.604401e-06	-0.026944
-1.602401e-06	-0.025464
-1.600401e-06	-0.02576
-1.598401e-06	-0.026352
-1.596401e-06	-0.02576
-1.594401e-06	-0.024872
-1.592401e-06	-0.02576
-1.590401e-06	-0.023984
-1.588401e-06	-0.025464
-1.586401e-06	-0.024576
-1.584401e-06	-0.025464
-1.582401e-06	-0.026056
-1.580401e-06	-0.023688
-1.578401e-06	-0.0228
-1.576401e-06	-0.024872
-1.574401e-06	-0.023392
-1.572401e-06	-0.023096
-1.570401e-06	-0.0228
-1.568401e-06	-0.021616
-1.566401e-06	-0.021024
-1.564401e-06	-0.021616
-1.562401e-06	-0.020136
-1.560401e-06	-0.023392
-1.558401e-06	-0.021024
-1.556401e-06	-0.022208
-1.554401e-06	-0.021616
-1.552401e-06	-0.020432
-1.550401e-06	-0.021024
-1.548401e-06	-0.020432
-1.546401e-06	-0.020136
-1.544401e-06	-0.019544
-1.542401e-06	-0.018064
-1.540401e-06	-0.020728
-1.538401e-06	-0.019248
-1.536401e-06	-0.019544
-1.534401e-06	-0.018952
-1.532401e-06	-0.018656
-1.530401e-06	-0.019544
-1.528401e-06	-0.020728
-1.526401e-06	-0.018952
-1.524401e-06	-0.019544
-1.522401e-06	-0.01836
-1.520401e-06	-0.018656
-1.518401e-06	-0.018064
-1.516401e-06	-0.018952
-1.514401e-06	-0.019248
-1.512401e-06	-0.020136
-1.510401e-06	-0.019248
-1.508401e-06	-0.019248
-1.506401e-06	-0.019544
-1.504401e-06	-0.020432
-1.502401e-06	-0.016584
-1.500401e-06	-0.017768
-1.498401e-06	-0.01836
-1.496401e-06	-0.018656
-1.494401e-06	-0.018952
-1.492401e-06	-0.020136
-1.490401e-06	-0.021024
-1.488401e-06	-0.018656
-1.486401e-06	-0.019248
-1.484401e-06	-0.019544
-1.482401e-06	-0.019544
-1.480401e-06	-0.019248
-1.478401e-06	-0.018952
-1.476401e-06	-0.02132
-1.474401e-06	-0.01836
-1.472401e-06	-0.01984
-1.470401e-06	-0.020136
-1.468401e-06	-0.01984
-1.466401e-06	-0.019248
-1.464401e-06	-0.020432
-1.462401e-06	-0.019248
-1.460401e-06	-0.01984
-1.458401e-06	-0.020136
-1.456401e-06	-0.021024
-1.454401e-06	-0.01984
-1.452401e-06	-0.020432
-1.450401e-06	-0.019544
-1.448401e-06	-0.02132
-1.446401e-06	-0.020728
-1.444401e-06	-0.019544
-1.442401e-06	-0.021616
-1.440401e-06	-0.020728
-1.438401e-06	-0.02132
-1.436401e-06	-0.0228
-1.434401e-06	-0.021024
-1.432401e-06	-0.02132
-1.430401e-06	-0.023096
-1.428401e-06	-0.0228
-1.426401e-06	-0.022208
-1.424401e-06	-0.020432
-1.422401e-06	-0.02132
-1.420401e-06	-0.020432
-1.418401e-06	-0.020728
-1.416401e-06	-0.021912
-1.414401e-06	-0.022208
-1.412401e-06	-0.01984
-1.410401e-06	-0.020432
-1.408401e-06	-0.02132
-1.406401e-06	-0.02132
-1.404401e-06	-0.023392
-1.402401e-06	-0.022208
-1.400401e-06	-0.022208
-1.398401e-06	-0.020136
-1.396401e-06	-0.022208
-1.394401e-06	-0.022208
-1.392401e-06	-0.023688
-1.390401e-06	-0.0228
-1.388401e-06	-0.024576
-1.386401e-06	-0.022504
-1.384401e-06	-0.023096
-1.382401e-06	-0.022504
-1.380401e-06	-0.021616
-1.378401e-06	-0.021912
-1.376401e-06	-0.022504
-1.374401e-06	-0.023392
-1.372401e-06	-0.02428
-1.370401e-06	-0.024576
-1.368401e-06	-0.02428
-1.366401e-06	-0.023688
-1.364401e-06	-0.023096
-1.362401e-06	-0.023096
-1.360401e-06	-0.0228
-1.358401e-06	-0.0228
-1.356401e-06	-0.022504
-1.354401e-06	-0.021616
-1.352401e-06	-0.023984
-1.350401e-06	-0.023688
-1.348401e-06	-0.025464
-1.346401e-06	-0.024576
-1.344401e-06	-0.02428
-1.342401e-06	-0.023984
-1.340401e-06	-0.023392
-1.338401e-06	-0.023392
-1.336401e-06	-0.023392
-1.334401e-06	-0.023096
-1.332401e-06	-0.023984
-1.330401e-06	-0.023392
-1.328401e-06	-0.023688
-1.326401e-06	-0.02428
-1.324401e-06	-0.02428
-1.322401e-06	-0.023984
-1.320401e-06	-0.0228
-1.318401e-06	-0.023392
-1.316401e-06	-0.024872
-1.314401e-06	-0.023096
-1.312401e-06	-0.023984
-1.310401e-06	-0.023392
-1.308401e-06	-0.023984
-1.306401e-06	-0.023688
-1.304401e-06	-0.026944
-1.302401e-06	-0.023984
-1.300401e-06	-0.02576
-1.298401e-06	-0.024576
-1.296401e-06	-0.02428
-1.294401e-06	-0.024872
-1.292401e-06	-0.02428
-1.290401e-06	-0.024872
-1.288401e-06	-0.027832
-1.286401e-06	-0.024872
-1.284401e-06	-0.026648
-1.282401e-06	-0.025464
-1.280401e-06	-0.026056
-1.278401e-06	-0.023984
-1.276401e-06	-0.025464
-1.274401e-06	-0.024872
-1.272401e-06	-0.02576
-1.270401e-06	-0.026352
-1.268401e-06	-0.025168
-1.266401e-06	-0.023688
-1.264401e-06	-0.024576
-1.262401e-06	-0.022504
-1.260401e-06	-0.025464
-1.258401e-06	-0.023096
-1.256401e-06	-0.023984
-1.254401e-06	-0.0228
-1.252401e-06	-0.022208
-1.250401e-06	-0.022504
-1.248401e-06	-0.022504
-1.246401e-06	-0.021616
-1.244401e-06	-0.026056
-1.242401e-06	-0.0228
-1.240401e-06	-0.023392
-1.238401e-06	-0.023984
-1.236401e-06	-0.025168
-1.234401e-06	-0.023984
-1.232401e-06	-0.02428
-1.230401e-06	-0.024872
-1.228401e-06	-0.025464
-1.226401e-06	-0.023392
-1.224401e-06	-0.02428
-1.222401e-06	-0.023096
-1.220401e-06	-0.023096
-1.218401e-06	-0.023096
-1.216401e-06	-0.022208
-1.214401e-06	-0.0228
-1.212401e-06	-0.02428
-1.210401e-06	-0.023688
-1.208401e-06	-0.023392
-1.206401e-06	-0.022208
-1.204401e-06	-0.023688
-1.202401e-06	-0.023688
-1.200401e-06	-0.023392
-1.198401e-06	-0.025168
-1.196401e-06	-0.023984
-1.194401e-06	-0.02428
-1.192401e-06	-0.025168
-1.190401e-06	-0.023096
-1.188401e-06	-0.02576
-1.186401e-06	-0.024872
-1.184401e-06	-0.02576
-1.182401e-06	-0.0228
-1.180401e-06	-0.025168
-1.178401e-06	-0.02724
-1.176401e-06	-0.024872
-1.174401e-06	-0.026648
-1.172401e-06	-0.026352
-1.170401e-06	-0.02428
-1.168401e-06	-0.025464
-1.166401e-06	-0.026056
-1.164401e-06	-0.025168
-1.162401e-06	-0.022208
-1.160401e-06	-0.023984
-1.158401e-06	-0.024576
-1.156401e-06	-0.02428
-1.154401e-06	-0.024872
-1.152401e-06	-0.024576
-1.150401e-06	-0.024576
-1.148401e-06	-0.024872
-1.146401e-06	-0.023096
-1.144401e-06	-0.023096
-1.142401e-06	-0.024576
-1.140401e-06	-0.02428
-1.138401e-06	-0.023984
-1.136401e-06	-0.023392
-1.134401e-06	-0.022504
-1.132401e-06	-0.023392
-1.130401e-06	-0.02132
-1.128401e-06	-0.022504
-1.126401e-06	-0.022504
-1.124401e-06	-0.021912
-1.122401e-06	-0.021912
-1.120401e-06	-0.023096
-1.118401e-06	-0.0228
-1.116401e-06	-0.021912
-1.114401e-06	-0.023096
-1.112401e-06	-0.021912
-1.110401e-06	-0.022504
-1.108401e-06	-0.023688
-1.106401e-06	-0.023096
-1.104401e-06	-0.024576
-1.102401e-06	-0.022208
-1.100401e-06	-0.023096
-1.098401e-06	-0.023392
-1.096401e-06	-0.021912
-1.094401e-06	-0.021024
-1.092401e-06	-0.023096
-1.090401e-06	-0.023096
-1.088401e-06	-0.024576
-1.086401e-06	-0.023984
-1.084401e-06	-0.023984
-1.082401e-06	-0.023096
-1.080401e-06	-0.0228
-1.078401e-06	-0.021912
-1.076401e-06	-0.024872
-1.074401e-06	-0.021912
-1.072401e-06	-0.02428
-1.070401e-06	-0.02132
-1.068401e-06	-0.02132
-1.066401e-06	-0.020432
-1.064401e-06	-0.023096
-1.062401e-06	-0.022208
-1.060401e-06	-0.022504
-1.058401e-06	-0.0228
-1.056401e-06	-0.02428
-1.054401e-06	-0.023096
-1.052401e-06	-0.023688
-1.050401e-06	-0.023096
-1.048401e-06	-0.022504
-1.046401e-06	-0.0228
-1.044401e-06	-0.025168
-1.042401e-06	-0.02132
-1.040401e-06	-0.023984
-1.038401e-06	-0.0228
-1.036401e-06	-0.024872
-1.034401e-06	-0.023688
-1.032401e-06	-0.023984
-1.030401e-06	-0.024872
-1.028401e-06	-0.023984
-1.026401e-06	-0.024576
-1.024401e-06	-0.025464
-1.022401e-06	-0.022504
-1.020401e-06	-0.02576
-1.018401e-06	-0.024872
-1.016401e-06	-0.023984
-1.014401e-06	-0.023984
-1.012401e-06	-0.02576
-1.010401e-06	-0.023392
-1.008401e-06	-0.023688
-1.006401e-06	-0.023392
-1.004401e-06	-0.02428
-1.002401e-06	-0.024576
-1.000401e-06	-0.023392
-9.984009e-07	-0.02428
-9.964009e-07	-0.02428
-9.944009e-07	-0.023096
-9.924009e-07	-0.02428
-9.904009e-07	-0.0228
-9.884009e-07	-0.0228
-9.864009e-07	-0.021912
-9.844009e-07	-0.021024
-9.824009e-07	-0.021024
-9.804009e-07	-0.021024
-9.784009e-07	-0.02132
-9.764009e-07	-0.021024
-9.744009e-07	-0.021024
-9.724009e-07	-0.02132
-9.704009e-07	-0.020728
-9.684009e-07	-0.021024
-9.664009e-07	-0.022208
-9.644009e-07	-0.01984
-9.624009e-07	-0.020136
-9.604009e-07	-0.020136
-9.584009e-07	-0.020136
-9.564009e-07	-0.020728
-9.544009e-07	-0.01984
-9.524009e-07	-0.020728
-9.504009e-07	-0.01984
-9.484009e-07	-0.019544
-9.464009e-07	-0.02132
-9.444009e-07	-0.020728
-9.424009e-07	-0.018952
-9.404009e-07	-0.021616
-9.384009e-07	-0.020432
-9.364009e-07	-0.0228
-9.344009e-07	-0.01984
-9.324009e-07	-0.023096
-9.304009e-07	-0.021912
-9.284009e-07	-0.021616
-9.264009e-07	-0.02132
-9.244009e-07	-0.0228
-9.224009e-07	-0.022208
-9.204009e-07	-0.022504
-9.184009e-07	-0.022208
-9.164009e-07	-0.023688
-9.144009e-07	-0.021024
-9.124009e-07	-0.0228
-9.104009e-07	-0.021616
-9.084009e-07	-0.021024
-9.064009e-07	-0.020728
-9.044009e-07	-0.022504
-9.024009e-07	-0.023688
-9.004009e-07	-0.025168
-8.984009e-07	-0.022504
-8.964009e-07	-0.023392
-8.944009e-07	-0.0228
-8.924009e-07	-0.023688
-8.904009e-07	-0.023688
-8.884009e-07	-0.024872
-8.864009e-07	-0.023096
-8.844009e-07	-0.025464
-8.824009e-07	-0.023688
-8.804009e-07	-0.023984
-8.784009e-07	-0.023392
-8.764009e-07	-0.02428
-8.744009e-07	-0.023096
-8.724009e-07	-0.023392
-8.704009e-07	-0.02428
-8.684009e-07	-0.02576
-8.664009e-07	-0.024872
-8.644009e-07	-0.022504
-8.624009e-07	-0.022208
-8.604009e-07	-0.025168
-8.584009e-07	-0.026944
-8.564009e-07	-0.027832
-8.544009e-07	-0.023984
-8.524009e-07	-0.026056
-8.504009e-07	-0.026944
-8.484009e-07	-0.0302
-8.464009e-07	-0.025168
-8.444009e-07	-0.024872
-8.424009e-07	-0.02576
-8.404009e-07	-0.029904
-8.384009e-07	-0.02576
-8.364009e-07	-0.026352
-8.344009e-07	-0.024576
-8.324009e-07	-0.02576
-8.304009e-07	-0.026648
-8.284009e-07	-0.027536
-8.264009e-07	-0.023392
-8.244009e-07	-0.026944
-8.224009e-07	-0.024872
-8.204009e-07	-0.026944
-8.184009e-07	-0.02428
-8.164009e-07	-0.027536
-8.144009e-07	-0.024872
-8.124009e-07	-0.023984
-8.104009e-07	-0.025168
-8.084009e-07	-0.024576
-8.064009e-07	-0.024576
-8.044009e-07	-0.026944
-8.024009e-07	-0.023984
-8.004009e-07	-0.024872
-7.984009e-07	-0.024576
-7.964009e-07	-0.02428
-7.944009e-07	-0.026056
-7.924009e-07	-0.02724
-7.904009e-07	-0.023688
-7.884009e-07	-0.026352
-7.864009e-07	-0.024576
-7.844009e-07	-0.027536
-7.824009e-07	-0.02576
-7.804009e-07	-0.028424
-7.784009e-07	-0.024872
-7.764009e-07	-0.025464
-7.744009e-07	-0.026056
-7.724009e-07	-0.025464
-7.704009e-07	-0.023688
-7.684009e-07	-0.026352
-7.664009e-07	-0.026944
-7.644009e-07	-0.027536
-7.624009e-07	-0.025464
-7.604009e-07	-0.025168
-7.584009e-07	-0.026056
-7.564009e-07	-0.027832
-7.544009e-07	-0.025464
-7.524009e-07	-0.02576
-7.504009e-07	-0.026056
-7.484009e-07	-0.025464
-7.464009e-07	-0.02428
-7.444009e-07	-0.027832
-7.424009e-07	-0.02724
-7.404009e-07	-0.025464
-7.384009e-07	-0.022504
-7.364009e-07	-0.026648
-7.344009e-07	-0.026352
-7.324009e-07	-0.025464
-7.304009e-07	-0.022504
-7.284009e-07	-0.025168
-7.264009e-07	-0.025464
-7.244009e-07	-0.025464
-7.224009e-07	-0.0228
-7.204009e-07	-0.023096
-7.184009e-07	-0.023984
-7.164009e-07	-0.024576
-7.144009e-07	-0.023984
-7.124009e-07	-0.023096
-7.104009e-07	-0.023392
-7.084009e-07	-0.025464
-7.064009e-07	-0.022208
-7.044009e-07	-0.025168
-7.024009e-07	-0.023096
-7.004009e-07	-0.026056
-6.984009e-07	-0.022208
-6.964009e-07	-0.023688
-6.944009e-07	-0.021912
-6.924009e-07	-0.0228
-6.904009e-07	-0.021912
-6.884009e-07	-0.022208
-6.864009e-07	-0.021024
-6.844009e-07	-0.021616
-6.824009e-07	-0.020728
-6.804009e-07	-0.020728
-6.784009e-07	-0.021616
-6.764009e-07	-0.02132
-6.744009e-07	-0.021616
-6.724009e-07	-0.02132
-6.704009e-07	-0.02132
-6.684009e-07	-0.0228
-6.664009e-07	-0.02132
-6.644009e-07	-0.022504
-6.624009e-07	-0.020728
-6.604009e-07	-0.022208
-6.584009e-07	-0.021912
-6.564009e-07	-0.023096
-6.544009e-07	-0.022504
-6.524009e-07	-0.0228
-6.504009e-07	-0.021616
-6.484009e-07	-0.023688
-6.464009e-07	-0.022208
-6.444009e-07	-0.021912
-6.424009e-07	-0.021024
-6.404009e-07	-0.022208
-6.384009e-07	-0.020432
-6.364009e-07	-0.02132
-6.344009e-07	-0.021912
-6.324009e-07	-0.023096
-6.304009e-07	-0.021616
-6.284009e-07	-0.0228
-6.264009e-07	-0.022504
-6.244009e-07	-0.022208
-6.224009e-07	-0.021616
-6.204009e-07	-0.022504
-6.184009e-07	-0.021616
-6.164009e-07	-0.021024
-6.144009e-07	-0.020136
-6.124009e-07	-0.023984
-6.104009e-07	-0.02132
-6.084009e-07	-0.02132
-6.064009e-07	-0.020432
-6.044009e-07	-0.021024
-6.024009e-07	-0.021616
-6.004009e-07	-0.023688
-5.984009e-07	-0.021912
-5.964009e-07	-0.022208
-5.944009e-07	-0.023392
-5.924009e-07	-0.0228
-5.904009e-07	-0.022208
-5.884009e-07	-0.022504
-5.864009e-07	-0.023096
-5.844009e-07	-0.023096
-5.824009e-07	-0.0228
-5.804009e-07	-0.023984
-5.784009e-07	-0.0228
-5.764009e-07	-0.023392
-5.744009e-07	-0.021024
-5.724009e-07	-0.021912
-5.704009e-07	-0.02428
-5.684009e-07	-0.02428
-5.664009e-07	-0.023688
-5.644009e-07	-0.025168
-5.624009e-07	-0.021616
-5.604009e-07	-0.0228
-5.584009e-07	-0.022504
-5.564009e-07	-0.023688
-5.544009e-07	-0.021616
-5.524009e-07	-0.02428
-5.504009e-07	-0.023096
-5.484009e-07	-0.023984
-5.464009e-07	-0.023392
-5.444009e-07	-0.023392
-5.424009e-07	-0.021912
-5.404009e-07	-0.022504
-5.384009e-07	-0.022208
-5.364009e-07	-0.023688
-5.344009e-07	-0.021616
-5.324009e-07	-0.022504
-5.304009e-07	-0.021912
-5.284009e-07	-0.021616
-5.264009e-07	-0.023096
-5.244009e-07	-0.023984
-5.224009e-07	-0.019544
-5.204009e-07	-0.021024
-5.184009e-07	-0.021616
-5.164009e-07	-0.021912
-5.144009e-07	-0.018952
-5.124009e-07	-0.020432
-5.104009e-07	-0.01984
-5.084009e-07	-0.021024
-5.064009e-07	-0.019248
-5.044009e-07	-0.020136
-5.024009e-07	-0.01984
-5.004009e-07	-0.020728
-4.984009e-07	-0.020136
-4.964009e-07	-0.02132
-4.944009e-07	-0.01984
-4.924009e-07	-0.020136
-4.904009e-07	-0.020432
-4.884009e-07	-0.021024
-4.864009e-07	-0.023096
-4.844009e-07	-0.02132
-4.824009e-07	-0.018656
-4.804009e-07	-0.022208
-4.784009e-07	-0.020728
-4.764009e-07	-0.023984
-4.744009e-07	-0.021616
-4.724009e-07	-0.023096
-4.704009e-07	-0.021616
-4.684009e-07	-0.022504
-4.664009e-07	-0.020728
-4.644009e-07	-0.0228
-4.624009e-07	-0.01984
-4.604009e-07	-0.021616
-4.584009e-07	-0.020136
-4.564009e-07	-0.021912
-4.544009e-07	-0.022208
-4.524009e-07	-0.021024
-4.504009e-07	-0.020432
-4.484009e-07	-0.020432
-4.464009e-07	-0.021912
-4.444009e-07	-0.021912
-4.424009e-07	-0.019544
-4.404009e-07	-0.021024
-4.384009e-07	-0.020432
-4.364009e-07	-0.022504
-4.344009e-07	-0.021024
-4.324009e-07	-0.023096
-4.304009e-07	-0.02132
-4.284009e-07	-0.023392
-4.264009e-07	-0.022504
-4.244009e-07	-0.022208
-4.224009e-07	-0.019544
-4.204009e-07	-0.021616
-4.184009e-07	-0.021024
-4.164009e-07	-0.021616
-4.144009e-07	-0.021912
-4.124009e-07	-0.021912
-4.104009e-07	-0.024872
-4.084009e-07	-0.024576
-4.064009e-07	-0.022208
-4.044009e-07	-0.023392
-4.024009e-07	-0.023688
-4.004009e-07	-0.023984
-3.984009e-07	-0.023096
-3.964009e-07	-0.023392
-3.944009e-07	-0.024872
-3.924009e-07	-0.02428
-3.904009e-07	-0.022504
-3.884009e-07	-0.025168
-3.864009e-07	-0.023688
-3.844009e-07	-0.023392
-3.824009e-07	-0.023392
-3.804009e-07	-0.025464
-3.784009e-07	-0.023984
-3.764009e-07	-0.023392
-3.744009e-07	-0.024872
-3.724009e-07	-0.023984
-3.704009e-07	-0.023688
-3.684009e-07	-0.022504
-3.664009e-07	-0.020136
-3.644009e-07	-0.021616
-3.624009e-07	-0.023096
-3.604009e-07	-0.023392
-3.584009e-07	-0.021024
-3.564009e-07	-0.023984
-3.544009e-07	-0.0228
-3.524009e-07	-0.023984
-3.504009e-07	-0.02132
-3.484009e-07	-0.023392
-3.464009e-07	-0.021616
-3.444009e-07	-0.024576
-3.424009e-07	-0.023392
-3.404009e-07	-0.023984
-3.384009e-07	-0.023688
-3.364009e-07	-0.023984
-3.344009e-07	-0.023688
-3.324009e-07	-0.0228
-3.304009e-07	-0.021912
-3.284009e-07	-0.022208
-3.264009e-07	-0.023392
-3.244009e-07	-0.025168
-3.224009e-07	-0.023392
-3.204009e-07	-0.023096
-3.184009e-07	-0.0228
-3.164009e-07	-0.023392
-3.144009e-07	-0.024872
-3.124009e-07	-0.022504
-3.104009e-07	-0.0228
-3.084009e-07	-0.02428
-3.064009e-07	-0.021024
-3.044009e-07	-0.0228
-3.024009e-07	-0.02428
-3.004009e-07	-0.024872
-2.984009e-07	-0.023984
-2.964009e-07	-0.023688
-2.944009e-07	-0.021616
-2.924009e-07	-0.023392
-2.904009e-07	-0.022504
-2.884009e-07	-0.023984
-2.864009e-07	-0.022208
-2.844009e-07	-0.023688
-2.824009e-07	-0.023096
-2.804009e-07	-0.026648
-2.784009e-07	-0.023392
-2.764009e-07	-0.023984
-2.744009e-07	-0.023096
-2.724009e-07	-0.023392
-2.704009e-07	-0.023984
-2.684009e-07	-0.025464
-2.664009e-07	-0.023984
-2.644009e-07	-0.023392
-2.624009e-07	-0.0228
-2.604009e-07	-0.025168
-2.584009e-07	-0.023392
-2.564009e-07	-0.023392
-2.544009e-07	-0.023096
-2.524009e-07	-0.02724
-2.504009e-07	-0.025464
-2.484009e-07	-0.026056
-2.464009e-07	-0.02576
-2.444009e-07	-0.026056
-2.424009e-07	-0.025464
-2.404009e-07	-0.026056
-2.384009e-07	-0.026056
-2.364009e-07	-0.025168
-2.344009e-07	-0.024576
-2.324009e-07	-0.023688
-2.304009e-07	-0.023984
-2.284009e-07	-0.02428
-2.264009e-07	-0.024576
-2.244009e-07	-0.025168
-2.224009e-07	-0.024872
-2.204009e-07	-0.025168
-2.184009e-07	-0.026056
-2.164009e-07	-0.024576
-2.144009e-07	-0.024576
-2.124009e-07	-0.025168
-2.104009e-07	-0.025464
-2.084009e-07	-0.023984
-2.064009e-07	-0.023688
-2.044009e-07	-0.024872
-2.024009e-07	-0.02428
-2.004009e-07	-0.023984
-1.984009e-07	-0.024576
-1.964009e-07	-0.02724
-1.944009e-07	-0.024576
-1.924009e-07	-0.023984
-1.904009e-07	-0.025464
-1.884009e-07	-0.02428
-1.864009e-07	-0.02428
-1.844009e-07	-0.024872
-1.824009e-07	-0.024872
-1.804009e-07	-0.024576
-1.784009e-07	-0.025168
-1.764009e-07	-0.02576
-1.744009e-07	-0.023392
-1.724009e-07	-0.026056
-1.704009e-07	-0.0228
-1.684009e-07	-0.02428
-1.664009e-07	-0.023392
-1.644009e-07	-0.0228
-1.624009e-07	-0.022504
-1.604009e-07	-0.023688
-1.584009e-07	-0.022504
-1.564009e-07	-0.02576
-1.544009e-07	-0.024576
-1.524009e-07	-0.023984
-1.504009e-07	-0.022208
-1.484009e-07	-0.023984
-1.464009e-07	-0.022504
-1.444009e-07	-0.023688
-1.424009e-07	-0.02428
-1.404009e-07	-0.023984
-1.384009e-07	-0.022208
-1.364009e-07	-0.023688
-1.344009e-07	-0.023392
-1.324009e-07	-0.026352
-1.304009e-07	-0.0228
-1.284009e-07	-0.023392
-1.264009e-07	-0.023688
-1.244009e-07	-0.022504
-1.224009e-07	-0.023096
-1.204009e-07	-0.02428
-1.184009e-07	-0.02428
-1.164009e-07	-0.023688
-1.144009e-07	-0.023096
-1.124009e-07	-0.023392
-1.104009e-07	-0.023392
-1.084009e-07	-0.025168
-1.064009e-07	-0.024576
-1.044009e-07	-0.025168
-1.024009e-07	-0.023688
-1.004009e-07	-0.02428
-9.840091e-08	-0.0228
-9.640091e-08	-0.022504
-9.440091e-08	-0.022208
-9.240091e-08	-0.024576
-9.040091e-08	-0.024576
-8.840091e-08	-0.023096
-8.640091e-08	-0.021912
-8.440091e-08	-0.0228
-8.240091e-08	-0.02428
-8.040091e-08	-0.024576
-7.840091e-08	-0.022504
-7.640091e-08	-0.021616
-7.440091e-08	-0.022208
-7.240091e-08	-0.022504
-7.040091e-08	-0.021616
-6.840091e-08	-0.02132
-6.640091e-08	-0.02132
-6.440091e-08	-0.020432
-6.240091e-08	-0.022208
-6.040091e-08	-0.022504
-5.840091e-08	-0.022208
-5.640091e-08	-0.021024
-5.440091e-08	-0.021024
-5.240091e-08	-0.02132
-5.040091e-08	-0.021616
-4.840091e-08	-0.022208
-4.640091e-08	-0.021616
-4.440091e-08	-0.022208
-4.240091e-08	-0.02132
-4.040091e-08	-0.02132
-3.840091e-08	-0.021024
-3.640091e-08	-0.022504
-3.440091e-08	-0.022504
-3.240091e-08	-0.023984
-3.040091e-08	-0.023392
-2.840091e-08	-0.023984
-2.640091e-08	-0.025168
-2.440091e-08	-0.022504
-2.240091e-08	-0.023096
-2.040091e-08	-0.023984
-1.840091e-08	-0.021616
-1.640091e-08	-0.021024
-1.440091e-08	-0.021912
-1.240091e-08	-0.023392
-1.040091e-08	-0.023688
-8.400912e-09	-0.022504
-6.400912e-09	-0.0228
-4.400912e-09	-0.022504
-2.400912e-09	-0.021616
-4.009118e-10	-0.023688
1.599088e-09	-0.021912
3.599088e-09	-0.025464
5.599088e-09	-0.02132
7.599088e-09	-0.023392
9.599088e-09	-0.023096
1.159909e-08	-0.023688
1.359909e-08	-0.021616
1.559909e-08	-0.022208
1.759909e-08	-0.021616
1.959909e-08	-0.023688
2.159909e-08	-0.023096
2.359909e-08	-0.024872
2.559909e-08	-0.02428
2.759909e-08	-0.024576
2.959909e-08	-0.024576
3.159909e-08	-0.023392
3.359909e-08	-0.023392
3.559909e-08	-0.023688
3.759909e-08	-0.025464
3.959909e-08	-0.023392
4.159909e-08	-0.02428
4.359909e-08	-0.023984
4.559909e-08	-0.023984
4.759909e-08	-0.023096
4.959909e-08	-0.023984
5.159909e-08	-0.024576
5.359909e-08	-0.023984
5.559909e-08	-0.0228
5.759909e-08	-0.0228
5.959909e-08	-0.023688
6.159909e-08	-0.023096
6.359909e-08	-0.02428
6.559909e-08	-0.022208
6.759909e-08	-0.024872
6.959909e-08	-0.02428
7.159909e-08	-0.025168
7.359909e-08	-0.023392
7.559909e-08	-0.02428
7.759909e-08	-0.023392
7.959909e-08	-0.021912
8.159909e-08	-0.023688
8.359909e-08	-0.023392
8.559909e-08	-0.023984
8.759909e-08	-0.023984
8.959909e-08	-0.020728
9.159909e-08	-0.023688
9.359909e-08	-0.023096
9.559909e-08	-0.021912
9.759909e-08	-0.023096
9.959909e-08	-0.023392
1.015991e-07	-0.0228
1.035991e-07	-0.0228
1.055991e-07	-0.0228
1.075991e-07	-0.023392
1.095991e-07	-0.0228
1.115991e-07	-0.023688
1.135991e-07	-0.0228
1.155991e-07	-0.023688
1.175991e-07	-0.02132
1.195991e-07	-0.022208
1.215991e-07	-0.021912
1.235991e-07	-0.023096
1.255991e-07	-0.023984
1.275991e-07	-0.023392
1.295991e-07	-0.02132
1.315991e-07	-0.020728
1.335991e-07	-0.012736
1.355991e-07	0.00384
1.375991e-07	0.03048
1.395991e-07	0.065112
1.415991e-07	0.106848
1.435991e-07	0.152432
1.455991e-07	0.202752
1.475991e-07	0.248336
1.495991e-07	0.295104
1.515991e-07	0.336544
1.535991e-07	0.375912
1.555991e-07	0.411728
1.575991e-07	0.44784
1.595991e-07	0.476848
1.615991e-07	0.504968
1.635991e-07	0.529832
1.655991e-07	0.550552
1.675991e-07	0.568312
1.695991e-07	0.585184
1.715991e-07	0.5988
1.735991e-07	0.61212
1.755991e-07	0.617448
1.775991e-07	0.62544
1.795991e-07	0.628104
1.815991e-07	0.636096
1.835991e-07	0.636392
1.855991e-07	0.63728
1.875991e-07	0.634912
1.895991e-07	0.634616
1.915991e-07	0.631064
1.935991e-07	0.62988
1.955991e-07	0.621
1.975991e-07	0.616856
1.995991e-07	0.610048
2.015991e-07	0.602648
2.035991e-07	0.594952
2.055991e-07	0.589032
2.075991e-07	0.581632
2.095991e-07	0.572456
2.115991e-07	0.5618
2.135991e-07	0.554696
2.155991e-07	0.544336
2.175991e-07	0.533976
2.195991e-07	0.525392
2.215991e-07	0.517696
2.235991e-07	0.504968
2.255991e-07	0.494608
2.275991e-07	0.48484
2.295991e-07	0.47744
2.315991e-07	0.46708
2.335991e-07	0.45672
2.355991e-07	0.446064
2.375991e-07	0.438072
2.395991e-07	0.428008
2.415991e-07	0.420312
2.435991e-07	0.410248
2.455991e-07	0.402552
2.475991e-07	0.391008
2.495991e-07	0.381832
2.515991e-07	0.373544
2.535991e-07	0.366736
2.555991e-07	0.35608
2.575991e-07	0.3472
2.595991e-07	0.338024
2.615991e-07	0.330328
2.635991e-07	0.32352
2.655991e-07	0.31464
2.675991e-07	0.305464
2.695991e-07	0.298656
2.715991e-07	0.291552
2.735991e-07	0.28504
2.755991e-07	0.276456
2.775991e-07	0.269944
2.795991e-07	0.262248
2.815991e-07	0.254552
2.835991e-07	0.247152
2.855991e-07	0.241232
2.875991e-07	0.232944
2.895991e-07	0.229392
2.915991e-07	0.223176
2.935991e-07	0.216664
2.955991e-07	0.210744
2.975991e-07	0.205712
2.995991e-07	0.198904
3.015991e-07	0.193576
3.035991e-07	0.19032
3.055991e-07	0.186176
3.075991e-07	0.177888
3.095991e-07	0.174632
3.115991e-07	0.172264
3.135991e-07	0.16664
3.155991e-07	0.160424
3.175991e-07	0.155688
3.195991e-07	0.152728
3.215991e-07	0.150656
3.235991e-07	0.145624
3.255991e-07	0.14296
3.275991e-07	0.137336
3.295991e-07	0.135264
3.315991e-07	0.131712
3.335991e-07	0.126976
3.355991e-07	0.122536
3.375991e-07	0.123128
3.395991e-07	0.117208
3.415991e-07	0.11632
3.435991e-07	0.112176
3.455991e-07	0.110992
3.475991e-07	0.104776
3.495991e-07	0.103592
3.515991e-07	0.100632
3.535991e-07	0.09856
3.555991e-07	0.095304
3.575991e-07	0.09264
3.595991e-07	0.092344
3.615991e-07	0.088792
3.635991e-07	0.085832
3.655991e-07	0.084056
3.675991e-07	0.081096
3.695991e-07	0.079024
3.715991e-07	0.07636
3.735991e-07	0.076952
3.755991e-07	0.07192
3.775991e-07	0.069848
3.795991e-07	0.066
3.815991e-07	0.063632
3.835991e-07	0.061856
3.855991e-07	0.062744
3.875991e-07	0.059488
3.895991e-07	0.06008
3.915991e-07	0.055344
3.935991e-07	0.054752
3.955991e-07	0.052384
3.975991e-07	0.050016
3.995991e-07	0.047944
4.015991e-07	0.049128
4.035991e-07	0.045576
4.055991e-07	0.044984
4.075991e-07	0.041728
4.095991e-07	0.04232
4.115991e-07	0.038768
4.135991e-07	0.036992
4.155991e-07	0.035808
4.175991e-07	0.035216
4.195991e-07	0.032256
4.215991e-07	0.03196
4.235991e-07	0.029592
4.255991e-07	0.03196
4.275991e-07	0.028408
4.295991e-07	0.027816
4.315991e-07	0.02604
4.335991e-07	0.026632
4.355991e-07	0.02456
4.375991e-07	0.022488
4.395991e-07	0.021008
4.415991e-07	0.02456
4.435991e-07	0.020712
4.455991e-07	0.021896
4.475991e-07	0.01864
4.495991e-07	0.01716
4.515991e-07	0.016864
4.535991e-07	0.01568
4.555991e-07	0.016864
4.575991e-07	0.015088
4.595991e-07	0.013016
4.615991e-07	0.011832
4.635991e-07	0.013312
4.655991e-07	0.01124
4.675991e-07	0.010648
4.695991e-07	0.009464
4.715991e-07	0.010056
4.735991e-07	0.009464
4.755991e-07	0.007688
4.775991e-07	0.006504
4.795991e-07	0.008576
4.815991e-07	0.005912
4.835991e-07	0.005912
4.855991e-07	0.004432
4.875991e-07	0.00384
4.895991e-07	0.004136
4.915991e-07	0.004728
4.935991e-07	0.003544
4.955991e-07	0.002064
4.975991e-07	-0.000304
4.995991e-07	0.002952
5.015991e-07	0.001472
5.035991e-07	-0.001488
5.055991e-07	0.000288
5.075991e-07	-0.0006
5.095991e-07	-8e-06
5.115991e-07	-0.001488
5.135991e-07	-0.001488
5.155991e-07	-0.004448
5.175991e-07	-0.003856
5.195991e-07	-0.00356
5.215991e-07	-0.001784
5.235991e-07	-0.00504
5.255991e-07	-0.004744
5.275991e-07	-0.006816
5.295991e-07	-0.002968
5.315991e-07	-0.005632
5.335991e-07	-0.005336
5.355991e-07	-0.006224
5.375991e-07	-0.006224
5.395991e-07	-0.007112
5.415991e-07	-0.007704
5.435991e-07	-0.008
5.455991e-07	-0.008
5.475991e-07	-0.010664
5.495991e-07	-0.010072
5.515991e-07	-0.010664
5.535991e-07	-0.010664
5.555991e-07	-0.012144
5.575991e-07	-0.010368
5.595991e-07	-0.010072
5.615991e-07	-0.010072
5.635991e-07	-0.010664
5.655991e-07	-0.011848
5.675991e-07	-0.011848
5.695991e-07	-0.012736
5.715991e-07	-0.011848
5.735991e-07	-0.012144
5.755991e-07	-0.014512
5.775991e-07	-0.013624
5.795991e-07	-0.013328
5.815991e-07	-0.013328
5.835991e-07	-0.0154
5.855991e-07	-0.012144
5.875991e-07	-0.014216
5.895991e-07	-0.0154
5.915991e-07	-0.016288
5.935991e-07	-0.014808
5.955991e-07	-0.016288
5.975991e-07	-0.0154
5.995991e-07	-0.015992
6.015991e-07	-0.018064
6.035991e-07	-0.01688
6.055991e-07	-0.015696
6.075991e-07	-0.015696
6.095991e-07	-0.017768
6.115991e-07	-0.016288
6.135991e-07	-0.01836
6.155991e-07	-0.020136
6.175991e-07	-0.018656
6.195991e-07	-0.019544
6.215991e-07	-0.018064
6.235991e-07	-0.018952
6.255991e-07	-0.021616
6.275991e-07	-0.017472
6.295991e-07	-0.018952
6.315991e-07	-0.017472
6.335991e-07	-0.01836
6.355991e-07	-0.020432
6.375991e-07	-0.020136
6.395991e-07	-0.020136
6.415991e-07	-0.020136
6.435991e-07	-0.01984
6.455991e-07	-0.01984
6.475991e-07	-0.020432
6.495991e-07	-0.01984
6.515991e-07	-0.021024
6.535991e-07	-0.01984
6.555991e-07	-0.01984
6.575991e-07	-0.020728
6.595991e-07	-0.019544
6.615991e-07	-0.019544
6.635991e-07	-0.020728
6.655991e-07	-0.021024
6.675991e-07	-0.020728
6.695991e-07	-0.01984
6.715991e-07	-0.020136
6.735991e-07	-0.02132
6.755991e-07	-0.020432
6.775991e-07	-0.020728
6.795991e-07	-0.020136
6.815991e-07	-0.020432
6.835991e-07	-0.02132
6.855991e-07	-0.020728
6.875991e-07	-0.020136
6.895991e-07	-0.021024
6.915991e-07	-0.021616
6.935991e-07	-0.020432
6.955991e-07	-0.020432
6.975991e-07	-0.021616
6.995991e-07	-0.023392
7.015991e-07	-0.020136
7.035991e-07	-0.020136
7.055991e-07	-0.01984
7.075991e-07	-0.021024
7.095991e-07	-0.020432
7.115991e-07	-0.01984
7.135991e-07	-0.020136
7.155991e-07	-0.01836
7.175991e-07	-0.019544
7.195991e-07	-0.02132
7.215991e-07	-0.021024
7.235991e-07	-0.022504
7.255991e-07	-0.02132
7.275991e-07	-0.021616
7.295991e-07	-0.02132
7.315991e-07	-0.021024
7.335991e-07	-0.021616
7.355991e-07	-0.021024
7.375991e-07	-0.021024
7.395991e-07	-0.021912
7.415991e-07	-0.022504
7.435991e-07	-0.023392
7.455991e-07	-0.021616
7.475991e-07	-0.022208
7.495991e-07	-0.021616
7.515991e-07	-0.021616
7.535991e-07	-0.023392
7.555991e-07	-0.023688
7.575991e-07	-0.023392
7.595991e-07	-0.020432
7.615991e-07	-0.020728
7.635991e-07	-0.021912
7.655991e-07	-0.022504
7.675991e-07	-0.022504
7.695991e-07	-0.023096
7.715991e-07	-0.023688
7.735991e-07	-0.023688
7.755991e-07	-0.0228
7.775991e-07	-0.024576
7.795991e-07	-0.023688
7.815991e-07	-0.023984
7.835991e-07	-0.024872
7.855991e-07	-0.025464
7.875991e-07	-0.025464
7.895991e-07	-0.024872
7.915991e-07	-0.024872
7.935991e-07	-0.023096
7.955991e-07	-0.023096
7.975991e-07	-0.021912
7.995991e-07	-0.0228
8.015991e-07	-0.023984
8.035991e-07	-0.025168
8.055991e-07	-0.023984
8.075991e-07	-0.0228
8.095991e-07	-0.022504
8.115991e-07	-0.0228
8.135991e-07	-0.023688
8.155991e-07	-0.024576
8.175991e-07	-0.0228
8.195991e-07	-0.021912
8.215991e-07	-0.022504
8.235991e-07	-0.022504
8.255991e-07	-0.022208
8.275991e-07	-0.02132
8.295991e-07	-0.02132
8.315991e-07	-0.0228
8.335991e-07	-0.0228
8.355991e-07	-0.022504
8.375991e-07	-0.021024
8.395991e-07	-0.023392
8.415991e-07	-0.021616
8.435991e-07	-0.023392
8.455991e-07	-0.022504
8.475991e-07	-0.022208
8.495991e-07	-0.022504
8.515991e-07	-0.021912
8.535991e-07	-0.02132
8.555991e-07	-0.022208
8.575991e-07	-0.022208
8.595991e-07	-0.021616
8.615991e-07	-0.022504
8.635991e-07	-0.021912
8.655991e-07	-0.021912
8.675991e-07	-0.023984
8.695991e-07	-0.0228
8.715991e-07	-0.023096
8.735991e-07	-0.0228
8.755991e-07	-0.023392
8.775991e-07	-0.021912
8.795991e-07	-0.021912
8.815991e-07	-0.021616
8.835991e-07	-0.023984
8.855991e-07	-0.021024
8.875991e-07	-0.024576
8.895991e-07	-0.021912
8.915991e-07	-0.02428
8.935991e-07	-0.023984
8.955991e-07	-0.022504
8.975991e-07	-0.0228
8.995991e-07	-0.022504
9.015991e-07	-0.02132
9.035991e-07	-0.022504
9.055991e-07	-0.022504
9.075991e-07	-0.023096
9.095991e-07	-0.021912
9.115991e-07	-0.021912
9.135991e-07	-0.023688
9.155991e-07	-0.023984
9.175991e-07	-0.020728
9.195991e-07	-0.023392
9.215991e-07	-0.0228
9.235991e-07	-0.022504
9.255991e-07	-0.021616
9.275991e-07	-0.0228
9.295991e-07	-0.021616
9.315991e-07	-0.023984
9.335991e-07	-0.0228
9.355991e-07	-0.023688
9.375991e-07	-0.02428
9.395991e-07	-0.023392
9.415991e-07	-0.025168
9.435991e-07	-0.02428
9.455991e-07	-0.02428
9.475991e-07	-0.023392
9.495991e-07	-0.024576
9.515991e-07	-0.024872
9.535991e-07	-0.023392
9.555991e-07	-0.025168
9.575991e-07	-0.023984
9.595991e-07	-0.024872
9.615991e-07	-0.024872
9.635991e-07	-0.026648
9.655991e-07	-0.02428
9.675991e-07	-0.025168
9.695991e-07	-0.02576
9.715991e-07	-0.02576
9.735991e-07	-0.023984
9.755991e-07	-0.02428
9.775991e-07	-0.023688
9.795991e-07	-0.025464
9.815991e-07	-0.023984
9.835991e-07	-0.023392
9.855991e-07	-0.022504
9.875991e-07	-0.02428
9.895991e-07	-0.024576
9.915991e-07	-0.02428
9.935991e-07	-0.02428
9.955991e-07	-0.025464
9.975991e-07	-0.024872
9.995991e-07	-0.026944
1.001599e-06	-0.023984
1.003599e-06	-0.027832
1.005599e-06	-0.026352
1.007599e-06	-0.02428
1.009599e-06	-0.022504
1.011599e-06	-0.023392
1.013599e-06	-0.023392
1.015599e-06	-0.02576
1.017599e-06	-0.023392
1.019599e-06	-0.026056
1.021599e-06	-0.026352
1.023599e-06	-0.026056
1.025599e-06	-0.024872
1.027599e-06	-0.02428
1.029599e-06	-0.025464
1.031599e-06	-0.027536
1.033599e-06	-0.024576
1.035599e-06	-0.026352
1.037599e-06	-0.025464
1.039599e-06	-0.024872
1.041599e-06	-0.024576
1.043599e-06	-0.024872
1.045599e-06	-0.023984
1.047599e-06	-0.024576
1.049599e-06	-0.023984
1.051599e-06	-0.025168
1.053599e-06	-0.025168
1.055599e-06	-0.02576
1.057599e-06	-0.024576
1.059599e-06	-0.026056
1.061599e-06	-0.024872
1.063599e-06	-0.02576
1.065599e-06	-0.026944
1.067599e-06	-0.025464
1.069599e-06	-0.025168
1.071599e-06	-0.025168
1.073599e-06	-0.024872
1.075599e-06	-0.02428
1.077599e-06	-0.025464
1.079599e-06	-0.02576
1.081599e-06	-0.023688
1.083599e-06	-0.026648
1.085599e-06	-0.024872
1.087599e-06	-0.026648
1.089599e-06	-0.026056
1.091599e-06	-0.028424
1.093599e-06	-0.024872
1.095599e-06	-0.02576
1.097599e-06	-0.026352
1.099599e-06	-0.02724
1.101599e-06	-0.026352
1.103599e-06	-0.024872
1.105599e-06	-0.024576
1.107599e-06	-0.029904
1.109599e-06	-0.02872
1.111599e-06	-0.02872
1.113599e-06	-0.025168
1.115599e-06	-0.024872
1.117599e-06	-0.026648
1.119599e-06	-0.0302
1.121599e-06	-0.02724
1.123599e-06	-0.026056
1.125599e-06	-0.027536
1.127599e-06	-0.028128
1.129599e-06	-0.029312
1.131599e-06	-0.027536
1.133599e-06	-0.02576
1.135599e-06	-0.029016
1.137599e-06	-0.029312
1.139599e-06	-0.02872
1.141599e-06	-0.026648
1.143599e-06	-0.029608
1.145599e-06	-0.026944
1.147599e-06	-0.030496
1.149599e-06	-0.026352
1.151599e-06	-0.026648
1.153599e-06	-0.026648
1.155599e-06	-0.026648
1.157599e-06	-0.028128
1.159599e-06	-0.029608
1.161599e-06	-0.028128
1.163599e-06	-0.029312
1.165599e-06	-0.02576
1.167599e-06	-0.027536
1.169599e-06	-0.029312
1.171599e-06	-0.028424
1.173599e-06	-0.029312
1.175599e-06	-0.029904
1.177599e-06	-0.029016
1.179599e-06	-0.028128
1.181599e-06	-0.028424
1.183599e-06	-0.028424
1.185599e-06	-0.026944
1.187599e-06	-0.029312
1.189599e-06	-0.026056
1.191599e-06	-0.027536
1.193599e-06	-0.028128
1.195599e-06	-0.029608
1.197599e-06	-0.027832
1.199599e-06	-0.028128
1.201599e-06	-0.027536
1.203599e-06	-0.028128
1.205599e-06	-0.026944
1.207599e-06	-0.028128
1.209599e-06	-0.026944
1.211599e-06	-0.027832
1.213599e-06	-0.027536
1.215599e-06	-0.027832
1.217599e-06	-0.028128
1.219599e-06	-0.026648
1.221599e-06	-0.026648
1.223599e-06	-0.026056
1.225599e-06	-0.025168
1.227599e-06	-0.026648
1.229599e-06	-0.026352
1.231599e-06	-0.025464
1.233599e-06	-0.026944
1.235599e-06	-0.024872
1.237599e-06	-0.024872
1.239599e-06	-0.02576
1.241599e-06	-0.025464
1.243599e-06	-0.024576
1.245599e-06	-0.024872
1.247599e-06	-0.02428
1.249599e-06	-0.0228
1.251599e-06	-0.023688
1.253599e-06	-0.024576
1.255599e-06	-0.024576
1.257599e-06	-0.023096
1.259599e-06	-0.021912
1.261599e-06	-0.0228
1.263599e-06	-0.02576
1.265599e-06	-0.021024
1.267599e-06	-0.021024
1.269599e-06	-0.022504
1.271599e-06	-0.021912
1.273599e-06	-0.021912
1.275599e-06	-0.023096
1.277599e-06	-0.0228
1.279599e-06	-0.022504
1.281599e-06	-0.0228
1.283599e-06	-0.022504
1.285599e-06	-0.020728
1.287599e-06	-0.024576
1.289599e-06	-0.0228
1.291599e-06	-0.023688
1.293599e-06	-0.021912
1.295599e-06	-0.023392
1.297599e-06	-0.02428
1.299599e-06	-0.025168
1.301599e-06	-0.02576
1.303599e-06	-0.024576
1.305599e-06	-0.022208
1.307599e-06	-0.02428
1.309599e-06	-0.021912
1.311599e-06	-0.022208
1.313599e-06	-0.021616
1.315599e-06	-0.022504
1.317599e-06	-0.0228
1.319599e-06	-0.023392
1.321599e-06	-0.023096
1.323599e-06	-0.023688
1.325599e-06	-0.022208
1.327599e-06	-0.022504
1.329599e-06	-0.023392
1.331599e-06	-0.023984
1.333599e-06	-0.022504
1.335599e-06	-0.022208
1.337599e-06	-0.021616
1.339599e-06	-0.02132
1.341599e-06	-0.02132
1.343599e-06	-0.02132
1.345599e-06	-0.022208
1.347599e-06	-0.024872
1.349599e-06	-0.025464
1.351599e-06	-0.02428
1.353599e-06	-0.02132
1.355599e-06	-0.023096
1.357599e-06	-0.0228
1.359599e-06	-0.02428
1.361599e-06	-0.021616
1.363599e-06	-0.019248
1.365599e-06	-0.021024
1.367599e-06	-0.022504
1.369599e-06	-0.021024
1.371599e-06	-0.021912
1.373599e-06	-0.020728
1.375599e-06	-0.02132
1.377599e-06	-0.01984
1.379599e-06	-0.0228
1.381599e-06	-0.019544
1.383599e-06	-0.022504
1.385599e-06	-0.021024
1.387599e-06	-0.020136
1.389599e-06	-0.020432
1.391599e-06	-0.021912
1.393599e-06	-0.020136
1.395599e-06	-0.020432
1.397599e-06	-0.020136
1.399599e-06	-0.021912
1.401599e-06	-0.021616
1.403599e-06	-0.023392
1.405599e-06	-0.021616
1.407599e-06	-0.022208
1.409599e-06	-0.022504
1.411599e-06	-0.023984
1.413599e-06	-0.021616
1.415599e-06	-0.022208
1.417599e-06	-0.021912
1.419599e-06	-0.023984
1.421599e-06	-0.021912
1.423599e-06	-0.023984
1.425599e-06	-0.02428
1.427599e-06	-0.024872
1.429599e-06	-0.021616
1.431599e-06	-0.021912
1.433599e-06	-0.023688
1.435599e-06	-0.02428
1.437599e-06	-0.0228
1.439599e-06	-0.023984
1.441599e-06	-0.0228
1.443599e-06	-0.023392
1.445599e-06	-0.021616
1.447599e-06	-0.025464
1.449599e-06	-0.023688
1.451599e-06	-0.023688
1.453599e-06	-0.025168
1.455599e-06	-0.027832
1.457599e-06	-0.025464
1.459599e-06	-0.02576
1.461599e-06	-0.025168
1.463599e-06	-0.026056
1.465599e-06	-0.024576
1.467599e-06	-0.026944
1.469599e-06	-0.02428
1.471599e-06	-0.026648
1.473599e-06	-0.02576
1.475599e-06	-0.028128
1.477599e-06	-0.026352
1.479599e-06	-0.025168
1.481599e-06	-0.024576
1.483599e-06	-0.028128
1.485599e-06	-0.025168
1.487599e-06	-0.025168
1.489599e-06	-0.026352
1.491599e-06	-0.026648
1.493599e-06	-0.026648
1.495599e-06	-0.02724
1.497599e-06	-0.027536
1.499599e-06	-0.026944
1.501599e-06	-0.026352
1.503599e-06	-0.02724
1.505599e-06	-0.023984
1.507599e-06	-0.026648
1.509599e-06	-0.027832
1.511599e-06	-0.02724
1.513599e-06	-0.026648
1.515599e-06	-0.02724
1.517599e-06	-0.02576
1.519599e-06	-0.028424
1.521599e-06	-0.026648
1.523599e-06	-0.02872
1.525599e-06	-0.02724
1.527599e-06	-0.028128
1.529599e-06	-0.025464
1.531599e-06	-0.027536
1.533599e-06	-0.026056
1.535599e-06	-0.02576
1.537599e-06	-0.025464
1.539599e-06	-0.02576
1.541599e-06	-0.026056
1.543599e-06	-0.029904
1.545599e-06	-0.026352
1.547599e-06	-0.029016
1.549599e-06	-0.026352
1.551599e-06	-0.028424
1.553599e-06	-0.028424
1.555599e-06	-0.02872
1.557599e-06	-0.026056
1.559599e-06	-0.028128
1.561599e-06	-0.02724
1.563599e-06	-0.028128
1.565599e-06	-0.026056
1.567599e-06	-0.024872
1.569599e-06	-0.024872
1.571599e-06	-0.025464
1.573599e-06	-0.02576
1.575599e-06	-0.027832
1.577599e-06	-0.02576
1.579599e-06	-0.02872
1.581599e-06	-0.02428
1.583599e-06	-0.028128
1.585599e-06	-0.025168
1.587599e-06	-0.02724
1.589599e-06	-0.024872
1.591599e-06	-0.024576
1.593599e-06	-0.024872
1.595599e-06	-0.026648
1.597599e-06	-0.022504
1.599599e-06	-0.023096
1.601599e-06	-0.0228
1.603599e-06	-0.025168
1.605599e-06	-0.02428
1.607599e-06	-0.02428
1.609599e-06	-0.024576
1.611599e-06	-0.023984
1.613599e-06	-0.023984
1.615599e-06	-0.025464
1.617599e-06	-0.024872
1.619599e-06	-0.026056
1.621599e-06	-0.024576
1.623599e-06	-0.02428
1.625599e-06	-0.023688
1.627599e-06	-0.02576
1.629599e-06	-0.023688
1.631599e-06	-0.023392
1.633599e-06	-0.022504
1.635599e-06	-0.023984
1.637599e-06	-0.023392
1.639599e-06	-0.023688
1.641599e-06	-0.0228
1.643599e-06	-0.0228
1.645599e-06	-0.022504
1.647599e-06	-0.02428
1.649599e-06	-0.024576
1.651599e-06	-0.025168
1.653599e-06	-0.022208
1.655599e-06	-0.025168
1.657599e-06	-0.023096
1.659599e-06	-0.025464
1.661599e-06	-0.024872
1.663599e-06	-0.0228
1.665599e-06	-0.021616
1.667599e-06	-0.022504
1.669599e-06	-0.02428
1.671599e-06	-0.023392
1.673599e-06	-0.025464
1.675599e-06	-0.024576
1.677599e-06	-0.023688
1.679599e-06	-0.020728
1.681599e-06	-0.022504
1.683599e-06	-0.024576
1.685599e-06	-0.022504
1.687599e-06	-0.023984
1.689599e-06	-0.021912
1.691599e-06	-0.02428
1.693599e-06	-0.025168
1.695599e-06	-0.02576
1.697599e-06	-0.023688
1.699599e-06	-0.024576
1.701599e-06	-0.02576
1.703599e-06	-0.02428
1.705599e-06	-0.0228
1.707599e-06	-0.024872
1.709599e-06	-0.023096
1.711599e-06	-0.023096
1.713599e-06	-0.023984
1.715599e-06	-0.023688
1.717599e-06	-0.024576
1.719599e-06	-0.023984
1.721599e-06	-0.024576
1.723599e-06	-0.023688
1.725599e-06	-0.023392
1.727599e-06	-0.024576
1.729599e-06	-0.02576
1.731599e-06	-0.027536
1.733599e-06	-0.023984
1.735599e-06	-0.021912
1.737599e-06	-0.023688
1.739599e-06	-0.024872
1.741599e-06	-0.021912
1.743599e-06	-0.023392
1.745599e-06	-0.024872
1.747599e-06	-0.026648
1.749599e-06	-0.026056
1.751599e-06	-0.026056
1.753599e-06	-0.02428
1.755599e-06	-0.023984
1.757599e-06	-0.025464
1.759599e-06	-0.026944
1.761599e-06	-0.02576
1.763599e-06	-0.026056
1.765599e-06	-0.025168
1.767599e-06	-0.025168
1.769599e-06	-0.024576
1.771599e-06	-0.025464
1.773599e-06	-0.025464
1.775599e-06	-0.026648
1.777599e-06	-0.023688
1.779599e-06	-0.025464
1.781599e-06	-0.025464
1.783599e-06	-0.025464
1.785599e-06	-0.026056
1.787599e-06	-0.026352
1.789599e-06	-0.024872
1.791599e-06	-0.025168
1.793599e-06	-0.024872
1.795599e-06	-0.02576
1.797599e-06	-0.026056
1.799599e-06	-0.028424
1.801599e-06	-0.026944
1.803599e-06	-0.02576
1.805599e-06	-0.026056
1.807599e-06	-0.025464
1.809599e-06	-0.025464
1.811599e-06	-0.027832
1.813599e-06	-0.02872
1.815599e-06	-0.02576
1.817599e-06	-0.026056
1.819599e-06	-0.027832
1.821599e-06	-0.027536
1.823599e-06	-0.029608
1.825599e-06	-0.028424
1.827599e-06	-0.028128
1.829599e-06	-0.026056
1.831599e-06	-0.027536
1.833599e-06	-0.027832
1.835599e-06	-0.027536
1.837599e-06	-0.026944
1.839599e-06	-0.028424
1.841599e-06	-0.02724
1.843599e-06	-0.026056
1.845599e-06	-0.027536
1.847599e-06	-0.028424
1.849599e-06	-0.02724
1.851599e-06	-0.027832
1.853599e-06	-0.025168
1.855599e-06	-0.026648
1.857599e-06	-0.02428
1.859599e-06	-0.027832
1.861599e-06	-0.026056
1.863599e-06	-0.028424
1.865599e-06	-0.026352
1.867599e-06	-0.024576
1.869599e-06	-0.023688
1.871599e-06	-0.02872
1.873599e-06	-0.026352
1.875599e-06	-0.026056
1.877599e-06	-0.021912
1.879599e-06	-0.025464
1.881599e-06	-0.025168
1.883599e-06	-0.02576
1.885599e-06	-0.023984
1.887599e-06	-0.025168
1.889599e-06	-0.026056
1.891599e-06	-0.026056
1.893599e-06	-0.024872
1.895599e-06	-0.024872
1.897599e-06	-0.025464
1.899599e-06	-0.028128
1.901599e-06	-0.02576
1.903599e-06	-0.027832
1.905599e-06	-0.026648
1.907599e-06	-0.026944
1.909599e-06	-0.026352
1.911599e-06	-0.026352
1.913599e-06	-0.026056
1.915599e-06	-0.026352
1.917599e-06	-0.025464
1.919599e-06	-0.026648
1.921599e-06	-0.02724
1.923599e-06	-0.02872
1.925599e-06	-0.026056
1.927599e-06	-0.028128
1.929599e-06	-0.026648
1.931599e-06	-0.028424
1.933599e-06	-0.026648
1.935599e-06	-0.02724
1.937599e-06	-0.027536
1.939599e-06	-0.02724
1.941599e-06	-0.02724
1.943599e-06	-0.029608
1.945599e-06	-0.028128
1.947599e-06	-0.029904
1.949599e-06	-0.028424
1.951599e-06	-0.026648
1.953599e-06	-0.028128
1.955599e-06	-0.027832
1.957599e-06	-0.027832
1.959599e-06	-0.027536
1.961599e-06	-0.02724
1.963599e-06	-0.029016
1.965599e-06	-0.029312
1.967599e-06	-0.027832
1.969599e-06	-0.027832
1.971599e-06	-0.027536
1.973599e-06	-0.026944
1.975599e-06	-0.02724
1.977599e-06	-0.02724
1.979599e-06	-0.027536
1.981599e-06	-0.02576
1.983599e-06	-0.024872
1.985599e-06	-0.023984
1.987599e-06	-0.02724
1.989599e-06	-0.023688
1.991599e-06	-0.023096
1.993599e-06	-0.023096
1.995599e-06	-0.023096
1.997599e-06	-0.023984
1.999599e-06	-0.024576
2.001599e-06	-0.0228
2.003599e-06	-0.024872
2.005599e-06	-0.024576
2.007599e-06	-0.025168
2.009599e-06	-0.02428
2.011599e-06	-0.024872
2.013599e-06	-0.024576
2.015599e-06	-0.023984
2.017599e-06	-0.023392
2.019599e-06	-0.025464
2.021599e-06	-0.026056
2.023599e-06	-0.025464
2.025599e-06	-0.024576
2.027599e-06	-0.025464
2.029599e-06	-0.024576
2.031599e-06	-0.023984
2.033599e-06	-0.023096
2.035599e-06	-0.027536
2.037599e-06	-0.02576
2.039599e-06	-0.025464
2.041599e-06	-0.023392
2.043599e-06	-0.023984
2.045599e-06	-0.02428
2.047599e-06	-0.023984
2.049599e-06	-0.023688
2.051599e-06	-0.023984
2.053599e-06	-0.02428
2.055599e-06	-0.02428
2.057599e-06	-0.024872
2.059599e-06	-0.025464
2.061599e-06	-0.02428
2.063599e-06	-0.023984
2.065599e-06	-0.023688
2.067599e-06	-0.025168
2.069599e-06	-0.023984
2.071599e-06	-0.02428
2.073599e-06	-0.024576
2.075599e-06	-0.02428
2.077599e-06	-0.022208
2.079599e-06	-0.023096
2.081599e-06	-0.021912
2.083599e-06	-0.025464
2.085599e-06	-0.024872
2.087599e-06	-0.023096
2.089599e-06	-0.0228
2.091599e-06	-0.024872
2.093599e-06	-0.024576
2.095599e-06	-0.026056
2.097599e-06	-0.023984
2.099599e-06	-0.023984
2.101599e-06	-0.023392
2.103599e-06	-0.024576
2.105599e-06	-0.023096
2.107599e-06	-0.024576
2.109599e-06	-0.02576
2.111599e-06	-0.024872
2.113599e-06	-0.02724
2.115599e-06	-0.026648
2.117599e-06	-0.025464
2.119599e-06	-0.024576
2.121599e-06	-0.023688
2.123599e-06	-0.028424
2.125599e-06	-0.02724
2.127599e-06	-0.026056
2.129599e-06	-0.0228
2.131599e-06	-0.02428
2.133599e-06	-0.02576
2.135599e-06	-0.027536
2.137599e-06	-0.026056
2.139599e-06	-0.026352
2.141599e-06	-0.026056
2.143599e-06	-0.028424
2.145599e-06	-0.028128
2.147599e-06	-0.025464
2.149599e-06	-0.026352
2.151599e-06	-0.026352
2.153599e-06	-0.026648
2.155599e-06	-0.026352
2.157599e-06	-0.025464
2.159599e-06	-0.024872
2.161599e-06	-0.02576
2.163599e-06	-0.026944
2.165599e-06	-0.024576
2.167599e-06	-0.02576
2.169599e-06	-0.026352
2.171599e-06	-0.026352
2.173599e-06	-0.027536
2.175599e-06	-0.025464
2.177599e-06	-0.023392
2.179599e-06	-0.025168
2.181599e-06	-0.024872
2.183599e-06	-0.025464
2.185599e-06	-0.024576
2.187599e-06	-0.026056
2.189599e-06	-0.025168
2.191599e-06	-0.024576
2.193599e-06	-0.024872
2.195599e-06	-0.026352
2.197599e-06	-0.026056
2.199599e-06	-0.025168
2.201599e-06	-0.023984
2.203599e-06	-0.026056
2.205599e-06	-0.02576
2.207599e-06	-0.02724
2.209599e-06	-0.026056
2.211599e-06	-0.026352
2.213599e-06	-0.026352
2.215599e-06	-0.026056
2.217599e-06	-0.023688
2.219599e-06	-0.025168
2.221599e-06	-0.024872
2.223599e-06	-0.026056
2.225599e-06	-0.023392
2.227599e-06	-0.027536
2.229599e-06	-0.02428
2.231599e-06	-0.024872
2.233599e-06	-0.02428
2.235599e-06	-0.025168
2.237599e-06	-0.025464
2.239599e-06	-0.024576
2.241599e-06	-0.02428
2.243599e-06	-0.027832
2.245599e-06	-0.023392
2.247599e-06	-0.02428
2.249599e-06	-0.0228
2.251599e-06	-0.02428
2.253599e-06	-0.024576
2.255599e-06	-0.02428
2.257599e-06	-0.024872
2.259599e-06	-0.02428
2.261599e-06	-0.021912
2.263599e-06	-0.023984
2.265599e-06	-0.021912
2.267599e-06	-0.02428
2.269599e-06	-0.023984
2.271599e-06	-0.023688
2.273599e-06	-0.02132
2.275599e-06	-0.0228
2.277599e-06	-0.021912
2.279599e-06	-0.025168
2.281599e-06	-0.0228
2.283599e-06	-0.02576
2.285599e-06	-0.022208
2.287599e-06	-0.023096
2.289599e-06	-0.023096
2.291599e-06	-0.023096
2.293599e-06	-0.022504
2.295599e-06	-0.021024
2.297599e-06	-0.020432
2.299599e-06	-0.023096
2.301599e-06	-0.02132
2.303599e-06	-0.022504
2.305599e-06	-0.021912
2.307599e-06	-0.021024
2.309599e-06	-0.019544
2.311599e-06	-0.022208
2.313599e-06	-0.021616
2.315599e-06	-0.020728
2.317599e-06	-0.01984
2.319599e-06	-0.021024
2.321599e-06	-0.020728
2.323599e-06	-0.022208
2.325599e-06	-0.01984
2.327599e-06	-0.020432
2.329599e-06	-0.020432
2.331599e-06	-0.020728
2.333599e-06	-0.01836
2.335599e-06	-0.02132
2.337599e-06	-0.01984
2.339599e-06	-0.020728
2.341599e-06	-0.018952
2.343599e-06	-0.020728
2.345599e-06	-0.019248
2.347599e-06	-0.021616
2.349599e-06	-0.019248
2.351599e-06	-0.020136
2.353599e-06	-0.020136
2.355599e-06	-0.021912
2.357599e-06	-0.021616
2.359599e-06	-0.021912
2.361599e-06	-0.020728
2.363599e-06	-0.02132
2.365599e-06	-0.020432
2.367599e-06	-0.01984
2.369599e-06	-0.020432
2.371599e-06	-0.020728
2.373599e-06	-0.020432
2.375599e-06	-0.019248
2.377599e-06	-0.018952
2.379599e-06	-0.020136
2.381599e-06	-0.01836
2.383599e-06	-0.018952
2.385599e-06	-0.021024
2.387599e-06	-0.021024
2.389599e-06	-0.019248
2.391599e-06	-0.01984
2.393599e-06	-0.019248
2.395599e-06	-0.019544
2.397599e-06	-0.020432
2.399599e-06	-0.01984
2.401599e-06	-0.017768
2.403599e-06	-0.018952
2.405599e-06	-0.01688
2.407599e-06	-0.017472
2.409599e-06	-0.017768
2.411599e-06	-0.018656
2.413599e-06	-0.018656
2.415599e-06	-0.019544
2.417599e-06	-0.017472
2.419599e-06	-0.015992
2.421599e-06	-0.016584
2.423599e-06	-0.018656
2.425599e-06	-0.017768
2.427599e-06	-0.016584
2.429599e-06	-0.01836
2.431599e-06	-0.018952
2.433599e-06	-0.016288
2.435599e-06	-0.018064
2.437599e-06	-0.016584
2.439599e-06	-0.019248
2.441599e-06	-0.019544
2.443599e-06	-0.020136
2.445599e-06	-0.017176
2.447599e-06	-0.01836
2.449599e-06	-0.019544
2.451599e-06	-0.019248
2.453599e-06	-0.01688
2.455599e-06	-0.016584
2.457599e-06	-0.014512
2.459599e-06	-0.017472
2.461599e-06	-0.01688
2.463599e-06	-0.018952
2.465599e-06	-0.018952
2.467599e-06	-0.017472
2.469599e-06	-0.0154
2.471599e-06	-0.018064
2.473599e-06	-0.017176
2.475599e-06	-0.01836
2.477599e-06	-0.017472
2.479599e-06	-0.01836
2.481599e-06	-0.016584
2.483599e-06	-0.01836
2.485599e-06	-0.01836
2.487599e-06	-0.019248
2.489599e-06	-0.017472
2.491599e-06	-0.019544
2.493599e-06	-0.017472
2.495599e-06	-0.017472
2.497599e-06	-0.018656
2.499599e-06	-0.018656
2.501599e-06	-0.016584
