LECROYHDO6104A	50809	Waveform
Segments	1	SegmentSize	2502
Segment	TrigTime	TimeSinceSegment1
#1	19-Dec-2022 19:25:04	0                 
Time	Ampl
-2.490374e-06	-0.0177696
-2.488374e-06	-0.0180134
-2.486374e-06	-0.0179816
-2.484374e-06	-0.0176
-2.482374e-06	-0.017547
-2.480374e-06	-0.0178862
-2.478374e-06	-0.0180558
-2.476374e-06	-0.0180664
-2.474374e-06	-0.0176636
-2.472374e-06	-0.0177802
-2.470374e-06	-0.0178332
-2.468374e-06	-0.0177272
-2.466374e-06	-0.0177908
-2.464374e-06	-0.0177908
-2.462374e-06	-0.0177908
-2.460374e-06	-0.0177696
-2.458374e-06	-0.0179498
-2.456374e-06	-0.0180982
-2.454374e-06	-0.0183208
-2.452374e-06	-0.0181724
-2.450374e-06	-0.0180664
-2.448374e-06	-0.0180346
-2.446374e-06	-0.0180664
-2.444374e-06	-0.0178544
-2.442374e-06	-0.0180876
-2.440374e-06	-0.018342
-2.438374e-06	-0.0183526
-2.436374e-06	-0.0183102
-2.434374e-06	-0.0184692
-2.432374e-06	-0.018448
-2.430374e-06	-0.0186176
-2.428374e-06	-0.018819
-2.426374e-06	-0.0190416
-2.424374e-06	-0.0192536
-2.422374e-06	-0.0196352
-2.420374e-06	-0.0200274
-2.418374e-06	-0.0202182
-2.416374e-06	-0.0201758
-2.414374e-06	-0.0203136
-2.412374e-06	-0.0206422
-2.410374e-06	-0.0205468
-2.408374e-06	-0.0203878
-2.406374e-06	-0.0204408
-2.404374e-06	-0.02078
-2.402374e-06	-0.0211404
-2.400374e-06	-0.0214478
-2.398374e-06	-0.0218082
-2.396374e-06	-0.021946
-2.394374e-06	-0.022052
-2.392374e-06	-0.0220732
-2.390374e-06	-0.0218718
-2.388374e-06	-0.021734
-2.386374e-06	-0.0214372
-2.384374e-06	-0.0215114
-2.382374e-06	-0.0218294
-2.380374e-06	-0.021681
-2.378374e-06	-0.0212676
-2.376374e-06	-0.0212782
-2.374374e-06	-0.021734
-2.372374e-06	-0.0215432
-2.370374e-06	-0.0212358
-2.368374e-06	-0.0206104
-2.366374e-06	-0.0206528
-2.364374e-06	-0.0208436
-2.362374e-06	-0.0209708
-2.360374e-06	-0.0209708
-2.358374e-06	-0.0210344
-2.356374e-06	-0.0211616
-2.354374e-06	-0.0215538
-2.352374e-06	-0.021522
-2.350374e-06	-0.0217234
-2.348374e-06	-0.0220414
-2.346374e-06	-0.0224018
-2.344374e-06	-0.0220944
-2.342374e-06	-0.0218612
-2.340374e-06	-0.0219778
-2.338374e-06	-0.0219778
-2.336374e-06	-0.0220838
-2.334374e-06	-0.0223912
-2.332374e-06	-0.0221686
-2.330374e-06	-0.0222004
-2.328374e-06	-0.0218612
-2.326374e-06	-0.021734
-2.324374e-06	-0.0218824
-2.322374e-06	-0.0217446
-2.320374e-06	-0.0215856
-2.318374e-06	-0.0214796
-2.316374e-06	-0.0214584
-2.314374e-06	-0.0213842
-2.312374e-06	-0.0210662
-2.310374e-06	-0.0208648
-2.308374e-06	-0.0208754
-2.306374e-06	-0.0205574
-2.304374e-06	-0.0204832
-2.302374e-06	-0.0202288
-2.300374e-06	-0.0200274
-2.298374e-06	-0.020038
-2.296374e-06	-0.020038
-2.294374e-06	-0.0200486
-2.292374e-06	-0.0199532
-2.290374e-06	-0.0196988
-2.288374e-06	-0.0198472
-2.286374e-06	-0.0200168
-2.284374e-06	-0.0197624
-2.282374e-06	-0.019932
-2.280374e-06	-0.0198154
-2.278374e-06	-0.019932
-2.276374e-06	-0.019826
-2.274374e-06	-0.0198366
-2.272374e-06	-0.0196458
-2.270374e-06	-0.019455
-2.268374e-06	-0.019296
-2.266374e-06	-0.0193066
-2.264374e-06	-0.0193278
-2.262374e-06	-0.01919
-2.260374e-06	-0.0191476
-2.258374e-06	-0.0189886
-2.256374e-06	-0.018872
-2.254374e-06	-0.0186176
-2.252374e-06	-0.0185328
-2.250374e-06	-0.018183
-2.248374e-06	-0.0180028
-2.246374e-06	-0.017918
-2.244374e-06	-0.0178438
-2.242374e-06	-0.0180134
-2.240374e-06	-0.0178968
-2.238374e-06	-0.0178544
-2.236374e-06	-0.0176954
-2.234374e-06	-0.0177908
-2.232374e-06	-0.018024
-2.230374e-06	-0.018183
-2.228374e-06	-0.018024
-2.226374e-06	-0.0178756
-2.224374e-06	-0.0180134
-2.222374e-06	-0.0181512
-2.220374e-06	-0.0181088
-2.218374e-06	-0.0182572
-2.216374e-06	-0.018077
-2.214374e-06	-0.0183314
-2.212374e-06	-0.0185328
-2.210374e-06	-0.0185434
-2.208374e-06	-0.0184056
-2.206374e-06	-0.0186176
-2.204374e-06	-0.0184692
-2.202374e-06	-0.018607
-2.200374e-06	-0.0185328
-2.198374e-06	-0.0184056
-2.196374e-06	-0.0182466
-2.194374e-06	-0.0182042
-2.192374e-06	-0.0181088
-2.190374e-06	-0.0179498
-2.188374e-06	-0.0177484
-2.186374e-06	-0.0177484
-2.184374e-06	-0.0178438
-2.182374e-06	-0.0178544
-2.180374e-06	-0.0181088
-2.178374e-06	-0.018077
-2.176374e-06	-0.0179074
-2.174374e-06	-0.0176212
-2.172374e-06	-0.0177378
-2.170374e-06	-0.0179392
-2.168374e-06	-0.017706
-2.166374e-06	-0.0178332
-2.164374e-06	-0.0178226
-2.162374e-06	-0.0177378
-2.160374e-06	-0.0176318
-2.158374e-06	-0.0177166
-2.156374e-06	-0.018077
-2.154374e-06	-0.0182254
-2.152374e-06	-0.0181512
-2.150374e-06	-0.0181512
-2.148374e-06	-0.0178862
-2.146374e-06	-0.0180028
-2.144374e-06	-0.0178968
-2.142374e-06	-0.018077
-2.140374e-06	-0.0181618
-2.138374e-06	-0.0179286
-2.136374e-06	-0.0178226
-2.134374e-06	-0.0174728
-2.132374e-06	-0.0172714
-2.130374e-06	-0.0171972
-2.128374e-06	-0.0169852
-2.126374e-06	-0.0168368
-2.124374e-06	-0.0169534
-2.122374e-06	-0.0168368
-2.120374e-06	-0.0171972
-2.118374e-06	-0.0173562
-2.116374e-06	-0.0175682
-2.114374e-06	-0.0176212
-2.112374e-06	-0.017918
-2.110374e-06	-0.0178438
-2.108374e-06	-0.017706
-2.106374e-06	-0.017335
-2.104374e-06	-0.0173032
-2.102374e-06	-0.0171336
-2.100374e-06	-0.0171018
-2.098374e-06	-0.0170382
-2.096374e-06	-0.0171972
-2.094374e-06	-0.017282
-2.092374e-06	-0.0175152
-2.090374e-06	-0.0175046
-2.088374e-06	-0.0175152
-2.086374e-06	-0.017812
-2.084374e-06	-0.0175894
-2.082374e-06	-0.0176848
-2.080374e-06	-0.0174622
-2.078374e-06	-0.017388
-2.076374e-06	-0.0175258
-2.074374e-06	-0.0179286
-2.072374e-06	-0.0178968
-2.070374e-06	-0.018024
-2.068374e-06	-0.0180664
-2.066374e-06	-0.0182042
-2.064374e-06	-0.0181406
-2.062374e-06	-0.0181512
-2.060374e-06	-0.0180134
-2.058374e-06	-0.0180028
-2.056374e-06	-0.0180876
-2.054374e-06	-0.0181618
-2.052374e-06	-0.01813
-2.050374e-06	-0.0178544
-2.048374e-06	-0.0178014
-2.046374e-06	-0.017494
-2.044374e-06	-0.017282
-2.042374e-06	-0.0175894
-2.040374e-06	-0.0175788
-2.038374e-06	-0.0175364
-2.036374e-06	-0.017494
-2.034374e-06	-0.0178332
-2.032374e-06	-0.0179922
-2.030374e-06	-0.0183526
-2.028374e-06	-0.0183314
-2.026374e-06	-0.0185116
-2.024374e-06	-0.0187766
-2.022374e-06	-0.0186812
-2.020374e-06	-0.0184798
-2.018374e-06	-0.0184268
-2.016374e-06	-0.018289
-2.014374e-06	-0.0182784
-2.012374e-06	-0.018395
-2.010374e-06	-0.018395
-2.008374e-06	-0.0182254
-2.006374e-06	-0.018448
-2.004374e-06	-0.018236
-2.002374e-06	-0.018289
-2.000374e-06	-0.0183208
-1.998374e-06	-0.0183738
-1.996374e-06	-0.0184056
-1.994374e-06	-0.018289
-1.992374e-06	-0.0182466
-1.990374e-06	-0.0187554
-1.988374e-06	-0.018978
-1.986374e-06	-0.0192324
-1.984374e-06	-0.019402
-1.982374e-06	-0.0195928
-1.980374e-06	-0.0198366
-1.978374e-06	-0.0200062
-1.976374e-06	-0.020091
-1.974374e-06	-0.020091
-1.972374e-06	-0.0201652
-1.970374e-06	-0.0202076
-1.968374e-06	-0.020303
-1.966374e-06	-0.0203772
-1.964374e-06	-0.0200698
-1.962374e-06	-0.0199956
-1.960374e-06	-0.0196246
-1.958374e-06	-0.0194868
-1.956374e-06	-0.019349
-1.954374e-06	-0.0191264
-1.952374e-06	-0.0189568
-1.950374e-06	-0.019031
-1.948374e-06	-0.019084
-1.946374e-06	-0.0193808
-1.944374e-06	-0.0193808
-1.942374e-06	-0.0192006
-1.940374e-06	-0.0189038
-1.938374e-06	-0.0187872
-1.936374e-06	-0.0186494
-1.934374e-06	-0.0185858
-1.932374e-06	-0.0183844
-1.930374e-06	-0.018448
-1.928374e-06	-0.0181406
-1.926374e-06	-0.0178226
-1.924374e-06	-0.0176212
-1.922374e-06	-0.017706
-1.920374e-06	-0.0177378
-1.918374e-06	-0.0176742
-1.916374e-06	-0.017494
-1.914374e-06	-0.0176212
-1.912374e-06	-0.0175894
-1.910374e-06	-0.017706
-1.908374e-06	-0.0178544
-1.906374e-06	-0.0179286
-1.904374e-06	-0.0176212
-1.902374e-06	-0.0177908
-1.900374e-06	-0.0176318
-1.898374e-06	-0.0176954
-1.896374e-06	-0.017759
-1.894374e-06	-0.0177802
-1.892374e-06	-0.0175364
-1.890374e-06	-0.0173668
-1.888374e-06	-0.0175046
-1.886374e-06	-0.0175258
-1.884374e-06	-0.017229
-1.882374e-06	-0.016699
-1.880374e-06	-0.0163386
-1.878374e-06	-0.0160418
-1.876374e-06	-0.0157026
-1.874374e-06	-0.0157026
-1.872374e-06	-0.0154482
-1.870374e-06	-0.0153422
-1.868374e-06	-0.0151302
-1.866374e-06	-0.0150666
-1.864374e-06	-0.0149712
-1.862374e-06	-0.015162
-1.860374e-06	-0.0152256
-1.858374e-06	-0.0155012
-1.856374e-06	-0.0157768
-1.854374e-06	-0.0161054
-1.852374e-06	-0.016275
-1.850374e-06	-0.0162644
-1.848374e-06	-0.0162008
-1.846374e-06	-0.0162432
-1.844374e-06	-0.016222
-1.842374e-06	-0.0162962
-1.840374e-06	-0.0161054
-1.838374e-06	-0.0160736
-1.836374e-06	-0.0162644
-1.834374e-06	-0.0161478
-1.832374e-06	-0.0161372
-1.830374e-06	-0.01601
-1.828374e-06	-0.0160206
-1.826374e-06	-0.01601
-1.824374e-06	-0.0160312
-1.822374e-06	-0.0162538
-1.820374e-06	-0.0166566
-1.818374e-06	-0.0168156
-1.816374e-06	-0.0168474
-1.814374e-06	-0.0168262
-1.812374e-06	-0.0169852
-1.810374e-06	-0.0172184
-1.808374e-06	-0.0172608
-1.806374e-06	-0.017441
-1.804374e-06	-0.0174622
-1.802374e-06	-0.0178226
-1.800374e-06	-0.017918
-1.798374e-06	-0.018236
-1.796374e-06	-0.018289
-1.794374e-06	-0.018395
-1.792374e-06	-0.018183
-1.790374e-06	-0.01813
-1.788374e-06	-0.0181088
-1.786374e-06	-0.0184056
-1.784374e-06	-0.018342
-1.782374e-06	-0.0185116
-1.780374e-06	-0.0184586
-1.778374e-06	-0.0185434
-1.776374e-06	-0.018342
-1.774374e-06	-0.018342
-1.772374e-06	-0.0184692
-1.770374e-06	-0.018501
-1.768374e-06	-0.0187236
-1.766374e-06	-0.0188508
-1.764374e-06	-0.0186494
-1.762374e-06	-0.0185116
-1.760374e-06	-0.0187024
-1.758374e-06	-0.0187766
-1.756374e-06	-0.0185116
-1.754374e-06	-0.0183526
-1.752374e-06	-0.0182254
-1.750374e-06	-0.0184268
-1.748374e-06	-0.018077
-1.746374e-06	-0.0183314
-1.744374e-06	-0.0184268
-1.742374e-06	-0.0185222
-1.740374e-06	-0.0186706
-1.738374e-06	-0.0187024
-1.736374e-06	-0.0187766
-1.734374e-06	-0.018713
-1.732374e-06	-0.0184268
-1.730374e-06	-0.0186918
-1.728374e-06	-0.0185646
-1.726374e-06	-0.0188932
-1.724374e-06	-0.0186706
-1.722374e-06	-0.0186706
-1.720374e-06	-0.0187978
-1.718374e-06	-0.0188296
-1.716374e-06	-0.0193914
-1.714374e-06	-0.0194656
-1.712374e-06	-0.0193808
-1.710374e-06	-0.0192324
-1.708374e-06	-0.0189462
-1.706374e-06	-0.0189462
-1.704374e-06	-0.0191052
-1.702374e-06	-0.0190734
-1.700374e-06	-0.0188932
-1.698374e-06	-0.0188402
-1.696374e-06	-0.0187024
-1.694374e-06	-0.018554
-1.692374e-06	-0.018342
-1.690374e-06	-0.0180452
-1.688374e-06	-0.0177166
-1.686374e-06	-0.0175258
-1.684374e-06	-0.0171866
-1.682374e-06	-0.0172714
-1.680374e-06	-0.0173032
-1.678374e-06	-0.0175682
-1.676374e-06	-0.0174092
-1.674374e-06	-0.0173668
-1.672374e-06	-0.0174304
-1.670374e-06	-0.0175894
-1.668374e-06	-0.0173456
-1.666374e-06	-0.0173032
-1.664374e-06	-0.0173032
-1.662374e-06	-0.0171972
-1.660374e-06	-0.0170382
-1.658374e-06	-0.0169004
-1.656374e-06	-0.0169852
-1.654374e-06	-0.0168686
-1.652374e-06	-0.0168898
-1.650374e-06	-0.0171972
-1.648374e-06	-0.0172714
-1.646374e-06	-0.0174092
-1.644374e-06	-0.0176848
-1.642374e-06	-0.0177272
-1.640374e-06	-0.0176212
-1.638374e-06	-0.0175364
-1.636374e-06	-0.0171548
-1.634374e-06	-0.017176
-1.632374e-06	-0.0171018
-1.630374e-06	-0.017282
-1.628374e-06	-0.0174198
-1.626374e-06	-0.0175152
-1.624374e-06	-0.0176212
-1.622374e-06	-0.0176954
-1.620374e-06	-0.0177378
-1.618374e-06	-0.0178968
-1.616374e-06	-0.0180028
-1.614374e-06	-0.0177908
-1.612374e-06	-0.0177696
-1.610374e-06	-0.0180028
-1.608374e-06	-0.0179286
-1.606374e-06	-0.0178862
-1.604374e-06	-0.0180664
-1.602374e-06	-0.0179392
-1.600374e-06	-0.0179816
-1.598374e-06	-0.0178756
-1.596374e-06	-0.0177484
-1.594374e-06	-0.0178544
-1.592374e-06	-0.0178438
-1.590374e-06	-0.018024
-1.588374e-06	-0.0180982
-1.586374e-06	-0.0178332
-1.584374e-06	-0.017971
-1.582374e-06	-0.0180664
-1.580374e-06	-0.0180876
-1.578374e-06	-0.018236
-1.576374e-06	-0.018236
-1.574374e-06	-0.0182042
-1.572374e-06	-0.0180982
-1.570374e-06	-0.0181936
-1.568374e-06	-0.0180028
-1.566374e-06	-0.0181194
-1.564374e-06	-0.017971
-1.562374e-06	-0.0179498
-1.560374e-06	-0.0178544
-1.558374e-06	-0.01813
-1.556374e-06	-0.0181194
-1.554374e-06	-0.018077
-1.552374e-06	-0.0178014
-1.550374e-06	-0.0177908
-1.548374e-06	-0.0177908
-1.546374e-06	-0.0175576
-1.544374e-06	-0.0172714
-1.542374e-06	-0.0170382
-1.540374e-06	-0.0170912
-1.538374e-06	-0.0171124
-1.536374e-06	-0.0168262
-1.534374e-06	-0.0166566
-1.532374e-06	-0.0164658
-1.530374e-06	-0.016222
-1.528374e-06	-0.0161478
-1.526374e-06	-0.016063
-1.524374e-06	-0.0160418
-1.522374e-06	-0.0160312
-1.520374e-06	-0.015957
-1.518374e-06	-0.0159782
-1.516374e-06	-0.015851
-1.514374e-06	-0.0158934
-1.512374e-06	-0.015533
-1.510374e-06	-0.01548
-1.508374e-06	-0.0158722
-1.506374e-06	-0.0162856
-1.504374e-06	-0.0164022
-1.502374e-06	-0.0166566
-1.500374e-06	-0.0166884
-1.498374e-06	-0.0168474
-1.496374e-06	-0.017017
-1.494374e-06	-0.0171972
-1.492374e-06	-0.0173774
-1.490374e-06	-0.0176742
-1.488374e-06	-0.0177802
-1.486374e-06	-0.0177166
-1.484374e-06	-0.0175788
-1.482374e-06	-0.0176318
-1.480374e-06	-0.0176106
-1.478374e-06	-0.0177166
-1.476374e-06	-0.0174834
-1.474374e-06	-0.0173138
-1.472374e-06	-0.0172078
-1.470374e-06	-0.017282
-1.468374e-06	-0.0172926
-1.466374e-06	-0.0173138
-1.464374e-06	-0.0175894
-1.462374e-06	-0.0180134
-1.460374e-06	-0.0177378
-1.458374e-06	-0.017812
-1.456374e-06	-0.0178968
-1.454374e-06	-0.017918
-1.452374e-06	-0.017865
-1.450374e-06	-0.0177378
-1.448374e-06	-0.017547
-1.446374e-06	-0.0173774
-1.444374e-06	-0.0172078
-1.442374e-06	-0.017653
-1.440374e-06	-0.0175682
-1.438374e-06	-0.0176636
-1.436374e-06	-0.017706
-1.434374e-06	-0.0176636
-1.432374e-06	-0.0175364
-1.430374e-06	-0.0175576
-1.428374e-06	-0.0178438
-1.426374e-06	-0.0179816
-1.424374e-06	-0.0181618
-1.422374e-06	-0.0185222
-1.420374e-06	-0.018395
-1.418374e-06	-0.0182784
-1.416374e-06	-0.0180876
-1.414374e-06	-0.0182678
-1.412374e-06	-0.01813
-1.410374e-06	-0.0180982
-1.408374e-06	-0.018183
-1.406374e-06	-0.0181618
-1.404374e-06	-0.017865
-1.402374e-06	-0.0178014
-1.400374e-06	-0.0176318
-1.398374e-06	-0.0179286
-1.396374e-06	-0.0178862
-1.394374e-06	-0.0180134
-1.392374e-06	-0.0180134
-1.390374e-06	-0.0183844
-1.388374e-06	-0.0183314
-1.386374e-06	-0.0183208
-1.384374e-06	-0.018448
-1.382374e-06	-0.0184374
-1.380374e-06	-0.018607
-1.378374e-06	-0.01866
-1.376374e-06	-0.0184692
-1.374374e-06	-0.0187024
-1.372374e-06	-0.0184904
-1.370374e-06	-0.0187236
-1.368374e-06	-0.0188932
-1.366374e-06	-0.0194126
-1.364374e-06	-0.0196458
-1.362374e-06	-0.0195822
-1.360374e-06	-0.0195504
-1.358374e-06	-0.0198684
-1.356374e-06	-0.0199426
-1.354374e-06	-0.019826
-1.352374e-06	-0.0197306
-1.350374e-06	-0.019932
-1.348374e-06	-0.0198684
-1.346374e-06	-0.0201228
-1.344374e-06	-0.02025
-1.342374e-06	-0.020515
-1.340374e-06	-0.0203454
-1.338374e-06	-0.0200486
-1.336374e-06	-0.019932
-1.334374e-06	-0.020144
-1.332374e-06	-0.0202182
-1.330374e-06	-0.019985
-1.328374e-06	-0.0202394
-1.326374e-06	-0.019985
-1.324374e-06	-0.0198896
-1.322374e-06	-0.0198896
-1.320374e-06	-0.0199744
-1.318374e-06	-0.0199532
-1.316374e-06	-0.019879
-1.314374e-06	-0.0199214
-1.312374e-06	-0.0200062
-1.310374e-06	-0.01972
-1.308374e-06	-0.0198896
-1.306374e-06	-0.0198366
-1.304374e-06	-0.0196988
-1.302374e-06	-0.0197942
-1.300374e-06	-0.0197094
-1.298374e-06	-0.0193702
-1.296374e-06	-0.0191476
-1.294374e-06	-0.019243
-1.292374e-06	-0.0190946
-1.290374e-06	-0.0189356
-1.288374e-06	-0.0188826
-1.286374e-06	-0.0190522
-1.284374e-06	-0.018872
-1.282374e-06	-0.0187766
-1.280374e-06	-0.0183844
-1.278374e-06	-0.0185858
-1.276374e-06	-0.0187448
-1.274374e-06	-0.0187978
-1.272374e-06	-0.0185964
-1.270374e-06	-0.018395
-1.268374e-06	-0.0180028
-1.266374e-06	-0.018342
-1.264374e-06	-0.0183526
-1.262374e-06	-0.0183632
-1.260374e-06	-0.0182042
-1.258374e-06	-0.0178968
-1.256374e-06	-0.0178332
-1.254374e-06	-0.017759
-1.252374e-06	-0.0173774
-1.250374e-06	-0.0173032
-1.248374e-06	-0.0172184
-1.246374e-06	-0.0171972
-1.244374e-06	-0.0169852
-1.242374e-06	-0.0166672
-1.240374e-06	-0.0166778
-1.238374e-06	-0.0167308
-1.236374e-06	-0.016593
-1.234374e-06	-0.0164552
-1.232374e-06	-0.0164234
-1.230374e-06	-0.0167202
-1.228374e-06	-0.0164234
-1.226374e-06	-0.016381
-1.224374e-06	-0.016275
-1.222374e-06	-0.016275
-1.220374e-06	-0.016222
-1.218374e-06	-0.0162326
-1.216374e-06	-0.0161902
-1.214374e-06	-0.0159994
-1.212374e-06	-0.0160842
-1.210374e-06	-0.0159994
-1.208374e-06	-0.0159888
-1.206374e-06	-0.0162856
-1.204374e-06	-0.016063
-1.202374e-06	-0.0160418
-1.200374e-06	-0.015851
-1.198374e-06	-0.015745
-1.196374e-06	-0.0157238
-1.194374e-06	-0.0159146
-1.192374e-06	-0.016222
-1.190374e-06	-0.0163916
-1.188374e-06	-0.0166778
-1.186374e-06	-0.0165718
-1.184374e-06	-0.0166672
-1.182374e-06	-0.0169428
-1.180374e-06	-0.0168792
-1.178374e-06	-0.0168474
-1.176374e-06	-0.0169322
-1.174374e-06	-0.0172184
-1.172374e-06	-0.0172502
-1.170374e-06	-0.0170488
-1.168374e-06	-0.0171336
-1.166374e-06	-0.0172608
-1.164374e-06	-0.0175258
-1.162374e-06	-0.0173986
-1.160374e-06	-0.0172184
-1.158374e-06	-0.0175152
-1.156374e-06	-0.0175576
-1.154374e-06	-0.0175152
-1.152374e-06	-0.017759
-1.150374e-06	-0.0176848
-1.148374e-06	-0.017865
-1.146374e-06	-0.0182254
-1.144374e-06	-0.0180452
-1.142374e-06	-0.0179286
-1.140374e-06	-0.0181618
-1.138374e-06	-0.0183314
-1.136374e-06	-0.0182466
-1.134374e-06	-0.0185434
-1.132374e-06	-0.0185964
-1.130374e-06	-0.0188084
-1.128374e-06	-0.018872
-1.126374e-06	-0.0189356
-1.124374e-06	-0.018819
-1.122374e-06	-0.0189356
-1.120374e-06	-0.0188402
-1.118374e-06	-0.0192642
-1.116374e-06	-0.019296
-1.114374e-06	-0.0190734
-1.112374e-06	-0.0190098
-1.110374e-06	-0.0192536
-1.108374e-06	-0.0193384
-1.106374e-06	-0.0192006
-1.104374e-06	-0.0190416
-1.102374e-06	-0.0191794
-1.100374e-06	-0.0192218
-1.098374e-06	-0.0192218
-1.096374e-06	-0.0192642
-1.094374e-06	-0.019614
-1.092374e-06	-0.0201228
-1.090374e-06	-0.0202288
-1.088374e-06	-0.0202712
-1.086374e-06	-0.0204302
-1.084374e-06	-0.0204302
-1.082374e-06	-0.0203772
-1.080374e-06	-0.0205362
-1.078374e-06	-0.0205044
-1.076374e-06	-0.0203772
-1.074374e-06	-0.0206846
-1.072374e-06	-0.0210026
-1.070374e-06	-0.0209814
-1.068374e-06	-0.0210768
-1.066374e-06	-0.0210344
-1.064374e-06	-0.020886
-1.062374e-06	-0.0206104
-1.060374e-06	-0.0206528
-1.058374e-06	-0.020727
-1.056374e-06	-0.0205998
-1.054374e-06	-0.0209178
-1.052374e-06	-0.0208966
-1.050374e-06	-0.021045
-1.048374e-06	-0.020939
-1.046374e-06	-0.0210238
-1.044374e-06	-0.0207482
-1.042374e-06	-0.0208224
-1.040374e-06	-0.0207164
-1.038374e-06	-0.0204514
-1.036374e-06	-0.0202288
-1.034374e-06	-0.0201228
-1.032374e-06	-0.0202394
-1.030374e-06	-0.0202712
-1.028374e-06	-0.0201228
-1.026374e-06	-0.0200698
-1.024374e-06	-0.0198578
-1.022374e-06	-0.0199002
-1.020374e-06	-0.0200274
-1.018374e-06	-0.020303
-1.016374e-06	-0.0206104
-1.014374e-06	-0.020727
-1.012374e-06	-0.0206528
-1.010374e-06	-0.020674
-1.008374e-06	-0.020886
-1.006374e-06	-0.021045
-1.004374e-06	-0.020992
-1.002374e-06	-0.0210344
-1.000374e-06	-0.0211828
-9.98374e-07	-0.0212464
-9.96374e-07	-0.021045
-9.94374e-07	-0.021098
-9.92374e-07	-0.0211722
-9.90374e-07	-0.0210768
-9.88374e-07	-0.021045
-9.86374e-07	-0.0212358
-9.84374e-07	-0.0211192
-9.82374e-07	-0.0211404
-9.80374e-07	-0.0208542
-9.78374e-07	-0.0208224
-9.76374e-07	-0.0207588
-9.74374e-07	-0.0209496
-9.72374e-07	-0.0209708
-9.70374e-07	-0.020727
-9.68374e-07	-0.0206422
-9.66374e-07	-0.02078
-9.64374e-07	-0.0208754
-9.62374e-07	-0.0208118
-9.60374e-07	-0.0207376
-9.58374e-07	-0.020515
-9.56374e-07	-0.020462
-9.54374e-07	-0.0207694
-9.52374e-07	-0.0207694
-9.50374e-07	-0.0213524
-9.48374e-07	-0.0214796
-9.46374e-07	-0.0216174
-9.44374e-07	-0.021628
-9.42374e-07	-0.022052
-9.40374e-07	-0.0224654
-9.38374e-07	-0.0224654
-9.36374e-07	-0.0221474
-9.34374e-07	-0.021946
-9.32374e-07	-0.0220308
-9.30374e-07	-0.0226456
-9.28374e-07	-0.0228046
-9.26374e-07	-0.022688
-9.24374e-07	-0.0223912
-9.22374e-07	-0.0226456
-9.20374e-07	-0.022953
-9.18374e-07	-0.0228046
-9.16374e-07	-0.0228046
-9.14374e-07	-0.0225184
-9.12374e-07	-0.0227622
-9.10374e-07	-0.0229954
-9.08374e-07	-0.0231226
-9.06374e-07	-0.02343
-9.04374e-07	-0.0236526
-9.02374e-07	-0.0235784
-9.00374e-07	-0.0230802
-8.98374e-07	-0.0230166
-8.96374e-07	-0.0232074
-8.94374e-07	-0.0233028
-8.92374e-07	-0.0229636
-8.90374e-07	-0.0229212
-8.88374e-07	-0.0229
-8.86374e-07	-0.0230908
-8.84374e-07	-0.0233346
-8.82374e-07	-0.0233664
-8.80374e-07	-0.0234512
-8.78374e-07	-0.0232604
-8.76374e-07	-0.0228682
-8.74374e-07	-0.0226562
-8.72374e-07	-0.022158
-8.70374e-07	-0.0221368
-8.68374e-07	-0.0221686
-8.66374e-07	-0.0222746
-8.64374e-07	-0.0223912
-8.62374e-07	-0.0222322
-8.60374e-07	-0.0217234
-8.58374e-07	-0.0216916
-8.56374e-07	-0.0217764
-8.54374e-07	-0.0217658
-8.52374e-07	-0.0214796
-8.50374e-07	-0.0216704
-8.48374e-07	-0.02131
-8.46374e-07	-0.021575
-8.44374e-07	-0.0216916
-8.42374e-07	-0.0216916
-8.40374e-07	-0.0215432
-8.38374e-07	-0.021363
-8.36374e-07	-0.0213736
-8.34374e-07	-0.0211722
-8.32374e-07	-0.0212782
-8.30374e-07	-0.0212464
-8.28374e-07	-0.0213418
-8.26374e-07	-0.0212146
-8.24374e-07	-0.0211828
-8.22374e-07	-0.020886
-8.20374e-07	-0.0207588
-8.18374e-07	-0.0208436
-8.16374e-07	-0.0206316
-8.14374e-07	-0.02078
-8.12374e-07	-0.0208966
-8.10374e-07	-0.020568
-8.08374e-07	-0.0203348
-8.06374e-07	-0.0203348
-8.04374e-07	-0.0203984
-8.02374e-07	-0.0205998
-8.00374e-07	-0.0210026
-7.98374e-07	-0.0210662
-7.96374e-07	-0.0210026
-7.94374e-07	-0.020727
-7.92374e-07	-0.0206952
-7.90374e-07	-0.0206422
-7.88374e-07	-0.0206422
-7.86374e-07	-0.0207058
-7.84374e-07	-0.0206634
-7.82374e-07	-0.0208648
-7.80374e-07	-0.0207588
-7.78374e-07	-0.020356
-7.76374e-07	-0.0202924
-7.74374e-07	-0.019932
-7.72374e-07	-0.019826
-7.70374e-07	-0.0197942
-7.68374e-07	-0.0197412
-7.66374e-07	-0.0197094
-7.64374e-07	-0.0197094
-7.62374e-07	-0.0199108
-7.60374e-07	-0.0198154
-7.58374e-07	-0.0198154
-7.56374e-07	-0.019826
-7.54374e-07	-0.019561
-7.52374e-07	-0.0195398
-7.50374e-07	-0.0196988
-7.48374e-07	-0.0198048
-7.46374e-07	-0.020091
-7.44374e-07	-0.0203242
-7.42374e-07	-0.0203454
-7.40374e-07	-0.0201016
-7.38374e-07	-0.0199532
-7.36374e-07	-0.0197624
-7.34374e-07	-0.0193702
-7.32374e-07	-0.0192112
-7.30374e-07	-0.0190522
-7.28374e-07	-0.0188084
-7.26374e-07	-0.0189038
-7.24374e-07	-0.0188296
-7.22374e-07	-0.018713
-7.20374e-07	-0.0187448
-7.18374e-07	-0.0190416
-7.16374e-07	-0.019349
-7.14374e-07	-0.019349
-7.12374e-07	-0.0195292
-7.10374e-07	-0.0195716
-7.08374e-07	-0.0194444
-7.06374e-07	-0.019561
-7.04374e-07	-0.0195292
-7.02374e-07	-0.0197942
-7.00374e-07	-0.0202182
-6.98374e-07	-0.0200804
-6.96374e-07	-0.0202394
-6.94374e-07	-0.020144
-6.92374e-07	-0.0200274
-6.90374e-07	-0.020197
-6.88374e-07	-0.0199002
-6.86374e-07	-0.0199426
-6.84374e-07	-0.019932
-6.82374e-07	-0.0200168
-6.80374e-07	-0.0197942
-6.78374e-07	-0.0197518
-6.76374e-07	-0.0197836
-6.74374e-07	-0.0200274
-6.72374e-07	-0.0202606
-6.70374e-07	-0.0203772
-6.68374e-07	-0.0200698
-6.66374e-07	-0.0199532
-6.64374e-07	-0.0199744
-6.62374e-07	-0.0199108
-6.60374e-07	-0.0194868
-6.58374e-07	-0.0195398
-6.56374e-07	-0.0195398
-6.54374e-07	-0.0196352
-6.52374e-07	-0.01972
-6.50374e-07	-0.0194974
-6.48374e-07	-0.0192854
-6.46374e-07	-0.019455
-6.44374e-07	-0.0196246
-6.42374e-07	-0.0197094
-6.40374e-07	-0.0196034
-6.38374e-07	-0.0196246
-6.36374e-07	-0.0197306
-6.34374e-07	-0.0195186
-6.32374e-07	-0.0192854
-6.30374e-07	-0.0191582
-6.28374e-07	-0.0193066
-6.26374e-07	-0.019243
-6.24374e-07	-0.0193596
-6.22374e-07	-0.0196882
-6.20374e-07	-0.0196352
-6.18374e-07	-0.0195292
-6.16374e-07	-0.0196564
-6.14374e-07	-0.0195716
-6.12374e-07	-0.0194762
-6.10374e-07	-0.019349
-6.08374e-07	-0.0195504
-6.06374e-07	-0.0199426
-6.04374e-07	-0.0200592
-6.02374e-07	-0.0202394
-6.00374e-07	-0.0201122
-5.98374e-07	-0.0202924
-5.96374e-07	-0.0199638
-5.94374e-07	-0.0198154
-5.92374e-07	-0.0195398
-5.90374e-07	-0.0197306
-5.88374e-07	-0.0198366
-5.86374e-07	-0.0196246
-5.84374e-07	-0.0195186
-5.82374e-07	-0.0195398
-5.80374e-07	-0.0195292
-5.78374e-07	-0.0196776
-5.76374e-07	-0.0196564
-5.74374e-07	-0.0198896
-5.72374e-07	-0.020038
-5.70374e-07	-0.0198684
-5.68374e-07	-0.019826
-5.66374e-07	-0.0198578
-5.64374e-07	-0.0197942
-5.62374e-07	-0.0195398
-5.60374e-07	-0.0193808
-5.58374e-07	-0.0194762
-5.56374e-07	-0.0193914
-5.54374e-07	-0.01919
-5.52374e-07	-0.0187342
-5.50374e-07	-0.0186812
-5.48374e-07	-0.0183632
-5.46374e-07	-0.0183314
-5.44374e-07	-0.0184586
-5.42374e-07	-0.0184904
-5.40374e-07	-0.0185328
-5.38374e-07	-0.0184162
-5.36374e-07	-0.0187342
-5.34374e-07	-0.0189992
-5.32374e-07	-0.0188084
-5.30374e-07	-0.0186176
-5.28374e-07	-0.018448
-5.26374e-07	-0.0185116
-5.24374e-07	-0.0181088
-5.22374e-07	-0.0181194
-5.20374e-07	-0.0180876
-5.18374e-07	-0.0180134
-5.16374e-07	-0.0180664
-5.14374e-07	-0.018077
-5.12374e-07	-0.0184798
-5.10374e-07	-0.0185858
-5.08374e-07	-0.0187554
-5.06374e-07	-0.018766
-5.04374e-07	-0.0187554
-5.02374e-07	-0.018872
-5.00374e-07	-0.0188296
-4.98374e-07	-0.0189992
-4.96374e-07	-0.0191582
-4.94374e-07	-0.0191582
-4.92374e-07	-0.0191688
-4.90374e-07	-0.0194232
-4.88374e-07	-0.0192642
-4.86374e-07	-0.0190946
-4.84374e-07	-0.0188826
-4.82374e-07	-0.0188296
-4.80374e-07	-0.0188614
-4.78374e-07	-0.019084
-4.76374e-07	-0.019031
-4.74374e-07	-0.019084
-4.72374e-07	-0.0190946
-4.70374e-07	-0.0191052
-4.68374e-07	-0.018713
-4.66374e-07	-0.0184586
-4.64374e-07	-0.0185328
-4.62374e-07	-0.0186706
-4.60374e-07	-0.0185222
-4.58374e-07	-0.0181512
-4.56374e-07	-0.017971
-4.54374e-07	-0.0178332
-4.52374e-07	-0.0175364
-4.50374e-07	-0.0175258
-4.48374e-07	-0.0174198
-4.46374e-07	-0.0176848
-4.44374e-07	-0.017812
-4.42374e-07	-0.0177378
-4.40374e-07	-0.0175788
-4.38374e-07	-0.0177908
-4.36374e-07	-0.0178014
-4.34374e-07	-0.0178438
-4.32374e-07	-0.0177272
-4.30374e-07	-0.0179604
-4.28374e-07	-0.0180664
-4.26374e-07	-0.0182784
-4.24374e-07	-0.0183208
-4.22374e-07	-0.0181406
-4.20374e-07	-0.0182148
-4.18374e-07	-0.0185646
-4.16374e-07	-0.0185858
-4.14374e-07	-0.0183526
-4.12374e-07	-0.0181724
-4.10374e-07	-0.0185646
-4.08374e-07	-0.0190416
-4.06374e-07	-0.0193914
-4.04374e-07	-0.0190946
-4.02374e-07	-0.0190204
-4.00374e-07	-0.0191794
-3.98374e-07	-0.0196246
-3.96374e-07	-0.0197306
-3.94374e-07	-0.019402
-3.92374e-07	-0.0195504
-3.90374e-07	-0.0196988
-3.88374e-07	-0.0200274
-3.86374e-07	-0.0199108
-3.84374e-07	-0.01972
-3.82374e-07	-0.0199532
-3.80374e-07	-0.0199214
-3.78374e-07	-0.0199532
-3.76374e-07	-0.0200592
-3.74374e-07	-0.0199744
-3.72374e-07	-0.0199956
-3.70374e-07	-0.020197
-3.68374e-07	-0.0201122
-3.66374e-07	-0.0199532
-3.64374e-07	-0.0202076
-3.62374e-07	-0.0200274
-3.60374e-07	-0.0198366
-3.58374e-07	-0.0196246
-3.56374e-07	-0.0194974
-3.54374e-07	-0.0193384
-3.52374e-07	-0.0191476
-3.50374e-07	-0.0192536
-3.48374e-07	-0.0190734
-3.46374e-07	-0.0189462
-3.44374e-07	-0.0186388
-3.42374e-07	-0.01866
-3.40374e-07	-0.0184692
-3.38374e-07	-0.0188296
-3.36374e-07	-0.0190416
-3.34374e-07	-0.0190522
-3.32374e-07	-0.0190946
-3.30374e-07	-0.0191052
-3.28374e-07	-0.0188508
-3.26374e-07	-0.0188402
-3.24374e-07	-0.018978
-3.22374e-07	-0.018819
-3.20374e-07	-0.0192642
-3.18374e-07	-0.0192324
-3.16374e-07	-0.01919
-3.14374e-07	-0.01919
-3.12374e-07	-0.0192642
-3.10374e-07	-0.0193914
-3.08374e-07	-0.0194656
-3.06374e-07	-0.0198366
-3.04374e-07	-0.0198578
-3.02374e-07	-0.0199532
-3.00374e-07	-0.020144
-2.98374e-07	-0.0203666
-2.96374e-07	-0.0203772
-2.94374e-07	-0.0206952
-2.92374e-07	-0.0209284
-2.90374e-07	-0.0208648
-2.88374e-07	-0.0206846
-2.86374e-07	-0.0206422
-2.84374e-07	-0.0208966
-2.82374e-07	-0.0209708
-2.80374e-07	-0.0209072
-2.78374e-07	-0.0210238
-2.76374e-07	-0.0212358
-2.74374e-07	-0.0209178
-2.72374e-07	-0.0210662
-2.70374e-07	-0.0210874
-2.68374e-07	-0.0209602
-2.66374e-07	-0.0208224
-2.64374e-07	-0.0206316
-2.62374e-07	-0.020621
-2.60374e-07	-0.0204938
-2.58374e-07	-0.0204302
-2.56374e-07	-0.0205892
-2.54374e-07	-0.0207058
-2.52374e-07	-0.0203666
-2.50374e-07	-0.0201652
-2.48374e-07	-0.0201228
-2.46374e-07	-0.0200592
-2.44374e-07	-0.0199744
-2.42374e-07	-0.0201122
-2.40374e-07	-0.0199108
-2.38374e-07	-0.0195398
-2.36374e-07	-0.019349
-2.34374e-07	-0.0191052
-2.32374e-07	-0.0190098
-2.30374e-07	-0.0187766
-2.28374e-07	-0.0186494
-2.26374e-07	-0.018607
-2.24374e-07	-0.0187554
-2.22374e-07	-0.0184692
-2.20374e-07	-0.0182996
-2.18374e-07	-0.018342
-2.16374e-07	-0.018289
-2.14374e-07	-0.0185858
-2.12374e-07	-0.0185964
-2.10374e-07	-0.0185858
-2.08374e-07	-0.018236
-2.06374e-07	-0.0180876
-2.04374e-07	-0.0181618
-2.02374e-07	-0.0184798
-2.00374e-07	-0.0184586
-1.98374e-07	-0.0185858
-1.96374e-07	-0.0185434
-1.94374e-07	-0.0184162
-1.92374e-07	-0.018236
-1.90374e-07	-0.0184586
-1.88374e-07	-0.0185222
-1.86374e-07	-0.0185646
-1.84374e-07	-0.0186388
-1.82374e-07	-0.0187978
-1.80374e-07	-0.0188084
-1.78374e-07	-0.0189992
-1.76374e-07	-0.0188932
-1.74374e-07	-0.0191052
-1.72374e-07	-0.019084
-1.70374e-07	-0.0189356
-1.68374e-07	-0.0189992
-1.66374e-07	-0.0190946
-1.64374e-07	-0.018872
-1.62374e-07	-0.0188614
-1.60374e-07	-0.0186388
-1.58374e-07	-0.0187342
-1.56374e-07	-0.0185222
-1.54374e-07	-0.0184904
-1.52374e-07	-0.0185328
-1.50374e-07	-0.018395
-1.48374e-07	-0.0180876
-1.46374e-07	-0.0182042
-1.44374e-07	-0.0180664
-1.42374e-07	-0.0180346
-1.40374e-07	-0.0183102
-1.38374e-07	-0.0184056
-1.36374e-07	-0.0182678
-1.34374e-07	-0.018819
-1.32374e-07	-0.0190416
-1.30374e-07	-0.0191688
-1.28374e-07	-0.0190522
-1.26374e-07	-0.019031
-1.24374e-07	-0.0188296
-1.22374e-07	-0.0186918
-1.20374e-07	-0.018766
-1.18374e-07	-0.0189038
-1.16374e-07	-0.019031
-1.14374e-07	-0.0191794
-1.12374e-07	-0.0190098
-1.10374e-07	-0.018819
-1.08374e-07	-0.0190204
-1.06374e-07	-0.0190416
-1.04374e-07	-0.0186918
-1.02374e-07	-0.0185646
-1.00374e-07	-0.0186706
-9.837397e-08	-0.0185434
-9.637397e-08	-0.0187236
-9.437397e-08	-0.0187766
-9.237397e-08	-0.0187236
-9.037397e-08	-0.0189568
-8.837397e-08	-0.018978
-8.637397e-08	-0.0191688
-8.437397e-08	-0.019137
-8.237397e-08	-0.0192112
-8.037397e-08	-0.0192748
-7.837397e-08	-0.019455
-7.637397e-08	-0.0197306
-7.437397e-08	-0.0199108
-7.237397e-08	-0.0198048
-7.037397e-08	-0.0200168
-6.837397e-08	-0.0201122
-6.637397e-08	-0.0205892
-6.437397e-08	-0.0209814
-6.237397e-08	-0.0210768
-6.037397e-08	-0.0212782
-5.837397e-08	-0.0211934
-5.637397e-08	-0.0207588
-5.437397e-08	-0.0205574
-5.237397e-08	-0.0203878
-5.037397e-08	-0.0205786
-4.837397e-08	-0.020144
-4.637397e-08	-0.020356
-4.437397e-08	-0.0204514
-4.237397e-08	-0.020197
-4.037397e-08	-0.0199214
-3.837397e-08	-0.019402
-3.637397e-08	-0.0191794
-3.437397e-08	-0.019031
-3.237397e-08	-0.0189886
-3.037397e-08	-0.0193066
-2.837397e-08	-0.019137
-2.637397e-08	-0.0189144
-2.437397e-08	-0.0188402
-2.237397e-08	-0.0189992
-2.037397e-08	-0.0188826
-1.837397e-08	-0.0188932
-1.637397e-08	-0.0189674
-1.437397e-08	-0.019349
-1.237397e-08	-0.019402
-1.037397e-08	-0.0196034
-8.37397e-09	-0.0196034
-6.37397e-09	-0.0193702
-4.37397e-09	-0.0192006
-2.37397e-09	-0.0192218
-3.739695e-10	-0.0195504
1.62603e-09	-0.0198048
3.62603e-09	-0.0199638
5.62603e-09	-0.019773
7.62603e-09	-0.0197942
9.62603e-09	-0.0195716
1.162603e-08	-0.019508
1.362603e-08	-0.0193384
1.562603e-08	-0.0192748
1.762603e-08	-0.019455
1.962603e-08	-0.0196352
2.162603e-08	-0.0194126
2.362603e-08	-0.0191688
2.562603e-08	-0.0192536
2.762603e-08	-0.0192006
2.962603e-08	-0.0195186
3.162603e-08	-0.0196564
3.362603e-08	-0.0197942
3.562603e-08	-0.0196776
3.762603e-08	-0.0194974
3.962603e-08	-0.0194338
4.162603e-08	-0.0196458
4.362603e-08	-0.01972
4.562603e-08	-0.0200274
4.762603e-08	-0.0200698
4.962603e-08	-0.0200062
5.162603e-08	-0.0200274
5.362603e-08	-0.020144
5.562603e-08	-0.0203348
5.762603e-08	-0.0203666
5.962603e-08	-0.0204408
6.162603e-08	-0.0207588
6.362603e-08	-0.0208648
6.562603e-08	-0.0210238
6.762603e-08	-0.021098
6.962603e-08	-0.021151
7.162603e-08	-0.0210238
7.362603e-08	-0.021151
7.562603e-08	-0.0211722
7.762603e-08	-0.0214902
7.962603e-08	-0.0215856
8.162603e-08	-0.0215114
8.362603e-08	-0.0218506
8.562603e-08	-0.0217976
8.762603e-08	-0.021734
8.962603e-08	-0.022211
9.162603e-08	-0.0222746
9.362603e-08	-0.0219672
9.562603e-08	-0.0219248
9.762603e-08	-0.0217976
9.962603e-08	-0.0217128
1.01626e-07	-0.0217234
1.03626e-07	-0.0218294
1.05626e-07	-0.0221262
1.07626e-07	-0.0220838
1.09626e-07	-0.0220096
1.11626e-07	-0.021893
1.13626e-07	-0.0218082
1.15626e-07	-0.0217764
1.17626e-07	-0.0218294
1.19626e-07	-0.0219142
1.21626e-07	-0.0218188
1.23626e-07	-0.0217658
1.25626e-07	-0.021628
1.27626e-07	-0.0216174
1.29626e-07	-0.0215432
1.31626e-07	-0.0214372
1.33626e-07	-0.0213842
1.35626e-07	-0.0206952
1.37626e-07	-0.0196882
1.39626e-07	-0.0181936
1.41626e-07	-0.016752
1.43626e-07	-0.0150454
1.45626e-07	-0.0135296
1.47626e-07	-0.0116216
1.49626e-07	-0.0100528
1.51626e-07	-0.0084522
1.53626e-07	-0.0068304
1.55626e-07	-0.0053464
1.57626e-07	-0.0042228
1.59626e-07	-0.0030886
1.61626e-07	-0.0022406
1.63626e-07	-0.0013502
1.65626e-07	-0.0004386
1.67626e-07	0.0003034
1.69626e-07	0.0007062
1.71626e-07	0.0013104
1.73626e-07	0.0017344
1.75626e-07	0.0020418
1.77626e-07	0.0020524
1.79626e-07	0.0022856
1.81626e-07	0.0025612
1.83626e-07	0.0027308
1.85626e-07	0.0026778
1.87626e-07	0.0025188
1.89626e-07	0.0021372
1.91626e-07	0.0020524
1.93626e-07	0.0019146
1.95626e-07	0.0017344
1.97626e-07	0.0012468
1.99626e-07	0.0010666
2.01626e-07	0.0007592
2.03626e-07	0.000526
2.05626e-07	0.0003564
2.07626e-07	0.0002292
2.09626e-07	0.0001338
2.11626e-07	-4.64e-05
2.13626e-07	-0.0005552
2.15626e-07	-0.0006718
2.17626e-07	-0.0010216
2.19626e-07	-0.001064
2.21626e-07	-0.001276
2.23626e-07	-0.0016788
2.25626e-07	-0.0019014
2.27626e-07	-0.0023254
2.29626e-07	-0.0025904
2.31626e-07	-0.0030356
2.33626e-07	-0.0033324
2.35626e-07	-0.0035232
2.37626e-07	-0.0040744
2.39626e-07	-0.004244
2.41626e-07	-0.004562
2.43626e-07	-0.0048376
2.45626e-07	-0.0053994
2.47626e-07	-0.0054948
2.49626e-07	-0.0059824
2.51626e-07	-0.0061414
2.53626e-07	-0.0063216
2.55626e-07	-0.0065972
2.57626e-07	-0.006947
2.59626e-07	-0.0074346
2.61626e-07	-0.0079646
2.63626e-07	-0.008484
2.65626e-07	-0.009014
2.67626e-07	-0.0093638
2.69626e-07	-0.009597
2.71626e-07	-0.0097666
2.73626e-07	-0.0102648
2.75626e-07	-0.0104768
2.77626e-07	-0.0106888
2.79626e-07	-0.0109644
2.81626e-07	-0.011611
2.83626e-07	-0.0118018
2.85626e-07	-0.0119502
2.87626e-07	-0.0122046
2.89626e-07	-0.0123212
2.91626e-07	-0.0128618
2.93626e-07	-0.0129254
2.95626e-07	-0.0127346
2.97626e-07	-0.0128618
2.99626e-07	-0.0130102
3.01626e-07	-0.013095
3.03626e-07	-0.0130632
3.05626e-07	-0.0131904
3.07626e-07	-0.0131374
3.09626e-07	-0.0133706
3.11626e-07	-0.0133706
3.13626e-07	-0.0134554
3.15626e-07	-0.0134554
3.17626e-07	-0.013307
3.19626e-07	-0.0131692
3.21626e-07	-0.0132222
3.23626e-07	-0.01336
3.25626e-07	-0.0136038
3.27626e-07	-0.0139748
3.29626e-07	-0.0143246
3.31626e-07	-0.0142292
3.33626e-07	-0.0146426
3.35626e-07	-0.0147804
3.37626e-07	-0.0150136
3.39626e-07	-0.0152998
3.41626e-07	-0.0155542
3.43626e-07	-0.0157132
3.45626e-07	-0.0157344
3.47626e-07	-0.0159358
3.49626e-07	-0.0159994
3.51626e-07	-0.0162538
3.53626e-07	-0.016964
3.55626e-07	-0.0167838
3.57626e-07	-0.0168156
3.59626e-07	-0.0169746
3.61626e-07	-0.0169746
3.63626e-07	-0.016858
3.65626e-07	-0.0169958
3.67626e-07	-0.0169534
3.69626e-07	-0.0169852
3.71626e-07	-0.01707
3.73626e-07	-0.017494
3.75626e-07	-0.0175364
3.77626e-07	-0.0177272
3.79626e-07	-0.0175258
3.81626e-07	-0.0177272
3.83626e-07	-0.0176212
3.85626e-07	-0.0177908
3.87626e-07	-0.0176212
3.89626e-07	-0.0176318
3.91626e-07	-0.0175046
3.93626e-07	-0.0173138
3.95626e-07	-0.0170806
3.97626e-07	-0.0170806
3.99626e-07	-0.016805
4.01626e-07	-0.0166354
4.03626e-07	-0.0166036
4.05626e-07	-0.0165188
4.07626e-07	-0.0167096
4.09626e-07	-0.016752
4.11626e-07	-0.0170064
4.13626e-07	-0.0171548
4.15626e-07	-0.0173138
4.17626e-07	-0.0174728
4.19626e-07	-0.0177272
4.21626e-07	-0.0177802
4.23626e-07	-0.0179392
4.25626e-07	-0.0179392
4.27626e-07	-0.0178332
4.29626e-07	-0.0180028
4.31626e-07	-0.0179392
4.33626e-07	-0.0182254
4.35626e-07	-0.0182784
4.37626e-07	-0.0185964
4.39626e-07	-0.0187766
4.41626e-07	-0.0190204
4.43626e-07	-0.0190416
4.45626e-07	-0.0190416
4.47626e-07	-0.0190098
4.49626e-07	-0.0189886
4.51626e-07	-0.0191158
4.53626e-07	-0.0191264
4.55626e-07	-0.0192536
4.57626e-07	-0.0190628
4.59626e-07	-0.0186388
4.61626e-07	-0.0185328
4.63626e-07	-0.0182784
4.65626e-07	-0.0180028
4.67626e-07	-0.0179286
4.69626e-07	-0.0180028
4.71626e-07	-0.017812
4.73626e-07	-0.017706
4.75626e-07	-0.0177272
4.77626e-07	-0.0176848
4.79626e-07	-0.0175152
4.81626e-07	-0.0177378
4.83626e-07	-0.0178014
4.85626e-07	-0.0178968
4.87626e-07	-0.0180876
4.89626e-07	-0.0181194
4.91626e-07	-0.0180134
4.93626e-07	-0.018077
4.95626e-07	-0.017812
4.97626e-07	-0.0178544
4.99626e-07	-0.0178968
5.01626e-07	-0.0181088
5.03626e-07	-0.0181088
5.05626e-07	-0.0184798
5.07626e-07	-0.0186388
5.09626e-07	-0.0190734
5.11626e-07	-0.0190098
5.13626e-07	-0.018925
5.15626e-07	-0.0189462
5.17626e-07	-0.0187978
5.19626e-07	-0.018925
5.21626e-07	-0.0192536
5.23626e-07	-0.0193596
5.25626e-07	-0.019614
5.27626e-07	-0.019561
5.29626e-07	-0.0195398
5.31626e-07	-0.0194126
5.33626e-07	-0.0194762
5.35626e-07	-0.019455
5.37626e-07	-0.0194762
5.39626e-07	-0.0194762
5.41626e-07	-0.0194762
5.43626e-07	-0.0195822
5.45626e-07	-0.0195398
5.47626e-07	-0.0192536
5.49626e-07	-0.0190946
5.51626e-07	-0.0192536
5.53626e-07	-0.0192642
5.55626e-07	-0.0190416
5.57626e-07	-0.0187766
5.59626e-07	-0.0188614
5.61626e-07	-0.019243
5.63626e-07	-0.0193808
5.65626e-07	-0.0194868
5.67626e-07	-0.019508
5.69626e-07	-0.0197094
5.71626e-07	-0.0198472
5.73626e-07	-0.0198048
5.75626e-07	-0.0198684
5.77626e-07	-0.0202076
5.79626e-07	-0.0203242
5.81626e-07	-0.0205256
5.83626e-07	-0.0206422
5.85626e-07	-0.0207164
5.87626e-07	-0.0207588
5.89626e-07	-0.021098
5.91626e-07	-0.0209708
5.93626e-07	-0.0209178
5.95626e-07	-0.0210238
5.97626e-07	-0.0213948
5.99626e-07	-0.02131
6.01626e-07	-0.0215114
6.03626e-07	-0.0214584
6.05626e-07	-0.0215856
6.07626e-07	-0.0215538
6.09626e-07	-0.0215644
6.11626e-07	-0.0215114
6.13626e-07	-0.0211828
6.15626e-07	-0.0208436
6.17626e-07	-0.0207058
6.19626e-07	-0.0205362
6.21626e-07	-0.020462
6.23626e-07	-0.020515
6.25626e-07	-0.0204196
6.27626e-07	-0.0203666
6.29626e-07	-0.0201546
6.31626e-07	-0.019932
6.33626e-07	-0.0196988
6.35626e-07	-0.0194868
6.37626e-07	-0.0193066
6.39626e-07	-0.0193596
6.41626e-07	-0.0193702
6.43626e-07	-0.0194444
6.45626e-07	-0.0198366
6.47626e-07	-0.0198472
6.49626e-07	-0.020144
6.51626e-07	-0.0202818
6.53626e-07	-0.0201546
6.55626e-07	-0.0201758
6.57626e-07	-0.0202394
6.59626e-07	-0.0201546
6.61626e-07	-0.019879
6.63626e-07	-0.0200486
6.65626e-07	-0.0203242
6.67626e-07	-0.02025
6.69626e-07	-0.0202394
6.71626e-07	-0.0201334
6.73626e-07	-0.0201546
6.75626e-07	-0.0199638
6.77626e-07	-0.0198472
6.79626e-07	-0.0198472
6.81626e-07	-0.019932
6.83626e-07	-0.0200062
6.85626e-07	-0.019985
6.87626e-07	-0.0200698
6.89626e-07	-0.0201652
6.91626e-07	-0.0204514
6.93626e-07	-0.0204302
6.95626e-07	-0.0202606
6.97626e-07	-0.0203348
6.99626e-07	-0.0204196
7.01626e-07	-0.0203454
7.03626e-07	-0.0203348
7.05626e-07	-0.0201758
7.07626e-07	-0.020303
7.09626e-07	-0.0205256
7.11626e-07	-0.0205786
7.13626e-07	-0.020674
7.15626e-07	-0.0208012
7.17626e-07	-0.0209072
7.19626e-07	-0.0210662
7.21626e-07	-0.0212146
7.23626e-07	-0.021098
7.25626e-07	-0.0210662
7.27626e-07	-0.021151
7.29626e-07	-0.021416
7.31626e-07	-0.0213948
7.33626e-07	-0.0215326
7.35626e-07	-0.0214796
7.37626e-07	-0.0215856
7.39626e-07	-0.0212994
7.41626e-07	-0.0216174
7.43626e-07	-0.0216704
7.45626e-07	-0.0219884
7.47626e-07	-0.022211
7.49626e-07	-0.0225714
7.51626e-07	-0.022635
7.53626e-07	-0.0228894
7.55626e-07	-0.0231544
7.57626e-07	-0.0233664
7.59626e-07	-0.0231756
7.61626e-07	-0.0229318
7.63626e-07	-0.0229212
7.65626e-07	-0.0228788
7.67626e-07	-0.0228894
7.69626e-07	-0.022741
7.71626e-07	-0.0228152
7.73626e-07	-0.0227728
7.75626e-07	-0.0228258
7.77626e-07	-0.0223488
7.79626e-07	-0.0219672
7.81626e-07	-0.0217022
7.83626e-07	-0.0215008
7.85626e-07	-0.0212994
7.87626e-07	-0.0210662
7.89626e-07	-0.0207588
7.91626e-07	-0.0206528
7.93626e-07	-0.0210344
7.95626e-07	-0.020833
7.97626e-07	-0.020568
7.99626e-07	-0.020409
8.01626e-07	-0.0203136
8.03626e-07	-0.0203454
8.05626e-07	-0.020462
8.07626e-07	-0.020833
8.09626e-07	-0.0209072
8.11626e-07	-0.0212888
8.13626e-07	-0.0214372
8.15626e-07	-0.0212676
8.17626e-07	-0.0212994
8.19626e-07	-0.0212994
8.21626e-07	-0.0214478
8.23626e-07	-0.0215856
8.25626e-07	-0.0215856
8.27626e-07	-0.0215114
8.29626e-07	-0.0213948
8.31626e-07	-0.0211934
8.33626e-07	-0.021204
8.35626e-07	-0.0212676
8.37626e-07	-0.0212146
8.39626e-07	-0.020992
8.41626e-07	-0.02078
8.43626e-07	-0.0206104
8.45626e-07	-0.0207694
8.47626e-07	-0.0210662
8.49626e-07	-0.0213206
8.51626e-07	-0.0214266
8.53626e-07	-0.0212464
8.55626e-07	-0.021045
8.57626e-07	-0.0208966
8.59626e-07	-0.0207906
8.61626e-07	-0.0208118
8.63626e-07	-0.0206422
8.65626e-07	-0.0205574
8.67626e-07	-0.0203454
8.69626e-07	-0.020462
8.71626e-07	-0.0203242
8.73626e-07	-0.0203136
8.75626e-07	-0.020409
8.77626e-07	-0.0206316
8.79626e-07	-0.020674
8.81626e-07	-0.0206528
8.83626e-07	-0.0205998
8.85626e-07	-0.020674
8.87626e-07	-0.0207906
8.89626e-07	-0.0205044
8.91626e-07	-0.0201546
8.93626e-07	-0.0200592
8.95626e-07	-0.0200274
8.97626e-07	-0.0200486
8.99626e-07	-0.0196352
9.01626e-07	-0.019667
9.03626e-07	-0.019508
9.05626e-07	-0.0196882
9.07626e-07	-0.0198048
9.09626e-07	-0.0196564
9.11626e-07	-0.0196246
9.13626e-07	-0.0198048
9.15626e-07	-0.0195292
9.17626e-07	-0.0195504
9.19626e-07	-0.0194232
9.21626e-07	-0.0195292
9.23626e-07	-0.019508
9.25626e-07	-0.0195398
9.27626e-07	-0.0191688
9.29626e-07	-0.0188296
9.31626e-07	-0.0185858
9.33626e-07	-0.0182678
9.35626e-07	-0.0182996
9.37626e-07	-0.0186282
9.39626e-07	-0.0182466
9.41626e-07	-0.0180982
9.43626e-07	-0.0178332
9.45626e-07	-0.018236
9.47626e-07	-0.0181724
9.49626e-07	-0.0184268
9.51626e-07	-0.0184374
9.53626e-07	-0.0184904
9.55626e-07	-0.0184692
9.57626e-07	-0.0186176
9.59626e-07	-0.0186388
9.61626e-07	-0.0187024
9.63626e-07	-0.0188508
9.65626e-07	-0.0190522
9.67626e-07	-0.0190734
9.69626e-07	-0.0194232
9.71626e-07	-0.0197094
9.73626e-07	-0.0200592
9.75626e-07	-0.0201652
9.77626e-07	-0.02025
9.79626e-07	-0.0200592
9.81626e-07	-0.0199426
9.83626e-07	-0.0199956
9.85626e-07	-0.0196988
9.87626e-07	-0.0197094
9.89626e-07	-0.0198048
9.91626e-07	-0.0197094
9.93626e-07	-0.0198154
9.95626e-07	-0.0193914
9.97626e-07	-0.0192536
9.99626e-07	-0.0192112
1.001626e-06	-0.0196246
1.003626e-06	-0.0199002
1.005626e-06	-0.0199214
1.007626e-06	-0.0199426
1.009626e-06	-0.020144
1.011626e-06	-0.020197
1.013626e-06	-0.0201122
1.015626e-06	-0.0200592
1.017626e-06	-0.0196882
1.019626e-06	-0.0195398
1.021626e-06	-0.0193596
1.023626e-06	-0.019243
1.025626e-06	-0.0190628
1.027626e-06	-0.0189886
1.029626e-06	-0.0192536
1.031626e-06	-0.019137
1.033626e-06	-0.0190946
1.035626e-06	-0.0187448
1.037626e-06	-0.0191052
1.039626e-06	-0.0188614
1.041626e-06	-0.0187978
1.043626e-06	-0.0190734
1.045626e-06	-0.0192536
1.047626e-06	-0.0194338
1.049626e-06	-0.0196034
1.051626e-06	-0.0198366
1.053626e-06	-0.0199744
1.055626e-06	-0.0200062
1.057626e-06	-0.0202606
1.059626e-06	-0.020462
1.061626e-06	-0.0205892
1.063626e-06	-0.0205892
1.065626e-06	-0.0205362
1.067626e-06	-0.0203878
1.069626e-06	-0.0203348
1.071626e-06	-0.0204726
1.073626e-06	-0.0204196
1.075626e-06	-0.020356
1.077626e-06	-0.0201228
1.079626e-06	-0.0200592
1.081626e-06	-0.0198472
1.083626e-06	-0.019879
1.085626e-06	-0.0198578
1.087626e-06	-0.0199532
1.089626e-06	-0.0197836
1.091626e-06	-0.0194232
1.093626e-06	-0.0194762
1.095626e-06	-0.01919
1.097626e-06	-0.0192642
1.099626e-06	-0.0188614
1.101626e-06	-0.0184692
1.103626e-06	-0.0183738
1.105626e-06	-0.0184374
1.107626e-06	-0.0185858
1.109626e-06	-0.0183526
1.111626e-06	-0.0181618
1.113626e-06	-0.017918
1.115626e-06	-0.0176742
1.117626e-06	-0.0172608
1.119626e-06	-0.0166884
1.121626e-06	-0.0160524
1.123626e-06	-0.0156496
1.125626e-06	-0.0154906
1.127626e-06	-0.0148758
1.129626e-06	-0.0146426
1.131626e-06	-0.014367
1.133626e-06	-0.0144624
1.135626e-06	-0.014473
1.137626e-06	-0.0142928
1.139626e-06	-0.0142398
1.141626e-06	-0.0139218
1.143626e-06	-0.0138264
1.145626e-06	-0.0140914
1.147626e-06	-0.0142504
1.149626e-06	-0.014261
1.151626e-06	-0.014579
1.153626e-06	-0.014791
1.155626e-06	-0.0144412
1.157626e-06	-0.0145896
1.159626e-06	-0.0147486
1.161626e-06	-0.0147592
1.163626e-06	-0.0145896
1.165626e-06	-0.0148122
1.167626e-06	-0.0147274
1.169626e-06	-0.0150666
1.171626e-06	-0.0146638
1.173626e-06	-0.014579
1.175626e-06	-0.0144306
1.177626e-06	-0.0142504
1.179626e-06	-0.0141974
1.181626e-06	-0.013996
1.183626e-06	-0.0139112
1.185626e-06	-0.0140172
1.187626e-06	-0.0139536
1.189626e-06	-0.0138052
1.191626e-06	-0.0136038
1.193626e-06	-0.0136356
1.195626e-06	-0.0136144
1.197626e-06	-0.0137628
1.199626e-06	-0.0135826
1.201626e-06	-0.013731
1.203626e-06	-0.01389
1.205626e-06	-0.0141444
1.207626e-06	-0.0137522
1.209626e-06	-0.013784
1.211626e-06	-0.0139748
1.213626e-06	-0.014261
1.215626e-06	-0.0141974
1.217626e-06	-0.0141338
1.219626e-06	-0.0141232
1.221626e-06	-0.0141868
1.223626e-06	-0.014049
1.225626e-06	-0.0141444
1.227626e-06	-0.013996
1.229626e-06	-0.0142292
1.231626e-06	-0.0142398
1.233626e-06	-0.0142928
1.235626e-06	-0.0142716
1.237626e-06	-0.0144624
1.239626e-06	-0.0144306
1.241626e-06	-0.0144518
1.243626e-06	-0.0143564
1.245626e-06	-0.0141762
1.247626e-06	-0.0143246
1.249626e-06	-0.0144094
1.251626e-06	-0.0143988
1.253626e-06	-0.0142398
1.255626e-06	-0.0142928
1.257626e-06	-0.014314
1.259626e-06	-0.0143034
1.261626e-06	-0.0142186
1.263626e-06	-0.0142504
1.265626e-06	-0.0141232
1.267626e-06	-0.0140596
1.269626e-06	-0.0140172
1.271626e-06	-0.014314
1.273626e-06	-0.0142398
1.275626e-06	-0.014155
1.277626e-06	-0.0142292
1.279626e-06	-0.0141656
1.281626e-06	-0.0142716
1.283626e-06	-0.014473
1.285626e-06	-0.0147168
1.287626e-06	-0.0146744
1.289626e-06	-0.0149924
1.291626e-06	-0.0149288
1.293626e-06	-0.0152256
1.295626e-06	-0.0151196
1.297626e-06	-0.0152998
1.299626e-06	-0.0155966
1.301626e-06	-0.0157556
1.303626e-06	-0.0157344
1.305626e-06	-0.0160206
1.307626e-06	-0.0163704
1.309626e-06	-0.016911
1.311626e-06	-0.0172502
1.313626e-06	-0.0174516
1.315626e-06	-0.0175364
1.317626e-06	-0.017918
1.319626e-06	-0.0184692
1.321626e-06	-0.018501
1.323626e-06	-0.0184374
1.325626e-06	-0.0185116
1.327626e-06	-0.0187024
1.329626e-06	-0.0186388
1.331626e-06	-0.018766
1.333626e-06	-0.0189356
1.335626e-06	-0.0193172
1.337626e-06	-0.0192748
1.339626e-06	-0.0193702
1.341626e-06	-0.0193278
1.343626e-06	-0.01919
1.345626e-06	-0.0192748
1.347626e-06	-0.01919
1.349626e-06	-0.0190628
1.351626e-06	-0.0188932
1.353626e-06	-0.0189144
1.355626e-06	-0.0184904
1.357626e-06	-0.0184798
1.359626e-06	-0.01813
1.361626e-06	-0.0180028
1.363626e-06	-0.0178438
1.365626e-06	-0.0177166
1.367626e-06	-0.017441
1.369626e-06	-0.0173244
1.371626e-06	-0.0171654
1.373626e-06	-0.0171972
1.375626e-06	-0.0173138
1.377626e-06	-0.0172714
1.379626e-06	-0.0173032
1.381626e-06	-0.0172502
1.383626e-06	-0.0171654
1.385626e-06	-0.0172926
1.387626e-06	-0.0175046
1.389626e-06	-0.0174092
1.391626e-06	-0.0175364
1.393626e-06	-0.0174198
1.395626e-06	-0.0172184
1.397626e-06	-0.0173562
1.399626e-06	-0.0173986
1.401626e-06	-0.0176742
1.403626e-06	-0.0176848
1.405626e-06	-0.0175576
1.407626e-06	-0.0176848
1.409626e-06	-0.0177696
1.411626e-06	-0.0178968
1.413626e-06	-0.01813
1.415626e-06	-0.0183102
1.417626e-06	-0.018501
1.419626e-06	-0.0185328
1.421626e-06	-0.018607
1.423626e-06	-0.018501
1.425626e-06	-0.0183102
1.427626e-06	-0.018183
1.429626e-06	-0.0183314
1.431626e-06	-0.0184162
1.433626e-06	-0.0185434
1.435626e-06	-0.0185646
1.437626e-06	-0.018607
1.439626e-06	-0.0189038
1.441626e-06	-0.0190628
1.443626e-06	-0.0189568
1.445626e-06	-0.0192748
1.447626e-06	-0.019402
1.449626e-06	-0.0194868
1.451626e-06	-0.0195398
1.453626e-06	-0.0193914
1.455626e-06	-0.0192748
1.457626e-06	-0.0195822
1.459626e-06	-0.0199426
1.461626e-06	-0.0200804
1.463626e-06	-0.0200168
1.465626e-06	-0.019932
1.467626e-06	-0.0199002
1.469626e-06	-0.0200274
1.471626e-06	-0.0199744
1.473626e-06	-0.0198366
1.475626e-06	-0.019773
1.477626e-06	-0.0197624
1.479626e-06	-0.0197412
1.481626e-06	-0.0200698
1.483626e-06	-0.0200062
1.485626e-06	-0.0200062
1.487626e-06	-0.020091
1.489626e-06	-0.020303
1.491626e-06	-0.0201228
1.493626e-06	-0.0203878
1.495626e-06	-0.0205574
1.497626e-06	-0.0204196
1.499626e-06	-0.0204938
1.501626e-06	-0.0205044
1.503626e-06	-0.0206846
1.505626e-06	-0.0206316
1.507626e-06	-0.0206634
1.509626e-06	-0.0205892
1.511626e-06	-0.0204514
1.513626e-06	-0.020515
1.515626e-06	-0.020462
1.517626e-06	-0.0204726
1.519626e-06	-0.0200486
1.521626e-06	-0.0203454
1.523626e-06	-0.0202818
1.525626e-06	-0.0205044
1.527626e-06	-0.0208012
1.529626e-06	-0.0208436
1.531626e-06	-0.0204302
1.533626e-06	-0.0204302
1.535626e-06	-0.0205786
1.537626e-06	-0.020515
1.539626e-06	-0.0206316
1.541626e-06	-0.020886
1.543626e-06	-0.0203984
1.545626e-06	-0.020091
1.547626e-06	-0.0198684
1.549626e-06	-0.0194656
1.551626e-06	-0.019349
1.553626e-06	-0.0190946
1.555626e-06	-0.0189144
1.557626e-06	-0.018925
1.559626e-06	-0.0191264
1.561626e-06	-0.0189038
1.563626e-06	-0.01866
1.565626e-06	-0.0179604
1.567626e-06	-0.0181724
1.569626e-06	-0.0186812
1.571626e-06	-0.0189038
1.573626e-06	-0.0183632
1.575626e-06	-0.017865
1.577626e-06	-0.017918
1.579626e-06	-0.0182784
1.581626e-06	-0.0180452
1.583626e-06	-0.017653
1.585626e-06	-0.0175364
1.587626e-06	-0.0176636
1.589626e-06	-0.0176212
1.591626e-06	-0.0171866
1.593626e-06	-0.0172396
1.595626e-06	-0.017176
1.597626e-06	-0.0174092
1.599626e-06	-0.0172608
1.601626e-06	-0.0173668
1.603626e-06	-0.0172714
1.605626e-06	-0.0175258
1.607626e-06	-0.0175258
1.609626e-06	-0.0173138
1.611626e-06	-0.0172714
1.613626e-06	-0.017388
1.615626e-06	-0.017335
1.617626e-06	-0.0176424
1.619626e-06	-0.0175046
1.621626e-06	-0.0175152
1.623626e-06	-0.0175894
1.625626e-06	-0.017759
1.627626e-06	-0.017918
1.629626e-06	-0.0178332
1.631626e-06	-0.0178438
1.633626e-06	-0.017706
1.635626e-06	-0.0178332
1.637626e-06	-0.0176954
1.639626e-06	-0.0175576
1.641626e-06	-0.0173456
1.643626e-06	-0.0175364
1.645626e-06	-0.0174516
1.647626e-06	-0.0173668
1.649626e-06	-0.017229
1.651626e-06	-0.0173986
1.653626e-06	-0.0176424
1.655626e-06	-0.0175894
1.657626e-06	-0.017653
1.659626e-06	-0.0178756
1.661626e-06	-0.0182572
1.663626e-06	-0.0185434
1.665626e-06	-0.0185646
1.667626e-06	-0.0186706
1.669626e-06	-0.0188402
1.671626e-06	-0.0191794
1.673626e-06	-0.0194444
1.675626e-06	-0.0195716
1.677626e-06	-0.0197412
1.679626e-06	-0.019667
1.681626e-06	-0.0198154
1.683626e-06	-0.0197306
1.685626e-06	-0.0197942
1.687626e-06	-0.0199108
1.689626e-06	-0.0196564
1.691626e-06	-0.0196458
1.693626e-06	-0.019614
1.695626e-06	-0.0195398
1.697626e-06	-0.0194762
1.699626e-06	-0.0194656
1.701626e-06	-0.0194656
1.703626e-06	-0.0194868
1.705626e-06	-0.0194338
1.707626e-06	-0.0194444
1.709626e-06	-0.0194444
1.711626e-06	-0.0193066
1.713626e-06	-0.0193172
1.715626e-06	-0.0192324
1.717626e-06	-0.0188508
1.719626e-06	-0.0186706
1.721626e-06	-0.0187024
1.723626e-06	-0.018607
1.725626e-06	-0.0187554
1.727626e-06	-0.0186706
1.729626e-06	-0.0186918
1.731626e-06	-0.018607
1.733626e-06	-0.018448
1.735626e-06	-0.0186812
1.737626e-06	-0.0189886
1.739626e-06	-0.0190946
1.741626e-06	-0.018872
1.743626e-06	-0.0191158
1.745626e-06	-0.0192112
1.747626e-06	-0.0193808
1.749626e-06	-0.0192642
1.751626e-06	-0.018978
1.753626e-06	-0.0186706
1.755626e-06	-0.018872
1.757626e-06	-0.0188084
1.759626e-06	-0.0186706
1.761626e-06	-0.0185434
1.763626e-06	-0.0185434
1.765626e-06	-0.0186176
1.767626e-06	-0.018501
1.769626e-06	-0.0184162
1.771626e-06	-0.0181618
1.773626e-06	-0.0182678
1.775626e-06	-0.0181406
1.777626e-06	-0.0182572
1.779626e-06	-0.0184692
1.781626e-06	-0.0185434
1.783626e-06	-0.0184692
1.785626e-06	-0.018289
1.787626e-06	-0.018183
1.789626e-06	-0.018395
1.791626e-06	-0.0186176
1.793626e-06	-0.0187978
1.795626e-06	-0.0189992
1.797626e-06	-0.0191794
1.799626e-06	-0.0193808
1.801626e-06	-0.0193702
1.803626e-06	-0.0193172
1.805626e-06	-0.019455
1.807626e-06	-0.0194232
1.809626e-06	-0.0195186
1.811626e-06	-0.0196246
1.813626e-06	-0.0202818
1.815626e-06	-0.0203666
1.817626e-06	-0.0204726
1.819626e-06	-0.0205786
1.821626e-06	-0.0205362
1.823626e-06	-0.020197
1.825626e-06	-0.0198154
1.827626e-06	-0.0198472
1.829626e-06	-0.0198684
1.831626e-06	-0.0195928
1.833626e-06	-0.0196564
1.835626e-06	-0.0196246
1.837626e-06	-0.0195504
1.839626e-06	-0.01972
1.841626e-06	-0.0197094
1.843626e-06	-0.0193914
1.845626e-06	-0.0193066
1.847626e-06	-0.0194868
1.849626e-06	-0.019826
1.851626e-06	-0.019879
1.853626e-06	-0.019985
1.855626e-06	-0.0197836
1.857626e-06	-0.0199002
1.859626e-06	-0.0201122
1.861626e-06	-0.0201864
1.863626e-06	-0.0199532
1.865626e-06	-0.0199002
1.867626e-06	-0.0196458
1.869626e-06	-0.0196882
1.871626e-06	-0.0195928
1.873626e-06	-0.0194126
1.875626e-06	-0.019508
1.877626e-06	-0.0194762
1.879626e-06	-0.0192218
1.881626e-06	-0.0192006
1.883626e-06	-0.0190946
1.885626e-06	-0.0186812
1.887626e-06	-0.0187024
1.889626e-06	-0.0189144
1.891626e-06	-0.018713
1.893626e-06	-0.0187554
1.895626e-06	-0.0186494
1.897626e-06	-0.018607
1.899626e-06	-0.0185434
1.901626e-06	-0.0187978
1.903626e-06	-0.018713
1.905626e-06	-0.0185116
1.907626e-06	-0.018289
1.909626e-06	-0.0182042
1.911626e-06	-0.0181618
1.913626e-06	-0.0181512
1.915626e-06	-0.0178968
1.917626e-06	-0.017812
1.919626e-06	-0.0178332
1.921626e-06	-0.0179498
1.923626e-06	-0.0176318
1.925626e-06	-0.0175364
1.927626e-06	-0.017759
1.929626e-06	-0.0180134
1.931626e-06	-0.0180664
1.933626e-06	-0.0180452
1.935626e-06	-0.0177166
1.937626e-06	-0.0177696
1.939626e-06	-0.017865
1.941626e-06	-0.018024
1.943626e-06	-0.0181088
1.945626e-06	-0.0180876
1.947626e-06	-0.01813
1.949626e-06	-0.018289
1.951626e-06	-0.018183
1.953626e-06	-0.0186706
1.955626e-06	-0.0186918
1.957626e-06	-0.0185434
1.959626e-06	-0.0180028
1.961626e-06	-0.0178862
1.963626e-06	-0.0178014
1.965626e-06	-0.0176954
1.967626e-06	-0.0176424
1.969626e-06	-0.0177166
1.971626e-06	-0.0176106
1.973626e-06	-0.0178438
1.975626e-06	-0.0180346
1.977626e-06	-0.0180982
1.979626e-06	-0.0181618
1.981626e-06	-0.0186706
1.983626e-06	-0.0190522
1.985626e-06	-0.019137
1.987626e-06	-0.0191476
1.989626e-06	-0.0194232
1.991626e-06	-0.0196034
1.993626e-06	-0.0198472
1.995626e-06	-0.0200804
1.997626e-06	-0.019985
1.999626e-06	-0.0196352
2.001626e-06	-0.0193808
2.003626e-06	-0.0193596
2.005626e-06	-0.0196352
2.007626e-06	-0.0198154
2.009626e-06	-0.0199956
2.011626e-06	-0.0194762
2.013626e-06	-0.019349
2.015626e-06	-0.0190628
2.017626e-06	-0.0189356
2.019626e-06	-0.0189356
2.021626e-06	-0.0189886
2.023626e-06	-0.0190734
2.025626e-06	-0.0190734
2.027626e-06	-0.0191264
2.029626e-06	-0.019137
2.031626e-06	-0.0192642
2.033626e-06	-0.0194656
2.035626e-06	-0.0200804
2.037626e-06	-0.020409
2.039626e-06	-0.0204408
2.041626e-06	-0.0200804
2.043626e-06	-0.0196988
2.045626e-06	-0.019773
2.047626e-06	-0.0197412
2.049626e-06	-0.0198366
2.051626e-06	-0.0198896
2.053626e-06	-0.019879
2.055626e-06	-0.0200592
2.057626e-06	-0.0199426
2.059626e-06	-0.0198578
2.061626e-06	-0.0198366
2.063626e-06	-0.01972
2.065626e-06	-0.0197624
2.067626e-06	-0.020091
2.069626e-06	-0.020197
2.071626e-06	-0.0203242
2.073626e-06	-0.0204196
2.075626e-06	-0.02025
2.077626e-06	-0.0200486
2.079626e-06	-0.0199744
2.081626e-06	-0.0202818
2.083626e-06	-0.020462
2.085626e-06	-0.0205256
2.087626e-06	-0.0206952
2.089626e-06	-0.0205574
2.091626e-06	-0.020462
2.093626e-06	-0.0204832
2.095626e-06	-0.0207376
2.097626e-06	-0.0208966
2.099626e-06	-0.0208224
2.101626e-06	-0.0207376
2.103626e-06	-0.020674
2.105626e-06	-0.0208966
2.107626e-06	-0.0207058
2.109626e-06	-0.0208436
2.111626e-06	-0.020939
2.113626e-06	-0.0211828
2.115626e-06	-0.020939
2.117626e-06	-0.0208754
2.119626e-06	-0.0210132
2.121626e-06	-0.0210874
2.123626e-06	-0.021045
2.125626e-06	-0.0209814
2.127626e-06	-0.0208542
2.129626e-06	-0.021098
2.131626e-06	-0.0210662
2.133626e-06	-0.0209178
2.135626e-06	-0.020833
2.137626e-06	-0.0207058
2.139626e-06	-0.0204408
2.141626e-06	-0.0202076
2.143626e-06	-0.0203666
2.145626e-06	-0.02025
2.147626e-06	-0.0199956
2.149626e-06	-0.0200168
2.151626e-06	-0.0201652
2.153626e-06	-0.0202076
2.155626e-06	-0.0198154
2.157626e-06	-0.0194444
2.159626e-06	-0.0193384
2.161626e-06	-0.0194656
2.163626e-06	-0.0197412
2.165626e-06	-0.0196776
2.167626e-06	-0.019614
2.169626e-06	-0.019614
2.171626e-06	-0.0194656
2.173626e-06	-0.0194656
2.175626e-06	-0.0190416
2.177626e-06	-0.018978
2.179626e-06	-0.0192324
2.181626e-06	-0.0193278
2.183626e-06	-0.0196458
2.185626e-06	-0.01972
2.187626e-06	-0.0197094
2.189626e-06	-0.0196564
2.191626e-06	-0.0195822
2.193626e-06	-0.0193914
2.195626e-06	-0.0195292
2.197626e-06	-0.0195186
2.199626e-06	-0.019243
2.201626e-06	-0.019031
2.203626e-06	-0.0185328
2.205626e-06	-0.0186282
2.207626e-06	-0.0185964
2.209626e-06	-0.0186494
2.211626e-06	-0.0186388
2.213626e-06	-0.0187024
2.215626e-06	-0.0187766
2.217626e-06	-0.0187872
2.219626e-06	-0.0187766
2.221626e-06	-0.0187024
2.223626e-06	-0.0186494
2.225626e-06	-0.019084
2.227626e-06	-0.0193172
2.229626e-06	-0.0191264
2.231626e-06	-0.0187024
2.233626e-06	-0.0189038
2.235626e-06	-0.018607
2.237626e-06	-0.0191476
2.239626e-06	-0.0190522
2.241626e-06	-0.0191794
2.243626e-06	-0.0192748
2.245626e-06	-0.0197094
2.247626e-06	-0.0199214
2.249626e-06	-0.0200062
2.251626e-06	-0.0203348
2.253626e-06	-0.0202076
2.255626e-06	-0.0199426
2.257626e-06	-0.0197942
2.259626e-06	-0.0195716
2.261626e-06	-0.019561
2.263626e-06	-0.0196246
2.265626e-06	-0.0196458
2.267626e-06	-0.0196564
2.269626e-06	-0.01972
2.271626e-06	-0.019614
2.273626e-06	-0.019508
2.275626e-06	-0.0194974
2.277626e-06	-0.01972
2.279626e-06	-0.0196776
2.281626e-06	-0.019667
2.283626e-06	-0.0194338
2.285626e-06	-0.0190946
2.287626e-06	-0.0186176
2.289626e-06	-0.0184904
2.291626e-06	-0.0183314
2.293626e-06	-0.018713
2.295626e-06	-0.0187978
2.297626e-06	-0.018925
2.299626e-06	-0.0187448
2.301626e-06	-0.0185752
2.303626e-06	-0.0184798
2.305626e-06	-0.0185646
2.307626e-06	-0.0187448
2.309626e-06	-0.018819
2.311626e-06	-0.0187554
2.313626e-06	-0.0189144
2.315626e-06	-0.0190628
2.317626e-06	-0.0187978
2.319626e-06	-0.0181936
2.321626e-06	-0.0176954
2.323626e-06	-0.0171442
2.325626e-06	-0.017388
2.327626e-06	-0.0177696
2.329626e-06	-0.0177272
2.331626e-06	-0.017176
2.333626e-06	-0.0171548
2.335626e-06	-0.0170806
2.337626e-06	-0.0172502
2.339626e-06	-0.0167944
2.341626e-06	-0.0164764
2.343626e-06	-0.0162114
2.345626e-06	-0.0163916
2.347626e-06	-0.0165294
2.349626e-06	-0.01654
2.351626e-06	-0.0167414
2.353626e-06	-0.0168474
2.355626e-06	-0.017388
2.357626e-06	-0.0176212
2.359626e-06	-0.0175152
2.361626e-06	-0.0176954
2.363626e-06	-0.017759
2.365626e-06	-0.0181406
2.367626e-06	-0.0180028
2.369626e-06	-0.0178968
2.371626e-06	-0.0180452
2.373626e-06	-0.018554
2.375626e-06	-0.0187554
2.377626e-06	-0.019084
2.379626e-06	-0.018872
2.381626e-06	-0.0188402
2.383626e-06	-0.018766
2.385626e-06	-0.0188296
2.387626e-06	-0.0191052
2.389626e-06	-0.0191476
2.391626e-06	-0.0187872
2.393626e-06	-0.0189568
2.395626e-06	-0.018925
2.397626e-06	-0.0189886
2.399626e-06	-0.0186706
2.401626e-06	-0.0187872
2.403626e-06	-0.0189568
2.405626e-06	-0.018872
2.407626e-06	-0.0188402
2.409626e-06	-0.018872
2.411626e-06	-0.0185222
2.413626e-06	-0.0185964
2.415626e-06	-0.0183844
2.417626e-06	-0.0182254
2.419626e-06	-0.0180558
2.421626e-06	-0.0179816
2.423626e-06	-0.0178756
2.425626e-06	-0.017865
2.427626e-06	-0.0177378
2.429626e-06	-0.0177908
2.431626e-06	-0.0174622
2.433626e-06	-0.0175364
2.435626e-06	-0.017229
2.437626e-06	-0.017229
2.439626e-06	-0.01707
2.441626e-06	-0.0171336
2.443626e-06	-0.0171442
2.445626e-06	-0.0169216
2.447626e-06	-0.0169958
2.449626e-06	-0.0170382
2.451626e-06	-0.0169534
2.453626e-06	-0.016752
2.455626e-06	-0.0165188
2.457626e-06	-0.0168156
2.459626e-06	-0.0169216
2.461626e-06	-0.0171654
2.463626e-06	-0.0172078
2.465626e-06	-0.0168898
2.467626e-06	-0.0169746
2.469626e-06	-0.0168898
2.471626e-06	-0.016964
2.473626e-06	-0.0169958
2.475626e-06	-0.0174198
2.477626e-06	-0.0176424
2.479626e-06	-0.0175682
2.481626e-06	-0.0176106
2.483626e-06	-0.0178862
2.485626e-06	-0.017812
2.487626e-06	-0.0176954
2.489626e-06	-0.0175894
2.491626e-06	-0.0176106
2.493626e-06	-0.0176212
2.495626e-06	-0.0177166
2.497626e-06	-0.0176106
2.499626e-06	-0.017653
2.501626e-06	-0.0176954
2.503626e-06	-0.0178332
2.505626e-06	-0.0179816
2.507626e-06	-0.0177802
2.509626e-06	-0.0176106
2.511626e-06	-0.0176212
