LECROYHDO6104A	50809	Waveform
Segments	1	SegmentSize	2502
Segment	TrigTime	TimeSinceSegment1
#1	19-Dec-2022 19:56:23	0                 
Time	Ampl
-2.50106e-06	-0.021004
-2.49906e-06	-0.021352
-2.49706e-06	-0.02083
-2.49506e-06	-0.020308
-2.49306e-06	-0.019612
-2.49106e-06	-0.021004
-2.48906e-06	-0.020482
-2.48706e-06	-0.021004
-2.48506e-06	-0.02083
-2.48306e-06	-0.020656
-2.48106e-06	-0.020482
-2.47906e-06	-0.02083
-2.47706e-06	-0.020656
-2.47506e-06	-0.020482
-2.47306e-06	-0.019612
-2.47106e-06	-0.020134
-2.46906e-06	-0.019786
-2.46706e-06	-0.021004
-2.46506e-06	-0.021526
-2.46306e-06	-0.020308
-2.46106e-06	-0.01996
-2.45906e-06	-0.019612
-2.45706e-06	-0.01996
-2.45506e-06	-0.020134
-2.45306e-06	-0.019438
-2.45106e-06	-0.01996
-2.44906e-06	-0.019438
-2.44706e-06	-0.019786
-2.44506e-06	-0.02083
-2.44306e-06	-0.020482
-2.44106e-06	-0.021004
-2.43906e-06	-0.021178
-2.43706e-06	-0.020134
-2.43506e-06	-0.02083
-2.43306e-06	-0.021004
-2.43106e-06	-0.020482
-2.42906e-06	-0.020308
-2.42706e-06	-0.02083
-2.42506e-06	-0.02083
-2.42306e-06	-0.021874
-2.42106e-06	-0.02083
-2.41906e-06	-0.02083
-2.41706e-06	-0.02083
-2.41506e-06	-0.021004
-2.41306e-06	-0.022048
-2.41106e-06	-0.022048
-2.40906e-06	-0.021526
-2.40706e-06	-0.021874
-2.40506e-06	-0.0217
-2.40306e-06	-0.021352
-2.40106e-06	-0.021526
-2.39906e-06	-0.022222
-2.39706e-06	-0.022396
-2.39506e-06	-0.021352
-2.39306e-06	-0.022918
-2.39106e-06	-0.022744
-2.38906e-06	-0.02257
-2.38706e-06	-0.02257
-2.38506e-06	-0.022222
-2.38306e-06	-0.022222
-2.38106e-06	-0.022222
-2.37906e-06	-0.022396
-2.37706e-06	-0.022744
-2.37506e-06	-0.022396
-2.37306e-06	-0.022744
-2.37106e-06	-0.022918
-2.36906e-06	-0.02257
-2.36706e-06	-0.022918
-2.36506e-06	-0.023092
-2.36306e-06	-0.023788
-2.36106e-06	-0.023266
-2.35906e-06	-0.02344
-2.35706e-06	-0.023788
-2.35506e-06	-0.024484
-2.35306e-06	-0.023266
-2.35106e-06	-0.023962
-2.34906e-06	-0.02344
-2.34706e-06	-0.024832
-2.34506e-06	-0.024136
-2.34306e-06	-0.023962
-2.34106e-06	-0.023614
-2.33906e-06	-0.024136
-2.33706e-06	-0.023962
-2.33506e-06	-0.024136
-2.33306e-06	-0.023614
-2.33106e-06	-0.023962
-2.32906e-06	-0.02344
-2.32706e-06	-0.023266
-2.32506e-06	-0.022918
-2.32306e-06	-0.022918
-2.32106e-06	-0.023092
-2.31906e-06	-0.023092
-2.31706e-06	-0.02344
-2.31506e-06	-0.023614
-2.31306e-06	-0.02344
-2.31106e-06	-0.023962
-2.30906e-06	-0.023614
-2.30706e-06	-0.023788
-2.30506e-06	-0.023092
-2.30306e-06	-0.022918
-2.30106e-06	-0.022744
-2.29906e-06	-0.022222
-2.29706e-06	-0.022222
-2.29506e-06	-0.021874
-2.29306e-06	-0.0217
-2.29106e-06	-0.021004
-2.28906e-06	-0.0217
-2.28706e-06	-0.021352
-2.28506e-06	-0.021526
-2.28306e-06	-0.02083
-2.28106e-06	-0.02083
-2.27906e-06	-0.021874
-2.27706e-06	-0.021004
-2.27506e-06	-0.021004
-2.27306e-06	-0.021004
-2.27106e-06	-0.021178
-2.26906e-06	-0.021526
-2.26706e-06	-0.021178
-2.26506e-06	-0.021526
-2.26306e-06	-0.021526
-2.26106e-06	-0.022048
-2.25906e-06	-0.021004
-2.25706e-06	-0.021874
-2.25506e-06	-0.022222
-2.25306e-06	-0.02083
-2.25106e-06	-0.021004
-2.24906e-06	-0.021352
-2.24706e-06	-0.021004
-2.24506e-06	-0.021004
-2.24306e-06	-0.021352
-2.24106e-06	-0.021004
-2.23906e-06	-0.022048
-2.23706e-06	-0.021004
-2.23506e-06	-0.021178
-2.23306e-06	-0.021004
-2.23106e-06	-0.021526
-2.22906e-06	-0.021526
-2.22706e-06	-0.022048
-2.22506e-06	-0.023092
-2.22306e-06	-0.022396
-2.22106e-06	-0.02257
-2.21906e-06	-0.022048
-2.21706e-06	-0.022396
-2.21506e-06	-0.022222
-2.21306e-06	-0.022222
-2.21106e-06	-0.022048
-2.20906e-06	-0.022222
-2.20706e-06	-0.021874
-2.20506e-06	-0.021874
-2.20306e-06	-0.0217
-2.20106e-06	-0.022048
-2.19906e-06	-0.022396
-2.19706e-06	-0.021352
-2.19506e-06	-0.022222
-2.19306e-06	-0.021526
-2.19106e-06	-0.022048
-2.18906e-06	-0.021526
-2.18706e-06	-0.022048
-2.18506e-06	-0.020656
-2.18306e-06	-0.021874
-2.18106e-06	-0.021874
-2.17906e-06	-0.021352
-2.17706e-06	-0.020482
-2.17506e-06	-0.02083
-2.17306e-06	-0.021004
-2.17106e-06	-0.021526
-2.16906e-06	-0.020656
-2.16706e-06	-0.0217
-2.16506e-06	-0.021352
-2.16306e-06	-0.021178
-2.16106e-06	-0.021178
-2.15906e-06	-0.021352
-2.15706e-06	-0.021004
-2.15506e-06	-0.020656
-2.15306e-06	-0.020482
-2.15106e-06	-0.021874
-2.14906e-06	-0.021004
-2.14706e-06	-0.021352
-2.14506e-06	-0.021178
-2.14306e-06	-0.021004
-2.14106e-06	-0.01996
-2.13906e-06	-0.020656
-2.13706e-06	-0.01996
-2.13506e-06	-0.020134
-2.13306e-06	-0.019438
-2.13106e-06	-0.019612
-2.12906e-06	-0.020482
-2.12706e-06	-0.020308
-2.12506e-06	-0.019438
-2.12306e-06	-0.018916
-2.12106e-06	-0.019264
-2.11906e-06	-0.019786
-2.11706e-06	-0.01909
-2.11506e-06	-0.020656
-2.11306e-06	-0.019612
-2.11106e-06	-0.020134
-2.10906e-06	-0.019786
-2.10706e-06	-0.018916
-2.10506e-06	-0.018916
-2.10306e-06	-0.018916
-2.10106e-06	-0.018568
-2.09906e-06	-0.018916
-2.09706e-06	-0.018916
-2.09506e-06	-0.018916
-2.09306e-06	-0.018742
-2.09106e-06	-0.018394
-2.08906e-06	-0.018916
-2.08706e-06	-0.019264
-2.08506e-06	-0.018742
-2.08306e-06	-0.018742
-2.08106e-06	-0.017872
-2.07906e-06	-0.017176
-2.07706e-06	-0.017524
-2.07506e-06	-0.018046
-2.07306e-06	-0.01822
-2.07106e-06	-0.018394
-2.06906e-06	-0.017524
-2.06706e-06	-0.017698
-2.06506e-06	-0.017176
-2.06306e-06	-0.018394
-2.06106e-06	-0.017872
-2.05906e-06	-0.01822
-2.05706e-06	-0.017176
-2.05506e-06	-0.018568
-2.05306e-06	-0.018046
-2.05106e-06	-0.017524
-2.04906e-06	-0.01822
-2.04706e-06	-0.018394
-2.04506e-06	-0.017698
-2.04306e-06	-0.017698
-2.04106e-06	-0.017698
-2.03906e-06	-0.017698
-2.03706e-06	-0.01735
-2.03506e-06	-0.017872
-2.03306e-06	-0.018394
-2.03106e-06	-0.01822
-2.02906e-06	-0.017698
-2.02706e-06	-0.017698
-2.02506e-06	-0.018046
-2.02306e-06	-0.017524
-2.02106e-06	-0.017176
-2.01906e-06	-0.017698
-2.01706e-06	-0.017698
-2.01506e-06	-0.01735
-2.01306e-06	-0.017002
-2.01106e-06	-0.017872
-2.00906e-06	-0.01735
-2.00706e-06	-0.01735
-2.00506e-06	-0.016654
-2.00306e-06	-0.016654
-2.00106e-06	-0.016654
-1.99906e-06	-0.017524
-1.99706e-06	-0.017002
-1.99506e-06	-0.016828
-1.99306e-06	-0.016828
-1.99106e-06	-0.017698
-1.98906e-06	-0.017176
-1.98706e-06	-0.016828
-1.98506e-06	-0.015784
-1.98306e-06	-0.016828
-1.98106e-06	-0.016306
-1.97906e-06	-0.015958
-1.97706e-06	-0.015958
-1.97506e-06	-0.015784
-1.97306e-06	-0.01561
-1.97106e-06	-0.015958
-1.96906e-06	-0.015088
-1.96706e-06	-0.016306
-1.96506e-06	-0.015262
-1.96306e-06	-0.016654
-1.96106e-06	-0.015784
-1.95906e-06	-0.01561
-1.95706e-06	-0.01561
-1.95506e-06	-0.01648
-1.95306e-06	-0.01648
-1.95106e-06	-0.016306
-1.94906e-06	-0.01561
-1.94706e-06	-0.017002
-1.94506e-06	-0.016306
-1.94306e-06	-0.01735
-1.94106e-06	-0.016828
-1.93906e-06	-0.017524
-1.93706e-06	-0.017002
-1.93506e-06	-0.017176
-1.93306e-06	-0.017176
-1.93106e-06	-0.017698
-1.92906e-06	-0.016828
-1.92706e-06	-0.017002
-1.92506e-06	-0.016828
-1.92306e-06	-0.017524
-1.92106e-06	-0.01735
-1.91906e-06	-0.017698
-1.91706e-06	-0.01648
-1.91506e-06	-0.017176
-1.91306e-06	-0.017698
-1.91106e-06	-0.016828
-1.90906e-06	-0.01735
-1.90706e-06	-0.017176
-1.90506e-06	-0.017002
-1.90306e-06	-0.017698
-1.90106e-06	-0.017698
-1.89906e-06	-0.017176
-1.89706e-06	-0.01822
-1.89506e-06	-0.018568
-1.89306e-06	-0.01822
-1.89106e-06	-0.018568
-1.88906e-06	-0.018568
-1.88706e-06	-0.019438
-1.88506e-06	-0.01909
-1.88306e-06	-0.018742
-1.88106e-06	-0.018394
-1.87906e-06	-0.01909
-1.87706e-06	-0.019264
-1.87506e-06	-0.019264
-1.87306e-06	-0.019786
-1.87106e-06	-0.020134
-1.86906e-06	-0.019786
-1.86706e-06	-0.019438
-1.86506e-06	-0.020308
-1.86306e-06	-0.020134
-1.86106e-06	-0.020482
-1.85906e-06	-0.01996
-1.85706e-06	-0.01996
-1.85506e-06	-0.02083
-1.85306e-06	-0.020482
-1.85106e-06	-0.021004
-1.84906e-06	-0.021352
-1.84706e-06	-0.021178
-1.84506e-06	-0.020656
-1.84306e-06	-0.02083
-1.84106e-06	-0.021352
-1.83906e-06	-0.021178
-1.83706e-06	-0.021352
-1.83506e-06	-0.020656
-1.83306e-06	-0.021352
-1.83106e-06	-0.0217
-1.82906e-06	-0.020656
-1.82706e-06	-0.020656
-1.82506e-06	-0.021178
-1.82306e-06	-0.021178
-1.82106e-06	-0.020482
-1.81906e-06	-0.020308
-1.81706e-06	-0.020656
-1.81506e-06	-0.020308
-1.81306e-06	-0.020308
-1.81106e-06	-0.020656
-1.80906e-06	-0.020656
-1.80706e-06	-0.021004
-1.80506e-06	-0.020308
-1.80306e-06	-0.02083
-1.80106e-06	-0.02083
-1.79906e-06	-0.021178
-1.79706e-06	-0.02083
-1.79506e-06	-0.021352
-1.79306e-06	-0.0217
-1.79106e-06	-0.021874
-1.78906e-06	-0.02257
-1.78706e-06	-0.021526
-1.78506e-06	-0.021874
-1.78306e-06	-0.0217
-1.78106e-06	-0.022222
-1.77906e-06	-0.021874
-1.77706e-06	-0.021874
-1.77506e-06	-0.022222
-1.77306e-06	-0.022222
-1.77106e-06	-0.022744
-1.76906e-06	-0.022222
-1.76706e-06	-0.022048
-1.76506e-06	-0.0217
-1.76306e-06	-0.022396
-1.76106e-06	-0.022396
-1.75906e-06	-0.022744
-1.75706e-06	-0.023092
-1.75506e-06	-0.023092
-1.75306e-06	-0.02344
-1.75106e-06	-0.022918
-1.74906e-06	-0.022396
-1.74706e-06	-0.022744
-1.74506e-06	-0.022744
-1.74306e-06	-0.022918
-1.74106e-06	-0.022744
-1.73906e-06	-0.021874
-1.73706e-06	-0.022396
-1.73506e-06	-0.0217
-1.73306e-06	-0.022396
-1.73106e-06	-0.022048
-1.72906e-06	-0.022918
-1.72706e-06	-0.022744
-1.72506e-06	-0.022222
-1.72306e-06	-0.022048
-1.72106e-06	-0.02257
-1.71906e-06	-0.0217
-1.71706e-06	-0.022396
-1.71506e-06	-0.022222
-1.71306e-06	-0.022744
-1.71106e-06	-0.022744
-1.70906e-06	-0.023092
-1.70706e-06	-0.022222
-1.70506e-06	-0.022744
-1.70306e-06	-0.022048
-1.70106e-06	-0.022222
-1.69906e-06	-0.022048
-1.69706e-06	-0.022744
-1.69506e-06	-0.02257
-1.69306e-06	-0.022396
-1.69106e-06	-0.021526
-1.68906e-06	-0.021874
-1.68706e-06	-0.022048
-1.68506e-06	-0.022222
-1.68306e-06	-0.021352
-1.68106e-06	-0.021004
-1.67906e-06	-0.021178
-1.67706e-06	-0.020656
-1.67506e-06	-0.020482
-1.67306e-06	-0.020308
-1.67106e-06	-0.02083
-1.66906e-06	-0.020308
-1.66706e-06	-0.020482
-1.66506e-06	-0.02083
-1.66306e-06	-0.021352
-1.66106e-06	-0.021352
-1.65906e-06	-0.021874
-1.65706e-06	-0.022048
-1.65506e-06	-0.022222
-1.65306e-06	-0.022048
-1.65106e-06	-0.02083
-1.64906e-06	-0.021178
-1.64706e-06	-0.021526
-1.64506e-06	-0.021874
-1.64306e-06	-0.0217
-1.64106e-06	-0.021352
-1.63906e-06	-0.0217
-1.63706e-06	-0.022222
-1.63506e-06	-0.02257
-1.63306e-06	-0.022918
-1.63106e-06	-0.022048
-1.62906e-06	-0.022396
-1.62706e-06	-0.022222
-1.62506e-06	-0.022744
-1.62306e-06	-0.022918
-1.62106e-06	-0.02257
-1.61906e-06	-0.022918
-1.61706e-06	-0.023266
-1.61506e-06	-0.022744
-1.61306e-06	-0.022918
-1.61106e-06	-0.022222
-1.60906e-06	-0.022744
-1.60706e-06	-0.022396
-1.60506e-06	-0.022048
-1.60306e-06	-0.021874
-1.60106e-06	-0.022396
-1.59906e-06	-0.02257
-1.59706e-06	-0.023092
-1.59506e-06	-0.022048
-1.59306e-06	-0.023266
-1.59106e-06	-0.023092
-1.58906e-06	-0.023266
-1.58706e-06	-0.023092
-1.58506e-06	-0.022918
-1.58306e-06	-0.02344
-1.58106e-06	-0.022396
-1.57906e-06	-0.022744
-1.57706e-06	-0.02344
-1.57506e-06	-0.023266
-1.57306e-06	-0.022396
-1.57106e-06	-0.02257
-1.56906e-06	-0.023788
-1.56706e-06	-0.023614
-1.56506e-06	-0.023266
-1.56306e-06	-0.023266
-1.56106e-06	-0.023092
-1.55906e-06	-0.022918
-1.55706e-06	-0.022396
-1.55506e-06	-0.022918
-1.55306e-06	-0.022918
-1.55106e-06	-0.023266
-1.54906e-06	-0.023614
-1.54706e-06	-0.023266
-1.54506e-06	-0.023614
-1.54306e-06	-0.023962
-1.54106e-06	-0.023266
-1.53906e-06	-0.02257
-1.53706e-06	-0.022918
-1.53506e-06	-0.022918
-1.53306e-06	-0.023266
-1.53106e-06	-0.023788
-1.52906e-06	-0.02344
-1.52706e-06	-0.023266
-1.52506e-06	-0.022918
-1.52306e-06	-0.023092
-1.52106e-06	-0.023788
-1.51906e-06	-0.022744
-1.51706e-06	-0.02257
-1.51506e-06	-0.02257
-1.51306e-06	-0.022222
-1.51106e-06	-0.021874
-1.50906e-06	-0.021874
-1.50706e-06	-0.021004
-1.50506e-06	-0.021178
-1.50306e-06	-0.022222
-1.50106e-06	-0.022396
-1.49906e-06	-0.0217
-1.49706e-06	-0.022222
-1.49506e-06	-0.022396
-1.49306e-06	-0.0217
-1.49106e-06	-0.021874
-1.48906e-06	-0.021874
-1.48706e-06	-0.022222
-1.48506e-06	-0.022222
-1.48306e-06	-0.0217
-1.48106e-06	-0.022048
-1.47906e-06	-0.022048
-1.47706e-06	-0.02257
-1.47506e-06	-0.02257
-1.47306e-06	-0.022744
-1.47106e-06	-0.022918
-1.46906e-06	-0.022918
-1.46706e-06	-0.022918
-1.46506e-06	-0.02257
-1.46306e-06	-0.02257
-1.46106e-06	-0.0217
-1.45906e-06	-0.022048
-1.45706e-06	-0.022048
-1.45506e-06	-0.021874
-1.45306e-06	-0.020308
-1.45106e-06	-0.02083
-1.44906e-06	-0.0217
-1.44706e-06	-0.0217
-1.44506e-06	-0.0217
-1.44306e-06	-0.021874
-1.44106e-06	-0.022222
-1.43906e-06	-0.022048
-1.43706e-06	-0.022048
-1.43506e-06	-0.022222
-1.43306e-06	-0.022396
-1.43106e-06	-0.02257
-1.42906e-06	-0.021874
-1.42706e-06	-0.0217
-1.42506e-06	-0.021874
-1.42306e-06	-0.022048
-1.42106e-06	-0.021352
-1.41906e-06	-0.022048
-1.41706e-06	-0.022744
-1.41506e-06	-0.022918
-1.41306e-06	-0.0217
-1.41106e-06	-0.022396
-1.40906e-06	-0.0217
-1.40706e-06	-0.021874
-1.40506e-06	-0.021004
-1.40306e-06	-0.021874
-1.40106e-06	-0.021352
-1.39906e-06	-0.022048
-1.39706e-06	-0.021526
-1.39506e-06	-0.021874
-1.39306e-06	-0.022048
-1.39106e-06	-0.021526
-1.38906e-06	-0.02083
-1.38706e-06	-0.02083
-1.38506e-06	-0.020308
-1.38306e-06	-0.020656
-1.38106e-06	-0.020134
-1.37906e-06	-0.020656
-1.37706e-06	-0.020656
-1.37506e-06	-0.021178
-1.37306e-06	-0.020482
-1.37106e-06	-0.021526
-1.36906e-06	-0.020656
-1.36706e-06	-0.020656
-1.36506e-06	-0.019612
-1.36306e-06	-0.01996
-1.36106e-06	-0.020308
-1.35906e-06	-0.021178
-1.35706e-06	-0.020656
-1.35506e-06	-0.021178
-1.35306e-06	-0.020656
-1.35106e-06	-0.021004
-1.34906e-06	-0.020308
-1.34706e-06	-0.020656
-1.34506e-06	-0.01996
-1.34306e-06	-0.021004
-1.34106e-06	-0.020482
-1.33906e-06	-0.020482
-1.33706e-06	-0.021004
-1.33506e-06	-0.02083
-1.33306e-06	-0.020308
-1.33106e-06	-0.021526
-1.32906e-06	-0.0217
-1.32706e-06	-0.02257
-1.32506e-06	-0.023092
-1.32306e-06	-0.022744
-1.32106e-06	-0.022744
-1.31906e-06	-0.02257
-1.31706e-06	-0.022222
-1.31506e-06	-0.022744
-1.31306e-06	-0.023092
-1.31106e-06	-0.022918
-1.30906e-06	-0.022048
-1.30706e-06	-0.023092
-1.30506e-06	-0.022396
-1.30306e-06	-0.022744
-1.30106e-06	-0.022222
-1.29906e-06	-0.022396
-1.29706e-06	-0.02257
-1.29506e-06	-0.022222
-1.29306e-06	-0.0217
-1.29106e-06	-0.0217
-1.28906e-06	-0.021874
-1.28706e-06	-0.0217
-1.28506e-06	-0.022222
-1.28306e-06	-0.0217
-1.28106e-06	-0.022048
-1.27906e-06	-0.022222
-1.27706e-06	-0.022048
-1.27506e-06	-0.0217
-1.27306e-06	-0.0217
-1.27106e-06	-0.02257
-1.26906e-06	-0.0217
-1.26706e-06	-0.022048
-1.26506e-06	-0.022048
-1.26306e-06	-0.022744
-1.26106e-06	-0.021352
-1.25906e-06	-0.022744
-1.25706e-06	-0.02257
-1.25506e-06	-0.022396
-1.25306e-06	-0.022048
-1.25106e-06	-0.022222
-1.24906e-06	-0.022222
-1.24706e-06	-0.022396
-1.24506e-06	-0.022222
-1.24306e-06	-0.0217
-1.24106e-06	-0.022048
-1.23906e-06	-0.022222
-1.23706e-06	-0.022222
-1.23506e-06	-0.022744
-1.23306e-06	-0.02257
-1.23106e-06	-0.02257
-1.22906e-06	-0.02257
-1.22706e-06	-0.022048
-1.22506e-06	-0.022222
-1.22306e-06	-0.022396
-1.22106e-06	-0.021874
-1.21906e-06	-0.021352
-1.21706e-06	-0.021874
-1.21506e-06	-0.021874
-1.21306e-06	-0.022048
-1.21106e-06	-0.0217
-1.20906e-06	-0.022222
-1.20706e-06	-0.022048
-1.20506e-06	-0.021004
-1.20306e-06	-0.0217
-1.20106e-06	-0.021178
-1.19906e-06	-0.021874
-1.19706e-06	-0.021874
-1.19506e-06	-0.022222
-1.19306e-06	-0.022048
-1.19106e-06	-0.021874
-1.18906e-06	-0.02083
-1.18706e-06	-0.021874
-1.18506e-06	-0.021874
-1.18306e-06	-0.0217
-1.18106e-06	-0.021352
-1.17906e-06	-0.021004
-1.17706e-06	-0.02083
-1.17506e-06	-0.020482
-1.17306e-06	-0.019786
-1.17106e-06	-0.01996
-1.16906e-06	-0.020308
-1.16706e-06	-0.020656
-1.16506e-06	-0.01909
-1.16306e-06	-0.020134
-1.16106e-06	-0.020308
-1.15906e-06	-0.019786
-1.15706e-06	-0.019264
-1.15506e-06	-0.019612
-1.15306e-06	-0.020134
-1.15106e-06	-0.020308
-1.14906e-06	-0.020656
-1.14706e-06	-0.020656
-1.14506e-06	-0.020308
-1.14306e-06	-0.021178
-1.14106e-06	-0.020656
-1.13906e-06	-0.020308
-1.13706e-06	-0.02083
-1.13506e-06	-0.021352
-1.13306e-06	-0.020134
-1.13106e-06	-0.020482
-1.12906e-06	-0.020134
-1.12706e-06	-0.020308
-1.12506e-06	-0.019786
-1.12306e-06	-0.019612
-1.12106e-06	-0.019264
-1.11906e-06	-0.019786
-1.11706e-06	-0.01909
-1.11506e-06	-0.019264
-1.11306e-06	-0.018916
-1.11106e-06	-0.018742
-1.10906e-06	-0.018568
-1.10706e-06	-0.019264
-1.10506e-06	-0.018568
-1.10306e-06	-0.018742
-1.10106e-06	-0.018568
-1.09906e-06	-0.01822
-1.09706e-06	-0.018046
-1.09506e-06	-0.018916
-1.09306e-06	-0.018394
-1.09106e-06	-0.018046
-1.08906e-06	-0.017176
-1.08706e-06	-0.018046
-1.08506e-06	-0.017002
-1.08306e-06	-0.018568
-1.08106e-06	-0.018394
-1.07906e-06	-0.017698
-1.07706e-06	-0.017872
-1.07506e-06	-0.018568
-1.07306e-06	-0.018394
-1.07106e-06	-0.01909
-1.06906e-06	-0.01909
-1.06706e-06	-0.019264
-1.06506e-06	-0.01996
-1.06306e-06	-0.019786
-1.06106e-06	-0.019264
-1.05906e-06	-0.018916
-1.05706e-06	-0.018742
-1.05506e-06	-0.019786
-1.05306e-06	-0.01909
-1.05106e-06	-0.019612
-1.04906e-06	-0.01909
-1.04706e-06	-0.01996
-1.04506e-06	-0.019612
-1.04306e-06	-0.018916
-1.04106e-06	-0.018916
-1.03906e-06	-0.019612
-1.03706e-06	-0.018916
-1.03506e-06	-0.018568
-1.03306e-06	-0.01909
-1.03106e-06	-0.019438
-1.02906e-06	-0.018742
-1.02706e-06	-0.01909
-1.02506e-06	-0.018742
-1.02306e-06	-0.019264
-1.02106e-06	-0.019438
-1.01906e-06	-0.019612
-1.01706e-06	-0.019438
-1.01506e-06	-0.01909
-1.01306e-06	-0.01909
-1.01106e-06	-0.019438
-1.00906e-06	-0.018568
-1.00706e-06	-0.019786
-1.00506e-06	-0.01909
-1.00306e-06	-0.018916
-1.00106e-06	-0.01909
-9.990599e-07	-0.019612
-9.970599e-07	-0.019438
-9.950599e-07	-0.018568
-9.930599e-07	-0.018568
-9.910599e-07	-0.018916
-9.890599e-07	-0.018916
-9.870599e-07	-0.019438
-9.850599e-07	-0.019438
-9.830599e-07	-0.018916
-9.810599e-07	-0.018394
-9.790599e-07	-0.019264
-9.770599e-07	-0.01909
-9.750599e-07	-0.018568
-9.730599e-07	-0.01822
-9.710599e-07	-0.018394
-9.690599e-07	-0.017698
-9.670599e-07	-0.017524
-9.650599e-07	-0.01735
-9.630599e-07	-0.018394
-9.610599e-07	-0.01822
-9.590599e-07	-0.018394
-9.570599e-07	-0.018046
-9.550599e-07	-0.018568
-9.530599e-07	-0.018394
-9.510599e-07	-0.01909
-9.490599e-07	-0.018916
-9.470599e-07	-0.019264
-9.450599e-07	-0.018742
-9.430599e-07	-0.019612
-9.410599e-07	-0.01909
-9.390599e-07	-0.019612
-9.370599e-07	-0.019438
-9.350599e-07	-0.01996
-9.330599e-07	-0.019264
-9.310599e-07	-0.019264
-9.290599e-07	-0.01909
-9.270599e-07	-0.019438
-9.250599e-07	-0.019264
-9.230599e-07	-0.019786
-9.210599e-07	-0.019612
-9.190599e-07	-0.020308
-9.170599e-07	-0.019438
-9.150599e-07	-0.019612
-9.130599e-07	-0.019786
-9.110599e-07	-0.01909
-9.090599e-07	-0.018916
-9.070599e-07	-0.019264
-9.050599e-07	-0.019264
-9.030599e-07	-0.01909
-9.010599e-07	-0.019264
-8.990599e-07	-0.019612
-8.970599e-07	-0.018394
-8.950599e-07	-0.019612
-8.930599e-07	-0.019612
-8.910599e-07	-0.01909
-8.890599e-07	-0.018916
-8.870599e-07	-0.020482
-8.850599e-07	-0.019264
-8.830599e-07	-0.020134
-8.810599e-07	-0.019786
-8.790599e-07	-0.020482
-8.770599e-07	-0.019612
-8.750599e-07	-0.019786
-8.730599e-07	-0.02083
-8.710599e-07	-0.020482
-8.690599e-07	-0.020656
-8.670599e-07	-0.020308
-8.650599e-07	-0.020308
-8.630599e-07	-0.01996
-8.610599e-07	-0.01996
-8.590599e-07	-0.020308
-8.570599e-07	-0.01996
-8.550599e-07	-0.020308
-8.530599e-07	-0.020134
-8.510599e-07	-0.020656
-8.490599e-07	-0.020656
-8.470599e-07	-0.020134
-8.450599e-07	-0.020134
-8.430599e-07	-0.020656
-8.410599e-07	-0.0217
-8.390599e-07	-0.021352
-8.370599e-07	-0.02083
-8.350599e-07	-0.021178
-8.330599e-07	-0.021352
-8.310599e-07	-0.021874
-8.290599e-07	-0.021178
-8.270599e-07	-0.0217
-8.250599e-07	-0.022048
-8.230599e-07	-0.021526
-8.210599e-07	-0.020308
-8.190599e-07	-0.021004
-8.170599e-07	-0.020482
-8.150599e-07	-0.021526
-8.130599e-07	-0.021352
-8.110599e-07	-0.021352
-8.090599e-07	-0.021178
-8.070599e-07	-0.021352
-8.050599e-07	-0.021526
-8.030599e-07	-0.021004
-8.010599e-07	-0.020656
-7.990599e-07	-0.02083
-7.970599e-07	-0.020134
-7.950599e-07	-0.02083
-7.930599e-07	-0.02083
-7.910599e-07	-0.020308
-7.890599e-07	-0.020308
-7.870599e-07	-0.020482
-7.850599e-07	-0.019786
-7.830599e-07	-0.020482
-7.810599e-07	-0.020308
-7.790599e-07	-0.020308
-7.770599e-07	-0.020482
-7.750599e-07	-0.021178
-7.730599e-07	-0.020308
-7.710599e-07	-0.02083
-7.690599e-07	-0.021178
-7.670599e-07	-0.02083
-7.650599e-07	-0.020308
-7.630599e-07	-0.02083
-7.610599e-07	-0.020308
-7.590599e-07	-0.021004
-7.570599e-07	-0.020134
-7.550599e-07	-0.020308
-7.530599e-07	-0.020482
-7.510599e-07	-0.021178
-7.490599e-07	-0.01996
-7.470599e-07	-0.02083
-7.450599e-07	-0.019786
-7.430599e-07	-0.020308
-7.410599e-07	-0.019786
-7.390599e-07	-0.020482
-7.370599e-07	-0.020134
-7.350599e-07	-0.020308
-7.330599e-07	-0.01996
-7.310599e-07	-0.019438
-7.290599e-07	-0.01996
-7.270599e-07	-0.020482
-7.250599e-07	-0.019438
-7.230599e-07	-0.01996
-7.210599e-07	-0.01996
-7.190599e-07	-0.01996
-7.170599e-07	-0.01909
-7.150599e-07	-0.018742
-7.130599e-07	-0.01909
-7.110599e-07	-0.018394
-7.090599e-07	-0.017872
-7.070599e-07	-0.017698
-7.050599e-07	-0.018568
-7.030599e-07	-0.018916
-7.010599e-07	-0.017872
-6.990599e-07	-0.017872
-6.970599e-07	-0.01822
-6.950599e-07	-0.017698
-6.930599e-07	-0.017524
-6.910599e-07	-0.018742
-6.890599e-07	-0.018394
-6.870599e-07	-0.01909
-6.850599e-07	-0.017872
-6.830599e-07	-0.01909
-6.810599e-07	-0.018742
-6.790599e-07	-0.018742
-6.770599e-07	-0.01822
-6.750599e-07	-0.018394
-6.730599e-07	-0.018046
-6.710599e-07	-0.018046
-6.690599e-07	-0.017698
-6.670599e-07	-0.01822
-6.650599e-07	-0.018394
-6.630599e-07	-0.018046
-6.610599e-07	-0.017872
-6.590599e-07	-0.018742
-6.570599e-07	-0.01822
-6.550599e-07	-0.018394
-6.530599e-07	-0.018394
-6.510599e-07	-0.018742
-6.490599e-07	-0.018916
-6.470599e-07	-0.01909
-6.450599e-07	-0.01822
-6.430599e-07	-0.018742
-6.410599e-07	-0.018568
-6.390599e-07	-0.018916
-6.370599e-07	-0.01822
-6.350599e-07	-0.018568
-6.330599e-07	-0.018394
-6.310599e-07	-0.01822
-6.290599e-07	-0.017524
-6.270599e-07	-0.018046
-6.250599e-07	-0.018394
-6.230599e-07	-0.018742
-6.210599e-07	-0.01822
-6.190599e-07	-0.01822
-6.170599e-07	-0.018046
-6.150599e-07	-0.01822
-6.130599e-07	-0.018394
-6.110599e-07	-0.018394
-6.090599e-07	-0.018916
-6.070599e-07	-0.017698
-6.050599e-07	-0.01822
-6.030599e-07	-0.018916
-6.010599e-07	-0.018046
-5.990599e-07	-0.018046
-5.970599e-07	-0.017524
-5.950599e-07	-0.01822
-5.930599e-07	-0.017524
-5.910599e-07	-0.01822
-5.890599e-07	-0.017698
-5.870599e-07	-0.018046
-5.850599e-07	-0.017698
-5.830599e-07	-0.017698
-5.810599e-07	-0.01822
-5.790599e-07	-0.018046
-5.770599e-07	-0.019438
-5.750599e-07	-0.01909
-5.730599e-07	-0.01909
-5.710599e-07	-0.019264
-5.690599e-07	-0.019264
-5.670599e-07	-0.019438
-5.650599e-07	-0.01909
-5.630599e-07	-0.01909
-5.610599e-07	-0.019264
-5.590599e-07	-0.01996
-5.570599e-07	-0.019264
-5.550599e-07	-0.019786
-5.530599e-07	-0.019438
-5.510599e-07	-0.020308
-5.490599e-07	-0.019786
-5.470599e-07	-0.019786
-5.450599e-07	-0.019786
-5.430599e-07	-0.019264
-5.410599e-07	-0.01909
-5.390599e-07	-0.019786
-5.370599e-07	-0.01996
-5.350599e-07	-0.01996
-5.330599e-07	-0.019264
-5.310599e-07	-0.019786
-5.290599e-07	-0.020308
-5.270599e-07	-0.020656
-5.250599e-07	-0.019786
-5.230599e-07	-0.019612
-5.210599e-07	-0.01996
-5.190599e-07	-0.02083
-5.170599e-07	-0.020482
-5.150599e-07	-0.021004
-5.130599e-07	-0.02083
-5.110599e-07	-0.021004
-5.090599e-07	-0.020308
-5.070599e-07	-0.021178
-5.050599e-07	-0.021178
-5.030599e-07	-0.020656
-5.010599e-07	-0.020482
-4.990599e-07	-0.021178
-4.970599e-07	-0.021004
-4.950599e-07	-0.021004
-4.930599e-07	-0.021004
-4.910599e-07	-0.0217
-4.890599e-07	-0.021178
-4.870599e-07	-0.0217
-4.850599e-07	-0.020656
-4.830599e-07	-0.020308
-4.810599e-07	-0.019786
-4.790599e-07	-0.01996
-4.770599e-07	-0.019786
-4.750599e-07	-0.020134
-4.730599e-07	-0.019612
-4.710599e-07	-0.019786
-4.690599e-07	-0.019264
-4.670599e-07	-0.019264
-4.650599e-07	-0.018916
-4.630599e-07	-0.020134
-4.610599e-07	-0.019438
-4.590599e-07	-0.01996
-4.570599e-07	-0.020134
-4.550599e-07	-0.020308
-4.530599e-07	-0.019438
-4.510599e-07	-0.01996
-4.490599e-07	-0.019264
-4.470599e-07	-0.019612
-4.450599e-07	-0.019438
-4.430599e-07	-0.020134
-4.410599e-07	-0.019612
-4.390599e-07	-0.020308
-4.370599e-07	-0.020134
-4.350599e-07	-0.01909
-4.330599e-07	-0.019612
-4.310599e-07	-0.020134
-4.290599e-07	-0.01996
-4.270599e-07	-0.01996
-4.250599e-07	-0.019612
-4.230599e-07	-0.020656
-4.210599e-07	-0.019612
-4.190599e-07	-0.019612
-4.170599e-07	-0.019612
-4.150599e-07	-0.020308
-4.130599e-07	-0.020134
-4.110599e-07	-0.020308
-4.090599e-07	-0.01909
-4.070599e-07	-0.020134
-4.050599e-07	-0.019438
-4.030599e-07	-0.019438
-4.010599e-07	-0.01996
-3.990599e-07	-0.01996
-3.970599e-07	-0.019786
-3.950599e-07	-0.020134
-3.930599e-07	-0.020134
-3.910599e-07	-0.020308
-3.890599e-07	-0.019786
-3.870599e-07	-0.020308
-3.850599e-07	-0.020134
-3.830599e-07	-0.02083
-3.810599e-07	-0.019786
-3.790599e-07	-0.020482
-3.770599e-07	-0.020482
-3.750599e-07	-0.019612
-3.730599e-07	-0.019786
-3.710599e-07	-0.020308
-3.690599e-07	-0.01996
-3.670599e-07	-0.020656
-3.650599e-07	-0.020134
-3.630599e-07	-0.020656
-3.610599e-07	-0.02083
-3.590599e-07	-0.022048
-3.570599e-07	-0.0217
-3.550599e-07	-0.0217
-3.530599e-07	-0.0217
-3.510599e-07	-0.022396
-3.490599e-07	-0.022222
-3.470599e-07	-0.022396
-3.450599e-07	-0.022744
-3.430599e-07	-0.022918
-3.410599e-07	-0.022222
-3.390599e-07	-0.02257
-3.370599e-07	-0.022918
-3.350599e-07	-0.023092
-3.330599e-07	-0.02257
-3.310599e-07	-0.022918
-3.290599e-07	-0.023092
-3.270599e-07	-0.023614
-3.250599e-07	-0.022744
-3.230599e-07	-0.023266
-3.210599e-07	-0.02344
-3.190599e-07	-0.023266
-3.170599e-07	-0.023092
-3.150599e-07	-0.022918
-3.130599e-07	-0.022744
-3.110599e-07	-0.023614
-3.090599e-07	-0.023614
-3.070599e-07	-0.022918
-3.050599e-07	-0.023092
-3.030599e-07	-0.023788
-3.010599e-07	-0.023266
-2.990599e-07	-0.022918
-2.970599e-07	-0.02344
-2.950599e-07	-0.023788
-2.930599e-07	-0.023266
-2.910599e-07	-0.023614
-2.890599e-07	-0.023092
-2.870599e-07	-0.023614
-2.850599e-07	-0.023788
-2.830599e-07	-0.023092
-2.810599e-07	-0.02344
-2.790599e-07	-0.022918
-2.770599e-07	-0.024136
-2.750599e-07	-0.02344
-2.730599e-07	-0.023092
-2.710599e-07	-0.023788
-2.690599e-07	-0.022744
-2.670599e-07	-0.02344
-2.650599e-07	-0.022918
-2.630599e-07	-0.022918
-2.610599e-07	-0.022222
-2.590599e-07	-0.022396
-2.570599e-07	-0.0217
-2.550599e-07	-0.021874
-2.530599e-07	-0.02083
-2.510599e-07	-0.02083
-2.490599e-07	-0.021004
-2.470599e-07	-0.021178
-2.450599e-07	-0.020134
-2.430599e-07	-0.020134
-2.410599e-07	-0.01996
-2.390599e-07	-0.019612
-2.370599e-07	-0.019438
-2.350599e-07	-0.018916
-2.330599e-07	-0.018742
-2.310599e-07	-0.018568
-2.290599e-07	-0.018568
-2.270599e-07	-0.018916
-2.250599e-07	-0.01822
-2.230599e-07	-0.018394
-2.210599e-07	-0.017872
-2.190599e-07	-0.018394
-2.170599e-07	-0.018046
-2.150599e-07	-0.018046
-2.130599e-07	-0.018916
-2.110599e-07	-0.01909
-2.090599e-07	-0.018394
-2.070599e-07	-0.01909
-2.050599e-07	-0.018742
-2.030599e-07	-0.019264
-2.010599e-07	-0.018742
-1.990599e-07	-0.018742
-1.970599e-07	-0.018394
-1.950599e-07	-0.017872
-1.930599e-07	-0.017698
-1.910599e-07	-0.018568
-1.890599e-07	-0.017698
-1.870599e-07	-0.017872
-1.850599e-07	-0.017524
-1.830599e-07	-0.017698
-1.810599e-07	-0.01822
-1.790599e-07	-0.018568
-1.770599e-07	-0.016828
-1.750599e-07	-0.016654
-1.730599e-07	-0.016654
-1.710599e-07	-0.017176
-1.690599e-07	-0.016654
-1.670599e-07	-0.01735
-1.650599e-07	-0.017698
-1.630599e-07	-0.016828
-1.610599e-07	-0.016654
-1.590599e-07	-0.016828
-1.570599e-07	-0.016132
-1.550599e-07	-0.016828
-1.530599e-07	-0.015958
-1.510599e-07	-0.016654
-1.490599e-07	-0.016132
-1.470599e-07	-0.015958
-1.450599e-07	-0.016132
-1.430599e-07	-0.016828
-1.410599e-07	-0.016654
-1.390599e-07	-0.016654
-1.370599e-07	-0.015958
-1.350599e-07	-0.017002
-1.330599e-07	-0.016306
-1.310599e-07	-0.017002
-1.290599e-07	-0.016306
-1.270599e-07	-0.01735
-1.250599e-07	-0.017176
-1.230599e-07	-0.017524
-1.210599e-07	-0.016828
-1.190599e-07	-0.017002
-1.170599e-07	-0.018046
-1.150599e-07	-0.018394
-1.130599e-07	-0.018742
-1.110599e-07	-0.019438
-1.090599e-07	-0.018394
-1.070599e-07	-0.019264
-1.050599e-07	-0.01909
-1.030599e-07	-0.019612
-1.010599e-07	-0.01822
-9.905993e-08	-0.018916
-9.705993e-08	-0.019264
-9.505993e-08	-0.018916
-9.305993e-08	-0.019438
-9.105993e-08	-0.020308
-8.905993e-08	-0.020134
-8.705993e-08	-0.020482
-8.505993e-08	-0.01996
-8.305993e-08	-0.019438
-8.105993e-08	-0.020482
-7.905993e-08	-0.020308
-7.705993e-08	-0.020134
-7.505993e-08	-0.019612
-7.305993e-08	-0.020134
-7.105993e-08	-0.020308
-6.905993e-08	-0.020482
-6.705993e-08	-0.020656
-6.505993e-08	-0.021004
-6.305993e-08	-0.020482
-6.105993e-08	-0.019786
-5.905993e-08	-0.019264
-5.705993e-08	-0.01909
-5.505993e-08	-0.018742
-5.305993e-08	-0.018742
-5.105993e-08	-0.018916
-4.905993e-08	-0.01909
-4.705993e-08	-0.019438
-4.505993e-08	-0.019264
-4.305993e-08	-0.019264
-4.105993e-08	-0.019438
-3.905993e-08	-0.019612
-3.705993e-08	-0.019612
-3.505993e-08	-0.019612
-3.305993e-08	-0.020656
-3.105993e-08	-0.02083
-2.905993e-08	-0.019786
-2.705993e-08	-0.020308
-2.505993e-08	-0.020482
-2.305993e-08	-0.020656
-2.105993e-08	-0.020134
-1.905993e-08	-0.019786
-1.705993e-08	-0.020134
-1.505993e-08	-0.020482
-1.305993e-08	-0.01996
-1.105993e-08	-0.020134
-9.059928e-09	-0.019612
-7.059928e-09	-0.020134
-5.059928e-09	-0.019612
-3.059928e-09	-0.021004
-1.059928e-09	-0.021178
9.400718e-10	-0.020656
2.940072e-09	-0.01996
4.940072e-09	-0.020656
6.940072e-09	-0.020308
8.940072e-09	-0.020656
1.094007e-08	-0.021352
1.294007e-08	-0.021178
1.494007e-08	-0.020656
1.694007e-08	-0.021178
1.894007e-08	-0.021004
2.094007e-08	-0.02083
2.294007e-08	-0.020656
2.494007e-08	-0.021526
2.694007e-08	-0.021526
2.894007e-08	-0.0217
3.094007e-08	-0.022048
3.294007e-08	-0.022396
3.494007e-08	-0.022048
3.694007e-08	-0.021352
3.894007e-08	-0.021178
4.094007e-08	-0.021874
4.294007e-08	-0.021352
4.494007e-08	-0.0217
4.694007e-08	-0.022396
4.894007e-08	-0.022048
5.094007e-08	-0.0217
5.294007e-08	-0.02257
5.494007e-08	-0.021874
5.694007e-08	-0.021874
5.894007e-08	-0.021178
6.094007e-08	-0.022396
6.294007e-08	-0.0217
6.494007e-08	-0.021526
6.694007e-08	-0.0217
6.894007e-08	-0.0217
7.094007e-08	-0.021874
7.294007e-08	-0.021526
7.494007e-08	-0.021178
7.694007e-08	-0.021352
7.894007e-08	-0.021526
8.094007e-08	-0.021526
8.294007e-08	-0.022048
8.494007e-08	-0.022048
8.694007e-08	-0.022396
8.894007e-08	-0.022048
9.094007e-08	-0.021526
9.294007e-08	-0.021004
9.494007e-08	-0.0217
9.694007e-08	-0.0217
9.894007e-08	-0.021526
1.009401e-07	-0.0217
1.029401e-07	-0.022048
1.049401e-07	-0.021874
1.069401e-07	-0.0217
1.089401e-07	-0.021352
1.109401e-07	-0.022222
1.129401e-07	-0.021526
1.149401e-07	-0.0217
1.169401e-07	-0.021526
1.189401e-07	-0.02257
1.209401e-07	-0.022396
1.229401e-07	-0.022744
1.249401e-07	-0.022222
1.269401e-07	-0.02257
1.289401e-07	-0.022396
1.309401e-07	-0.021004
1.329401e-07	-0.018394
1.349401e-07	-0.011608
1.369401e-07	0.001094
1.389401e-07	0.021452
1.409401e-07	0.048596
1.429401e-07	0.078872
1.449401e-07	0.109148
1.469401e-07	0.139598
1.489401e-07	0.169178
1.509401e-07	0.198932
1.529401e-07	0.225554
1.549401e-07	0.251306
1.569401e-07	0.273752
1.589401e-07	0.29498
1.609401e-07	0.314816
1.629401e-07	0.332564
1.649401e-07	0.347006
1.669401e-07	0.361274
1.689401e-07	0.371366
1.709401e-07	0.381632
1.729401e-07	0.38894
1.749401e-07	0.3959
1.769401e-07	0.399728
1.789401e-07	0.404426
1.809401e-07	0.407036
1.829401e-07	0.40982
1.849401e-07	0.409646
1.869401e-07	0.410168
1.889401e-07	0.40895
1.909401e-07	0.407384
1.929401e-07	0.404252
1.949401e-07	0.401816
1.969401e-07	0.397814
1.989401e-07	0.394856
2.009401e-07	0.389288
2.029401e-07	0.384764
2.049401e-07	0.378848
2.069401e-07	0.37415
2.089401e-07	0.36806
2.109401e-07	0.362318
2.129401e-07	0.355184
2.149401e-07	0.35066
2.169401e-07	0.34283
2.189401e-07	0.337262
2.209401e-07	0.32978
2.229401e-07	0.32456
2.249401e-07	0.317252
2.269401e-07	0.312206
2.289401e-07	0.30455
2.309401e-07	0.299504
2.329401e-07	0.29237
2.349401e-07	0.286454
2.369401e-07	0.27932
2.389401e-07	0.273404
2.409401e-07	0.26714
2.429401e-07	0.26105
2.449401e-07	0.254612
2.469401e-07	0.249392
2.489401e-07	0.243476
2.509401e-07	0.237908
2.529401e-07	0.232514
2.549401e-07	0.226772
2.569401e-07	0.22103
2.589401e-07	0.216506
2.609401e-07	0.210764
2.629401e-07	0.205718
2.649401e-07	0.199628
2.669401e-07	0.195974
2.689401e-07	0.190232
2.709401e-07	0.184664
2.729401e-07	0.18014
2.749401e-07	0.176312
2.769401e-07	0.171266
2.789401e-07	0.16709
2.809401e-07	0.16187
2.829401e-07	0.157694
2.849401e-07	0.153866
2.869401e-07	0.14969
2.889401e-07	0.14621
2.909401e-07	0.142382
2.929401e-07	0.13751
2.949401e-07	0.134378
2.969401e-07	0.130202
2.989401e-07	0.126896
3.009401e-07	0.123242
3.029401e-07	0.120632
3.049401e-07	0.116978
3.069401e-07	0.113672
3.089401e-07	0.110888
3.109401e-07	0.107756
3.129401e-07	0.10445
3.149401e-07	0.101318
3.169401e-07	0.098186
3.189401e-07	0.096272
3.209401e-07	0.092792
3.229401e-07	0.09053
3.249401e-07	0.088094
3.269401e-07	0.086006
3.289401e-07	0.083222
3.309401e-07	0.081482
3.329401e-07	0.078176
3.349401e-07	0.076088
3.369401e-07	0.073826
3.389401e-07	0.072956
3.409401e-07	0.070172
3.429401e-07	0.06791
3.449401e-07	0.065126
3.469401e-07	0.064256
3.489401e-07	0.061646
3.509401e-07	0.059558
3.529401e-07	0.05747
3.549401e-07	0.056948
3.569401e-07	0.054686
3.589401e-07	0.052772
3.609401e-07	0.05051
3.629401e-07	0.049466
3.649401e-07	0.048422
3.669401e-07	0.046334
3.689401e-07	0.044594
3.709401e-07	0.043724
3.729401e-07	0.042158
3.749401e-07	0.04094
3.769401e-07	0.039896
3.789401e-07	0.038852
3.809401e-07	0.037286
3.829401e-07	0.036242
3.849401e-07	0.034676
3.869401e-07	0.03398
3.889401e-07	0.032588
3.909401e-07	0.031718
3.929401e-07	0.030152
3.949401e-07	0.029282
3.969401e-07	0.027542
3.989401e-07	0.026846
4.009401e-07	0.026324
4.029401e-07	0.025802
4.049401e-07	0.023888
4.069401e-07	0.023366
4.089401e-07	0.021974
4.109401e-07	0.021452
4.129401e-07	0.02006
4.149401e-07	0.018842
4.169401e-07	0.017972
4.189401e-07	0.017624
4.209401e-07	0.016406
4.229401e-07	0.016232
4.249401e-07	0.014666
4.269401e-07	0.015014
4.289401e-07	0.013448
4.309401e-07	0.012404
4.329401e-07	0.011186
4.349401e-07	0.011882
4.369401e-07	0.011186
4.389401e-07	0.011012
4.409401e-07	0.009272
4.429401e-07	0.009794
4.449401e-07	0.008054
4.469401e-07	0.008054
4.489401e-07	0.007184
4.509401e-07	0.007532
4.529401e-07	0.005966
4.549401e-07	0.005096
4.569401e-07	0.004052
4.589401e-07	0.004748
4.609401e-07	0.00353
4.629401e-07	0.003878
4.649401e-07	0.002486
4.669401e-07	0.00266
4.689401e-07	0.001442
4.709401e-07	0.00092
4.729401e-07	0.000572
4.749401e-07	5e-05
4.769401e-07	-0.00169
4.789401e-07	-0.000994
4.809401e-07	-0.001864
4.829401e-07	-0.002212
4.849401e-07	-0.002908
4.869401e-07	-0.003256
4.889401e-07	-0.00343
4.909401e-07	-0.003256
4.929401e-07	-0.003082
4.949401e-07	-0.003256
4.969401e-07	-0.003778
4.989401e-07	-0.003778
5.009401e-07	-0.004126
5.029401e-07	-0.003778
5.049401e-07	-0.004474
5.069401e-07	-0.004648
5.089401e-07	-0.005344
5.109401e-07	-0.004996
5.129401e-07	-0.004996
5.149401e-07	-0.004996
5.169401e-07	-0.005692
5.189401e-07	-0.005866
5.209401e-07	-0.006214
5.229401e-07	-0.006562
5.249401e-07	-0.007258
5.269401e-07	-0.007258
5.289401e-07	-0.007432
5.309401e-07	-0.00691
5.329401e-07	-0.007954
5.349401e-07	-0.007084
5.369401e-07	-0.008128
5.389401e-07	-0.007258
5.409401e-07	-0.007954
5.429401e-07	-0.008476
5.449401e-07	-0.00865
5.469401e-07	-0.008476
5.489401e-07	-0.009172
5.509401e-07	-0.009172
5.529401e-07	-0.00952
5.549401e-07	-0.009172
5.569401e-07	-0.01039
5.589401e-07	-0.010216
5.609401e-07	-0.010738
5.629401e-07	-0.010738
5.649401e-07	-0.010738
5.669401e-07	-0.01126
5.689401e-07	-0.01126
5.709401e-07	-0.010738
5.729401e-07	-0.010912
5.749401e-07	-0.01126
5.769401e-07	-0.011434
5.789401e-07	-0.011782
5.809401e-07	-0.011956
5.829401e-07	-0.011782
5.849401e-07	-0.01213
5.869401e-07	-0.011956
5.889401e-07	-0.012826
5.909401e-07	-0.012304
5.929401e-07	-0.013174
5.949401e-07	-0.012478
5.969401e-07	-0.013
5.989401e-07	-0.013696
6.009401e-07	-0.014044
6.029401e-07	-0.014044
6.049401e-07	-0.014566
6.069401e-07	-0.013522
6.089401e-07	-0.015262
6.109401e-07	-0.014218
6.129401e-07	-0.015436
6.149401e-07	-0.014914
6.169401e-07	-0.014914
6.189401e-07	-0.015088
6.209401e-07	-0.01648
6.229401e-07	-0.015958
6.249401e-07	-0.016306
6.269401e-07	-0.015958
6.289401e-07	-0.017002
6.309401e-07	-0.016132
6.329401e-07	-0.016306
6.349401e-07	-0.015958
6.369401e-07	-0.016654
6.389401e-07	-0.01648
6.409401e-07	-0.01735
6.429401e-07	-0.017176
6.449401e-07	-0.01735
6.469401e-07	-0.016654
6.489401e-07	-0.016828
6.509401e-07	-0.017176
6.529401e-07	-0.017176
6.549401e-07	-0.018046
6.569401e-07	-0.018046
6.589401e-07	-0.017872
6.609401e-07	-0.018046
6.629401e-07	-0.018046
6.649401e-07	-0.017698
6.669401e-07	-0.017176
6.689401e-07	-0.01822
6.709401e-07	-0.018916
6.729401e-07	-0.018568
6.749401e-07	-0.019264
6.769401e-07	-0.019612
6.789401e-07	-0.01996
6.809401e-07	-0.019786
6.829401e-07	-0.019264
6.849401e-07	-0.018916
6.869401e-07	-0.019612
6.889401e-07	-0.019264
6.909401e-07	-0.019438
6.929401e-07	-0.019438
6.949401e-07	-0.018742
6.969401e-07	-0.019786
6.989401e-07	-0.018916
7.009401e-07	-0.019438
7.029401e-07	-0.018742
7.049401e-07	-0.019264
7.069401e-07	-0.018568
7.089401e-07	-0.01909
7.109401e-07	-0.018046
7.129401e-07	-0.018568
7.149401e-07	-0.018916
7.169401e-07	-0.018916
7.189401e-07	-0.019438
7.209401e-07	-0.019612
7.229401e-07	-0.018916
7.249401e-07	-0.01909
7.269401e-07	-0.018742
7.289401e-07	-0.01909
7.309401e-07	-0.01909
7.329401e-07	-0.01909
7.349401e-07	-0.01822
7.369401e-07	-0.018916
7.389401e-07	-0.01822
7.409401e-07	-0.018916
7.429401e-07	-0.01909
7.449401e-07	-0.01909
7.469401e-07	-0.019612
7.489401e-07	-0.019438
7.509401e-07	-0.01909
7.529401e-07	-0.01909
7.549401e-07	-0.018916
7.569401e-07	-0.019612
7.589401e-07	-0.019438
7.609401e-07	-0.018916
7.629401e-07	-0.018742
7.649401e-07	-0.018394
7.669401e-07	-0.01822
7.689401e-07	-0.018046
7.709401e-07	-0.018046
7.729401e-07	-0.01822
7.749401e-07	-0.017002
7.769401e-07	-0.016828
7.789401e-07	-0.017872
7.809401e-07	-0.017698
7.829401e-07	-0.01735
7.849401e-07	-0.017872
7.869401e-07	-0.01735
7.889401e-07	-0.017698
7.909401e-07	-0.01735
7.929401e-07	-0.017698
7.949401e-07	-0.017524
7.969401e-07	-0.017698
7.989401e-07	-0.018742
8.009401e-07	-0.018742
8.029401e-07	-0.018568
8.049401e-07	-0.01822
8.069401e-07	-0.018568
8.089401e-07	-0.018568
8.109401e-07	-0.018916
8.129401e-07	-0.01909
8.149401e-07	-0.018568
8.169401e-07	-0.018742
8.189401e-07	-0.019438
8.209401e-07	-0.01909
8.229401e-07	-0.018568
8.249401e-07	-0.020134
8.269401e-07	-0.019264
8.289401e-07	-0.019264
8.309401e-07	-0.019786
8.329401e-07	-0.019438
8.349401e-07	-0.019786
8.369401e-07	-0.019786
8.389401e-07	-0.019438
8.409401e-07	-0.019786
8.429401e-07	-0.019438
8.449401e-07	-0.019264
8.469401e-07	-0.019786
8.489401e-07	-0.019438
8.509401e-07	-0.019264
8.529401e-07	-0.019612
8.549401e-07	-0.019438
8.569401e-07	-0.019438
8.589401e-07	-0.01909
8.609401e-07	-0.01909
8.629401e-07	-0.01909
8.649401e-07	-0.018568
8.669401e-07	-0.017524
8.689401e-07	-0.018046
8.709401e-07	-0.017524
8.729401e-07	-0.018046
8.749401e-07	-0.017176
8.769401e-07	-0.017872
8.789401e-07	-0.017872
8.809401e-07	-0.017524
8.829401e-07	-0.01735
8.849401e-07	-0.017176
8.869401e-07	-0.01648
8.889401e-07	-0.017524
8.909401e-07	-0.017176
8.929401e-07	-0.017176
8.949401e-07	-0.017002
8.969401e-07	-0.017002
8.989401e-07	-0.017176
9.009401e-07	-0.017698
9.029401e-07	-0.017002
9.049401e-07	-0.017176
9.069401e-07	-0.016132
9.089401e-07	-0.017176
9.109401e-07	-0.016654
9.129401e-07	-0.017524
9.149401e-07	-0.016306
9.169401e-07	-0.017002
9.189401e-07	-0.016306
9.209401e-07	-0.016654
9.229401e-07	-0.015784
9.249401e-07	-0.016828
9.269401e-07	-0.01648
9.289401e-07	-0.015958
9.309401e-07	-0.015958
9.329401e-07	-0.016306
9.349401e-07	-0.01561
9.369401e-07	-0.01561
9.389401e-07	-0.016132
9.409401e-07	-0.016306
9.429401e-07	-0.015784
9.449401e-07	-0.016306
9.469401e-07	-0.016306
9.489401e-07	-0.016828
9.509401e-07	-0.017002
9.529401e-07	-0.017002
9.549401e-07	-0.016828
9.569401e-07	-0.01735
9.589401e-07	-0.016654
9.609401e-07	-0.017002
9.629401e-07	-0.017176
9.649401e-07	-0.017698
9.669401e-07	-0.016654
9.689401e-07	-0.01735
9.709401e-07	-0.016654
9.729401e-07	-0.017524
9.749401e-07	-0.016306
9.769401e-07	-0.018046
9.789401e-07	-0.01735
9.809401e-07	-0.017524
9.829401e-07	-0.01735
9.849401e-07	-0.018916
9.869401e-07	-0.018046
9.889401e-07	-0.018916
9.909401e-07	-0.018916
9.929401e-07	-0.019438
9.949401e-07	-0.018916
9.969401e-07	-0.01822
9.989401e-07	-0.018394
1.00094e-06	-0.019612
1.00294e-06	-0.018916
1.00494e-06	-0.018916
1.00694e-06	-0.019438
1.00894e-06	-0.01996
1.01094e-06	-0.019612
1.01294e-06	-0.019786
1.01494e-06	-0.019612
1.01694e-06	-0.01996
1.01894e-06	-0.019612
1.02094e-06	-0.020308
1.02294e-06	-0.021004
1.02494e-06	-0.021178
1.02694e-06	-0.020134
1.02894e-06	-0.021874
1.03094e-06	-0.021178
1.03294e-06	-0.021352
1.03494e-06	-0.02083
1.03694e-06	-0.020482
1.03894e-06	-0.021178
1.04094e-06	-0.021352
1.04294e-06	-0.020656
1.04494e-06	-0.021352
1.04694e-06	-0.022048
1.04894e-06	-0.02257
1.05094e-06	-0.021352
1.05294e-06	-0.021874
1.05494e-06	-0.022048
1.05694e-06	-0.022744
1.05894e-06	-0.021526
1.06094e-06	-0.02257
1.06294e-06	-0.022744
1.06494e-06	-0.022396
1.06694e-06	-0.021874
1.06894e-06	-0.022048
1.07094e-06	-0.022396
1.07294e-06	-0.022048
1.07494e-06	-0.0217
1.07694e-06	-0.021526
1.07894e-06	-0.022396
1.08094e-06	-0.02257
1.08294e-06	-0.021178
1.08494e-06	-0.022048
1.08694e-06	-0.021178
1.08894e-06	-0.0217
1.09094e-06	-0.021004
1.09294e-06	-0.020482
1.09494e-06	-0.02083
1.09694e-06	-0.021178
1.09894e-06	-0.020308
1.10094e-06	-0.02083
1.10294e-06	-0.020482
1.10494e-06	-0.02083
1.10694e-06	-0.020482
1.10894e-06	-0.01996
1.11094e-06	-0.020308
1.11294e-06	-0.02083
1.11494e-06	-0.019438
1.11694e-06	-0.020656
1.11894e-06	-0.019438
1.12094e-06	-0.020308
1.12294e-06	-0.01996
1.12494e-06	-0.020308
1.12694e-06	-0.019612
1.12894e-06	-0.019264
1.13094e-06	-0.019264
1.13294e-06	-0.01996
1.13494e-06	-0.019612
1.13694e-06	-0.020308
1.13894e-06	-0.019264
1.14094e-06	-0.019612
1.14294e-06	-0.020134
1.14494e-06	-0.020308
1.14694e-06	-0.019612
1.14894e-06	-0.020134
1.15094e-06	-0.020308
1.15294e-06	-0.020134
1.15494e-06	-0.019264
1.15694e-06	-0.019786
1.15894e-06	-0.01909
1.16094e-06	-0.020308
1.16294e-06	-0.019612
1.16494e-06	-0.019438
1.16694e-06	-0.019786
1.16894e-06	-0.01996
1.17094e-06	-0.019438
1.17294e-06	-0.019786
1.17494e-06	-0.019264
1.17694e-06	-0.01996
1.17894e-06	-0.019438
1.18094e-06	-0.020134
1.18294e-06	-0.019612
1.18494e-06	-0.020308
1.18694e-06	-0.01996
1.18894e-06	-0.020308
1.19094e-06	-0.01996
1.19294e-06	-0.020308
1.19494e-06	-0.019786
1.19694e-06	-0.019438
1.19894e-06	-0.019786
1.20094e-06	-0.019786
1.20294e-06	-0.019264
1.20494e-06	-0.019786
1.20694e-06	-0.019786
1.20894e-06	-0.020482
1.21094e-06	-0.01996
1.21294e-06	-0.020308
1.21494e-06	-0.019612
1.21694e-06	-0.020134
1.21894e-06	-0.019786
1.22094e-06	-0.019786
1.22294e-06	-0.020656
1.22494e-06	-0.020482
1.22694e-06	-0.020308
1.22894e-06	-0.02083
1.23094e-06	-0.020308
1.23294e-06	-0.02083
1.23494e-06	-0.02083
1.23694e-06	-0.020482
1.23894e-06	-0.01996
1.24094e-06	-0.021004
1.24294e-06	-0.020482
1.24494e-06	-0.020308
1.24694e-06	-0.02083
1.24894e-06	-0.020482
1.25094e-06	-0.019612
1.25294e-06	-0.020656
1.25494e-06	-0.020308
1.25694e-06	-0.020134
1.25894e-06	-0.020482
1.26094e-06	-0.020308
1.26294e-06	-0.020134
1.26494e-06	-0.020482
1.26694e-06	-0.020134
1.26894e-06	-0.021004
1.27094e-06	-0.020656
1.27294e-06	-0.021178
1.27494e-06	-0.020482
1.27694e-06	-0.02083
1.27894e-06	-0.01996
1.28094e-06	-0.020656
1.28294e-06	-0.020308
1.28494e-06	-0.01996
1.28694e-06	-0.01996
1.28894e-06	-0.020656
1.29094e-06	-0.019786
1.29294e-06	-0.020308
1.29494e-06	-0.020308
1.29694e-06	-0.02083
1.29894e-06	-0.020134
1.30094e-06	-0.020482
1.30294e-06	-0.020656
1.30494e-06	-0.02083
1.30694e-06	-0.020656
1.30894e-06	-0.01996
1.31094e-06	-0.01996
1.31294e-06	-0.020308
1.31494e-06	-0.01996
1.31694e-06	-0.021004
1.31894e-06	-0.01996
1.32094e-06	-0.020656
1.32294e-06	-0.01996
1.32494e-06	-0.019786
1.32694e-06	-0.01996
1.32894e-06	-0.020656
1.33094e-06	-0.020656
1.33294e-06	-0.02083
1.33494e-06	-0.01996
1.33694e-06	-0.02083
1.33894e-06	-0.020308
1.34094e-06	-0.020656
1.34294e-06	-0.020308
1.34494e-06	-0.021004
1.34694e-06	-0.021178
1.34894e-06	-0.02083
1.35094e-06	-0.022048
1.35294e-06	-0.022396
1.35494e-06	-0.022048
1.35694e-06	-0.022222
1.35894e-06	-0.02257
1.36094e-06	-0.022918
1.36294e-06	-0.022744
1.36494e-06	-0.023092
1.36694e-06	-0.022222
1.36894e-06	-0.023614
1.37094e-06	-0.023266
1.37294e-06	-0.022918
1.37494e-06	-0.022744
1.37694e-06	-0.023266
1.37894e-06	-0.023092
1.38094e-06	-0.02344
1.38294e-06	-0.024136
1.38494e-06	-0.02344
1.38694e-06	-0.024136
1.38894e-06	-0.023788
1.39094e-06	-0.02431
1.39294e-06	-0.02431
1.39494e-06	-0.023614
1.39694e-06	-0.024136
1.39894e-06	-0.023962
1.40094e-06	-0.023614
1.40294e-06	-0.023614
1.40494e-06	-0.024832
1.40694e-06	-0.02344
1.40894e-06	-0.023614
1.41094e-06	-0.023962
1.41294e-06	-0.02431
1.41494e-06	-0.024136
1.41694e-06	-0.023092
1.41894e-06	-0.023614
1.42094e-06	-0.022918
1.42294e-06	-0.022744
1.42494e-06	-0.022744
1.42694e-06	-0.023092
1.42894e-06	-0.023266
1.43094e-06	-0.022918
1.43294e-06	-0.022396
1.43494e-06	-0.022222
1.43694e-06	-0.022048
1.43894e-06	-0.022744
1.44094e-06	-0.02257
1.44294e-06	-0.022222
1.44494e-06	-0.0217
1.44694e-06	-0.0217
1.44894e-06	-0.021178
1.45094e-06	-0.022222
1.45294e-06	-0.021526
1.45494e-06	-0.0217
1.45694e-06	-0.0217
1.45894e-06	-0.021178
1.46094e-06	-0.02083
1.46294e-06	-0.022048
1.46494e-06	-0.022048
1.46694e-06	-0.022222
1.46894e-06	-0.02257
1.47094e-06	-0.021178
1.47294e-06	-0.022396
1.47494e-06	-0.02257
1.47694e-06	-0.022048
1.47894e-06	-0.021004
1.48094e-06	-0.021526
1.48294e-06	-0.021004
1.48494e-06	-0.0217
1.48694e-06	-0.021526
1.48894e-06	-0.021526
1.49094e-06	-0.02083
1.49294e-06	-0.021526
1.49494e-06	-0.0217
1.49694e-06	-0.021004
1.49894e-06	-0.021004
1.50094e-06	-0.021004
1.50294e-06	-0.0217
1.50494e-06	-0.021526
1.50694e-06	-0.021352
1.50894e-06	-0.021178
1.51094e-06	-0.021874
1.51294e-06	-0.021178
1.51494e-06	-0.021526
1.51694e-06	-0.0217
1.51894e-06	-0.021874
1.52094e-06	-0.0217
1.52294e-06	-0.021178
1.52494e-06	-0.021526
1.52694e-06	-0.022048
1.52894e-06	-0.022048
1.53094e-06	-0.021352
1.53294e-06	-0.0217
1.53494e-06	-0.0217
1.53694e-06	-0.021874
1.53894e-06	-0.02257
1.54094e-06	-0.022918
1.54294e-06	-0.022222
1.54494e-06	-0.022048
1.54694e-06	-0.022396
1.54894e-06	-0.022744
1.55094e-06	-0.022396
1.55294e-06	-0.02257
1.55494e-06	-0.023092
1.55694e-06	-0.022048
1.55894e-06	-0.021874
1.56094e-06	-0.023266
1.56294e-06	-0.02257
1.56494e-06	-0.022918
1.56694e-06	-0.023266
1.56894e-06	-0.022744
1.57094e-06	-0.02257
1.57294e-06	-0.022744
1.57494e-06	-0.022744
1.57694e-06	-0.023614
1.57894e-06	-0.02344
1.58094e-06	-0.023092
1.58294e-06	-0.022918
1.58494e-06	-0.022918
1.58694e-06	-0.02257
1.58894e-06	-0.022918
1.59094e-06	-0.022918
1.59294e-06	-0.02344
1.59494e-06	-0.022048
1.59694e-06	-0.022744
1.59894e-06	-0.022744
1.60094e-06	-0.02257
1.60294e-06	-0.022396
1.60494e-06	-0.022222
1.60694e-06	-0.021874
1.60894e-06	-0.022222
1.61094e-06	-0.022744
1.61294e-06	-0.022222
1.61494e-06	-0.02257
1.61694e-06	-0.022744
1.61894e-06	-0.022222
1.62094e-06	-0.022396
1.62294e-06	-0.022222
1.62494e-06	-0.022222
1.62694e-06	-0.022918
1.62894e-06	-0.022222
1.63094e-06	-0.022222
1.63294e-06	-0.023266
1.63494e-06	-0.022918
1.63694e-06	-0.022744
1.63894e-06	-0.022744
1.64094e-06	-0.023266
1.64294e-06	-0.023092
1.64494e-06	-0.022744
1.64694e-06	-0.022222
1.64894e-06	-0.023092
1.65094e-06	-0.022222
1.65294e-06	-0.023092
1.65494e-06	-0.02257
1.65694e-06	-0.022396
1.65894e-06	-0.023092
1.66094e-06	-0.023092
1.66294e-06	-0.023788
1.66494e-06	-0.023962
1.66694e-06	-0.023788
1.66894e-06	-0.02344
1.67094e-06	-0.023614
1.67294e-06	-0.024136
1.67494e-06	-0.023962
1.67694e-06	-0.02431
1.67894e-06	-0.023962
1.68094e-06	-0.023788
1.68294e-06	-0.023788
1.68494e-06	-0.022918
1.68694e-06	-0.023266
1.68894e-06	-0.022744
1.69094e-06	-0.022918
1.69294e-06	-0.023092
1.69494e-06	-0.022918
1.69694e-06	-0.022918
1.69894e-06	-0.022918
1.70094e-06	-0.023092
1.70294e-06	-0.022918
1.70494e-06	-0.023092
1.70694e-06	-0.022918
1.70894e-06	-0.023092
1.71094e-06	-0.023092
1.71294e-06	-0.02344
1.71494e-06	-0.022918
1.71694e-06	-0.022744
1.71894e-06	-0.023092
1.72094e-06	-0.02257
1.72294e-06	-0.022396
1.72494e-06	-0.022918
1.72694e-06	-0.022048
1.72894e-06	-0.021874
1.73094e-06	-0.02257
1.73294e-06	-0.021874
1.73494e-06	-0.0217
1.73694e-06	-0.021526
1.73894e-06	-0.022048
1.74094e-06	-0.022222
1.74294e-06	-0.021874
1.74494e-06	-0.021526
1.74694e-06	-0.021526
1.74894e-06	-0.0217
1.75094e-06	-0.021874
1.75294e-06	-0.022048
1.75494e-06	-0.021352
1.75694e-06	-0.020308
1.75894e-06	-0.020482
1.76094e-06	-0.020482
1.76294e-06	-0.020308
1.76494e-06	-0.02083
1.76694e-06	-0.020656
1.76894e-06	-0.021004
1.77094e-06	-0.020656
1.77294e-06	-0.021352
1.77494e-06	-0.021178
1.77694e-06	-0.021178
1.77894e-06	-0.02083
1.78094e-06	-0.021004
1.78294e-06	-0.021004
1.78494e-06	-0.021352
1.78694e-06	-0.021352
1.78894e-06	-0.021004
1.79094e-06	-0.021874
1.79294e-06	-0.0217
1.79494e-06	-0.022918
1.79694e-06	-0.022222
1.79894e-06	-0.022222
1.80094e-06	-0.02257
1.80294e-06	-0.022396
1.80494e-06	-0.022396
1.80694e-06	-0.022048
1.80894e-06	-0.022222
1.81094e-06	-0.02257
1.81294e-06	-0.021874
1.81494e-06	-0.022744
1.81694e-06	-0.023092
1.81894e-06	-0.023092
1.82094e-06	-0.022048
1.82294e-06	-0.02257
1.82494e-06	-0.022048
1.82694e-06	-0.022744
1.82894e-06	-0.023092
1.83094e-06	-0.022744
1.83294e-06	-0.022744
1.83494e-06	-0.022222
1.83694e-06	-0.02257
1.83894e-06	-0.022222
1.84094e-06	-0.022396
1.84294e-06	-0.02257
1.84494e-06	-0.021874
1.84694e-06	-0.022222
1.84894e-06	-0.022048
1.85094e-06	-0.021526
1.85294e-06	-0.021874
1.85494e-06	-0.022222
1.85694e-06	-0.022048
1.85894e-06	-0.022048
1.86094e-06	-0.022222
1.86294e-06	-0.022048
1.86494e-06	-0.022048
1.86694e-06	-0.022222
1.86894e-06	-0.022396
1.87094e-06	-0.021874
1.87294e-06	-0.022222
1.87494e-06	-0.021526
1.87694e-06	-0.0217
1.87894e-06	-0.021526
1.88094e-06	-0.022048
1.88294e-06	-0.021874
1.88494e-06	-0.021004
1.88694e-06	-0.021178
1.88894e-06	-0.021178
1.89094e-06	-0.02083
1.89294e-06	-0.020308
1.89494e-06	-0.02083
1.89694e-06	-0.021004
1.89894e-06	-0.01996
1.90094e-06	-0.020656
1.90294e-06	-0.019786
1.90494e-06	-0.01996
1.90694e-06	-0.019264
1.90894e-06	-0.01909
1.91094e-06	-0.019264
1.91294e-06	-0.020482
1.91494e-06	-0.019438
1.91694e-06	-0.020308
1.91894e-06	-0.020308
1.92094e-06	-0.020134
1.92294e-06	-0.019438
1.92494e-06	-0.01909
1.92694e-06	-0.018742
1.92894e-06	-0.018742
1.93094e-06	-0.018568
1.93294e-06	-0.018394
1.93494e-06	-0.018046
1.93694e-06	-0.018394
1.93894e-06	-0.018394
1.94094e-06	-0.018046
1.94294e-06	-0.017698
1.94494e-06	-0.018394
1.94694e-06	-0.018046
1.94894e-06	-0.018046
1.95094e-06	-0.018046
1.95294e-06	-0.018394
1.95494e-06	-0.018046
1.95694e-06	-0.018394
1.95894e-06	-0.01822
1.96094e-06	-0.018916
1.96294e-06	-0.018046
1.96494e-06	-0.01909
1.96694e-06	-0.018394
1.96894e-06	-0.018046
1.97094e-06	-0.017524
1.97294e-06	-0.017698
1.97494e-06	-0.01735
1.97694e-06	-0.016828
1.97894e-06	-0.017872
1.98094e-06	-0.017698
1.98294e-06	-0.01735
1.98494e-06	-0.018046
1.98694e-06	-0.017524
1.98894e-06	-0.017524
1.99094e-06	-0.017002
1.99294e-06	-0.017176
1.99494e-06	-0.017524
1.99694e-06	-0.018046
1.99894e-06	-0.018046
2.00094e-06	-0.017872
2.00294e-06	-0.017698
2.00494e-06	-0.017698
2.00694e-06	-0.01735
2.00894e-06	-0.017524
2.01094e-06	-0.017698
2.01294e-06	-0.018394
2.01494e-06	-0.017698
2.01694e-06	-0.01735
2.01894e-06	-0.016828
2.02094e-06	-0.017002
2.02294e-06	-0.01648
2.02494e-06	-0.017698
2.02694e-06	-0.017524
2.02894e-06	-0.017698
2.03094e-06	-0.017176
2.03294e-06	-0.01822
2.03494e-06	-0.017524
2.03694e-06	-0.017872
2.03894e-06	-0.018046
2.04094e-06	-0.018568
2.04294e-06	-0.018046
2.04494e-06	-0.018568
2.04694e-06	-0.017872
2.04894e-06	-0.018568
2.05094e-06	-0.018394
2.05294e-06	-0.01822
2.05494e-06	-0.01822
2.05694e-06	-0.018046
2.05894e-06	-0.017872
2.06094e-06	-0.017872
2.06294e-06	-0.017002
2.06494e-06	-0.017002
2.06694e-06	-0.017872
2.06894e-06	-0.017524
2.07094e-06	-0.01735
2.07294e-06	-0.018394
2.07494e-06	-0.017872
2.07694e-06	-0.017872
2.07894e-06	-0.017524
2.08094e-06	-0.018568
2.08294e-06	-0.018394
2.08494e-06	-0.018742
2.08694e-06	-0.01822
2.08894e-06	-0.018046
2.09094e-06	-0.01735
2.09294e-06	-0.017002
2.09494e-06	-0.017176
2.09694e-06	-0.017176
2.09894e-06	-0.017524
2.10094e-06	-0.017002
2.10294e-06	-0.01561
2.10494e-06	-0.016654
2.10694e-06	-0.01648
2.10894e-06	-0.016654
2.11094e-06	-0.01561
2.11294e-06	-0.015262
2.11494e-06	-0.015784
2.11694e-06	-0.016306
2.11894e-06	-0.015958
2.12094e-06	-0.016132
2.12294e-06	-0.01648
2.12494e-06	-0.015958
2.12694e-06	-0.016132
2.12894e-06	-0.01561
2.13094e-06	-0.01474
2.13294e-06	-0.01561
2.13494e-06	-0.015262
2.13694e-06	-0.015436
2.13894e-06	-0.014566
2.14094e-06	-0.01474
2.14294e-06	-0.015088
2.14494e-06	-0.014914
2.14694e-06	-0.014566
2.14894e-06	-0.014566
2.15094e-06	-0.014914
2.15294e-06	-0.015262
2.15494e-06	-0.015436
2.15694e-06	-0.015784
2.15894e-06	-0.015262
2.16094e-06	-0.015784
2.16294e-06	-0.01648
2.16494e-06	-0.015784
2.16694e-06	-0.016306
2.16894e-06	-0.017002
2.17094e-06	-0.017176
2.17294e-06	-0.016828
2.17494e-06	-0.016306
2.17694e-06	-0.016828
2.17894e-06	-0.016654
2.18094e-06	-0.01735
2.18294e-06	-0.016306
2.18494e-06	-0.017176
2.18694e-06	-0.01735
2.18894e-06	-0.017002
2.19094e-06	-0.016654
2.19294e-06	-0.017176
2.19494e-06	-0.01735
2.19694e-06	-0.016828
2.19894e-06	-0.016306
2.20094e-06	-0.016306
2.20294e-06	-0.016654
2.20494e-06	-0.017002
2.20694e-06	-0.016828
2.20894e-06	-0.01735
2.21094e-06	-0.017524
2.21294e-06	-0.017524
2.21494e-06	-0.017524
2.21694e-06	-0.01735
2.21894e-06	-0.018046
2.22094e-06	-0.017872
2.22294e-06	-0.017524
2.22494e-06	-0.017524
2.22694e-06	-0.017872
2.22894e-06	-0.018568
2.23094e-06	-0.01822
2.23294e-06	-0.01822
2.23494e-06	-0.01822
2.23694e-06	-0.01822
2.23894e-06	-0.01822
2.24094e-06	-0.018394
2.24294e-06	-0.018046
2.24494e-06	-0.017698
2.24694e-06	-0.017698
2.24894e-06	-0.018046
2.25094e-06	-0.017872
2.25294e-06	-0.018394
2.25494e-06	-0.017872
2.25694e-06	-0.01735
2.25894e-06	-0.017698
2.26094e-06	-0.017872
2.26294e-06	-0.017002
2.26494e-06	-0.017176
2.26694e-06	-0.017176
2.26894e-06	-0.017002
2.27094e-06	-0.01648
2.27294e-06	-0.017002
2.27494e-06	-0.016828
2.27694e-06	-0.017176
2.27894e-06	-0.016306
2.28094e-06	-0.017524
2.28294e-06	-0.017524
2.28494e-06	-0.01735
2.28694e-06	-0.017872
2.28894e-06	-0.017524
2.29094e-06	-0.017872
2.29294e-06	-0.01735
2.29494e-06	-0.01735
2.29694e-06	-0.017524
2.29894e-06	-0.016654
2.30094e-06	-0.017176
2.30294e-06	-0.016306
2.30494e-06	-0.017002
2.30694e-06	-0.01648
2.30894e-06	-0.01735
2.31094e-06	-0.016828
2.31294e-06	-0.017524
2.31494e-06	-0.017872
2.31694e-06	-0.017698
2.31894e-06	-0.01735
2.32094e-06	-0.017524
2.32294e-06	-0.017524
2.32494e-06	-0.017872
2.32694e-06	-0.017524
2.32894e-06	-0.018046
2.33094e-06	-0.017524
2.33294e-06	-0.018046
2.33494e-06	-0.018046
2.33694e-06	-0.018568
2.33894e-06	-0.018742
2.34094e-06	-0.018916
2.34294e-06	-0.018568
2.34494e-06	-0.018916
2.34694e-06	-0.018742
2.34894e-06	-0.018916
2.35094e-06	-0.018916
2.35294e-06	-0.019438
2.35494e-06	-0.018742
2.35694e-06	-0.01909
2.35894e-06	-0.018568
2.36094e-06	-0.019612
2.36294e-06	-0.018916
2.36494e-06	-0.018568
2.36694e-06	-0.018742
2.36894e-06	-0.019438
2.37094e-06	-0.018742
2.37294e-06	-0.018916
2.37494e-06	-0.019438
2.37694e-06	-0.01909
2.37894e-06	-0.01909
2.38094e-06	-0.019612
2.38294e-06	-0.019264
2.38494e-06	-0.018916
2.38694e-06	-0.019438
2.38894e-06	-0.01909
2.39094e-06	-0.01909
2.39294e-06	-0.019612
2.39494e-06	-0.019438
2.39694e-06	-0.019786
2.39894e-06	-0.019612
2.40094e-06	-0.020482
2.40294e-06	-0.019786
2.40494e-06	-0.021004
2.40694e-06	-0.02083
2.40894e-06	-0.020482
2.41094e-06	-0.020134
2.41294e-06	-0.01996
2.41494e-06	-0.019612
2.41694e-06	-0.020656
2.41894e-06	-0.019786
2.42094e-06	-0.020308
2.42294e-06	-0.02083
2.42494e-06	-0.020482
2.42694e-06	-0.020482
2.42894e-06	-0.021004
2.43094e-06	-0.020482
2.43294e-06	-0.021004
2.43494e-06	-0.020134
2.43694e-06	-0.021178
2.43894e-06	-0.01996
2.44094e-06	-0.020656
2.44294e-06	-0.020482
2.44494e-06	-0.021178
2.44694e-06	-0.020482
2.44894e-06	-0.02083
2.45094e-06	-0.020482
2.45294e-06	-0.019786
2.45494e-06	-0.01996
2.45694e-06	-0.020134
2.45894e-06	-0.019264
2.46094e-06	-0.019438
2.46294e-06	-0.020134
2.46494e-06	-0.020134
2.46694e-06	-0.019612
2.46894e-06	-0.019264
2.47094e-06	-0.020134
2.47294e-06	-0.020134
2.47494e-06	-0.019438
2.47694e-06	-0.019264
2.47894e-06	-0.019264
2.48094e-06	-0.019612
2.48294e-06	-0.019264
2.48494e-06	-0.018568
2.48694e-06	-0.019612
2.48894e-06	-0.018916
2.49094e-06	-0.018568
2.49294e-06	-0.01909
2.49494e-06	-0.018568
2.49694e-06	-0.018046
2.49894e-06	-0.017872
2.50094e-06	-0.017872
