LECROYHDO6104A	50809	Waveform
Segments	1	SegmentSize	2502
Segment	TrigTime	TimeSinceSegment1
#1	19-Dec-2022 19:37:21	0                 
Time	Ampl
-2.5015e-06	-0.0174408
-2.4995e-06	-0.0175956
-2.4975e-06	-0.0176128
-2.4955e-06	-0.0180084
-2.4935e-06	-0.0181804
-2.4915e-06	-0.0184728
-2.4895e-06	-0.0187996
-2.4875e-06	-0.0192812
-2.4855e-06	-0.0192984
-2.4835e-06	-0.0195048
-2.4815e-06	-0.0196768
-2.4795e-06	-0.0195048
-2.4775e-06	-0.0196596
-2.4755e-06	-0.0198832
-2.4735e-06	-0.0197456
-2.4715e-06	-0.0197628
-2.4695e-06	-0.0197456
-2.4675e-06	-0.0197284
-2.4655e-06	-0.019608
-2.4635e-06	-0.019608
-2.4615e-06	-0.01935
-2.4595e-06	-0.0194532
-2.4575e-06	-0.019694
-2.4555e-06	-0.019866
-2.4535e-06	-0.0201928
-2.4515e-06	-0.0202616
-2.4495e-06	-0.0204336
-2.4475e-06	-0.020554
-2.4455e-06	-0.0206056
-2.4435e-06	-0.0206228
-2.4415e-06	-0.020296
-2.4395e-06	-0.0202444
-2.4375e-06	-0.0203648
-2.4355e-06	-0.0200208
-2.4335e-06	-0.0197972
-2.4315e-06	-0.0195908
-2.4295e-06	-0.0197284
-2.4275e-06	-0.0198488
-2.4255e-06	-0.020038
-2.4235e-06	-0.02021
-2.4215e-06	-0.0201928
-2.4195e-06	-0.0200552
-2.4175e-06	-0.0199864
-2.4155e-06	-0.0200724
-2.4135e-06	-0.0199004
-2.4115e-06	-0.0200208
-2.4095e-06	-0.0198316
-2.4075e-06	-0.0197456
-2.4055e-06	-0.019694
-2.4035e-06	-0.0194016
-2.4015e-06	-0.0194188
-2.3995e-06	-0.01935
-2.3975e-06	-0.019006
-2.3955e-06	-0.0187824
-2.3935e-06	-0.0187996
-2.3915e-06	-0.0186276
-2.3895e-06	-0.018404
-2.3875e-06	-0.018404
-2.3855e-06	-0.0183868
-2.3835e-06	-0.0184384
-2.3815e-06	-0.0182664
-2.3795e-06	-0.0180428
-2.3775e-06	-0.0180944
-2.3755e-06	-0.0180772
-2.3735e-06	-0.0179224
-2.3715e-06	-0.0180428
-2.3695e-06	-0.0177848
-2.3675e-06	-0.0176128
-2.3655e-06	-0.01763
-2.3635e-06	-0.01763
-2.3615e-06	-0.0175268
-2.3595e-06	-0.0174924
-2.3575e-06	-0.0175612
-2.3555e-06	-0.0177676
-2.3535e-06	-0.0175612
-2.3515e-06	-0.0176472
-2.3495e-06	-0.0173548
-2.3475e-06	-0.0173032
-2.3455e-06	-0.0170452
-2.3435e-06	-0.0172172
-2.3415e-06	-0.017286
-2.3395e-06	-0.0173892
-2.3375e-06	-0.0172516
-2.3355e-06	-0.0176988
-2.3335e-06	-0.0177332
-2.3315e-06	-0.0177676
-2.3295e-06	-0.0176644
-2.3275e-06	-0.017716
-2.3255e-06	-0.0178192
-2.3235e-06	-0.0182836
-2.3215e-06	-0.018318
-2.3195e-06	-0.0181976
-2.3175e-06	-0.0184212
-2.3155e-06	-0.0185416
-2.3135e-06	-0.0184212
-2.3115e-06	-0.018232
-2.3095e-06	-0.0182148
-2.3075e-06	-0.01806
-2.3055e-06	-0.0178364
-2.3035e-06	-0.017802
-2.3015e-06	-0.017974
-2.2995e-06	-0.0179912
-2.2975e-06	-0.017544
-2.2955e-06	-0.0171312
-2.2935e-06	-0.0169764
-2.2915e-06	-0.017028
-2.2895e-06	-0.0170452
-2.2875e-06	-0.0170968
-2.2855e-06	-0.017114
-2.2835e-06	-0.0172
-2.2815e-06	-0.0170796
-2.2795e-06	-0.0174064
-2.2775e-06	-0.0171828
-2.2755e-06	-0.0170108
-2.2735e-06	-0.0168044
-2.2715e-06	-0.0169248
-2.2695e-06	-0.0168904
-2.2675e-06	-0.0170624
-2.2655e-06	-0.0169592
-2.2635e-06	-0.0169248
-2.2615e-06	-0.0169248
-2.2595e-06	-0.0170796
-2.2575e-06	-0.0171484
-2.2555e-06	-0.0171656
-2.2535e-06	-0.0172344
-2.2515e-06	-0.0170968
-2.2495e-06	-0.0171656
-2.2475e-06	-0.0172516
-2.2455e-06	-0.0170796
-2.2435e-06	-0.0166152
-2.2415e-06	-0.016512
-2.2395e-06	-0.0163916
-2.2375e-06	-0.0162368
-2.2355e-06	-0.0163228
-2.2335e-06	-0.0163056
-2.2315e-06	-0.016082
-2.2295e-06	-0.0162368
-2.2275e-06	-0.016512
-2.2255e-06	-0.0162368
-2.2235e-06	-0.0162024
-2.2215e-06	-0.0162884
-2.2195e-06	-0.0165808
-2.2175e-06	-0.0163916
-2.2155e-06	-0.0163572
-2.2135e-06	-0.0159788
-2.2115e-06	-0.0157036
-2.2095e-06	-0.0159272
-2.2075e-06	-0.0160648
-2.2055e-06	-0.016168
-2.2035e-06	-0.0164604
-2.2015e-06	-0.0168216
-2.1995e-06	-0.0167012
-2.1975e-06	-0.0169248
-2.1955e-06	-0.0166496
-2.1935e-06	-0.0168044
-2.1915e-06	-0.0166668
-2.1895e-06	-0.0168216
-2.1875e-06	-0.0172688
-2.1855e-06	-0.0175268
-2.1835e-06	-0.0177332
-2.1815e-06	-0.0175956
-2.1795e-06	-0.0179396
-2.1775e-06	-0.0176644
-2.1755e-06	-0.0174924
-2.1735e-06	-0.017716
-2.1715e-06	-0.0178536
-2.1695e-06	-0.0174408
-2.1675e-06	-0.0172
-2.1655e-06	-0.0174236
-2.1635e-06	-0.0175268
-2.1615e-06	-0.0174752
-2.1595e-06	-0.0175612
-2.1575e-06	-0.017458
-2.1555e-06	-0.0173204
-2.1535e-06	-0.017458
-2.1515e-06	-0.0173892
-2.1495e-06	-0.0171484
-2.1475e-06	-0.0171656
-2.1455e-06	-0.0172
-2.1435e-06	-0.0170108
-2.1415e-06	-0.0169936
-2.1395e-06	-0.0169248
-2.1375e-06	-0.0169592
-2.1355e-06	-0.017114
-2.1335e-06	-0.0170452
-2.1315e-06	-0.01677
-2.1295e-06	-0.0167012
-2.1275e-06	-0.0164088
-2.1255e-06	-0.0164432
-2.1235e-06	-0.0168044
-2.1215e-06	-0.0169936
-2.1195e-06	-0.0168904
-2.1175e-06	-0.0169936
-2.1155e-06	-0.0168388
-2.1135e-06	-0.016856
-2.1115e-06	-0.0169764
-2.1095e-06	-0.016942
-2.1075e-06	-0.0168388
-2.1055e-06	-0.0164432
-2.1035e-06	-0.0164088
-2.1015e-06	-0.016512
-2.0995e-06	-0.0169076
-2.0975e-06	-0.017114
-2.0955e-06	-0.0169936
-2.0935e-06	-0.0167356
-2.0915e-06	-0.01677
-2.0895e-06	-0.017028
-2.0875e-06	-0.0170796
-2.0855e-06	-0.0168904
-2.0835e-06	-0.0167012
-2.0815e-06	-0.0166668
-2.0795e-06	-0.016856
-2.0775e-06	-0.0168388
-2.0755e-06	-0.0167012
-2.0735e-06	-0.0168904
-2.0715e-06	-0.0172516
-2.0695e-06	-0.017458
-2.0675e-06	-0.0179224
-2.0655e-06	-0.0177676
-2.0635e-06	-0.0174924
-2.0615e-06	-0.0176644
-2.0595e-06	-0.0175956
-2.0575e-06	-0.0176472
-2.0555e-06	-0.0180428
-2.0535e-06	-0.0179568
-2.0515e-06	-0.0180944
-2.0495e-06	-0.0178536
-2.0475e-06	-0.0179912
-2.0455e-06	-0.0183352
-2.0435e-06	-0.0181632
-2.0415e-06	-0.0179224
-2.0395e-06	-0.0177676
-2.0375e-06	-0.0177504
-2.0355e-06	-0.0178364
-2.0335e-06	-0.0180944
-2.0315e-06	-0.0180772
-2.0295e-06	-0.0180084
-2.0275e-06	-0.018146
-2.0255e-06	-0.0181976
-2.0235e-06	-0.0181976
-2.0215e-06	-0.0182148
-2.0195e-06	-0.0183696
-2.0175e-06	-0.0186964
-2.0155e-06	-0.0188684
-2.0135e-06	-0.0186964
-2.0115e-06	-0.0187996
-2.0095e-06	-0.018404
-2.0075e-06	-0.0183696
-2.0055e-06	-0.0186104
-2.0035e-06	-0.019006
-2.0015e-06	-0.019006
-1.9995e-06	-0.0188512
-1.9975e-06	-0.0185072
-1.9955e-06	-0.0185244
-1.9935e-06	-0.0184728
-1.9915e-06	-0.0182148
-1.9895e-06	-0.0177332
-1.9875e-06	-0.017458
-1.9855e-06	-0.0176644
-1.9835e-06	-0.0175784
-1.9815e-06	-0.017544
-1.9795e-06	-0.0174924
-1.9775e-06	-0.0173032
-1.9755e-06	-0.017372
-1.9735e-06	-0.0173032
-1.9715e-06	-0.0172516
-1.9695e-06	-0.016856
-1.9675e-06	-0.016942
-1.9655e-06	-0.0170624
-1.9635e-06	-0.017028
-1.9615e-06	-0.0168732
-1.9595e-06	-0.0169248
-1.9575e-06	-0.0170796
-1.9555e-06	-0.0173376
-1.9535e-06	-0.0179568
-1.9515e-06	-0.0183696
-1.9495e-06	-0.0182836
-1.9475e-06	-0.0182492
-1.9455e-06	-0.0183008
-1.9435e-06	-0.0184556
-1.9415e-06	-0.018318
-1.9395e-06	-0.0183352
-1.9375e-06	-0.0180944
-1.9355e-06	-0.0183524
-1.9335e-06	-0.0186104
-1.9315e-06	-0.0189888
-1.9295e-06	-0.0188684
-1.9275e-06	-0.0187996
-1.9255e-06	-0.0187652
-1.9235e-06	-0.0188512
-1.9215e-06	-0.0195048
-1.9195e-06	-0.0192812
-1.9175e-06	-0.0189888
-1.9155e-06	-0.0190576
-1.9135e-06	-0.019006
-1.9115e-06	-0.0191608
-1.9095e-06	-0.0192984
-1.9075e-06	-0.0197284
-1.9055e-06	-0.0199004
-1.9035e-06	-0.0198316
-1.9015e-06	-0.0197456
-1.8995e-06	-0.0197456
-1.8975e-06	-0.019694
-1.8955e-06	-0.020038
-1.8935e-06	-0.0203304
-1.8915e-06	-0.0204852
-1.8895e-06	-0.020468
-1.8875e-06	-0.0201756
-1.8855e-06	-0.0200896
-1.8835e-06	-0.0202272
-1.8815e-06	-0.0201756
-1.8795e-06	-0.0200724
-1.8775e-06	-0.0201584
-1.8755e-06	-0.0196252
-1.8735e-06	-0.0194532
-1.8715e-06	-0.019436
-1.8695e-06	-0.0195392
-1.8675e-06	-0.019694
-1.8655e-06	-0.0195908
-1.8635e-06	-0.01935
-1.8615e-06	-0.0192124
-1.8595e-06	-0.019092
-1.8575e-06	-0.019006
-1.8555e-06	-0.019092
-1.8535e-06	-0.019178
-1.8515e-06	-0.0193156
-1.8495e-06	-0.0192296
-1.8475e-06	-0.0194532
-1.8455e-06	-0.019608
-1.8435e-06	-0.019694
-1.8415e-06	-0.0197284
-1.8395e-06	-0.0197456
-1.8375e-06	-0.0195736
-1.8355e-06	-0.0197972
-1.8335e-06	-0.0201068
-1.8315e-06	-0.0205024
-1.8295e-06	-0.0204852
-1.8275e-06	-0.0204508
-1.8255e-06	-0.0202788
-1.8235e-06	-0.02021
-1.8215e-06	-0.0201068
-1.8195e-06	-0.0203476
-1.8175e-06	-0.0201412
-1.8155e-06	-0.0201756
-1.8135e-06	-0.0202788
-1.8115e-06	-0.0206056
-1.8095e-06	-0.0209152
-1.8075e-06	-0.0209324
-1.8055e-06	-0.021242
-1.8035e-06	-0.0212592
-1.8015e-06	-0.021242
-1.7995e-06	-0.0215
-1.7975e-06	-0.0216204
-1.7955e-06	-0.0220504
-1.7935e-06	-0.0222052
-1.7915e-06	-0.0222396
-1.7895e-06	-0.0222224
-1.7875e-06	-0.022274
-1.7855e-06	-0.0222052
-1.7835e-06	-0.0223428
-1.7815e-06	-0.0222052
-1.7795e-06	-0.0223428
-1.7775e-06	-0.02193
-1.7755e-06	-0.0214828
-1.7735e-06	-0.0217064
-1.7715e-06	-0.0220332
-1.7695e-06	-0.0219128
-1.7675e-06	-0.021586
-1.7655e-06	-0.0215688
-1.7635e-06	-0.0213108
-1.7615e-06	-0.0213108
-1.7595e-06	-0.0212764
-1.7575e-06	-0.0213624
-1.7555e-06	-0.0213968
-1.7535e-06	-0.0214312
-1.7515e-06	-0.0216892
-1.7495e-06	-0.021672
-1.7475e-06	-0.022102
-1.7455e-06	-0.0221708
-1.7435e-06	-0.0222912
-1.7415e-06	-0.022532
-1.7395e-06	-0.0226524
-1.7375e-06	-0.0226008
-1.7355e-06	-0.0226008
-1.7335e-06	-0.0225492
-1.7315e-06	-0.0227728
-1.7295e-06	-0.0228244
-1.7275e-06	-0.0228244
-1.7255e-06	-0.0228072
-1.7235e-06	-0.0230308
-1.7215e-06	-0.0229792
-1.7195e-06	-0.0228416
-1.7175e-06	-0.0228072
-1.7155e-06	-0.0226524
-1.7135e-06	-0.0223428
-1.7115e-06	-0.0223772
-1.7095e-06	-0.0223084
-1.7075e-06	-0.0225148
-1.7055e-06	-0.0223944
-1.7035e-06	-0.0223428
-1.7015e-06	-0.0224116
-1.6995e-06	-0.0227384
-1.6975e-06	-0.0224116
-1.6955e-06	-0.022274
-1.6935e-06	-0.0221708
-1.6915e-06	-0.0222052
-1.6895e-06	-0.0222568
-1.6875e-06	-0.0222052
-1.6855e-06	-0.0222568
-1.6835e-06	-0.0220676
-1.6815e-06	-0.0220332
-1.6795e-06	-0.0220332
-1.6775e-06	-0.022102
-1.6755e-06	-0.0221192
-1.6735e-06	-0.0219128
-1.6715e-06	-0.0217924
-1.6695e-06	-0.021758
-1.6675e-06	-0.0216892
-1.6655e-06	-0.021586
-1.6635e-06	-0.0215516
-1.6615e-06	-0.021844
-1.6595e-06	-0.0222396
-1.6575e-06	-0.0223428
-1.6555e-06	-0.0221364
-1.6535e-06	-0.0218784
-1.6515e-06	-0.021758
-1.6495e-06	-0.0217924
-1.6475e-06	-0.0218096
-1.6455e-06	-0.0219644
-1.6435e-06	-0.0219988
-1.6415e-06	-0.0219816
-1.6395e-06	-0.0219128
-1.6375e-06	-0.0218612
-1.6355e-06	-0.0218956
-1.6335e-06	-0.0217924
-1.6315e-06	-0.0220332
-1.6295e-06	-0.0222052
-1.6275e-06	-0.0222912
-1.6255e-06	-0.0220848
-1.6235e-06	-0.0219128
-1.6215e-06	-0.0220504
-1.6195e-06	-0.0223428
-1.6175e-06	-0.0221364
-1.6155e-06	-0.022016
-1.6135e-06	-0.0220848
-1.6115e-06	-0.022188
-1.6095e-06	-0.0221708
-1.6075e-06	-0.022274
-1.6055e-06	-0.0221192
-1.6035e-06	-0.0219816
-1.6015e-06	-0.0219816
-1.5995e-06	-0.0222224
-1.5975e-06	-0.0222912
-1.5955e-06	-0.0223084
-1.5935e-06	-0.0223944
-1.5915e-06	-0.0226352
-1.5895e-06	-0.022876
-1.5875e-06	-0.0230996
-1.5855e-06	-0.0231856
-1.5835e-06	-0.0229104
-1.5815e-06	-0.0230824
-1.5795e-06	-0.0230996
-1.5775e-06	-0.0232544
-1.5755e-06	-0.0232716
-1.5735e-06	-0.0230652
-1.5715e-06	-0.0233576
-1.5695e-06	-0.0233576
-1.5675e-06	-0.0233748
-1.5655e-06	-0.0234952
-1.5635e-06	-0.0235124
-1.5615e-06	-0.0237188
-1.5595e-06	-0.0237876
-1.5575e-06	-0.0236672
-1.5555e-06	-0.0234436
-1.5535e-06	-0.0233576
-1.5515e-06	-0.0231512
-1.5495e-06	-0.02279
-1.5475e-06	-0.0226524
-1.5455e-06	-0.0223772
-1.5435e-06	-0.0222396
-1.5415e-06	-0.0222912
-1.5395e-06	-0.0220676
-1.5375e-06	-0.021758
-1.5355e-06	-0.0215172
-1.5335e-06	-0.0213452
-1.5315e-06	-0.0211216
-1.5295e-06	-0.020898
-1.5275e-06	-0.0208292
-1.5255e-06	-0.0207088
-1.5235e-06	-0.0207432
-1.5215e-06	-0.020812
-1.5195e-06	-0.0206228
-1.5175e-06	-0.0203304
-1.5155e-06	-0.0199692
-1.5135e-06	-0.0201928
-1.5115e-06	-0.0199348
-1.5095e-06	-0.019952
-1.5075e-06	-0.020038
-1.5055e-06	-0.0198316
-1.5035e-06	-0.0198832
-1.5015e-06	-0.0198144
-1.4995e-06	-0.0196768
-1.4975e-06	-0.0199176
-1.4955e-06	-0.0201068
-1.4935e-06	-0.0199176
-1.4915e-06	-0.0199176
-1.4895e-06	-0.0201584
-1.4875e-06	-0.0202788
-1.4855e-06	-0.0203476
-1.4835e-06	-0.020726
-1.4815e-06	-0.0205024
-1.4795e-06	-0.0203648
-1.4775e-06	-0.020554
-1.4755e-06	-0.020468
-1.4735e-06	-0.0203476
-1.4715e-06	-0.0204336
-1.4695e-06	-0.0202616
-1.4675e-06	-0.0201756
-1.4655e-06	-0.0203476
-1.4635e-06	-0.0203304
-1.4615e-06	-0.0200724
-1.4595e-06	-0.0201068
-1.4575e-06	-0.0200552
-1.4555e-06	-0.0201928
-1.4535e-06	-0.020296
-1.4515e-06	-0.0204336
-1.4495e-06	-0.0202788
-1.4475e-06	-0.0203476
-1.4455e-06	-0.0206228
-1.4435e-06	-0.020898
-1.4415e-06	-0.0212248
-1.4395e-06	-0.0213108
-1.4375e-06	-0.0208636
-1.4355e-06	-0.0210184
-1.4335e-06	-0.0210528
-1.4315e-06	-0.0213796
-1.4295e-06	-0.0211904
-1.4275e-06	-0.02064
-1.4255e-06	-0.0208464
-1.4235e-06	-0.0212076
-1.4215e-06	-0.0211732
-1.4195e-06	-0.0208464
-1.4175e-06	-0.0205196
-1.4155e-06	-0.0205712
-1.4135e-06	-0.0207088
-1.4115e-06	-0.0201928
-1.4095e-06	-0.0198488
-1.4075e-06	-0.0198488
-1.4055e-06	-0.0199692
-1.4035e-06	-0.0200036
-1.4015e-06	-0.0195908
-1.3995e-06	-0.0193328
-1.3975e-06	-0.0192296
-1.3955e-06	-0.0188684
-1.3935e-06	-0.0186448
-1.3915e-06	-0.018318
-1.3895e-06	-0.0181976
-1.3875e-06	-0.0180772
-1.3855e-06	-0.01806
-1.3835e-06	-0.0183868
-1.3815e-06	-0.0184212
-1.3795e-06	-0.018146
-1.3775e-06	-0.0179912
-1.3755e-06	-0.01806
-1.3735e-06	-0.0177848
-1.3715e-06	-0.0180428
-1.3695e-06	-0.017802
-1.3675e-06	-0.0176644
-1.3655e-06	-0.01763
-1.3635e-06	-0.0178192
-1.3615e-06	-0.0177504
-1.3595e-06	-0.0178708
-1.3575e-06	-0.0180256
-1.3555e-06	-0.0185932
-1.3535e-06	-0.0185244
-1.3515e-06	-0.0186964
-1.3495e-06	-0.0184384
-1.3475e-06	-0.0185588
-1.3455e-06	-0.0184556
-1.3435e-06	-0.018662
-1.3415e-06	-0.0187136
-1.3395e-06	-0.0191436
-1.3375e-06	-0.0189716
-1.3355e-06	-0.0190232
-1.3335e-06	-0.0191952
-1.3315e-06	-0.0195392
-1.3295e-06	-0.0195908
-1.3275e-06	-0.019522
-1.3255e-06	-0.0190404
-1.3235e-06	-0.0194704
-1.3215e-06	-0.020038
-1.3195e-06	-0.0201928
-1.3175e-06	-0.0202788
-1.3155e-06	-0.0203304
-1.3135e-06	-0.0206056
-1.3115e-06	-0.0208292
-1.3095e-06	-0.020726
-1.3075e-06	-0.0206228
-1.3055e-06	-0.020124
-1.3035e-06	-0.0203304
-1.3015e-06	-0.0209152
-1.2995e-06	-0.0212248
-1.2975e-06	-0.0212936
-1.2955e-06	-0.021586
-1.2935e-06	-0.021672
-1.2915e-06	-0.0215516
-1.2895e-06	-0.0215344
-1.2875e-06	-0.0216032
-1.2855e-06	-0.0217408
-1.2835e-06	-0.0217064
-1.2815e-06	-0.0217408
-1.2795e-06	-0.0216032
-1.2775e-06	-0.021586
-1.2755e-06	-0.0215344
-1.2735e-06	-0.0215688
-1.2715e-06	-0.021414
-1.2695e-06	-0.0213968
-1.2675e-06	-0.0213108
-1.2655e-06	-0.0213108
-1.2635e-06	-0.0211904
-1.2615e-06	-0.0212764
-1.2595e-06	-0.0215172
-1.2575e-06	-0.0218096
-1.2555e-06	-0.0216032
-1.2535e-06	-0.02107
-1.2515e-06	-0.0206744
-1.2495e-06	-0.0209152
-1.2475e-06	-0.020898
-1.2455e-06	-0.0207604
-1.2435e-06	-0.0207776
-1.2415e-06	-0.0206916
-1.2395e-06	-0.0204164
-1.2375e-06	-0.0204508
-1.2355e-06	-0.0201756
-1.2335e-06	-0.0199004
-1.2315e-06	-0.0198488
-1.2295e-06	-0.0199176
-1.2275e-06	-0.0199864
-1.2255e-06	-0.0200724
-1.2235e-06	-0.0200208
-1.2215e-06	-0.019694
-1.2195e-06	-0.019436
-1.2175e-06	-0.01935
-1.2155e-06	-0.0192468
-1.2135e-06	-0.0194704
-1.2115e-06	-0.0196596
-1.2095e-06	-0.0195564
-1.2075e-06	-0.0196424
-1.2055e-06	-0.0196424
-1.2035e-06	-0.0195908
-1.2015e-06	-0.0194704
-1.1995e-06	-0.0194188
-1.1975e-06	-0.0193844
-1.1955e-06	-0.0192296
-1.1935e-06	-0.019092
-1.1915e-06	-0.019006
-1.1895e-06	-0.0188512
-1.1875e-06	-0.019178
-1.1855e-06	-0.019178
-1.1835e-06	-0.019264
-1.1815e-06	-0.0192812
-1.1795e-06	-0.0192124
-1.1775e-06	-0.0192124
-1.1755e-06	-0.0193156
-1.1735e-06	-0.0191092
-1.1715e-06	-0.0190748
-1.1695e-06	-0.0192468
-1.1675e-06	-0.019178
-1.1655e-06	-0.0192124
-1.1635e-06	-0.0194016
-1.1615e-06	-0.0195908
-1.1595e-06	-0.0194016
-1.1575e-06	-0.019092
-1.1555e-06	-0.0190232
-1.1535e-06	-0.0188856
-1.1515e-06	-0.0187824
-1.1495e-06	-0.0188856
-1.1475e-06	-0.0189544
-1.1455e-06	-0.0191264
-1.1435e-06	-0.0192468
-1.1415e-06	-0.018662
-1.1395e-06	-0.0187996
-1.1375e-06	-0.018834
-1.1355e-06	-0.0191436
-1.1335e-06	-0.0190748
-1.1315e-06	-0.0193156
-1.1295e-06	-0.019436
-1.1275e-06	-0.0194876
-1.1255e-06	-0.0195048
-1.1235e-06	-0.0197112
-1.1215e-06	-0.0197456
-1.1195e-06	-0.0196252
-1.1175e-06	-0.0196596
-1.1155e-06	-0.0198144
-1.1135e-06	-0.0196768
-1.1115e-06	-0.0196424
-1.1095e-06	-0.019694
-1.1075e-06	-0.0195908
-1.1055e-06	-0.0194876
-1.1035e-06	-0.0191436
-1.1015e-06	-0.0186448
-1.0995e-06	-0.0186276
-1.0975e-06	-0.0183008
-1.0955e-06	-0.0181804
-1.0935e-06	-0.0181116
-1.0915e-06	-0.017974
-1.0895e-06	-0.0178192
-1.0875e-06	-0.0179912
-1.0855e-06	-0.017802
-1.0835e-06	-0.0179224
-1.0815e-06	-0.0177676
-1.0795e-06	-0.017458
-1.0775e-06	-0.0173892
-1.0755e-06	-0.0174064
-1.0735e-06	-0.017458
-1.0715e-06	-0.0177848
-1.0695e-06	-0.0177504
-1.0675e-06	-0.0178536
-1.0655e-06	-0.0174752
-1.0635e-06	-0.0175268
-1.0615e-06	-0.017114
-1.0595e-06	-0.0174064
-1.0575e-06	-0.0175612
-1.0555e-06	-0.017458
-1.0535e-06	-0.0173376
-1.0515e-06	-0.0172
-1.0495e-06	-0.017114
-1.0475e-06	-0.0170452
-1.0455e-06	-0.017028
-1.0435e-06	-0.0170108
-1.0415e-06	-0.0170796
-1.0395e-06	-0.0173892
-1.0375e-06	-0.0174924
-1.0355e-06	-0.01763
-1.0335e-06	-0.0175268
-1.0315e-06	-0.017286
-1.0295e-06	-0.0172688
-1.0275e-06	-0.0172
-1.0255e-06	-0.016942
-1.0235e-06	-0.0171828
-1.0215e-06	-0.0171656
-1.0195e-06	-0.017114
-1.0175e-06	-0.017114
-1.0155e-06	-0.0170624
-1.0135e-06	-0.0169592
-1.0115e-06	-0.0173032
-1.0095e-06	-0.0173548
-1.0075e-06	-0.0174408
-1.0055e-06	-0.0173032
-1.0035e-06	-0.0173892
-1.0015e-06	-0.0174236
-9.995001e-07	-0.0180428
-9.975001e-07	-0.0183008
-9.955001e-07	-0.0183008
-9.935001e-07	-0.018232
-9.915001e-07	-0.0181288
-9.895001e-07	-0.0180256
-9.875001e-07	-0.017888
-9.855001e-07	-0.0176128
-9.835001e-07	-0.0175956
-9.815001e-07	-0.0174408
-9.795001e-07	-0.0176644
-9.775001e-07	-0.0178536
-9.755001e-07	-0.018318
-9.735001e-07	-0.0184728
-9.715001e-07	-0.018576
-9.695001e-07	-0.0186964
-9.675001e-07	-0.0189372
-9.655001e-07	-0.018834
-9.635001e-07	-0.0188856
-9.615001e-07	-0.0187996
-9.595001e-07	-0.0188168
-9.575001e-07	-0.0188856
-9.555001e-07	-0.0192296
-9.535001e-07	-0.019092
-9.515001e-07	-0.0192468
-9.495001e-07	-0.0190748
-9.475001e-07	-0.0189372
-9.455001e-07	-0.018748
-9.435001e-07	-0.0186104
-9.415001e-07	-0.0186276
-9.395001e-07	-0.0187308
-9.375001e-07	-0.0189888
-9.355001e-07	-0.0188512
-9.335001e-07	-0.0189888
-9.315001e-07	-0.0191608
-9.295001e-07	-0.0189716
-9.275001e-07	-0.0192296
-9.255001e-07	-0.0188856
-9.235001e-07	-0.0191092
-9.215001e-07	-0.01892
-9.195001e-07	-0.0189716
-9.175001e-07	-0.0188168
-9.155001e-07	-0.0187308
-9.135001e-07	-0.0183352
-9.115001e-07	-0.0183008
-9.095001e-07	-0.01806
-9.075001e-07	-0.0181116
-9.055001e-07	-0.0180772
-9.035001e-07	-0.0179912
-9.015001e-07	-0.0177332
-8.995001e-07	-0.0179396
-8.975001e-07	-0.0179568
-8.955001e-07	-0.0179912
-8.935001e-07	-0.0179052
-8.915001e-07	-0.0181116
-8.895001e-07	-0.0181976
-8.875001e-07	-0.0185072
-8.855001e-07	-0.018662
-8.835001e-07	-0.0187136
-8.815001e-07	-0.0187824
-8.795001e-07	-0.0187996
-8.775001e-07	-0.019092
-8.755001e-07	-0.0191608
-8.735001e-07	-0.0195392
-8.715001e-07	-0.0194876
-8.695001e-07	-0.0195564
-8.675001e-07	-0.0196768
-8.655001e-07	-0.0195908
-8.635001e-07	-0.0196596
-8.615001e-07	-0.0195048
-8.595001e-07	-0.0195908
-8.575001e-07	-0.0195392
-8.555001e-07	-0.0194876
-8.535001e-07	-0.0193672
-8.515001e-07	-0.0194704
-8.495001e-07	-0.0192296
-8.475001e-07	-0.0191608
-8.455001e-07	-0.0192296
-8.435001e-07	-0.0193844
-8.415001e-07	-0.0192812
-8.395001e-07	-0.0193672
-8.375001e-07	-0.0191264
-8.355001e-07	-0.019006
-8.335001e-07	-0.0187308
-8.315001e-07	-0.0190576
-8.295001e-07	-0.0186276
-8.275001e-07	-0.0187824
-8.255001e-07	-0.018404
-8.235001e-07	-0.0186792
-8.215001e-07	-0.0188512
-8.195001e-07	-0.0194876
-8.175001e-07	-0.0193844
-8.155001e-07	-0.0195908
-8.135001e-07	-0.0193156
-8.115001e-07	-0.0192984
-8.095001e-07	-0.0194532
-8.075001e-07	-0.0196768
-8.055001e-07	-0.0196252
-8.035001e-07	-0.01978
-8.015001e-07	-0.0197972
-7.995001e-07	-0.0199864
-7.975001e-07	-0.0201068
-7.955001e-07	-0.0200208
-7.935001e-07	-0.019866
-7.915001e-07	-0.0197972
-7.895001e-07	-0.0202272
-7.875001e-07	-0.020296
-7.855001e-07	-0.0203476
-7.835001e-07	-0.0204852
-7.815001e-07	-0.0204852
-7.795001e-07	-0.0206572
-7.775001e-07	-0.0206228
-7.755001e-07	-0.02064
-7.735001e-07	-0.020468
-7.715001e-07	-0.0205368
-7.695001e-07	-0.020382
-7.675001e-07	-0.0207088
-7.655001e-07	-0.0206916
-7.635001e-07	-0.0204852
-7.615001e-07	-0.0202444
-7.595001e-07	-0.0200896
-7.575001e-07	-0.0200036
-7.555001e-07	-0.0200036
-7.535001e-07	-0.0202272
-7.515001e-07	-0.019952
-7.495001e-07	-0.0200552
-7.475001e-07	-0.020038
-7.455001e-07	-0.0199004
-7.435001e-07	-0.0198832
-7.415001e-07	-0.0194188
-7.395001e-07	-0.019436
-7.375001e-07	-0.0198832
-7.355001e-07	-0.0195736
-7.335001e-07	-0.019092
-7.315001e-07	-0.0194876
-7.295001e-07	-0.0194704
-7.275001e-07	-0.0194876
-7.255001e-07	-0.0193156
-7.235001e-07	-0.0194016
-7.215001e-07	-0.0192296
-7.195001e-07	-0.0192296
-7.175001e-07	-0.0192124
-7.155001e-07	-0.0192812
-7.135001e-07	-0.0194876
-7.115001e-07	-0.0199176
-7.095001e-07	-0.0199004
-7.075001e-07	-0.019952
-7.055001e-07	-0.0195736
-7.035001e-07	-0.019608
-7.015001e-07	-0.0194532
-6.995001e-07	-0.0195564
-6.975001e-07	-0.0195564
-6.955001e-07	-0.0196768
-6.935001e-07	-0.0198316
-6.915001e-07	-0.0200724
-6.895001e-07	-0.0198832
-6.875001e-07	-0.01978
-6.855001e-07	-0.0195048
-6.835001e-07	-0.01978
-6.815001e-07	-0.0196768
-6.795001e-07	-0.0195392
-6.775001e-07	-0.0193844
-6.755001e-07	-0.0193672
-6.735001e-07	-0.0193156
-6.715001e-07	-0.019006
-6.695001e-07	-0.0187136
-6.675001e-07	-0.0189544
-6.655001e-07	-0.018748
-6.635001e-07	-0.0186792
-6.615001e-07	-0.0186276
-6.595001e-07	-0.0186276
-6.575001e-07	-0.0185244
-6.555001e-07	-0.01806
-6.535001e-07	-0.018404
-6.515001e-07	-0.01849
-6.495001e-07	-0.0185416
-6.475001e-07	-0.018662
-6.455001e-07	-0.0183696
-6.435001e-07	-0.0181804
-6.415001e-07	-0.0178536
-6.395001e-07	-0.017716
-6.375001e-07	-0.0170624
-6.355001e-07	-0.017114
-6.335001e-07	-0.0170968
-6.315001e-07	-0.0170796
-6.295001e-07	-0.0171656
-6.275001e-07	-0.0170796
-6.255001e-07	-0.0169764
-6.235001e-07	-0.0169248
-6.215001e-07	-0.0168216
-6.195001e-07	-0.0172
-6.175001e-07	-0.017114
-6.155001e-07	-0.0170452
-6.135001e-07	-0.0172
-6.115001e-07	-0.0177504
-6.095001e-07	-0.017974
-6.075001e-07	-0.018146
-6.055001e-07	-0.0184556
-6.035001e-07	-0.0187652
-6.015001e-07	-0.0186964
-5.995001e-07	-0.0187308
-5.975001e-07	-0.0186964
-5.955001e-07	-0.0185072
-5.935001e-07	-0.0186104
-5.915001e-07	-0.0187308
-5.895001e-07	-0.0189372
-5.875001e-07	-0.0188856
-5.855001e-07	-0.01849
-5.835001e-07	-0.0185932
-5.815001e-07	-0.0185072
-5.795001e-07	-0.0187652
-5.775001e-07	-0.0189544
-5.755001e-07	-0.019178
-5.735001e-07	-0.0194188
-5.715001e-07	-0.0197112
-5.695001e-07	-0.0198832
-5.675001e-07	-0.0200208
-5.655001e-07	-0.0202272
-5.635001e-07	-0.0202788
-5.615001e-07	-0.0203132
-5.595001e-07	-0.0203992
-5.575001e-07	-0.020296
-5.555001e-07	-0.0204852
-5.535001e-07	-0.0206744
-5.515001e-07	-0.0205712
-5.495001e-07	-0.020296
-5.475001e-07	-0.02021
-5.455001e-07	-0.0201756
-5.435001e-07	-0.020382
-5.415001e-07	-0.0203648
-5.395001e-07	-0.020038
-5.375001e-07	-0.0198488
-5.355001e-07	-0.0196768
-5.335001e-07	-0.0197628
-5.315001e-07	-0.0199348
-5.295001e-07	-0.0201412
-5.275001e-07	-0.0199864
-5.255001e-07	-0.0198316
-5.235001e-07	-0.01978
-5.215001e-07	-0.0195564
-5.195001e-07	-0.019522
-5.175001e-07	-0.01935
-5.155001e-07	-0.0193328
-5.135001e-07	-0.0191092
-5.115001e-07	-0.0188684
-5.095001e-07	-0.0189544
-5.075001e-07	-0.0191608
-5.055001e-07	-0.019436
-5.035001e-07	-0.0194016
-5.015001e-07	-0.0191952
-4.995001e-07	-0.0193328
-4.975001e-07	-0.019178
-4.955001e-07	-0.0192984
-4.935001e-07	-0.0195048
-4.915001e-07	-0.0195908
-4.895001e-07	-0.0198488
-4.875001e-07	-0.0198316
-4.855001e-07	-0.019866
-4.835001e-07	-0.0198316
-4.815001e-07	-0.0198144
-4.795001e-07	-0.0197972
-4.775001e-07	-0.0199348
-4.755001e-07	-0.0204164
-4.735001e-07	-0.0201756
-4.715001e-07	-0.0203648
-4.695001e-07	-0.0205196
-4.675001e-07	-0.0207088
-4.655001e-07	-0.020554
-4.635001e-07	-0.0205196
-4.615001e-07	-0.020898
-4.595001e-07	-0.0210012
-4.575001e-07	-0.0210184
-4.555001e-07	-0.021156
-4.535001e-07	-0.0213968
-4.515001e-07	-0.0213968
-4.495001e-07	-0.0214484
-4.475001e-07	-0.0215
-4.455001e-07	-0.021328
-4.435001e-07	-0.0211904
-4.415001e-07	-0.0214312
-4.395001e-07	-0.0218268
-4.375001e-07	-0.0217924
-4.355001e-07	-0.0218096
-4.335001e-07	-0.021844
-4.315001e-07	-0.0220332
-4.295001e-07	-0.0225664
-4.275001e-07	-0.02279
-4.255001e-07	-0.022704
-4.235001e-07	-0.0224632
-4.215001e-07	-0.0226868
-4.195001e-07	-0.0227728
-4.175001e-07	-0.0227728
-4.155001e-07	-0.0226524
-4.135001e-07	-0.0225148
-4.115001e-07	-0.0225492
-4.095001e-07	-0.0223256
-4.075001e-07	-0.0220676
-4.055001e-07	-0.0217236
-4.035001e-07	-0.0214656
-4.015001e-07	-0.0215
-3.995001e-07	-0.0215172
-3.975001e-07	-0.0213968
-3.955001e-07	-0.0213452
-3.935001e-07	-0.0213108
-3.915001e-07	-0.0211904
-3.895001e-07	-0.0210872
-3.875001e-07	-0.0209152
-3.855001e-07	-0.0208464
-3.835001e-07	-0.0206744
-3.815001e-07	-0.0205196
-3.795001e-07	-0.020038
-3.775001e-07	-0.0200552
-3.755001e-07	-0.0198316
-3.735001e-07	-0.019608
-3.715001e-07	-0.0194016
-3.695001e-07	-0.01935
-3.675001e-07	-0.0194704
-3.655001e-07	-0.01935
-3.635001e-07	-0.019264
-3.615001e-07	-0.0191092
-3.595001e-07	-0.0194016
-3.575001e-07	-0.0194188
-3.555001e-07	-0.0192812
-3.535001e-07	-0.0194016
-3.515001e-07	-0.0193672
-3.495001e-07	-0.0193672
-3.475001e-07	-0.0191952
-3.455001e-07	-0.0191608
-3.435001e-07	-0.0194188
-3.415001e-07	-0.0197628
-3.395001e-07	-0.0193328
-3.375001e-07	-0.019006
-3.355001e-07	-0.0187136
-3.335001e-07	-0.0185244
-3.315001e-07	-0.0184556
-3.295001e-07	-0.0180944
-3.275001e-07	-0.017888
-3.255001e-07	-0.017802
-3.235001e-07	-0.0176128
-3.215001e-07	-0.0175956
-3.195001e-07	-0.017544
-3.175001e-07	-0.0172344
-3.155001e-07	-0.017458
-3.135001e-07	-0.017114
-3.115001e-07	-0.0170968
-3.095001e-07	-0.0170108
-3.075001e-07	-0.0169076
-3.055001e-07	-0.0168044
-3.035001e-07	-0.0167528
-3.015001e-07	-0.0165808
-2.995001e-07	-0.016512
-2.975001e-07	-0.0163572
-2.955001e-07	-0.0162884
-2.935001e-07	-0.0161852
-2.915001e-07	-0.0163916
-2.895001e-07	-0.0167012
-2.875001e-07	-0.0170796
-2.855001e-07	-0.0172516
-2.835001e-07	-0.0172688
-2.815001e-07	-0.0174064
-2.795001e-07	-0.017286
-2.775001e-07	-0.0173892
-2.755001e-07	-0.0174236
-2.735001e-07	-0.0173032
-2.715001e-07	-0.017544
-2.695001e-07	-0.017458
-2.675001e-07	-0.0176644
-2.655001e-07	-0.0176816
-2.635001e-07	-0.0179568
-2.615001e-07	-0.017888
-2.595001e-07	-0.0179912
-2.575001e-07	-0.0178536
-2.555001e-07	-0.0178708
-2.535001e-07	-0.0179052
-2.515001e-07	-0.0180428
-2.495001e-07	-0.0183008
-2.475001e-07	-0.018748
-2.455001e-07	-0.0189716
-2.435001e-07	-0.0190404
-2.415001e-07	-0.0189888
-2.395001e-07	-0.0191436
-2.375001e-07	-0.01935
-2.355001e-07	-0.0197456
-2.335001e-07	-0.019866
-2.315001e-07	-0.019608
-2.295001e-07	-0.0194704
-2.275001e-07	-0.0195564
-2.255001e-07	-0.019608
-2.235001e-07	-0.0196252
-2.215001e-07	-0.0197456
-2.195001e-07	-0.0194532
-2.175001e-07	-0.0193844
-2.155001e-07	-0.0191952
-2.135001e-07	-0.0190748
-2.115001e-07	-0.0191436
-2.095001e-07	-0.0192468
-2.075001e-07	-0.0194532
-2.055001e-07	-0.0194188
-2.035001e-07	-0.01935
-2.015001e-07	-0.0189888
-1.995001e-07	-0.0191608
-1.975001e-07	-0.01935
-1.955001e-07	-0.0195908
-1.935001e-07	-0.0195908
-1.915001e-07	-0.019436
-1.895001e-07	-0.0191608
-1.875001e-07	-0.0191264
-1.855001e-07	-0.0191264
-1.835001e-07	-0.019264
-1.815001e-07	-0.0189544
-1.795001e-07	-0.0190232
-1.775001e-07	-0.0191092
-1.755001e-07	-0.0192812
-1.735001e-07	-0.0190748
-1.715001e-07	-0.019092
-1.695001e-07	-0.0190404
-1.675001e-07	-0.0188684
-1.655001e-07	-0.0189028
-1.635001e-07	-0.0188684
-1.615001e-07	-0.0187824
-1.595001e-07	-0.0189372
-1.575001e-07	-0.0188684
-1.555001e-07	-0.0189372
-1.535001e-07	-0.0189544
-1.515001e-07	-0.0188512
-1.495001e-07	-0.0187996
-1.475001e-07	-0.0187996
-1.455001e-07	-0.0188684
-1.435001e-07	-0.0192124
-1.415001e-07	-0.019006
-1.395001e-07	-0.0190232
-1.375001e-07	-0.0193156
-1.355001e-07	-0.0195048
-1.335001e-07	-0.019608
-1.315001e-07	-0.0197456
-1.295001e-07	-0.0198144
-1.275001e-07	-0.0201068
-1.255001e-07	-0.0200896
-1.235001e-07	-0.0197456
-1.215001e-07	-0.019436
-1.195001e-07	-0.0193844
-1.175001e-07	-0.0197628
-1.155001e-07	-0.0196768
-1.135001e-07	-0.019522
-1.115001e-07	-0.0197628
-1.095001e-07	-0.0203304
-1.075001e-07	-0.0209152
-1.055001e-07	-0.0209324
-1.035001e-07	-0.0210012
-1.015001e-07	-0.0210184
-9.950013e-08	-0.021156
-9.750013e-08	-0.021242
-9.550013e-08	-0.021414
-9.350013e-08	-0.0209324
-9.150013e-08	-0.0211044
-8.950013e-08	-0.0215516
-8.750013e-08	-0.021242
-8.550013e-08	-0.0209496
-8.350013e-08	-0.0209496
-8.150013e-08	-0.0211044
-7.950013e-08	-0.0211216
-7.750013e-08	-0.02107
-7.550013e-08	-0.02107
-7.350013e-08	-0.0211044
-7.150013e-08	-0.0211732
-6.950013e-08	-0.0215172
-6.750013e-08	-0.0211904
-6.550013e-08	-0.0211732
-6.350013e-08	-0.0208464
-6.150013e-08	-0.0209668
-5.950013e-08	-0.0210872
-5.750013e-08	-0.0210356
-5.550013e-08	-0.0208464
-5.350013e-08	-0.0204336
-5.150013e-08	-0.0202616
-4.950013e-08	-0.01978
-4.750013e-08	-0.0197456
-4.550013e-08	-0.0194016
-4.350013e-08	-0.0192468
-4.150013e-08	-0.0189888
-3.950013e-08	-0.018834
-3.750013e-08	-0.018576
-3.550013e-08	-0.018748
-3.350013e-08	-0.0186276
-3.150013e-08	-0.0187824
-2.950013e-08	-0.0186792
-2.750013e-08	-0.0183352
-2.550013e-08	-0.0179912
-2.350013e-08	-0.0176988
-2.150013e-08	-0.0175784
-1.950013e-08	-0.0176472
-1.750013e-08	-0.0175612
-1.550013e-08	-0.0176816
-1.350013e-08	-0.0175612
-1.150013e-08	-0.01763
-9.500128e-09	-0.0175784
-7.500128e-09	-0.0175956
-5.500128e-09	-0.0177504
-3.500128e-09	-0.0179396
-1.500128e-09	-0.0180772
4.998722e-10	-0.0181976
2.499872e-09	-0.0178708
4.499872e-09	-0.0178708
6.499872e-09	-0.0177848
8.499872e-09	-0.0175268
1.049987e-08	-0.0174236
1.249987e-08	-0.0176816
1.449987e-08	-0.0175784
1.649987e-08	-0.0174408
1.849987e-08	-0.0173548
2.049987e-08	-0.0174064
2.249987e-08	-0.0173376
2.449987e-08	-0.0175268
2.649987e-08	-0.0174064
2.849987e-08	-0.0175096
3.049987e-08	-0.0177504
3.249987e-08	-0.0178192
3.449987e-08	-0.0176816
3.649987e-08	-0.0175784
3.849987e-08	-0.0175612
4.049987e-08	-0.0179224
4.249987e-08	-0.0176988
4.449987e-08	-0.017544
4.649987e-08	-0.01763
4.849987e-08	-0.0178536
5.049987e-08	-0.0178192
5.249987e-08	-0.0175268
5.449987e-08	-0.0172688
5.649987e-08	-0.0174236
5.849987e-08	-0.0172516
6.049987e-08	-0.0174408
6.249987e-08	-0.0173548
6.449987e-08	-0.0173032
6.649987e-08	-0.0174236
6.849987e-08	-0.0174924
7.049987e-08	-0.0175784
7.249987e-08	-0.0175268
7.449987e-08	-0.0174924
7.649987e-08	-0.0176644
7.849987e-08	-0.0177332
8.049987e-08	-0.0176988
8.249987e-08	-0.0178364
8.449987e-08	-0.0178364
8.649987e-08	-0.0178192
8.849987e-08	-0.0181632
9.049987e-08	-0.017974
9.249987e-08	-0.018232
9.449987e-08	-0.0180256
9.649987e-08	-0.0181976
9.849987e-08	-0.0185072
1.004999e-07	-0.0186964
1.024999e-07	-0.0186964
1.044999e-07	-0.0185932
1.064999e-07	-0.0188168
1.084999e-07	-0.0189028
1.104999e-07	-0.0186276
1.124999e-07	-0.018834
1.144999e-07	-0.018834
1.164999e-07	-0.0191608
1.184999e-07	-0.0194016
1.204999e-07	-0.019694
1.224999e-07	-0.0196424
1.244999e-07	-0.0195908
1.264999e-07	-0.0194188
1.284999e-07	-0.01892
1.304999e-07	-0.018662
1.324999e-07	-0.0183352
1.344999e-07	-0.0179568
1.364999e-07	-0.0173548
1.384999e-07	-0.0157036
1.404999e-07	-0.0133988
1.424999e-07	-0.0112316
1.444999e-07	-0.0089956
1.464999e-07	-0.0065876
1.484999e-07	-0.0040764
1.504999e-07	-0.001806
1.524999e-07	8.6e-05
1.544999e-07	0.0021328
1.564999e-07	0.0039388
1.584999e-07	0.005418
1.604999e-07	0.0068112
1.624999e-07	0.0083764
1.644999e-07	0.0097352
1.664999e-07	0.0106468
1.684999e-07	0.0115756
1.704999e-07	0.0124184
1.724999e-07	0.0129688
1.744999e-07	0.0136568
1.764999e-07	0.0138632
1.784999e-07	0.0143276
1.804999e-07	0.0146028
1.824999e-07	0.014448
1.844999e-07	0.014362
1.864999e-07	0.0145512
1.884999e-07	0.014448
1.904999e-07	0.0149296
1.924999e-07	0.014792
1.944999e-07	0.0150156
1.964999e-07	0.0146544
1.984999e-07	0.014534
2.004999e-07	0.0138976
2.024999e-07	0.0136224
2.044999e-07	0.0131064
2.064999e-07	0.0128656
2.084999e-07	0.0125388
2.104999e-07	0.0120228
2.124999e-07	0.0117132
2.144999e-07	0.0111284
2.164999e-07	0.0105264
2.184999e-07	0.0099588
2.204999e-07	0.0094772
2.224999e-07	0.0087204
2.244999e-07	0.0077744
2.264999e-07	0.0073444
2.284999e-07	0.0068628
2.304999e-07	0.0063296
2.324999e-07	0.0058996
2.344999e-07	0.005504
2.364999e-07	0.0047644
2.384999e-07	0.0040936
2.404999e-07	0.0035604
2.424999e-07	0.0032852
2.444999e-07	0.0027004
2.464999e-07	0.0021844
2.484999e-07	0.0016684
2.504999e-07	0.001462
2.524999e-07	0.0009804
2.544999e-07	0.0006536
2.564999e-07	0.0003956
2.584999e-07	-3.44e-05
2.604999e-07	-0.0005504
2.624999e-07	-0.000774
2.644999e-07	-0.0009288
2.664999e-07	-0.0014792
2.684999e-07	-0.001806
2.704999e-07	-0.0020984
2.724999e-07	-0.00258
2.744999e-07	-0.0030788
2.764999e-07	-0.0037496
2.784999e-07	-0.0039904
2.804999e-07	-0.0046096
2.824999e-07	-0.0049536
2.844999e-07	-0.0052976
2.864999e-07	-0.0055212
2.884999e-07	-0.0058136
2.904999e-07	-0.0060372
2.924999e-07	-0.0063812
2.944999e-07	-0.0066048
2.964999e-07	-0.0068456
2.984999e-07	-0.0068972
3.004999e-07	-0.007138
3.024999e-07	-0.0075852
3.044999e-07	-0.0080324
3.064999e-07	-0.008342
3.084999e-07	-0.0085312
3.104999e-07	-0.008428
3.124999e-07	-0.0084796
3.144999e-07	-0.008342
3.164999e-07	-0.0084796
3.184999e-07	-0.0086516
3.204999e-07	-0.008858
3.224999e-07	-0.0089612
3.244999e-07	-0.0093912
3.264999e-07	-0.0095976
3.284999e-07	-0.0098728
3.304999e-07	-0.0096664
3.324999e-07	-0.0100792
3.344999e-07	-0.0101996
3.364999e-07	-0.0101652
3.384999e-07	-0.0101308
3.404999e-07	-0.0100448
3.424999e-07	-0.010148
3.444999e-07	-0.010406
3.464999e-07	-0.0106468
3.484999e-07	-0.010922
3.504999e-07	-0.0109564
3.524999e-07	-0.0115756
3.544999e-07	-0.011954
3.564999e-07	-0.0121948
3.584999e-07	-0.0124012
3.604999e-07	-0.0126248
3.624999e-07	-0.0129344
3.644999e-07	-0.0131064
3.664999e-07	-0.0131924
3.684999e-07	-0.0134332
3.704999e-07	-0.0138632
3.724999e-07	-0.0139836
3.744999e-07	-0.014018
3.764999e-07	-0.0139836
3.784999e-07	-0.0141384
3.804999e-07	-0.0142588
3.824999e-07	-0.014362
3.844999e-07	-0.0142932
3.864999e-07	-0.0141212
3.884999e-07	-0.0142416
3.904999e-07	-0.0141556
3.924999e-07	-0.0141212
3.944999e-07	-0.014362
3.964999e-07	-0.0144136
3.984999e-07	-0.0147232
4.004999e-07	-0.0146716
4.024999e-07	-0.0147748
4.044999e-07	-0.0150672
4.064999e-07	-0.015136
4.084999e-07	-0.0151704
4.104999e-07	-0.0152736
4.124999e-07	-0.0154456
4.144999e-07	-0.0155316
4.164999e-07	-0.0155144
4.184999e-07	-0.0155488
4.204999e-07	-0.0156348
4.224999e-07	-0.0157552
4.244999e-07	-0.0160132
4.264999e-07	-0.0159788
4.284999e-07	-0.015996
4.304999e-07	-0.0162712
4.324999e-07	-0.0160648
4.344999e-07	-0.0160992
4.364999e-07	-0.016254
4.384999e-07	-0.0161852
4.404999e-07	-0.0163056
4.424999e-07	-0.0162712
4.444999e-07	-0.0162884
4.464999e-07	-0.0163228
4.484999e-07	-0.0165808
4.504999e-07	-0.0166324
4.524999e-07	-0.0165464
4.544999e-07	-0.0164604
4.564999e-07	-0.0164776
4.584999e-07	-0.0160648
4.604999e-07	-0.0159788
4.624999e-07	-0.0158928
4.644999e-07	-0.0159616
4.664999e-07	-0.0160132
4.684999e-07	-0.0163572
4.704999e-07	-0.016254
4.724999e-07	-0.0162196
4.744999e-07	-0.016168
4.764999e-07	-0.016168
4.784999e-07	-0.0163572
4.804999e-07	-0.016426
4.824999e-07	-0.016168
4.844999e-07	-0.0164088
4.864999e-07	-0.0166496
4.884999e-07	-0.0166496
4.904999e-07	-0.016426
4.924999e-07	-0.0163916
4.944999e-07	-0.0164776
4.964999e-07	-0.0164604
4.984999e-07	-0.016512
5.004999e-07	-0.0168388
5.024999e-07	-0.0166668
5.044999e-07	-0.0168216
5.064999e-07	-0.0168388
5.084999e-07	-0.0169076
5.104999e-07	-0.0169076
5.124999e-07	-0.0166324
5.144999e-07	-0.016856
5.164999e-07	-0.0169248
5.184999e-07	-0.0168388
5.204999e-07	-0.016684
5.224999e-07	-0.0168904
5.244999e-07	-0.0170796
5.264999e-07	-0.0169076
5.284999e-07	-0.0168904
5.304999e-07	-0.0172
5.324999e-07	-0.017286
5.344999e-07	-0.0173892
5.364999e-07	-0.0173032
5.384999e-07	-0.0168904
5.404999e-07	-0.0170968
5.424999e-07	-0.0174408
5.444999e-07	-0.0175956
5.464999e-07	-0.0174408
5.484999e-07	-0.0173376
5.504999e-07	-0.0172
5.524999e-07	-0.0174752
5.544999e-07	-0.0175784
5.564999e-07	-0.0171484
5.584999e-07	-0.0169076
5.604999e-07	-0.0170624
5.624999e-07	-0.0174236
5.644999e-07	-0.0173032
5.664999e-07	-0.0171312
5.684999e-07	-0.0172516
5.704999e-07	-0.0172688
5.724999e-07	-0.0173892
5.744999e-07	-0.0170624
5.764999e-07	-0.0171828
5.784999e-07	-0.0174408
5.804999e-07	-0.0178192
5.824999e-07	-0.0176644
5.844999e-07	-0.0175956
5.864999e-07	-0.0177676
5.884999e-07	-0.0180428
5.904999e-07	-0.0175612
5.924999e-07	-0.0176644
5.944999e-07	-0.0176128
5.964999e-07	-0.0178364
5.984999e-07	-0.017974
6.004999e-07	-0.0179052
6.024999e-07	-0.0182664
6.044999e-07	-0.0183008
6.064999e-07	-0.0186276
6.084999e-07	-0.0187308
6.104999e-07	-0.0187308
6.124999e-07	-0.018576
6.144999e-07	-0.018404
6.164999e-07	-0.0185244
6.184999e-07	-0.01849
6.204999e-07	-0.0186448
6.224999e-07	-0.0185932
6.244999e-07	-0.0185588
6.264999e-07	-0.0187136
6.284999e-07	-0.0188856
6.304999e-07	-0.0190232
6.324999e-07	-0.0191436
6.344999e-07	-0.0191608
6.364999e-07	-0.0191092
6.384999e-07	-0.0192296
6.404999e-07	-0.0191092
6.424999e-07	-0.019178
6.444999e-07	-0.0191092
6.464999e-07	-0.019436
6.484999e-07	-0.0192296
6.504999e-07	-0.0192124
6.524999e-07	-0.0191436
6.544999e-07	-0.0189888
6.564999e-07	-0.0192468
6.584999e-07	-0.0197628
6.604999e-07	-0.0197456
6.624999e-07	-0.0197112
6.644999e-07	-0.0197284
6.664999e-07	-0.0197628
6.684999e-07	-0.019866
6.704999e-07	-0.020038
6.724999e-07	-0.0199692
6.744999e-07	-0.0200896
6.764999e-07	-0.020124
6.784999e-07	-0.0201412
6.804999e-07	-0.020296
6.824999e-07	-0.0203476
6.844999e-07	-0.02021
6.864999e-07	-0.0201584
6.884999e-07	-0.020038
6.904999e-07	-0.0200896
6.924999e-07	-0.0200208
6.944999e-07	-0.0200552
6.964999e-07	-0.0199004
6.984999e-07	-0.0198488
7.004999e-07	-0.019952
7.024999e-07	-0.0201412
7.044999e-07	-0.020124
7.064999e-07	-0.0199864
7.084999e-07	-0.0199864
7.104999e-07	-0.020038
7.124999e-07	-0.0199864
7.144999e-07	-0.019866
7.164999e-07	-0.019522
7.184999e-07	-0.0195048
7.204999e-07	-0.019522
7.224999e-07	-0.0196596
7.244999e-07	-0.0195564
7.264999e-07	-0.0196596
7.284999e-07	-0.0198144
7.304999e-07	-0.0198832
7.324999e-07	-0.0196424
7.344999e-07	-0.0194876
7.364999e-07	-0.0194704
7.384999e-07	-0.0196768
7.404999e-07	-0.019866
7.424999e-07	-0.0197972
7.444999e-07	-0.019694
7.464999e-07	-0.01978
7.484999e-07	-0.0199176
7.504999e-07	-0.020038
7.524999e-07	-0.0199004
7.544999e-07	-0.0200552
7.564999e-07	-0.01978
7.584999e-07	-0.019866
7.604999e-07	-0.019952
7.624999e-07	-0.0202788
7.644999e-07	-0.0204164
7.664999e-07	-0.0202788
7.684999e-07	-0.020296
7.704999e-07	-0.0204508
7.724999e-07	-0.0206916
7.744999e-07	-0.0208292
7.764999e-07	-0.0210872
7.784999e-07	-0.0213968
7.804999e-07	-0.0214312
7.824999e-07	-0.021414
7.844999e-07	-0.0212076
7.864999e-07	-0.0212592
7.884999e-07	-0.021414
7.904999e-07	-0.0213796
7.924999e-07	-0.0213968
7.944999e-07	-0.0215172
7.964999e-07	-0.0212592
7.984999e-07	-0.0209152
8.004999e-07	-0.0210184
8.024999e-07	-0.0212076
8.044999e-07	-0.0215172
8.064999e-07	-0.0213452
8.084999e-07	-0.0213452
8.104999e-07	-0.02107
8.124999e-07	-0.0212764
8.144999e-07	-0.021414
8.164999e-07	-0.0212248
8.184999e-07	-0.0216892
8.204999e-07	-0.0213624
8.224999e-07	-0.0214828
8.244999e-07	-0.0213968
8.264999e-07	-0.0212764
8.284999e-07	-0.0212076
8.304999e-07	-0.0215172
8.324999e-07	-0.0214656
8.344999e-07	-0.0214312
8.364999e-07	-0.0211388
8.384999e-07	-0.021328
8.404999e-07	-0.021586
8.424999e-07	-0.0215688
8.444999e-07	-0.0216548
8.464999e-07	-0.0215172
8.484999e-07	-0.0214656
8.504999e-07	-0.0215344
8.524999e-07	-0.0216892
8.544999e-07	-0.0215172
8.564999e-07	-0.0216032
8.584999e-07	-0.021672
8.604999e-07	-0.0214656
8.624999e-07	-0.0213452
8.644999e-07	-0.0214484
8.664999e-07	-0.0215
8.684999e-07	-0.0215
8.704999e-07	-0.0220332
8.724999e-07	-0.022016
8.744999e-07	-0.0223256
8.764999e-07	-0.0220332
8.784999e-07	-0.021844
8.804999e-07	-0.0218784
8.824999e-07	-0.02193
8.844999e-07	-0.0219644
8.864999e-07	-0.0219988
8.884999e-07	-0.0219128
8.904999e-07	-0.0217924
8.924999e-07	-0.0219472
8.944999e-07	-0.0218956
8.964999e-07	-0.0218268
8.984999e-07	-0.022016
9.004999e-07	-0.0219988
9.024999e-07	-0.0216892
9.044999e-07	-0.021844
9.064999e-07	-0.0217064
9.084999e-07	-0.02107
9.104999e-07	-0.0208292
9.124999e-07	-0.0212764
9.144999e-07	-0.021586
9.164999e-07	-0.0218096
9.184999e-07	-0.0215516
9.204999e-07	-0.0212076
9.224999e-07	-0.021242
9.244999e-07	-0.021672
9.264999e-07	-0.022102
9.284999e-07	-0.0217752
9.304999e-07	-0.0219644
9.324999e-07	-0.0221364
9.344999e-07	-0.0222912
9.364999e-07	-0.0222224
9.384999e-07	-0.0222224
9.404999e-07	-0.02236
9.424999e-07	-0.022532
9.444999e-07	-0.0227728
9.464999e-07	-0.022446
9.484999e-07	-0.0226008
9.504999e-07	-0.0228932
9.524999e-07	-0.0231512
9.544999e-07	-0.0236156
9.564999e-07	-0.023478
9.584999e-07	-0.0235124
9.604999e-07	-0.0231684
9.624999e-07	-0.022962
9.644999e-07	-0.023048
9.664999e-07	-0.022704
9.684999e-07	-0.0226352
9.704999e-07	-0.0224632
9.724999e-07	-0.0222224
9.744999e-07	-0.0222224
9.764999e-07	-0.0221364
9.784999e-07	-0.0217064
9.804999e-07	-0.0214312
9.824999e-07	-0.0211732
9.844999e-07	-0.0211732
9.864999e-07	-0.0211044
9.884999e-07	-0.0209668
9.904999e-07	-0.0208636
9.924999e-07	-0.0206744
9.944999e-07	-0.0207948
9.964999e-07	-0.020898
9.984999e-07	-0.020726
1.0005e-06	-0.0206572
1.0025e-06	-0.0205196
1.0045e-06	-0.0206572
1.0065e-06	-0.020554
1.0085e-06	-0.0206056
1.0105e-06	-0.0203992
1.0125e-06	-0.0202444
1.0145e-06	-0.020382
1.0165e-06	-0.0207088
1.0185e-06	-0.020812
1.0205e-06	-0.0207776
1.0225e-06	-0.020554
1.0245e-06	-0.0207432
1.0265e-06	-0.0207604
1.0285e-06	-0.020468
1.0305e-06	-0.0203476
1.0325e-06	-0.0201068
1.0345e-06	-0.0200208
1.0365e-06	-0.0200036
1.0385e-06	-0.0200036
1.0405e-06	-0.0199348
1.0425e-06	-0.0199176
1.0445e-06	-0.020038
1.0465e-06	-0.01978
1.0485e-06	-0.0198832
1.0505e-06	-0.0203476
1.0525e-06	-0.0204164
1.0545e-06	-0.0204508
1.0565e-06	-0.020812
1.0585e-06	-0.02107
1.0605e-06	-0.0210012
1.0625e-06	-0.0209152
1.0645e-06	-0.020726
1.0665e-06	-0.0202272
1.0685e-06	-0.0202616
1.0705e-06	-0.0201584
1.0725e-06	-0.0200896
1.0745e-06	-0.0203476
1.0765e-06	-0.0204164
1.0785e-06	-0.0203648
1.0805e-06	-0.0205712
1.0825e-06	-0.0208464
1.0845e-06	-0.0210184
1.0865e-06	-0.0211732
1.0885e-06	-0.0211904
1.0905e-06	-0.0210184
1.0925e-06	-0.0209668
1.0945e-06	-0.0212076
1.0965e-06	-0.0209668
1.0985e-06	-0.0207604
1.1005e-06	-0.0207432
1.1025e-06	-0.0203648
1.1045e-06	-0.02021
1.1065e-06	-0.0199864
1.1085e-06	-0.0199692
1.1105e-06	-0.019866
1.1125e-06	-0.0197972
1.1145e-06	-0.0198488
1.1165e-06	-0.0200036
1.1185e-06	-0.020038
1.1205e-06	-0.0201756
1.1225e-06	-0.0202272
1.1245e-06	-0.0201412
1.1265e-06	-0.0201412
1.1285e-06	-0.019952
1.1305e-06	-0.019866
1.1325e-06	-0.019608
1.1345e-06	-0.0198144
1.1365e-06	-0.019866
1.1385e-06	-0.0200552
1.1405e-06	-0.020124
1.1425e-06	-0.0199004
1.1445e-06	-0.0200896
1.1465e-06	-0.02021
1.1485e-06	-0.0203132
1.1505e-06	-0.0203992
1.1525e-06	-0.0201068
1.1545e-06	-0.0202444
1.1565e-06	-0.0202272
1.1585e-06	-0.020554
1.1605e-06	-0.0204508
1.1625e-06	-0.0204852
1.1645e-06	-0.0206744
1.1665e-06	-0.0207776
1.1685e-06	-0.0209324
1.1705e-06	-0.0210528
1.1725e-06	-0.0209152
1.1745e-06	-0.020812
1.1765e-06	-0.0208636
1.1785e-06	-0.0207776
1.1805e-06	-0.02064
1.1825e-06	-0.0205884
1.1845e-06	-0.0203648
1.1865e-06	-0.0203132
1.1885e-06	-0.0206572
1.1905e-06	-0.020296
1.1925e-06	-0.0197972
1.1945e-06	-0.0197628
1.1965e-06	-0.0193328
1.1985e-06	-0.019264
1.2005e-06	-0.0192296
1.2025e-06	-0.019264
1.2045e-06	-0.019178
1.2065e-06	-0.0194704
1.2085e-06	-0.0195392
1.2105e-06	-0.019092
1.2125e-06	-0.01892
1.2145e-06	-0.0191092
1.2165e-06	-0.0191092
1.2185e-06	-0.0192296
1.2205e-06	-0.0195048
1.2225e-06	-0.019436
1.2245e-06	-0.0193328
1.2265e-06	-0.0190232
1.2285e-06	-0.0192812
1.2305e-06	-0.0191952
1.2325e-06	-0.0191436
1.2345e-06	-0.0190404
1.2365e-06	-0.0192812
1.2385e-06	-0.0193156
1.2405e-06	-0.01935
1.2425e-06	-0.0190232
1.2445e-06	-0.0190404
1.2465e-06	-0.0190748
1.2485e-06	-0.019006
1.2505e-06	-0.0191092
1.2525e-06	-0.0190232
1.2545e-06	-0.0189372
1.2565e-06	-0.0191952
1.2585e-06	-0.0191952
1.2605e-06	-0.0193328
1.2625e-06	-0.0192984
1.2645e-06	-0.0195564
1.2665e-06	-0.0196768
1.2685e-06	-0.019608
1.2705e-06	-0.019694
1.2725e-06	-0.0199348
1.2745e-06	-0.0198488
1.2765e-06	-0.0197628
1.2785e-06	-0.0194532
1.2805e-06	-0.0194188
1.2825e-06	-0.0196252
1.2845e-06	-0.0195736
1.2865e-06	-0.0194876
1.2885e-06	-0.0195048
1.2905e-06	-0.0193844
1.2925e-06	-0.0193156
1.2945e-06	-0.019264
1.2965e-06	-0.0192812
1.2985e-06	-0.0192812
1.3005e-06	-0.0191436
1.3025e-06	-0.0191436
1.3045e-06	-0.0193844
1.3065e-06	-0.0194532
1.3085e-06	-0.0195392
1.3105e-06	-0.0195392
1.3125e-06	-0.0195736
1.3145e-06	-0.0199176
1.3165e-06	-0.0200552
1.3185e-06	-0.0200552
1.3205e-06	-0.0199692
1.3225e-06	-0.01978
1.3245e-06	-0.0197112
1.3265e-06	-0.0198488
1.3285e-06	-0.0200208
1.3305e-06	-0.0198144
1.3325e-06	-0.0197284
1.3345e-06	-0.0195908
1.3365e-06	-0.019608
1.3385e-06	-0.0193328
1.3405e-06	-0.019436
1.3425e-06	-0.0191436
1.3445e-06	-0.019264
1.3465e-06	-0.0191092
1.3485e-06	-0.0190576
1.3505e-06	-0.0187308
1.3525e-06	-0.0188168
1.3545e-06	-0.0186792
1.3565e-06	-0.018576
1.3585e-06	-0.0184212
1.3605e-06	-0.0184728
1.3625e-06	-0.0185072
1.3645e-06	-0.0188168
1.3665e-06	-0.0184212
1.3685e-06	-0.0184556
1.3705e-06	-0.0184556
1.3725e-06	-0.0185588
1.3745e-06	-0.0181288
1.3765e-06	-0.0181116
1.3785e-06	-0.018232
1.3805e-06	-0.0183352
1.3825e-06	-0.018318
1.3845e-06	-0.0181804
1.3865e-06	-0.0180428
1.3885e-06	-0.0179052
1.3905e-06	-0.017716
1.3925e-06	-0.0176988
1.3945e-06	-0.0176472
1.3965e-06	-0.0174924
1.3985e-06	-0.0172172
1.4005e-06	-0.0172516
1.4025e-06	-0.0173032
1.4045e-06	-0.0175268
1.4065e-06	-0.0170968
1.4085e-06	-0.0171312
1.4105e-06	-0.0172688
1.4125e-06	-0.0175956
1.4145e-06	-0.0175784
1.4165e-06	-0.0175612
1.4185e-06	-0.017544
1.4205e-06	-0.0177676
1.4225e-06	-0.0178708
1.4245e-06	-0.0182836
1.4265e-06	-0.0183352
1.4285e-06	-0.018662
1.4305e-06	-0.018576
1.4325e-06	-0.0183524
1.4345e-06	-0.01849
1.4365e-06	-0.0187996
1.4385e-06	-0.0189372
1.4405e-06	-0.019264
1.4425e-06	-0.019522
1.4445e-06	-0.0197628
1.4465e-06	-0.0198144
1.4485e-06	-0.0197972
1.4505e-06	-0.0197456
1.4525e-06	-0.0199864
1.4545e-06	-0.0200208
1.4565e-06	-0.0199176
1.4585e-06	-0.0198488
1.4605e-06	-0.0197456
1.4625e-06	-0.0199692
1.4645e-06	-0.0201412
1.4665e-06	-0.0201928
1.4685e-06	-0.020296
1.4705e-06	-0.0204164
1.4725e-06	-0.0206744
1.4745e-06	-0.020726
1.4765e-06	-0.020812
1.4785e-06	-0.020984
1.4805e-06	-0.0209324
1.4825e-06	-0.0208808
1.4845e-06	-0.0206572
1.4865e-06	-0.0203648
1.4885e-06	-0.0204164
1.4905e-06	-0.0204336
1.4925e-06	-0.020898
1.4945e-06	-0.0211388
1.4965e-06	-0.0207948
1.4985e-06	-0.0208464
1.5005e-06	-0.020554
1.5025e-06	-0.0203648
1.5045e-06	-0.0202444
1.5065e-06	-0.019952
1.5085e-06	-0.0202616
1.5105e-06	-0.0201584
1.5125e-06	-0.0199348
1.5145e-06	-0.019866
1.5165e-06	-0.020124
1.5185e-06	-0.0200036
1.5205e-06	-0.0199176
1.5225e-06	-0.0201928
1.5245e-06	-0.0203132
1.5265e-06	-0.0203648
1.5285e-06	-0.0204164
1.5305e-06	-0.0204336
1.5325e-06	-0.0202788
1.5345e-06	-0.0202272
1.5365e-06	-0.0206744
1.5385e-06	-0.0208292
1.5405e-06	-0.0210356
1.5425e-06	-0.0208636
1.5445e-06	-0.0206744
1.5465e-06	-0.0206572
1.5485e-06	-0.0206916
1.5505e-06	-0.020898
1.5525e-06	-0.021242
1.5545e-06	-0.0212076
1.5565e-06	-0.0212248
1.5585e-06	-0.0211388
1.5605e-06	-0.021156
1.5625e-06	-0.021156
1.5645e-06	-0.021414
1.5665e-06	-0.0212764
1.5685e-06	-0.0211732
1.5705e-06	-0.0213796
1.5725e-06	-0.0215516
1.5745e-06	-0.0214828
1.5765e-06	-0.0216548
1.5785e-06	-0.021758
1.5805e-06	-0.0219128
1.5825e-06	-0.0216204
1.5845e-06	-0.021672
1.5865e-06	-0.0215516
1.5885e-06	-0.0217408
1.5905e-06	-0.0216032
1.5925e-06	-0.0213452
1.5945e-06	-0.0212936
1.5965e-06	-0.0211904
1.5985e-06	-0.0212248
1.6005e-06	-0.0211388
1.6025e-06	-0.0207604
1.6045e-06	-0.0206916
1.6065e-06	-0.0206572
1.6085e-06	-0.0203132
1.6105e-06	-0.0202272
1.6125e-06	-0.0201412
1.6145e-06	-0.0201928
1.6165e-06	-0.0199348
1.6185e-06	-0.0197972
1.6205e-06	-0.0196768
1.6225e-06	-0.0197112
1.6245e-06	-0.01978
1.6265e-06	-0.0198144
1.6285e-06	-0.0197112
1.6305e-06	-0.0196252
1.6325e-06	-0.0195908
1.6345e-06	-0.0191092
1.6365e-06	-0.0191952
1.6385e-06	-0.019092
1.6405e-06	-0.0186792
1.6425e-06	-0.0181976
1.6445e-06	-0.0185588
1.6465e-06	-0.0187824
1.6485e-06	-0.0186792
1.6505e-06	-0.0186792
1.6525e-06	-0.018662
1.6545e-06	-0.018404
1.6565e-06	-0.0183352
1.6585e-06	-0.0183524
1.6605e-06	-0.0181804
1.6625e-06	-0.0180772
1.6645e-06	-0.0178364
1.6665e-06	-0.0176472
1.6685e-06	-0.0176988
1.6705e-06	-0.0174064
1.6725e-06	-0.0172344
1.6745e-06	-0.0169248
1.6765e-06	-0.0173376
1.6785e-06	-0.0174236
1.6805e-06	-0.0175956
1.6825e-06	-0.0176644
1.6845e-06	-0.017286
1.6865e-06	-0.0171656
1.6885e-06	-0.0168904
1.6905e-06	-0.0169248
1.6925e-06	-0.0169592
1.6945e-06	-0.016856
1.6965e-06	-0.0168216
1.6985e-06	-0.0167184
1.7005e-06	-0.0168044
1.7025e-06	-0.01677
1.7045e-06	-0.0165464
1.7065e-06	-0.016168
1.7085e-06	-0.0163228
1.7105e-06	-0.0160992
1.7125e-06	-0.0160648
1.7145e-06	-0.016168
1.7165e-06	-0.0164948
1.7185e-06	-0.0166496
1.7205e-06	-0.0169248
1.7225e-06	-0.0170624
1.7245e-06	-0.0167528
1.7265e-06	-0.0163744
1.7285e-06	-0.0162368
1.7305e-06	-0.0162196
1.7325e-06	-0.015652
1.7345e-06	-0.015652
1.7365e-06	-0.0156348
1.7385e-06	-0.0156864
1.7405e-06	-0.0159616
1.7425e-06	-0.0160476
1.7445e-06	-0.0163572
1.7465e-06	-0.0162368
1.7485e-06	-0.0163744
1.7505e-06	-0.0163572
1.7525e-06	-0.0160648
1.7545e-06	-0.0160304
1.7565e-06	-0.01634
1.7585e-06	-0.0165636
1.7605e-06	-0.0170968
1.7625e-06	-0.0168044
1.7645e-06	-0.0170624
1.7665e-06	-0.0169076
1.7685e-06	-0.0169592
1.7705e-06	-0.0170108
1.7725e-06	-0.017286
1.7745e-06	-0.0171828
1.7765e-06	-0.017028
1.7785e-06	-0.0172344
1.7805e-06	-0.0175096
1.7825e-06	-0.0175956
1.7845e-06	-0.0179052
1.7865e-06	-0.0178708
1.7885e-06	-0.017974
1.7905e-06	-0.017716
1.7925e-06	-0.0176988
1.7945e-06	-0.0176128
1.7965e-06	-0.0176816
1.7985e-06	-0.0177332
1.8005e-06	-0.0176644
1.8025e-06	-0.0172516
1.8045e-06	-0.0175784
1.8065e-06	-0.017372
1.8085e-06	-0.0177676
1.8105e-06	-0.01806
1.8125e-06	-0.0185416
1.8145e-06	-0.0186964
1.8165e-06	-0.018748
1.8185e-06	-0.0186448
1.8205e-06	-0.0189544
1.8225e-06	-0.019006
1.8245e-06	-0.0188856
1.8265e-06	-0.0186276
1.8285e-06	-0.0186964
1.8305e-06	-0.0187136
1.8325e-06	-0.0187652
1.8345e-06	-0.0186104
1.8365e-06	-0.0184212
1.8385e-06	-0.0185072
1.8405e-06	-0.0189544
1.8425e-06	-0.018834
1.8445e-06	-0.0189372
1.8465e-06	-0.0188168
1.8485e-06	-0.019006
1.8505e-06	-0.0187996
1.8525e-06	-0.018834
1.8545e-06	-0.0189716
1.8565e-06	-0.01892
1.8585e-06	-0.0186276
1.8605e-06	-0.0188856
1.8625e-06	-0.0189888
1.8645e-06	-0.0193156
1.8665e-06	-0.0194704
1.8685e-06	-0.0191092
1.8705e-06	-0.019006
1.8725e-06	-0.0192296
1.8745e-06	-0.0192296
1.8765e-06	-0.0188512
1.8785e-06	-0.0181632
1.8805e-06	-0.0179912
1.8825e-06	-0.0180084
1.8845e-06	-0.0181976
1.8865e-06	-0.0179912
1.8885e-06	-0.0180772
1.8905e-06	-0.0179912
1.8925e-06	-0.0180256
1.8945e-06	-0.0178364
1.8965e-06	-0.017716
1.8985e-06	-0.0174236
1.9005e-06	-0.0174236
1.9025e-06	-0.017544
1.9045e-06	-0.0177848
1.9065e-06	-0.0178364
1.9085e-06	-0.0180084
1.9105e-06	-0.018576
1.9125e-06	-0.0185588
1.9145e-06	-0.0185588
1.9165e-06	-0.0184556
1.9185e-06	-0.0183696
1.9205e-06	-0.0184212
1.9225e-06	-0.0184556
1.9245e-06	-0.01849
1.9265e-06	-0.0183352
1.9285e-06	-0.0181288
1.9305e-06	-0.0179224
1.9325e-06	-0.017888
1.9345e-06	-0.0183696
1.9365e-06	-0.0185072
1.9385e-06	-0.0185072
1.9405e-06	-0.0183352
1.9425e-06	-0.0182148
1.9445e-06	-0.0182492
1.9465e-06	-0.0186104
1.9485e-06	-0.018834
1.9505e-06	-0.0189716
1.9525e-06	-0.0191608
1.9545e-06	-0.01935
1.9565e-06	-0.0197628
1.9585e-06	-0.0196596
1.9605e-06	-0.019608
1.9625e-06	-0.0199692
1.9645e-06	-0.0198832
1.9665e-06	-0.0196596
1.9685e-06	-0.01935
1.9705e-06	-0.0190404
1.9725e-06	-0.019264
1.9745e-06	-0.0192812
1.9765e-06	-0.0190404
1.9785e-06	-0.0188684
1.9805e-06	-0.019092
1.9825e-06	-0.0192296
1.9845e-06	-0.0192812
1.9865e-06	-0.0191264
1.9885e-06	-0.0193156
1.9905e-06	-0.0192812
1.9925e-06	-0.0191952
1.9945e-06	-0.0192984
1.9965e-06	-0.0191952
1.9985e-06	-0.0189716
2.0005e-06	-0.0189372
2.0025e-06	-0.0187824
2.0045e-06	-0.0187824
2.0065e-06	-0.01892
2.0085e-06	-0.0192124
2.0105e-06	-0.0187652
2.0125e-06	-0.0189544
2.0145e-06	-0.0188856
2.0165e-06	-0.0191264
2.0185e-06	-0.019264
2.0205e-06	-0.0192468
2.0225e-06	-0.019264
2.0245e-06	-0.0193672
2.0265e-06	-0.0191264
2.0285e-06	-0.019178
2.0305e-06	-0.0192124
2.0325e-06	-0.0192984
2.0345e-06	-0.0196596
2.0365e-06	-0.01978
2.0385e-06	-0.0193672
2.0405e-06	-0.0192468
2.0425e-06	-0.0191952
2.0445e-06	-0.0189028
2.0465e-06	-0.0186964
2.0485e-06	-0.0183696
2.0505e-06	-0.0183524
2.0525e-06	-0.0182664
2.0545e-06	-0.018404
2.0565e-06	-0.0181288
2.0585e-06	-0.0176472
2.0605e-06	-0.0174236
2.0625e-06	-0.017114
2.0645e-06	-0.016684
2.0665e-06	-0.016684
2.0685e-06	-0.0165808
2.0705e-06	-0.0162368
2.0725e-06	-0.0159444
2.0745e-06	-0.0157552
2.0765e-06	-0.0153596
2.0785e-06	-0.015222
2.0805e-06	-0.0152392
2.0825e-06	-0.014964
2.0845e-06	-0.0152392
2.0865e-06	-0.0152564
2.0885e-06	-0.015136
2.0905e-06	-0.014964
2.0925e-06	-0.0152564
2.0945e-06	-0.0153252
2.0965e-06	-0.015394
2.0985e-06	-0.0156864
2.1005e-06	-0.0157208
2.1025e-06	-0.0156864
2.1045e-06	-0.0160476
2.1065e-06	-0.016082
2.1085e-06	-0.016082
2.1105e-06	-0.016082
2.1125e-06	-0.016254
2.1145e-06	-0.0162196
2.1165e-06	-0.0164088
2.1185e-06	-0.0166496
2.1205e-06	-0.0168732
2.1225e-06	-0.0169248
2.1245e-06	-0.0174408
2.1265e-06	-0.0175096
2.1285e-06	-0.0174924
2.1305e-06	-0.017372
2.1325e-06	-0.017372
2.1345e-06	-0.0172
2.1365e-06	-0.0174064
2.1385e-06	-0.0174064
2.1405e-06	-0.017372
2.1425e-06	-0.017458
2.1445e-06	-0.01763
2.1465e-06	-0.017544
2.1485e-06	-0.0175784
2.1505e-06	-0.017544
2.1525e-06	-0.0175268
2.1545e-06	-0.01763
2.1565e-06	-0.0178364
2.1585e-06	-0.0176128
2.1605e-06	-0.0175784
2.1625e-06	-0.0176472
2.1645e-06	-0.0176988
2.1665e-06	-0.0175784
2.1685e-06	-0.0174924
2.1705e-06	-0.0175096
2.1725e-06	-0.0178536
2.1745e-06	-0.0178192
2.1765e-06	-0.0179052
2.1785e-06	-0.017802
2.1805e-06	-0.0179224
2.1825e-06	-0.0179568
2.1845e-06	-0.0181632
2.1865e-06	-0.0182664
2.1885e-06	-0.0187308
2.1905e-06	-0.0184212
2.1925e-06	-0.0183696
2.1945e-06	-0.0181976
2.1965e-06	-0.0182492
2.1985e-06	-0.0176644
2.2005e-06	-0.0181288
2.2025e-06	-0.0180428
2.2045e-06	-0.018232
2.2065e-06	-0.01806
2.2085e-06	-0.0178708
2.2105e-06	-0.01763
2.2125e-06	-0.0178708
2.2145e-06	-0.0178708
2.2165e-06	-0.0181632
2.2185e-06	-0.0180772
2.2205e-06	-0.0183868
2.2225e-06	-0.018318
2.2245e-06	-0.0186276
2.2265e-06	-0.0186276
2.2285e-06	-0.0187308
2.2305e-06	-0.0189888
2.2325e-06	-0.0191608
2.2345e-06	-0.0192296
2.2365e-06	-0.019608
2.2385e-06	-0.019608
2.2405e-06	-0.0192124
2.2425e-06	-0.0193672
2.2445e-06	-0.0196768
2.2465e-06	-0.0195736
2.2485e-06	-0.0192812
2.2505e-06	-0.0190576
2.2525e-06	-0.0192124
2.2545e-06	-0.019436
2.2565e-06	-0.0195048
2.2585e-06	-0.0195392
2.2605e-06	-0.0193672
2.2625e-06	-0.0194188
2.2645e-06	-0.0197284
2.2665e-06	-0.019866
2.2685e-06	-0.01978
2.2705e-06	-0.0196596
2.2725e-06	-0.0195564
2.2745e-06	-0.019436
2.2765e-06	-0.0194704
2.2785e-06	-0.0190232
2.2805e-06	-0.018748
2.2825e-06	-0.0189028
2.2845e-06	-0.0187996
2.2865e-06	-0.0187652
2.2885e-06	-0.0189888
2.2905e-06	-0.0190404
2.2925e-06	-0.0189372
2.2945e-06	-0.019006
2.2965e-06	-0.0189716
2.2985e-06	-0.018834
2.3005e-06	-0.0188512
2.3025e-06	-0.0187824
2.3045e-06	-0.0188512
2.3065e-06	-0.0187824
2.3085e-06	-0.0186104
2.3105e-06	-0.0185244
2.3125e-06	-0.0185588
2.3145e-06	-0.0187136
2.3165e-06	-0.0189028
2.3185e-06	-0.018748
2.3205e-06	-0.0190232
2.3225e-06	-0.0190232
2.3245e-06	-0.0192296
2.3265e-06	-0.0194016
2.3285e-06	-0.0195736
2.3305e-06	-0.0198832
2.3325e-06	-0.0199348
2.3345e-06	-0.0199176
2.3365e-06	-0.0197972
2.3385e-06	-0.019694
2.3405e-06	-0.0197628
2.3425e-06	-0.0199864
2.3445e-06	-0.0202272
2.3465e-06	-0.020296
2.3485e-06	-0.0201584
2.3505e-06	-0.0197456
2.3525e-06	-0.0196252
2.3545e-06	-0.01978
2.3565e-06	-0.0201584
2.3585e-06	-0.0202788
2.3605e-06	-0.0204852
2.3625e-06	-0.0207776
2.3645e-06	-0.0208808
2.3665e-06	-0.020726
2.3685e-06	-0.02064
2.3705e-06	-0.0206572
2.3725e-06	-0.0206916
2.3745e-06	-0.0206056
2.3765e-06	-0.0204852
2.3785e-06	-0.0202616
2.3805e-06	-0.0202788
2.3825e-06	-0.0201412
2.3845e-06	-0.0199864
2.3865e-06	-0.019694
2.3885e-06	-0.0196424
2.3905e-06	-0.0196596
2.3925e-06	-0.0195908
2.3945e-06	-0.0196768
2.3965e-06	-0.0194704
2.3985e-06	-0.0194188
2.4005e-06	-0.0192984
2.4025e-06	-0.0189028
2.4045e-06	-0.01892
2.4065e-06	-0.0189028
2.4085e-06	-0.0191092
2.4105e-06	-0.0189716
2.4125e-06	-0.0189888
2.4145e-06	-0.0187136
2.4165e-06	-0.0185416
2.4185e-06	-0.0187824
2.4205e-06	-0.0187308
2.4225e-06	-0.0185244
2.4245e-06	-0.0182148
2.4265e-06	-0.017888
2.4285e-06	-0.0181288
2.4305e-06	-0.0181288
2.4325e-06	-0.0184384
2.4345e-06	-0.0181804
2.4365e-06	-0.0182148
2.4385e-06	-0.0181976
2.4405e-06	-0.0181976
2.4425e-06	-0.0180772
2.4445e-06	-0.0181288
2.4465e-06	-0.0178708
2.4485e-06	-0.0177848
2.4505e-06	-0.0176472
2.4525e-06	-0.0175268
2.4545e-06	-0.0173548
2.4565e-06	-0.0173548
2.4585e-06	-0.0169592
2.4605e-06	-0.0170452
2.4625e-06	-0.0168388
2.4645e-06	-0.0169592
2.4665e-06	-0.016856
2.4685e-06	-0.017114
2.4705e-06	-0.0168388
2.4725e-06	-0.016942
2.4745e-06	-0.0166324
2.4765e-06	-0.0169936
2.4785e-06	-0.017114
2.4805e-06	-0.0168732
2.4825e-06	-0.01677
2.4845e-06	-0.0169592
2.4865e-06	-0.0173204
2.4885e-06	-0.0173892
2.4905e-06	-0.0174236
2.4925e-06	-0.0178364
2.4945e-06	-0.0181976
2.4965e-06	-0.0185588
2.4985e-06	-0.0186276
2.5005e-06	-0.018662
