LECROYHDO6104A	50809	Waveform
Segments	1	SegmentSize	2502
Segment	TrigTime	TimeSinceSegment1
#1	19-Dec-2022 19:46:10	0                 
Time	Ampl
-2.50031e-06	-0.021264
-2.49831e-06	-0.02176
-2.49631e-06	-0.021388
-2.49431e-06	-0.021264
-2.49231e-06	-0.021388
-2.49031e-06	-0.021512
-2.48831e-06	-0.02114
-2.48631e-06	-0.021636
-2.48431e-06	-0.021636
-2.48231e-06	-0.021264
-2.48031e-06	-0.021512
-2.47831e-06	-0.021264
-2.47631e-06	-0.02176
-2.47431e-06	-0.021636
-2.47231e-06	-0.021016
-2.47031e-06	-0.021636
-2.46831e-06	-0.021264
-2.46631e-06	-0.021512
-2.46431e-06	-0.021512
-2.46231e-06	-0.021264
-2.46031e-06	-0.021884
-2.45831e-06	-0.022008
-2.45631e-06	-0.021884
-2.45431e-06	-0.022008
-2.45231e-06	-0.021388
-2.45031e-06	-0.021884
-2.44831e-06	-0.02176
-2.44631e-06	-0.02238
-2.44431e-06	-0.022008
-2.44231e-06	-0.022008
-2.44031e-06	-0.021636
-2.43831e-06	-0.021264
-2.43631e-06	-0.022132
-2.43431e-06	-0.021264
-2.43231e-06	-0.02114
-2.43031e-06	-0.02114
-2.42831e-06	-0.021264
-2.42631e-06	-0.02114
-2.42431e-06	-0.021264
-2.42231e-06	-0.021264
-2.42031e-06	-0.020768
-2.41831e-06	-0.02176
-2.41631e-06	-0.021264
-2.41431e-06	-0.021636
-2.41231e-06	-0.021388
-2.41031e-06	-0.021512
-2.40831e-06	-0.02114
-2.40631e-06	-0.021512
-2.40431e-06	-0.020892
-2.40231e-06	-0.02114
-2.40031e-06	-0.020768
-2.39831e-06	-0.02052
-2.39631e-06	-0.020768
-2.39431e-06	-0.021016
-2.39231e-06	-0.02114
-2.39031e-06	-0.021016
-2.38831e-06	-0.021636
-2.38631e-06	-0.02114
-2.38431e-06	-0.021016
-2.38231e-06	-0.020892
-2.38031e-06	-0.02176
-2.37831e-06	-0.021512
-2.37631e-06	-0.021636
-2.37431e-06	-0.021636
-2.37231e-06	-0.021884
-2.37031e-06	-0.021884
-2.36831e-06	-0.022256
-2.36631e-06	-0.021884
-2.36431e-06	-0.021512
-2.36231e-06	-0.021884
-2.36031e-06	-0.02238
-2.35831e-06	-0.021512
-2.35631e-06	-0.022256
-2.35431e-06	-0.022132
-2.35231e-06	-0.022628
-2.35031e-06	-0.022008
-2.34831e-06	-0.02238
-2.34631e-06	-0.02238
-2.34431e-06	-0.022256
-2.34231e-06	-0.021884
-2.34031e-06	-0.022628
-2.33831e-06	-0.022256
-2.33631e-06	-0.022504
-2.33431e-06	-0.021884
-2.33231e-06	-0.022504
-2.33031e-06	-0.022256
-2.32831e-06	-0.022132
-2.32631e-06	-0.022628
-2.32431e-06	-0.023124
-2.32231e-06	-0.023
-2.32031e-06	-0.023
-2.31831e-06	-0.023
-2.31631e-06	-0.022628
-2.31431e-06	-0.022628
-2.31231e-06	-0.023
-2.31031e-06	-0.022504
-2.30831e-06	-0.022752
-2.30631e-06	-0.022752
-2.30431e-06	-0.022628
-2.30231e-06	-0.02238
-2.30031e-06	-0.022628
-2.29831e-06	-0.021636
-2.29631e-06	-0.022008
-2.29431e-06	-0.022504
-2.29231e-06	-0.022876
-2.29031e-06	-0.022504
-2.28831e-06	-0.022132
-2.28631e-06	-0.022132
-2.28431e-06	-0.022256
-2.28231e-06	-0.021884
-2.28031e-06	-0.021264
-2.27831e-06	-0.020892
-2.27631e-06	-0.020644
-2.27431e-06	-0.020272
-2.27231e-06	-0.020768
-2.27031e-06	-0.020148
-2.26831e-06	-0.020644
-2.26631e-06	-0.020644
-2.26431e-06	-0.020644
-2.26231e-06	-0.02052
-2.26031e-06	-0.020644
-2.25831e-06	-0.020768
-2.25631e-06	-0.02114
-2.25431e-06	-0.021016
-2.25231e-06	-0.021636
-2.25031e-06	-0.021388
-2.24831e-06	-0.021884
-2.24631e-06	-0.021636
-2.24431e-06	-0.021264
-2.24231e-06	-0.021388
-2.24031e-06	-0.02114
-2.23831e-06	-0.02114
-2.23631e-06	-0.02176
-2.23431e-06	-0.021636
-2.23231e-06	-0.021264
-2.23031e-06	-0.021636
-2.22831e-06	-0.021884
-2.22631e-06	-0.022008
-2.22431e-06	-0.021636
-2.22231e-06	-0.021264
-2.22031e-06	-0.021884
-2.21831e-06	-0.022132
-2.21631e-06	-0.022256
-2.21431e-06	-0.022504
-2.21231e-06	-0.02238
-2.21031e-06	-0.02238
-2.20831e-06	-0.021884
-2.20631e-06	-0.022504
-2.20431e-06	-0.022628
-2.20231e-06	-0.023
-2.20031e-06	-0.023
-2.19831e-06	-0.022876
-2.19631e-06	-0.023372
-2.19431e-06	-0.023372
-2.19231e-06	-0.023124
-2.19031e-06	-0.022628
-2.18831e-06	-0.023
-2.18631e-06	-0.022752
-2.18431e-06	-0.022752
-2.18231e-06	-0.02176
-2.18031e-06	-0.022132
-2.17831e-06	-0.02176
-2.17631e-06	-0.021884
-2.17431e-06	-0.02176
-2.17231e-06	-0.022132
-2.17031e-06	-0.021884
-2.16831e-06	-0.021884
-2.16631e-06	-0.02114
-2.16431e-06	-0.02114
-2.16231e-06	-0.02114
-2.16031e-06	-0.020148
-2.15831e-06	-0.019652
-2.15631e-06	-0.019528
-2.15431e-06	-0.019528
-2.15231e-06	-0.019032
-2.15031e-06	-0.019032
-2.14831e-06	-0.019156
-2.14631e-06	-0.018784
-2.14431e-06	-0.018412
-2.14231e-06	-0.017544
-2.14031e-06	-0.018288
-2.13831e-06	-0.01804
-2.13631e-06	-0.016924
-2.13431e-06	-0.016552
-2.13231e-06	-0.016924
-2.13031e-06	-0.016924
-2.12831e-06	-0.01618
-2.12631e-06	-0.016056
-2.12431e-06	-0.016552
-2.12231e-06	-0.016552
-2.12031e-06	-0.0168
-2.11831e-06	-0.016056
-2.11631e-06	-0.016676
-2.11431e-06	-0.016552
-2.11231e-06	-0.016428
-2.11031e-06	-0.015684
-2.10831e-06	-0.016428
-2.10631e-06	-0.0168
-2.10431e-06	-0.015932
-2.10231e-06	-0.01618
-2.10031e-06	-0.015808
-2.09831e-06	-0.015684
-2.09631e-06	-0.016056
-2.09431e-06	-0.016428
-2.09231e-06	-0.017048
-2.09031e-06	-0.017544
-2.08831e-06	-0.017048
-2.08631e-06	-0.017048
-2.08431e-06	-0.01804
-2.08231e-06	-0.017792
-2.08031e-06	-0.017296
-2.07831e-06	-0.017544
-2.07631e-06	-0.018164
-2.07431e-06	-0.018412
-2.07231e-06	-0.018536
-2.07031e-06	-0.018536
-2.06831e-06	-0.018536
-2.06631e-06	-0.017916
-2.06431e-06	-0.018412
-2.06231e-06	-0.019032
-2.06031e-06	-0.018908
-2.05831e-06	-0.019156
-2.05631e-06	-0.019404
-2.05431e-06	-0.018908
-2.05231e-06	-0.019032
-2.05031e-06	-0.019032
-2.04831e-06	-0.018784
-2.04631e-06	-0.018784
-2.04431e-06	-0.01866
-2.04231e-06	-0.01928
-2.04031e-06	-0.019776
-2.03831e-06	-0.019528
-2.03631e-06	-0.0199
-2.03431e-06	-0.019404
-2.03231e-06	-0.019776
-2.03031e-06	-0.01928
-2.02831e-06	-0.020148
-2.02631e-06	-0.020024
-2.02431e-06	-0.020148
-2.02231e-06	-0.020148
-2.02031e-06	-0.020396
-2.01831e-06	-0.020396
-2.01631e-06	-0.020644
-2.01431e-06	-0.020272
-2.01231e-06	-0.02114
-2.01031e-06	-0.021388
-2.00831e-06	-0.020768
-2.00631e-06	-0.02114
-2.00431e-06	-0.022008
-2.00231e-06	-0.02176
-2.00031e-06	-0.021512
-1.99831e-06	-0.02176
-1.99631e-06	-0.022256
-1.99431e-06	-0.022008
-1.99231e-06	-0.022132
-1.99031e-06	-0.022008
-1.98831e-06	-0.023124
-1.98631e-06	-0.023992
-1.98431e-06	-0.02362
-1.98231e-06	-0.023124
-1.98031e-06	-0.023868
-1.97831e-06	-0.023744
-1.97631e-06	-0.024116
-1.97431e-06	-0.023868
-1.97231e-06	-0.024116
-1.97031e-06	-0.02424
-1.96831e-06	-0.024116
-1.96631e-06	-0.02424
-1.96431e-06	-0.024612
-1.96231e-06	-0.024736
-1.96031e-06	-0.024612
-1.95831e-06	-0.02424
-1.95631e-06	-0.023992
-1.95431e-06	-0.024364
-1.95231e-06	-0.02486
-1.95031e-06	-0.024984
-1.94831e-06	-0.024984
-1.94631e-06	-0.024488
-1.94431e-06	-0.02486
-1.94231e-06	-0.023992
-1.94031e-06	-0.02424
-1.93831e-06	-0.023744
-1.93631e-06	-0.023868
-1.93431e-06	-0.023372
-1.93231e-06	-0.023248
-1.93031e-06	-0.023
-1.92831e-06	-0.02238
-1.92631e-06	-0.022504
-1.92431e-06	-0.022876
-1.92231e-06	-0.023
-1.92031e-06	-0.022008
-1.91831e-06	-0.022628
-1.91631e-06	-0.022008
-1.91431e-06	-0.021388
-1.91231e-06	-0.02176
-1.91031e-06	-0.020892
-1.90831e-06	-0.02114
-1.90631e-06	-0.021512
-1.90431e-06	-0.02114
-1.90231e-06	-0.02052
-1.90031e-06	-0.02052
-1.89831e-06	-0.020644
-1.89631e-06	-0.020024
-1.89431e-06	-0.020396
-1.89231e-06	-0.020644
-1.89031e-06	-0.020396
-1.88831e-06	-0.020644
-1.88631e-06	-0.020148
-1.88431e-06	-0.020892
-1.88231e-06	-0.020396
-1.88031e-06	-0.020892
-1.87831e-06	-0.020024
-1.87631e-06	-0.020768
-1.87431e-06	-0.020644
-1.87231e-06	-0.020892
-1.87031e-06	-0.020644
-1.86831e-06	-0.02114
-1.86631e-06	-0.020396
-1.86431e-06	-0.020024
-1.86231e-06	-0.019776
-1.86031e-06	-0.0199
-1.85831e-06	-0.020148
-1.85631e-06	-0.020148
-1.85431e-06	-0.019652
-1.85231e-06	-0.020148
-1.85031e-06	-0.020148
-1.84831e-06	-0.020272
-1.84631e-06	-0.020024
-1.84431e-06	-0.020892
-1.84231e-06	-0.020272
-1.84031e-06	-0.020148
-1.83831e-06	-0.019528
-1.83631e-06	-0.020272
-1.83431e-06	-0.0199
-1.83231e-06	-0.020892
-1.83031e-06	-0.020024
-1.82831e-06	-0.021016
-1.82631e-06	-0.020768
-1.82431e-06	-0.020892
-1.82231e-06	-0.020644
-1.82031e-06	-0.02114
-1.81831e-06	-0.02114
-1.81631e-06	-0.021264
-1.81431e-06	-0.021512
-1.81231e-06	-0.02176
-1.81031e-06	-0.02238
-1.80831e-06	-0.022132
-1.80631e-06	-0.022008
-1.80431e-06	-0.022008
-1.80231e-06	-0.02176
-1.80031e-06	-0.022256
-1.79831e-06	-0.02176
-1.79631e-06	-0.022132
-1.79431e-06	-0.022008
-1.79231e-06	-0.021636
-1.79031e-06	-0.022132
-1.78831e-06	-0.022132
-1.78631e-06	-0.022876
-1.78431e-06	-0.022752
-1.78231e-06	-0.021884
-1.78031e-06	-0.022876
-1.77831e-06	-0.022628
-1.77631e-06	-0.022752
-1.77431e-06	-0.02238
-1.77231e-06	-0.022628
-1.77031e-06	-0.022752
-1.76831e-06	-0.02238
-1.76631e-06	-0.022132
-1.76431e-06	-0.022132
-1.76231e-06	-0.022256
-1.76031e-06	-0.022132
-1.75831e-06	-0.021512
-1.75631e-06	-0.02176
-1.75431e-06	-0.022008
-1.75231e-06	-0.02238
-1.75031e-06	-0.022132
-1.74831e-06	-0.022132
-1.74631e-06	-0.021388
-1.74431e-06	-0.021636
-1.74231e-06	-0.021264
-1.74031e-06	-0.021636
-1.73831e-06	-0.022008
-1.73631e-06	-0.021884
-1.73431e-06	-0.021636
-1.73231e-06	-0.021636
-1.73031e-06	-0.021884
-1.72831e-06	-0.022132
-1.72631e-06	-0.02114
-1.72431e-06	-0.021264
-1.72231e-06	-0.021512
-1.72031e-06	-0.02176
-1.71831e-06	-0.021512
-1.71631e-06	-0.021636
-1.71431e-06	-0.021884
-1.71231e-06	-0.02176
-1.71031e-06	-0.021512
-1.70831e-06	-0.021264
-1.70631e-06	-0.02114
-1.70431e-06	-0.021512
-1.70231e-06	-0.02176
-1.70031e-06	-0.021636
-1.69831e-06	-0.022008
-1.69631e-06	-0.02176
-1.69431e-06	-0.021264
-1.69231e-06	-0.02114
-1.69031e-06	-0.021884
-1.68831e-06	-0.02176
-1.68631e-06	-0.021388
-1.68431e-06	-0.021388
-1.68231e-06	-0.022008
-1.68031e-06	-0.021884
-1.67831e-06	-0.02176
-1.67631e-06	-0.02176
-1.67431e-06	-0.022008
-1.67231e-06	-0.021884
-1.67031e-06	-0.021636
-1.66831e-06	-0.022008
-1.66631e-06	-0.021884
-1.66431e-06	-0.021636
-1.66231e-06	-0.022008
-1.66031e-06	-0.022256
-1.65831e-06	-0.022132
-1.65631e-06	-0.021512
-1.65431e-06	-0.021636
-1.65231e-06	-0.022132
-1.65031e-06	-0.02176
-1.64831e-06	-0.022008
-1.64631e-06	-0.02114
-1.64431e-06	-0.021388
-1.64231e-06	-0.02114
-1.64031e-06	-0.020644
-1.63831e-06	-0.02052
-1.63631e-06	-0.020768
-1.63431e-06	-0.020396
-1.63231e-06	-0.020644
-1.63031e-06	-0.020148
-1.62831e-06	-0.020396
-1.62631e-06	-0.020024
-1.62431e-06	-0.020644
-1.62231e-06	-0.019776
-1.62031e-06	-0.020148
-1.61831e-06	-0.020148
-1.61631e-06	-0.01928
-1.61431e-06	-0.019156
-1.61231e-06	-0.0199
-1.61031e-06	-0.019776
-1.60831e-06	-0.019776
-1.60631e-06	-0.01928
-1.60431e-06	-0.019404
-1.60231e-06	-0.019652
-1.60031e-06	-0.019528
-1.59831e-06	-0.018164
-1.59631e-06	-0.01928
-1.59431e-06	-0.019404
-1.59231e-06	-0.018412
-1.59031e-06	-0.018288
-1.58831e-06	-0.018412
-1.58631e-06	-0.018412
-1.58431e-06	-0.018288
-1.58231e-06	-0.018412
-1.58031e-06	-0.018412
-1.57831e-06	-0.019032
-1.57631e-06	-0.01866
-1.57431e-06	-0.019156
-1.57231e-06	-0.019156
-1.57031e-06	-0.019156
-1.56831e-06	-0.019156
-1.56631e-06	-0.019404
-1.56431e-06	-0.019528
-1.56231e-06	-0.019776
-1.56031e-06	-0.019652
-1.55831e-06	-0.019156
-1.55631e-06	-0.020024
-1.55431e-06	-0.0199
-1.55231e-06	-0.020148
-1.55031e-06	-0.020024
-1.54831e-06	-0.020396
-1.54631e-06	-0.020644
-1.54431e-06	-0.020396
-1.54231e-06	-0.020272
-1.54031e-06	-0.02114
-1.53831e-06	-0.021016
-1.53631e-06	-0.021388
-1.53431e-06	-0.020892
-1.53231e-06	-0.02114
-1.53031e-06	-0.020768
-1.52831e-06	-0.020892
-1.52631e-06	-0.020768
-1.52431e-06	-0.021388
-1.52231e-06	-0.021016
-1.52031e-06	-0.020768
-1.51831e-06	-0.020024
-1.51631e-06	-0.019776
-1.51431e-06	-0.019776
-1.51231e-06	-0.019776
-1.51031e-06	-0.019156
-1.50831e-06	-0.019776
-1.50631e-06	-0.019776
-1.50431e-06	-0.019032
-1.50231e-06	-0.019404
-1.50031e-06	-0.019528
-1.49831e-06	-0.019652
-1.49631e-06	-0.019404
-1.49431e-06	-0.019404
-1.49231e-06	-0.019652
-1.49031e-06	-0.020024
-1.48831e-06	-0.020272
-1.48631e-06	-0.019652
-1.48431e-06	-0.020024
-1.48231e-06	-0.020024
-1.48031e-06	-0.0199
-1.47831e-06	-0.019652
-1.47631e-06	-0.020272
-1.47431e-06	-0.0199
-1.47231e-06	-0.020272
-1.47031e-06	-0.020148
-1.46831e-06	-0.02052
-1.46631e-06	-0.020768
-1.46431e-06	-0.02052
-1.46231e-06	-0.020148
-1.46031e-06	-0.021016
-1.45831e-06	-0.020768
-1.45631e-06	-0.021016
-1.45431e-06	-0.021016
-1.45231e-06	-0.02176
-1.45031e-06	-0.02176
-1.44831e-06	-0.02176
-1.44631e-06	-0.021388
-1.44431e-06	-0.022132
-1.44231e-06	-0.02176
-1.44031e-06	-0.02176
-1.43831e-06	-0.021388
-1.43631e-06	-0.021512
-1.43431e-06	-0.02114
-1.43231e-06	-0.021636
-1.43031e-06	-0.021264
-1.42831e-06	-0.021512
-1.42631e-06	-0.021264
-1.42431e-06	-0.020892
-1.42231e-06	-0.020768
-1.42031e-06	-0.02114
-1.41831e-06	-0.020644
-1.41631e-06	-0.020768
-1.41431e-06	-0.020644
-1.41231e-06	-0.021388
-1.41031e-06	-0.021264
-1.40831e-06	-0.021016
-1.40631e-06	-0.021264
-1.40431e-06	-0.021264
-1.40231e-06	-0.022256
-1.40031e-06	-0.021636
-1.39831e-06	-0.021512
-1.39631e-06	-0.02238
-1.39431e-06	-0.022256
-1.39231e-06	-0.022256
-1.39031e-06	-0.022504
-1.38831e-06	-0.022752
-1.38631e-06	-0.022504
-1.38431e-06	-0.022256
-1.38231e-06	-0.02238
-1.38031e-06	-0.022256
-1.37831e-06	-0.02238
-1.37631e-06	-0.022256
-1.37431e-06	-0.021264
-1.37231e-06	-0.021636
-1.37031e-06	-0.021884
-1.36831e-06	-0.021884
-1.36631e-06	-0.022008
-1.36431e-06	-0.02176
-1.36231e-06	-0.022008
-1.36031e-06	-0.022504
-1.35831e-06	-0.02238
-1.35631e-06	-0.022256
-1.35431e-06	-0.022256
-1.35231e-06	-0.022008
-1.35031e-06	-0.021884
-1.34831e-06	-0.022132
-1.34631e-06	-0.021884
-1.34431e-06	-0.021884
-1.34231e-06	-0.021512
-1.34031e-06	-0.02176
-1.33831e-06	-0.021884
-1.33631e-06	-0.02176
-1.33431e-06	-0.021636
-1.33231e-06	-0.02176
-1.33031e-06	-0.021636
-1.32831e-06	-0.021264
-1.32631e-06	-0.021016
-1.32431e-06	-0.021884
-1.32231e-06	-0.022132
-1.32031e-06	-0.022132
-1.31831e-06	-0.02176
-1.31631e-06	-0.022008
-1.31431e-06	-0.022132
-1.31231e-06	-0.022008
-1.31031e-06	-0.021884
-1.30831e-06	-0.021636
-1.30631e-06	-0.022132
-1.30431e-06	-0.02176
-1.30231e-06	-0.021512
-1.30031e-06	-0.021884
-1.29831e-06	-0.022008
-1.29631e-06	-0.022256
-1.29431e-06	-0.021636
-1.29231e-06	-0.02238
-1.29031e-06	-0.021884
-1.28831e-06	-0.02176
-1.28631e-06	-0.02176
-1.28431e-06	-0.022008
-1.28231e-06	-0.021636
-1.28031e-06	-0.02176
-1.27831e-06	-0.020768
-1.27631e-06	-0.02176
-1.27431e-06	-0.021264
-1.27231e-06	-0.021264
-1.27031e-06	-0.020148
-1.26831e-06	-0.02052
-1.26631e-06	-0.02052
-1.26431e-06	-0.020024
-1.26231e-06	-0.020148
-1.26031e-06	-0.020272
-1.25831e-06	-0.019652
-1.25631e-06	-0.020024
-1.25431e-06	-0.019528
-1.25231e-06	-0.0199
-1.25031e-06	-0.019156
-1.24831e-06	-0.019156
-1.24631e-06	-0.018164
-1.24431e-06	-0.018908
-1.24231e-06	-0.019156
-1.24031e-06	-0.019032
-1.23831e-06	-0.018536
-1.23631e-06	-0.018784
-1.23431e-06	-0.018784
-1.23231e-06	-0.018536
-1.23031e-06	-0.018412
-1.22831e-06	-0.01866
-1.22631e-06	-0.018536
-1.22431e-06	-0.018784
-1.22231e-06	-0.018536
-1.22031e-06	-0.01866
-1.21831e-06	-0.018412
-1.21631e-06	-0.017792
-1.21431e-06	-0.017544
-1.21231e-06	-0.018164
-1.21031e-06	-0.01742
-1.20831e-06	-0.017172
-1.20631e-06	-0.017172
-1.20431e-06	-0.018164
-1.20231e-06	-0.017792
-1.20031e-06	-0.01804
-1.19831e-06	-0.018412
-1.19631e-06	-0.018784
-1.19431e-06	-0.019032
-1.19231e-06	-0.018784
-1.19031e-06	-0.018784
-1.18831e-06	-0.019156
-1.18631e-06	-0.01928
-1.18431e-06	-0.018784
-1.18231e-06	-0.019776
-1.18031e-06	-0.020148
-1.17831e-06	-0.019776
-1.17631e-06	-0.0199
-1.17431e-06	-0.0199
-1.17231e-06	-0.019776
-1.17031e-06	-0.020148
-1.16831e-06	-0.020396
-1.16631e-06	-0.020644
-1.16431e-06	-0.020644
-1.16231e-06	-0.02052
-1.16031e-06	-0.02052
-1.15831e-06	-0.020024
-1.15631e-06	-0.020272
-1.15431e-06	-0.020148
-1.15231e-06	-0.019156
-1.15031e-06	-0.01866
-1.14831e-06	-0.018784
-1.14631e-06	-0.019156
-1.14431e-06	-0.01866
-1.14231e-06	-0.017916
-1.14031e-06	-0.017172
-1.13831e-06	-0.016924
-1.13631e-06	-0.017668
-1.13431e-06	-0.017048
-1.13231e-06	-0.016924
-1.13031e-06	-0.016676
-1.12831e-06	-0.015808
-1.12631e-06	-0.017048
-1.12431e-06	-0.017048
-1.12231e-06	-0.016304
-1.12031e-06	-0.015932
-1.11831e-06	-0.016304
-1.11631e-06	-0.0168
-1.11431e-06	-0.016552
-1.11231e-06	-0.016676
-1.11031e-06	-0.016924
-1.10831e-06	-0.016676
-1.10631e-06	-0.016676
-1.10431e-06	-0.016428
-1.10231e-06	-0.01618
-1.10031e-06	-0.016428
-1.09831e-06	-0.016056
-1.09631e-06	-0.016304
-1.09431e-06	-0.01618
-1.09231e-06	-0.016552
-1.09031e-06	-0.0168
-1.08831e-06	-0.017296
-1.08631e-06	-0.017296
-1.08431e-06	-0.017048
-1.08231e-06	-0.01742
-1.08031e-06	-0.018164
-1.07831e-06	-0.017668
-1.07631e-06	-0.01804
-1.07431e-06	-0.017296
-1.07231e-06	-0.017296
-1.07031e-06	-0.017916
-1.06831e-06	-0.018164
-1.06631e-06	-0.01742
-1.06431e-06	-0.017172
-1.06231e-06	-0.017048
-1.06031e-06	-0.016924
-1.05831e-06	-0.017668
-1.05631e-06	-0.01742
-1.05431e-06	-0.017668
-1.05231e-06	-0.017792
-1.05031e-06	-0.017916
-1.04831e-06	-0.017172
-1.04631e-06	-0.017172
-1.04431e-06	-0.017296
-1.04231e-06	-0.017172
-1.04031e-06	-0.017048
-1.03831e-06	-0.016924
-1.03631e-06	-0.016924
-1.03431e-06	-0.017048
-1.03231e-06	-0.016428
-1.03031e-06	-0.015932
-1.02831e-06	-0.01618
-1.02631e-06	-0.01618
-1.02431e-06	-0.015436
-1.02231e-06	-0.015188
-1.02031e-06	-0.015932
-1.01831e-06	-0.016304
-1.01631e-06	-0.016428
-1.01431e-06	-0.016676
-1.01231e-06	-0.0168
-1.01031e-06	-0.016924
-1.00831e-06	-0.017048
-1.00631e-06	-0.017296
-1.00431e-06	-0.017172
-1.00231e-06	-0.017172
-1.00031e-06	-0.017048
-9.983098e-07	-0.017296
-9.963098e-07	-0.017792
-9.943098e-07	-0.01742
-9.923098e-07	-0.017544
-9.903098e-07	-0.017668
-9.883098e-07	-0.017916
-9.863098e-07	-0.018536
-9.843098e-07	-0.018288
-9.823098e-07	-0.018536
-9.803098e-07	-0.019032
-9.783098e-07	-0.018784
-9.763098e-07	-0.018784
-9.743098e-07	-0.018784
-9.723098e-07	-0.018908
-9.703098e-07	-0.018536
-9.683098e-07	-0.019032
-9.663098e-07	-0.019156
-9.643098e-07	-0.019404
-9.623098e-07	-0.019652
-9.603098e-07	-0.01928
-9.583098e-07	-0.01928
-9.563098e-07	-0.019652
-9.543098e-07	-0.01928
-9.523098e-07	-0.01928
-9.503098e-07	-0.019032
-9.483098e-07	-0.020024
-9.463098e-07	-0.019776
-9.443098e-07	-0.020148
-9.423098e-07	-0.020272
-9.403098e-07	-0.020148
-9.383098e-07	-0.020148
-9.363098e-07	-0.020644
-9.343098e-07	-0.020024
-9.323098e-07	-0.020768
-9.303098e-07	-0.020272
-9.283098e-07	-0.020644
-9.263098e-07	-0.020396
-9.243098e-07	-0.021016
-9.223098e-07	-0.020644
-9.203098e-07	-0.020892
-9.183098e-07	-0.020272
-9.163098e-07	-0.020892
-9.143098e-07	-0.020768
-9.123098e-07	-0.020768
-9.103098e-07	-0.020892
-9.083098e-07	-0.02114
-9.063098e-07	-0.02052
-9.043098e-07	-0.021016
-9.023098e-07	-0.020644
-9.003098e-07	-0.020644
-8.983098e-07	-0.020644
-8.963098e-07	-0.02052
-8.943098e-07	-0.02052
-8.923098e-07	-0.021016
-8.903098e-07	-0.02114
-8.883098e-07	-0.02114
-8.863098e-07	-0.021016
-8.843098e-07	-0.021388
-8.823098e-07	-0.02114
-8.803098e-07	-0.02114
-8.783098e-07	-0.021016
-8.763098e-07	-0.021884
-8.743098e-07	-0.021636
-8.723098e-07	-0.021388
-8.703098e-07	-0.021016
-8.683098e-07	-0.021388
-8.663098e-07	-0.021388
-8.643098e-07	-0.02114
-8.623098e-07	-0.021016
-8.603098e-07	-0.021264
-8.583098e-07	-0.02114
-8.563098e-07	-0.021016
-8.543098e-07	-0.020892
-8.523098e-07	-0.021016
-8.503098e-07	-0.021388
-8.483098e-07	-0.021016
-8.463098e-07	-0.020644
-8.443098e-07	-0.02114
-8.423098e-07	-0.02052
-8.403098e-07	-0.021016
-8.383098e-07	-0.020396
-8.363098e-07	-0.0199
-8.343098e-07	-0.020024
-8.323098e-07	-0.020396
-8.303098e-07	-0.020148
-8.283098e-07	-0.020396
-8.263098e-07	-0.020272
-8.243098e-07	-0.020272
-8.223098e-07	-0.020148
-8.203098e-07	-0.020396
-8.183098e-07	-0.020272
-8.163098e-07	-0.020024
-8.143098e-07	-0.019776
-8.123098e-07	-0.020272
-8.103098e-07	-0.020148
-8.083098e-07	-0.020892
-8.063098e-07	-0.020396
-8.043098e-07	-0.020892
-8.023098e-07	-0.020396
-8.003098e-07	-0.020148
-7.983098e-07	-0.019652
-7.963098e-07	-0.020148
-7.943098e-07	-0.020396
-7.923098e-07	-0.020272
-7.903098e-07	-0.019776
-7.883098e-07	-0.019776
-7.863098e-07	-0.019776
-7.843098e-07	-0.020768
-7.823098e-07	-0.020024
-7.803098e-07	-0.020892
-7.783098e-07	-0.020892
-7.763098e-07	-0.020892
-7.743098e-07	-0.020768
-7.723098e-07	-0.020892
-7.703098e-07	-0.021264
-7.683098e-07	-0.021264
-7.663098e-07	-0.020024
-7.643098e-07	-0.020892
-7.623098e-07	-0.021264
-7.603098e-07	-0.021264
-7.583098e-07	-0.021016
-7.563098e-07	-0.021264
-7.543098e-07	-0.020892
-7.523098e-07	-0.021636
-7.503098e-07	-0.021388
-7.483098e-07	-0.021016
-7.463098e-07	-0.021016
-7.443098e-07	-0.021016
-7.423098e-07	-0.020644
-7.403098e-07	-0.021016
-7.383098e-07	-0.020768
-7.363098e-07	-0.02114
-7.343098e-07	-0.021388
-7.323098e-07	-0.021512
-7.303098e-07	-0.02176
-7.283098e-07	-0.022008
-7.263098e-07	-0.02176
-7.243098e-07	-0.021884
-7.223098e-07	-0.022008
-7.203098e-07	-0.022752
-7.183098e-07	-0.022256
-7.163098e-07	-0.022256
-7.143098e-07	-0.022132
-7.123098e-07	-0.022628
-7.103098e-07	-0.022752
-7.083098e-07	-0.022876
-7.063098e-07	-0.022876
-7.043098e-07	-0.023
-7.023098e-07	-0.023
-7.003098e-07	-0.023124
-6.983098e-07	-0.02362
-6.963098e-07	-0.023372
-6.943098e-07	-0.023
-6.923098e-07	-0.02362
-6.903098e-07	-0.023124
-6.883098e-07	-0.023496
-6.863098e-07	-0.022628
-6.843098e-07	-0.02362
-6.823098e-07	-0.022752
-6.803098e-07	-0.023372
-6.783098e-07	-0.023124
-6.763098e-07	-0.023496
-6.743098e-07	-0.023744
-6.723098e-07	-0.023496
-6.703098e-07	-0.023992
-6.683098e-07	-0.023992
-6.663098e-07	-0.023496
-6.643098e-07	-0.023744
-6.623098e-07	-0.023248
-6.603098e-07	-0.023744
-6.583098e-07	-0.023744
-6.563098e-07	-0.023744
-6.543098e-07	-0.023372
-6.523098e-07	-0.023124
-6.503098e-07	-0.023248
-6.483098e-07	-0.023248
-6.463098e-07	-0.022876
-6.443098e-07	-0.02362
-6.423098e-07	-0.023372
-6.403098e-07	-0.023744
-6.383098e-07	-0.023124
-6.363098e-07	-0.023372
-6.343098e-07	-0.023372
-6.323098e-07	-0.023744
-6.303098e-07	-0.023
-6.283098e-07	-0.023372
-6.263098e-07	-0.023496
-6.243098e-07	-0.022752
-6.223098e-07	-0.02238
-6.203098e-07	-0.02238
-6.183098e-07	-0.022504
-6.163098e-07	-0.022504
-6.143098e-07	-0.022008
-6.123098e-07	-0.022008
-6.103098e-07	-0.021512
-6.083098e-07	-0.021636
-6.063098e-07	-0.021636
-6.043098e-07	-0.02176
-6.023098e-07	-0.021264
-6.003098e-07	-0.021388
-5.983098e-07	-0.020768
-5.963098e-07	-0.021388
-5.943098e-07	-0.021264
-5.923098e-07	-0.02114
-5.903098e-07	-0.02052
-5.883098e-07	-0.021016
-5.863098e-07	-0.020768
-5.843098e-07	-0.021016
-5.823098e-07	-0.020148
-5.803098e-07	-0.02114
-5.783098e-07	-0.02052
-5.763098e-07	-0.020768
-5.743098e-07	-0.0199
-5.723098e-07	-0.020024
-5.703098e-07	-0.020024
-5.683098e-07	-0.020024
-5.663098e-07	-0.020148
-5.643098e-07	-0.020644
-5.623098e-07	-0.020148
-5.603098e-07	-0.020768
-5.583098e-07	-0.019776
-5.563098e-07	-0.019528
-5.543098e-07	-0.019404
-5.523098e-07	-0.019528
-5.503098e-07	-0.019032
-5.483098e-07	-0.019032
-5.463098e-07	-0.019032
-5.443098e-07	-0.018784
-5.423098e-07	-0.018288
-5.403098e-07	-0.018536
-5.383098e-07	-0.018536
-5.363098e-07	-0.018536
-5.343098e-07	-0.018412
-5.323098e-07	-0.018288
-5.303098e-07	-0.018288
-5.283098e-07	-0.018412
-5.263098e-07	-0.017668
-5.243098e-07	-0.017792
-5.223098e-07	-0.01804
-5.203098e-07	-0.017792
-5.183098e-07	-0.01742
-5.163098e-07	-0.017792
-5.143098e-07	-0.017916
-5.123098e-07	-0.017916
-5.103098e-07	-0.018164
-5.083098e-07	-0.017792
-5.063098e-07	-0.017916
-5.043098e-07	-0.017544
-5.023098e-07	-0.017544
-5.003098e-07	-0.017792
-4.983098e-07	-0.018164
-4.963098e-07	-0.017544
-4.943098e-07	-0.016924
-4.923098e-07	-0.017792
-4.903098e-07	-0.017544
-4.883098e-07	-0.017792
-4.863098e-07	-0.017296
-4.843098e-07	-0.018164
-4.823098e-07	-0.018164
-4.803098e-07	-0.017792
-4.783098e-07	-0.017668
-4.763098e-07	-0.017172
-4.743098e-07	-0.017296
-4.723098e-07	-0.016924
-4.703098e-07	-0.017296
-4.683098e-07	-0.017172
-4.663098e-07	-0.016924
-4.643098e-07	-0.016676
-4.623098e-07	-0.016552
-4.603098e-07	-0.016676
-4.583098e-07	-0.016428
-4.563098e-07	-0.016676
-4.543098e-07	-0.016056
-4.523098e-07	-0.0168
-4.503098e-07	-0.016552
-4.483098e-07	-0.016676
-4.463098e-07	-0.016056
-4.443098e-07	-0.0168
-4.423098e-07	-0.017916
-4.403098e-07	-0.017668
-4.383098e-07	-0.01804
-4.363098e-07	-0.018164
-4.343098e-07	-0.017916
-4.323098e-07	-0.017544
-4.303098e-07	-0.018164
-4.283098e-07	-0.017916
-4.263098e-07	-0.018536
-4.243098e-07	-0.018536
-4.223098e-07	-0.018288
-4.203098e-07	-0.019156
-4.183098e-07	-0.01928
-4.163098e-07	-0.018908
-4.143098e-07	-0.018908
-4.123098e-07	-0.019528
-4.103098e-07	-0.019404
-4.083098e-07	-0.01928
-4.063098e-07	-0.01866
-4.043098e-07	-0.019156
-4.023098e-07	-0.018784
-4.003098e-07	-0.018536
-3.983098e-07	-0.01866
-3.963098e-07	-0.01866
-3.943098e-07	-0.018412
-3.923098e-07	-0.01866
-3.903098e-07	-0.018908
-3.883098e-07	-0.019404
-3.863098e-07	-0.019156
-3.843098e-07	-0.019404
-3.823098e-07	-0.019652
-3.803098e-07	-0.019776
-3.783098e-07	-0.019528
-3.763098e-07	-0.01928
-3.743098e-07	-0.019032
-3.723098e-07	-0.019032
-3.703098e-07	-0.019528
-3.683098e-07	-0.019776
-3.663098e-07	-0.019652
-3.643098e-07	-0.019652
-3.623098e-07	-0.019528
-3.603098e-07	-0.019652
-3.583098e-07	-0.019528
-3.563098e-07	-0.020148
-3.543098e-07	-0.0199
-3.523098e-07	-0.019156
-3.503098e-07	-0.019156
-3.483098e-07	-0.019776
-3.463098e-07	-0.019652
-3.443098e-07	-0.01928
-3.423098e-07	-0.01928
-3.403098e-07	-0.019652
-3.383098e-07	-0.019528
-3.363098e-07	-0.0199
-3.343098e-07	-0.018784
-3.323098e-07	-0.018908
-3.303098e-07	-0.019404
-3.283098e-07	-0.019652
-3.263098e-07	-0.019156
-3.243098e-07	-0.019776
-3.223098e-07	-0.019776
-3.203098e-07	-0.020272
-3.183098e-07	-0.019528
-3.163098e-07	-0.020644
-3.143098e-07	-0.020272
-3.123098e-07	-0.020396
-3.103098e-07	-0.0199
-3.083098e-07	-0.019652
-3.063098e-07	-0.019776
-3.043098e-07	-0.019776
-3.023098e-07	-0.019652
-3.003098e-07	-0.020272
-2.983098e-07	-0.0199
-2.963098e-07	-0.019776
-2.943098e-07	-0.02052
-2.923098e-07	-0.020768
-2.903098e-07	-0.020644
-2.883098e-07	-0.020272
-2.863098e-07	-0.020768
-2.843098e-07	-0.020892
-2.823098e-07	-0.020768
-2.803098e-07	-0.02114
-2.783098e-07	-0.020396
-2.763098e-07	-0.021512
-2.743098e-07	-0.020644
-2.723098e-07	-0.021388
-2.703098e-07	-0.020148
-2.683098e-07	-0.02114
-2.663098e-07	-0.02052
-2.643098e-07	-0.02052
-2.623098e-07	-0.020148
-2.603098e-07	-0.020396
-2.583098e-07	-0.020272
-2.563098e-07	-0.020396
-2.543098e-07	-0.0199
-2.523098e-07	-0.02052
-2.503098e-07	-0.02052
-2.483098e-07	-0.020644
-2.463098e-07	-0.0199
-2.443098e-07	-0.020272
-2.423098e-07	-0.0199
-2.403098e-07	-0.020396
-2.383098e-07	-0.0199
-2.363098e-07	-0.020892
-2.343098e-07	-0.020768
-2.323098e-07	-0.02052
-2.303098e-07	-0.020768
-2.283098e-07	-0.020644
-2.263098e-07	-0.020024
-2.243098e-07	-0.020396
-2.223098e-07	-0.020396
-2.203098e-07	-0.020272
-2.183098e-07	-0.020272
-2.163098e-07	-0.020396
-2.143098e-07	-0.020024
-2.123098e-07	-0.020148
-2.103098e-07	-0.02052
-2.083098e-07	-0.020396
-2.063098e-07	-0.02052
-2.043098e-07	-0.020644
-2.023098e-07	-0.020272
-2.003098e-07	-0.021016
-1.983098e-07	-0.020272
-1.963098e-07	-0.020148
-1.943098e-07	-0.020768
-1.923098e-07	-0.02052
-1.903098e-07	-0.020148
-1.883098e-07	-0.020768
-1.863098e-07	-0.020644
-1.843098e-07	-0.021016
-1.823098e-07	-0.020768
-1.803098e-07	-0.021016
-1.783098e-07	-0.021264
-1.763098e-07	-0.02114
-1.743098e-07	-0.020148
-1.723098e-07	-0.02052
-1.703098e-07	-0.020148
-1.683098e-07	-0.020148
-1.663098e-07	-0.019776
-1.643098e-07	-0.019652
-1.623098e-07	-0.0199
-1.603098e-07	-0.019528
-1.583098e-07	-0.019156
-1.563098e-07	-0.019528
-1.543098e-07	-0.019404
-1.523098e-07	-0.019776
-1.503098e-07	-0.018908
-1.483098e-07	-0.019404
-1.463098e-07	-0.019776
-1.443098e-07	-0.019528
-1.423098e-07	-0.019528
-1.403098e-07	-0.019404
-1.383098e-07	-0.019776
-1.363098e-07	-0.01928
-1.343098e-07	-0.01928
-1.323098e-07	-0.019404
-1.303098e-07	-0.019404
-1.283098e-07	-0.019776
-1.263098e-07	-0.01928
-1.243098e-07	-0.019404
-1.223098e-07	-0.019404
-1.203098e-07	-0.019404
-1.183098e-07	-0.01928
-1.163098e-07	-0.0199
-1.143098e-07	-0.020272
-1.123098e-07	-0.020024
-1.103098e-07	-0.019528
-1.083098e-07	-0.020024
-1.063098e-07	-0.0199
-1.043098e-07	-0.020148
-1.023098e-07	-0.019404
-1.003098e-07	-0.019404
-9.830982e-08	-0.019776
-9.630982e-08	-0.020024
-9.430982e-08	-0.019776
-9.230982e-08	-0.020024
-9.030982e-08	-0.019528
-8.830982e-08	-0.020148
-8.630982e-08	-0.020644
-8.430982e-08	-0.020768
-8.230982e-08	-0.020892
-8.030982e-08	-0.020644
-7.830982e-08	-0.020148
-7.630982e-08	-0.020396
-7.430982e-08	-0.020272
-7.230982e-08	-0.0199
-7.030982e-08	-0.0199
-6.830982e-08	-0.020148
-6.630982e-08	-0.019652
-6.430982e-08	-0.019652
-6.230982e-08	-0.01928
-6.030982e-08	-0.019404
-5.830982e-08	-0.019528
-5.630982e-08	-0.019528
-5.430982e-08	-0.019156
-5.230982e-08	-0.01928
-5.030982e-08	-0.019528
-4.830982e-08	-0.019156
-4.630982e-08	-0.019032
-4.430982e-08	-0.01928
-4.230982e-08	-0.019528
-4.030982e-08	-0.019404
-3.830982e-08	-0.019032
-3.630982e-08	-0.019404
-3.430982e-08	-0.019404
-3.230982e-08	-0.019776
-3.030982e-08	-0.019156
-2.830982e-08	-0.019776
-2.630982e-08	-0.019404
-2.430982e-08	-0.019404
-2.230982e-08	-0.019404
-2.030982e-08	-0.0199
-1.830982e-08	-0.019776
-1.630982e-08	-0.019528
-1.430982e-08	-0.0199
-1.230982e-08	-0.02052
-1.030982e-08	-0.020768
-8.309821e-09	-0.020768
-6.309821e-09	-0.021016
-4.309821e-09	-0.02114
-2.309821e-09	-0.021264
-3.098213e-10	-0.021512
1.690179e-09	-0.021016
3.690179e-09	-0.021388
5.690179e-09	-0.02114
7.690179e-09	-0.021636
9.690179e-09	-0.02114
1.169018e-08	-0.021636
1.369018e-08	-0.021388
1.569018e-08	-0.021264
1.769018e-08	-0.021388
1.969018e-08	-0.021388
2.169018e-08	-0.021264
2.369018e-08	-0.02114
2.569018e-08	-0.020396
2.769018e-08	-0.021016
2.969018e-08	-0.020892
3.169018e-08	-0.021016
3.369018e-08	-0.021264
3.569018e-08	-0.021264
3.769018e-08	-0.021264
3.969018e-08	-0.02238
4.169018e-08	-0.021636
4.369018e-08	-0.02238
4.569018e-08	-0.02176
4.769018e-08	-0.021636
4.969018e-08	-0.02176
5.169018e-08	-0.021636
5.369018e-08	-0.02114
5.569018e-08	-0.020892
5.769018e-08	-0.02052
5.969018e-08	-0.020396
6.169018e-08	-0.020768
6.369018e-08	-0.02114
6.569018e-08	-0.020024
6.769018e-08	-0.020644
6.969018e-08	-0.020272
7.169018e-08	-0.02052
7.369018e-08	-0.020148
7.569018e-08	-0.020892
7.769018e-08	-0.020768
7.969018e-08	-0.020892
8.169018e-08	-0.020396
8.369018e-08	-0.021636
8.569018e-08	-0.021388
8.769018e-08	-0.022132
8.969018e-08	-0.021884
9.169018e-08	-0.022256
9.369018e-08	-0.022132
9.569018e-08	-0.022008
9.769018e-08	-0.022008
9.969018e-08	-0.02176
1.016902e-07	-0.022256
1.036902e-07	-0.022256
1.056902e-07	-0.021636
1.076902e-07	-0.021884
1.096902e-07	-0.022256
1.116902e-07	-0.022008
1.136902e-07	-0.022132
1.156902e-07	-0.02238
1.176902e-07	-0.02238
1.196902e-07	-0.022132
1.216902e-07	-0.021884
1.236902e-07	-0.022132
1.256902e-07	-0.02238
1.276902e-07	-0.022132
1.296902e-07	-0.021884
1.316902e-07	-0.020272
1.336902e-07	-0.016676
1.356902e-07	-0.0075
1.376902e-07	0.00738
1.396902e-07	0.02784
1.416902e-07	0.051896
1.436902e-07	0.077812
1.456902e-07	0.103852
1.476902e-07	0.129644
1.496902e-07	0.154072
1.516902e-07	0.177384
1.536902e-07	0.198836
1.556902e-07	0.218304
1.576902e-07	0.237152
1.596902e-07	0.253396
1.616902e-07	0.2684
1.636902e-07	0.281172
1.656902e-07	0.292952
1.676902e-07	0.302996
1.696902e-07	0.311552
1.716902e-07	0.318496
1.736902e-07	0.324572
1.756902e-07	0.329284
1.776902e-07	0.333252
1.796902e-07	0.33474
1.816902e-07	0.337344
1.836902e-07	0.33784
1.856902e-07	0.338212
1.876902e-07	0.336476
1.896902e-07	0.336104
1.916902e-07	0.333748
1.936902e-07	0.331392
1.956902e-07	0.328416
1.976902e-07	0.325564
1.996902e-07	0.321224
2.016902e-07	0.318124
2.036902e-07	0.313536
2.056902e-07	0.30932
2.076902e-07	0.30374
2.096902e-07	0.299772
2.116902e-07	0.294316
2.136902e-07	0.289604
2.156902e-07	0.284148
2.176902e-07	0.279312
2.196902e-07	0.273608
2.216902e-07	0.268896
2.236902e-07	0.262572
2.256902e-07	0.257984
2.276902e-07	0.251908
2.296902e-07	0.24732
2.316902e-07	0.241368
2.336902e-07	0.236036
2.356902e-07	0.22996
2.376902e-07	0.225372
2.396902e-07	0.220164
2.416902e-07	0.214584
2.436902e-07	0.209252
2.456902e-07	0.204416
2.476902e-07	0.19958
2.496902e-07	0.19524
2.516902e-07	0.190156
2.536902e-07	0.185568
2.556902e-07	0.181228
2.576902e-07	0.176268
2.596902e-07	0.171308
2.616902e-07	0.167216
2.636902e-07	0.162504
2.656902e-07	0.158412
2.676902e-07	0.153948
2.696902e-07	0.150104
2.716902e-07	0.145888
2.736902e-07	0.142664
2.756902e-07	0.138076
2.776902e-07	0.134976
2.796902e-07	0.130884
2.816902e-07	0.128032
2.836902e-07	0.123568
2.856902e-07	0.121212
2.876902e-07	0.117616
2.896902e-07	0.114764
2.916902e-07	0.111168
2.936902e-07	0.108192
2.956902e-07	0.104844
2.976902e-07	0.10162
2.996902e-07	0.098272
3.016902e-07	0.096164
3.036902e-07	0.093188
3.056902e-07	0.091452
3.076902e-07	0.08798
3.096902e-07	0.085996
3.116902e-07	0.083516
3.136902e-07	0.081408
3.156902e-07	0.078804
3.176902e-07	0.076448
3.196902e-07	0.074464
3.216902e-07	0.072232
3.236902e-07	0.070496
3.256902e-07	0.06814
3.276902e-07	0.065784
3.296902e-07	0.063676
3.316902e-07	0.061072
3.336902e-07	0.059584
3.356902e-07	0.057848
3.376902e-07	0.056484
3.396902e-07	0.053756
3.416902e-07	0.052764
3.436902e-07	0.050656
3.456902e-07	0.049292
3.476902e-07	0.047184
3.496902e-07	0.045696
3.516902e-07	0.045076
3.536902e-07	0.043712
3.556902e-07	0.041976
3.576902e-07	0.040612
3.596902e-07	0.039248
3.616902e-07	0.038628
3.636902e-07	0.037016
3.656902e-07	0.035776
3.676902e-07	0.035032
3.696902e-07	0.033792
3.716902e-07	0.032676
3.736902e-07	0.031808
3.756902e-07	0.030444
3.776902e-07	0.029948
3.796902e-07	0.028584
3.816902e-07	0.027964
3.836902e-07	0.026352
3.856902e-07	0.025732
3.876902e-07	0.024864
3.896902e-07	0.024244
3.916902e-07	0.023376
3.936902e-07	0.022508
3.956902e-07	0.021392
3.976902e-07	0.020524
3.996902e-07	0.01978
4.016902e-07	0.018788
4.036902e-07	0.018292
4.056902e-07	0.017052
4.076902e-07	0.016556
4.096902e-07	0.015936
4.116902e-07	0.015316
4.136902e-07	0.014448
4.156902e-07	0.013084
4.176902e-07	0.012464
4.196902e-07	0.01234
4.216902e-07	0.01172
4.236902e-07	0.011348
4.256902e-07	0.010232
4.276902e-07	0.009984
4.296902e-07	0.008992
4.316902e-07	0.008496
4.336902e-07	0.008124
4.356902e-07	0.007132
4.376902e-07	0.00614
4.396902e-07	0.005892
4.416902e-07	0.005396
4.436902e-07	0.00552
4.456902e-07	0.004528
4.476902e-07	0.004528
4.496902e-07	0.00428
4.516902e-07	0.00304
4.536902e-07	0.003288
4.556902e-07	0.002296
4.576902e-07	0.002916
4.596902e-07	0.0018
4.616902e-07	0.001676
4.636902e-07	0.001304
4.656902e-07	0.001056
4.676902e-07	0.00056
4.696902e-07	-6e-05
4.716902e-07	-0.00068
4.736902e-07	-6e-05
4.756902e-07	-0.001176
4.776902e-07	-0.001424
4.796902e-07	-0.001424
4.816902e-07	-0.001672
4.836902e-07	-0.002912
4.856902e-07	-0.00254
4.876902e-07	-0.002664
4.896902e-07	-0.002292
4.916902e-07	-0.003284
4.936902e-07	-0.003036
4.956902e-07	-0.003036
4.976902e-07	-0.00316
4.996902e-07	-0.004276
5.016902e-07	-0.004028
5.036902e-07	-0.004276
5.056902e-07	-0.00378
5.076902e-07	-0.004896
5.096902e-07	-0.005268
5.116902e-07	-0.005392
5.136902e-07	-0.005392
5.156902e-07	-0.00626
5.176902e-07	-0.006756
5.196902e-07	-0.007004
5.216902e-07	-0.006632
5.236902e-07	-0.007748
5.256902e-07	-0.007748
5.276902e-07	-0.007748
5.296902e-07	-0.007996
5.316902e-07	-0.008616
5.336902e-07	-0.00874
5.356902e-07	-0.008864
5.376902e-07	-0.009112
5.396902e-07	-0.009236
5.416902e-07	-0.00998
5.436902e-07	-0.010352
5.456902e-07	-0.00998
5.476902e-07	-0.010848
5.496902e-07	-0.011344
5.516902e-07	-0.01184
5.536902e-07	-0.011964
5.556902e-07	-0.012336
5.576902e-07	-0.012584
5.596902e-07	-0.01246
5.616902e-07	-0.011592
5.636902e-07	-0.012708
5.656902e-07	-0.012832
5.676902e-07	-0.012584
5.696902e-07	-0.011964
5.716902e-07	-0.012708
5.736902e-07	-0.013204
5.756902e-07	-0.013824
5.776902e-07	-0.012708
5.796902e-07	-0.014072
5.816902e-07	-0.014196
5.836902e-07	-0.013948
5.856902e-07	-0.013576
5.876902e-07	-0.01432
5.896902e-07	-0.014816
5.916902e-07	-0.014816
5.936902e-07	-0.014692
5.956902e-07	-0.015312
5.976902e-07	-0.015808
5.996902e-07	-0.015808
6.016902e-07	-0.015684
6.036902e-07	-0.016056
6.056902e-07	-0.015932
6.076902e-07	-0.016056
6.096902e-07	-0.016676
6.116902e-07	-0.016924
6.136902e-07	-0.017048
6.156902e-07	-0.016676
6.176902e-07	-0.017172
6.196902e-07	-0.01742
6.216902e-07	-0.01742
6.236902e-07	-0.017172
6.256902e-07	-0.017544
6.276902e-07	-0.017792
6.296902e-07	-0.01742
6.316902e-07	-0.017668
6.336902e-07	-0.017916
6.356902e-07	-0.018536
6.376902e-07	-0.018536
6.396902e-07	-0.018908
6.416902e-07	-0.019156
6.436902e-07	-0.019032
6.456902e-07	-0.019404
6.476902e-07	-0.019776
6.496902e-07	-0.019404
6.516902e-07	-0.019032
6.536902e-07	-0.019528
6.556902e-07	-0.019156
6.576902e-07	-0.01928
6.596902e-07	-0.019528
6.616902e-07	-0.01928
6.636902e-07	-0.019032
6.656902e-07	-0.019404
6.676902e-07	-0.019404
6.696902e-07	-0.0199
6.716902e-07	-0.0199
6.736902e-07	-0.01928
6.756902e-07	-0.019528
6.776902e-07	-0.019404
6.796902e-07	-0.01866
6.816902e-07	-0.018908
6.836902e-07	-0.019404
6.856902e-07	-0.019528
6.876902e-07	-0.019156
6.896902e-07	-0.018536
6.916902e-07	-0.01928
6.936902e-07	-0.019528
6.956902e-07	-0.01928
6.976902e-07	-0.019528
6.996902e-07	-0.0199
7.016902e-07	-0.0199
7.036902e-07	-0.019776
7.056902e-07	-0.0199
7.076902e-07	-0.020148
7.096902e-07	-0.019776
7.116902e-07	-0.01928
7.136902e-07	-0.019404
7.156902e-07	-0.019404
7.176902e-07	-0.0199
7.196902e-07	-0.019776
7.216902e-07	-0.019652
7.236902e-07	-0.019776
7.256902e-07	-0.019652
7.276902e-07	-0.019776
7.296902e-07	-0.019156
7.316902e-07	-0.019528
7.336902e-07	-0.019652
7.356902e-07	-0.018412
7.376902e-07	-0.018908
7.396902e-07	-0.019652
7.416902e-07	-0.019404
7.436902e-07	-0.019032
7.456902e-07	-0.018908
7.476902e-07	-0.01928
7.496902e-07	-0.019404
7.516902e-07	-0.018908
7.536902e-07	-0.018536
7.556902e-07	-0.019404
7.576902e-07	-0.019404
7.596902e-07	-0.019032
7.616902e-07	-0.01866
7.636902e-07	-0.018908
7.656902e-07	-0.019404
7.676902e-07	-0.019032
7.696902e-07	-0.019032
7.716902e-07	-0.019528
7.736902e-07	-0.019528
7.756902e-07	-0.019776
7.776902e-07	-0.01866
7.796902e-07	-0.019156
7.816902e-07	-0.01928
7.836902e-07	-0.01866
7.856902e-07	-0.018908
7.876902e-07	-0.018784
7.896902e-07	-0.019528
7.916902e-07	-0.019776
7.936902e-07	-0.019776
7.956902e-07	-0.020396
7.976902e-07	-0.020148
7.996902e-07	-0.02052
8.016902e-07	-0.020272
8.036902e-07	-0.020272
8.056902e-07	-0.020396
8.076902e-07	-0.02114
8.096902e-07	-0.020892
8.116902e-07	-0.020768
8.136902e-07	-0.02114
8.156902e-07	-0.021512
8.176902e-07	-0.020892
8.196902e-07	-0.021264
8.216902e-07	-0.02176
8.236902e-07	-0.021264
8.256902e-07	-0.02114
8.276902e-07	-0.021512
8.296902e-07	-0.021636
8.316902e-07	-0.022132
8.336902e-07	-0.021636
8.356902e-07	-0.022132
8.376902e-07	-0.02176
8.396902e-07	-0.021884
8.416902e-07	-0.021884
8.436902e-07	-0.022132
8.456902e-07	-0.021512
8.476902e-07	-0.021884
8.496902e-07	-0.021388
8.516902e-07	-0.021636
8.536902e-07	-0.021636
8.556902e-07	-0.022008
8.576902e-07	-0.021388
8.596902e-07	-0.022132
8.616902e-07	-0.021264
8.636902e-07	-0.021388
8.656902e-07	-0.020644
8.676902e-07	-0.020644
8.696902e-07	-0.020272
8.716902e-07	-0.020892
8.736902e-07	-0.020272
8.756902e-07	-0.020024
8.776902e-07	-0.02052
8.796902e-07	-0.020024
8.816902e-07	-0.019404
8.836902e-07	-0.019652
8.856902e-07	-0.01928
8.876902e-07	-0.019528
8.896902e-07	-0.018784
8.916902e-07	-0.018908
8.936902e-07	-0.01866
8.956902e-07	-0.019156
8.976902e-07	-0.018908
8.996902e-07	-0.018784
9.016902e-07	-0.01866
9.036902e-07	-0.019032
9.056902e-07	-0.018536
9.076902e-07	-0.019032
9.096902e-07	-0.018784
9.116902e-07	-0.019156
9.136902e-07	-0.01804
9.156902e-07	-0.018908
9.176902e-07	-0.019156
9.196902e-07	-0.019156
9.216902e-07	-0.018784
9.236902e-07	-0.019156
9.256902e-07	-0.01928
9.276902e-07	-0.019032
9.296902e-07	-0.019404
9.316902e-07	-0.019404
9.336902e-07	-0.01928
9.356902e-07	-0.019528
9.376902e-07	-0.0199
9.396902e-07	-0.019528
9.416902e-07	-0.019404
9.436902e-07	-0.019156
9.456902e-07	-0.01866
9.476902e-07	-0.018784
9.496902e-07	-0.018908
9.516902e-07	-0.019032
9.536902e-07	-0.018784
9.556902e-07	-0.019032
9.576902e-07	-0.019032
9.596902e-07	-0.018908
9.616902e-07	-0.019156
9.636902e-07	-0.019404
9.656902e-07	-0.01928
9.676902e-07	-0.01928
9.696902e-07	-0.019156
9.716902e-07	-0.020148
9.736902e-07	-0.020024
9.756902e-07	-0.019776
9.776902e-07	-0.019528
9.796902e-07	-0.020644
9.816902e-07	-0.020272
9.836902e-07	-0.02052
9.856902e-07	-0.02052
9.876902e-07	-0.020396
9.896902e-07	-0.020396
9.916902e-07	-0.02052
9.936902e-07	-0.0199
9.956902e-07	-0.02052
9.976902e-07	-0.02052
9.996902e-07	-0.021016
1.00169e-06	-0.021388
1.00369e-06	-0.021388
1.00569e-06	-0.021016
1.00769e-06	-0.021512
1.00969e-06	-0.021016
1.01169e-06	-0.02114
1.01369e-06	-0.020768
1.01569e-06	-0.020892
1.01769e-06	-0.020272
1.01969e-06	-0.02052
1.02169e-06	-0.02052
1.02369e-06	-0.020892
1.02569e-06	-0.020148
1.02769e-06	-0.020644
1.02969e-06	-0.020272
1.03169e-06	-0.021264
1.03369e-06	-0.020272
1.03569e-06	-0.020768
1.03769e-06	-0.020892
1.03969e-06	-0.021016
1.04169e-06	-0.020644
1.04369e-06	-0.021016
1.04569e-06	-0.02052
1.04769e-06	-0.020768
1.04969e-06	-0.02052
1.05169e-06	-0.020024
1.05369e-06	-0.020768
1.05569e-06	-0.020644
1.05769e-06	-0.020148
1.05969e-06	-0.02114
1.06169e-06	-0.020892
1.06369e-06	-0.02114
1.06569e-06	-0.020644
1.06769e-06	-0.021016
1.06969e-06	-0.02114
1.07169e-06	-0.02114
1.07369e-06	-0.021636
1.07569e-06	-0.021512
1.07769e-06	-0.021388
1.07969e-06	-0.021512
1.08169e-06	-0.021264
1.08369e-06	-0.021884
1.08569e-06	-0.021388
1.08769e-06	-0.02176
1.08969e-06	-0.021264
1.09169e-06	-0.022008
1.09369e-06	-0.020892
1.09569e-06	-0.021512
1.09769e-06	-0.020892
1.09969e-06	-0.021388
1.10169e-06	-0.021636
1.10369e-06	-0.021512
1.10569e-06	-0.021636
1.10769e-06	-0.021884
1.10969e-06	-0.021884
1.11169e-06	-0.02176
1.11369e-06	-0.021884
1.11569e-06	-0.021636
1.11769e-06	-0.021388
1.11969e-06	-0.021388
1.12169e-06	-0.02176
1.12369e-06	-0.022132
1.12569e-06	-0.021512
1.12769e-06	-0.022008
1.12969e-06	-0.021884
1.13169e-06	-0.022132
1.13369e-06	-0.022008
1.13569e-06	-0.022876
1.13769e-06	-0.02238
1.13969e-06	-0.023744
1.14169e-06	-0.023496
1.14369e-06	-0.023868
1.14569e-06	-0.023744
1.14769e-06	-0.023868
1.14969e-06	-0.02362
1.15169e-06	-0.023372
1.15369e-06	-0.023248
1.15569e-06	-0.02362
1.15769e-06	-0.023248
1.15969e-06	-0.022876
1.16169e-06	-0.022132
1.16369e-06	-0.022008
1.16569e-06	-0.022132
1.16769e-06	-0.022132
1.16969e-06	-0.022256
1.17169e-06	-0.022752
1.17369e-06	-0.022504
1.17569e-06	-0.021884
1.17769e-06	-0.022008
1.17969e-06	-0.021512
1.18169e-06	-0.022008
1.18369e-06	-0.02176
1.18569e-06	-0.021884
1.18769e-06	-0.021884
1.18969e-06	-0.021884
1.19169e-06	-0.021636
1.19369e-06	-0.021016
1.19569e-06	-0.021636
1.19769e-06	-0.022008
1.19969e-06	-0.022008
1.20169e-06	-0.021264
1.20369e-06	-0.021884
1.20569e-06	-0.021884
1.20769e-06	-0.022008
1.20969e-06	-0.02176
1.21169e-06	-0.021636
1.21369e-06	-0.021636
1.21569e-06	-0.022008
1.21769e-06	-0.021388
1.21969e-06	-0.021264
1.22169e-06	-0.021016
1.22369e-06	-0.021388
1.22569e-06	-0.021388
1.22769e-06	-0.021264
1.22969e-06	-0.02176
1.23169e-06	-0.021264
1.23369e-06	-0.021016
1.23569e-06	-0.02114
1.23769e-06	-0.021388
1.23969e-06	-0.021636
1.24169e-06	-0.021512
1.24369e-06	-0.021264
1.24569e-06	-0.021016
1.24769e-06	-0.021264
1.24969e-06	-0.02114
1.25169e-06	-0.021884
1.25369e-06	-0.02176
1.25569e-06	-0.022256
1.25769e-06	-0.022132
1.25969e-06	-0.021636
1.26169e-06	-0.022132
1.26369e-06	-0.022628
1.26569e-06	-0.022628
1.26769e-06	-0.02238
1.26969e-06	-0.02176
1.27169e-06	-0.022256
1.27369e-06	-0.022628
1.27569e-06	-0.02238
1.27769e-06	-0.022504
1.27969e-06	-0.022256
1.28169e-06	-0.022008
1.28369e-06	-0.022628
1.28569e-06	-0.022256
1.28769e-06	-0.022256
1.28969e-06	-0.021512
1.29169e-06	-0.022752
1.29369e-06	-0.022132
1.29569e-06	-0.022256
1.29769e-06	-0.022256
1.29969e-06	-0.022008
1.30169e-06	-0.021884
1.30369e-06	-0.02176
1.30569e-06	-0.021016
1.30769e-06	-0.02176
1.30969e-06	-0.021388
1.31169e-06	-0.021388
1.31369e-06	-0.021512
1.31569e-06	-0.021388
1.31769e-06	-0.021512
1.31969e-06	-0.021388
1.32169e-06	-0.021636
1.32369e-06	-0.02176
1.32569e-06	-0.022256
1.32769e-06	-0.021636
1.32969e-06	-0.02114
1.33169e-06	-0.021388
1.33369e-06	-0.021512
1.33569e-06	-0.021884
1.33769e-06	-0.02176
1.33969e-06	-0.022132
1.34169e-06	-0.022132
1.34369e-06	-0.021636
1.34569e-06	-0.022008
1.34769e-06	-0.022256
1.34969e-06	-0.023124
1.35169e-06	-0.022876
1.35369e-06	-0.022504
1.35569e-06	-0.022876
1.35769e-06	-0.022628
1.35969e-06	-0.022628
1.36169e-06	-0.022628
1.36369e-06	-0.023
1.36569e-06	-0.022256
1.36769e-06	-0.022008
1.36969e-06	-0.021388
1.37169e-06	-0.021636
1.37369e-06	-0.021512
1.37569e-06	-0.02176
1.37769e-06	-0.021636
1.37969e-06	-0.021636
1.38169e-06	-0.021388
1.38369e-06	-0.02176
1.38569e-06	-0.02176
1.38769e-06	-0.022008
1.38969e-06	-0.022132
1.39169e-06	-0.021636
1.39369e-06	-0.021636
1.39569e-06	-0.021636
1.39769e-06	-0.02114
1.39969e-06	-0.021388
1.40169e-06	-0.021264
1.40369e-06	-0.02114
1.40569e-06	-0.021636
1.40769e-06	-0.021636
1.40969e-06	-0.021512
1.41169e-06	-0.022008
1.41369e-06	-0.02176
1.41569e-06	-0.022008
1.41769e-06	-0.022008
1.41969e-06	-0.022256
1.42169e-06	-0.022876
1.42369e-06	-0.022008
1.42569e-06	-0.021884
1.42769e-06	-0.021512
1.42969e-06	-0.022008
1.43169e-06	-0.022008
1.43369e-06	-0.021636
1.43569e-06	-0.022008
1.43769e-06	-0.021636
1.43969e-06	-0.02176
1.44169e-06	-0.021512
1.44369e-06	-0.021016
1.44569e-06	-0.021636
1.44769e-06	-0.021388
1.44969e-06	-0.020892
1.45169e-06	-0.021264
1.45369e-06	-0.020768
1.45569e-06	-0.021016
1.45769e-06	-0.020892
1.45969e-06	-0.02176
1.46169e-06	-0.02114
1.46369e-06	-0.021264
1.46569e-06	-0.020892
1.46769e-06	-0.02114
1.46969e-06	-0.021636
1.47169e-06	-0.021884
1.47369e-06	-0.02176
1.47569e-06	-0.021636
1.47769e-06	-0.022132
1.47969e-06	-0.022132
1.48169e-06	-0.021636
1.48369e-06	-0.021264
1.48569e-06	-0.021388
1.48769e-06	-0.021512
1.48969e-06	-0.02176
1.49169e-06	-0.021388
1.49369e-06	-0.02176
1.49569e-06	-0.021264
1.49769e-06	-0.022008
1.49969e-06	-0.022256
1.50169e-06	-0.021512
1.50369e-06	-0.021016
1.50569e-06	-0.020644
1.50769e-06	-0.021264
1.50969e-06	-0.022256
1.51169e-06	-0.021512
1.51369e-06	-0.021388
1.51569e-06	-0.021512
1.51769e-06	-0.02238
1.51969e-06	-0.022132
1.52169e-06	-0.021388
1.52369e-06	-0.021884
1.52569e-06	-0.02176
1.52769e-06	-0.021636
1.52969e-06	-0.02176
1.53169e-06	-0.02176
1.53369e-06	-0.022504
1.53569e-06	-0.021636
1.53769e-06	-0.02114
1.53969e-06	-0.02176
1.54169e-06	-0.022008
1.54369e-06	-0.021636
1.54569e-06	-0.022008
1.54769e-06	-0.022132
1.54969e-06	-0.022504
1.55169e-06	-0.02114
1.55369e-06	-0.020768
1.55569e-06	-0.021636
1.55769e-06	-0.021016
1.55969e-06	-0.02176
1.56169e-06	-0.021388
1.56369e-06	-0.021636
1.56569e-06	-0.02238
1.56769e-06	-0.022008
1.56969e-06	-0.022256
1.57169e-06	-0.022628
1.57369e-06	-0.022008
1.57569e-06	-0.021388
1.57769e-06	-0.021512
1.57969e-06	-0.02176
1.58169e-06	-0.02176
1.58369e-06	-0.022132
1.58569e-06	-0.021264
1.58769e-06	-0.022008
1.58969e-06	-0.022132
1.59169e-06	-0.02176
1.59369e-06	-0.02114
1.59569e-06	-0.021388
1.59769e-06	-0.020892
1.59969e-06	-0.020768
1.60169e-06	-0.020768
1.60369e-06	-0.021016
1.60569e-06	-0.02052
1.60769e-06	-0.020396
1.60969e-06	-0.020024
1.61169e-06	-0.020024
1.61369e-06	-0.020148
1.61569e-06	-0.019652
1.61769e-06	-0.019156
1.61969e-06	-0.019776
1.62169e-06	-0.020148
1.62369e-06	-0.019652
1.62569e-06	-0.01928
1.62769e-06	-0.019776
1.62969e-06	-0.020272
1.63169e-06	-0.020272
1.63369e-06	-0.020272
1.63569e-06	-0.020396
1.63769e-06	-0.020396
1.63969e-06	-0.020396
1.64169e-06	-0.019776
1.64369e-06	-0.0199
1.64569e-06	-0.020024
1.64769e-06	-0.0199
1.64969e-06	-0.019776
1.65169e-06	-0.020148
1.65369e-06	-0.019776
1.65569e-06	-0.019032
1.65769e-06	-0.019652
1.65969e-06	-0.0199
1.66169e-06	-0.019776
1.66369e-06	-0.019156
1.66569e-06	-0.019156
1.66769e-06	-0.020024
1.66969e-06	-0.020272
1.67169e-06	-0.0199
1.67369e-06	-0.020148
1.67569e-06	-0.020272
1.67769e-06	-0.020024
1.67969e-06	-0.02052
1.68169e-06	-0.0199
1.68369e-06	-0.020644
1.68569e-06	-0.020272
1.68769e-06	-0.020396
1.68969e-06	-0.019528
1.69169e-06	-0.019404
1.69369e-06	-0.020148
1.69569e-06	-0.020272
1.69769e-06	-0.020148
1.69969e-06	-0.020644
1.70169e-06	-0.020892
1.70369e-06	-0.020768
1.70569e-06	-0.020396
1.70769e-06	-0.020024
1.70969e-06	-0.020272
1.71169e-06	-0.0199
1.71369e-06	-0.020024
1.71569e-06	-0.020768
1.71769e-06	-0.020644
1.71969e-06	-0.021016
1.72169e-06	-0.020768
1.72369e-06	-0.02114
1.72569e-06	-0.021388
1.72769e-06	-0.021016
1.72969e-06	-0.020768
1.73169e-06	-0.02114
1.73369e-06	-0.020892
1.73569e-06	-0.02114
1.73769e-06	-0.02114
1.73969e-06	-0.02114
1.74169e-06	-0.021512
1.74369e-06	-0.021512
1.74569e-06	-0.021388
1.74769e-06	-0.021512
1.74969e-06	-0.02114
1.75169e-06	-0.021388
1.75369e-06	-0.021016
1.75569e-06	-0.02114
1.75769e-06	-0.021512
1.75969e-06	-0.020644
1.76169e-06	-0.02052
1.76369e-06	-0.021264
1.76569e-06	-0.02176
1.76769e-06	-0.021512
1.76969e-06	-0.021016
1.77169e-06	-0.020892
1.77369e-06	-0.021264
1.77569e-06	-0.021512
1.77769e-06	-0.020768
1.77969e-06	-0.021264
1.78169e-06	-0.021016
1.78369e-06	-0.021512
1.78569e-06	-0.021264
1.78769e-06	-0.02176
1.78969e-06	-0.02114
1.79169e-06	-0.021016
1.79369e-06	-0.021264
1.79569e-06	-0.021264
1.79769e-06	-0.020892
1.79969e-06	-0.020892
1.80169e-06	-0.020768
1.80369e-06	-0.021016
1.80569e-06	-0.020768
1.80769e-06	-0.021388
1.80969e-06	-0.021016
1.81169e-06	-0.020892
1.81369e-06	-0.020644
1.81569e-06	-0.020892
1.81769e-06	-0.020396
1.81969e-06	-0.021264
1.82169e-06	-0.021264
1.82369e-06	-0.02176
1.82569e-06	-0.021512
1.82769e-06	-0.022256
1.82969e-06	-0.022008
1.83169e-06	-0.022008
1.83369e-06	-0.02176
1.83569e-06	-0.022008
1.83769e-06	-0.022132
1.83969e-06	-0.022504
1.84169e-06	-0.023
1.84369e-06	-0.022876
1.84569e-06	-0.023
1.84769e-06	-0.022876
1.84969e-06	-0.022132
1.85169e-06	-0.02238
1.85369e-06	-0.021884
1.85569e-06	-0.021636
1.85769e-06	-0.020892
1.85969e-06	-0.021016
1.86169e-06	-0.021016
1.86369e-06	-0.021016
1.86569e-06	-0.020768
1.86769e-06	-0.020892
1.86969e-06	-0.020768
1.87169e-06	-0.021016
1.87369e-06	-0.020768
1.87569e-06	-0.021264
1.87769e-06	-0.021264
1.87969e-06	-0.021512
1.88169e-06	-0.02114
1.88369e-06	-0.021264
1.88569e-06	-0.020768
1.88769e-06	-0.021388
1.88969e-06	-0.021016
1.89169e-06	-0.02114
1.89369e-06	-0.02114
1.89569e-06	-0.021016
1.89769e-06	-0.020396
1.89969e-06	-0.02052
1.90169e-06	-0.020768
1.90369e-06	-0.021016
1.90569e-06	-0.020892
1.90769e-06	-0.021016
1.90969e-06	-0.020768
1.91169e-06	-0.020396
1.91369e-06	-0.0199
1.91569e-06	-0.019652
1.91769e-06	-0.020148
1.91969e-06	-0.02052
1.92169e-06	-0.019404
1.92369e-06	-0.019156
1.92569e-06	-0.019652
1.92769e-06	-0.019156
1.92969e-06	-0.018412
1.93169e-06	-0.018288
1.93369e-06	-0.018164
1.93569e-06	-0.018412
1.93769e-06	-0.018536
1.93969e-06	-0.018412
1.94169e-06	-0.017916
1.94369e-06	-0.017916
1.94569e-06	-0.01742
1.94769e-06	-0.017916
1.94969e-06	-0.01804
1.95169e-06	-0.017544
1.95369e-06	-0.017916
1.95569e-06	-0.018164
1.95769e-06	-0.017544
1.95969e-06	-0.018164
1.96169e-06	-0.017668
1.96369e-06	-0.01742
1.96569e-06	-0.01742
1.96769e-06	-0.016924
1.96969e-06	-0.01742
1.97169e-06	-0.016924
1.97369e-06	-0.017296
1.97569e-06	-0.017048
1.97769e-06	-0.017296
1.97969e-06	-0.01742
1.98169e-06	-0.017296
1.98369e-06	-0.016304
1.98569e-06	-0.016056
1.98769e-06	-0.0168
1.98969e-06	-0.01742
1.99169e-06	-0.0168
1.99369e-06	-0.016924
1.99569e-06	-0.017172
1.99769e-06	-0.017668
1.99969e-06	-0.017668
2.00169e-06	-0.01742
2.00369e-06	-0.01804
2.00569e-06	-0.01804
2.00769e-06	-0.018288
2.00969e-06	-0.01804
2.01169e-06	-0.01866
2.01369e-06	-0.01866
2.01569e-06	-0.018412
2.01769e-06	-0.018288
2.01969e-06	-0.018784
2.02169e-06	-0.019156
2.02369e-06	-0.018784
2.02569e-06	-0.018412
2.02769e-06	-0.018784
2.02969e-06	-0.018908
2.03169e-06	-0.018288
2.03369e-06	-0.018536
2.03569e-06	-0.018784
2.03769e-06	-0.018784
2.03969e-06	-0.018908
2.04169e-06	-0.018536
2.04369e-06	-0.019156
2.04569e-06	-0.018164
2.04769e-06	-0.01804
2.04969e-06	-0.017544
2.05169e-06	-0.01742
2.05369e-06	-0.017296
2.05569e-06	-0.016924
2.05769e-06	-0.016676
2.05969e-06	-0.01742
2.06169e-06	-0.017544
2.06369e-06	-0.017172
2.06569e-06	-0.017296
2.06769e-06	-0.017296
2.06969e-06	-0.016924
2.07169e-06	-0.0168
2.07369e-06	-0.016924
2.07569e-06	-0.016924
2.07769e-06	-0.0168
2.07969e-06	-0.016552
2.08169e-06	-0.0168
2.08369e-06	-0.016676
2.08569e-06	-0.017048
2.08769e-06	-0.017296
2.08969e-06	-0.017544
2.09169e-06	-0.017048
2.09369e-06	-0.016924
2.09569e-06	-0.016676
2.09769e-06	-0.016676
2.09969e-06	-0.017296
2.10169e-06	-0.016924
2.10369e-06	-0.017296
2.10569e-06	-0.01742
2.10769e-06	-0.018164
2.10969e-06	-0.017792
2.11169e-06	-0.017916
2.11369e-06	-0.017668
2.11569e-06	-0.01804
2.11769e-06	-0.017916
2.11969e-06	-0.017544
2.12169e-06	-0.017296
2.12369e-06	-0.018164
2.12569e-06	-0.017792
2.12769e-06	-0.017792
2.12969e-06	-0.017296
2.13169e-06	-0.018164
2.13369e-06	-0.018164
2.13569e-06	-0.018164
2.13769e-06	-0.017544
2.13969e-06	-0.018164
2.14169e-06	-0.018288
2.14369e-06	-0.01804
2.14569e-06	-0.017668
2.14769e-06	-0.01804
2.14969e-06	-0.018288
2.15169e-06	-0.01804
2.15369e-06	-0.017792
2.15569e-06	-0.018164
2.15769e-06	-0.018412
2.15969e-06	-0.018164
2.16169e-06	-0.017668
2.16369e-06	-0.01804
2.16569e-06	-0.01742
2.16769e-06	-0.017296
2.16969e-06	-0.017544
2.17169e-06	-0.017172
2.17369e-06	-0.017792
2.17569e-06	-0.017172
2.17769e-06	-0.017048
2.17969e-06	-0.017544
2.18169e-06	-0.017916
2.18369e-06	-0.017916
2.18569e-06	-0.017544
2.18769e-06	-0.018288
2.18969e-06	-0.017916
2.19169e-06	-0.017668
2.19369e-06	-0.01742
2.19569e-06	-0.017668
2.19769e-06	-0.017916
2.19969e-06	-0.018164
2.20169e-06	-0.017916
2.20369e-06	-0.018164
2.20569e-06	-0.01804
2.20769e-06	-0.017792
2.20969e-06	-0.017792
2.21169e-06	-0.018536
2.21369e-06	-0.01866
2.21569e-06	-0.018288
2.21769e-06	-0.018412
2.21969e-06	-0.018412
2.22169e-06	-0.017916
2.22369e-06	-0.017916
2.22569e-06	-0.017544
2.22769e-06	-0.018288
2.22969e-06	-0.018164
2.23169e-06	-0.017916
2.23369e-06	-0.018164
2.23569e-06	-0.018288
2.23769e-06	-0.018536
2.23969e-06	-0.01866
2.24169e-06	-0.018536
2.24369e-06	-0.018536
2.24569e-06	-0.018908
2.24769e-06	-0.017916
2.24969e-06	-0.01804
2.25169e-06	-0.018412
2.25369e-06	-0.018288
2.25569e-06	-0.017668
2.25769e-06	-0.017296
2.25969e-06	-0.017544
2.26169e-06	-0.017048
2.26369e-06	-0.016924
2.26569e-06	-0.017172
2.26769e-06	-0.017048
2.26969e-06	-0.016676
2.27169e-06	-0.016428
2.27369e-06	-0.01618
2.27569e-06	-0.016552
2.27769e-06	-0.017048
2.27969e-06	-0.016304
2.28169e-06	-0.016552
2.28369e-06	-0.017048
2.28569e-06	-0.0168
2.28769e-06	-0.016676
2.28969e-06	-0.016056
2.29169e-06	-0.016428
2.29369e-06	-0.016676
2.29569e-06	-0.01618
2.29769e-06	-0.0168
2.29969e-06	-0.016676
2.30169e-06	-0.016552
2.30369e-06	-0.016552
2.30569e-06	-0.016428
2.30769e-06	-0.016552
2.30969e-06	-0.016428
2.31169e-06	-0.016676
2.31369e-06	-0.01618
2.31569e-06	-0.016552
2.31769e-06	-0.017048
2.31969e-06	-0.016304
2.32169e-06	-0.016552
2.32369e-06	-0.0168
2.32569e-06	-0.017172
2.32769e-06	-0.01742
2.32969e-06	-0.017792
2.33169e-06	-0.018288
2.33369e-06	-0.01804
2.33569e-06	-0.018412
2.33769e-06	-0.017048
2.33969e-06	-0.017916
2.34169e-06	-0.01804
2.34369e-06	-0.017296
2.34569e-06	-0.017172
2.34769e-06	-0.017792
2.34969e-06	-0.017544
2.35169e-06	-0.017668
2.35369e-06	-0.017172
2.35569e-06	-0.017544
2.35769e-06	-0.017916
2.35969e-06	-0.018288
2.36169e-06	-0.018288
2.36369e-06	-0.018412
2.36569e-06	-0.017916
2.36769e-06	-0.01866
2.36969e-06	-0.018288
2.37169e-06	-0.018288
2.37369e-06	-0.018784
2.37569e-06	-0.018908
2.37769e-06	-0.018908
2.37969e-06	-0.01928
2.38169e-06	-0.01928
2.38369e-06	-0.01928
2.38569e-06	-0.019156
2.38769e-06	-0.019156
2.38969e-06	-0.019156
2.39169e-06	-0.019032
2.39369e-06	-0.018288
2.39569e-06	-0.018784
2.39769e-06	-0.01866
2.39969e-06	-0.018412
2.40169e-06	-0.017668
2.40369e-06	-0.01804
2.40569e-06	-0.01804
2.40769e-06	-0.018412
2.40969e-06	-0.018164
2.41169e-06	-0.018288
2.41369e-06	-0.018288
2.41569e-06	-0.01804
2.41769e-06	-0.01866
2.41969e-06	-0.018908
2.42169e-06	-0.018164
2.42369e-06	-0.018412
2.42569e-06	-0.018288
2.42769e-06	-0.018536
2.42969e-06	-0.018288
2.43169e-06	-0.018288
2.43369e-06	-0.018536
2.43569e-06	-0.019032
2.43769e-06	-0.019032
2.43969e-06	-0.019404
2.44169e-06	-0.019404
2.44369e-06	-0.018908
2.44569e-06	-0.019404
2.44769e-06	-0.019652
2.44969e-06	-0.019652
2.45169e-06	-0.020024
2.45369e-06	-0.019528
2.45569e-06	-0.019652
2.45769e-06	-0.01928
2.45969e-06	-0.019528
2.46169e-06	-0.019404
2.46369e-06	-0.019156
2.46569e-06	-0.019156
2.46769e-06	-0.019776
2.46969e-06	-0.019404
2.47169e-06	-0.019776
2.47369e-06	-0.019652
2.47569e-06	-0.0199
2.47769e-06	-0.020272
2.47969e-06	-0.0199
2.48169e-06	-0.020148
2.48369e-06	-0.020148
2.48569e-06	-0.020892
2.48769e-06	-0.02114
2.48969e-06	-0.020892
2.49169e-06	-0.020644
2.49369e-06	-0.020768
2.49569e-06	-0.020644
2.49769e-06	-0.020892
2.49969e-06	-0.021264
2.50169e-06	-0.021264
