LECROYHDO6104A	50809	Waveform
Segments	1	SegmentSize	2502
Segment	TrigTime	TimeSinceSegment1
#1	19-Dec-2022 19:59:09	0                 
Time	Ampl
-2.501801e-06	-0.02085
-2.499801e-06	-0.02055
-2.497801e-06	-0.02055
-2.495801e-06	-0.02085
-2.493801e-06	-0.02055
-2.491801e-06	-0.01995
-2.489801e-06	-0.0207
-2.487801e-06	-0.0207
-2.485801e-06	-0.02055
-2.483801e-06	-0.02025
-2.481801e-06	-0.02055
-2.479801e-06	-0.01965
-2.477801e-06	-0.0201
-2.475801e-06	-0.01965
-2.473801e-06	-0.0198
-2.471801e-06	-0.0195
-2.469801e-06	-0.01935
-2.467801e-06	-0.01905
-2.465801e-06	-0.0195
-2.463801e-06	-0.01905
-2.461801e-06	-0.0192
-2.459801e-06	-0.01845
-2.457801e-06	-0.01875
-2.455801e-06	-0.0186
-2.453801e-06	-0.01935
-2.451801e-06	-0.01845
-2.449801e-06	-0.0189
-2.447801e-06	-0.0183
-2.445801e-06	-0.0192
-2.443801e-06	-0.01935
-2.441801e-06	-0.01965
-2.439801e-06	-0.0189
-2.437801e-06	-0.01935
-2.435801e-06	-0.0186
-2.433801e-06	-0.01905
-2.431801e-06	-0.01845
-2.429801e-06	-0.0183
-2.427801e-06	-0.0189
-2.425801e-06	-0.0192
-2.423801e-06	-0.01875
-2.421801e-06	-0.0192
-2.419801e-06	-0.0186
-2.417801e-06	-0.0189
-2.415801e-06	-0.0189
-2.413801e-06	-0.0195
-2.411801e-06	-0.01905
-2.409801e-06	-0.0192
-2.407801e-06	-0.0192
-2.405801e-06	-0.0198
-2.403801e-06	-0.0189
-2.401801e-06	-0.0192
-2.399801e-06	-0.0192
-2.397801e-06	-0.01935
-2.395801e-06	-0.01875
-2.393801e-06	-0.0192
-2.391801e-06	-0.0192
-2.389801e-06	-0.01935
-2.387801e-06	-0.0189
-2.385801e-06	-0.0192
-2.383801e-06	-0.0195
-2.381801e-06	-0.02055
-2.379801e-06	-0.01965
-2.377801e-06	-0.02055
-2.375801e-06	-0.0204
-2.373801e-06	-0.02055
-2.371801e-06	-0.01965
-2.369801e-06	-0.02085
-2.367801e-06	-0.021
-2.365801e-06	-0.02055
-2.363801e-06	-0.01995
-2.361801e-06	-0.0198
-2.359801e-06	-0.0198
-2.357801e-06	-0.01995
-2.355801e-06	-0.01995
-2.353801e-06	-0.01995
-2.351801e-06	-0.01905
-2.349801e-06	-0.0201
-2.347801e-06	-0.01935
-2.345801e-06	-0.01965
-2.343801e-06	-0.0198
-2.341801e-06	-0.01995
-2.339801e-06	-0.01935
-2.337801e-06	-0.0198
-2.335801e-06	-0.0192
-2.333801e-06	-0.01995
-2.331801e-06	-0.01965
-2.329801e-06	-0.02025
-2.327801e-06	-0.02055
-2.325801e-06	-0.02085
-2.323801e-06	-0.02055
-2.321801e-06	-0.0204
-2.319801e-06	-0.02055
-2.317801e-06	-0.02085
-2.315801e-06	-0.02055
-2.313801e-06	-0.0213
-2.311801e-06	-0.0207
-2.309801e-06	-0.021
-2.307801e-06	-0.0207
-2.305801e-06	-0.0207
-2.303801e-06	-0.02085
-2.301801e-06	-0.0207
-2.299801e-06	-0.0201
-2.297801e-06	-0.0213
-2.295801e-06	-0.02085
-2.293801e-06	-0.02085
-2.291801e-06	-0.0207
-2.289801e-06	-0.02085
-2.287801e-06	-0.0207
-2.285801e-06	-0.02115
-2.283801e-06	-0.0207
-2.281801e-06	-0.02055
-2.279801e-06	-0.0201
-2.277801e-06	-0.02055
-2.275801e-06	-0.01965
-2.273801e-06	-0.02025
-2.271801e-06	-0.01965
-2.269801e-06	-0.02085
-2.267801e-06	-0.0198
-2.265801e-06	-0.01995
-2.263801e-06	-0.0198
-2.261801e-06	-0.0201
-2.259801e-06	-0.0192
-2.257801e-06	-0.0201
-2.255801e-06	-0.0198
-2.253801e-06	-0.01995
-2.251801e-06	-0.0195
-2.249801e-06	-0.02025
-2.247801e-06	-0.0195
-2.245801e-06	-0.0198
-2.243801e-06	-0.01935
-2.241801e-06	-0.01995
-2.239801e-06	-0.01995
-2.237801e-06	-0.01995
-2.235801e-06	-0.01965
-2.233801e-06	-0.0201
-2.231801e-06	-0.01935
-2.229801e-06	-0.01965
-2.227801e-06	-0.01905
-2.225801e-06	-0.0195
-2.223801e-06	-0.01935
-2.221801e-06	-0.0189
-2.219801e-06	-0.018
-2.217801e-06	-0.01905
-2.215801e-06	-0.01845
-2.213801e-06	-0.0186
-2.211801e-06	-0.01815
-2.209801e-06	-0.01875
-2.207801e-06	-0.0183
-2.205801e-06	-0.018
-2.203801e-06	-0.0174
-2.201801e-06	-0.0183
-2.199801e-06	-0.018
-2.197801e-06	-0.01755
-2.195801e-06	-0.01695
-2.193801e-06	-0.01815
-2.191801e-06	-0.0177
-2.189801e-06	-0.018
-2.187801e-06	-0.0177
-2.185801e-06	-0.01815
-2.183801e-06	-0.01725
-2.181801e-06	-0.018
-2.179801e-06	-0.01785
-2.177801e-06	-0.01785
-2.175801e-06	-0.0183
-2.173801e-06	-0.01815
-2.171801e-06	-0.0177
-2.169801e-06	-0.018
-2.167801e-06	-0.0177
-2.165801e-06	-0.0177
-2.163801e-06	-0.01785
-2.161801e-06	-0.01935
-2.159801e-06	-0.01875
-2.157801e-06	-0.0189
-2.155801e-06	-0.01905
-2.153801e-06	-0.01965
-2.151801e-06	-0.0195
-2.149801e-06	-0.0192
-2.147801e-06	-0.01935
-2.145801e-06	-0.0198
-2.143801e-06	-0.0198
-2.141801e-06	-0.0201
-2.139801e-06	-0.0192
-2.137801e-06	-0.0198
-2.135801e-06	-0.02025
-2.133801e-06	-0.02085
-2.131801e-06	-0.02085
-2.129801e-06	-0.0207
-2.127801e-06	-0.02025
-2.125801e-06	-0.02085
-2.123801e-06	-0.021
-2.121801e-06	-0.021
-2.119801e-06	-0.0204
-2.117801e-06	-0.0204
-2.115801e-06	-0.0195
-2.113801e-06	-0.0198
-2.111801e-06	-0.0195
-2.109801e-06	-0.0201
-2.107801e-06	-0.01995
-2.105801e-06	-0.0201
-2.103801e-06	-0.01905
-2.101801e-06	-0.0189
-2.099801e-06	-0.0186
-2.097801e-06	-0.0192
-2.095801e-06	-0.0195
-2.093801e-06	-0.0201
-2.091801e-06	-0.0195
-2.089801e-06	-0.01965
-2.087801e-06	-0.01965
-2.085801e-06	-0.01935
-2.083801e-06	-0.01875
-2.081801e-06	-0.01935
-2.079801e-06	-0.0195
-2.077801e-06	-0.0195
-2.075801e-06	-0.01935
-2.073801e-06	-0.0195
-2.071801e-06	-0.0195
-2.069801e-06	-0.0195
-2.067801e-06	-0.01845
-2.065801e-06	-0.0195
-2.063801e-06	-0.0189
-2.061801e-06	-0.01965
-2.059801e-06	-0.01935
-2.057801e-06	-0.01965
-2.055801e-06	-0.0195
-2.053801e-06	-0.0207
-2.051801e-06	-0.0204
-2.049801e-06	-0.0207
-2.047801e-06	-0.02085
-2.045801e-06	-0.02145
-2.043801e-06	-0.02085
-2.041801e-06	-0.0213
-2.039801e-06	-0.02115
-2.037801e-06	-0.02145
-2.035801e-06	-0.021
-2.033801e-06	-0.02085
-2.031801e-06	-0.0207
-2.029801e-06	-0.02085
-2.027801e-06	-0.02085
-2.025801e-06	-0.0216
-2.023801e-06	-0.02025
-2.021801e-06	-0.0201
-2.019801e-06	-0.0207
-2.017801e-06	-0.02055
-2.015801e-06	-0.0207
-2.013801e-06	-0.02055
-2.011801e-06	-0.02055
-2.009801e-06	-0.021
-2.007801e-06	-0.02115
-2.005801e-06	-0.0207
-2.003801e-06	-0.02085
-2.001801e-06	-0.02115
-1.999801e-06	-0.02115
-1.997801e-06	-0.02145
-1.995801e-06	-0.02145
-1.993801e-06	-0.021
-1.991801e-06	-0.02055
-1.989801e-06	-0.021
-1.987801e-06	-0.0207
-1.985801e-06	-0.02175
-1.983801e-06	-0.02085
-1.981801e-06	-0.0213
-1.979801e-06	-0.021
-1.977801e-06	-0.02085
-1.975801e-06	-0.0207
-1.973801e-06	-0.02115
-1.971801e-06	-0.0204
-1.969801e-06	-0.02175
-1.967801e-06	-0.0213
-1.965801e-06	-0.02145
-1.963801e-06	-0.02175
-1.961801e-06	-0.021
-1.959801e-06	-0.02175
-1.957801e-06	-0.0216
-1.955801e-06	-0.02025
-1.953801e-06	-0.02145
-1.951801e-06	-0.02145
-1.949801e-06	-0.0216
-1.947801e-06	-0.02145
-1.945801e-06	-0.02205
-1.943801e-06	-0.0216
-1.941801e-06	-0.0216
-1.939801e-06	-0.02115
-1.937801e-06	-0.0219
-1.935801e-06	-0.0216
-1.933801e-06	-0.0216
-1.931801e-06	-0.02115
-1.929801e-06	-0.0219
-1.927801e-06	-0.02145
-1.925801e-06	-0.0219
-1.923801e-06	-0.02085
-1.921801e-06	-0.0216
-1.919801e-06	-0.021
-1.917801e-06	-0.0219
-1.915801e-06	-0.0219
-1.913801e-06	-0.0222
-1.911801e-06	-0.0216
-1.909801e-06	-0.0216
-1.907801e-06	-0.0222
-1.905801e-06	-0.0222
-1.903801e-06	-0.02175
-1.901801e-06	-0.0219
-1.899801e-06	-0.0207
-1.897801e-06	-0.021
-1.895801e-06	-0.0201
-1.893801e-06	-0.02025
-1.891801e-06	-0.0201
-1.889801e-06	-0.02085
-1.887801e-06	-0.02055
-1.885801e-06	-0.02085
-1.883801e-06	-0.0198
-1.881801e-06	-0.02055
-1.879801e-06	-0.021
-1.877801e-06	-0.02115
-1.875801e-06	-0.02055
-1.873801e-06	-0.02175
-1.871801e-06	-0.02115
-1.869801e-06	-0.0213
-1.867801e-06	-0.0207
-1.865801e-06	-0.021
-1.863801e-06	-0.0207
-1.861801e-06	-0.021
-1.859801e-06	-0.0207
-1.857801e-06	-0.02115
-1.855801e-06	-0.0204
-1.853801e-06	-0.0207
-1.851801e-06	-0.021
-1.849801e-06	-0.0213
-1.847801e-06	-0.02115
-1.845801e-06	-0.02145
-1.843801e-06	-0.02175
-1.841801e-06	-0.02115
-1.839801e-06	-0.02145
-1.837801e-06	-0.0213
-1.835801e-06	-0.02115
-1.833801e-06	-0.02205
-1.831801e-06	-0.021
-1.829801e-06	-0.02085
-1.827801e-06	-0.0207
-1.825801e-06	-0.021
-1.823801e-06	-0.0207
-1.821801e-06	-0.021
-1.819801e-06	-0.02085
-1.817801e-06	-0.0213
-1.815801e-06	-0.02085
-1.813801e-06	-0.02115
-1.811801e-06	-0.02115
-1.809801e-06	-0.021
-1.807801e-06	-0.02085
-1.805801e-06	-0.02115
-1.803801e-06	-0.0213
-1.801801e-06	-0.02115
-1.799801e-06	-0.0219
-1.797801e-06	-0.0216
-1.795801e-06	-0.0219
-1.793801e-06	-0.02175
-1.791801e-06	-0.02145
-1.789801e-06	-0.0213
-1.787801e-06	-0.02145
-1.785801e-06	-0.02175
-1.783801e-06	-0.0213
-1.781801e-06	-0.0216
-1.779801e-06	-0.0219
-1.777801e-06	-0.02235
-1.775801e-06	-0.0219
-1.773801e-06	-0.02145
-1.771801e-06	-0.0216
-1.769801e-06	-0.0222
-1.767801e-06	-0.02205
-1.765801e-06	-0.0225
-1.763801e-06	-0.02205
-1.761801e-06	-0.02265
-1.759801e-06	-0.0222
-1.757801e-06	-0.0222
-1.755801e-06	-0.02235
-1.753801e-06	-0.02265
-1.751801e-06	-0.02205
-1.749801e-06	-0.02205
-1.747801e-06	-0.02205
-1.745801e-06	-0.0213
-1.743801e-06	-0.0222
-1.741801e-06	-0.02205
-1.739801e-06	-0.02175
-1.737801e-06	-0.02145
-1.735801e-06	-0.02055
-1.733801e-06	-0.0204
-1.731801e-06	-0.0201
-1.729801e-06	-0.0207
-1.727801e-06	-0.0204
-1.725801e-06	-0.02055
-1.723801e-06	-0.02055
-1.721801e-06	-0.02115
-1.719801e-06	-0.0207
-1.717801e-06	-0.02025
-1.715801e-06	-0.01935
-1.713801e-06	-0.01905
-1.711801e-06	-0.0192
-1.709801e-06	-0.01935
-1.707801e-06	-0.0189
-1.705801e-06	-0.0195
-1.703801e-06	-0.01905
-1.701801e-06	-0.01965
-1.699801e-06	-0.0192
-1.697801e-06	-0.01935
-1.695801e-06	-0.0192
-1.693801e-06	-0.0195
-1.691801e-06	-0.0189
-1.689801e-06	-0.0192
-1.687801e-06	-0.0192
-1.685801e-06	-0.01965
-1.683801e-06	-0.0198
-1.681801e-06	-0.01965
-1.679801e-06	-0.0198
-1.677801e-06	-0.0198
-1.675801e-06	-0.01935
-1.673801e-06	-0.0198
-1.671801e-06	-0.01995
-1.669801e-06	-0.01995
-1.667801e-06	-0.01935
-1.665801e-06	-0.02025
-1.663801e-06	-0.02025
-1.661801e-06	-0.0207
-1.659801e-06	-0.02025
-1.657801e-06	-0.02085
-1.655801e-06	-0.02115
-1.653801e-06	-0.021
-1.651801e-06	-0.02115
-1.649801e-06	-0.0216
-1.647801e-06	-0.0213
-1.645801e-06	-0.0216
-1.643801e-06	-0.021
-1.641801e-06	-0.02085
-1.639801e-06	-0.02085
-1.637801e-06	-0.02115
-1.635801e-06	-0.02085
-1.633801e-06	-0.02055
-1.631801e-06	-0.0207
-1.629801e-06	-0.0207
-1.627801e-06	-0.0204
-1.625801e-06	-0.02055
-1.623801e-06	-0.0201
-1.621801e-06	-0.0201
-1.619801e-06	-0.0201
-1.617801e-06	-0.02025
-1.615801e-06	-0.0201
-1.613801e-06	-0.02025
-1.611801e-06	-0.02025
-1.609801e-06	-0.01995
-1.607801e-06	-0.0204
-1.605801e-06	-0.02025
-1.603801e-06	-0.0207
-1.601801e-06	-0.02085
-1.599801e-06	-0.0207
-1.597801e-06	-0.02085
-1.595801e-06	-0.02085
-1.593801e-06	-0.02085
-1.591801e-06	-0.0207
-1.589801e-06	-0.02175
-1.587801e-06	-0.02115
-1.585801e-06	-0.02085
-1.583801e-06	-0.02085
-1.581801e-06	-0.0213
-1.579801e-06	-0.02115
-1.577801e-06	-0.02175
-1.575801e-06	-0.02145
-1.573801e-06	-0.02235
-1.571801e-06	-0.02115
-1.569801e-06	-0.0219
-1.567801e-06	-0.02145
-1.565801e-06	-0.02205
-1.563801e-06	-0.0213
-1.561801e-06	-0.02205
-1.559801e-06	-0.02115
-1.557801e-06	-0.0219
-1.555801e-06	-0.0213
-1.553801e-06	-0.02205
-1.551801e-06	-0.0207
-1.549801e-06	-0.02145
-1.547801e-06	-0.0219
-1.545801e-06	-0.0219
-1.543801e-06	-0.0219
-1.541801e-06	-0.0225
-1.539801e-06	-0.02235
-1.537801e-06	-0.02205
-1.535801e-06	-0.0222
-1.533801e-06	-0.0219
-1.531801e-06	-0.02205
-1.529801e-06	-0.0225
-1.527801e-06	-0.02235
-1.525801e-06	-0.0225
-1.523801e-06	-0.02235
-1.521801e-06	-0.02325
-1.519801e-06	-0.02205
-1.517801e-06	-0.0225
-1.515801e-06	-0.02265
-1.513801e-06	-0.0228
-1.511801e-06	-0.02205
-1.509801e-06	-0.0225
-1.507801e-06	-0.02205
-1.505801e-06	-0.0225
-1.503801e-06	-0.021
-1.501801e-06	-0.02235
-1.499801e-06	-0.02175
-1.497801e-06	-0.0216
-1.495801e-06	-0.0213
-1.493801e-06	-0.02145
-1.491801e-06	-0.02085
-1.489801e-06	-0.02085
-1.487801e-06	-0.02115
-1.485801e-06	-0.02055
-1.483801e-06	-0.02025
-1.481801e-06	-0.0204
-1.479801e-06	-0.02055
-1.477801e-06	-0.02025
-1.475801e-06	-0.01965
-1.473801e-06	-0.01995
-1.471801e-06	-0.01995
-1.469801e-06	-0.0201
-1.467801e-06	-0.01995
-1.465801e-06	-0.01935
-1.463801e-06	-0.0192
-1.461801e-06	-0.01935
-1.459801e-06	-0.0192
-1.457801e-06	-0.0195
-1.455801e-06	-0.01935
-1.453801e-06	-0.018
-1.451801e-06	-0.01785
-1.449801e-06	-0.01815
-1.447801e-06	-0.0183
-1.445801e-06	-0.01725
-1.443801e-06	-0.01665
-1.441801e-06	-0.01755
-1.439801e-06	-0.0177
-1.437801e-06	-0.0177
-1.435801e-06	-0.01755
-1.433801e-06	-0.0177
-1.431801e-06	-0.01755
-1.429801e-06	-0.01815
-1.427801e-06	-0.0174
-1.425801e-06	-0.01785
-1.423801e-06	-0.01815
-1.421801e-06	-0.01785
-1.419801e-06	-0.0171
-1.417801e-06	-0.01845
-1.415801e-06	-0.01815
-1.413801e-06	-0.01845
-1.411801e-06	-0.0174
-1.409801e-06	-0.01905
-1.407801e-06	-0.01815
-1.405801e-06	-0.01815
-1.403801e-06	-0.01755
-1.401801e-06	-0.01815
-1.399801e-06	-0.01845
-1.397801e-06	-0.01845
-1.395801e-06	-0.0183
-1.393801e-06	-0.01845
-1.391801e-06	-0.01815
-1.389801e-06	-0.0183
-1.387801e-06	-0.0183
-1.385801e-06	-0.0186
-1.383801e-06	-0.0189
-1.381801e-06	-0.0189
-1.379801e-06	-0.018
-1.377801e-06	-0.01845
-1.375801e-06	-0.01845
-1.373801e-06	-0.01845
-1.371801e-06	-0.01785
-1.369801e-06	-0.01845
-1.367801e-06	-0.0189
-1.365801e-06	-0.0189
-1.363801e-06	-0.0186
-1.361801e-06	-0.0189
-1.359801e-06	-0.0189
-1.357801e-06	-0.01965
-1.355801e-06	-0.0192
-1.353801e-06	-0.0192
-1.351801e-06	-0.01935
-1.349801e-06	-0.01995
-1.347801e-06	-0.01995
-1.345801e-06	-0.02025
-1.343801e-06	-0.0198
-1.341801e-06	-0.02055
-1.339801e-06	-0.0204
-1.337801e-06	-0.0207
-1.335801e-06	-0.02055
-1.333801e-06	-0.0207
-1.331801e-06	-0.0201
-1.329801e-06	-0.021
-1.327801e-06	-0.02085
-1.325801e-06	-0.02085
-1.323801e-06	-0.0207
-1.321801e-06	-0.0207
-1.319801e-06	-0.01995
-1.317801e-06	-0.0204
-1.315801e-06	-0.0201
-1.313801e-06	-0.0207
-1.311801e-06	-0.0198
-1.309801e-06	-0.0204
-1.307801e-06	-0.01995
-1.305801e-06	-0.0201
-1.303801e-06	-0.01995
-1.301801e-06	-0.0204
-1.299801e-06	-0.01995
-1.297801e-06	-0.01995
-1.295801e-06	-0.0204
-1.293801e-06	-0.01995
-1.291801e-06	-0.01935
-1.289801e-06	-0.0198
-1.287801e-06	-0.01935
-1.285801e-06	-0.01995
-1.283801e-06	-0.0195
-1.281801e-06	-0.0201
-1.279801e-06	-0.0198
-1.277801e-06	-0.0198
-1.275801e-06	-0.0192
-1.273801e-06	-0.021
-1.271801e-06	-0.0201
-1.269801e-06	-0.0207
-1.267801e-06	-0.02055
-1.265801e-06	-0.02115
-1.263801e-06	-0.021
-1.261801e-06	-0.021
-1.259801e-06	-0.02025
-1.257801e-06	-0.0207
-1.255801e-06	-0.01995
-1.253801e-06	-0.01935
-1.251801e-06	-0.01935
-1.249801e-06	-0.0198
-1.247801e-06	-0.01935
-1.245801e-06	-0.01995
-1.243801e-06	-0.0192
-1.241801e-06	-0.0198
-1.239801e-06	-0.01935
-1.237801e-06	-0.0192
-1.235801e-06	-0.0189
-1.233801e-06	-0.0189
-1.231801e-06	-0.01875
-1.229801e-06	-0.01875
-1.227801e-06	-0.01875
-1.225801e-06	-0.0189
-1.223801e-06	-0.01905
-1.221801e-06	-0.0198
-1.219801e-06	-0.0192
-1.217801e-06	-0.0204
-1.215801e-06	-0.01965
-1.213801e-06	-0.0207
-1.211801e-06	-0.01995
-1.209801e-06	-0.0204
-1.207801e-06	-0.0201
-1.205801e-06	-0.02055
-1.203801e-06	-0.01995
-1.201801e-06	-0.021
-1.199801e-06	-0.0216
-1.197801e-06	-0.02115
-1.195801e-06	-0.02055
-1.193801e-06	-0.02235
-1.191801e-06	-0.0213
-1.189801e-06	-0.02205
-1.187801e-06	-0.0216
-1.185801e-06	-0.0219
-1.183801e-06	-0.02145
-1.181801e-06	-0.0216
-1.179801e-06	-0.0219
-1.177801e-06	-0.02175
-1.175801e-06	-0.0216
-1.173801e-06	-0.02235
-1.171801e-06	-0.02175
-1.169801e-06	-0.0219
-1.167801e-06	-0.0219
-1.165801e-06	-0.0225
-1.163801e-06	-0.02235
-1.161801e-06	-0.0228
-1.159801e-06	-0.02295
-1.157801e-06	-0.02265
-1.155801e-06	-0.0228
-1.153801e-06	-0.0231
-1.151801e-06	-0.0231
-1.149801e-06	-0.02295
-1.147801e-06	-0.0225
-1.145801e-06	-0.0225
-1.143801e-06	-0.0219
-1.141801e-06	-0.0225
-1.139801e-06	-0.0225
-1.137801e-06	-0.02265
-1.135801e-06	-0.0231
-1.133801e-06	-0.0225
-1.131801e-06	-0.02205
-1.129801e-06	-0.0228
-1.127801e-06	-0.02295
-1.125801e-06	-0.02265
-1.123801e-06	-0.02205
-1.121801e-06	-0.02265
-1.119801e-06	-0.0228
-1.117801e-06	-0.02235
-1.115801e-06	-0.0222
-1.113801e-06	-0.02265
-1.111801e-06	-0.02295
-1.109801e-06	-0.02235
-1.107801e-06	-0.0219
-1.105801e-06	-0.02175
-1.103801e-06	-0.0216
-1.101801e-06	-0.02175
-1.099801e-06	-0.0213
-1.097801e-06	-0.02175
-1.095801e-06	-0.0213
-1.093801e-06	-0.02055
-1.091801e-06	-0.0204
-1.089801e-06	-0.02115
-1.087801e-06	-0.02085
-1.085801e-06	-0.02085
-1.083801e-06	-0.0195
-1.081801e-06	-0.0201
-1.079801e-06	-0.01995
-1.077801e-06	-0.02025
-1.075801e-06	-0.0195
-1.073801e-06	-0.0198
-1.071801e-06	-0.0192
-1.069801e-06	-0.01965
-1.067801e-06	-0.0192
-1.065801e-06	-0.0198
-1.063801e-06	-0.01935
-1.061801e-06	-0.0189
-1.059801e-06	-0.0189
-1.057801e-06	-0.0195
-1.055801e-06	-0.01965
-1.053801e-06	-0.01935
-1.051801e-06	-0.0192
-1.049801e-06	-0.02025
-1.047801e-06	-0.02025
-1.045801e-06	-0.0201
-1.043801e-06	-0.02025
-1.041801e-06	-0.02055
-1.039801e-06	-0.0207
-1.037801e-06	-0.0213
-1.035801e-06	-0.02085
-1.033801e-06	-0.02175
-1.031801e-06	-0.0207
-1.029801e-06	-0.021
-1.027801e-06	-0.02025
-1.025801e-06	-0.02055
-1.023801e-06	-0.021
-1.021801e-06	-0.0207
-1.019801e-06	-0.0204
-1.017801e-06	-0.021
-1.015801e-06	-0.0207
-1.013801e-06	-0.0204
-1.011801e-06	-0.01995
-1.009801e-06	-0.02085
-1.007801e-06	-0.02115
-1.005801e-06	-0.0207
-1.003801e-06	-0.01995
-1.001801e-06	-0.0207
-9.998009e-07	-0.0204
-9.978009e-07	-0.02145
-9.958009e-07	-0.02055
-9.938009e-07	-0.02085
-9.918009e-07	-0.0204
-9.898009e-07	-0.0204
-9.878009e-07	-0.0204
-9.858009e-07	-0.02085
-9.838009e-07	-0.021
-9.818009e-07	-0.02145
-9.798009e-07	-0.021
-9.778009e-07	-0.0216
-9.758009e-07	-0.02115
-9.738009e-07	-0.0219
-9.718009e-07	-0.0213
-9.698009e-07	-0.0219
-9.678009e-07	-0.02115
-9.658009e-07	-0.02205
-9.638009e-07	-0.0213
-9.618009e-07	-0.0219
-9.598009e-07	-0.0216
-9.578009e-07	-0.0222
-9.558009e-07	-0.02145
-9.538009e-07	-0.0222
-9.518009e-07	-0.0225
-9.498009e-07	-0.02175
-9.478009e-07	-0.0219
-9.458009e-07	-0.02205
-9.438009e-07	-0.0225
-9.418009e-07	-0.0222
-9.398009e-07	-0.0219
-9.378009e-07	-0.0222
-9.358009e-07	-0.0222
-9.338009e-07	-0.0222
-9.318009e-07	-0.02115
-9.298009e-07	-0.02205
-9.278009e-07	-0.02235
-9.258009e-07	-0.02205
-9.238009e-07	-0.02235
-9.218009e-07	-0.0231
-9.198009e-07	-0.0228
-9.178009e-07	-0.02235
-9.158009e-07	-0.02235
-9.138009e-07	-0.02325
-9.118009e-07	-0.0231
-9.098009e-07	-0.0231
-9.078009e-07	-0.0222
-9.058009e-07	-0.02355
-9.038009e-07	-0.0231
-9.018009e-07	-0.0231
-8.998009e-07	-0.0228
-8.978009e-07	-0.0228
-8.958009e-07	-0.02235
-8.938009e-07	-0.0222
-8.918009e-07	-0.0219
-8.898009e-07	-0.0219
-8.878009e-07	-0.02205
-8.858009e-07	-0.02205
-8.838009e-07	-0.02175
-8.818009e-07	-0.02205
-8.798009e-07	-0.02205
-8.778009e-07	-0.0222
-8.758009e-07	-0.0216
-8.738009e-07	-0.0225
-8.718009e-07	-0.0225
-8.698009e-07	-0.02205
-8.678009e-07	-0.0219
-8.658009e-07	-0.0228
-8.638009e-07	-0.02205
-8.618009e-07	-0.02205
-8.598009e-07	-0.0225
-8.578009e-07	-0.02205
-8.558009e-07	-0.021
-8.538009e-07	-0.02145
-8.518009e-07	-0.02145
-8.498009e-07	-0.02115
-8.478009e-07	-0.02085
-8.458009e-07	-0.02115
-8.438009e-07	-0.02115
-8.418009e-07	-0.0219
-8.398009e-07	-0.02145
-8.378009e-07	-0.0216
-8.358009e-07	-0.02115
-8.338009e-07	-0.0207
-8.318009e-07	-0.02085
-8.298009e-07	-0.021
-8.278009e-07	-0.0207
-8.258009e-07	-0.02115
-8.238009e-07	-0.0207
-8.218009e-07	-0.02115
-8.198009e-07	-0.0207
-8.178009e-07	-0.02025
-8.158009e-07	-0.02085
-8.138009e-07	-0.0204
-8.118009e-07	-0.021
-8.098009e-07	-0.02145
-8.078009e-07	-0.021
-8.058009e-07	-0.02085
-8.038009e-07	-0.02025
-8.018009e-07	-0.0213
-7.998009e-07	-0.0207
-7.978009e-07	-0.021
-7.958009e-07	-0.02025
-7.938009e-07	-0.021
-7.918009e-07	-0.0204
-7.898009e-07	-0.0204
-7.878009e-07	-0.02085
-7.858009e-07	-0.02085
-7.838009e-07	-0.02085
-7.818009e-07	-0.02085
-7.798009e-07	-0.02115
-7.778009e-07	-0.02145
-7.758009e-07	-0.02145
-7.738009e-07	-0.02115
-7.718009e-07	-0.02145
-7.698009e-07	-0.021
-7.678009e-07	-0.02145
-7.658009e-07	-0.021
-7.638009e-07	-0.02085
-7.618009e-07	-0.0207
-7.598009e-07	-0.02055
-7.578009e-07	-0.02055
-7.558009e-07	-0.0204
-7.538009e-07	-0.02085
-7.518009e-07	-0.021
-7.498009e-07	-0.02115
-7.478009e-07	-0.02055
-7.458009e-07	-0.0204
-7.438009e-07	-0.0204
-7.418009e-07	-0.02025
-7.398009e-07	-0.02025
-7.378009e-07	-0.02085
-7.358009e-07	-0.0207
-7.338009e-07	-0.02025
-7.318009e-07	-0.0201
-7.298009e-07	-0.02085
-7.278009e-07	-0.01995
-7.258009e-07	-0.0204
-7.238009e-07	-0.0204
-7.218009e-07	-0.0204
-7.198009e-07	-0.01995
-7.178009e-07	-0.02055
-7.158009e-07	-0.0204
-7.138009e-07	-0.02055
-7.118009e-07	-0.0201
-7.098009e-07	-0.0198
-7.078009e-07	-0.0198
-7.058009e-07	-0.02055
-7.038009e-07	-0.0192
-7.018009e-07	-0.0195
-6.998009e-07	-0.0192
-6.978009e-07	-0.0201
-6.958009e-07	-0.01995
-6.938009e-07	-0.01965
-6.918009e-07	-0.01965
-6.898009e-07	-0.0195
-6.878009e-07	-0.0192
-6.858009e-07	-0.0189
-6.838009e-07	-0.0189
-6.818009e-07	-0.01965
-6.798009e-07	-0.01935
-6.778009e-07	-0.0192
-6.758009e-07	-0.01905
-6.738009e-07	-0.0195
-6.718009e-07	-0.0192
-6.698009e-07	-0.0195
-6.678009e-07	-0.01905
-6.658009e-07	-0.01875
-6.638009e-07	-0.01905
-6.618009e-07	-0.0192
-6.598009e-07	-0.01875
-6.578009e-07	-0.01935
-6.558009e-07	-0.01935
-6.538009e-07	-0.0195
-6.518009e-07	-0.0192
-6.498009e-07	-0.01905
-6.478009e-07	-0.0189
-6.458009e-07	-0.01935
-6.438009e-07	-0.0189
-6.418009e-07	-0.01905
-6.398009e-07	-0.01875
-6.378009e-07	-0.01905
-6.358009e-07	-0.0192
-6.338009e-07	-0.0198
-6.318009e-07	-0.01935
-6.298009e-07	-0.01995
-6.278009e-07	-0.01995
-6.258009e-07	-0.0204
-6.238009e-07	-0.01995
-6.218009e-07	-0.02055
-6.198009e-07	-0.01995
-6.178009e-07	-0.021
-6.158009e-07	-0.021
-6.138009e-07	-0.0213
-6.118009e-07	-0.02175
-6.098009e-07	-0.0219
-6.078009e-07	-0.021
-6.058009e-07	-0.021
-6.038009e-07	-0.02175
-6.018009e-07	-0.0219
-5.998009e-07	-0.02235
-5.978009e-07	-0.0225
-5.958009e-07	-0.02235
-5.938009e-07	-0.02235
-5.918009e-07	-0.02205
-5.898009e-07	-0.0222
-5.878009e-07	-0.0219
-5.858009e-07	-0.02145
-5.838009e-07	-0.02145
-5.818009e-07	-0.02145
-5.798009e-07	-0.02115
-5.778009e-07	-0.021
-5.758009e-07	-0.021
-5.738009e-07	-0.0213
-5.718009e-07	-0.021
-5.698009e-07	-0.02175
-5.678009e-07	-0.0219
-5.658009e-07	-0.0219
-5.638009e-07	-0.02145
-5.618009e-07	-0.0219
-5.598009e-07	-0.02145
-5.578009e-07	-0.021
-5.558009e-07	-0.02145
-5.538009e-07	-0.0222
-5.518009e-07	-0.021
-5.498009e-07	-0.0216
-5.478009e-07	-0.0216
-5.458009e-07	-0.0216
-5.438009e-07	-0.0213
-5.418009e-07	-0.02085
-5.398009e-07	-0.02115
-5.378009e-07	-0.0216
-5.358009e-07	-0.0213
-5.338009e-07	-0.02145
-5.318009e-07	-0.0213
-5.298009e-07	-0.02175
-5.278009e-07	-0.021
-5.258009e-07	-0.02205
-5.238009e-07	-0.02145
-5.218009e-07	-0.02205
-5.198009e-07	-0.0219
-5.178009e-07	-0.02145
-5.158009e-07	-0.0213
-5.138009e-07	-0.02145
-5.118009e-07	-0.021
-5.098009e-07	-0.0216
-5.078009e-07	-0.0204
-5.058009e-07	-0.0213
-5.038009e-07	-0.021
-5.018009e-07	-0.0213
-4.998009e-07	-0.0204
-4.978009e-07	-0.0213
-4.958009e-07	-0.02085
-4.938009e-07	-0.02085
-4.918009e-07	-0.02055
-4.898009e-07	-0.0213
-4.878009e-07	-0.021
-4.858009e-07	-0.02085
-4.838009e-07	-0.02025
-4.818009e-07	-0.0207
-4.798009e-07	-0.02055
-4.778009e-07	-0.0216
-4.758009e-07	-0.01995
-4.738009e-07	-0.02025
-4.718009e-07	-0.021
-4.698009e-07	-0.02115
-4.678009e-07	-0.02145
-4.658009e-07	-0.02145
-4.638009e-07	-0.02175
-4.618009e-07	-0.02115
-4.598009e-07	-0.0222
-4.578009e-07	-0.0213
-4.558009e-07	-0.0216
-4.538009e-07	-0.021
-4.518009e-07	-0.02055
-4.498009e-07	-0.02115
-4.478009e-07	-0.02055
-4.458009e-07	-0.02055
-4.438009e-07	-0.0201
-4.418009e-07	-0.02025
-4.398009e-07	-0.0198
-4.378009e-07	-0.0198
-4.358009e-07	-0.01905
-4.338009e-07	-0.0198
-4.318009e-07	-0.0195
-4.298009e-07	-0.0192
-4.278009e-07	-0.01935
-4.258009e-07	-0.01965
-4.238009e-07	-0.0192
-4.218009e-07	-0.01965
-4.198009e-07	-0.01935
-4.178009e-07	-0.0189
-4.158009e-07	-0.0195
-4.138009e-07	-0.0195
-4.118009e-07	-0.01905
-4.098009e-07	-0.01935
-4.078009e-07	-0.01905
-4.058009e-07	-0.01995
-4.038009e-07	-0.01965
-4.018009e-07	-0.01935
-3.998009e-07	-0.01935
-3.978009e-07	-0.0192
-3.958009e-07	-0.0186
-3.938009e-07	-0.0189
-3.918009e-07	-0.01905
-3.898009e-07	-0.01845
-3.878009e-07	-0.01845
-3.858009e-07	-0.0192
-3.838009e-07	-0.01905
-3.818009e-07	-0.01875
-3.798009e-07	-0.0183
-3.778009e-07	-0.01815
-3.758009e-07	-0.0186
-3.738009e-07	-0.0183
-3.718009e-07	-0.0177
-3.698009e-07	-0.01725
-3.678009e-07	-0.0168
-3.658009e-07	-0.0165
-3.638009e-07	-0.01635
-3.618009e-07	-0.01635
-3.598009e-07	-0.01605
-3.578009e-07	-0.0162
-3.558009e-07	-0.01605
-3.538009e-07	-0.01605
-3.518009e-07	-0.01575
-3.498009e-07	-0.0168
-3.478009e-07	-0.01665
-3.458009e-07	-0.0168
-3.438009e-07	-0.0168
-3.418009e-07	-0.0162
-3.398009e-07	-0.0165
-3.378009e-07	-0.0162
-3.358009e-07	-0.01635
-3.338009e-07	-0.01575
-3.318009e-07	-0.0156
-3.298009e-07	-0.0165
-3.278009e-07	-0.01545
-3.258009e-07	-0.0156
-3.238009e-07	-0.0144
-3.218009e-07	-0.0153
-3.198009e-07	-0.0144
-3.178009e-07	-0.0147
-3.158009e-07	-0.015
-3.138009e-07	-0.0156
-3.118009e-07	-0.0153
-3.098009e-07	-0.0153
-3.078009e-07	-0.01575
-3.058009e-07	-0.01545
-3.038009e-07	-0.01635
-3.018009e-07	-0.01665
-2.998009e-07	-0.01575
-2.978009e-07	-0.01635
-2.958009e-07	-0.01665
-2.938009e-07	-0.0168
-2.918009e-07	-0.0165
-2.898009e-07	-0.0177
-2.878009e-07	-0.01815
-2.858009e-07	-0.018
-2.838009e-07	-0.018
-2.818009e-07	-0.0183
-2.798009e-07	-0.0183
-2.778009e-07	-0.01815
-2.758009e-07	-0.01875
-2.738009e-07	-0.0192
-2.718009e-07	-0.01905
-2.698009e-07	-0.0189
-2.678009e-07	-0.01935
-2.658009e-07	-0.01935
-2.638009e-07	-0.0198
-2.618009e-07	-0.0198
-2.598009e-07	-0.0195
-2.578009e-07	-0.0204
-2.558009e-07	-0.02025
-2.538009e-07	-0.0207
-2.518009e-07	-0.021
-2.498009e-07	-0.0204
-2.478009e-07	-0.01995
-2.458009e-07	-0.02085
-2.438009e-07	-0.0207
-2.418009e-07	-0.021
-2.398009e-07	-0.021
-2.378009e-07	-0.0213
-2.358009e-07	-0.021
-2.338009e-07	-0.021
-2.318009e-07	-0.02115
-2.298009e-07	-0.02205
-2.278009e-07	-0.021
-2.258009e-07	-0.02145
-2.238009e-07	-0.021
-2.218009e-07	-0.02145
-2.198009e-07	-0.0207
-2.178009e-07	-0.02145
-2.158009e-07	-0.02115
-2.138009e-07	-0.0213
-2.118009e-07	-0.0213
-2.098009e-07	-0.02145
-2.078009e-07	-0.02115
-2.058009e-07	-0.0219
-2.038009e-07	-0.0213
-2.018009e-07	-0.0213
-1.998009e-07	-0.02115
-1.978009e-07	-0.02175
-1.958009e-07	-0.02205
-1.938009e-07	-0.0228
-1.918009e-07	-0.02175
-1.898009e-07	-0.0213
-1.878009e-07	-0.0213
-1.858009e-07	-0.0222
-1.838009e-07	-0.0219
-1.818009e-07	-0.0216
-1.798009e-07	-0.0216
-1.778009e-07	-0.0216
-1.758009e-07	-0.02175
-1.738009e-07	-0.0216
-1.718009e-07	-0.02085
-1.698009e-07	-0.0225
-1.678009e-07	-0.0219
-1.658009e-07	-0.02175
-1.638009e-07	-0.02175
-1.618009e-07	-0.0219
-1.598009e-07	-0.0216
-1.578009e-07	-0.02235
-1.558009e-07	-0.02175
-1.538009e-07	-0.0216
-1.518009e-07	-0.0213
-1.498009e-07	-0.02235
-1.478009e-07	-0.0219
-1.458009e-07	-0.02175
-1.438009e-07	-0.0216
-1.418009e-07	-0.0219
-1.398009e-07	-0.0213
-1.378009e-07	-0.0222
-1.358009e-07	-0.02175
-1.338009e-07	-0.0222
-1.318009e-07	-0.0219
-1.298009e-07	-0.02175
-1.278009e-07	-0.02175
-1.258009e-07	-0.02265
-1.238009e-07	-0.0222
-1.218009e-07	-0.02295
-1.198009e-07	-0.02265
-1.178009e-07	-0.0225
-1.158009e-07	-0.02265
-1.138009e-07	-0.0228
-1.118009e-07	-0.02295
-1.098009e-07	-0.02265
-1.078009e-07	-0.0225
-1.058009e-07	-0.02265
-1.038009e-07	-0.0225
-1.018009e-07	-0.02265
-9.980091e-08	-0.0225
-9.780091e-08	-0.02265
-9.580091e-08	-0.02235
-9.380091e-08	-0.02325
-9.180091e-08	-0.02265
-8.980091e-08	-0.0234
-8.780091e-08	-0.0234
-8.580091e-08	-0.0234
-8.380091e-08	-0.0234
-8.180091e-08	-0.02355
-7.980091e-08	-0.02385
-7.780091e-08	-0.02355
-7.580091e-08	-0.0237
-7.380091e-08	-0.0234
-7.180091e-08	-0.0234
-6.980091e-08	-0.02325
-6.780091e-08	-0.02295
-6.580091e-08	-0.02325
-6.380091e-08	-0.02355
-6.180091e-08	-0.02355
-5.980091e-08	-0.0237
-5.780091e-08	-0.0237
-5.580091e-08	-0.02325
-5.380091e-08	-0.02325
-5.180091e-08	-0.0228
-4.980091e-08	-0.02325
-4.780091e-08	-0.0234
-4.580091e-08	-0.0234
-4.380091e-08	-0.024
-4.180091e-08	-0.02385
-3.980091e-08	-0.02385
-3.780091e-08	-0.024
-3.580091e-08	-0.0234
-3.380091e-08	-0.02385
-3.180091e-08	-0.0234
-2.980091e-08	-0.0237
-2.780091e-08	-0.0231
-2.580091e-08	-0.02355
-2.380091e-08	-0.02355
-2.180091e-08	-0.02325
-1.980091e-08	-0.0228
-1.780091e-08	-0.0231
-1.580091e-08	-0.02355
-1.380091e-08	-0.02325
-1.180091e-08	-0.0225
-9.800912e-09	-0.0234
-7.800912e-09	-0.02295
-5.800912e-09	-0.0225
-3.800912e-09	-0.0225
-1.800912e-09	-0.0231
1.990882e-10	-0.0228
2.199088e-09	-0.02295
4.199088e-09	-0.0228
6.199088e-09	-0.02325
8.199088e-09	-0.02265
1.019909e-08	-0.02295
1.219909e-08	-0.0234
1.419909e-08	-0.02355
1.619909e-08	-0.02325
1.819909e-08	-0.0234
2.019909e-08	-0.02325
2.219909e-08	-0.02325
2.419909e-08	-0.02295
2.619909e-08	-0.0228
2.819909e-08	-0.0225
3.019909e-08	-0.0228
3.219909e-08	-0.0225
3.419909e-08	-0.0225
3.619909e-08	-0.02205
3.819909e-08	-0.0222
4.019909e-08	-0.0228
4.219909e-08	-0.0231
4.419909e-08	-0.02295
4.619909e-08	-0.0228
4.819909e-08	-0.02235
5.019909e-08	-0.0222
5.219909e-08	-0.0219
5.419909e-08	-0.02265
5.619909e-08	-0.0228
5.819909e-08	-0.0225
6.019909e-08	-0.02205
6.219909e-08	-0.02235
6.419909e-08	-0.0228
6.619909e-08	-0.02235
6.819909e-08	-0.02145
7.019909e-08	-0.02235
7.219909e-08	-0.0216
7.419909e-08	-0.0222
7.619909e-08	-0.0219
7.819909e-08	-0.0216
8.019909e-08	-0.02115
8.219909e-08	-0.021
8.419909e-08	-0.0213
8.619909e-08	-0.021
8.819909e-08	-0.021
9.019909e-08	-0.0207
9.219909e-08	-0.01995
9.419909e-08	-0.0204
9.619909e-08	-0.01995
9.819909e-08	-0.01995
1.001991e-07	-0.01935
1.021991e-07	-0.01995
1.041991e-07	-0.0192
1.061991e-07	-0.01995
1.081991e-07	-0.01905
1.101991e-07	-0.0189
1.121991e-07	-0.0189
1.141991e-07	-0.01845
1.161991e-07	-0.018
1.181991e-07	-0.01935
1.201991e-07	-0.01875
1.221991e-07	-0.0192
1.241991e-07	-0.01875
1.261991e-07	-0.0186
1.281991e-07	-0.01755
1.301991e-07	-0.01665
1.321991e-07	-0.0129
1.341991e-07	-0.0051
1.361991e-07	0.0066
1.381991e-07	0.0252
1.401991e-07	0.0495
1.421991e-07	0.07515
1.441991e-07	0.10125
1.461991e-07	0.1272
1.481991e-07	0.1536
1.501991e-07	0.1776
1.521991e-07	0.20025
1.541991e-07	0.2208
1.561991e-07	0.24075
1.581991e-07	0.25695
1.601991e-07	0.2724
1.621991e-07	0.2844
1.641991e-07	0.29655
1.661991e-07	0.30555
1.681991e-07	0.31425
1.701991e-07	0.3204
1.721991e-07	0.3252
1.741991e-07	0.32805
1.761991e-07	0.33105
1.781991e-07	0.3312
1.801991e-07	0.33105
1.821991e-07	0.3297
1.841991e-07	0.3282
1.861991e-07	0.32445
1.881991e-07	0.32145
1.901991e-07	0.31725
1.921991e-07	0.31245
1.941991e-07	0.30645
1.961991e-07	0.3006
1.981991e-07	0.29355
2.001991e-07	0.28785
2.021991e-07	0.2805
2.041991e-07	0.2739
2.061991e-07	0.26565
2.081991e-07	0.2586
2.101991e-07	0.25005
2.121991e-07	0.24315
2.141991e-07	0.2349
2.161991e-07	0.228
2.181991e-07	0.21945
2.201991e-07	0.21225
2.221991e-07	0.2043
2.241991e-07	0.1974
2.261991e-07	0.1899
2.281991e-07	0.18315
2.301991e-07	0.17595
2.321991e-07	0.16875
2.341991e-07	0.16095
2.361991e-07	0.1551
2.381991e-07	0.14835
2.401991e-07	0.1425
2.421991e-07	0.1362
2.441991e-07	0.1305
2.461991e-07	0.1242
2.481991e-07	0.1191
2.501991e-07	0.11265
2.521991e-07	0.10875
2.541991e-07	0.10305
2.561991e-07	0.09765
2.581991e-07	0.09345
2.601991e-07	0.08865
2.621991e-07	0.08385
2.641991e-07	0.07935
2.661991e-07	0.0756
2.681991e-07	0.072
2.701991e-07	0.06765
2.721991e-07	0.0642
2.741991e-07	0.06015
2.761991e-07	0.0573
2.781991e-07	0.05415
2.801991e-07	0.0507
2.821991e-07	0.0474
2.841991e-07	0.045
2.861991e-07	0.0417
2.881991e-07	0.0396
2.901991e-07	0.0366
2.921991e-07	0.0351
2.941991e-07	0.03165
2.961991e-07	0.03015
2.981991e-07	0.02865
3.001991e-07	0.02625
3.021991e-07	0.02385
3.041991e-07	0.0237
3.061991e-07	0.0219
3.081991e-07	0.02025
3.101991e-07	0.0192
3.121991e-07	0.01755
3.141991e-07	0.0156
3.161991e-07	0.01545
3.181991e-07	0.01365
3.201991e-07	0.01305
3.221991e-07	0.0114
3.241991e-07	0.0108
3.261991e-07	0.01005
3.281991e-07	0.009
3.301991e-07	0.0072
3.321991e-07	0.0075
3.341991e-07	0.0063
3.361991e-07	0.00525
3.381991e-07	0.0048
3.401991e-07	0.00465
3.421991e-07	0.00375
3.441991e-07	0.003
3.461991e-07	0.00195
3.481991e-07	0.00195
3.501991e-07	0.0009
3.521991e-07	0.00105
3.541991e-07	-0.00075
3.561991e-07	-0.0009
3.581991e-07	-0.0018
3.601991e-07	-0.00165
3.621991e-07	-0.0024
3.641991e-07	-0.0018
3.661991e-07	-0.0024
3.681991e-07	-0.00285
3.701991e-07	-0.00315
3.721991e-07	-0.00315
3.741991e-07	-0.0039
3.761991e-07	-0.0039
3.781991e-07	-0.00525
3.801991e-07	-0.00405
3.821991e-07	-0.00525
3.841991e-07	-0.0051
3.861991e-07	-0.0063
3.881991e-07	-0.00585
3.901991e-07	-0.0066
3.921991e-07	-0.0069
3.941991e-07	-0.0072
3.961991e-07	-0.00615
3.981991e-07	-0.00705
4.001991e-07	-0.00675
4.021991e-07	-0.00765
4.041991e-07	-0.00645
4.061991e-07	-0.0072
4.081991e-07	-0.0069
4.101991e-07	-0.00795
4.121991e-07	-0.00705
4.141991e-07	-0.00795
4.161991e-07	-0.00825
4.181991e-07	-0.0081
4.201991e-07	-0.0075
4.221991e-07	-0.00855
4.241991e-07	-0.0084
4.261991e-07	-0.009
4.281991e-07	-0.0084
4.301991e-07	-0.0099
4.321991e-07	-0.009
4.341991e-07	-0.0093
4.361991e-07	-0.00885
4.381991e-07	-0.00975
4.401991e-07	-0.01005
4.421991e-07	-0.01065
4.441991e-07	-0.0102
4.461991e-07	-0.0102
4.481991e-07	-0.01035
4.501991e-07	-0.0108
4.521991e-07	-0.0102
4.541991e-07	-0.01095
4.561991e-07	-0.0108
4.581991e-07	-0.0111
4.601991e-07	-0.01065
4.621991e-07	-0.0114
4.641991e-07	-0.01185
4.661991e-07	-0.01215
4.681991e-07	-0.01215
4.701991e-07	-0.0129
4.721991e-07	-0.0123
4.741991e-07	-0.0123
4.761991e-07	-0.0132
4.781991e-07	-0.0141
4.801991e-07	-0.0141
4.821991e-07	-0.0144
4.841991e-07	-0.01425
4.861991e-07	-0.0147
4.881991e-07	-0.01485
4.901991e-07	-0.01485
4.921991e-07	-0.0147
4.941991e-07	-0.01545
4.961991e-07	-0.0153
4.981991e-07	-0.0156
5.001991e-07	-0.01575
5.021991e-07	-0.01605
5.041991e-07	-0.0165
5.061991e-07	-0.0162
5.081991e-07	-0.01605
5.101991e-07	-0.01725
5.121991e-07	-0.01725
5.141991e-07	-0.01755
5.161991e-07	-0.01725
5.181991e-07	-0.01815
5.201991e-07	-0.01815
5.221991e-07	-0.0189
5.241991e-07	-0.01875
5.261991e-07	-0.0195
5.281991e-07	-0.0201
5.301991e-07	-0.01995
5.321991e-07	-0.0201
5.341991e-07	-0.021
5.361991e-07	-0.02115
5.381991e-07	-0.0216
5.401991e-07	-0.0219
5.421991e-07	-0.0219
5.441991e-07	-0.02205
5.461991e-07	-0.02265
5.481991e-07	-0.02205
5.501991e-07	-0.02295
5.521991e-07	-0.02355
5.541991e-07	-0.0228
5.561991e-07	-0.02325
5.581991e-07	-0.0234
5.601991e-07	-0.02355
5.621991e-07	-0.02445
5.641991e-07	-0.02355
5.661991e-07	-0.0243
5.681991e-07	-0.0246
5.701991e-07	-0.02475
5.721991e-07	-0.02445
5.741991e-07	-0.02475
5.761991e-07	-0.0252
5.781991e-07	-0.02505
5.801991e-07	-0.0252
5.821991e-07	-0.02505
5.841991e-07	-0.0249
5.861991e-07	-0.02505
5.881991e-07	-0.02535
5.901991e-07	-0.02505
5.921991e-07	-0.02505
5.941991e-07	-0.02565
5.961991e-07	-0.0255
5.981991e-07	-0.02505
6.001991e-07	-0.02475
6.021991e-07	-0.0252
6.041991e-07	-0.0249
6.061991e-07	-0.0252
6.081991e-07	-0.0249
6.101991e-07	-0.0255
6.121991e-07	-0.0252
6.141991e-07	-0.0255
6.161991e-07	-0.0249
6.181991e-07	-0.02505
6.201991e-07	-0.0246
6.221991e-07	-0.0249
6.241991e-07	-0.0243
6.261991e-07	-0.0243
6.281991e-07	-0.02415
6.301991e-07	-0.0243
6.321991e-07	-0.02355
6.341991e-07	-0.024
6.361991e-07	-0.02355
6.381991e-07	-0.02385
6.401991e-07	-0.02355
6.421991e-07	-0.02325
6.441991e-07	-0.02325
6.461991e-07	-0.0246
6.481991e-07	-0.02385
6.501991e-07	-0.0231
6.521991e-07	-0.0231
6.541991e-07	-0.02385
6.561991e-07	-0.02295
6.581991e-07	-0.02355
6.601991e-07	-0.02355
6.621991e-07	-0.0231
6.641991e-07	-0.0225
6.661991e-07	-0.02235
6.681991e-07	-0.0219
6.701991e-07	-0.0216
6.721991e-07	-0.02115
6.741991e-07	-0.0213
6.761991e-07	-0.02115
6.781991e-07	-0.02145
6.801991e-07	-0.02115
6.821991e-07	-0.02055
6.841991e-07	-0.01965
6.861991e-07	-0.02055
6.881991e-07	-0.0204
6.901991e-07	-0.0198
6.921991e-07	-0.01905
6.941991e-07	-0.0189
6.961991e-07	-0.01905
6.981991e-07	-0.01905
7.001991e-07	-0.01785
7.021991e-07	-0.0183
7.041991e-07	-0.0186
7.061991e-07	-0.01905
7.081991e-07	-0.0186
7.101991e-07	-0.0189
7.121991e-07	-0.0189
7.141991e-07	-0.0183
7.161991e-07	-0.0174
7.181991e-07	-0.01695
7.201991e-07	-0.0177
7.221991e-07	-0.01755
7.241991e-07	-0.01725
7.261991e-07	-0.0183
7.281991e-07	-0.0171
7.301991e-07	-0.01785
7.321991e-07	-0.0171
7.341991e-07	-0.0177
7.361991e-07	-0.0174
7.381991e-07	-0.01755
7.401991e-07	-0.01725
7.421991e-07	-0.0183
7.441991e-07	-0.0183
7.461991e-07	-0.01845
7.481991e-07	-0.01755
7.501991e-07	-0.01785
7.521991e-07	-0.0177
7.541991e-07	-0.01785
7.561991e-07	-0.0171
7.581991e-07	-0.01695
7.601991e-07	-0.0174
7.621991e-07	-0.01755
7.641991e-07	-0.0168
7.661991e-07	-0.0171
7.681991e-07	-0.0168
7.701991e-07	-0.01695
7.721991e-07	-0.01605
7.741991e-07	-0.0171
7.761991e-07	-0.01665
7.781991e-07	-0.0171
7.801991e-07	-0.01695
7.821991e-07	-0.0174
7.841991e-07	-0.0171
7.861991e-07	-0.01725
7.881991e-07	-0.01695
7.901991e-07	-0.0174
7.921991e-07	-0.0177
7.941991e-07	-0.01755
7.961991e-07	-0.0165
7.981991e-07	-0.01695
8.001991e-07	-0.0168
8.021991e-07	-0.01725
8.041991e-07	-0.0168
8.061991e-07	-0.0174
8.081991e-07	-0.0168
8.101991e-07	-0.01695
8.121991e-07	-0.01665
8.141991e-07	-0.0168
8.161991e-07	-0.0171
8.181991e-07	-0.01725
8.201991e-07	-0.01665
8.221991e-07	-0.01725
8.241991e-07	-0.01605
8.261991e-07	-0.0168
8.281991e-07	-0.01695
8.301991e-07	-0.0174
8.321991e-07	-0.01695
8.341991e-07	-0.0165
8.361991e-07	-0.01575
8.381991e-07	-0.0168
8.401991e-07	-0.01665
8.421991e-07	-0.01725
8.441991e-07	-0.0171
8.461991e-07	-0.01695
8.481991e-07	-0.0168
8.501991e-07	-0.01695
8.521991e-07	-0.0165
8.541991e-07	-0.0177
8.561991e-07	-0.0171
8.581991e-07	-0.01725
8.601991e-07	-0.01725
8.621991e-07	-0.0177
8.641991e-07	-0.01845
8.661991e-07	-0.0183
8.681991e-07	-0.01785
8.701991e-07	-0.0186
8.721991e-07	-0.0183
8.741991e-07	-0.01875
8.761991e-07	-0.0183
8.781991e-07	-0.0189
8.801991e-07	-0.0189
8.821991e-07	-0.01905
8.841991e-07	-0.01875
8.861991e-07	-0.0192
8.881991e-07	-0.0183
8.901991e-07	-0.0186
8.921991e-07	-0.01905
8.941991e-07	-0.01905
8.961991e-07	-0.0192
8.981991e-07	-0.0192
9.001991e-07	-0.01935
9.021991e-07	-0.01875
9.041991e-07	-0.0192
9.061991e-07	-0.01935
9.081991e-07	-0.0189
9.101991e-07	-0.0198
9.121991e-07	-0.0192
9.141991e-07	-0.01965
9.161991e-07	-0.0195
9.181991e-07	-0.0204
9.201991e-07	-0.0198
9.221991e-07	-0.02025
9.241991e-07	-0.0201
9.261991e-07	-0.0207
9.281991e-07	-0.0207
9.301991e-07	-0.021
9.321991e-07	-0.02025
9.341991e-07	-0.021
9.361991e-07	-0.02055
9.381991e-07	-0.0213
9.401991e-07	-0.02025
9.421991e-07	-0.0213
9.441991e-07	-0.02115
9.461991e-07	-0.02145
9.481991e-07	-0.021
9.501991e-07	-0.02115
9.521991e-07	-0.02085
9.541991e-07	-0.0207
9.561991e-07	-0.021
9.581991e-07	-0.0213
9.601991e-07	-0.0213
9.621991e-07	-0.0216
9.641991e-07	-0.02145
9.661991e-07	-0.0216
9.681991e-07	-0.0213
9.701991e-07	-0.02175
9.721991e-07	-0.02175
9.741991e-07	-0.02205
9.761991e-07	-0.0216
9.781991e-07	-0.0213
9.801991e-07	-0.0213
9.821991e-07	-0.0216
9.841991e-07	-0.0207
9.861991e-07	-0.0219
9.881991e-07	-0.0216
9.901991e-07	-0.0219
9.921991e-07	-0.02175
9.941991e-07	-0.02235
9.961991e-07	-0.02235
9.981991e-07	-0.0222
1.000199e-06	-0.02145
1.002199e-06	-0.0222
1.004199e-06	-0.02175
1.006199e-06	-0.02325
1.008199e-06	-0.02205
1.010199e-06	-0.02265
1.012199e-06	-0.0222
1.014199e-06	-0.02295
1.016199e-06	-0.0225
1.018199e-06	-0.02325
1.020199e-06	-0.0231
1.022199e-06	-0.0237
1.024199e-06	-0.0234
1.026199e-06	-0.0234
1.028199e-06	-0.0231
1.030199e-06	-0.0228
1.032199e-06	-0.0228
1.034199e-06	-0.0228
1.036199e-06	-0.02265
1.038199e-06	-0.02295
1.040199e-06	-0.0219
1.042199e-06	-0.02205
1.044199e-06	-0.02205
1.046199e-06	-0.0225
1.048199e-06	-0.02295
1.050199e-06	-0.02325
1.052199e-06	-0.0222
1.054199e-06	-0.0222
1.056199e-06	-0.02175
1.058199e-06	-0.0222
1.060199e-06	-0.02205
1.062199e-06	-0.02205
1.064199e-06	-0.02235
1.066199e-06	-0.02265
1.068199e-06	-0.0219
1.070199e-06	-0.0225
1.072199e-06	-0.0219
1.074199e-06	-0.0222
1.076199e-06	-0.0213
1.078199e-06	-0.02205
1.080199e-06	-0.0213
1.082199e-06	-0.02175
1.084199e-06	-0.02145
1.086199e-06	-0.021
1.088199e-06	-0.0213
1.090199e-06	-0.02115
1.092199e-06	-0.02025
1.094199e-06	-0.021
1.096199e-06	-0.02085
1.098199e-06	-0.01995
1.100199e-06	-0.0192
1.102199e-06	-0.0198
1.104199e-06	-0.0198
1.106199e-06	-0.01965
1.108199e-06	-0.0189
1.110199e-06	-0.01905
1.112199e-06	-0.01815
1.114199e-06	-0.0189
1.116199e-06	-0.01785
1.118199e-06	-0.0177
1.120199e-06	-0.01695
1.122199e-06	-0.018
1.124199e-06	-0.0174
1.126199e-06	-0.01725
1.128199e-06	-0.0171
1.130199e-06	-0.01695
1.132199e-06	-0.01605
1.134199e-06	-0.01695
1.136199e-06	-0.0165
1.138199e-06	-0.0168
1.140199e-06	-0.01575
1.142199e-06	-0.01635
1.144199e-06	-0.01605
1.146199e-06	-0.01515
1.148199e-06	-0.01545
1.150199e-06	-0.0156
1.152199e-06	-0.0156
1.154199e-06	-0.01605
1.156199e-06	-0.01515
1.158199e-06	-0.0162
1.160199e-06	-0.01605
1.162199e-06	-0.01605
1.164199e-06	-0.0153
1.166199e-06	-0.015
1.168199e-06	-0.0168
1.170199e-06	-0.01605
1.172199e-06	-0.01545
1.174199e-06	-0.0165
1.176199e-06	-0.0156
1.178199e-06	-0.01605
1.180199e-06	-0.01545
1.182199e-06	-0.0162
1.184199e-06	-0.01605
1.186199e-06	-0.01665
1.188199e-06	-0.0162
1.190199e-06	-0.0165
1.192199e-06	-0.0162
1.194199e-06	-0.01635
1.196199e-06	-0.0156
1.198199e-06	-0.0165
1.200199e-06	-0.0171
1.202199e-06	-0.01665
1.204199e-06	-0.0156
1.206199e-06	-0.0165
1.208199e-06	-0.01605
1.210199e-06	-0.01665
1.212199e-06	-0.01635
1.214199e-06	-0.0165
1.216199e-06	-0.01605
1.218199e-06	-0.0171
1.220199e-06	-0.0162
1.222199e-06	-0.0162
1.224199e-06	-0.01605
1.226199e-06	-0.01665
1.228199e-06	-0.01605
1.230199e-06	-0.01665
1.232199e-06	-0.01635
1.234199e-06	-0.0171
1.236199e-06	-0.01635
1.238199e-06	-0.01695
1.240199e-06	-0.0174
1.242199e-06	-0.0174
1.244199e-06	-0.01665
1.246199e-06	-0.01755
1.248199e-06	-0.01815
1.250199e-06	-0.01755
1.252199e-06	-0.01725
1.254199e-06	-0.0183
1.256199e-06	-0.01815
1.258199e-06	-0.0174
1.260199e-06	-0.0174
1.262199e-06	-0.0177
1.264199e-06	-0.0177
1.266199e-06	-0.0177
1.268199e-06	-0.01695
1.270199e-06	-0.0177
1.272199e-06	-0.0177
1.274199e-06	-0.01725
1.276199e-06	-0.0171
1.278199e-06	-0.01905
1.280199e-06	-0.01875
1.282199e-06	-0.018
1.284199e-06	-0.01755
1.286199e-06	-0.01845
1.288199e-06	-0.0186
1.290199e-06	-0.01845
1.292199e-06	-0.01815
1.294199e-06	-0.01875
1.296199e-06	-0.01845
1.298199e-06	-0.01785
1.300199e-06	-0.0183
1.302199e-06	-0.018
1.304199e-06	-0.01815
1.306199e-06	-0.01875
1.308199e-06	-0.0177
1.310199e-06	-0.01845
1.312199e-06	-0.01815
1.314199e-06	-0.01785
1.316199e-06	-0.018
1.318199e-06	-0.0186
1.320199e-06	-0.0183
1.322199e-06	-0.01845
1.324199e-06	-0.01725
1.326199e-06	-0.0186
1.328199e-06	-0.0177
1.330199e-06	-0.01845
1.332199e-06	-0.01815
1.334199e-06	-0.0183
1.336199e-06	-0.0186
1.338199e-06	-0.0192
1.340199e-06	-0.0183
1.342199e-06	-0.0192
1.344199e-06	-0.01845
1.346199e-06	-0.0189
1.348199e-06	-0.0192
1.350199e-06	-0.01935
1.352199e-06	-0.0192
1.354199e-06	-0.0192
1.356199e-06	-0.01935
1.358199e-06	-0.01995
1.360199e-06	-0.0201
1.362199e-06	-0.01995
1.364199e-06	-0.01965
1.366199e-06	-0.01965
1.368199e-06	-0.01995
1.370199e-06	-0.01995
1.372199e-06	-0.0195
1.374199e-06	-0.02055
1.376199e-06	-0.0198
1.378199e-06	-0.0207
1.380199e-06	-0.0201
1.382199e-06	-0.0207
1.384199e-06	-0.021
1.386199e-06	-0.02145
1.388199e-06	-0.02115
1.390199e-06	-0.02205
1.392199e-06	-0.0216
1.394199e-06	-0.02175
1.396199e-06	-0.02115
1.398199e-06	-0.02175
1.400199e-06	-0.0216
1.402199e-06	-0.02145
1.404199e-06	-0.0216
1.406199e-06	-0.02205
1.408199e-06	-0.02235
1.410199e-06	-0.02265
1.412199e-06	-0.02205
1.414199e-06	-0.02265
1.416199e-06	-0.0222
1.418199e-06	-0.0228
1.420199e-06	-0.0222
1.422199e-06	-0.0234
1.424199e-06	-0.02235
1.426199e-06	-0.02235
1.428199e-06	-0.0222
1.430199e-06	-0.0222
1.432199e-06	-0.021
1.434199e-06	-0.02175
1.436199e-06	-0.02145
1.438199e-06	-0.02115
1.440199e-06	-0.021
1.442199e-06	-0.02085
1.444199e-06	-0.02085
1.446199e-06	-0.02115
1.448199e-06	-0.021
1.450199e-06	-0.02085
1.452199e-06	-0.02085
1.454199e-06	-0.02085
1.456199e-06	-0.0201
1.458199e-06	-0.0204
1.460199e-06	-0.01995
1.462199e-06	-0.0201
1.464199e-06	-0.0201
1.466199e-06	-0.0198
1.468199e-06	-0.0189
1.470199e-06	-0.0189
1.472199e-06	-0.01845
1.474199e-06	-0.01905
1.476199e-06	-0.0189
1.478199e-06	-0.01935
1.480199e-06	-0.0183
1.482199e-06	-0.0183
1.484199e-06	-0.0174
1.486199e-06	-0.01815
1.488199e-06	-0.018
1.490199e-06	-0.018
1.492199e-06	-0.0177
1.494199e-06	-0.01845
1.496199e-06	-0.0177
1.498199e-06	-0.01755
1.500199e-06	-0.01665
1.502199e-06	-0.01725
1.504199e-06	-0.0174
1.506199e-06	-0.0174
1.508199e-06	-0.01695
1.510199e-06	-0.01695
1.512199e-06	-0.01725
1.514199e-06	-0.0177
1.516199e-06	-0.0171
1.518199e-06	-0.0171
1.520199e-06	-0.0171
1.522199e-06	-0.01785
1.524199e-06	-0.018
1.526199e-06	-0.0183
1.528199e-06	-0.01785
1.530199e-06	-0.0177
1.532199e-06	-0.01665
1.534199e-06	-0.018
1.536199e-06	-0.0174
1.538199e-06	-0.0174
1.540199e-06	-0.01755
1.542199e-06	-0.0171
1.544199e-06	-0.01755
1.546199e-06	-0.01815
1.548199e-06	-0.01845
1.550199e-06	-0.01875
1.552199e-06	-0.0183
1.554199e-06	-0.0189
1.556199e-06	-0.01875
1.558199e-06	-0.01905
1.560199e-06	-0.0183
1.562199e-06	-0.01815
1.564199e-06	-0.0183
1.566199e-06	-0.0189
1.568199e-06	-0.0186
1.570199e-06	-0.01905
1.572199e-06	-0.0189
1.574199e-06	-0.01935
1.576199e-06	-0.0189
1.578199e-06	-0.01845
1.580199e-06	-0.01815
1.582199e-06	-0.0189
1.584199e-06	-0.0186
1.586199e-06	-0.01815
1.588199e-06	-0.0183
1.590199e-06	-0.0186
1.592199e-06	-0.01815
1.594199e-06	-0.01755
1.596199e-06	-0.01785
1.598199e-06	-0.0183
1.600199e-06	-0.018
1.602199e-06	-0.018
1.604199e-06	-0.01725
1.606199e-06	-0.018
1.608199e-06	-0.01725
1.610199e-06	-0.0177
1.612199e-06	-0.0174
1.614199e-06	-0.018
1.616199e-06	-0.018
1.618199e-06	-0.01845
1.620199e-06	-0.01725
1.622199e-06	-0.0174
1.624199e-06	-0.018
1.626199e-06	-0.01785
1.628199e-06	-0.01725
1.630199e-06	-0.01815
1.632199e-06	-0.01755
1.634199e-06	-0.01725
1.636199e-06	-0.01695
1.638199e-06	-0.01755
1.640199e-06	-0.0177
1.642199e-06	-0.018
1.644199e-06	-0.0171
1.646199e-06	-0.01755
1.648199e-06	-0.01755
1.650199e-06	-0.01755
1.652199e-06	-0.0174
1.654199e-06	-0.018
1.656199e-06	-0.0174
1.658199e-06	-0.01665
1.660199e-06	-0.01665
1.662199e-06	-0.01665
1.664199e-06	-0.01635
1.666199e-06	-0.0156
1.668199e-06	-0.0153
1.670199e-06	-0.0159
1.672199e-06	-0.015
1.674199e-06	-0.01485
1.676199e-06	-0.01515
1.678199e-06	-0.0153
1.680199e-06	-0.01545
1.682199e-06	-0.0159
1.684199e-06	-0.01545
1.686199e-06	-0.0162
1.688199e-06	-0.0156
1.690199e-06	-0.01605
1.692199e-06	-0.0156
1.694199e-06	-0.01665
1.696199e-06	-0.01665
1.698199e-06	-0.0165
1.700199e-06	-0.0159
1.702199e-06	-0.01605
1.704199e-06	-0.01485
1.706199e-06	-0.0153
1.708199e-06	-0.0144
1.710199e-06	-0.01485
1.712199e-06	-0.01485
1.714199e-06	-0.0147
1.716199e-06	-0.01425
1.718199e-06	-0.01395
1.720199e-06	-0.0135
1.722199e-06	-0.0138
1.724199e-06	-0.0132
1.726199e-06	-0.01365
1.728199e-06	-0.01365
1.730199e-06	-0.01365
1.732199e-06	-0.01335
1.734199e-06	-0.01395
1.736199e-06	-0.0138
1.738199e-06	-0.0141
1.740199e-06	-0.01395
1.742199e-06	-0.015
1.744199e-06	-0.0147
1.746199e-06	-0.01485
1.748199e-06	-0.01515
1.750199e-06	-0.0156
1.752199e-06	-0.015
1.754199e-06	-0.01515
1.756199e-06	-0.0153
1.758199e-06	-0.0156
1.760199e-06	-0.0156
1.762199e-06	-0.01635
1.764199e-06	-0.01545
1.766199e-06	-0.01605
1.768199e-06	-0.01605
1.770199e-06	-0.0159
1.772199e-06	-0.01575
1.774199e-06	-0.0156
1.776199e-06	-0.01605
1.778199e-06	-0.01605
1.780199e-06	-0.01545
1.782199e-06	-0.01605
1.784199e-06	-0.0159
1.786199e-06	-0.01575
1.788199e-06	-0.01605
1.790199e-06	-0.01635
1.792199e-06	-0.01605
1.794199e-06	-0.0162
1.796199e-06	-0.01635
1.798199e-06	-0.01635
1.800199e-06	-0.01635
1.802199e-06	-0.01635
1.804199e-06	-0.01665
1.806199e-06	-0.0165
1.808199e-06	-0.0159
1.810199e-06	-0.0168
1.812199e-06	-0.01605
1.814199e-06	-0.0159
1.816199e-06	-0.0162
1.818199e-06	-0.01665
1.820199e-06	-0.0165
1.822199e-06	-0.0174
1.824199e-06	-0.01755
1.826199e-06	-0.0174
1.828199e-06	-0.01695
1.830199e-06	-0.01725
1.832199e-06	-0.0174
1.834199e-06	-0.01755
1.836199e-06	-0.01725
1.838199e-06	-0.01725
1.840199e-06	-0.01725
1.842199e-06	-0.0174
1.844199e-06	-0.01785
1.846199e-06	-0.01815
1.848199e-06	-0.01815
1.850199e-06	-0.01845
1.852199e-06	-0.01785
1.854199e-06	-0.0183
1.856199e-06	-0.0177
1.858199e-06	-0.01755
1.860199e-06	-0.01815
1.862199e-06	-0.0183
1.864199e-06	-0.0177
1.866199e-06	-0.0183
1.868199e-06	-0.018
1.870199e-06	-0.01845
1.872199e-06	-0.0186
1.874199e-06	-0.0189
1.876199e-06	-0.01815
1.878199e-06	-0.0189
1.880199e-06	-0.0189
1.882199e-06	-0.01905
1.884199e-06	-0.01935
1.886199e-06	-0.01935
1.888199e-06	-0.0189
1.890199e-06	-0.01935
1.892199e-06	-0.01935
1.894199e-06	-0.0201
1.896199e-06	-0.02025
1.898199e-06	-0.02025
1.900199e-06	-0.01935
1.902199e-06	-0.0198
1.904199e-06	-0.0195
1.906199e-06	-0.0201
1.908199e-06	-0.0198
1.910199e-06	-0.02055
1.912199e-06	-0.0201
1.914199e-06	-0.02055
1.916199e-06	-0.0204
1.918199e-06	-0.0207
1.920199e-06	-0.02025
1.922199e-06	-0.0207
1.924199e-06	-0.02025
1.926199e-06	-0.02055
1.928199e-06	-0.01995
1.930199e-06	-0.01935
1.932199e-06	-0.0195
1.934199e-06	-0.01905
1.936199e-06	-0.0186
1.938199e-06	-0.01935
1.940199e-06	-0.01845
1.942199e-06	-0.01935
1.944199e-06	-0.0192
1.946199e-06	-0.01965
1.948199e-06	-0.01875
1.950199e-06	-0.0198
1.952199e-06	-0.0189
1.954199e-06	-0.0189
1.956199e-06	-0.0189
1.958199e-06	-0.01875
1.960199e-06	-0.0183
1.962199e-06	-0.0195
1.964199e-06	-0.01845
1.966199e-06	-0.01845
1.968199e-06	-0.0186
1.970199e-06	-0.0189
1.972199e-06	-0.01875
1.974199e-06	-0.01905
1.976199e-06	-0.0183
1.978199e-06	-0.0192
1.980199e-06	-0.0186
1.982199e-06	-0.01935
1.984199e-06	-0.0186
1.986199e-06	-0.0189
1.988199e-06	-0.01875
1.990199e-06	-0.01965
1.992199e-06	-0.01995
1.994199e-06	-0.0192
1.996199e-06	-0.0189
1.998199e-06	-0.0198
2.000199e-06	-0.01935
2.002199e-06	-0.0201
2.004199e-06	-0.0195
2.006199e-06	-0.02025
2.008199e-06	-0.01905
2.010199e-06	-0.0192
2.012199e-06	-0.0186
2.014199e-06	-0.0192
2.016199e-06	-0.01875
2.018199e-06	-0.01935
2.020199e-06	-0.0192
2.022199e-06	-0.0195
2.024199e-06	-0.01875
2.026199e-06	-0.0195
2.028199e-06	-0.01905
2.030199e-06	-0.0198
2.032199e-06	-0.0189
2.034199e-06	-0.01995
2.036199e-06	-0.0189
2.038199e-06	-0.01935
2.040199e-06	-0.01875
2.042199e-06	-0.0192
2.044199e-06	-0.01875
2.046199e-06	-0.01965
2.048199e-06	-0.0192
2.050199e-06	-0.01935
2.052199e-06	-0.01905
2.054199e-06	-0.0189
2.056199e-06	-0.0192
2.058199e-06	-0.0198
2.060199e-06	-0.01845
2.062199e-06	-0.01875
2.064199e-06	-0.0186
2.066199e-06	-0.01875
2.068199e-06	-0.018
2.070199e-06	-0.0183
2.072199e-06	-0.01815
2.074199e-06	-0.01815
2.076199e-06	-0.01695
2.078199e-06	-0.018
2.080199e-06	-0.01755
2.082199e-06	-0.018
2.084199e-06	-0.01695
2.086199e-06	-0.0168
2.088199e-06	-0.01695
2.090199e-06	-0.01755
2.092199e-06	-0.0165
2.094199e-06	-0.01725
2.096199e-06	-0.0168
2.098199e-06	-0.01635
2.100199e-06	-0.01635
2.102199e-06	-0.0165
2.104199e-06	-0.01605
2.106199e-06	-0.01635
2.108199e-06	-0.0168
2.110199e-06	-0.0168
2.112199e-06	-0.01725
2.114199e-06	-0.01815
2.116199e-06	-0.01755
2.118199e-06	-0.01755
2.120199e-06	-0.01785
2.122199e-06	-0.0183
2.124199e-06	-0.0174
2.126199e-06	-0.018
2.128199e-06	-0.01815
2.130199e-06	-0.01785
2.132199e-06	-0.0174
2.134199e-06	-0.01725
2.136199e-06	-0.01785
2.138199e-06	-0.01755
2.140199e-06	-0.0171
2.142199e-06	-0.01845
2.144199e-06	-0.0186
2.146199e-06	-0.01905
2.148199e-06	-0.01845
2.150199e-06	-0.0192
2.152199e-06	-0.0189
2.154199e-06	-0.01845
2.156199e-06	-0.0183
2.158199e-06	-0.0189
2.160199e-06	-0.0186
2.162199e-06	-0.0192
2.164199e-06	-0.01845
2.166199e-06	-0.0189
2.168199e-06	-0.01905
2.170199e-06	-0.01935
2.172199e-06	-0.0189
2.174199e-06	-0.0195
2.176199e-06	-0.0189
2.178199e-06	-0.01905
2.180199e-06	-0.0189
2.182199e-06	-0.01935
2.184199e-06	-0.0192
2.186199e-06	-0.0201
2.188199e-06	-0.0186
2.190199e-06	-0.01905
2.192199e-06	-0.0183
2.194199e-06	-0.0189
2.196199e-06	-0.0186
2.198199e-06	-0.01965
2.200199e-06	-0.0195
2.202199e-06	-0.01935
2.204199e-06	-0.01875
2.206199e-06	-0.0186
2.208199e-06	-0.0183
2.210199e-06	-0.0183
2.212199e-06	-0.018
2.214199e-06	-0.0189
2.216199e-06	-0.01875
2.218199e-06	-0.0186
2.220199e-06	-0.01845
2.222199e-06	-0.0195
2.224199e-06	-0.0192
2.226199e-06	-0.01935
2.228199e-06	-0.01875
2.230199e-06	-0.0186
2.232199e-06	-0.0186
2.234199e-06	-0.0186
2.236199e-06	-0.01815
2.238199e-06	-0.0195
2.240199e-06	-0.0195
2.242199e-06	-0.01935
2.244199e-06	-0.01875
2.246199e-06	-0.0192
2.248199e-06	-0.0198
2.250199e-06	-0.0195
2.252199e-06	-0.0195
2.254199e-06	-0.01965
2.256199e-06	-0.0198
2.258199e-06	-0.02055
2.260199e-06	-0.0198
2.262199e-06	-0.01995
2.264199e-06	-0.0204
2.266199e-06	-0.01965
2.268199e-06	-0.01965
2.270199e-06	-0.01995
2.272199e-06	-0.0195
2.274199e-06	-0.01995
2.276199e-06	-0.0195
2.278199e-06	-0.01965
2.280199e-06	-0.01905
2.282199e-06	-0.01965
2.284199e-06	-0.01935
2.286199e-06	-0.0195
2.288199e-06	-0.0189
2.290199e-06	-0.01905
2.292199e-06	-0.0189
2.294199e-06	-0.0192
2.296199e-06	-0.01935
2.298199e-06	-0.0189
2.300199e-06	-0.0186
2.302199e-06	-0.0198
2.304199e-06	-0.0192
2.306199e-06	-0.0192
2.308199e-06	-0.0195
2.310199e-06	-0.01935
2.312199e-06	-0.01875
2.314199e-06	-0.01935
2.316199e-06	-0.0189
2.318199e-06	-0.01935
2.320199e-06	-0.01905
2.322199e-06	-0.01965
2.324199e-06	-0.01905
2.326199e-06	-0.0192
2.328199e-06	-0.01875
2.330199e-06	-0.01875
2.332199e-06	-0.01815
2.334199e-06	-0.01875
2.336199e-06	-0.0189
2.338199e-06	-0.0189
2.340199e-06	-0.0183
2.342199e-06	-0.0189
2.344199e-06	-0.01875
2.346199e-06	-0.0192
2.348199e-06	-0.01875
2.350199e-06	-0.0192
2.352199e-06	-0.01935
2.354199e-06	-0.01935
2.356199e-06	-0.01845
2.358199e-06	-0.01905
2.360199e-06	-0.0192
2.362199e-06	-0.0198
2.364199e-06	-0.02025
2.366199e-06	-0.01995
2.368199e-06	-0.0198
2.370199e-06	-0.01995
2.372199e-06	-0.01965
2.374199e-06	-0.0198
2.376199e-06	-0.0192
2.378199e-06	-0.0189
2.380199e-06	-0.0192
2.382199e-06	-0.01875
2.384199e-06	-0.0189
2.386199e-06	-0.01935
2.388199e-06	-0.0186
2.390199e-06	-0.0186
2.392199e-06	-0.01815
2.394199e-06	-0.01845
2.396199e-06	-0.01815
2.398199e-06	-0.01815
2.400199e-06	-0.01815
2.402199e-06	-0.01845
2.404199e-06	-0.0183
2.406199e-06	-0.01845
2.408199e-06	-0.0177
2.410199e-06	-0.0174
2.412199e-06	-0.0171
2.414199e-06	-0.0174
2.416199e-06	-0.01665
2.418199e-06	-0.01665
2.420199e-06	-0.01635
2.422199e-06	-0.0168
2.424199e-06	-0.0168
2.426199e-06	-0.01635
2.428199e-06	-0.0168
2.430199e-06	-0.01725
2.432199e-06	-0.0162
2.434199e-06	-0.01635
2.436199e-06	-0.0162
2.438199e-06	-0.0162
2.440199e-06	-0.01665
2.442199e-06	-0.0165
2.444199e-06	-0.0159
2.446199e-06	-0.0159
2.448199e-06	-0.0165
2.450199e-06	-0.0165
2.452199e-06	-0.0162
2.454199e-06	-0.01635
2.456199e-06	-0.0153
2.458199e-06	-0.01575
2.460199e-06	-0.01635
2.462199e-06	-0.01635
2.464199e-06	-0.0153
2.466199e-06	-0.01545
2.468199e-06	-0.015
2.470199e-06	-0.01485
2.472199e-06	-0.0144
2.474199e-06	-0.01515
2.476199e-06	-0.01515
2.478199e-06	-0.01575
2.480199e-06	-0.01515
2.482199e-06	-0.01455
2.484199e-06	-0.01515
2.486199e-06	-0.015
2.488199e-06	-0.0147
2.490199e-06	-0.015
2.492199e-06	-0.0153
2.494199e-06	-0.01575
2.496199e-06	-0.0159
2.498199e-06	-0.01575
2.500199e-06	-0.01545
