LECROYHDO6104A	50809	Waveform
Segments	1	SegmentSize	2502
Segment	TrigTime	TimeSinceSegment1
#1	19-Dec-2022 19:50:53	0                 
Time	Ampl
-2.501419e-06	-0.02069
-2.499419e-06	-0.02062
-2.497419e-06	-0.02083
-2.495419e-06	-0.02097
-2.493419e-06	-0.02069
-2.491419e-06	-0.02076
-2.489419e-06	-0.02069
-2.487419e-06	-0.0209
-2.485419e-06	-0.0209
-2.483419e-06	-0.02076
-2.481419e-06	-0.02097
-2.479419e-06	-0.02069
-2.477419e-06	-0.02062
-2.475419e-06	-0.02062
-2.473419e-06	-0.02104
-2.471419e-06	-0.02118
-2.469419e-06	-0.02153
-2.467419e-06	-0.02132
-2.465419e-06	-0.02195
-2.463419e-06	-0.02139
-2.461419e-06	-0.02153
-2.459419e-06	-0.02202
-2.457419e-06	-0.0223
-2.455419e-06	-0.02202
-2.453419e-06	-0.02181
-2.451419e-06	-0.02188
-2.449419e-06	-0.02209
-2.447419e-06	-0.02188
-2.445419e-06	-0.02202
-2.443419e-06	-0.02258
-2.441419e-06	-0.02321
-2.439419e-06	-0.02286
-2.437419e-06	-0.02272
-2.435419e-06	-0.02265
-2.433419e-06	-0.023
-2.431419e-06	-0.02272
-2.429419e-06	-0.02293
-2.427419e-06	-0.02307
-2.425419e-06	-0.02335
-2.423419e-06	-0.02335
-2.421419e-06	-0.02342
-2.419419e-06	-0.02356
-2.417419e-06	-0.02349
-2.415419e-06	-0.02321
-2.413419e-06	-0.02321
-2.411419e-06	-0.02363
-2.409419e-06	-0.02377
-2.407419e-06	-0.02384
-2.405419e-06	-0.02363
-2.403419e-06	-0.02405
-2.401419e-06	-0.02405
-2.399419e-06	-0.0237
-2.397419e-06	-0.02356
-2.395419e-06	-0.02342
-2.393419e-06	-0.02377
-2.391419e-06	-0.02405
-2.389419e-06	-0.02356
-2.387419e-06	-0.02335
-2.385419e-06	-0.02377
-2.383419e-06	-0.0237
-2.381419e-06	-0.02335
-2.379419e-06	-0.02363
-2.377419e-06	-0.02433
-2.375419e-06	-0.02377
-2.373419e-06	-0.02307
-2.371419e-06	-0.02342
-2.369419e-06	-0.02377
-2.367419e-06	-0.02391
-2.365419e-06	-0.02384
-2.363419e-06	-0.02391
-2.361419e-06	-0.02419
-2.359419e-06	-0.02447
-2.357419e-06	-0.02426
-2.355419e-06	-0.02398
-2.353419e-06	-0.0244
-2.351419e-06	-0.02454
-2.349419e-06	-0.02433
-2.347419e-06	-0.02489
-2.345419e-06	-0.02475
-2.343419e-06	-0.02489
-2.341419e-06	-0.02426
-2.339419e-06	-0.02405
-2.337419e-06	-0.02419
-2.335419e-06	-0.02398
-2.333419e-06	-0.02349
-2.331419e-06	-0.02384
-2.329419e-06	-0.02398
-2.327419e-06	-0.02377
-2.325419e-06	-0.02377
-2.323419e-06	-0.02349
-2.321419e-06	-0.02363
-2.319419e-06	-0.02363
-2.317419e-06	-0.02328
-2.315419e-06	-0.02342
-2.313419e-06	-0.02356
-2.311419e-06	-0.02405
-2.309419e-06	-0.02433
-2.307419e-06	-0.02433
-2.305419e-06	-0.02461
-2.303419e-06	-0.02496
-2.301419e-06	-0.02454
-2.299419e-06	-0.02391
-2.297419e-06	-0.02405
-2.295419e-06	-0.02426
-2.293419e-06	-0.0237
-2.291419e-06	-0.02314
-2.289419e-06	-0.02321
-2.287419e-06	-0.02328
-2.285419e-06	-0.02363
-2.283419e-06	-0.02307
-2.281419e-06	-0.02328
-2.279419e-06	-0.02265
-2.277419e-06	-0.02258
-2.275419e-06	-0.02272
-2.273419e-06	-0.02307
-2.271419e-06	-0.02265
-2.269419e-06	-0.02272
-2.267419e-06	-0.02265
-2.265419e-06	-0.02258
-2.263419e-06	-0.02216
-2.261419e-06	-0.02202
-2.259419e-06	-0.02223
-2.257419e-06	-0.02251
-2.255419e-06	-0.02167
-2.253419e-06	-0.02132
-2.251419e-06	-0.02111
-2.249419e-06	-0.0216
-2.247419e-06	-0.02062
-2.245419e-06	-0.02069
-2.243419e-06	-0.02034
-2.241419e-06	-0.02048
-2.239419e-06	-0.01999
-2.237419e-06	-0.01964
-2.235419e-06	-0.0195
-2.233419e-06	-0.02006
-2.231419e-06	-0.01964
-2.229419e-06	-0.01929
-2.227419e-06	-0.01922
-2.225419e-06	-0.0195
-2.223419e-06	-0.01922
-2.221419e-06	-0.01894
-2.219419e-06	-0.01894
-2.217419e-06	-0.01915
-2.215419e-06	-0.01901
-2.213419e-06	-0.01873
-2.211419e-06	-0.01894
-2.209419e-06	-0.01915
-2.207419e-06	-0.01894
-2.205419e-06	-0.01936
-2.203419e-06	-0.01936
-2.201419e-06	-0.01992
-2.199419e-06	-0.01922
-2.197419e-06	-0.01943
-2.195419e-06	-0.01978
-2.193419e-06	-0.02041
-2.191419e-06	-0.02006
-2.189419e-06	-0.02041
-2.187419e-06	-0.02055
-2.185419e-06	-0.02111
-2.183419e-06	-0.02104
-2.181419e-06	-0.02097
-2.179419e-06	-0.02104
-2.177419e-06	-0.02139
-2.175419e-06	-0.02104
-2.173419e-06	-0.02097
-2.171419e-06	-0.02083
-2.169419e-06	-0.02118
-2.167419e-06	-0.02097
-2.165419e-06	-0.02062
-2.163419e-06	-0.02027
-2.161419e-06	-0.02097
-2.159419e-06	-0.02097
-2.157419e-06	-0.02055
-2.155419e-06	-0.02048
-2.153419e-06	-0.02097
-2.151419e-06	-0.02083
-2.149419e-06	-0.02076
-2.147419e-06	-0.02076
-2.145419e-06	-0.02104
-2.143419e-06	-0.02076
-2.141419e-06	-0.02055
-2.139419e-06	-0.02006
-2.137419e-06	-0.02048
-2.135419e-06	-0.02048
-2.133419e-06	-0.02041
-2.131419e-06	-0.02041
-2.129419e-06	-0.02034
-2.127419e-06	-0.01992
-2.125419e-06	-0.02062
-2.123419e-06	-0.02069
-2.121419e-06	-0.02132
-2.119419e-06	-0.02083
-2.117419e-06	-0.02111
-2.115419e-06	-0.02118
-2.113419e-06	-0.02174
-2.111419e-06	-0.02146
-2.109419e-06	-0.02132
-2.107419e-06	-0.02104
-2.105419e-06	-0.02202
-2.103419e-06	-0.02181
-2.101419e-06	-0.02167
-2.099419e-06	-0.02125
-2.097419e-06	-0.02181
-2.095419e-06	-0.02202
-2.093419e-06	-0.0216
-2.091419e-06	-0.02174
-2.089419e-06	-0.02244
-2.087419e-06	-0.02181
-2.085419e-06	-0.02174
-2.083419e-06	-0.02209
-2.081419e-06	-0.02244
-2.079419e-06	-0.02244
-2.077419e-06	-0.02258
-2.075419e-06	-0.02286
-2.073419e-06	-0.02349
-2.071419e-06	-0.02356
-2.069419e-06	-0.02356
-2.067419e-06	-0.02377
-2.065419e-06	-0.02398
-2.063419e-06	-0.02384
-2.061419e-06	-0.02314
-2.059419e-06	-0.02356
-2.057419e-06	-0.02377
-2.055419e-06	-0.02335
-2.053419e-06	-0.02314
-2.051419e-06	-0.02328
-2.049419e-06	-0.02335
-2.047419e-06	-0.02349
-2.045419e-06	-0.02307
-2.043419e-06	-0.02335
-2.041419e-06	-0.02342
-2.039419e-06	-0.02307
-2.037419e-06	-0.02314
-2.035419e-06	-0.02335
-2.033419e-06	-0.02391
-2.031419e-06	-0.02391
-2.029419e-06	-0.02391
-2.027419e-06	-0.02391
-2.025419e-06	-0.0244
-2.023419e-06	-0.02433
-2.021419e-06	-0.02412
-2.019419e-06	-0.02426
-2.017419e-06	-0.0244
-2.015419e-06	-0.02412
-2.013419e-06	-0.0237
-2.011419e-06	-0.02356
-2.009419e-06	-0.0237
-2.007419e-06	-0.02384
-2.005419e-06	-0.02377
-2.003419e-06	-0.02342
-2.001419e-06	-0.0237
-1.999419e-06	-0.02377
-1.997419e-06	-0.02349
-1.995419e-06	-0.02328
-1.993419e-06	-0.02356
-1.991419e-06	-0.02279
-1.989419e-06	-0.02251
-1.987419e-06	-0.02216
-1.985419e-06	-0.02188
-1.983419e-06	-0.02174
-1.981419e-06	-0.02118
-1.979419e-06	-0.0216
-1.977419e-06	-0.02125
-1.975419e-06	-0.0209
-1.973419e-06	-0.0209
-1.971419e-06	-0.02104
-1.969419e-06	-0.02104
-1.967419e-06	-0.02111
-1.965419e-06	-0.0202
-1.963419e-06	-0.02034
-1.961419e-06	-0.0202
-1.959419e-06	-0.02006
-1.957419e-06	-0.01992
-1.955419e-06	-0.01992
-1.953419e-06	-0.02006
-1.951419e-06	-0.01978
-1.949419e-06	-0.01985
-1.947419e-06	-0.02006
-1.945419e-06	-0.0202
-1.943419e-06	-0.01985
-1.941419e-06	-0.02013
-1.939419e-06	-0.02006
-1.937419e-06	-0.0202
-1.935419e-06	-0.01964
-1.933419e-06	-0.01992
-1.931419e-06	-0.02013
-1.929419e-06	-0.02013
-1.927419e-06	-0.02013
-1.925419e-06	-0.01992
-1.923419e-06	-0.02006
-1.921419e-06	-0.02048
-1.919419e-06	-0.02041
-1.917419e-06	-0.02034
-1.915419e-06	-0.02034
-1.913419e-06	-0.02069
-1.911419e-06	-0.02006
-1.909419e-06	-0.01985
-1.907419e-06	-0.01992
-1.905419e-06	-0.02034
-1.903419e-06	-0.02013
-1.901419e-06	-0.01992
-1.899419e-06	-0.01978
-1.897419e-06	-0.01978
-1.895419e-06	-0.02006
-1.893419e-06	-0.01992
-1.891419e-06	-0.01978
-1.889419e-06	-0.01964
-1.887419e-06	-0.01971
-1.885419e-06	-0.01964
-1.883419e-06	-0.01992
-1.881419e-06	-0.02013
-1.879419e-06	-0.02027
-1.877419e-06	-0.01964
-1.875419e-06	-0.01978
-1.873419e-06	-0.01999
-1.871419e-06	-0.02013
-1.869419e-06	-0.01985
-1.867419e-06	-0.02006
-1.865419e-06	-0.02062
-1.863419e-06	-0.02027
-1.861419e-06	-0.02034
-1.859419e-06	-0.02041
-1.857419e-06	-0.02034
-1.855419e-06	-0.02013
-1.853419e-06	-0.01999
-1.851419e-06	-0.01978
-1.849419e-06	-0.02055
-1.847419e-06	-0.0202
-1.845419e-06	-0.01985
-1.843419e-06	-0.01971
-1.841419e-06	-0.02013
-1.839419e-06	-0.01992
-1.837419e-06	-0.01943
-1.835419e-06	-0.01964
-1.833419e-06	-0.01999
-1.831419e-06	-0.01999
-1.829419e-06	-0.01992
-1.827419e-06	-0.01999
-1.825419e-06	-0.02006
-1.823419e-06	-0.01971
-1.821419e-06	-0.01957
-1.819419e-06	-0.01999
-1.817419e-06	-0.02006
-1.815419e-06	-0.01985
-1.813419e-06	-0.01936
-1.811419e-06	-0.01957
-1.809419e-06	-0.01943
-1.807419e-06	-0.0195
-1.805419e-06	-0.01929
-1.803419e-06	-0.01915
-1.801419e-06	-0.01943
-1.799419e-06	-0.01873
-1.797419e-06	-0.0188
-1.795419e-06	-0.0188
-1.793419e-06	-0.01908
-1.791419e-06	-0.01866
-1.789419e-06	-0.01845
-1.787419e-06	-0.01908
-1.785419e-06	-0.01964
-1.783419e-06	-0.01929
-1.781419e-06	-0.01957
-1.779419e-06	-0.01964
-1.777419e-06	-0.01936
-1.775419e-06	-0.01915
-1.773419e-06	-0.0195
-1.771419e-06	-0.01971
-1.769419e-06	-0.01978
-1.767419e-06	-0.0188
-1.765419e-06	-0.01866
-1.763419e-06	-0.01831
-1.761419e-06	-0.01908
-1.759419e-06	-0.0188
-1.757419e-06	-0.01859
-1.755419e-06	-0.01845
-1.753419e-06	-0.01873
-1.751419e-06	-0.01845
-1.749419e-06	-0.01845
-1.747419e-06	-0.0181
-1.745419e-06	-0.01817
-1.743419e-06	-0.01789
-1.741419e-06	-0.01803
-1.739419e-06	-0.01775
-1.737419e-06	-0.01845
-1.735419e-06	-0.01796
-1.733419e-06	-0.01817
-1.731419e-06	-0.01824
-1.729419e-06	-0.01908
-1.727419e-06	-0.01901
-1.725419e-06	-0.01873
-1.723419e-06	-0.01852
-1.721419e-06	-0.01887
-1.719419e-06	-0.0188
-1.717419e-06	-0.01887
-1.715419e-06	-0.01922
-1.713419e-06	-0.0195
-1.711419e-06	-0.01894
-1.709419e-06	-0.01859
-1.707419e-06	-0.01845
-1.705419e-06	-0.01873
-1.703419e-06	-0.01845
-1.701419e-06	-0.01866
-1.699419e-06	-0.01831
-1.697419e-06	-0.01845
-1.695419e-06	-0.01761
-1.693419e-06	-0.01754
-1.691419e-06	-0.01768
-1.689419e-06	-0.01775
-1.687419e-06	-0.01726
-1.685419e-06	-0.01712
-1.683419e-06	-0.01747
-1.681419e-06	-0.01782
-1.679419e-06	-0.0174
-1.677419e-06	-0.01698
-1.675419e-06	-0.01705
-1.673419e-06	-0.01726
-1.671419e-06	-0.01698
-1.669419e-06	-0.01705
-1.667419e-06	-0.01677
-1.665419e-06	-0.01691
-1.663419e-06	-0.01684
-1.661419e-06	-0.01733
-1.659419e-06	-0.01726
-1.657419e-06	-0.01747
-1.655419e-06	-0.01719
-1.653419e-06	-0.01761
-1.651419e-06	-0.01754
-1.649419e-06	-0.01824
-1.647419e-06	-0.01789
-1.645419e-06	-0.01852
-1.643419e-06	-0.01873
-1.641419e-06	-0.01852
-1.639419e-06	-0.01831
-1.637419e-06	-0.01845
-1.635419e-06	-0.01817
-1.633419e-06	-0.01887
-1.631419e-06	-0.01887
-1.629419e-06	-0.01929
-1.627419e-06	-0.01936
-1.625419e-06	-0.01985
-1.623419e-06	-0.0195
-1.621419e-06	-0.0195
-1.619419e-06	-0.0195
-1.617419e-06	-0.01978
-1.615419e-06	-0.0195
-1.613419e-06	-0.01978
-1.611419e-06	-0.02034
-1.609419e-06	-0.02125
-1.607419e-06	-0.02111
-1.605419e-06	-0.02118
-1.603419e-06	-0.02104
-1.601419e-06	-0.02146
-1.599419e-06	-0.02104
-1.597419e-06	-0.02153
-1.595419e-06	-0.02132
-1.593419e-06	-0.02195
-1.591419e-06	-0.02188
-1.589419e-06	-0.02167
-1.587419e-06	-0.02174
-1.585419e-06	-0.02209
-1.583419e-06	-0.02188
-1.581419e-06	-0.02174
-1.579419e-06	-0.02195
-1.577419e-06	-0.0223
-1.575419e-06	-0.02216
-1.573419e-06	-0.0216
-1.571419e-06	-0.02188
-1.569419e-06	-0.02209
-1.567419e-06	-0.02223
-1.565419e-06	-0.02174
-1.563419e-06	-0.0223
-1.561419e-06	-0.02272
-1.559419e-06	-0.02223
-1.557419e-06	-0.0216
-1.555419e-06	-0.02146
-1.553419e-06	-0.02188
-1.551419e-06	-0.02174
-1.549419e-06	-0.0216
-1.547419e-06	-0.02188
-1.545419e-06	-0.02181
-1.543419e-06	-0.02167
-1.541419e-06	-0.02139
-1.539419e-06	-0.02146
-1.537419e-06	-0.02167
-1.535419e-06	-0.02146
-1.533419e-06	-0.02139
-1.531419e-06	-0.02139
-1.529419e-06	-0.02181
-1.527419e-06	-0.02146
-1.525419e-06	-0.02132
-1.523419e-06	-0.02097
-1.521419e-06	-0.02216
-1.519419e-06	-0.02195
-1.517419e-06	-0.02195
-1.515419e-06	-0.02202
-1.513419e-06	-0.02216
-1.511419e-06	-0.02188
-1.509419e-06	-0.0223
-1.507419e-06	-0.02216
-1.505419e-06	-0.02244
-1.503419e-06	-0.02195
-1.501419e-06	-0.02188
-1.499419e-06	-0.02181
-1.497419e-06	-0.02174
-1.495419e-06	-0.02153
-1.493419e-06	-0.02174
-1.491419e-06	-0.02146
-1.489419e-06	-0.02188
-1.487419e-06	-0.02188
-1.485419e-06	-0.02146
-1.483419e-06	-0.02188
-1.481419e-06	-0.02209
-1.479419e-06	-0.02188
-1.477419e-06	-0.02188
-1.475419e-06	-0.02195
-1.473419e-06	-0.02209
-1.471419e-06	-0.02181
-1.469419e-06	-0.02174
-1.467419e-06	-0.02139
-1.465419e-06	-0.02167
-1.463419e-06	-0.02118
-1.461419e-06	-0.02118
-1.459419e-06	-0.02132
-1.457419e-06	-0.02139
-1.455419e-06	-0.02125
-1.453419e-06	-0.02125
-1.451419e-06	-0.02111
-1.449419e-06	-0.02181
-1.447419e-06	-0.0216
-1.445419e-06	-0.02125
-1.443419e-06	-0.02118
-1.441419e-06	-0.02167
-1.439419e-06	-0.02111
-1.437419e-06	-0.02132
-1.435419e-06	-0.02139
-1.433419e-06	-0.02167
-1.431419e-06	-0.02153
-1.429419e-06	-0.02125
-1.427419e-06	-0.02139
-1.425419e-06	-0.02146
-1.423419e-06	-0.02174
-1.421419e-06	-0.02139
-1.419419e-06	-0.02181
-1.417419e-06	-0.02216
-1.415419e-06	-0.02167
-1.413419e-06	-0.0216
-1.411419e-06	-0.02195
-1.409419e-06	-0.02244
-1.407419e-06	-0.02188
-1.405419e-06	-0.02223
-1.403419e-06	-0.02251
-1.401419e-06	-0.02314
-1.399419e-06	-0.02328
-1.397419e-06	-0.02335
-1.395419e-06	-0.02314
-1.393419e-06	-0.02363
-1.391419e-06	-0.023
-1.389419e-06	-0.02279
-1.387419e-06	-0.02279
-1.385419e-06	-0.02321
-1.383419e-06	-0.023
-1.381419e-06	-0.02272
-1.379419e-06	-0.02314
-1.377419e-06	-0.02321
-1.375419e-06	-0.02307
-1.373419e-06	-0.02272
-1.371419e-06	-0.02286
-1.369419e-06	-0.02314
-1.367419e-06	-0.02293
-1.365419e-06	-0.02272
-1.363419e-06	-0.02258
-1.361419e-06	-0.02342
-1.359419e-06	-0.02342
-1.357419e-06	-0.023
-1.355419e-06	-0.023
-1.353419e-06	-0.02349
-1.351419e-06	-0.02363
-1.349419e-06	-0.023
-1.347419e-06	-0.02286
-1.345419e-06	-0.02307
-1.343419e-06	-0.023
-1.341419e-06	-0.02237
-1.339419e-06	-0.02244
-1.337419e-06	-0.02335
-1.335419e-06	-0.02279
-1.333419e-06	-0.02258
-1.331419e-06	-0.02272
-1.329419e-06	-0.02293
-1.327419e-06	-0.02258
-1.325419e-06	-0.02244
-1.323419e-06	-0.02223
-1.321419e-06	-0.02279
-1.319419e-06	-0.02286
-1.317419e-06	-0.02244
-1.315419e-06	-0.02258
-1.313419e-06	-0.02279
-1.311419e-06	-0.02279
-1.309419e-06	-0.02279
-1.307419e-06	-0.02251
-1.305419e-06	-0.02293
-1.303419e-06	-0.0223
-1.301419e-06	-0.02237
-1.299419e-06	-0.02244
-1.297419e-06	-0.02258
-1.295419e-06	-0.02223
-1.293419e-06	-0.02174
-1.291419e-06	-0.02167
-1.289419e-06	-0.02139
-1.287419e-06	-0.02083
-1.285419e-06	-0.02069
-1.283419e-06	-0.02013
-1.281419e-06	-0.02006
-1.279419e-06	-0.01978
-1.277419e-06	-0.01971
-1.275419e-06	-0.01971
-1.273419e-06	-0.0195
-1.271419e-06	-0.01915
-1.269419e-06	-0.01929
-1.267419e-06	-0.01978
-1.265419e-06	-0.01985
-1.263419e-06	-0.0195
-1.261419e-06	-0.0202
-1.259419e-06	-0.01985
-1.257419e-06	-0.02034
-1.255419e-06	-0.02048
-1.253419e-06	-0.02034
-1.251419e-06	-0.02069
-1.249419e-06	-0.02062
-1.247419e-06	-0.02013
-1.245419e-06	-0.02013
-1.243419e-06	-0.02006
-1.241419e-06	-0.02034
-1.239419e-06	-0.01999
-1.237419e-06	-0.02055
-1.235419e-06	-0.02027
-1.233419e-06	-0.02048
-1.231419e-06	-0.01999
-1.229419e-06	-0.01971
-1.227419e-06	-0.01964
-1.225419e-06	-0.01964
-1.223419e-06	-0.01894
-1.221419e-06	-0.01908
-1.219419e-06	-0.01915
-1.217419e-06	-0.01922
-1.215419e-06	-0.0188
-1.213419e-06	-0.01873
-1.211419e-06	-0.0188
-1.209419e-06	-0.01922
-1.207419e-06	-0.01908
-1.205419e-06	-0.0188
-1.203419e-06	-0.01922
-1.201419e-06	-0.01936
-1.199419e-06	-0.01915
-1.197419e-06	-0.01943
-1.195419e-06	-0.01971
-1.193419e-06	-0.01992
-1.191419e-06	-0.01957
-1.189419e-06	-0.02006
-1.187419e-06	-0.01992
-1.185419e-06	-0.02013
-1.183419e-06	-0.01999
-1.181419e-06	-0.01971
-1.179419e-06	-0.01964
-1.177419e-06	-0.02013
-1.175419e-06	-0.01957
-1.173419e-06	-0.01971
-1.171419e-06	-0.01978
-1.169419e-06	-0.01992
-1.167419e-06	-0.01964
-1.165419e-06	-0.01957
-1.163419e-06	-0.01964
-1.161419e-06	-0.0195
-1.159419e-06	-0.0188
-1.157419e-06	-0.01894
-1.155419e-06	-0.01873
-1.153419e-06	-0.01908
-1.151419e-06	-0.01845
-1.149419e-06	-0.01831
-1.147419e-06	-0.0181
-1.145419e-06	-0.01852
-1.143419e-06	-0.01845
-1.141419e-06	-0.01859
-1.139419e-06	-0.01873
-1.137419e-06	-0.01908
-1.135419e-06	-0.01852
-1.133419e-06	-0.01838
-1.131419e-06	-0.0181
-1.129419e-06	-0.01852
-1.127419e-06	-0.0181
-1.125419e-06	-0.01803
-1.123419e-06	-0.01831
-1.121419e-06	-0.01873
-1.119419e-06	-0.01901
-1.117419e-06	-0.01936
-1.115419e-06	-0.01964
-1.113419e-06	-0.02006
-1.111419e-06	-0.01985
-1.109419e-06	-0.01992
-1.107419e-06	-0.01978
-1.105419e-06	-0.02069
-1.103419e-06	-0.02034
-1.101419e-06	-0.02083
-1.099419e-06	-0.0209
-1.097419e-06	-0.02146
-1.095419e-06	-0.0216
-1.093419e-06	-0.02125
-1.091419e-06	-0.02174
-1.089419e-06	-0.02188
-1.087419e-06	-0.02174
-1.085419e-06	-0.02174
-1.083419e-06	-0.02167
-1.081419e-06	-0.02202
-1.079419e-06	-0.0216
-1.077419e-06	-0.02188
-1.075419e-06	-0.02181
-1.073419e-06	-0.02188
-1.071419e-06	-0.02167
-1.069419e-06	-0.02111
-1.067419e-06	-0.02104
-1.065419e-06	-0.02118
-1.063419e-06	-0.0209
-1.061419e-06	-0.02048
-1.059419e-06	-0.02104
-1.057419e-06	-0.02104
-1.055419e-06	-0.02062
-1.053419e-06	-0.02055
-1.051419e-06	-0.02076
-1.049419e-06	-0.02125
-1.047419e-06	-0.02104
-1.045419e-06	-0.02111
-1.043419e-06	-0.02139
-1.041419e-06	-0.02209
-1.039419e-06	-0.02174
-1.037419e-06	-0.0216
-1.035419e-06	-0.0216
-1.033419e-06	-0.02209
-1.031419e-06	-0.02195
-1.029419e-06	-0.02146
-1.027419e-06	-0.02111
-1.025419e-06	-0.02174
-1.023419e-06	-0.0216
-1.021419e-06	-0.02181
-1.019419e-06	-0.02188
-1.017419e-06	-0.02265
-1.015419e-06	-0.02279
-1.013419e-06	-0.02244
-1.011419e-06	-0.02279
-1.009419e-06	-0.02349
-1.007419e-06	-0.02293
-1.005419e-06	-0.02279
-1.003419e-06	-0.02279
-1.001419e-06	-0.02321
-9.994194e-07	-0.02335
-9.974194e-07	-0.023
-9.954194e-07	-0.02321
-9.934194e-07	-0.02342
-9.914194e-07	-0.02293
-9.894194e-07	-0.02321
-9.874194e-07	-0.02314
-9.854194e-07	-0.02272
-9.834194e-07	-0.02279
-9.814194e-07	-0.02251
-9.794194e-07	-0.02258
-9.774194e-07	-0.02279
-9.754194e-07	-0.02265
-9.734194e-07	-0.02265
-9.714194e-07	-0.02272
-9.694194e-07	-0.02293
-9.674194e-07	-0.02286
-9.654194e-07	-0.02272
-9.634194e-07	-0.02293
-9.614194e-07	-0.02307
-9.594194e-07	-0.02286
-9.574194e-07	-0.02244
-9.554194e-07	-0.02272
-9.534194e-07	-0.02286
-9.514194e-07	-0.02202
-9.494194e-07	-0.02223
-9.474194e-07	-0.02188
-9.454194e-07	-0.02209
-9.434194e-07	-0.02153
-9.414194e-07	-0.02139
-9.394194e-07	-0.02111
-9.374194e-07	-0.02132
-9.354194e-07	-0.02118
-9.334194e-07	-0.02097
-9.314194e-07	-0.02083
-9.294194e-07	-0.02139
-9.274194e-07	-0.02104
-9.254194e-07	-0.02104
-9.234194e-07	-0.02125
-9.214194e-07	-0.02174
-9.194194e-07	-0.02153
-9.174194e-07	-0.02139
-9.154194e-07	-0.02139
-9.134194e-07	-0.02195
-9.114194e-07	-0.02174
-9.094194e-07	-0.02125
-9.074194e-07	-0.02118
-9.054194e-07	-0.02153
-9.034194e-07	-0.02195
-9.014194e-07	-0.02181
-8.994194e-07	-0.02216
-8.974194e-07	-0.02244
-8.954194e-07	-0.02209
-8.934194e-07	-0.02216
-8.914194e-07	-0.02202
-8.894194e-07	-0.02251
-8.874194e-07	-0.02216
-8.854194e-07	-0.02181
-8.834194e-07	-0.02188
-8.814194e-07	-0.02202
-8.794194e-07	-0.02223
-8.774194e-07	-0.02188
-8.754194e-07	-0.02216
-8.734194e-07	-0.02251
-8.714194e-07	-0.0223
-8.694194e-07	-0.02188
-8.674194e-07	-0.02188
-8.654194e-07	-0.02188
-8.634194e-07	-0.02167
-8.614194e-07	-0.0216
-8.594194e-07	-0.02139
-8.574194e-07	-0.02174
-8.554194e-07	-0.0216
-8.534194e-07	-0.02181
-8.514194e-07	-0.02181
-8.494194e-07	-0.02174
-8.474194e-07	-0.02132
-8.454194e-07	-0.02083
-8.434194e-07	-0.02083
-8.414194e-07	-0.0209
-8.394194e-07	-0.02111
-8.374194e-07	-0.02104
-8.354194e-07	-0.02055
-8.334194e-07	-0.02076
-8.314194e-07	-0.02055
-8.294194e-07	-0.02076
-8.274194e-07	-0.02083
-8.254194e-07	-0.02111
-8.234194e-07	-0.02118
-8.214194e-07	-0.02104
-8.194194e-07	-0.02153
-8.174194e-07	-0.02181
-8.154194e-07	-0.02139
-8.134194e-07	-0.02146
-8.114194e-07	-0.02139
-8.094194e-07	-0.02174
-8.074194e-07	-0.02146
-8.054194e-07	-0.02146
-8.034194e-07	-0.02104
-8.014194e-07	-0.02181
-7.994194e-07	-0.02167
-7.974194e-07	-0.02167
-7.954194e-07	-0.02188
-7.934194e-07	-0.02195
-7.914194e-07	-0.02132
-7.894194e-07	-0.02188
-7.874194e-07	-0.0223
-7.854194e-07	-0.0223
-7.834194e-07	-0.02202
-7.814194e-07	-0.02202
-7.794194e-07	-0.02202
-7.774194e-07	-0.02265
-7.754194e-07	-0.02216
-7.734194e-07	-0.02216
-7.714194e-07	-0.02244
-7.694194e-07	-0.02244
-7.674194e-07	-0.0223
-7.654194e-07	-0.02237
-7.634194e-07	-0.02272
-7.614194e-07	-0.02314
-7.594194e-07	-0.02335
-7.574194e-07	-0.02349
-7.554194e-07	-0.02363
-7.534194e-07	-0.0237
-7.514194e-07	-0.02342
-7.494194e-07	-0.02314
-7.474194e-07	-0.02314
-7.454194e-07	-0.023
-7.434194e-07	-0.02244
-7.414194e-07	-0.0223
-7.394194e-07	-0.02195
-7.374194e-07	-0.0223
-7.354194e-07	-0.02202
-7.334194e-07	-0.02146
-7.314194e-07	-0.02083
-7.294194e-07	-0.0216
-7.274194e-07	-0.02055
-7.254194e-07	-0.02055
-7.234194e-07	-0.02062
-7.214194e-07	-0.02111
-7.194194e-07	-0.0209
-7.174194e-07	-0.02076
-7.154194e-07	-0.02062
-7.134194e-07	-0.02104
-7.114194e-07	-0.02083
-7.094194e-07	-0.0209
-7.074194e-07	-0.02076
-7.054194e-07	-0.02125
-7.034194e-07	-0.02111
-7.014194e-07	-0.02139
-6.994194e-07	-0.02132
-6.974194e-07	-0.02118
-6.954194e-07	-0.02132
-6.934194e-07	-0.02118
-6.914194e-07	-0.02097
-6.894194e-07	-0.02132
-6.874194e-07	-0.02132
-6.854194e-07	-0.02132
-6.834194e-07	-0.0216
-6.814194e-07	-0.02174
-6.794194e-07	-0.02167
-6.774194e-07	-0.02188
-6.754194e-07	-0.02202
-6.734194e-07	-0.02258
-6.714194e-07	-0.02244
-6.694194e-07	-0.02216
-6.674194e-07	-0.0223
-6.654194e-07	-0.02216
-6.634194e-07	-0.02223
-6.614194e-07	-0.02195
-6.594194e-07	-0.0223
-6.574194e-07	-0.02265
-6.554194e-07	-0.0223
-6.534194e-07	-0.02209
-6.514194e-07	-0.02209
-6.494194e-07	-0.02202
-6.474194e-07	-0.02188
-6.454194e-07	-0.02167
-6.434194e-07	-0.0216
-6.414194e-07	-0.02181
-6.394194e-07	-0.02181
-6.374194e-07	-0.02118
-6.354194e-07	-0.02097
-6.334194e-07	-0.02118
-6.314194e-07	-0.02083
-6.294194e-07	-0.02041
-6.274194e-07	-0.02027
-6.254194e-07	-0.02034
-6.234194e-07	-0.01985
-6.214194e-07	-0.02013
-6.194194e-07	-0.02006
-6.174194e-07	-0.0202
-6.154194e-07	-0.01992
-6.134194e-07	-0.01992
-6.114194e-07	-0.02013
-6.094194e-07	-0.01992
-6.074194e-07	-0.01999
-6.054194e-07	-0.01964
-6.034194e-07	-0.01999
-6.014194e-07	-0.01999
-5.994194e-07	-0.01999
-5.974194e-07	-0.0195
-5.954194e-07	-0.01957
-5.934194e-07	-0.01992
-5.914194e-07	-0.01957
-5.894194e-07	-0.01964
-5.874194e-07	-0.01957
-5.854194e-07	-0.01978
-5.834194e-07	-0.01922
-5.814194e-07	-0.01901
-5.794194e-07	-0.01922
-5.774194e-07	-0.01978
-5.754194e-07	-0.01908
-5.734194e-07	-0.01936
-5.714194e-07	-0.0195
-5.694194e-07	-0.01971
-5.674194e-07	-0.01901
-5.654194e-07	-0.01908
-5.634194e-07	-0.01936
-5.614194e-07	-0.01978
-5.594194e-07	-0.01936
-5.574194e-07	-0.0195
-5.554194e-07	-0.01978
-5.534194e-07	-0.01971
-5.514194e-07	-0.0195
-5.494194e-07	-0.01929
-5.474194e-07	-0.01922
-5.454194e-07	-0.01971
-5.434194e-07	-0.0195
-5.414194e-07	-0.01985
-5.394194e-07	-0.01999
-5.374194e-07	-0.02048
-5.354194e-07	-0.02034
-5.334194e-07	-0.02041
-5.314194e-07	-0.01985
-5.294194e-07	-0.01985
-5.274194e-07	-0.02006
-5.254194e-07	-0.01978
-5.234194e-07	-0.02013
-5.214194e-07	-0.01999
-5.194194e-07	-0.02006
-5.174194e-07	-0.0202
-5.154194e-07	-0.02027
-5.134194e-07	-0.02062
-5.114194e-07	-0.02062
-5.094194e-07	-0.02006
-5.074194e-07	-0.01999
-5.054194e-07	-0.0202
-5.034194e-07	-0.02013
-5.014194e-07	-0.02013
-4.994194e-07	-0.01971
-4.974194e-07	-0.01985
-4.954194e-07	-0.01964
-4.934194e-07	-0.01978
-4.914194e-07	-0.01964
-4.894194e-07	-0.02013
-4.874194e-07	-0.01957
-4.854194e-07	-0.01922
-4.834194e-07	-0.01894
-4.814194e-07	-0.01845
-4.794194e-07	-0.01803
-4.774194e-07	-0.01761
-4.754194e-07	-0.01803
-4.734194e-07	-0.01845
-4.714194e-07	-0.0181
-4.694194e-07	-0.01838
-4.674194e-07	-0.0181
-4.654194e-07	-0.01838
-4.634194e-07	-0.0181
-4.614194e-07	-0.01803
-4.594194e-07	-0.0181
-4.574194e-07	-0.01852
-4.554194e-07	-0.01831
-4.534194e-07	-0.01831
-4.514194e-07	-0.01803
-4.494194e-07	-0.01831
-4.474194e-07	-0.0181
-4.454194e-07	-0.01824
-4.434194e-07	-0.01782
-4.414194e-07	-0.01831
-4.394194e-07	-0.01796
-4.374194e-07	-0.01803
-4.354194e-07	-0.01775
-4.334194e-07	-0.01796
-4.314194e-07	-0.01796
-4.294194e-07	-0.01824
-4.274194e-07	-0.01817
-4.254194e-07	-0.01866
-4.234194e-07	-0.01817
-4.214194e-07	-0.0188
-4.194194e-07	-0.01887
-4.174194e-07	-0.01915
-4.154194e-07	-0.01866
-4.134194e-07	-0.01873
-4.114194e-07	-0.01838
-4.094194e-07	-0.01887
-4.074194e-07	-0.01873
-4.054194e-07	-0.01873
-4.034194e-07	-0.01901
-4.014194e-07	-0.01929
-3.994194e-07	-0.01922
-3.974194e-07	-0.01929
-3.954194e-07	-0.01915
-3.934194e-07	-0.01943
-3.914194e-07	-0.01943
-3.894194e-07	-0.01964
-3.874194e-07	-0.01964
-3.854194e-07	-0.01999
-3.834194e-07	-0.01985
-3.814194e-07	-0.01978
-3.794194e-07	-0.02006
-3.774194e-07	-0.02055
-3.754194e-07	-0.02041
-3.734194e-07	-0.02041
-3.714194e-07	-0.02055
-3.694194e-07	-0.02104
-3.674194e-07	-0.02104
-3.654194e-07	-0.02097
-3.634194e-07	-0.02111
-3.614194e-07	-0.02153
-3.594194e-07	-0.02153
-3.574194e-07	-0.02146
-3.554194e-07	-0.0216
-3.534194e-07	-0.02195
-3.514194e-07	-0.02146
-3.494194e-07	-0.02111
-3.474194e-07	-0.02118
-3.454194e-07	-0.02097
-3.434194e-07	-0.02083
-3.414194e-07	-0.02104
-3.394194e-07	-0.02062
-3.374194e-07	-0.02118
-3.354194e-07	-0.02069
-3.334194e-07	-0.02055
-3.314194e-07	-0.02055
-3.294194e-07	-0.02083
-3.274194e-07	-0.02048
-3.254194e-07	-0.02013
-3.234194e-07	-0.01943
-3.214194e-07	-0.02013
-3.194194e-07	-0.02013
-3.174194e-07	-0.02041
-3.154194e-07	-0.01971
-3.134194e-07	-0.01999
-3.114194e-07	-0.02034
-3.094194e-07	-0.02048
-3.074194e-07	-0.01999
-3.054194e-07	-0.01992
-3.034194e-07	-0.01971
-3.014194e-07	-0.02006
-2.994194e-07	-0.0202
-2.974194e-07	-0.01992
-2.954194e-07	-0.0195
-2.934194e-07	-0.0195
-2.914194e-07	-0.01985
-2.894194e-07	-0.01978
-2.874194e-07	-0.0195
-2.854194e-07	-0.01936
-2.834194e-07	-0.01964
-2.814194e-07	-0.01978
-2.794194e-07	-0.0195
-2.774194e-07	-0.0195
-2.754194e-07	-0.01908
-2.734194e-07	-0.01964
-2.714194e-07	-0.01901
-2.694194e-07	-0.01929
-2.674194e-07	-0.01978
-2.654194e-07	-0.01985
-2.634194e-07	-0.01978
-2.614194e-07	-0.02006
-2.594194e-07	-0.01978
-2.574194e-07	-0.01943
-2.554194e-07	-0.01964
-2.534194e-07	-0.01957
-2.514194e-07	-0.01971
-2.494194e-07	-0.02055
-2.474194e-07	-0.01999
-2.454194e-07	-0.02048
-2.434194e-07	-0.02069
-2.414194e-07	-0.02062
-2.394194e-07	-0.0202
-2.374194e-07	-0.0202
-2.354194e-07	-0.01957
-2.334194e-07	-0.02034
-2.314194e-07	-0.01992
-2.294194e-07	-0.0202
-2.274194e-07	-0.02006
-2.254194e-07	-0.02055
-2.234194e-07	-0.02048
-2.214194e-07	-0.02048
-2.194194e-07	-0.02034
-2.174194e-07	-0.02069
-2.154194e-07	-0.02041
-2.134194e-07	-0.02062
-2.114194e-07	-0.02069
-2.094194e-07	-0.02132
-2.074194e-07	-0.0209
-2.054194e-07	-0.02104
-2.034194e-07	-0.02097
-2.014194e-07	-0.02188
-1.994194e-07	-0.02153
-1.974194e-07	-0.02111
-1.954194e-07	-0.0216
-1.934194e-07	-0.02132
-1.914194e-07	-0.02118
-1.894194e-07	-0.02083
-1.874194e-07	-0.02062
-1.854194e-07	-0.0209
-1.834194e-07	-0.02041
-1.814194e-07	-0.02034
-1.794194e-07	-0.02055
-1.774194e-07	-0.02076
-1.754194e-07	-0.02069
-1.734194e-07	-0.02027
-1.714194e-07	-0.02027
-1.694194e-07	-0.02013
-1.674194e-07	-0.01971
-1.654194e-07	-0.0195
-1.634194e-07	-0.01957
-1.614194e-07	-0.01957
-1.594194e-07	-0.01943
-1.574194e-07	-0.01936
-1.554194e-07	-0.01943
-1.534194e-07	-0.01978
-1.514194e-07	-0.01929
-1.494194e-07	-0.0195
-1.474194e-07	-0.01936
-1.454194e-07	-0.01978
-1.434194e-07	-0.01922
-1.414194e-07	-0.01936
-1.394194e-07	-0.01887
-1.374194e-07	-0.01929
-1.354194e-07	-0.01908
-1.334194e-07	-0.01894
-1.314194e-07	-0.01894
-1.294194e-07	-0.01915
-1.274194e-07	-0.01887
-1.254194e-07	-0.01866
-1.234194e-07	-0.01873
-1.214194e-07	-0.01866
-1.194194e-07	-0.01789
-1.174194e-07	-0.01845
-1.154194e-07	-0.01803
-1.134194e-07	-0.01789
-1.114194e-07	-0.01782
-1.094194e-07	-0.01824
-1.074194e-07	-0.01789
-1.054194e-07	-0.01824
-1.034194e-07	-0.01775
-1.014194e-07	-0.01852
-9.941944e-08	-0.01859
-9.741944e-08	-0.01866
-9.541944e-08	-0.01866
-9.341944e-08	-0.01887
-9.141944e-08	-0.01887
-8.941944e-08	-0.01887
-8.741944e-08	-0.0188
-8.541944e-08	-0.01852
-8.341944e-08	-0.01845
-8.141944e-08	-0.01908
-7.941944e-08	-0.01873
-7.741944e-08	-0.01873
-7.541944e-08	-0.01873
-7.341944e-08	-0.01901
-7.141944e-08	-0.01817
-6.941944e-08	-0.01838
-6.741944e-08	-0.01838
-6.541944e-08	-0.0188
-6.341944e-08	-0.01852
-6.141944e-08	-0.0188
-5.941944e-08	-0.0181
-5.741944e-08	-0.01887
-5.541944e-08	-0.01824
-5.341944e-08	-0.01866
-5.141944e-08	-0.01845
-4.941944e-08	-0.01922
-4.741944e-08	-0.01936
-4.541944e-08	-0.01964
-4.341944e-08	-0.0195
-4.141944e-08	-0.01936
-3.941944e-08	-0.01929
-3.741944e-08	-0.01964
-3.541944e-08	-0.01999
-3.341944e-08	-0.02027
-3.141944e-08	-0.01992
-2.941944e-08	-0.02034
-2.741944e-08	-0.02076
-2.541944e-08	-0.02083
-2.341944e-08	-0.02048
-2.141944e-08	-0.02048
-1.941944e-08	-0.02083
-1.741944e-08	-0.02153
-1.541944e-08	-0.02083
-1.341944e-08	-0.02055
-1.141944e-08	-0.02076
-9.419444e-09	-0.02139
-7.419444e-09	-0.02104
-5.419444e-09	-0.02104
-3.419444e-09	-0.02083
-1.419444e-09	-0.02118
5.805565e-10	-0.02104
2.580556e-09	-0.02097
4.580556e-09	-0.02104
6.580556e-09	-0.02111
8.580556e-09	-0.02104
1.058056e-08	-0.02055
1.258056e-08	-0.02048
1.458056e-08	-0.02069
1.658056e-08	-0.02069
1.858056e-08	-0.02083
2.058056e-08	-0.02104
2.258056e-08	-0.02111
2.458056e-08	-0.02097
2.658056e-08	-0.02097
2.858056e-08	-0.02083
3.058056e-08	-0.02125
3.258056e-08	-0.02076
3.458056e-08	-0.02034
3.658056e-08	-0.02041
3.858056e-08	-0.02062
4.058056e-08	-0.02027
4.258056e-08	-0.02027
4.458056e-08	-0.01999
4.658056e-08	-0.02006
4.858056e-08	-0.01957
5.058056e-08	-0.01943
5.258056e-08	-0.01922
5.458056e-08	-0.01922
5.658056e-08	-0.01901
5.858056e-08	-0.01901
6.058056e-08	-0.01859
6.258056e-08	-0.01887
6.458056e-08	-0.01831
6.658056e-08	-0.0188
6.858056e-08	-0.01901
7.058056e-08	-0.01908
7.258056e-08	-0.01838
7.458056e-08	-0.01866
7.658056e-08	-0.01908
7.858056e-08	-0.01936
8.058056e-08	-0.01929
8.258056e-08	-0.01957
8.458056e-08	-0.0195
8.658056e-08	-0.01943
8.858056e-08	-0.01929
9.058056e-08	-0.0195
9.258056e-08	-0.01929
9.458056e-08	-0.01922
9.658056e-08	-0.01887
9.858056e-08	-0.01887
1.005806e-07	-0.0188
1.025806e-07	-0.01838
1.045806e-07	-0.01831
1.065806e-07	-0.01838
1.085806e-07	-0.01817
1.105806e-07	-0.0181
1.125806e-07	-0.0174
1.145806e-07	-0.01775
1.165806e-07	-0.01789
1.185806e-07	-0.01831
1.205806e-07	-0.01789
1.225806e-07	-0.01824
1.245806e-07	-0.01789
1.265806e-07	-0.01817
1.285806e-07	-0.01789
1.305806e-07	-0.01824
1.325806e-07	-0.01761
1.345806e-07	-0.01551
1.365806e-07	-0.00991
1.385806e-07	-0.00214
1.405806e-07	0.00864
1.425806e-07	0.02005
1.445806e-07	0.03293
1.465806e-07	0.04504
1.485806e-07	0.05645
1.505806e-07	0.068
1.525806e-07	0.07913
1.545806e-07	0.08879
1.565806e-07	0.09796
1.585806e-07	0.10636
1.605806e-07	0.11406
1.625806e-07	0.12043
1.645806e-07	0.12638
1.665806e-07	0.13128
1.685806e-07	0.13639
1.705806e-07	0.13989
1.725806e-07	0.1436
1.745806e-07	0.14577
1.765806e-07	0.14836
1.785806e-07	0.14941
1.805806e-07	0.15074
1.825806e-07	0.15102
1.845806e-07	0.152
1.865806e-07	0.15158
1.885806e-07	0.15081
1.905806e-07	0.14934
1.925806e-07	0.14906
1.945806e-07	0.14829
1.965806e-07	0.1471
1.985806e-07	0.14542
2.005806e-07	0.1443
2.025806e-07	0.14206
2.045806e-07	0.1408
2.065806e-07	0.13814
2.085806e-07	0.1359
2.105806e-07	0.13324
2.125806e-07	0.13114
2.145806e-07	0.1282
2.165806e-07	0.12673
2.185806e-07	0.12386
2.205806e-07	0.12134
2.225806e-07	0.11854
2.245806e-07	0.11616
2.265806e-07	0.11385
2.285806e-07	0.11105
2.305806e-07	0.10804
2.325806e-07	0.10587
2.345806e-07	0.10349
2.365806e-07	0.1009
2.385806e-07	0.09845
2.405806e-07	0.09579
2.425806e-07	0.0932
2.445806e-07	0.09103
2.465806e-07	0.0883
2.485806e-07	0.08585
2.505806e-07	0.08368
2.525806e-07	0.08095
2.545806e-07	0.07864
2.565806e-07	0.07626
2.585806e-07	0.07416
2.605806e-07	0.07206
2.625806e-07	0.06947
2.645806e-07	0.0673
2.665806e-07	0.06548
2.685806e-07	0.06303
2.705806e-07	0.06114
2.725806e-07	0.05946
2.745806e-07	0.05708
2.765806e-07	0.05561
2.785806e-07	0.05386
2.805806e-07	0.05232
2.825806e-07	0.05029
2.845806e-07	0.04875
2.865806e-07	0.04686
2.885806e-07	0.0456
2.905806e-07	0.04448
2.925806e-07	0.04308
2.945806e-07	0.04084
2.965806e-07	0.03986
2.985806e-07	0.03825
3.005806e-07	0.03699
3.025806e-07	0.03524
3.045806e-07	0.03447
3.065806e-07	0.03307
3.085806e-07	0.03251
3.105806e-07	0.03118
3.125806e-07	0.02985
3.145806e-07	0.0288
3.165806e-07	0.02796
3.185806e-07	0.02684
3.205806e-07	0.02579
3.225806e-07	0.0246
3.245806e-07	0.02376
3.265806e-07	0.02278
3.285806e-07	0.02166
3.305806e-07	0.0204
3.325806e-07	0.01977
3.345806e-07	0.01851
3.365806e-07	0.01809
3.385806e-07	0.01746
3.405806e-07	0.01655
3.425806e-07	0.01522
3.445806e-07	0.01494
3.465806e-07	0.01396
3.485806e-07	0.0134
3.505806e-07	0.01235
3.525806e-07	0.01228
3.545806e-07	0.01116
3.565806e-07	0.01025
3.585806e-07	0.00906
3.605806e-07	0.00829
3.625806e-07	0.00773
3.645806e-07	0.00696
3.665806e-07	0.00612
3.685806e-07	0.00591
3.705806e-07	0.00507
3.725806e-07	0.0043
3.745806e-07	0.00346
3.765806e-07	0.00311
3.785806e-07	0.00255
3.805806e-07	0.00213
3.825806e-07	0.00143
3.845806e-07	0.0008
3.865806e-07	0.00024
3.885806e-07	3e-05
3.905806e-07	-0.00109
3.925806e-07	-0.0013
3.945806e-07	-0.00193
3.965806e-07	-0.00235
3.985806e-07	-0.00298
4.005806e-07	-0.00333
4.025806e-07	-0.00403
4.045806e-07	-0.00438
4.065806e-07	-0.00466
4.085806e-07	-0.00501
4.105806e-07	-0.00571
4.125806e-07	-0.00585
4.145806e-07	-0.00655
4.165806e-07	-0.00634
4.185806e-07	-0.00648
4.205806e-07	-0.0069
4.225806e-07	-0.00739
4.245806e-07	-0.00697
4.265806e-07	-0.00767
4.285806e-07	-0.00795
4.305806e-07	-0.00837
4.325806e-07	-0.00788
4.345806e-07	-0.00872
4.365806e-07	-0.009
4.385806e-07	-0.0097
4.405806e-07	-0.00914
4.425806e-07	-0.0097
4.445806e-07	-0.00977
4.465806e-07	-0.01033
4.485806e-07	-0.01005
4.505806e-07	-0.01054
4.525806e-07	-0.01033
4.545806e-07	-0.01117
4.565806e-07	-0.01061
4.585806e-07	-0.01124
4.605806e-07	-0.01068
4.625806e-07	-0.0111
4.645806e-07	-0.01089
4.665806e-07	-0.01145
4.685806e-07	-0.01096
4.705806e-07	-0.01103
4.725806e-07	-0.01117
4.745806e-07	-0.01187
4.765806e-07	-0.01159
4.785806e-07	-0.01229
4.805806e-07	-0.0118
4.825806e-07	-0.01222
4.845806e-07	-0.01187
4.865806e-07	-0.0125
4.885806e-07	-0.01208
4.905806e-07	-0.01236
4.925806e-07	-0.0125
4.945806e-07	-0.01257
4.965806e-07	-0.01229
4.985806e-07	-0.01278
5.005806e-07	-0.01278
5.025806e-07	-0.01264
5.045806e-07	-0.01208
5.065806e-07	-0.01285
5.085806e-07	-0.01299
5.105806e-07	-0.01327
5.125806e-07	-0.01306
5.145806e-07	-0.01369
5.165806e-07	-0.0132
5.185806e-07	-0.01369
5.205806e-07	-0.01334
5.225806e-07	-0.01348
5.245806e-07	-0.01355
5.265806e-07	-0.01383
5.285806e-07	-0.01369
5.305806e-07	-0.01432
5.325806e-07	-0.0146
5.345806e-07	-0.01516
5.365806e-07	-0.01481
5.385806e-07	-0.0153
5.405806e-07	-0.01523
5.425806e-07	-0.01551
5.445806e-07	-0.01509
5.465806e-07	-0.01593
5.485806e-07	-0.01565
5.505806e-07	-0.01614
5.525806e-07	-0.01579
5.545806e-07	-0.01614
5.565806e-07	-0.01614
5.585806e-07	-0.01628
5.605806e-07	-0.01642
5.625806e-07	-0.01691
5.645806e-07	-0.01663
5.665806e-07	-0.01712
5.685806e-07	-0.01663
5.705806e-07	-0.01691
5.725806e-07	-0.01719
5.745806e-07	-0.01789
5.765806e-07	-0.01733
5.785806e-07	-0.01726
5.805806e-07	-0.01726
5.825806e-07	-0.01775
5.845806e-07	-0.01747
5.865806e-07	-0.01768
5.885806e-07	-0.01761
5.905806e-07	-0.01796
5.925806e-07	-0.01789
5.945806e-07	-0.01775
5.965806e-07	-0.01817
5.985806e-07	-0.01866
6.005806e-07	-0.01859
6.025806e-07	-0.01859
6.045806e-07	-0.0188
6.065806e-07	-0.0195
6.085806e-07	-0.01964
6.105806e-07	-0.01978
6.125806e-07	-0.01943
6.145806e-07	-0.0195
6.165806e-07	-0.01929
6.185806e-07	-0.01943
6.205806e-07	-0.01943
6.225806e-07	-0.01957
6.245806e-07	-0.01901
6.265806e-07	-0.01901
6.285806e-07	-0.01936
6.305806e-07	-0.01922
6.325806e-07	-0.01866
6.345806e-07	-0.01873
6.365806e-07	-0.01922
6.385806e-07	-0.01929
6.405806e-07	-0.01908
6.425806e-07	-0.0195
6.445806e-07	-0.01908
6.465806e-07	-0.01936
6.485806e-07	-0.01901
6.505806e-07	-0.01908
6.525806e-07	-0.01901
6.545806e-07	-0.01922
6.565806e-07	-0.01901
6.585806e-07	-0.01901
6.605806e-07	-0.01915
6.625806e-07	-0.0195
6.645806e-07	-0.01929
6.665806e-07	-0.01971
6.685806e-07	-0.01943
6.705806e-07	-0.01985
6.725806e-07	-0.01971
6.745806e-07	-0.01964
6.765806e-07	-0.02027
6.785806e-07	-0.02041
6.805806e-07	-0.02013
6.825806e-07	-0.02069
6.845806e-07	-0.02055
6.865806e-07	-0.02104
6.885806e-07	-0.02055
6.905806e-07	-0.02104
6.925806e-07	-0.02076
6.945806e-07	-0.02104
6.965806e-07	-0.02076
6.985806e-07	-0.0202
7.005806e-07	-0.02048
7.025806e-07	-0.02076
7.045806e-07	-0.02027
7.065806e-07	-0.02013
7.085806e-07	-0.02006
7.105806e-07	-0.02034
7.125806e-07	-0.01971
7.145806e-07	-0.01985
7.165806e-07	-0.01985
7.185806e-07	-0.01971
7.205806e-07	-0.01936
7.225806e-07	-0.0195
7.245806e-07	-0.01943
7.265806e-07	-0.01978
7.285806e-07	-0.01936
7.305806e-07	-0.0195
7.325806e-07	-0.01978
7.345806e-07	-0.02034
7.365806e-07	-0.01992
7.385806e-07	-0.01964
7.405806e-07	-0.01936
7.425806e-07	-0.01999
7.445806e-07	-0.01971
7.465806e-07	-0.01999
7.485806e-07	-0.01992
7.505806e-07	-0.02034
7.525806e-07	-0.01992
7.545806e-07	-0.02006
7.565806e-07	-0.01978
7.585806e-07	-0.01992
7.605806e-07	-0.01943
7.625806e-07	-0.01922
7.645806e-07	-0.01901
7.665806e-07	-0.01908
7.685806e-07	-0.01887
7.705806e-07	-0.0188
7.725806e-07	-0.01866
7.745806e-07	-0.01922
7.765806e-07	-0.01873
7.785806e-07	-0.01852
7.805806e-07	-0.01859
7.825806e-07	-0.01901
7.845806e-07	-0.01803
7.865806e-07	-0.01838
7.885806e-07	-0.01796
7.905806e-07	-0.01831
7.925806e-07	-0.01726
7.945806e-07	-0.01726
7.965806e-07	-0.01747
7.985806e-07	-0.01782
8.005806e-07	-0.0174
8.025806e-07	-0.0174
8.045806e-07	-0.01719
8.065806e-07	-0.01747
8.085806e-07	-0.0174
8.105806e-07	-0.01726
8.125806e-07	-0.01726
8.145806e-07	-0.01712
8.165806e-07	-0.01649
8.185806e-07	-0.01691
8.205806e-07	-0.01663
8.225806e-07	-0.01691
8.245806e-07	-0.01656
8.265806e-07	-0.0167
8.285806e-07	-0.01628
8.305806e-07	-0.01691
8.325806e-07	-0.01649
8.345806e-07	-0.0167
8.365806e-07	-0.01628
8.385806e-07	-0.01656
8.405806e-07	-0.01663
8.425806e-07	-0.01684
8.445806e-07	-0.01684
8.465806e-07	-0.01705
8.485806e-07	-0.01642
8.505806e-07	-0.01656
8.525806e-07	-0.01628
8.545806e-07	-0.01649
8.565806e-07	-0.01628
8.585806e-07	-0.01656
8.605806e-07	-0.01614
8.625806e-07	-0.01586
8.645806e-07	-0.01649
8.665806e-07	-0.01649
8.685806e-07	-0.01607
8.705806e-07	-0.01649
8.725806e-07	-0.01628
8.745806e-07	-0.0167
8.765806e-07	-0.01628
8.785806e-07	-0.01649
8.805806e-07	-0.01642
8.825806e-07	-0.01663
8.845806e-07	-0.016
8.865806e-07	-0.0167
8.885806e-07	-0.01586
8.905806e-07	-0.01593
8.925806e-07	-0.01593
8.945806e-07	-0.01635
8.965806e-07	-0.01572
8.985806e-07	-0.01586
9.005806e-07	-0.01565
9.025806e-07	-0.01635
9.045806e-07	-0.01614
9.065806e-07	-0.01677
9.085806e-07	-0.01677
9.105806e-07	-0.01649
9.125806e-07	-0.01607
9.145806e-07	-0.01607
9.165806e-07	-0.01635
9.185806e-07	-0.01684
9.205806e-07	-0.01677
9.225806e-07	-0.01698
9.245806e-07	-0.0167
9.265806e-07	-0.01719
9.285806e-07	-0.01691
9.305806e-07	-0.0167
9.325806e-07	-0.0167
9.345806e-07	-0.01698
9.365806e-07	-0.01656
9.385806e-07	-0.01691
9.405806e-07	-0.01705
9.425806e-07	-0.01719
9.445806e-07	-0.0167
9.465806e-07	-0.01677
9.485806e-07	-0.01677
9.505806e-07	-0.01691
9.525806e-07	-0.01663
9.545806e-07	-0.01698
9.565806e-07	-0.01663
9.585806e-07	-0.01677
9.605806e-07	-0.01684
9.625806e-07	-0.0174
9.645806e-07	-0.01719
9.665806e-07	-0.01747
9.685806e-07	-0.01712
9.705806e-07	-0.01726
9.725806e-07	-0.01698
9.745806e-07	-0.01698
9.765806e-07	-0.01677
9.785806e-07	-0.01684
9.805806e-07	-0.01684
9.825806e-07	-0.01691
9.845806e-07	-0.01628
9.865806e-07	-0.01691
9.885806e-07	-0.01628
9.905806e-07	-0.01628
9.925806e-07	-0.01565
9.945806e-07	-0.01586
9.965806e-07	-0.01565
9.985806e-07	-0.01593
1.000581e-06	-0.01551
1.002581e-06	-0.01586
1.004581e-06	-0.01572
1.006581e-06	-0.01593
1.008581e-06	-0.01551
1.010581e-06	-0.01607
1.012581e-06	-0.01586
1.014581e-06	-0.01621
1.016581e-06	-0.01593
1.018581e-06	-0.01649
1.020581e-06	-0.01593
1.022581e-06	-0.01621
1.024581e-06	-0.01572
1.026581e-06	-0.01579
1.028581e-06	-0.01586
1.030581e-06	-0.016
1.032581e-06	-0.01558
1.034581e-06	-0.016
1.036581e-06	-0.01593
1.038581e-06	-0.01663
1.040581e-06	-0.01649
1.042581e-06	-0.01712
1.044581e-06	-0.01719
1.046581e-06	-0.01817
1.048581e-06	-0.01768
1.050581e-06	-0.01747
1.052581e-06	-0.01712
1.054581e-06	-0.01754
1.056581e-06	-0.0174
1.058581e-06	-0.01768
1.060581e-06	-0.01726
1.062581e-06	-0.01768
1.064581e-06	-0.01663
1.066581e-06	-0.01719
1.068581e-06	-0.01712
1.070581e-06	-0.01712
1.072581e-06	-0.01684
1.074581e-06	-0.01656
1.076581e-06	-0.01621
1.078581e-06	-0.01642
1.080581e-06	-0.01586
1.082581e-06	-0.01614
1.084581e-06	-0.01572
1.086581e-06	-0.01558
1.088581e-06	-0.01474
1.090581e-06	-0.01467
1.092581e-06	-0.01467
1.094581e-06	-0.01439
1.096581e-06	-0.01383
1.098581e-06	-0.0139
1.100581e-06	-0.01376
1.102581e-06	-0.01418
1.104581e-06	-0.01355
1.106581e-06	-0.01355
1.108581e-06	-0.01355
1.110581e-06	-0.01397
1.112581e-06	-0.01362
1.114581e-06	-0.01376
1.116581e-06	-0.01348
1.118581e-06	-0.01376
1.120581e-06	-0.01348
1.122581e-06	-0.01348
1.124581e-06	-0.01306
1.126581e-06	-0.01341
1.128581e-06	-0.01327
1.130581e-06	-0.01313
1.132581e-06	-0.01271
1.134581e-06	-0.01334
1.136581e-06	-0.01306
1.138581e-06	-0.01341
1.140581e-06	-0.01348
1.142581e-06	-0.01425
1.144581e-06	-0.0139
1.146581e-06	-0.01432
1.148581e-06	-0.0146
1.150581e-06	-0.0153
1.152581e-06	-0.01481
1.154581e-06	-0.01572
1.156581e-06	-0.01502
1.158581e-06	-0.01572
1.160581e-06	-0.01523
1.162581e-06	-0.01516
1.164581e-06	-0.01523
1.166581e-06	-0.01593
1.168581e-06	-0.01579
1.170581e-06	-0.01593
1.172581e-06	-0.01565
1.174581e-06	-0.01607
1.176581e-06	-0.01544
1.178581e-06	-0.01656
1.180581e-06	-0.01635
1.182581e-06	-0.0167
1.184581e-06	-0.0167
1.186581e-06	-0.01705
1.188581e-06	-0.01705
1.190581e-06	-0.01726
1.192581e-06	-0.01691
1.194581e-06	-0.01754
1.196581e-06	-0.01761
1.198581e-06	-0.01789
1.200581e-06	-0.01754
1.202581e-06	-0.01803
1.204581e-06	-0.01796
1.206581e-06	-0.01789
1.208581e-06	-0.01796
1.210581e-06	-0.01824
1.212581e-06	-0.01859
1.214581e-06	-0.01901
1.216581e-06	-0.01901
1.218581e-06	-0.01908
1.220581e-06	-0.01936
1.222581e-06	-0.01929
1.224581e-06	-0.01901
1.226581e-06	-0.01915
1.228581e-06	-0.01964
1.230581e-06	-0.01971
1.232581e-06	-0.01901
1.234581e-06	-0.01922
1.236581e-06	-0.01971
1.238581e-06	-0.02006
1.240581e-06	-0.01957
1.242581e-06	-0.01957
1.244581e-06	-0.0195
1.246581e-06	-0.01957
1.248581e-06	-0.01964
1.250581e-06	-0.01992
1.252581e-06	-0.01992
1.254581e-06	-0.02006
1.256581e-06	-0.02006
1.258581e-06	-0.0202
1.260581e-06	-0.02027
1.262581e-06	-0.02027
1.264581e-06	-0.02013
1.266581e-06	-0.02041
1.268581e-06	-0.02055
1.270581e-06	-0.0209
1.272581e-06	-0.02069
1.274581e-06	-0.0209
1.276581e-06	-0.02076
1.278581e-06	-0.02146
1.280581e-06	-0.02125
1.282581e-06	-0.02153
1.284581e-06	-0.0209
1.286581e-06	-0.02181
1.288581e-06	-0.02146
1.290581e-06	-0.0216
1.292581e-06	-0.02188
1.294581e-06	-0.02216
1.296581e-06	-0.02188
1.298581e-06	-0.02139
1.300581e-06	-0.02104
1.302581e-06	-0.02139
1.304581e-06	-0.02146
1.306581e-06	-0.02146
1.308581e-06	-0.02125
1.310581e-06	-0.02174
1.312581e-06	-0.02139
1.314581e-06	-0.02139
1.316581e-06	-0.02139
1.318581e-06	-0.02188
1.320581e-06	-0.02139
1.322581e-06	-0.02118
1.324581e-06	-0.02083
1.326581e-06	-0.02118
1.328581e-06	-0.0209
1.330581e-06	-0.02097
1.332581e-06	-0.02062
1.334581e-06	-0.02069
1.336581e-06	-0.02027
1.338581e-06	-0.02034
1.340581e-06	-0.01999
1.342581e-06	-0.02048
1.344581e-06	-0.02027
1.346581e-06	-0.02027
1.348581e-06	-0.02027
1.350581e-06	-0.02034
1.352581e-06	-0.01985
1.354581e-06	-0.01957
1.356581e-06	-0.01936
1.358581e-06	-0.01936
1.360581e-06	-0.01866
1.362581e-06	-0.01873
1.364581e-06	-0.01901
1.366581e-06	-0.01943
1.368581e-06	-0.01866
1.370581e-06	-0.01873
1.372581e-06	-0.01901
1.374581e-06	-0.01936
1.376581e-06	-0.01873
1.378581e-06	-0.01894
1.380581e-06	-0.01873
1.382581e-06	-0.01915
1.384581e-06	-0.0188
1.386581e-06	-0.01873
1.388581e-06	-0.01831
1.390581e-06	-0.01824
1.392581e-06	-0.01789
1.394581e-06	-0.01782
1.396581e-06	-0.01768
1.398581e-06	-0.01789
1.400581e-06	-0.01761
1.402581e-06	-0.01796
1.404581e-06	-0.01775
1.406581e-06	-0.01824
1.408581e-06	-0.01803
1.410581e-06	-0.01831
1.412581e-06	-0.01824
1.414581e-06	-0.01838
1.416581e-06	-0.0181
1.418581e-06	-0.01824
1.420581e-06	-0.01817
1.422581e-06	-0.01845
1.424581e-06	-0.01824
1.426581e-06	-0.01866
1.428581e-06	-0.01852
1.430581e-06	-0.01866
1.432581e-06	-0.01873
1.434581e-06	-0.01901
1.436581e-06	-0.01901
1.438581e-06	-0.01943
1.440581e-06	-0.0188
1.442581e-06	-0.01866
1.444581e-06	-0.01845
1.446581e-06	-0.01873
1.448581e-06	-0.0188
1.450581e-06	-0.01901
1.452581e-06	-0.01901
1.454581e-06	-0.01894
1.456581e-06	-0.01859
1.458581e-06	-0.01887
1.460581e-06	-0.01831
1.462581e-06	-0.01845
1.464581e-06	-0.01824
1.466581e-06	-0.01838
1.468581e-06	-0.0181
1.470581e-06	-0.01838
1.472581e-06	-0.01824
1.474581e-06	-0.01852
1.476581e-06	-0.0181
1.478581e-06	-0.01866
1.480581e-06	-0.01817
1.482581e-06	-0.0181
1.484581e-06	-0.01831
1.486581e-06	-0.01873
1.488581e-06	-0.01831
1.490581e-06	-0.01838
1.492581e-06	-0.01782
1.494581e-06	-0.01831
1.496581e-06	-0.01824
1.498581e-06	-0.01824
1.500581e-06	-0.01761
1.502581e-06	-0.01817
1.504581e-06	-0.01775
1.506581e-06	-0.0181
1.508581e-06	-0.01789
1.510581e-06	-0.01796
1.512581e-06	-0.01803
1.514581e-06	-0.01859
1.516581e-06	-0.01866
1.518581e-06	-0.01922
1.520581e-06	-0.0195
1.522581e-06	-0.01936
1.524581e-06	-0.01908
1.526581e-06	-0.0195
1.528581e-06	-0.01901
1.530581e-06	-0.01901
1.532581e-06	-0.01922
1.534581e-06	-0.01943
1.536581e-06	-0.01922
1.538581e-06	-0.01971
1.540581e-06	-0.01999
1.542581e-06	-0.0202
1.544581e-06	-0.01971
1.546581e-06	-0.02006
1.548581e-06	-0.02013
1.550581e-06	-0.02041
1.552581e-06	-0.01992
1.554581e-06	-0.02006
1.556581e-06	-0.02027
1.558581e-06	-0.02062
1.560581e-06	-0.0202
1.562581e-06	-0.01978
1.564581e-06	-0.01992
1.566581e-06	-0.02027
1.568581e-06	-0.02041
1.570581e-06	-0.01992
1.572581e-06	-0.01999
1.574581e-06	-0.02013
1.576581e-06	-0.01999
1.578581e-06	-0.01985
1.580581e-06	-0.01985
1.582581e-06	-0.01992
1.584581e-06	-0.01992
1.586581e-06	-0.02006
1.588581e-06	-0.02027
1.590581e-06	-0.02069
1.592581e-06	-0.02055
1.594581e-06	-0.02034
1.596581e-06	-0.02055
1.598581e-06	-0.02076
1.600581e-06	-0.02041
1.602581e-06	-0.02041
1.604581e-06	-0.01999
1.606581e-06	-0.02041
1.608581e-06	-0.01978
1.610581e-06	-0.01985
1.612581e-06	-0.02013
1.614581e-06	-0.02069
1.616581e-06	-0.0202
1.618581e-06	-0.02006
1.620581e-06	-0.02013
1.622581e-06	-0.01978
1.624581e-06	-0.01985
1.626581e-06	-0.02027
1.628581e-06	-0.01985
1.630581e-06	-0.01992
1.632581e-06	-0.01999
1.634581e-06	-0.01978
1.636581e-06	-0.01999
1.638581e-06	-0.02027
1.640581e-06	-0.01985
1.642581e-06	-0.0202
1.644581e-06	-0.02027
1.646581e-06	-0.02111
1.648581e-06	-0.02132
1.650581e-06	-0.02111
1.652581e-06	-0.02104
1.654581e-06	-0.02125
1.656581e-06	-0.02181
1.658581e-06	-0.02167
1.660581e-06	-0.02146
1.662581e-06	-0.0216
1.664581e-06	-0.02125
1.666581e-06	-0.02153
1.668581e-06	-0.02097
1.670581e-06	-0.02083
1.672581e-06	-0.02034
1.674581e-06	-0.02104
1.676581e-06	-0.02076
1.678581e-06	-0.02083
1.680581e-06	-0.02076
1.682581e-06	-0.02055
1.684581e-06	-0.02062
1.686581e-06	-0.0209
1.688581e-06	-0.02041
1.690581e-06	-0.02013
1.692581e-06	-0.02055
1.694581e-06	-0.02076
1.696581e-06	-0.02041
1.698581e-06	-0.02062
1.700581e-06	-0.02062
1.702581e-06	-0.02111
1.704581e-06	-0.02097
1.706581e-06	-0.02076
1.708581e-06	-0.02097
1.710581e-06	-0.02146
1.712581e-06	-0.02076
1.714581e-06	-0.02083
1.716581e-06	-0.02076
1.718581e-06	-0.02118
1.720581e-06	-0.02132
1.722581e-06	-0.02076
1.724581e-06	-0.02048
1.726581e-06	-0.02104
1.728581e-06	-0.02076
1.730581e-06	-0.02034
1.732581e-06	-0.0202
1.734581e-06	-0.02055
1.736581e-06	-0.02013
1.738581e-06	-0.02076
1.740581e-06	-0.02048
1.742581e-06	-0.02062
1.744581e-06	-0.02055
1.746581e-06	-0.02083
1.748581e-06	-0.0209
1.750581e-06	-0.02132
1.752581e-06	-0.02097
1.754581e-06	-0.02083
1.756581e-06	-0.02027
1.758581e-06	-0.02083
1.760581e-06	-0.02048
1.762581e-06	-0.02062
1.764581e-06	-0.02041
1.766581e-06	-0.02083
1.768581e-06	-0.01992
1.770581e-06	-0.02013
1.772581e-06	-0.0202
1.774581e-06	-0.02055
1.776581e-06	-0.02034
1.778581e-06	-0.0202
1.780581e-06	-0.02006
1.782581e-06	-0.02048
1.784581e-06	-0.02048
1.786581e-06	-0.02041
1.788581e-06	-0.02006
1.790581e-06	-0.0202
1.792581e-06	-0.02013
1.794581e-06	-0.01992
1.796581e-06	-0.01985
1.798581e-06	-0.02013
1.800581e-06	-0.02027
1.802581e-06	-0.02027
1.804581e-06	-0.01985
1.806581e-06	-0.0202
1.808581e-06	-0.0195
1.810581e-06	-0.01971
1.812581e-06	-0.01999
1.814581e-06	-0.01985
1.816581e-06	-0.01915
1.818581e-06	-0.01943
1.820581e-06	-0.01901
1.822581e-06	-0.01936
1.824581e-06	-0.01901
1.826581e-06	-0.01936
1.828581e-06	-0.01957
1.830581e-06	-0.01985
1.832581e-06	-0.01922
1.834581e-06	-0.01929
1.836581e-06	-0.01971
1.838581e-06	-0.01999
1.840581e-06	-0.01992
1.842581e-06	-0.01971
1.844581e-06	-0.01957
1.846581e-06	-0.01985
1.848581e-06	-0.01957
1.850581e-06	-0.01971
1.852581e-06	-0.01978
1.854581e-06	-0.01999
1.856581e-06	-0.01999
1.858581e-06	-0.02027
1.860581e-06	-0.02006
1.862581e-06	-0.02034
1.864581e-06	-0.01985
1.866581e-06	-0.0202
1.868581e-06	-0.01964
1.870581e-06	-0.02006
1.872581e-06	-0.01999
1.874581e-06	-0.0202
1.876581e-06	-0.02027
1.878581e-06	-0.02104
1.880581e-06	-0.02048
1.882581e-06	-0.02062
1.884581e-06	-0.02041
1.886581e-06	-0.02041
1.888581e-06	-0.02041
1.890581e-06	-0.02006
1.892581e-06	-0.02034
1.894581e-06	-0.02048
1.896581e-06	-0.02034
1.898581e-06	-0.01985
1.900581e-06	-0.02013
1.902581e-06	-0.02027
1.904581e-06	-0.02034
1.906581e-06	-0.02013
1.908581e-06	-0.02027
1.910581e-06	-0.02062
1.912581e-06	-0.0209
1.914581e-06	-0.02076
1.916581e-06	-0.02076
1.918581e-06	-0.02118
1.920581e-06	-0.02076
1.922581e-06	-0.02083
1.924581e-06	-0.02132
1.926581e-06	-0.02181
1.928581e-06	-0.02132
1.930581e-06	-0.02153
1.932581e-06	-0.02188
1.934581e-06	-0.02244
1.936581e-06	-0.02216
1.938581e-06	-0.02209
1.940581e-06	-0.02195
1.942581e-06	-0.0223
1.944581e-06	-0.02202
1.946581e-06	-0.02209
1.948581e-06	-0.02181
1.950581e-06	-0.02195
1.952581e-06	-0.02181
1.954581e-06	-0.02181
1.956581e-06	-0.0216
1.958581e-06	-0.02181
1.960581e-06	-0.02167
1.962581e-06	-0.02146
1.964581e-06	-0.02153
1.966581e-06	-0.0216
1.968581e-06	-0.02146
1.970581e-06	-0.02153
1.972581e-06	-0.02132
1.974581e-06	-0.02223
1.976581e-06	-0.02188
1.978581e-06	-0.02153
1.980581e-06	-0.02139
1.982581e-06	-0.02146
1.984581e-06	-0.02174
1.986581e-06	-0.02146
1.988581e-06	-0.02118
1.990581e-06	-0.02125
1.992581e-06	-0.02118
1.994581e-06	-0.02097
1.996581e-06	-0.02048
1.998581e-06	-0.02097
2.000581e-06	-0.0202
2.002581e-06	-0.02027
2.004581e-06	-0.02034
2.006581e-06	-0.02083
2.008581e-06	-0.0209
2.010581e-06	-0.02104
2.012581e-06	-0.02055
2.014581e-06	-0.02083
2.016581e-06	-0.02062
2.018581e-06	-0.02055
2.020581e-06	-0.02062
2.022581e-06	-0.02111
2.024581e-06	-0.02111
2.026581e-06	-0.02083
2.028581e-06	-0.02041
2.030581e-06	-0.02125
2.032581e-06	-0.02034
2.034581e-06	-0.0202
2.036581e-06	-0.02006
2.038581e-06	-0.02041
2.040581e-06	-0.02006
2.042581e-06	-0.01992
2.044581e-06	-0.01971
2.046581e-06	-0.01985
2.048581e-06	-0.01943
2.050581e-06	-0.01894
2.052581e-06	-0.01887
2.054581e-06	-0.01887
2.056581e-06	-0.0181
2.058581e-06	-0.01824
2.060581e-06	-0.01796
2.062581e-06	-0.01817
2.064581e-06	-0.01733
2.066581e-06	-0.01726
2.068581e-06	-0.01719
2.070581e-06	-0.01761
2.072581e-06	-0.01733
2.074581e-06	-0.01712
2.076581e-06	-0.01684
2.078581e-06	-0.01719
2.080581e-06	-0.01698
2.082581e-06	-0.01691
2.084581e-06	-0.01691
2.086581e-06	-0.01726
2.088581e-06	-0.01691
2.090581e-06	-0.01691
2.092581e-06	-0.01656
2.094581e-06	-0.01677
2.096581e-06	-0.01586
2.098581e-06	-0.01565
2.100581e-06	-0.016
2.102581e-06	-0.01628
2.104581e-06	-0.01565
2.106581e-06	-0.016
2.108581e-06	-0.01593
2.110581e-06	-0.01579
2.112581e-06	-0.01565
2.114581e-06	-0.016
2.116581e-06	-0.01572
2.118581e-06	-0.01607
2.120581e-06	-0.01551
2.122581e-06	-0.01586
2.124581e-06	-0.01516
2.126581e-06	-0.01558
2.128581e-06	-0.01509
2.130581e-06	-0.01565
2.132581e-06	-0.01572
2.134581e-06	-0.01586
2.136581e-06	-0.01593
2.138581e-06	-0.016
2.140581e-06	-0.01628
2.142581e-06	-0.01698
2.144581e-06	-0.01691
2.146581e-06	-0.01719
2.148581e-06	-0.01663
2.150581e-06	-0.0174
2.152581e-06	-0.01726
2.154581e-06	-0.01782
2.156581e-06	-0.01789
2.158581e-06	-0.01775
2.160581e-06	-0.01782
2.162581e-06	-0.01782
2.164581e-06	-0.0181
2.166581e-06	-0.01859
2.168581e-06	-0.01859
2.170581e-06	-0.01845
2.172581e-06	-0.01838
2.174581e-06	-0.01901
2.176581e-06	-0.01845
2.178581e-06	-0.01873
2.180581e-06	-0.0188
2.182581e-06	-0.0195
2.184581e-06	-0.01922
2.186581e-06	-0.01936
2.188581e-06	-0.01943
2.190581e-06	-0.01922
2.192581e-06	-0.01915
2.194581e-06	-0.0195
2.196581e-06	-0.01929
2.198581e-06	-0.02006
2.200581e-06	-0.01971
2.202581e-06	-0.01957
2.204581e-06	-0.01978
2.206581e-06	-0.01978
2.208581e-06	-0.01936
2.210581e-06	-0.01978
2.212581e-06	-0.0195
2.214581e-06	-0.01971
2.216581e-06	-0.01936
2.218581e-06	-0.01915
2.220581e-06	-0.0195
2.222581e-06	-0.01929
2.224581e-06	-0.0188
2.226581e-06	-0.01859
2.228581e-06	-0.01859
2.230581e-06	-0.01894
2.232581e-06	-0.01908
2.234581e-06	-0.01936
2.236581e-06	-0.01915
2.238581e-06	-0.01964
2.240581e-06	-0.01971
2.242581e-06	-0.0195
2.244581e-06	-0.01964
2.246581e-06	-0.01957
2.248581e-06	-0.01901
2.250581e-06	-0.01929
2.252581e-06	-0.01957
2.254581e-06	-0.01978
2.256581e-06	-0.01985
2.258581e-06	-0.01978
2.260581e-06	-0.02027
2.262581e-06	-0.02041
2.264581e-06	-0.02006
2.266581e-06	-0.02027
2.268581e-06	-0.01999
2.270581e-06	-0.02062
2.272581e-06	-0.0202
2.274581e-06	-0.02048
2.276581e-06	-0.02062
2.278581e-06	-0.02083
2.280581e-06	-0.02048
2.282581e-06	-0.02048
2.284581e-06	-0.02048
2.286581e-06	-0.02097
2.288581e-06	-0.02076
2.290581e-06	-0.02041
2.292581e-06	-0.02034
2.294581e-06	-0.02069
2.296581e-06	-0.02069
2.298581e-06	-0.02069
2.300581e-06	-0.02111
2.302581e-06	-0.02132
2.304581e-06	-0.02076
2.306581e-06	-0.02104
2.308581e-06	-0.02083
2.310581e-06	-0.02111
2.312581e-06	-0.02055
2.314581e-06	-0.02034
2.316581e-06	-0.02083
2.318581e-06	-0.02118
2.320581e-06	-0.02132
2.322581e-06	-0.02076
2.324581e-06	-0.02097
2.326581e-06	-0.02097
2.328581e-06	-0.02069
2.330581e-06	-0.0209
2.332581e-06	-0.0209
2.334581e-06	-0.02111
2.336581e-06	-0.02076
2.338581e-06	-0.0209
2.340581e-06	-0.02097
2.342581e-06	-0.02153
2.344581e-06	-0.02139
2.346581e-06	-0.02167
2.348581e-06	-0.02146
2.350581e-06	-0.02181
2.352581e-06	-0.02188
2.354581e-06	-0.02174
2.356581e-06	-0.02195
2.358581e-06	-0.02216
2.360581e-06	-0.02195
2.362581e-06	-0.02174
2.364581e-06	-0.0216
2.366581e-06	-0.02223
2.368581e-06	-0.02181
2.370581e-06	-0.02174
2.372581e-06	-0.02146
2.374581e-06	-0.02146
2.376581e-06	-0.02111
2.378581e-06	-0.02104
2.380581e-06	-0.02111
2.382581e-06	-0.02118
2.384581e-06	-0.02076
2.386581e-06	-0.02069
2.388581e-06	-0.02076
2.390581e-06	-0.0209
2.392581e-06	-0.02069
2.394581e-06	-0.02069
2.396581e-06	-0.02097
2.398581e-06	-0.02132
2.400581e-06	-0.02132
2.402581e-06	-0.02125
2.404581e-06	-0.02139
2.406581e-06	-0.02146
2.408581e-06	-0.02174
2.410581e-06	-0.02181
2.412581e-06	-0.02188
2.414581e-06	-0.02237
2.416581e-06	-0.02216
2.418581e-06	-0.02216
2.420581e-06	-0.0223
2.422581e-06	-0.0223
2.424581e-06	-0.02223
2.426581e-06	-0.02223
2.428581e-06	-0.02237
2.430581e-06	-0.02258
2.432581e-06	-0.02202
2.434581e-06	-0.02209
2.436581e-06	-0.02195
2.438581e-06	-0.02223
2.440581e-06	-0.02209
2.442581e-06	-0.02202
2.444581e-06	-0.02195
2.446581e-06	-0.02174
2.448581e-06	-0.02146
2.450581e-06	-0.0216
2.452581e-06	-0.02153
2.454581e-06	-0.02188
2.456581e-06	-0.0216
2.458581e-06	-0.02153
2.460581e-06	-0.02146
2.462581e-06	-0.02209
2.464581e-06	-0.02174
2.466581e-06	-0.02174
2.468581e-06	-0.02188
2.470581e-06	-0.02174
2.472581e-06	-0.02132
2.474581e-06	-0.02118
2.476581e-06	-0.02146
2.478581e-06	-0.02146
2.480581e-06	-0.02111
2.482581e-06	-0.02111
2.484581e-06	-0.02125
2.486581e-06	-0.02188
2.488581e-06	-0.02118
2.490581e-06	-0.02118
2.492581e-06	-0.02146
2.494581e-06	-0.02181
2.496581e-06	-0.02146
2.498581e-06	-0.02104
2.500581e-06	-0.02076
