LECROYHDO6104A	50809	Waveform
Segments	1	SegmentSize	2502
Segment	TrigTime	TimeSinceSegment1
#1	19-Dec-2022 19:41:56	0                 
Time	Ampl
-2.501857e-06	-0.02142
-2.499857e-06	-0.02142
-2.497857e-06	-0.020568
-2.495857e-06	-0.02284
-2.493857e-06	-0.02142
-2.491857e-06	-0.021136
-2.489857e-06	-0.023124
-2.487857e-06	-0.023976
-2.485857e-06	-0.023692
-2.483857e-06	-0.022272
-2.481857e-06	-0.022556
-2.479857e-06	-0.02426
-2.477857e-06	-0.02284
-2.475857e-06	-0.021988
-2.473857e-06	-0.021988
-2.471857e-06	-0.021704
-2.469857e-06	-0.021704
-2.467857e-06	-0.022556
-2.465857e-06	-0.022272
-2.463857e-06	-0.020284
-2.461857e-06	-0.020852
-2.459857e-06	-0.021136
-2.457857e-06	-0.020852
-2.455857e-06	-0.021704
-2.453857e-06	-0.021136
-2.451857e-06	-0.020568
-2.449857e-06	-0.020852
-2.447857e-06	-0.021136
-2.445857e-06	-0.021704
-2.443857e-06	-0.019432
-2.441857e-06	-0.020568
-2.439857e-06	-0.020284
-2.437857e-06	-0.020284
-2.435857e-06	-0.020284
-2.433857e-06	-0.022556
-2.431857e-06	-0.021988
-2.429857e-06	-0.020284
-2.427857e-06	-0.020284
-2.425857e-06	-0.02
-2.423857e-06	-0.020568
-2.421857e-06	-0.02
-2.419857e-06	-0.01858
-2.417857e-06	-0.021988
-2.415857e-06	-0.022556
-2.413857e-06	-0.020852
-2.411857e-06	-0.021136
-2.409857e-06	-0.021136
-2.407857e-06	-0.020852
-2.405857e-06	-0.02142
-2.403857e-06	-0.021136
-2.401857e-06	-0.023408
-2.399857e-06	-0.02284
-2.397857e-06	-0.020852
-2.395857e-06	-0.020852
-2.393857e-06	-0.023124
-2.391857e-06	-0.022556
-2.389857e-06	-0.021136
-2.387857e-06	-0.02142
-2.385857e-06	-0.021988
-2.383857e-06	-0.022556
-2.381857e-06	-0.023124
-2.379857e-06	-0.022272
-2.377857e-06	-0.022556
-2.375857e-06	-0.02426
-2.373857e-06	-0.024828
-2.371857e-06	-0.023692
-2.369857e-06	-0.025396
-2.367857e-06	-0.023976
-2.365857e-06	-0.023124
-2.363857e-06	-0.025112
-2.361857e-06	-0.025112
-2.359857e-06	-0.022556
-2.357857e-06	-0.023976
-2.355857e-06	-0.023408
-2.353857e-06	-0.02426
-2.351857e-06	-0.024544
-2.349857e-06	-0.02426
-2.347857e-06	-0.023408
-2.345857e-06	-0.021988
-2.343857e-06	-0.023692
-2.341857e-06	-0.024544
-2.339857e-06	-0.024544
-2.337857e-06	-0.024544
-2.335857e-06	-0.02284
-2.333857e-06	-0.022272
-2.331857e-06	-0.023408
-2.329857e-06	-0.023692
-2.327857e-06	-0.02142
-2.325857e-06	-0.021988
-2.323857e-06	-0.02284
-2.321857e-06	-0.025112
-2.319857e-06	-0.023408
-2.317857e-06	-0.021988
-2.315857e-06	-0.02426
-2.313857e-06	-0.023124
-2.311857e-06	-0.023124
-2.309857e-06	-0.02426
-2.307857e-06	-0.023124
-2.305857e-06	-0.023692
-2.303857e-06	-0.022556
-2.301857e-06	-0.02284
-2.299857e-06	-0.02284
-2.297857e-06	-0.021136
-2.295857e-06	-0.021704
-2.293857e-06	-0.021704
-2.291857e-06	-0.021988
-2.289857e-06	-0.022556
-2.287857e-06	-0.02284
-2.285857e-06	-0.022556
-2.283857e-06	-0.020284
-2.281857e-06	-0.022272
-2.279857e-06	-0.02426
-2.277857e-06	-0.02284
-2.275857e-06	-0.022556
-2.273857e-06	-0.023124
-2.271857e-06	-0.023408
-2.269857e-06	-0.023692
-2.267857e-06	-0.020568
-2.265857e-06	-0.02284
-2.263857e-06	-0.02426
-2.261857e-06	-0.023408
-2.259857e-06	-0.021136
-2.257857e-06	-0.021988
-2.255857e-06	-0.023976
-2.253857e-06	-0.021988
-2.251857e-06	-0.02426
-2.249857e-06	-0.021988
-2.247857e-06	-0.021988
-2.245857e-06	-0.022272
-2.243857e-06	-0.021988
-2.241857e-06	-0.020568
-2.239857e-06	-0.023976
-2.237857e-06	-0.023124
-2.235857e-06	-0.021988
-2.233857e-06	-0.02142
-2.231857e-06	-0.021136
-2.229857e-06	-0.02
-2.227857e-06	-0.022556
-2.225857e-06	-0.021136
-2.223857e-06	-0.021136
-2.221857e-06	-0.022556
-2.219857e-06	-0.019432
-2.217857e-06	-0.021136
-2.215857e-06	-0.020284
-2.213857e-06	-0.02142
-2.211857e-06	-0.021136
-2.209857e-06	-0.020852
-2.207857e-06	-0.021988
-2.205857e-06	-0.022272
-2.203857e-06	-0.022556
-2.201857e-06	-0.023408
-2.199857e-06	-0.022272
-2.197857e-06	-0.023408
-2.195857e-06	-0.022272
-2.193857e-06	-0.023124
-2.191857e-06	-0.023408
-2.189857e-06	-0.021988
-2.187857e-06	-0.02426
-2.185857e-06	-0.02284
-2.183857e-06	-0.021988
-2.181857e-06	-0.021704
-2.179857e-06	-0.023408
-2.177857e-06	-0.02142
-2.175857e-06	-0.02142
-2.173857e-06	-0.021988
-2.171857e-06	-0.02284
-2.169857e-06	-0.022556
-2.167857e-06	-0.021136
-2.165857e-06	-0.021988
-2.163857e-06	-0.021988
-2.161857e-06	-0.021136
-2.159857e-06	-0.022272
-2.157857e-06	-0.020568
-2.155857e-06	-0.021988
-2.153857e-06	-0.022556
-2.151857e-06	-0.02
-2.149857e-06	-0.020852
-2.147857e-06	-0.022272
-2.145857e-06	-0.020568
-2.143857e-06	-0.020852
-2.141857e-06	-0.02
-2.139857e-06	-0.020284
-2.137857e-06	-0.021988
-2.135857e-06	-0.022272
-2.133857e-06	-0.021704
-2.131857e-06	-0.02284
-2.129857e-06	-0.022556
-2.127857e-06	-0.02142
-2.125857e-06	-0.020568
-2.123857e-06	-0.023124
-2.121857e-06	-0.021988
-2.119857e-06	-0.020568
-2.117857e-06	-0.023124
-2.115857e-06	-0.02426
-2.113857e-06	-0.023976
-2.111857e-06	-0.023692
-2.109857e-06	-0.023692
-2.107857e-06	-0.021988
-2.105857e-06	-0.02426
-2.103857e-06	-0.022556
-2.101857e-06	-0.020852
-2.099857e-06	-0.02142
-2.097857e-06	-0.021704
-2.095857e-06	-0.02142
-2.093857e-06	-0.020852
-2.091857e-06	-0.02142
-2.089857e-06	-0.020852
-2.087857e-06	-0.021704
-2.085857e-06	-0.021988
-2.083857e-06	-0.02142
-2.081857e-06	-0.021988
-2.079857e-06	-0.02142
-2.077857e-06	-0.021704
-2.075857e-06	-0.020568
-2.073857e-06	-0.020284
-2.071857e-06	-0.021704
-2.069857e-06	-0.02142
-2.067857e-06	-0.021136
-2.065857e-06	-0.02142
-2.063857e-06	-0.021704
-2.061857e-06	-0.020568
-2.059857e-06	-0.020568
-2.057857e-06	-0.02142
-2.055857e-06	-0.020284
-2.053857e-06	-0.020284
-2.051857e-06	-0.018864
-2.049857e-06	-0.019432
-2.047857e-06	-0.02
-2.045857e-06	-0.019148
-2.043857e-06	-0.019716
-2.041857e-06	-0.018864
-2.039857e-06	-0.021704
-2.037857e-06	-0.019432
-2.035857e-06	-0.019716
-2.033857e-06	-0.018296
-2.031857e-06	-0.018864
-2.029857e-06	-0.019148
-2.027857e-06	-0.01858
-2.025857e-06	-0.016592
-2.023857e-06	-0.018296
-2.021857e-06	-0.015172
-2.019857e-06	-0.016876
-2.017857e-06	-0.017728
-2.015857e-06	-0.01716
-2.013857e-06	-0.016876
-2.011857e-06	-0.017728
-2.009857e-06	-0.01716
-2.007857e-06	-0.016592
-2.005857e-06	-0.017444
-2.003857e-06	-0.018296
-2.001857e-06	-0.018296
-1.999857e-06	-0.018296
-1.997857e-06	-0.019432
-1.995857e-06	-0.019716
-1.993857e-06	-0.019148
-1.991857e-06	-0.018296
-1.989857e-06	-0.019148
-1.987857e-06	-0.019716
-1.985857e-06	-0.017728
-1.983857e-06	-0.018864
-1.981857e-06	-0.018012
-1.979857e-06	-0.019148
-1.977857e-06	-0.018864
-1.975857e-06	-0.019432
-1.973857e-06	-0.019148
-1.971857e-06	-0.019148
-1.969857e-06	-0.018296
-1.967857e-06	-0.02
-1.965857e-06	-0.018012
-1.963857e-06	-0.017728
-1.961857e-06	-0.017444
-1.959857e-06	-0.018864
-1.957857e-06	-0.019148
-1.955857e-06	-0.017728
-1.953857e-06	-0.018012
-1.951857e-06	-0.017728
-1.949857e-06	-0.018864
-1.947857e-06	-0.01858
-1.945857e-06	-0.018296
-1.943857e-06	-0.020284
-1.941857e-06	-0.020568
-1.939857e-06	-0.019716
-1.937857e-06	-0.020852
-1.935857e-06	-0.020284
-1.933857e-06	-0.020852
-1.931857e-06	-0.019148
-1.929857e-06	-0.020852
-1.927857e-06	-0.019432
-1.925857e-06	-0.020284
-1.923857e-06	-0.020284
-1.921857e-06	-0.022272
-1.919857e-06	-0.02142
-1.917857e-06	-0.021704
-1.915857e-06	-0.021704
-1.913857e-06	-0.021136
-1.911857e-06	-0.020568
-1.909857e-06	-0.02142
-1.907857e-06	-0.022272
-1.905857e-06	-0.021136
-1.903857e-06	-0.023408
-1.901857e-06	-0.022272
-1.899857e-06	-0.02142
-1.897857e-06	-0.021988
-1.895857e-06	-0.022556
-1.893857e-06	-0.021704
-1.891857e-06	-0.02284
-1.889857e-06	-0.021988
-1.887857e-06	-0.023692
-1.885857e-06	-0.023124
-1.883857e-06	-0.022272
-1.881857e-06	-0.023408
-1.879857e-06	-0.02284
-1.877857e-06	-0.024544
-1.875857e-06	-0.02426
-1.873857e-06	-0.023976
-1.871857e-06	-0.025112
-1.869857e-06	-0.025112
-1.867857e-06	-0.023692
-1.865857e-06	-0.023692
-1.863857e-06	-0.023124
-1.861857e-06	-0.023408
-1.859857e-06	-0.023124
-1.857857e-06	-0.021704
-1.855857e-06	-0.023408
-1.853857e-06	-0.022556
-1.851857e-06	-0.02284
-1.849857e-06	-0.023124
-1.847857e-06	-0.021136
-1.845857e-06	-0.02142
-1.843857e-06	-0.020852
-1.841857e-06	-0.021988
-1.839857e-06	-0.02142
-1.837857e-06	-0.022272
-1.835857e-06	-0.022556
-1.833857e-06	-0.021988
-1.831857e-06	-0.024544
-1.829857e-06	-0.021704
-1.827857e-06	-0.022272
-1.825857e-06	-0.022272
-1.823857e-06	-0.022556
-1.821857e-06	-0.020852
-1.819857e-06	-0.023124
-1.817857e-06	-0.022272
-1.815857e-06	-0.020852
-1.813857e-06	-0.02284
-1.811857e-06	-0.021988
-1.809857e-06	-0.020852
-1.807857e-06	-0.021704
-1.805857e-06	-0.021704
-1.803857e-06	-0.022556
-1.801857e-06	-0.023692
-1.799857e-06	-0.023408
-1.797857e-06	-0.021704
-1.795857e-06	-0.02284
-1.793857e-06	-0.021988
-1.791857e-06	-0.020284
-1.789857e-06	-0.021136
-1.787857e-06	-0.02142
-1.785857e-06	-0.019148
-1.783857e-06	-0.020284
-1.781857e-06	-0.021136
-1.779857e-06	-0.02
-1.777857e-06	-0.02284
-1.775857e-06	-0.02284
-1.773857e-06	-0.02284
-1.771857e-06	-0.022556
-1.769857e-06	-0.023124
-1.767857e-06	-0.02284
-1.765857e-06	-0.023976
-1.763857e-06	-0.02284
-1.761857e-06	-0.022272
-1.759857e-06	-0.023408
-1.757857e-06	-0.021136
-1.755857e-06	-0.022556
-1.753857e-06	-0.021988
-1.751857e-06	-0.021704
-1.749857e-06	-0.021988
-1.747857e-06	-0.022556
-1.745857e-06	-0.02142
-1.743857e-06	-0.021988
-1.741857e-06	-0.02142
-1.739857e-06	-0.021704
-1.737857e-06	-0.023124
-1.735857e-06	-0.025396
-1.733857e-06	-0.022556
-1.731857e-06	-0.02284
-1.729857e-06	-0.021988
-1.727857e-06	-0.021988
-1.725857e-06	-0.02284
-1.723857e-06	-0.022556
-1.721857e-06	-0.022556
-1.719857e-06	-0.02426
-1.717857e-06	-0.021988
-1.715857e-06	-0.02
-1.713857e-06	-0.022556
-1.711857e-06	-0.024828
-1.709857e-06	-0.021704
-1.707857e-06	-0.02284
-1.705857e-06	-0.022272
-1.703857e-06	-0.022556
-1.701857e-06	-0.022272
-1.699857e-06	-0.025112
-1.697857e-06	-0.023124
-1.695857e-06	-0.02426
-1.693857e-06	-0.021704
-1.691857e-06	-0.022556
-1.689857e-06	-0.022272
-1.687857e-06	-0.020852
-1.685857e-06	-0.021988
-1.683857e-06	-0.021136
-1.681857e-06	-0.023408
-1.679857e-06	-0.021988
-1.677857e-06	-0.022272
-1.675857e-06	-0.023408
-1.673857e-06	-0.023124
-1.671857e-06	-0.02284
-1.669857e-06	-0.023408
-1.667857e-06	-0.021136
-1.665857e-06	-0.021988
-1.663857e-06	-0.021136
-1.661857e-06	-0.021136
-1.659857e-06	-0.020568
-1.657857e-06	-0.020852
-1.655857e-06	-0.021136
-1.653857e-06	-0.020284
-1.651857e-06	-0.019432
-1.649857e-06	-0.020568
-1.647857e-06	-0.020852
-1.645857e-06	-0.022272
-1.643857e-06	-0.022556
-1.641857e-06	-0.020284
-1.639857e-06	-0.02
-1.637857e-06	-0.020852
-1.635857e-06	-0.020284
-1.633857e-06	-0.021136
-1.631857e-06	-0.021704
-1.629857e-06	-0.023408
-1.627857e-06	-0.022556
-1.625857e-06	-0.021988
-1.623857e-06	-0.022556
-1.621857e-06	-0.023124
-1.619857e-06	-0.023408
-1.617857e-06	-0.02284
-1.615857e-06	-0.023692
-1.613857e-06	-0.020568
-1.611857e-06	-0.022556
-1.609857e-06	-0.023124
-1.607857e-06	-0.02142
-1.605857e-06	-0.023408
-1.603857e-06	-0.023124
-1.601857e-06	-0.023692
-1.599857e-06	-0.023124
-1.597857e-06	-0.023692
-1.595857e-06	-0.02284
-1.593857e-06	-0.022272
-1.591857e-06	-0.023692
-1.589857e-06	-0.023692
-1.587857e-06	-0.024544
-1.585857e-06	-0.023976
-1.583857e-06	-0.024828
-1.581857e-06	-0.025964
-1.579857e-06	-0.027384
-1.577857e-06	-0.026816
-1.575857e-06	-0.024828
-1.573857e-06	-0.024544
-1.571857e-06	-0.026248
-1.569857e-06	-0.025396
-1.567857e-06	-0.025964
-1.565857e-06	-0.024544
-1.563857e-06	-0.023692
-1.561857e-06	-0.022272
-1.559857e-06	-0.023124
-1.557857e-06	-0.021988
-1.555857e-06	-0.02142
-1.553857e-06	-0.02142
-1.551857e-06	-0.022272
-1.549857e-06	-0.023976
-1.547857e-06	-0.022556
-1.545857e-06	-0.022556
-1.543857e-06	-0.021704
-1.541857e-06	-0.02142
-1.539857e-06	-0.021704
-1.537857e-06	-0.021704
-1.535857e-06	-0.024544
-1.533857e-06	-0.021136
-1.531857e-06	-0.022556
-1.529857e-06	-0.020852
-1.527857e-06	-0.02426
-1.525857e-06	-0.021704
-1.523857e-06	-0.022556
-1.521857e-06	-0.02426
-1.519857e-06	-0.022556
-1.517857e-06	-0.02142
-1.515857e-06	-0.021704
-1.513857e-06	-0.022272
-1.511857e-06	-0.021988
-1.509857e-06	-0.020568
-1.507857e-06	-0.021988
-1.505857e-06	-0.022556
-1.503857e-06	-0.021136
-1.501857e-06	-0.021704
-1.499857e-06	-0.020568
-1.497857e-06	-0.02142
-1.495857e-06	-0.023976
-1.493857e-06	-0.022556
-1.491857e-06	-0.020852
-1.489857e-06	-0.019716
-1.487857e-06	-0.022272
-1.485857e-06	-0.021988
-1.483857e-06	-0.023692
-1.481857e-06	-0.023976
-1.479857e-06	-0.024828
-1.477857e-06	-0.023692
-1.475857e-06	-0.023124
-1.473857e-06	-0.024828
-1.471857e-06	-0.025396
-1.469857e-06	-0.025112
-1.467857e-06	-0.022556
-1.465857e-06	-0.023976
-1.463857e-06	-0.025396
-1.461857e-06	-0.027384
-1.459857e-06	-0.02284
-1.457857e-06	-0.02426
-1.455857e-06	-0.025396
-1.453857e-06	-0.02426
-1.451857e-06	-0.02426
-1.449857e-06	-0.023408
-1.447857e-06	-0.023408
-1.445857e-06	-0.022556
-1.443857e-06	-0.023408
-1.441857e-06	-0.02426
-1.439857e-06	-0.023408
-1.437857e-06	-0.026248
-1.435857e-06	-0.023692
-1.433857e-06	-0.023976
-1.431857e-06	-0.023124
-1.429857e-06	-0.023124
-1.427857e-06	-0.023976
-1.425857e-06	-0.025396
-1.423857e-06	-0.024828
-1.421857e-06	-0.02284
-1.419857e-06	-0.02284
-1.417857e-06	-0.023124
-1.415857e-06	-0.023692
-1.413857e-06	-0.023976
-1.411857e-06	-0.023976
-1.409857e-06	-0.023976
-1.407857e-06	-0.023124
-1.405857e-06	-0.022556
-1.403857e-06	-0.02426
-1.401857e-06	-0.020852
-1.399857e-06	-0.021988
-1.397857e-06	-0.023692
-1.395857e-06	-0.022556
-1.393857e-06	-0.023124
-1.391857e-06	-0.023692
-1.389857e-06	-0.02284
-1.387857e-06	-0.022272
-1.385857e-06	-0.020284
-1.383857e-06	-0.023124
-1.381857e-06	-0.022556
-1.379857e-06	-0.023408
-1.377857e-06	-0.02284
-1.375857e-06	-0.02
-1.373857e-06	-0.020284
-1.371857e-06	-0.023124
-1.369857e-06	-0.02142
-1.367857e-06	-0.020568
-1.365857e-06	-0.020284
-1.363857e-06	-0.021988
-1.361857e-06	-0.021988
-1.359857e-06	-0.022272
-1.357857e-06	-0.021136
-1.355857e-06	-0.019432
-1.353857e-06	-0.02
-1.351857e-06	-0.021704
-1.349857e-06	-0.022556
-1.347857e-06	-0.02284
-1.345857e-06	-0.021988
-1.343857e-06	-0.021136
-1.341857e-06	-0.021704
-1.339857e-06	-0.021704
-1.337857e-06	-0.020284
-1.335857e-06	-0.022272
-1.333857e-06	-0.019432
-1.331857e-06	-0.020852
-1.329857e-06	-0.020568
-1.327857e-06	-0.020284
-1.325857e-06	-0.021988
-1.323857e-06	-0.021136
-1.321857e-06	-0.021136
-1.319857e-06	-0.020852
-1.317857e-06	-0.021136
-1.315857e-06	-0.02284
-1.313857e-06	-0.021704
-1.311857e-06	-0.020852
-1.309857e-06	-0.023124
-1.307857e-06	-0.020568
-1.305857e-06	-0.021704
-1.303857e-06	-0.02284
-1.301857e-06	-0.023408
-1.299857e-06	-0.023408
-1.297857e-06	-0.02142
-1.295857e-06	-0.020852
-1.293857e-06	-0.023408
-1.291857e-06	-0.021704
-1.289857e-06	-0.022272
-1.287857e-06	-0.022272
-1.285857e-06	-0.020852
-1.283857e-06	-0.021704
-1.281857e-06	-0.020852
-1.279857e-06	-0.022272
-1.277857e-06	-0.021988
-1.275857e-06	-0.023408
-1.273857e-06	-0.023124
-1.271857e-06	-0.02284
-1.269857e-06	-0.022556
-1.267857e-06	-0.022556
-1.265857e-06	-0.02284
-1.263857e-06	-0.023692
-1.261857e-06	-0.022272
-1.259857e-06	-0.021988
-1.257857e-06	-0.022556
-1.255857e-06	-0.023408
-1.253857e-06	-0.022556
-1.251857e-06	-0.02284
-1.249857e-06	-0.023124
-1.247857e-06	-0.02142
-1.245857e-06	-0.021988
-1.243857e-06	-0.021704
-1.241857e-06	-0.021704
-1.239857e-06	-0.023408
-1.237857e-06	-0.023124
-1.235857e-06	-0.021704
-1.233857e-06	-0.021988
-1.231857e-06	-0.021136
-1.229857e-06	-0.021704
-1.227857e-06	-0.021136
-1.225857e-06	-0.022556
-1.223857e-06	-0.020852
-1.221857e-06	-0.021704
-1.219857e-06	-0.022272
-1.217857e-06	-0.023124
-1.215857e-06	-0.022556
-1.213857e-06	-0.02142
-1.211857e-06	-0.02142
-1.209857e-06	-0.022556
-1.207857e-06	-0.022556
-1.205857e-06	-0.02284
-1.203857e-06	-0.022556
-1.201857e-06	-0.020852
-1.199857e-06	-0.021136
-1.197857e-06	-0.023692
-1.195857e-06	-0.022556
-1.193857e-06	-0.021704
-1.191857e-06	-0.020568
-1.189857e-06	-0.021704
-1.187857e-06	-0.021136
-1.185857e-06	-0.02
-1.183857e-06	-0.019432
-1.181857e-06	-0.02
-1.179857e-06	-0.019716
-1.177857e-06	-0.02
-1.175857e-06	-0.019148
-1.173857e-06	-0.020852
-1.171857e-06	-0.019432
-1.169857e-06	-0.02
-1.167857e-06	-0.019716
-1.165857e-06	-0.018864
-1.163857e-06	-0.019716
-1.161857e-06	-0.019148
-1.159857e-06	-0.02
-1.157857e-06	-0.01858
-1.155857e-06	-0.020284
-1.153857e-06	-0.020284
-1.151857e-06	-0.019432
-1.149857e-06	-0.018296
-1.147857e-06	-0.019432
-1.145857e-06	-0.021136
-1.143857e-06	-0.020284
-1.141857e-06	-0.020852
-1.139857e-06	-0.019432
-1.137857e-06	-0.020568
-1.135857e-06	-0.020852
-1.133857e-06	-0.021136
-1.131857e-06	-0.020284
-1.129857e-06	-0.020852
-1.127857e-06	-0.021704
-1.125857e-06	-0.021704
-1.123857e-06	-0.021988
-1.121857e-06	-0.022272
-1.119857e-06	-0.023124
-1.117857e-06	-0.021704
-1.115857e-06	-0.023976
-1.113857e-06	-0.021988
-1.111857e-06	-0.021988
-1.109857e-06	-0.022556
-1.107857e-06	-0.02284
-1.105857e-06	-0.022272
-1.103857e-06	-0.022272
-1.101857e-06	-0.020284
-1.099857e-06	-0.022272
-1.097857e-06	-0.023408
-1.095857e-06	-0.021704
-1.093857e-06	-0.02142
-1.091857e-06	-0.020568
-1.089857e-06	-0.023124
-1.087857e-06	-0.021136
-1.085857e-06	-0.020852
-1.083857e-06	-0.022556
-1.081857e-06	-0.022556
-1.079857e-06	-0.021704
-1.077857e-06	-0.022272
-1.075857e-06	-0.020568
-1.073857e-06	-0.02142
-1.071857e-06	-0.021988
-1.069857e-06	-0.022556
-1.067857e-06	-0.021988
-1.065857e-06	-0.021704
-1.063857e-06	-0.02142
-1.061857e-06	-0.022556
-1.059857e-06	-0.020852
-1.057857e-06	-0.02142
-1.055857e-06	-0.021704
-1.053857e-06	-0.020852
-1.051857e-06	-0.019432
-1.049857e-06	-0.020568
-1.047857e-06	-0.021704
-1.045857e-06	-0.018296
-1.043857e-06	-0.019148
-1.041857e-06	-0.02142
-1.039857e-06	-0.021988
-1.037857e-06	-0.019148
-1.035857e-06	-0.01858
-1.033857e-06	-0.017444
-1.031857e-06	-0.02
-1.029857e-06	-0.020284
-1.027857e-06	-0.021136
-1.025857e-06	-0.020568
-1.023857e-06	-0.02
-1.021857e-06	-0.020852
-1.019857e-06	-0.020852
-1.017857e-06	-0.019432
-1.015857e-06	-0.02142
-1.013857e-06	-0.020284
-1.011857e-06	-0.021988
-1.009857e-06	-0.021136
-1.007857e-06	-0.02
-1.005857e-06	-0.021136
-1.003857e-06	-0.019716
-1.001857e-06	-0.020568
-9.998569e-07	-0.02
-9.978569e-07	-0.020852
-9.958569e-07	-0.02
-9.938569e-07	-0.01858
-9.918569e-07	-0.019432
-9.898569e-07	-0.02
-9.878569e-07	-0.020568
-9.858569e-07	-0.020568
-9.838569e-07	-0.02142
-9.818569e-07	-0.019432
-9.798569e-07	-0.020284
-9.778569e-07	-0.020852
-9.758569e-07	-0.02
-9.738569e-07	-0.020568
-9.718569e-07	-0.018864
-9.698569e-07	-0.02
-9.678569e-07	-0.01858
-9.658569e-07	-0.018864
-9.638569e-07	-0.02
-9.618569e-07	-0.018012
-9.598569e-07	-0.01858
-9.578569e-07	-0.019148
-9.558569e-07	-0.020284
-9.538569e-07	-0.020852
-9.518569e-07	-0.019716
-9.498569e-07	-0.02
-9.478569e-07	-0.018864
-9.458569e-07	-0.01858
-9.438569e-07	-0.018012
-9.418569e-07	-0.01858
-9.398569e-07	-0.019432
-9.378569e-07	-0.019716
-9.358569e-07	-0.019432
-9.338569e-07	-0.02
-9.318569e-07	-0.019148
-9.298569e-07	-0.020284
-9.278569e-07	-0.01858
-9.258569e-07	-0.019716
-9.238569e-07	-0.021988
-9.218569e-07	-0.019432
-9.198569e-07	-0.020852
-9.178569e-07	-0.020568
-9.158569e-07	-0.02
-9.138569e-07	-0.020568
-9.118569e-07	-0.020852
-9.098569e-07	-0.02
-9.078569e-07	-0.021136
-9.058569e-07	-0.021136
-9.038569e-07	-0.022556
-9.018569e-07	-0.020284
-8.998569e-07	-0.021136
-8.978569e-07	-0.022272
-8.958569e-07	-0.02142
-8.938569e-07	-0.019716
-8.918569e-07	-0.020568
-8.898569e-07	-0.022556
-8.878569e-07	-0.020284
-8.858569e-07	-0.020568
-8.838569e-07	-0.02142
-8.818569e-07	-0.021704
-8.798569e-07	-0.019432
-8.778569e-07	-0.02142
-8.758569e-07	-0.019432
-8.738569e-07	-0.020568
-8.718569e-07	-0.021704
-8.698569e-07	-0.020568
-8.678569e-07	-0.020284
-8.658569e-07	-0.02284
-8.638569e-07	-0.021136
-8.618569e-07	-0.021136
-8.598569e-07	-0.02
-8.578569e-07	-0.022556
-8.558569e-07	-0.020852
-8.538569e-07	-0.020568
-8.518569e-07	-0.022272
-8.498569e-07	-0.019148
-8.478569e-07	-0.02142
-8.458569e-07	-0.021704
-8.438569e-07	-0.022556
-8.418569e-07	-0.023976
-8.398569e-07	-0.022556
-8.378569e-07	-0.023408
-8.358569e-07	-0.023692
-8.338569e-07	-0.022556
-8.318569e-07	-0.02284
-8.298569e-07	-0.022556
-8.278569e-07	-0.02426
-8.258569e-07	-0.021988
-8.238569e-07	-0.02284
-8.218569e-07	-0.021136
-8.198569e-07	-0.022556
-8.178569e-07	-0.021704
-8.158569e-07	-0.022556
-8.138569e-07	-0.021988
-8.118569e-07	-0.019716
-8.098569e-07	-0.021704
-8.078569e-07	-0.021988
-8.058569e-07	-0.021704
-8.038569e-07	-0.022272
-8.018569e-07	-0.021988
-7.998569e-07	-0.020852
-7.978569e-07	-0.022272
-7.958569e-07	-0.020284
-7.938569e-07	-0.02142
-7.918569e-07	-0.021136
-7.898569e-07	-0.020852
-7.878569e-07	-0.022556
-7.858569e-07	-0.021136
-7.838569e-07	-0.021136
-7.818569e-07	-0.021136
-7.798569e-07	-0.021704
-7.778569e-07	-0.02
-7.758569e-07	-0.02284
-7.738569e-07	-0.021704
-7.718569e-07	-0.02
-7.698569e-07	-0.019432
-7.678569e-07	-0.019716
-7.658569e-07	-0.019716
-7.638569e-07	-0.01716
-7.618569e-07	-0.018864
-7.598569e-07	-0.018296
-7.578569e-07	-0.01858
-7.558569e-07	-0.01858
-7.538569e-07	-0.018864
-7.518569e-07	-0.018012
-7.498569e-07	-0.02
-7.478569e-07	-0.019432
-7.458569e-07	-0.018012
-7.438569e-07	-0.016308
-7.418569e-07	-0.015172
-7.398569e-07	-0.01858
-7.378569e-07	-0.017728
-7.358569e-07	-0.01716
-7.338569e-07	-0.018864
-7.318569e-07	-0.018864
-7.298569e-07	-0.017728
-7.278569e-07	-0.017728
-7.258569e-07	-0.019716
-7.238569e-07	-0.018012
-7.218569e-07	-0.019716
-7.198569e-07	-0.020284
-7.178569e-07	-0.019716
-7.158569e-07	-0.018864
-7.138569e-07	-0.02142
-7.118569e-07	-0.020284
-7.098569e-07	-0.020852
-7.078569e-07	-0.020568
-7.058569e-07	-0.02142
-7.038569e-07	-0.019432
-7.018569e-07	-0.018864
-6.998569e-07	-0.020284
-6.978569e-07	-0.021136
-6.958569e-07	-0.02
-6.938569e-07	-0.018296
-6.918569e-07	-0.02
-6.898569e-07	-0.023124
-6.878569e-07	-0.021988
-6.858569e-07	-0.020568
-6.838569e-07	-0.021704
-6.818569e-07	-0.021136
-6.798569e-07	-0.021704
-6.778569e-07	-0.02
-6.758569e-07	-0.020284
-6.738569e-07	-0.02142
-6.718569e-07	-0.021136
-6.698569e-07	-0.023408
-6.678569e-07	-0.020284
-6.658569e-07	-0.019432
-6.638569e-07	-0.020568
-6.618569e-07	-0.019716
-6.598569e-07	-0.021704
-6.578569e-07	-0.021136
-6.558569e-07	-0.02284
-6.538569e-07	-0.021988
-6.518569e-07	-0.020568
-6.498569e-07	-0.021988
-6.478569e-07	-0.022272
-6.458569e-07	-0.02284
-6.438569e-07	-0.021988
-6.418569e-07	-0.021988
-6.398569e-07	-0.020568
-6.378569e-07	-0.020284
-6.358569e-07	-0.021136
-6.338569e-07	-0.020568
-6.318569e-07	-0.020568
-6.298569e-07	-0.020852
-6.278569e-07	-0.02142
-6.258569e-07	-0.021136
-6.238569e-07	-0.021704
-6.218569e-07	-0.020852
-6.198569e-07	-0.020852
-6.178569e-07	-0.02
-6.158569e-07	-0.021988
-6.138569e-07	-0.020284
-6.118569e-07	-0.021704
-6.098569e-07	-0.02426
-6.078569e-07	-0.02284
-6.058569e-07	-0.02
-6.038569e-07	-0.02142
-6.018569e-07	-0.02284
-5.998569e-07	-0.020568
-5.978569e-07	-0.02
-5.958569e-07	-0.021136
-5.938569e-07	-0.020568
-5.918569e-07	-0.02142
-5.898569e-07	-0.021136
-5.878569e-07	-0.020568
-5.858569e-07	-0.020568
-5.838569e-07	-0.01858
-5.818569e-07	-0.017444
-5.798569e-07	-0.020568
-5.778569e-07	-0.023692
-5.758569e-07	-0.020284
-5.738569e-07	-0.017728
-5.718569e-07	-0.016592
-5.698569e-07	-0.020284
-5.678569e-07	-0.023408
-5.658569e-07	-0.022556
-5.638569e-07	-0.01858
-5.618569e-07	-0.020852
-5.598569e-07	-0.022556
-5.578569e-07	-0.023124
-5.558569e-07	-0.019716
-5.538569e-07	-0.019432
-5.518569e-07	-0.021136
-5.498569e-07	-0.022272
-5.478569e-07	-0.020568
-5.458569e-07	-0.020852
-5.438569e-07	-0.021136
-5.418569e-07	-0.020284
-5.398569e-07	-0.020284
-5.378569e-07	-0.018864
-5.358569e-07	-0.019716
-5.338569e-07	-0.020568
-5.318569e-07	-0.020284
-5.298569e-07	-0.020568
-5.278569e-07	-0.018864
-5.258569e-07	-0.02
-5.238569e-07	-0.019432
-5.218569e-07	-0.01858
-5.198569e-07	-0.019148
-5.178569e-07	-0.019148
-5.158569e-07	-0.018012
-5.138569e-07	-0.017728
-5.118569e-07	-0.018012
-5.098569e-07	-0.018296
-5.078569e-07	-0.018012
-5.058569e-07	-0.020852
-5.038569e-07	-0.018864
-5.018569e-07	-0.018864
-4.998569e-07	-0.019148
-4.978569e-07	-0.019148
-4.958569e-07	-0.017444
-4.938569e-07	-0.019432
-4.918569e-07	-0.019716
-4.898569e-07	-0.020284
-4.878569e-07	-0.017444
-4.858569e-07	-0.017444
-4.838569e-07	-0.018296
-4.818569e-07	-0.020852
-4.798569e-07	-0.020284
-4.778569e-07	-0.018864
-4.758569e-07	-0.019432
-4.738569e-07	-0.020568
-4.718569e-07	-0.018296
-4.698569e-07	-0.01858
-4.678569e-07	-0.018864
-4.658569e-07	-0.018864
-4.638569e-07	-0.019432
-4.618569e-07	-0.022556
-4.598569e-07	-0.022272
-4.578569e-07	-0.022272
-4.558569e-07	-0.021136
-4.538569e-07	-0.020284
-4.518569e-07	-0.020852
-4.498569e-07	-0.022556
-4.478569e-07	-0.021988
-4.458569e-07	-0.022272
-4.438569e-07	-0.023408
-4.418569e-07	-0.021704
-4.398569e-07	-0.020568
-4.378569e-07	-0.02
-4.358569e-07	-0.020568
-4.338569e-07	-0.02284
-4.318569e-07	-0.021136
-4.298569e-07	-0.021988
-4.278569e-07	-0.021704
-4.258569e-07	-0.021704
-4.238569e-07	-0.020852
-4.218569e-07	-0.022272
-4.198569e-07	-0.021988
-4.178569e-07	-0.023408
-4.158569e-07	-0.023408
-4.138569e-07	-0.02142
-4.118569e-07	-0.020852
-4.098569e-07	-0.021704
-4.078569e-07	-0.021136
-4.058569e-07	-0.020852
-4.038569e-07	-0.020568
-4.018569e-07	-0.021704
-3.998569e-07	-0.022272
-3.978569e-07	-0.020284
-3.958569e-07	-0.019716
-3.938569e-07	-0.020852
-3.918569e-07	-0.019716
-3.898569e-07	-0.018864
-3.878569e-07	-0.01858
-3.858569e-07	-0.021136
-3.838569e-07	-0.021136
-3.818569e-07	-0.019432
-3.798569e-07	-0.02
-3.778569e-07	-0.020568
-3.758569e-07	-0.020568
-3.738569e-07	-0.021136
-3.718569e-07	-0.019432
-3.698569e-07	-0.019148
-3.678569e-07	-0.018296
-3.658569e-07	-0.02
-3.638569e-07	-0.018864
-3.618569e-07	-0.017728
-3.598569e-07	-0.01858
-3.578569e-07	-0.019432
-3.558569e-07	-0.018296
-3.538569e-07	-0.018864
-3.518569e-07	-0.020284
-3.498569e-07	-0.018864
-3.478569e-07	-0.019432
-3.458569e-07	-0.02
-3.438569e-07	-0.01858
-3.418569e-07	-0.019432
-3.398569e-07	-0.018012
-3.378569e-07	-0.019716
-3.358569e-07	-0.018012
-3.338569e-07	-0.018864
-3.318569e-07	-0.019148
-3.298569e-07	-0.018296
-3.278569e-07	-0.019716
-3.258569e-07	-0.017444
-3.238569e-07	-0.019716
-3.218569e-07	-0.019716
-3.198569e-07	-0.018012
-3.178569e-07	-0.016876
-3.158569e-07	-0.017444
-3.138569e-07	-0.016592
-3.118569e-07	-0.01858
-3.098569e-07	-0.018012
-3.078569e-07	-0.018296
-3.058569e-07	-0.015456
-3.038569e-07	-0.016024
-3.018569e-07	-0.01858
-2.998569e-07	-0.016876
-2.978569e-07	-0.017728
-2.958569e-07	-0.018012
-2.938569e-07	-0.019716
-2.918569e-07	-0.016024
-2.898569e-07	-0.018864
-2.878569e-07	-0.01716
-2.858569e-07	-0.016876
-2.838569e-07	-0.015456
-2.818569e-07	-0.018012
-2.798569e-07	-0.016308
-2.778569e-07	-0.016308
-2.758569e-07	-0.016592
-2.738569e-07	-0.017444
-2.718569e-07	-0.019432
-2.698569e-07	-0.017728
-2.678569e-07	-0.016024
-2.658569e-07	-0.015172
-2.638569e-07	-0.017444
-2.618569e-07	-0.017728
-2.598569e-07	-0.016876
-2.578569e-07	-0.016876
-2.558569e-07	-0.016308
-2.538569e-07	-0.016592
-2.518569e-07	-0.01716
-2.498569e-07	-0.018012
-2.478569e-07	-0.020852
-2.458569e-07	-0.020852
-2.438569e-07	-0.017728
-2.418569e-07	-0.02
-2.398569e-07	-0.017728
-2.378569e-07	-0.018864
-2.358569e-07	-0.019148
-2.338569e-07	-0.019148
-2.318569e-07	-0.019148
-2.298569e-07	-0.021704
-2.278569e-07	-0.020852
-2.258569e-07	-0.020284
-2.238569e-07	-0.020568
-2.218569e-07	-0.019716
-2.198569e-07	-0.02
-2.178569e-07	-0.019716
-2.158569e-07	-0.019716
-2.138569e-07	-0.02
-2.118569e-07	-0.020852
-2.098569e-07	-0.02142
-2.078569e-07	-0.021136
-2.058569e-07	-0.020568
-2.038569e-07	-0.02
-2.018569e-07	-0.02284
-1.998569e-07	-0.020568
-1.978569e-07	-0.020568
-1.958569e-07	-0.02142
-1.938569e-07	-0.022272
-1.918569e-07	-0.021988
-1.898569e-07	-0.022272
-1.878569e-07	-0.021988
-1.858569e-07	-0.022556
-1.838569e-07	-0.021988
-1.818569e-07	-0.021136
-1.798569e-07	-0.023124
-1.778569e-07	-0.021988
-1.758569e-07	-0.02426
-1.738569e-07	-0.023408
-1.718569e-07	-0.02426
-1.698569e-07	-0.02284
-1.678569e-07	-0.023976
-1.658569e-07	-0.022556
-1.638569e-07	-0.023408
-1.618569e-07	-0.021988
-1.598569e-07	-0.022556
-1.578569e-07	-0.025112
-1.558569e-07	-0.023976
-1.538569e-07	-0.021136
-1.518569e-07	-0.024544
-1.498569e-07	-0.023976
-1.478569e-07	-0.025112
-1.458569e-07	-0.02284
-1.438569e-07	-0.024828
-1.418569e-07	-0.024544
-1.398569e-07	-0.025964
-1.378569e-07	-0.025112
-1.358569e-07	-0.025396
-1.338569e-07	-0.02426
-1.318569e-07	-0.024828
-1.298569e-07	-0.02426
-1.278569e-07	-0.023692
-1.258569e-07	-0.025396
-1.238569e-07	-0.02426
-1.218569e-07	-0.021704
-1.198569e-07	-0.023124
-1.178569e-07	-0.02284
-1.158569e-07	-0.023976
-1.138569e-07	-0.023976
-1.118569e-07	-0.025112
-1.098569e-07	-0.024828
-1.078569e-07	-0.025112
-1.058569e-07	-0.025112
-1.038569e-07	-0.02426
-1.018569e-07	-0.024544
-9.985693e-08	-0.023692
-9.785693e-08	-0.024544
-9.585693e-08	-0.024544
-9.385693e-08	-0.02426
-9.185693e-08	-0.023124
-8.985693e-08	-0.023124
-8.785693e-08	-0.023408
-8.585693e-08	-0.021988
-8.385693e-08	-0.023976
-8.185693e-08	-0.023976
-7.985693e-08	-0.024544
-7.785693e-08	-0.022272
-7.585693e-08	-0.023408
-7.385693e-08	-0.022272
-7.185693e-08	-0.025112
-6.985693e-08	-0.023692
-6.785693e-08	-0.023976
-6.585693e-08	-0.023408
-6.385693e-08	-0.023976
-6.185693e-08	-0.024544
-5.985693e-08	-0.02142
-5.785693e-08	-0.02142
-5.585693e-08	-0.02426
-5.385693e-08	-0.022272
-5.185693e-08	-0.021988
-4.985693e-08	-0.02426
-4.785693e-08	-0.023408
-4.585693e-08	-0.023124
-4.385693e-08	-0.021704
-4.185693e-08	-0.022556
-3.985693e-08	-0.021704
-3.785693e-08	-0.023692
-3.585693e-08	-0.021136
-3.385693e-08	-0.023976
-3.185693e-08	-0.022556
-2.985693e-08	-0.023408
-2.785693e-08	-0.023692
-2.585693e-08	-0.023124
-2.385693e-08	-0.023976
-2.185693e-08	-0.022556
-1.985693e-08	-0.023692
-1.785693e-08	-0.023408
-1.585693e-08	-0.022556
-1.385693e-08	-0.024544
-1.185693e-08	-0.025112
-9.856935e-09	-0.023692
-7.856935e-09	-0.023976
-5.856935e-09	-0.023692
-3.856935e-09	-0.023124
-1.856935e-09	-0.02426
1.430654e-10	-0.024544
2.143065e-09	-0.023408
4.143065e-09	-0.023408
6.143065e-09	-0.02142
8.143065e-09	-0.02142
1.014307e-08	-0.023692
1.214307e-08	-0.023976
1.414307e-08	-0.02284
1.614307e-08	-0.020568
1.814307e-08	-0.023124
2.014307e-08	-0.021704
2.214307e-08	-0.021988
2.414307e-08	-0.022556
2.614307e-08	-0.022556
2.814307e-08	-0.021988
3.014307e-08	-0.02284
3.214307e-08	-0.023124
3.414307e-08	-0.022556
3.614307e-08	-0.023408
3.814307e-08	-0.021988
4.014307e-08	-0.022272
4.214307e-08	-0.02142
4.414307e-08	-0.02142
4.614307e-08	-0.020568
4.814307e-08	-0.020852
5.014307e-08	-0.020852
5.214307e-08	-0.02142
5.414307e-08	-0.021704
5.614307e-08	-0.020568
5.814307e-08	-0.021704
6.014307e-08	-0.022272
6.214307e-08	-0.019716
6.414307e-08	-0.02284
6.614307e-08	-0.023408
6.814307e-08	-0.021136
7.014307e-08	-0.021704
7.214307e-08	-0.02142
7.414307e-08	-0.02142
7.614307e-08	-0.019432
7.814307e-08	-0.019716
8.014307e-08	-0.019148
8.214307e-08	-0.020284
8.414307e-08	-0.020284
8.614307e-08	-0.021136
8.814307e-08	-0.021704
9.014307e-08	-0.021988
9.214307e-08	-0.01858
9.414307e-08	-0.020852
9.614307e-08	-0.021988
9.814307e-08	-0.02
1.001431e-07	-0.020568
1.021431e-07	-0.020284
1.041431e-07	-0.02
1.061431e-07	-0.020284
1.081431e-07	-0.01858
1.101431e-07	-0.020284
1.121431e-07	-0.02142
1.141431e-07	-0.02142
1.161431e-07	-0.02
1.181431e-07	-0.02142
1.201431e-07	-0.019432
1.221431e-07	-0.02
1.241431e-07	-0.021136
1.261431e-07	-0.019716
1.281431e-07	-0.017444
1.301431e-07	-0.01716
1.321431e-07	-0.0129
1.341431e-07	-0.002392
1.361431e-07	0.0155
1.381431e-07	0.043048
1.401431e-07	0.084512
1.421431e-07	0.128532
1.441431e-07	0.17738
1.461431e-07	0.225944
1.481431e-07	0.274508
1.501431e-07	0.319664
1.521431e-07	0.360276
1.541431e-07	0.3989
1.561431e-07	0.434684
1.581431e-07	0.467912
1.601431e-07	0.495176
1.621431e-07	0.523576
1.641431e-07	0.544308
1.661431e-07	0.563336
1.681431e-07	0.577536
1.701431e-07	0.590316
1.721431e-07	0.5977
1.741431e-07	0.605368
1.761431e-07	0.609628
1.781431e-07	0.613604
1.801431e-07	0.611616
1.821431e-07	0.61048
1.841431e-07	0.607072
1.861431e-07	0.602812
1.881431e-07	0.594576
1.901431e-07	0.588612
1.921431e-07	0.578388
1.941431e-07	0.570436
1.961431e-07	0.558224
1.981431e-07	0.546296
2.001431e-07	0.53664
2.021431e-07	0.523008
2.041431e-07	0.511932
2.061431e-07	0.496028
2.081431e-07	0.485804
2.101431e-07	0.470184
2.121431e-07	0.456268
2.141431e-07	0.44292
2.161431e-07	0.432128
2.181431e-07	0.417644
2.201431e-07	0.402024
2.221431e-07	0.386688
2.241431e-07	0.374192
2.261431e-07	0.363684
2.281431e-07	0.3492
2.301431e-07	0.332728
2.321431e-07	0.320516
2.341431e-07	0.310576
2.361431e-07	0.29808
2.381431e-07	0.285584
2.401431e-07	0.27252
2.421431e-07	0.261728
2.441431e-07	0.25264
2.461431e-07	0.242984
2.481431e-07	0.229636
2.501431e-07	0.217424
2.521431e-07	0.20862
2.541431e-07	0.199532
2.561431e-07	0.189876
2.581431e-07	0.181924
2.601431e-07	0.173688
2.621431e-07	0.166304
2.641431e-07	0.1575
2.661431e-07	0.14756
2.681431e-07	0.143016
2.701431e-07	0.136484
2.721431e-07	0.129952
2.741431e-07	0.122852
2.761431e-07	0.115752
2.781431e-07	0.112344
2.801431e-07	0.104392
2.821431e-07	0.098712
2.841431e-07	0.094452
2.861431e-07	0.090476
2.881431e-07	0.084228
2.901431e-07	0.080252
2.921431e-07	0.076276
2.941431e-07	0.073152
2.961431e-07	0.06946
2.981431e-07	0.064916
3.001431e-07	0.061792
3.021431e-07	0.060372
3.041431e-07	0.056396
3.061431e-07	0.05242
3.081431e-07	0.051568
3.101431e-07	0.049296
3.121431e-07	0.04674
3.141431e-07	0.043332
3.161431e-07	0.040492
3.181431e-07	0.038504
3.201431e-07	0.037084
3.221431e-07	0.034244
3.241431e-07	0.033108
3.261431e-07	0.031404
3.281431e-07	0.027428
3.301431e-07	0.025724
3.321431e-07	0.023736
3.341431e-07	0.024304
3.361431e-07	0.024304
3.381431e-07	0.021748
3.401431e-07	0.018624
3.421431e-07	0.019192
3.441431e-07	0.017772
3.461431e-07	0.018624
3.481431e-07	0.01692
3.501431e-07	0.016068
3.521431e-07	0.013228
3.541431e-07	0.012376
3.561431e-07	0.012376
3.581431e-07	0.013512
3.601431e-07	0.011524
3.621431e-07	0.012376
3.641431e-07	0.012092
3.661431e-07	0.010388
3.681431e-07	0.008968
3.701431e-07	0.0084
3.721431e-07	0.0084
3.741431e-07	0.010672
3.761431e-07	0.007832
3.781431e-07	0.007832
3.801431e-07	0.006412
3.821431e-07	0.006696
3.841431e-07	0.005844
3.861431e-07	0.006128
3.881431e-07	0.006128
3.901431e-07	0.006412
3.921431e-07	0.00414
3.941431e-07	0.004708
3.961431e-07	0.00414
3.981431e-07	0.00414
4.001431e-07	0.0013
4.021431e-07	0.002436
4.041431e-07	0.0013
4.061431e-07	-0.000404
4.081431e-07	-0.002108
4.101431e-07	-0.00012
4.121431e-07	-0.00154
4.141431e-07	-0.00012
4.161431e-07	-0.00296
4.181431e-07	-0.002676
4.201431e-07	-0.002392
4.221431e-07	-0.002392
4.241431e-07	-0.002392
4.261431e-07	-0.002392
4.281431e-07	-0.002676
4.301431e-07	-0.00296
4.321431e-07	-0.004096
4.341431e-07	-0.005232
4.361431e-07	-0.004096
4.381431e-07	-0.004096
4.401431e-07	-0.006368
4.421431e-07	-0.008072
4.441431e-07	-0.006368
4.461431e-07	-0.0058
4.481431e-07	-0.005516
4.501431e-07	-0.008924
4.521431e-07	-0.009208
4.541431e-07	-0.007504
4.561431e-07	-0.007504
4.581431e-07	-0.010344
4.601431e-07	-0.008356
4.621431e-07	-0.010344
4.641431e-07	-0.010344
4.661431e-07	-0.011764
4.681431e-07	-0.0129
4.701431e-07	-0.013184
4.721431e-07	-0.010912
4.741431e-07	-0.013184
4.761431e-07	-0.013468
4.781431e-07	-0.013184
4.801431e-07	-0.013752
4.821431e-07	-0.016024
4.841431e-07	-0.016308
4.861431e-07	-0.015456
4.881431e-07	-0.01858
4.901431e-07	-0.01716
4.921431e-07	-0.018012
4.941431e-07	-0.01574
4.961431e-07	-0.019716
4.981431e-07	-0.019148
5.001431e-07	-0.020852
5.021431e-07	-0.020568
5.041431e-07	-0.016876
5.061431e-07	-0.018296
5.081431e-07	-0.02142
5.101431e-07	-0.021988
5.121431e-07	-0.021704
5.141431e-07	-0.02
5.161431e-07	-0.021136
5.181431e-07	-0.020852
5.201431e-07	-0.02426
5.221431e-07	-0.022556
5.241431e-07	-0.023976
5.261431e-07	-0.023976
5.281431e-07	-0.025396
5.301431e-07	-0.023976
5.321431e-07	-0.02426
5.341431e-07	-0.024828
5.361431e-07	-0.027384
5.381431e-07	-0.024828
5.401431e-07	-0.02568
5.421431e-07	-0.026248
5.441431e-07	-0.02568
5.461431e-07	-0.028236
5.481431e-07	-0.025964
5.501431e-07	-0.026532
5.521431e-07	-0.026248
5.541431e-07	-0.0271
5.561431e-07	-0.027384
5.581431e-07	-0.028236
5.601431e-07	-0.027952
5.621431e-07	-0.028236
5.641431e-07	-0.026248
5.661431e-07	-0.02852
5.681431e-07	-0.029372
5.701431e-07	-0.028804
5.721431e-07	-0.029372
5.741431e-07	-0.030508
5.761431e-07	-0.029088
5.781431e-07	-0.02994
5.801431e-07	-0.030508
5.821431e-07	-0.031076
5.841431e-07	-0.02994
5.861431e-07	-0.031928
5.881431e-07	-0.02994
5.901431e-07	-0.031928
5.921431e-07	-0.032496
5.941431e-07	-0.031928
5.961431e-07	-0.029656
5.981431e-07	-0.029088
6.001431e-07	-0.030792
6.021431e-07	-0.030508
6.041431e-07	-0.03136
6.061431e-07	-0.031076
6.081431e-07	-0.030508
6.101431e-07	-0.031928
6.121431e-07	-0.030792
6.141431e-07	-0.030508
6.161431e-07	-0.029656
6.181431e-07	-0.030508
6.201431e-07	-0.030224
6.221431e-07	-0.02994
6.241431e-07	-0.02994
6.261431e-07	-0.029656
6.281431e-07	-0.029656
6.301431e-07	-0.02994
6.321431e-07	-0.029372
6.341431e-07	-0.02852
6.361431e-07	-0.027384
6.381431e-07	-0.030508
6.401431e-07	-0.030792
6.421431e-07	-0.03136
6.441431e-07	-0.029088
6.461431e-07	-0.029372
6.481431e-07	-0.027668
6.501431e-07	-0.028236
6.521431e-07	-0.030224
6.541431e-07	-0.028804
6.561431e-07	-0.029656
6.581431e-07	-0.029372
6.601431e-07	-0.026532
6.621431e-07	-0.028804
6.641431e-07	-0.027668
6.661431e-07	-0.027668
6.681431e-07	-0.025964
6.701431e-07	-0.026816
6.721431e-07	-0.027384
6.741431e-07	-0.026532
6.761431e-07	-0.026248
6.781431e-07	-0.026532
6.801431e-07	-0.026532
6.821431e-07	-0.02426
6.841431e-07	-0.026248
6.861431e-07	-0.025964
6.881431e-07	-0.024544
6.901431e-07	-0.023976
6.921431e-07	-0.023692
6.941431e-07	-0.023408
6.961431e-07	-0.021136
6.981431e-07	-0.021704
7.001431e-07	-0.022272
7.021431e-07	-0.022272
7.041431e-07	-0.02142
7.061431e-07	-0.023692
7.081431e-07	-0.021704
7.101431e-07	-0.021988
7.121431e-07	-0.02142
7.141431e-07	-0.020284
7.161431e-07	-0.019432
7.181431e-07	-0.020284
7.201431e-07	-0.020284
7.221431e-07	-0.020568
7.241431e-07	-0.01858
7.261431e-07	-0.01858
7.281431e-07	-0.020568
7.301431e-07	-0.018296
7.321431e-07	-0.017444
7.341431e-07	-0.016876
7.361431e-07	-0.017444
7.381431e-07	-0.018864
7.401431e-07	-0.01574
7.421431e-07	-0.016876
7.441431e-07	-0.016024
7.461431e-07	-0.016592
7.481431e-07	-0.017444
7.501431e-07	-0.01716
7.521431e-07	-0.016876
7.541431e-07	-0.015456
7.561431e-07	-0.015456
7.581431e-07	-0.016024
7.601431e-07	-0.015456
7.621431e-07	-0.014888
7.641431e-07	-0.014604
7.661431e-07	-0.014604
7.681431e-07	-0.0129
7.701431e-07	-0.013184
7.721431e-07	-0.0129
7.741431e-07	-0.01432
7.761431e-07	-0.015456
7.781431e-07	-0.01432
7.801431e-07	-0.014036
7.821431e-07	-0.014888
7.841431e-07	-0.013184
7.861431e-07	-0.0129
7.881431e-07	-0.013184
7.901431e-07	-0.014604
7.921431e-07	-0.014604
7.941431e-07	-0.0129
7.961431e-07	-0.0129
7.981431e-07	-0.013752
8.001431e-07	-0.013468
8.021431e-07	-0.01432
8.041431e-07	-0.016024
8.061431e-07	-0.016876
8.081431e-07	-0.015172
8.101431e-07	-0.014888
8.121431e-07	-0.01574
8.141431e-07	-0.016024
8.161431e-07	-0.015172
8.181431e-07	-0.014888
8.201431e-07	-0.015456
8.221431e-07	-0.013752
8.241431e-07	-0.01574
8.261431e-07	-0.014604
8.281431e-07	-0.016024
8.301431e-07	-0.015172
8.321431e-07	-0.01574
8.341431e-07	-0.014888
8.361431e-07	-0.017444
8.381431e-07	-0.01574
8.401431e-07	-0.016876
8.421431e-07	-0.01716
8.441431e-07	-0.016592
8.461431e-07	-0.019432
8.481431e-07	-0.018296
8.501431e-07	-0.018864
8.521431e-07	-0.019432
8.541431e-07	-0.02
8.561431e-07	-0.019432
8.581431e-07	-0.018012
8.601431e-07	-0.018296
8.621431e-07	-0.018296
8.641431e-07	-0.017728
8.661431e-07	-0.019716
8.681431e-07	-0.017444
8.701431e-07	-0.018012
8.721431e-07	-0.018296
8.741431e-07	-0.018864
8.761431e-07	-0.01858
8.781431e-07	-0.019148
8.801431e-07	-0.017728
8.821431e-07	-0.017728
8.841431e-07	-0.019148
8.861431e-07	-0.02
8.881431e-07	-0.018864
8.901431e-07	-0.02
8.921431e-07	-0.021988
8.941431e-07	-0.020568
8.961431e-07	-0.020568
8.981431e-07	-0.020568
9.001431e-07	-0.02284
9.021431e-07	-0.021988
9.041431e-07	-0.020568
9.061431e-07	-0.021988
9.081431e-07	-0.019716
9.101431e-07	-0.020568
9.121431e-07	-0.023408
9.141431e-07	-0.024828
9.161431e-07	-0.02284
9.181431e-07	-0.022556
9.201431e-07	-0.023692
9.221431e-07	-0.02284
9.241431e-07	-0.025396
9.261431e-07	-0.023692
9.281431e-07	-0.023124
9.301431e-07	-0.025112
9.321431e-07	-0.024828
9.341431e-07	-0.024828
9.361431e-07	-0.023408
9.381431e-07	-0.02426
9.401431e-07	-0.025396
9.421431e-07	-0.025112
9.441431e-07	-0.026248
9.461431e-07	-0.025112
9.481431e-07	-0.0271
9.501431e-07	-0.02568
9.521431e-07	-0.026248
9.541431e-07	-0.02568
9.561431e-07	-0.024544
9.581431e-07	-0.025396
9.601431e-07	-0.024544
9.621431e-07	-0.024828
9.641431e-07	-0.023976
9.661431e-07	-0.024828
9.681431e-07	-0.025112
9.701431e-07	-0.024828
9.721431e-07	-0.025112
9.741431e-07	-0.025112
9.761431e-07	-0.024828
9.781431e-07	-0.026248
9.801431e-07	-0.025964
9.821431e-07	-0.025964
9.841431e-07	-0.024544
9.861431e-07	-0.02426
9.881431e-07	-0.025112
9.901431e-07	-0.02426
9.921431e-07	-0.024828
9.941431e-07	-0.024544
9.961431e-07	-0.023692
9.981431e-07	-0.025112
1.000143e-06	-0.025396
1.002143e-06	-0.025396
1.004143e-06	-0.026816
1.006143e-06	-0.026816
1.008143e-06	-0.027384
1.010143e-06	-0.026248
1.012143e-06	-0.025964
1.014143e-06	-0.027952
1.016143e-06	-0.026816
1.018143e-06	-0.025964
1.020143e-06	-0.028236
1.022143e-06	-0.024544
1.024143e-06	-0.027952
1.026143e-06	-0.027952
1.028143e-06	-0.02852
1.030143e-06	-0.026248
1.032143e-06	-0.029088
1.034143e-06	-0.026532
1.036143e-06	-0.02568
1.038143e-06	-0.028804
1.040143e-06	-0.027668
1.042143e-06	-0.027384
1.044143e-06	-0.027668
1.046143e-06	-0.026816
1.048143e-06	-0.02568
1.050143e-06	-0.026816
1.052143e-06	-0.027384
1.054143e-06	-0.026248
1.056143e-06	-0.026532
1.058143e-06	-0.025964
1.060143e-06	-0.026532
1.062143e-06	-0.026532
1.064143e-06	-0.026248
1.066143e-06	-0.026248
1.068143e-06	-0.026816
1.070143e-06	-0.024544
1.072143e-06	-0.02568
1.074143e-06	-0.025112
1.076143e-06	-0.025964
1.078143e-06	-0.02426
1.080143e-06	-0.025396
1.082143e-06	-0.023976
1.084143e-06	-0.02568
1.086143e-06	-0.02142
1.088143e-06	-0.023692
1.090143e-06	-0.019716
1.092143e-06	-0.021988
1.094143e-06	-0.021988
1.096143e-06	-0.02142
1.098143e-06	-0.020284
1.100143e-06	-0.021988
1.102143e-06	-0.021136
1.104143e-06	-0.02142
1.106143e-06	-0.02
1.108143e-06	-0.021136
1.110143e-06	-0.019716
1.112143e-06	-0.019716
1.114143e-06	-0.020284
1.116143e-06	-0.01858
1.118143e-06	-0.018012
1.120143e-06	-0.020284
1.122143e-06	-0.019148
1.124143e-06	-0.018296
1.126143e-06	-0.018296
1.128143e-06	-0.019716
1.130143e-06	-0.01716
1.132143e-06	-0.017728
1.134143e-06	-0.01858
1.136143e-06	-0.01858
1.138143e-06	-0.019148
1.140143e-06	-0.017444
1.142143e-06	-0.017728
1.144143e-06	-0.018296
1.146143e-06	-0.018012
1.148143e-06	-0.016308
1.150143e-06	-0.016592
1.152143e-06	-0.016592
1.154143e-06	-0.01574
1.156143e-06	-0.01574
1.158143e-06	-0.016024
1.160143e-06	-0.016024
1.162143e-06	-0.015456
1.164143e-06	-0.013752
1.166143e-06	-0.01432
1.168143e-06	-0.014036
1.170143e-06	-0.01148
1.172143e-06	-0.01148
1.174143e-06	-0.0129
1.176143e-06	-0.01432
1.178143e-06	-0.014604
1.180143e-06	-0.013752
1.182143e-06	-0.011196
1.184143e-06	-0.013468
1.186143e-06	-0.013752
1.188143e-06	-0.013752
1.190143e-06	-0.012616
1.192143e-06	-0.0129
1.194143e-06	-0.013468
1.196143e-06	-0.011196
1.198143e-06	-0.01148
1.200143e-06	-0.014036
1.202143e-06	-0.014036
1.204143e-06	-0.012048
1.206143e-06	-0.013184
1.208143e-06	-0.014036
1.210143e-06	-0.01574
1.212143e-06	-0.014036
1.214143e-06	-0.01432
1.216143e-06	-0.0129
1.218143e-06	-0.013184
1.220143e-06	-0.013468
1.222143e-06	-0.010912
1.224143e-06	-0.01432
1.226143e-06	-0.013752
1.228143e-06	-0.012616
1.230143e-06	-0.013752
1.232143e-06	-0.016024
1.234143e-06	-0.015456
1.236143e-06	-0.01574
1.238143e-06	-0.013752
1.240143e-06	-0.014888
1.242143e-06	-0.016876
1.244143e-06	-0.015172
1.246143e-06	-0.01574
1.248143e-06	-0.016308
1.250143e-06	-0.017444
1.252143e-06	-0.01574
1.254143e-06	-0.01432
1.256143e-06	-0.015456
1.258143e-06	-0.016876
1.260143e-06	-0.016024
1.262143e-06	-0.015172
1.264143e-06	-0.017444
1.266143e-06	-0.016592
1.268143e-06	-0.017728
1.270143e-06	-0.01858
1.272143e-06	-0.016876
1.274143e-06	-0.018864
1.276143e-06	-0.018296
1.278143e-06	-0.017728
1.280143e-06	-0.01716
1.282143e-06	-0.01716
1.284143e-06	-0.016024
1.286143e-06	-0.016024
1.288143e-06	-0.018012
1.290143e-06	-0.016592
1.292143e-06	-0.016308
1.294143e-06	-0.017728
1.296143e-06	-0.01716
1.298143e-06	-0.017444
1.300143e-06	-0.016308
1.302143e-06	-0.016308
1.304143e-06	-0.016592
1.306143e-06	-0.018012
1.308143e-06	-0.017728
1.310143e-06	-0.018296
1.312143e-06	-0.016876
1.314143e-06	-0.016024
1.316143e-06	-0.01858
1.318143e-06	-0.018296
1.320143e-06	-0.019148
1.322143e-06	-0.01858
1.324143e-06	-0.017728
1.326143e-06	-0.019716
1.328143e-06	-0.018296
1.330143e-06	-0.018296
1.332143e-06	-0.01858
1.334143e-06	-0.018012
1.336143e-06	-0.018296
1.338143e-06	-0.019432
1.340143e-06	-0.018864
1.342143e-06	-0.02
1.344143e-06	-0.021988
1.346143e-06	-0.019716
1.348143e-06	-0.02142
1.350143e-06	-0.020284
1.352143e-06	-0.017728
1.354143e-06	-0.01858
1.356143e-06	-0.020852
1.358143e-06	-0.018296
1.360143e-06	-0.022272
1.362143e-06	-0.02142
1.364143e-06	-0.022272
1.366143e-06	-0.023976
1.368143e-06	-0.020852
1.370143e-06	-0.019716
1.372143e-06	-0.023976
1.374143e-06	-0.022556
1.376143e-06	-0.023692
1.378143e-06	-0.023124
1.380143e-06	-0.020284
1.382143e-06	-0.023124
1.384143e-06	-0.021988
1.386143e-06	-0.022272
1.388143e-06	-0.025112
1.390143e-06	-0.024544
1.392143e-06	-0.022272
1.394143e-06	-0.020568
1.396143e-06	-0.023408
1.398143e-06	-0.025396
1.400143e-06	-0.02568
1.402143e-06	-0.022556
1.404143e-06	-0.02142
1.406143e-06	-0.023976
1.408143e-06	-0.027668
1.410143e-06	-0.026248
1.412143e-06	-0.02426
1.414143e-06	-0.024544
1.416143e-06	-0.026248
1.418143e-06	-0.026532
1.420143e-06	-0.024828
1.422143e-06	-0.025396
1.424143e-06	-0.027384
1.426143e-06	-0.025396
1.428143e-06	-0.025964
1.430143e-06	-0.025964
1.432143e-06	-0.026816
1.434143e-06	-0.027384
1.436143e-06	-0.025964
1.438143e-06	-0.025964
1.440143e-06	-0.0271
1.442143e-06	-0.024828
1.444143e-06	-0.02568
1.446143e-06	-0.024544
1.448143e-06	-0.026532
1.450143e-06	-0.027384
1.452143e-06	-0.026248
1.454143e-06	-0.025112
1.456143e-06	-0.027384
1.458143e-06	-0.02568
1.460143e-06	-0.02568
1.462143e-06	-0.025396
1.464143e-06	-0.026248
1.466143e-06	-0.026816
1.468143e-06	-0.023408
1.470143e-06	-0.024544
1.472143e-06	-0.025396
1.474143e-06	-0.026248
1.476143e-06	-0.02568
1.478143e-06	-0.026248
1.480143e-06	-0.02568
1.482143e-06	-0.026248
1.484143e-06	-0.026816
1.486143e-06	-0.023408
1.488143e-06	-0.025396
1.490143e-06	-0.023976
1.492143e-06	-0.025396
1.494143e-06	-0.023692
1.496143e-06	-0.023124
1.498143e-06	-0.02426
1.500143e-06	-0.023408
1.502143e-06	-0.023692
1.504143e-06	-0.023692
1.506143e-06	-0.023692
1.508143e-06	-0.02284
1.510143e-06	-0.023976
1.512143e-06	-0.023124
1.514143e-06	-0.021988
1.516143e-06	-0.024544
1.518143e-06	-0.023692
1.520143e-06	-0.024544
1.522143e-06	-0.023408
1.524143e-06	-0.021988
1.526143e-06	-0.02142
1.528143e-06	-0.022556
1.530143e-06	-0.02142
1.532143e-06	-0.025112
1.534143e-06	-0.022272
1.536143e-06	-0.021988
1.538143e-06	-0.021136
1.540143e-06	-0.023692
1.542143e-06	-0.021988
1.544143e-06	-0.021136
1.546143e-06	-0.022556
1.548143e-06	-0.02
1.550143e-06	-0.021704
1.552143e-06	-0.020568
1.554143e-06	-0.02284
1.556143e-06	-0.02
1.558143e-06	-0.020852
1.560143e-06	-0.01858
1.562143e-06	-0.018296
1.564143e-06	-0.02142
1.566143e-06	-0.019432
1.568143e-06	-0.021704
1.570143e-06	-0.020852
1.572143e-06	-0.019148
1.574143e-06	-0.020284
1.576143e-06	-0.018296
1.578143e-06	-0.01716
1.580143e-06	-0.01858
1.582143e-06	-0.019432
1.584143e-06	-0.019716
1.586143e-06	-0.016876
1.588143e-06	-0.018012
1.590143e-06	-0.017444
1.592143e-06	-0.017444
1.594143e-06	-0.018012
1.596143e-06	-0.01716
1.598143e-06	-0.016308
1.600143e-06	-0.01858
1.602143e-06	-0.018296
1.604143e-06	-0.016024
1.606143e-06	-0.016308
1.608143e-06	-0.016308
1.610143e-06	-0.01574
1.612143e-06	-0.01716
1.614143e-06	-0.014604
1.616143e-06	-0.016876
1.618143e-06	-0.015172
1.620143e-06	-0.01716
1.622143e-06	-0.016592
1.624143e-06	-0.014888
1.626143e-06	-0.016308
1.628143e-06	-0.01574
1.630143e-06	-0.014888
1.632143e-06	-0.015172
1.634143e-06	-0.016024
1.636143e-06	-0.01574
1.638143e-06	-0.016024
1.640143e-06	-0.01574
1.642143e-06	-0.014604
1.644143e-06	-0.014604
1.646143e-06	-0.015456
1.648143e-06	-0.014888
1.650143e-06	-0.013752
1.652143e-06	-0.016024
1.654143e-06	-0.014036
1.656143e-06	-0.015172
1.658143e-06	-0.014888
1.660143e-06	-0.015172
1.662143e-06	-0.016876
1.664143e-06	-0.016024
1.666143e-06	-0.016308
1.668143e-06	-0.016308
1.670143e-06	-0.014888
1.672143e-06	-0.016592
1.674143e-06	-0.018012
1.676143e-06	-0.016024
1.678143e-06	-0.017444
1.680143e-06	-0.019148
1.682143e-06	-0.02
1.684143e-06	-0.019148
1.686143e-06	-0.016592
1.688143e-06	-0.018864
1.690143e-06	-0.019432
1.692143e-06	-0.019432
1.694143e-06	-0.018864
1.696143e-06	-0.018012
1.698143e-06	-0.019148
1.700143e-06	-0.020284
1.702143e-06	-0.020284
1.704143e-06	-0.02
1.706143e-06	-0.01858
1.708143e-06	-0.020284
1.710143e-06	-0.021136
1.712143e-06	-0.020852
1.714143e-06	-0.020568
1.716143e-06	-0.018864
1.718143e-06	-0.019432
1.720143e-06	-0.022556
1.722143e-06	-0.018864
1.724143e-06	-0.020284
1.726143e-06	-0.018296
1.728143e-06	-0.02
1.730143e-06	-0.02
1.732143e-06	-0.020568
1.734143e-06	-0.019148
1.736143e-06	-0.020568
1.738143e-06	-0.019148
1.740143e-06	-0.019716
1.742143e-06	-0.020284
1.744143e-06	-0.02142
1.746143e-06	-0.020568
1.748143e-06	-0.021704
1.750143e-06	-0.02142
1.752143e-06	-0.021136
1.754143e-06	-0.021704
1.756143e-06	-0.023976
1.758143e-06	-0.021704
1.760143e-06	-0.021988
1.762143e-06	-0.02142
1.764143e-06	-0.020852
1.766143e-06	-0.021988
1.768143e-06	-0.022556
1.770143e-06	-0.023408
1.772143e-06	-0.02426
1.774143e-06	-0.02284
1.776143e-06	-0.022272
1.778143e-06	-0.023124
1.780143e-06	-0.022272
1.782143e-06	-0.021704
1.784143e-06	-0.022272
1.786143e-06	-0.021136
1.788143e-06	-0.023408
1.790143e-06	-0.021988
1.792143e-06	-0.023692
1.794143e-06	-0.025112
1.796143e-06	-0.02426
1.798143e-06	-0.023976
1.800143e-06	-0.02568
1.802143e-06	-0.024828
1.804143e-06	-0.026532
1.806143e-06	-0.023124
1.808143e-06	-0.02426
1.810143e-06	-0.025396
1.812143e-06	-0.024544
1.814143e-06	-0.024828
1.816143e-06	-0.02568
1.818143e-06	-0.02426
1.820143e-06	-0.025396
1.822143e-06	-0.025112
1.824143e-06	-0.027384
1.826143e-06	-0.025396
1.828143e-06	-0.023976
1.830143e-06	-0.024544
1.832143e-06	-0.024828
1.834143e-06	-0.026532
1.836143e-06	-0.024544
1.838143e-06	-0.024828
1.840143e-06	-0.0271
1.842143e-06	-0.027952
1.844143e-06	-0.025964
1.846143e-06	-0.026532
1.848143e-06	-0.02852
1.850143e-06	-0.027384
1.852143e-06	-0.025964
1.854143e-06	-0.029088
1.856143e-06	-0.030508
1.858143e-06	-0.02852
1.860143e-06	-0.029656
1.862143e-06	-0.028236
1.864143e-06	-0.02994
1.866143e-06	-0.027384
1.868143e-06	-0.027384
1.870143e-06	-0.028236
1.872143e-06	-0.027668
1.874143e-06	-0.029372
1.876143e-06	-0.026248
1.878143e-06	-0.028236
1.880143e-06	-0.029656
1.882143e-06	-0.02852
1.884143e-06	-0.028804
1.886143e-06	-0.028236
1.888143e-06	-0.027384
1.890143e-06	-0.028804
1.892143e-06	-0.0271
1.894143e-06	-0.027952
1.896143e-06	-0.027384
1.898143e-06	-0.026816
1.900143e-06	-0.0271
1.902143e-06	-0.02568
1.904143e-06	-0.027384
1.906143e-06	-0.026532
1.908143e-06	-0.026816
1.910143e-06	-0.02426
1.912143e-06	-0.023124
1.914143e-06	-0.023124
1.916143e-06	-0.024828
1.918143e-06	-0.025112
1.920143e-06	-0.025112
1.922143e-06	-0.025396
1.924143e-06	-0.024544
1.926143e-06	-0.02426
1.928143e-06	-0.024544
1.930143e-06	-0.02568
1.932143e-06	-0.023408
1.934143e-06	-0.02426
1.936143e-06	-0.024544
1.938143e-06	-0.024544
1.940143e-06	-0.024544
1.942143e-06	-0.023692
1.944143e-06	-0.022272
1.946143e-06	-0.023976
1.948143e-06	-0.02284
1.950143e-06	-0.02284
1.952143e-06	-0.021704
1.954143e-06	-0.023124
1.956143e-06	-0.02142
1.958143e-06	-0.02284
1.960143e-06	-0.022272
1.962143e-06	-0.023692
1.964143e-06	-0.022556
1.966143e-06	-0.022556
1.968143e-06	-0.021704
1.970143e-06	-0.022556
1.972143e-06	-0.023124
1.974143e-06	-0.021704
1.976143e-06	-0.019716
1.978143e-06	-0.019716
1.980143e-06	-0.020568
1.982143e-06	-0.020568
1.984143e-06	-0.020284
1.986143e-06	-0.021136
1.988143e-06	-0.019716
1.990143e-06	-0.019148
1.992143e-06	-0.019716
1.994143e-06	-0.019148
1.996143e-06	-0.018296
1.998143e-06	-0.022272
2.000143e-06	-0.020284
2.002143e-06	-0.017444
2.004143e-06	-0.017728
2.006143e-06	-0.019148
2.008143e-06	-0.020568
2.010143e-06	-0.019716
2.012143e-06	-0.01858
2.014143e-06	-0.018012
2.016143e-06	-0.017728
2.018143e-06	-0.019716
2.020143e-06	-0.018864
2.022143e-06	-0.018012
2.024143e-06	-0.018864
2.026143e-06	-0.018296
2.028143e-06	-0.017728
2.030143e-06	-0.019716
2.032143e-06	-0.01858
2.034143e-06	-0.018864
2.036143e-06	-0.01716
2.038143e-06	-0.019716
2.040143e-06	-0.018864
2.042143e-06	-0.018296
2.044143e-06	-0.015172
2.046143e-06	-0.016024
2.048143e-06	-0.016308
2.050143e-06	-0.01716
2.052143e-06	-0.016876
2.054143e-06	-0.015456
2.056143e-06	-0.016592
2.058143e-06	-0.01716
2.060143e-06	-0.017444
2.062143e-06	-0.01432
2.064143e-06	-0.016024
2.066143e-06	-0.014036
2.068143e-06	-0.013752
2.070143e-06	-0.016592
2.072143e-06	-0.014604
2.074143e-06	-0.016308
2.076143e-06	-0.01574
2.078143e-06	-0.016876
2.080143e-06	-0.016876
2.082143e-06	-0.016024
2.084143e-06	-0.01432
2.086143e-06	-0.01574
2.088143e-06	-0.017728
2.090143e-06	-0.016308
2.092143e-06	-0.016308
2.094143e-06	-0.015456
2.096143e-06	-0.015172
2.098143e-06	-0.016592
2.100143e-06	-0.015172
2.102143e-06	-0.015456
2.104143e-06	-0.016308
2.106143e-06	-0.014036
2.108143e-06	-0.013752
2.110143e-06	-0.01574
2.112143e-06	-0.014888
2.114143e-06	-0.014888
2.116143e-06	-0.013468
2.118143e-06	-0.013184
2.120143e-06	-0.01574
2.122143e-06	-0.014888
2.124143e-06	-0.015172
2.126143e-06	-0.013752
2.128143e-06	-0.016024
2.130143e-06	-0.013184
2.132143e-06	-0.014888
2.134143e-06	-0.015172
2.136143e-06	-0.015172
2.138143e-06	-0.015172
2.140143e-06	-0.014036
2.142143e-06	-0.013752
2.144143e-06	-0.01432
2.146143e-06	-0.013184
2.148143e-06	-0.012048
2.150143e-06	-0.013468
2.152143e-06	-0.014604
2.154143e-06	-0.013468
2.156143e-06	-0.015172
2.158143e-06	-0.015172
2.160143e-06	-0.015456
2.162143e-06	-0.0129
2.164143e-06	-0.013184
2.166143e-06	-0.013468
2.168143e-06	-0.014604
2.170143e-06	-0.014888
2.172143e-06	-0.0129
2.174143e-06	-0.014604
2.176143e-06	-0.01432
2.178143e-06	-0.01432
2.180143e-06	-0.014888
2.182143e-06	-0.016308
2.184143e-06	-0.016024
2.186143e-06	-0.01716
2.188143e-06	-0.016308
2.190143e-06	-0.014888
2.192143e-06	-0.018012
2.194143e-06	-0.016308
2.196143e-06	-0.016024
2.198143e-06	-0.016592
2.200143e-06	-0.01858
2.202143e-06	-0.016308
2.204143e-06	-0.016876
2.206143e-06	-0.018296
2.208143e-06	-0.018864
2.210143e-06	-0.017444
2.212143e-06	-0.019716
2.214143e-06	-0.018012
2.216143e-06	-0.021136
2.218143e-06	-0.021136
2.220143e-06	-0.020852
2.222143e-06	-0.018012
2.224143e-06	-0.019432
2.226143e-06	-0.02
2.228143e-06	-0.022272
2.230143e-06	-0.021704
2.232143e-06	-0.019716
2.234143e-06	-0.02
2.236143e-06	-0.020852
2.238143e-06	-0.022272
2.240143e-06	-0.02142
2.242143e-06	-0.021988
2.244143e-06	-0.021704
2.246143e-06	-0.021136
2.248143e-06	-0.020852
2.250143e-06	-0.02142
2.252143e-06	-0.02
2.254143e-06	-0.020284
2.256143e-06	-0.024544
2.258143e-06	-0.023408
2.260143e-06	-0.025112
2.262143e-06	-0.02284
2.264143e-06	-0.02426
2.266143e-06	-0.021988
2.268143e-06	-0.023124
2.270143e-06	-0.024544
2.272143e-06	-0.024828
2.274143e-06	-0.023124
2.276143e-06	-0.025396
2.278143e-06	-0.02426
2.280143e-06	-0.025396
2.282143e-06	-0.02426
2.284143e-06	-0.023408
2.286143e-06	-0.023408
2.288143e-06	-0.02426
2.290143e-06	-0.023124
2.292143e-06	-0.024544
2.294143e-06	-0.023692
2.296143e-06	-0.023124
2.298143e-06	-0.024828
2.300143e-06	-0.024828
2.302143e-06	-0.024828
2.304143e-06	-0.024544
2.306143e-06	-0.02426
2.308143e-06	-0.02568
2.310143e-06	-0.024544
2.312143e-06	-0.026532
2.314143e-06	-0.023124
2.316143e-06	-0.025112
2.318143e-06	-0.024828
2.320143e-06	-0.023976
2.322143e-06	-0.023408
2.324143e-06	-0.02426
2.326143e-06	-0.023692
2.328143e-06	-0.023692
2.330143e-06	-0.023692
2.332143e-06	-0.022556
2.334143e-06	-0.023124
2.336143e-06	-0.024544
2.338143e-06	-0.023408
2.340143e-06	-0.02284
2.342143e-06	-0.023976
2.344143e-06	-0.023976
2.346143e-06	-0.021136
2.348143e-06	-0.023692
2.350143e-06	-0.022272
2.352143e-06	-0.023124
2.354143e-06	-0.021988
2.356143e-06	-0.023976
2.358143e-06	-0.021704
2.360143e-06	-0.02142
2.362143e-06	-0.021704
2.364143e-06	-0.022272
2.366143e-06	-0.020568
2.368143e-06	-0.022272
2.370143e-06	-0.020568
2.372143e-06	-0.019432
2.374143e-06	-0.020284
2.376143e-06	-0.019432
2.378143e-06	-0.019148
2.380143e-06	-0.01716
2.382143e-06	-0.02
2.384143e-06	-0.018864
2.386143e-06	-0.020284
2.388143e-06	-0.02
2.390143e-06	-0.018864
2.392143e-06	-0.023124
2.394143e-06	-0.018864
2.396143e-06	-0.02
2.398143e-06	-0.021988
2.400143e-06	-0.021704
2.402143e-06	-0.021704
2.404143e-06	-0.020284
2.406143e-06	-0.022556
2.408143e-06	-0.021988
2.410143e-06	-0.021988
2.412143e-06	-0.022556
2.414143e-06	-0.02284
2.416143e-06	-0.021988
2.418143e-06	-0.022272
2.420143e-06	-0.021704
2.422143e-06	-0.021136
2.424143e-06	-0.021704
2.426143e-06	-0.021136
2.428143e-06	-0.021988
2.430143e-06	-0.020852
2.432143e-06	-0.021704
2.434143e-06	-0.02
2.436143e-06	-0.019716
2.438143e-06	-0.022556
2.440143e-06	-0.021988
2.442143e-06	-0.020852
2.444143e-06	-0.02
2.446143e-06	-0.020852
2.448143e-06	-0.019432
2.450143e-06	-0.02
2.452143e-06	-0.021136
2.454143e-06	-0.021136
2.456143e-06	-0.019716
2.458143e-06	-0.020852
2.460143e-06	-0.020568
2.462143e-06	-0.020284
2.464143e-06	-0.019716
2.466143e-06	-0.02
2.468143e-06	-0.023976
2.470143e-06	-0.020852
2.472143e-06	-0.019148
2.474143e-06	-0.018864
2.476143e-06	-0.022272
2.478143e-06	-0.02142
2.480143e-06	-0.02142
2.482143e-06	-0.021136
2.484143e-06	-0.020284
2.486143e-06	-0.02
2.488143e-06	-0.02142
2.490143e-06	-0.022272
2.492143e-06	-0.021988
2.494143e-06	-0.021988
2.496143e-06	-0.021704
2.498143e-06	-0.022272
2.500143e-06	-0.022272
