LECROYHDO6104A	50809	Waveform
Segments	1	SegmentSize	2502
Segment	TrigTime	TimeSinceSegment1
#1	19-Dec-2022 20:02:19	0                 
Time	Ampl
-2.5002e-06	-0.0296
-2.4982e-06	-0.02744
-2.4962e-06	-0.02528
-2.4942e-06	-0.02582
-2.4922e-06	-0.02636
-2.4902e-06	-0.02744
-2.4882e-06	-0.02744
-2.4862e-06	-0.03014
-2.4842e-06	-0.0269
-2.4822e-06	-0.02852
-2.4802e-06	-0.03068
-2.4782e-06	-0.02852
-2.4762e-06	-0.02906
-2.4742e-06	-0.0269
-2.4722e-06	-0.02636
-2.4702e-06	-0.03014
-2.4682e-06	-0.0269
-2.4662e-06	-0.02798
-2.4642e-06	-0.02852
-2.4622e-06	-0.03014
-2.4602e-06	-0.02798
-2.4582e-06	-0.02852
-2.4562e-06	-0.02798
-2.4542e-06	-0.02798
-2.4522e-06	-0.0296
-2.4502e-06	-0.02852
-2.4482e-06	-0.02798
-2.4462e-06	-0.0296
-2.4442e-06	-0.02636
-2.4422e-06	-0.02636
-2.4402e-06	-0.0296
-2.4382e-06	-0.02798
-2.4362e-06	-0.02906
-2.4342e-06	-0.02798
-2.4322e-06	-0.02798
-2.4302e-06	-0.02798
-2.4282e-06	-0.0296
-2.4262e-06	-0.02852
-2.4242e-06	-0.02582
-2.4222e-06	-0.02528
-2.4202e-06	-0.0269
-2.4182e-06	-0.02744
-2.4162e-06	-0.03014
-2.4142e-06	-0.03068
-2.4122e-06	-0.02636
-2.4102e-06	-0.0269
-2.4082e-06	-0.02528
-2.4062e-06	-0.02528
-2.4042e-06	-0.02798
-2.4022e-06	-0.0296
-2.4002e-06	-0.0269
-2.3982e-06	-0.02744
-2.3962e-06	-0.02744
-2.3942e-06	-0.02474
-2.3922e-06	-0.02474
-2.3902e-06	-0.02366
-2.3882e-06	-0.02636
-2.3862e-06	-0.03122
-2.3842e-06	-0.02906
-2.3822e-06	-0.02582
-2.3802e-06	-0.02258
-2.3782e-06	-0.0242
-2.3762e-06	-0.0242
-2.3742e-06	-0.02366
-2.3722e-06	-0.0242
-2.3702e-06	-0.02582
-2.3682e-06	-0.02474
-2.3662e-06	-0.02366
-2.3642e-06	-0.02636
-2.3622e-06	-0.02474
-2.3602e-06	-0.02312
-2.3582e-06	-0.0242
-2.3562e-06	-0.02582
-2.3542e-06	-0.02798
-2.3522e-06	-0.02312
-2.3502e-06	-0.02528
-2.3482e-06	-0.02312
-2.3462e-06	-0.02042
-2.3442e-06	-0.0215
-2.3422e-06	-0.02474
-2.3402e-06	-0.02582
-2.3382e-06	-0.02528
-2.3362e-06	-0.02744
-2.3342e-06	-0.02636
-2.3322e-06	-0.0242
-2.3302e-06	-0.0242
-2.3282e-06	-0.02474
-2.3262e-06	-0.02744
-2.3242e-06	-0.02798
-2.3222e-06	-0.0269
-2.3202e-06	-0.0242
-2.3182e-06	-0.02636
-2.3162e-06	-0.02474
-2.3142e-06	-0.02636
-2.3122e-06	-0.02474
-2.3102e-06	-0.02582
-2.3082e-06	-0.0269
-2.3062e-06	-0.02528
-2.3042e-06	-0.02582
-2.3022e-06	-0.0269
-2.3002e-06	-0.02528
-2.2982e-06	-0.0296
-2.2962e-06	-0.02636
-2.2942e-06	-0.02798
-2.2922e-06	-0.02744
-2.2902e-06	-0.0269
-2.2882e-06	-0.02636
-2.2862e-06	-0.02582
-2.2842e-06	-0.0242
-2.2822e-06	-0.02528
-2.2802e-06	-0.0242
-2.2782e-06	-0.02528
-2.2762e-06	-0.02528
-2.2742e-06	-0.02474
-2.2722e-06	-0.0242
-2.2702e-06	-0.0215
-2.2682e-06	-0.02312
-2.2662e-06	-0.0215
-2.2642e-06	-0.02528
-2.2622e-06	-0.02366
-2.2602e-06	-0.02312
-2.2582e-06	-0.02312
-2.2562e-06	-0.02312
-2.2542e-06	-0.02312
-2.2522e-06	-0.01988
-2.2502e-06	-0.02042
-2.2482e-06	-0.02042
-2.2462e-06	-0.01988
-2.2442e-06	-0.01934
-2.2422e-06	-0.02042
-2.2402e-06	-0.01826
-2.2382e-06	-0.02204
-2.2362e-06	-0.02042
-2.2342e-06	-0.0188
-2.2322e-06	-0.0188
-2.2302e-06	-0.02096
-2.2282e-06	-0.0161
-2.2262e-06	-0.02096
-2.2242e-06	-0.01718
-2.2222e-06	-0.01826
-2.2202e-06	-0.01772
-2.2182e-06	-0.0188
-2.2162e-06	-0.02042
-2.2142e-06	-0.02258
-2.2122e-06	-0.01718
-2.2102e-06	-0.02096
-2.2082e-06	-0.02096
-2.2062e-06	-0.0215
-2.2042e-06	-0.0188
-2.2022e-06	-0.01934
-2.2002e-06	-0.01934
-2.1982e-06	-0.02042
-2.1962e-06	-0.02096
-2.1942e-06	-0.02204
-2.1922e-06	-0.02258
-2.1902e-06	-0.02204
-2.1882e-06	-0.02096
-2.1862e-06	-0.0215
-2.1842e-06	-0.0215
-2.1822e-06	-0.02204
-2.1802e-06	-0.02258
-2.1782e-06	-0.02474
-2.1762e-06	-0.02366
-2.1742e-06	-0.02204
-2.1722e-06	-0.02366
-2.1702e-06	-0.02366
-2.1682e-06	-0.02474
-2.1662e-06	-0.02204
-2.1642e-06	-0.02366
-2.1622e-06	-0.02204
-2.1602e-06	-0.02312
-2.1582e-06	-0.0269
-2.1562e-06	-0.02582
-2.1542e-06	-0.02474
-2.1522e-06	-0.02528
-2.1502e-06	-0.02366
-2.1482e-06	-0.02528
-2.1462e-06	-0.02528
-2.1442e-06	-0.02474
-2.1422e-06	-0.02474
-2.1402e-06	-0.02636
-2.1382e-06	-0.02528
-2.1362e-06	-0.02258
-2.1342e-06	-0.0242
-2.1322e-06	-0.02474
-2.1302e-06	-0.0242
-2.1282e-06	-0.02744
-2.1262e-06	-0.03014
-2.1242e-06	-0.02744
-2.1222e-06	-0.0296
-2.1202e-06	-0.02474
-2.1182e-06	-0.0323
-2.1162e-06	-0.02906
-2.1142e-06	-0.0242
-2.1122e-06	-0.02744
-2.1102e-06	-0.0269
-2.1082e-06	-0.02798
-2.1062e-06	-0.0242
-2.1042e-06	-0.02798
-2.1022e-06	-0.0269
-2.1002e-06	-0.02906
-2.0982e-06	-0.03014
-2.0962e-06	-0.02636
-2.0942e-06	-0.02528
-2.0922e-06	-0.0296
-2.0902e-06	-0.02744
-2.0882e-06	-0.02636
-2.0862e-06	-0.02906
-2.0842e-06	-0.02636
-2.0822e-06	-0.0269
-2.0802e-06	-0.02744
-2.0782e-06	-0.0296
-2.0762e-06	-0.02744
-2.0742e-06	-0.02744
-2.0722e-06	-0.02528
-2.0702e-06	-0.02798
-2.0682e-06	-0.0269
-2.0662e-06	-0.03014
-2.0642e-06	-0.02744
-2.0622e-06	-0.02906
-2.0602e-06	-0.02636
-2.0582e-06	-0.02906
-2.0562e-06	-0.02744
-2.0542e-06	-0.02744
-2.0522e-06	-0.02744
-2.0502e-06	-0.02798
-2.0482e-06	-0.02906
-2.0462e-06	-0.02906
-2.0442e-06	-0.02474
-2.0422e-06	-0.0269
-2.0402e-06	-0.02744
-2.0382e-06	-0.02906
-2.0362e-06	-0.02582
-2.0342e-06	-0.02528
-2.0322e-06	-0.0242
-2.0302e-06	-0.02636
-2.0282e-06	-0.0242
-2.0262e-06	-0.0269
-2.0242e-06	-0.0269
-2.0222e-06	-0.02636
-2.0202e-06	-0.02582
-2.0182e-06	-0.02582
-2.0162e-06	-0.0242
-2.0142e-06	-0.02366
-2.0122e-06	-0.02528
-2.0102e-06	-0.02474
-2.0082e-06	-0.0242
-2.0062e-06	-0.02636
-2.0042e-06	-0.02528
-2.0022e-06	-0.0242
-2.0002e-06	-0.0296
-1.9982e-06	-0.02852
-1.9962e-06	-0.02636
-1.9942e-06	-0.02744
-1.9922e-06	-0.02798
-1.9902e-06	-0.02906
-1.9882e-06	-0.0269
-1.9862e-06	-0.02906
-1.9842e-06	-0.02474
-1.9822e-06	-0.02852
-1.9802e-06	-0.02906
-1.9782e-06	-0.02798
-1.9762e-06	-0.02798
-1.9742e-06	-0.02798
-1.9722e-06	-0.02852
-1.9702e-06	-0.0269
-1.9682e-06	-0.0269
-1.9662e-06	-0.02852
-1.9642e-06	-0.02744
-1.9622e-06	-0.0269
-1.9602e-06	-0.02798
-1.9582e-06	-0.03122
-1.9562e-06	-0.02744
-1.9542e-06	-0.02852
-1.9522e-06	-0.03122
-1.9502e-06	-0.02906
-1.9482e-06	-0.02528
-1.9462e-06	-0.02636
-1.9442e-06	-0.0269
-1.9422e-06	-0.02798
-1.9402e-06	-0.02582
-1.9382e-06	-0.02798
-1.9362e-06	-0.02528
-1.9342e-06	-0.02798
-1.9322e-06	-0.02582
-1.9302e-06	-0.02798
-1.9282e-06	-0.02582
-1.9262e-06	-0.02636
-1.9242e-06	-0.02906
-1.9222e-06	-0.0269
-1.9202e-06	-0.02636
-1.9182e-06	-0.02852
-1.9162e-06	-0.02528
-1.9142e-06	-0.0269
-1.9122e-06	-0.0269
-1.9102e-06	-0.0269
-1.9082e-06	-0.02528
-1.9062e-06	-0.02744
-1.9042e-06	-0.0242
-1.9022e-06	-0.02636
-1.9002e-06	-0.02636
-1.8982e-06	-0.02906
-1.8962e-06	-0.02636
-1.8942e-06	-0.02582
-1.8922e-06	-0.02474
-1.8902e-06	-0.02582
-1.8882e-06	-0.02582
-1.8862e-06	-0.02582
-1.8842e-06	-0.02852
-1.8822e-06	-0.0269
-1.8802e-06	-0.02528
-1.8782e-06	-0.02474
-1.8762e-06	-0.0269
-1.8742e-06	-0.0242
-1.8722e-06	-0.02636
-1.8702e-06	-0.02582
-1.8682e-06	-0.02258
-1.8662e-06	-0.02366
-1.8642e-06	-0.02474
-1.8622e-06	-0.0242
-1.8602e-06	-0.02204
-1.8582e-06	-0.02582
-1.8562e-06	-0.02366
-1.8542e-06	-0.0269
-1.8522e-06	-0.02474
-1.8502e-06	-0.02528
-1.8482e-06	-0.02852
-1.8462e-06	-0.02636
-1.8442e-06	-0.02636
-1.8422e-06	-0.02744
-1.8402e-06	-0.02852
-1.8382e-06	-0.02582
-1.8362e-06	-0.02474
-1.8342e-06	-0.02528
-1.8322e-06	-0.02474
-1.8302e-06	-0.0296
-1.8282e-06	-0.02906
-1.8262e-06	-0.03068
-1.8242e-06	-0.02582
-1.8222e-06	-0.02528
-1.8202e-06	-0.02798
-1.8182e-06	-0.02798
-1.8162e-06	-0.03014
-1.8142e-06	-0.02852
-1.8122e-06	-0.02582
-1.8102e-06	-0.02906
-1.8082e-06	-0.02906
-1.8062e-06	-0.02852
-1.8042e-06	-0.02474
-1.8022e-06	-0.0269
-1.8002e-06	-0.02744
-1.7982e-06	-0.02528
-1.7962e-06	-0.02528
-1.7942e-06	-0.0242
-1.7922e-06	-0.02474
-1.7902e-06	-0.02636
-1.7882e-06	-0.02366
-1.7862e-06	-0.02798
-1.7842e-06	-0.02744
-1.7822e-06	-0.02582
-1.7802e-06	-0.02366
-1.7782e-06	-0.02312
-1.7762e-06	-0.02312
-1.7742e-06	-0.02474
-1.7722e-06	-0.02528
-1.7702e-06	-0.02636
-1.7682e-06	-0.02366
-1.7662e-06	-0.02528
-1.7642e-06	-0.0242
-1.7622e-06	-0.02474
-1.7602e-06	-0.02474
-1.7582e-06	-0.02204
-1.7562e-06	-0.02366
-1.7542e-06	-0.02312
-1.7522e-06	-0.02312
-1.7502e-06	-0.02204
-1.7482e-06	-0.02258
-1.7462e-06	-0.02366
-1.7442e-06	-0.0242
-1.7422e-06	-0.02474
-1.7402e-06	-0.02312
-1.7382e-06	-0.02258
-1.7362e-06	-0.0215
-1.7342e-06	-0.02366
-1.7322e-06	-0.02366
-1.7302e-06	-0.02204
-1.7282e-06	-0.0242
-1.7262e-06	-0.02474
-1.7242e-06	-0.0242
-1.7222e-06	-0.0269
-1.7202e-06	-0.02204
-1.7182e-06	-0.02312
-1.7162e-06	-0.02474
-1.7142e-06	-0.0242
-1.7122e-06	-0.02744
-1.7102e-06	-0.03068
-1.7082e-06	-0.02636
-1.7062e-06	-0.02528
-1.7042e-06	-0.02528
-1.7022e-06	-0.02906
-1.7002e-06	-0.02798
-1.6982e-06	-0.02906
-1.6962e-06	-0.0296
-1.6942e-06	-0.02744
-1.6922e-06	-0.02474
-1.6902e-06	-0.02852
-1.6882e-06	-0.0269
-1.6862e-06	-0.02582
-1.6842e-06	-0.0269
-1.6822e-06	-0.02852
-1.6802e-06	-0.02582
-1.6782e-06	-0.0269
-1.6762e-06	-0.02582
-1.6742e-06	-0.02582
-1.6722e-06	-0.0242
-1.6702e-06	-0.02798
-1.6682e-06	-0.02636
-1.6662e-06	-0.0269
-1.6642e-06	-0.02528
-1.6622e-06	-0.02744
-1.6602e-06	-0.02582
-1.6582e-06	-0.02798
-1.6562e-06	-0.02744
-1.6542e-06	-0.0296
-1.6522e-06	-0.02582
-1.6502e-06	-0.02474
-1.6482e-06	-0.02906
-1.6462e-06	-0.02528
-1.6442e-06	-0.02636
-1.6422e-06	-0.02744
-1.6402e-06	-0.0242
-1.6382e-06	-0.02636
-1.6362e-06	-0.02636
-1.6342e-06	-0.02528
-1.6322e-06	-0.02798
-1.6302e-06	-0.0269
-1.6282e-06	-0.02474
-1.6262e-06	-0.02474
-1.6242e-06	-0.02582
-1.6222e-06	-0.02906
-1.6202e-06	-0.02474
-1.6182e-06	-0.0242
-1.6162e-06	-0.02312
-1.6142e-06	-0.0269
-1.6122e-06	-0.02744
-1.6102e-06	-0.02366
-1.6082e-06	-0.02474
-1.6062e-06	-0.02582
-1.6042e-06	-0.02366
-1.6022e-06	-0.02582
-1.6002e-06	-0.0296
-1.5982e-06	-0.0269
-1.5962e-06	-0.02636
-1.5942e-06	-0.02852
-1.5922e-06	-0.02474
-1.5902e-06	-0.02528
-1.5882e-06	-0.02636
-1.5862e-06	-0.02906
-1.5842e-06	-0.02474
-1.5822e-06	-0.02258
-1.5802e-06	-0.01934
-1.5782e-06	-0.0269
-1.5762e-06	-0.0242
-1.5742e-06	-0.0215
-1.5722e-06	-0.02042
-1.5702e-06	-0.02528
-1.5682e-06	-0.02474
-1.5662e-06	-0.02474
-1.5642e-06	-0.01826
-1.5622e-06	-0.02366
-1.5602e-06	-0.02312
-1.5582e-06	-0.02636
-1.5562e-06	-0.01934
-1.5542e-06	-0.02042
-1.5522e-06	-0.0242
-1.5502e-06	-0.02528
-1.5482e-06	-0.02204
-1.5462e-06	-0.0215
-1.5442e-06	-0.0215
-1.5422e-06	-0.0215
-1.5402e-06	-0.02528
-1.5382e-06	-0.02312
-1.5362e-06	-0.02204
-1.5342e-06	-0.02096
-1.5322e-06	-0.01988
-1.5302e-06	-0.0242
-1.5282e-06	-0.01934
-1.5262e-06	-0.02312
-1.5242e-06	-0.01718
-1.5222e-06	-0.01826
-1.5202e-06	-0.02096
-1.5182e-06	-0.02096
-1.5162e-06	-0.01988
-1.5142e-06	-0.02042
-1.5122e-06	-0.01988
-1.5102e-06	-0.02258
-1.5082e-06	-0.0188
-1.5062e-06	-0.0215
-1.5042e-06	-0.01934
-1.5022e-06	-0.02312
-1.5002e-06	-0.02474
-1.4982e-06	-0.0215
-1.4962e-06	-0.0215
-1.4942e-06	-0.02366
-1.4922e-06	-0.02312
-1.4902e-06	-0.02204
-1.4882e-06	-0.01934
-1.4862e-06	-0.0215
-1.4842e-06	-0.0215
-1.4822e-06	-0.0215
-1.4802e-06	-0.02042
-1.4782e-06	-0.02204
-1.4762e-06	-0.02204
-1.4742e-06	-0.02258
-1.4722e-06	-0.0215
-1.4702e-06	-0.0242
-1.4682e-06	-0.01988
-1.4662e-06	-0.02258
-1.4642e-06	-0.02096
-1.4622e-06	-0.02474
-1.4602e-06	-0.02258
-1.4582e-06	-0.02258
-1.4562e-06	-0.02474
-1.4542e-06	-0.02096
-1.4522e-06	-0.01772
-1.4502e-06	-0.01934
-1.4482e-06	-0.02258
-1.4462e-06	-0.02204
-1.4442e-06	-0.02312
-1.4422e-06	-0.0188
-1.4402e-06	-0.02366
-1.4382e-06	-0.02474
-1.4362e-06	-0.02366
-1.4342e-06	-0.02204
-1.4322e-06	-0.02204
-1.4302e-06	-0.0242
-1.4282e-06	-0.02636
-1.4262e-06	-0.02582
-1.4242e-06	-0.02636
-1.4222e-06	-0.0269
-1.4202e-06	-0.0242
-1.4182e-06	-0.02474
-1.4162e-06	-0.02798
-1.4142e-06	-0.02852
-1.4122e-06	-0.02366
-1.4102e-06	-0.02528
-1.4082e-06	-0.02582
-1.4062e-06	-0.02744
-1.4042e-06	-0.02582
-1.4022e-06	-0.02636
-1.4002e-06	-0.02744
-1.3982e-06	-0.02474
-1.3962e-06	-0.02636
-1.3942e-06	-0.02744
-1.3922e-06	-0.02744
-1.3902e-06	-0.0269
-1.3882e-06	-0.02852
-1.3862e-06	-0.02528
-1.3842e-06	-0.02852
-1.3822e-06	-0.0269
-1.3802e-06	-0.02528
-1.3782e-06	-0.02798
-1.3762e-06	-0.0242
-1.3742e-06	-0.02744
-1.3722e-06	-0.02636
-1.3702e-06	-0.02744
-1.3682e-06	-0.02906
-1.3662e-06	-0.0296
-1.3642e-06	-0.02906
-1.3622e-06	-0.02744
-1.3602e-06	-0.02852
-1.3582e-06	-0.02798
-1.3562e-06	-0.02906
-1.3542e-06	-0.02852
-1.3522e-06	-0.02798
-1.3502e-06	-0.02798
-1.3482e-06	-0.02582
-1.3462e-06	-0.02582
-1.3442e-06	-0.02906
-1.3422e-06	-0.0269
-1.3402e-06	-0.0269
-1.3382e-06	-0.02906
-1.3362e-06	-0.02798
-1.3342e-06	-0.0296
-1.3322e-06	-0.0269
-1.3302e-06	-0.02744
-1.3282e-06	-0.02744
-1.3262e-06	-0.03014
-1.3242e-06	-0.03014
-1.3222e-06	-0.02798
-1.3202e-06	-0.02798
-1.3182e-06	-0.02744
-1.3162e-06	-0.03122
-1.3142e-06	-0.02798
-1.3122e-06	-0.02906
-1.3102e-06	-0.02852
-1.3082e-06	-0.02798
-1.3062e-06	-0.0269
-1.3042e-06	-0.02744
-1.3022e-06	-0.02744
-1.3002e-06	-0.0269
-1.2982e-06	-0.0269
-1.2962e-06	-0.02582
-1.2942e-06	-0.0296
-1.2922e-06	-0.02744
-1.2902e-06	-0.0269
-1.2882e-06	-0.02366
-1.2862e-06	-0.02798
-1.2842e-06	-0.02798
-1.2822e-06	-0.02744
-1.2802e-06	-0.02852
-1.2782e-06	-0.02852
-1.2762e-06	-0.0296
-1.2742e-06	-0.02744
-1.2722e-06	-0.03068
-1.2702e-06	-0.03176
-1.2682e-06	-0.02906
-1.2662e-06	-0.02906
-1.2642e-06	-0.02798
-1.2622e-06	-0.03068
-1.2602e-06	-0.02852
-1.2582e-06	-0.02636
-1.2562e-06	-0.03068
-1.2542e-06	-0.02906
-1.2522e-06	-0.0296
-1.2502e-06	-0.02852
-1.2482e-06	-0.02798
-1.2462e-06	-0.0296
-1.2442e-06	-0.02636
-1.2422e-06	-0.0296
-1.2402e-06	-0.02852
-1.2382e-06	-0.03068
-1.2362e-06	-0.0296
-1.2342e-06	-0.03068
-1.2322e-06	-0.0296
-1.2302e-06	-0.03176
-1.2282e-06	-0.02906
-1.2262e-06	-0.02798
-1.2242e-06	-0.03014
-1.2222e-06	-0.02852
-1.2202e-06	-0.02906
-1.2182e-06	-0.02744
-1.2162e-06	-0.0269
-1.2142e-06	-0.02798
-1.2122e-06	-0.02798
-1.2102e-06	-0.02474
-1.2082e-06	-0.02906
-1.2062e-06	-0.0296
-1.2042e-06	-0.02474
-1.2022e-06	-0.0269
-1.2002e-06	-0.02474
-1.1982e-06	-0.02798
-1.1962e-06	-0.02852
-1.1942e-06	-0.02744
-1.1922e-06	-0.02798
-1.1902e-06	-0.02798
-1.1882e-06	-0.02906
-1.1862e-06	-0.0269
-1.1842e-06	-0.0269
-1.1822e-06	-0.03122
-1.1802e-06	-0.02744
-1.1782e-06	-0.02744
-1.1762e-06	-0.02852
-1.1742e-06	-0.02906
-1.1722e-06	-0.02798
-1.1702e-06	-0.02852
-1.1682e-06	-0.02852
-1.1662e-06	-0.03014
-1.1642e-06	-0.0323
-1.1622e-06	-0.02744
-1.1602e-06	-0.02906
-1.1582e-06	-0.02852
-1.1562e-06	-0.02528
-1.1542e-06	-0.02852
-1.1522e-06	-0.02528
-1.1502e-06	-0.02906
-1.1482e-06	-0.02582
-1.1462e-06	-0.02474
-1.1442e-06	-0.02906
-1.1422e-06	-0.02906
-1.1402e-06	-0.02528
-1.1382e-06	-0.02636
-1.1362e-06	-0.0269
-1.1342e-06	-0.0269
-1.1322e-06	-0.02366
-1.1302e-06	-0.0242
-1.1282e-06	-0.02042
-1.1262e-06	-0.02312
-1.1242e-06	-0.02366
-1.1222e-06	-0.0242
-1.1202e-06	-0.0242
-1.1182e-06	-0.02528
-1.1162e-06	-0.02204
-1.1142e-06	-0.02474
-1.1122e-06	-0.02582
-1.1102e-06	-0.0242
-1.1082e-06	-0.02258
-1.1062e-06	-0.02474
-1.1042e-06	-0.02636
-1.1022e-06	-0.0269
-1.1002e-06	-0.02204
-1.0982e-06	-0.02042
-1.0962e-06	-0.02204
-1.0942e-06	-0.02528
-1.0922e-06	-0.02474
-1.0902e-06	-0.02474
-1.0882e-06	-0.0269
-1.0862e-06	-0.02528
-1.0842e-06	-0.0242
-1.0822e-06	-0.02474
-1.0802e-06	-0.02204
-1.0782e-06	-0.02366
-1.0762e-06	-0.02366
-1.0742e-06	-0.02312
-1.0722e-06	-0.02366
-1.0702e-06	-0.02636
-1.0682e-06	-0.02636
-1.0662e-06	-0.02528
-1.0642e-06	-0.02528
-1.0622e-06	-0.02582
-1.0602e-06	-0.02582
-1.0582e-06	-0.02528
-1.0562e-06	-0.02582
-1.0542e-06	-0.03014
-1.0522e-06	-0.0242
-1.0502e-06	-0.02528
-1.0482e-06	-0.02636
-1.0462e-06	-0.0269
-1.0442e-06	-0.02474
-1.0422e-06	-0.02474
-1.0402e-06	-0.02474
-1.0382e-06	-0.02798
-1.0362e-06	-0.0269
-1.0342e-06	-0.02528
-1.0322e-06	-0.02744
-1.0302e-06	-0.02636
-1.0282e-06	-0.02582
-1.0262e-06	-0.0269
-1.0242e-06	-0.02744
-1.0222e-06	-0.02744
-1.0202e-06	-0.02852
-1.0182e-06	-0.0269
-1.0162e-06	-0.02528
-1.0142e-06	-0.0269
-1.0122e-06	-0.02528
-1.0102e-06	-0.02528
-1.0082e-06	-0.02312
-1.0062e-06	-0.02906
-1.0042e-06	-0.02258
-1.0022e-06	-0.02582
-1.0002e-06	-0.03014
-9.981999e-07	-0.02798
-9.961999e-07	-0.02528
-9.941999e-07	-0.0269
-9.921999e-07	-0.02798
-9.901999e-07	-0.02798
-9.881999e-07	-0.02312
-9.861999e-07	-0.0242
-9.841999e-07	-0.02528
-9.821999e-07	-0.02582
-9.801999e-07	-0.02636
-9.781999e-07	-0.02366
-9.761999e-07	-0.02636
-9.741999e-07	-0.02582
-9.721999e-07	-0.0242
-9.701999e-07	-0.02474
-9.681999e-07	-0.02582
-9.661999e-07	-0.02798
-9.641999e-07	-0.02636
-9.621999e-07	-0.02528
-9.601999e-07	-0.02582
-9.581999e-07	-0.02528
-9.561999e-07	-0.02366
-9.541999e-07	-0.0242
-9.521999e-07	-0.02204
-9.501999e-07	-0.02636
-9.481999e-07	-0.02312
-9.461999e-07	-0.02474
-9.441999e-07	-0.02636
-9.421999e-07	-0.02744
-9.401999e-07	-0.02636
-9.381999e-07	-0.02744
-9.361999e-07	-0.02744
-9.341999e-07	-0.0296
-9.321999e-07	-0.0242
-9.301999e-07	-0.02582
-9.281999e-07	-0.02528
-9.261999e-07	-0.02906
-9.241999e-07	-0.02366
-9.221999e-07	-0.02582
-9.201999e-07	-0.02852
-9.181999e-07	-0.02852
-9.161999e-07	-0.02474
-9.141999e-07	-0.02582
-9.121999e-07	-0.0296
-9.101999e-07	-0.03014
-9.081999e-07	-0.02582
-9.061999e-07	-0.02636
-9.041999e-07	-0.02798
-9.021999e-07	-0.02852
-9.001999e-07	-0.02474
-8.981999e-07	-0.0242
-8.961999e-07	-0.02474
-8.941999e-07	-0.02528
-8.921999e-07	-0.02474
-8.901999e-07	-0.0269
-8.881999e-07	-0.02582
-8.861999e-07	-0.02582
-8.841999e-07	-0.02636
-8.821999e-07	-0.02636
-8.801999e-07	-0.02474
-8.781999e-07	-0.02636
-8.761999e-07	-0.02582
-8.741999e-07	-0.0242
-8.721999e-07	-0.02636
-8.701999e-07	-0.0269
-8.681999e-07	-0.02852
-8.661999e-07	-0.02744
-8.641999e-07	-0.02744
-8.621999e-07	-0.02798
-8.601999e-07	-0.02474
-8.581999e-07	-0.02474
-8.561999e-07	-0.02744
-8.541999e-07	-0.02744
-8.521999e-07	-0.02312
-8.501999e-07	-0.0269
-8.481999e-07	-0.02798
-8.461999e-07	-0.02528
-8.441999e-07	-0.0215
-8.421999e-07	-0.02528
-8.401999e-07	-0.01934
-8.381999e-07	-0.02258
-8.361999e-07	-0.02312
-8.341999e-07	-0.0188
-8.321999e-07	-0.01934
-8.301999e-07	-0.01934
-8.281999e-07	-0.02042
-8.261999e-07	-0.01934
-8.241999e-07	-0.01988
-8.221999e-07	-0.02204
-8.201999e-07	-0.02096
-8.181999e-07	-0.02096
-8.161999e-07	-0.01988
-8.141999e-07	-0.02204
-8.121999e-07	-0.0188
-8.101999e-07	-0.0188
-8.081999e-07	-0.01718
-8.061999e-07	-0.02042
-8.041999e-07	-0.02204
-8.021999e-07	-0.02096
-8.001999e-07	-0.0215
-7.981999e-07	-0.02096
-7.961999e-07	-0.02312
-7.941999e-07	-0.02204
-7.921999e-07	-0.02258
-7.901999e-07	-0.02258
-7.881999e-07	-0.02258
-7.861999e-07	-0.01826
-7.841999e-07	-0.01988
-7.821999e-07	-0.0242
-7.801999e-07	-0.0215
-7.781999e-07	-0.02096
-7.761999e-07	-0.02312
-7.741999e-07	-0.02204
-7.721999e-07	-0.02366
-7.701999e-07	-0.02312
-7.681999e-07	-0.02366
-7.661999e-07	-0.02474
-7.641999e-07	-0.02258
-7.621999e-07	-0.02366
-7.601999e-07	-0.0215
-7.581999e-07	-0.02366
-7.561999e-07	-0.02474
-7.541999e-07	-0.0242
-7.521999e-07	-0.02312
-7.501999e-07	-0.02474
-7.481999e-07	-0.02474
-7.461999e-07	-0.02366
-7.441999e-07	-0.02258
-7.421999e-07	-0.02474
-7.401999e-07	-0.02312
-7.381999e-07	-0.02528
-7.361999e-07	-0.0242
-7.341999e-07	-0.02312
-7.321999e-07	-0.02258
-7.301999e-07	-0.0242
-7.281999e-07	-0.02258
-7.261999e-07	-0.02528
-7.241999e-07	-0.02474
-7.221999e-07	-0.02528
-7.201999e-07	-0.02366
-7.181999e-07	-0.02474
-7.161999e-07	-0.02582
-7.141999e-07	-0.02204
-7.121999e-07	-0.0269
-7.101999e-07	-0.02582
-7.081999e-07	-0.02474
-7.061999e-07	-0.02474
-7.041999e-07	-0.0269
-7.021999e-07	-0.02582
-7.001999e-07	-0.02636
-6.981999e-07	-0.02312
-6.961999e-07	-0.02366
-6.941999e-07	-0.02636
-6.921999e-07	-0.02528
-6.901999e-07	-0.02636
-6.881999e-07	-0.02636
-6.861999e-07	-0.02636
-6.841999e-07	-0.02582
-6.821999e-07	-0.0296
-6.801999e-07	-0.02852
-6.781999e-07	-0.02636
-6.761999e-07	-0.0242
-6.741999e-07	-0.02582
-6.721999e-07	-0.02798
-6.701999e-07	-0.02636
-6.681999e-07	-0.02798
-6.661999e-07	-0.0269
-6.641999e-07	-0.03122
-6.621999e-07	-0.02798
-6.601999e-07	-0.02636
-6.581999e-07	-0.02852
-6.561999e-07	-0.02906
-6.541999e-07	-0.02852
-6.521999e-07	-0.02798
-6.501999e-07	-0.03014
-6.481999e-07	-0.03014
-6.461999e-07	-0.02852
-6.441999e-07	-0.0296
-6.421999e-07	-0.03176
-6.401999e-07	-0.02798
-6.381999e-07	-0.02906
-6.361999e-07	-0.03014
-6.341999e-07	-0.03068
-6.321999e-07	-0.0296
-6.301999e-07	-0.03014
-6.281999e-07	-0.0323
-6.261999e-07	-0.03014
-6.241999e-07	-0.0323
-6.221999e-07	-0.03284
-6.201999e-07	-0.03068
-6.181999e-07	-0.02798
-6.161999e-07	-0.03122
-6.141999e-07	-0.02852
-6.121999e-07	-0.02852
-6.101999e-07	-0.03122
-6.081999e-07	-0.0296
-6.061999e-07	-0.02852
-6.041999e-07	-0.0296
-6.021999e-07	-0.02906
-6.001999e-07	-0.03122
-5.981999e-07	-0.02636
-5.961999e-07	-0.02798
-5.941999e-07	-0.02906
-5.921999e-07	-0.0296
-5.901999e-07	-0.0296
-5.881999e-07	-0.02906
-5.861999e-07	-0.02852
-5.841999e-07	-0.03068
-5.821999e-07	-0.02744
-5.801999e-07	-0.03014
-5.781999e-07	-0.03014
-5.761999e-07	-0.03176
-5.741999e-07	-0.0296
-5.721999e-07	-0.02852
-5.701999e-07	-0.02744
-5.681999e-07	-0.0296
-5.661999e-07	-0.03122
-5.641999e-07	-0.0296
-5.621999e-07	-0.02852
-5.601999e-07	-0.03122
-5.581999e-07	-0.02636
-5.561999e-07	-0.0269
-5.541999e-07	-0.02852
-5.521999e-07	-0.02852
-5.501999e-07	-0.02906
-5.481999e-07	-0.02474
-5.461999e-07	-0.02744
-5.441999e-07	-0.0296
-5.421999e-07	-0.02528
-5.401999e-07	-0.02852
-5.381999e-07	-0.02636
-5.361999e-07	-0.02528
-5.341999e-07	-0.0269
-5.321999e-07	-0.02744
-5.301999e-07	-0.02744
-5.281999e-07	-0.02582
-5.261999e-07	-0.02798
-5.241999e-07	-0.02528
-5.221999e-07	-0.02852
-5.201999e-07	-0.0269
-5.181999e-07	-0.02528
-5.161999e-07	-0.0269
-5.141999e-07	-0.02474
-5.121999e-07	-0.02474
-5.101999e-07	-0.02798
-5.081999e-07	-0.0269
-5.061999e-07	-0.02474
-5.041999e-07	-0.02474
-5.021999e-07	-0.02636
-5.001999e-07	-0.02528
-4.981999e-07	-0.02582
-4.961999e-07	-0.02852
-4.941999e-07	-0.03014
-4.921999e-07	-0.02906
-4.901999e-07	-0.02744
-4.881999e-07	-0.02798
-4.861999e-07	-0.02852
-4.841999e-07	-0.02582
-4.821999e-07	-0.02744
-4.801999e-07	-0.03014
-4.781999e-07	-0.0323
-4.761999e-07	-0.02582
-4.741999e-07	-0.02474
-4.721999e-07	-0.02636
-4.701999e-07	-0.03122
-4.681999e-07	-0.0269
-4.661999e-07	-0.02798
-4.641999e-07	-0.0269
-4.621999e-07	-0.02906
-4.601999e-07	-0.02852
-4.581999e-07	-0.02744
-4.561999e-07	-0.02474
-4.541999e-07	-0.02852
-4.521999e-07	-0.02798
-4.501999e-07	-0.03068
-4.481999e-07	-0.02852
-4.461999e-07	-0.0296
-4.441999e-07	-0.0296
-4.421999e-07	-0.0296
-4.401999e-07	-0.02744
-4.381999e-07	-0.02798
-4.361999e-07	-0.03068
-4.341999e-07	-0.02798
-4.321999e-07	-0.02744
-4.301999e-07	-0.02906
-4.281999e-07	-0.02906
-4.261999e-07	-0.02744
-4.241999e-07	-0.02636
-4.221999e-07	-0.02528
-4.201999e-07	-0.0242
-4.181999e-07	-0.02582
-4.161999e-07	-0.0296
-4.141999e-07	-0.02798
-4.121999e-07	-0.02366
-4.101999e-07	-0.02636
-4.081999e-07	-0.02474
-4.061999e-07	-0.0296
-4.041999e-07	-0.02906
-4.021999e-07	-0.0269
-4.001999e-07	-0.02798
-3.981999e-07	-0.03014
-3.961999e-07	-0.0296
-3.941999e-07	-0.02852
-3.921999e-07	-0.02744
-3.901999e-07	-0.02906
-3.881999e-07	-0.03014
-3.861999e-07	-0.02744
-3.841999e-07	-0.02582
-3.821999e-07	-0.02744
-3.801999e-07	-0.03068
-3.781999e-07	-0.03014
-3.761999e-07	-0.0296
-3.741999e-07	-0.03122
-3.721999e-07	-0.0269
-3.701999e-07	-0.02798
-3.681999e-07	-0.03014
-3.661999e-07	-0.03014
-3.641999e-07	-0.0296
-3.621999e-07	-0.0296
-3.601999e-07	-0.0296
-3.581999e-07	-0.0296
-3.561999e-07	-0.02636
-3.541999e-07	-0.0269
-3.521999e-07	-0.03122
-3.501999e-07	-0.03068
-3.481999e-07	-0.03014
-3.461999e-07	-0.0296
-3.441999e-07	-0.03014
-3.421999e-07	-0.03068
-3.401999e-07	-0.02636
-3.381999e-07	-0.0296
-3.361999e-07	-0.03122
-3.341999e-07	-0.02906
-3.321999e-07	-0.02852
-3.301999e-07	-0.02474
-3.281999e-07	-0.02636
-3.261999e-07	-0.02582
-3.241999e-07	-0.02474
-3.221999e-07	-0.02582
-3.201999e-07	-0.02474
-3.181999e-07	-0.02528
-3.161999e-07	-0.0242
-3.141999e-07	-0.02636
-3.121999e-07	-0.02528
-3.101999e-07	-0.0242
-3.081999e-07	-0.02258
-3.061999e-07	-0.02312
-3.041999e-07	-0.02636
-3.021999e-07	-0.02366
-3.001999e-07	-0.02528
-2.981999e-07	-0.0269
-2.961999e-07	-0.0242
-2.941999e-07	-0.02582
-2.921999e-07	-0.02636
-2.901999e-07	-0.02582
-2.881999e-07	-0.02474
-2.861999e-07	-0.0242
-2.841999e-07	-0.02366
-2.821999e-07	-0.02636
-2.801999e-07	-0.02528
-2.781999e-07	-0.02366
-2.761999e-07	-0.02258
-2.741999e-07	-0.0242
-2.721999e-07	-0.0296
-2.701999e-07	-0.02636
-2.681999e-07	-0.02744
-2.661999e-07	-0.02636
-2.641999e-07	-0.02366
-2.621999e-07	-0.0242
-2.601999e-07	-0.02312
-2.581999e-07	-0.02258
-2.561999e-07	-0.02474
-2.541999e-07	-0.02474
-2.521999e-07	-0.02312
-2.501999e-07	-0.0242
-2.481999e-07	-0.0215
-2.461999e-07	-0.02312
-2.441999e-07	-0.0215
-2.421999e-07	-0.02312
-2.401999e-07	-0.02366
-2.381999e-07	-0.02258
-2.361999e-07	-0.02204
-2.341999e-07	-0.02366
-2.321999e-07	-0.02204
-2.301999e-07	-0.0215
-2.281999e-07	-0.02042
-2.261999e-07	-0.02312
-2.241999e-07	-0.01934
-2.221999e-07	-0.02366
-2.201999e-07	-0.02258
-2.181999e-07	-0.02258
-2.161999e-07	-0.0215
-2.141999e-07	-0.02582
-2.121999e-07	-0.02312
-2.101999e-07	-0.02474
-2.081999e-07	-0.0215
-2.061999e-07	-0.02312
-2.041999e-07	-0.02312
-2.021999e-07	-0.02582
-2.001999e-07	-0.02366
-1.981999e-07	-0.02528
-1.961999e-07	-0.02366
-1.941999e-07	-0.02366
-1.921999e-07	-0.02528
-1.901999e-07	-0.02636
-1.881999e-07	-0.02474
-1.861999e-07	-0.02636
-1.841999e-07	-0.02474
-1.821999e-07	-0.0242
-1.801999e-07	-0.0242
-1.781999e-07	-0.0242
-1.761999e-07	-0.02474
-1.741999e-07	-0.02582
-1.721999e-07	-0.02474
-1.701999e-07	-0.02636
-1.681999e-07	-0.02366
-1.661999e-07	-0.02744
-1.641999e-07	-0.02312
-1.621999e-07	-0.02366
-1.601999e-07	-0.02366
-1.581999e-07	-0.0242
-1.561999e-07	-0.02636
-1.541999e-07	-0.02474
-1.521999e-07	-0.02744
-1.501999e-07	-0.02636
-1.481999e-07	-0.02366
-1.461999e-07	-0.02582
-1.441999e-07	-0.02366
-1.421999e-07	-0.02312
-1.401999e-07	-0.02312
-1.381999e-07	-0.0242
-1.361999e-07	-0.0215
-1.341999e-07	-0.02474
-1.321999e-07	-0.02582
-1.301999e-07	-0.02744
-1.281999e-07	-0.02258
-1.261999e-07	-0.02582
-1.241999e-07	-0.02258
-1.221999e-07	-0.0269
-1.201999e-07	-0.02312
-1.181999e-07	-0.02636
-1.161999e-07	-0.02528
-1.141999e-07	-0.02582
-1.121999e-07	-0.02474
-1.101999e-07	-0.02582
-1.081999e-07	-0.02258
-1.061999e-07	-0.02744
-1.041999e-07	-0.02474
-1.021999e-07	-0.02582
-1.001999e-07	-0.02204
-9.819991e-08	-0.0242
-9.619991e-08	-0.02528
-9.419991e-08	-0.0269
-9.219991e-08	-0.02582
-9.019991e-08	-0.02528
-8.819991e-08	-0.02582
-8.619991e-08	-0.02474
-8.419991e-08	-0.02744
-8.219991e-08	-0.02528
-8.019991e-08	-0.02528
-7.819991e-08	-0.02852
-7.619991e-08	-0.02636
-7.419991e-08	-0.02474
-7.219991e-08	-0.02474
-7.019991e-08	-0.02366
-6.819991e-08	-0.0215
-6.619991e-08	-0.0242
-6.419991e-08	-0.02204
-6.219991e-08	-0.0269
-6.019991e-08	-0.02204
-5.819991e-08	-0.02474
-5.619991e-08	-0.02312
-5.419991e-08	-0.02096
-5.219991e-08	-0.02258
-5.019991e-08	-0.02366
-4.819991e-08	-0.01988
-4.619991e-08	-0.02312
-4.419991e-08	-0.02204
-4.219991e-08	-0.02582
-4.019991e-08	-0.02312
-3.819991e-08	-0.0242
-3.619991e-08	-0.0242
-3.419991e-08	-0.02582
-3.219991e-08	-0.02312
-3.019991e-08	-0.02258
-2.819991e-08	-0.0242
-2.619991e-08	-0.02258
-2.419991e-08	-0.02366
-2.219991e-08	-0.0242
-2.019991e-08	-0.02258
-1.819991e-08	-0.02258
-1.619991e-08	-0.0215
-1.419991e-08	-0.02474
-1.219991e-08	-0.02474
-1.019991e-08	-0.02204
-8.199914e-09	-0.02258
-6.199914e-09	-0.02474
-4.199914e-09	-0.02312
-2.199914e-09	-0.02366
-1.999139e-10	-0.02258
1.800086e-09	-0.02366
3.800086e-09	-0.0215
5.800086e-09	-0.02096
7.800086e-09	-0.02258
9.800086e-09	-0.02312
1.180009e-08	-0.02312
1.380009e-08	-0.0242
1.580009e-08	-0.02096
1.780009e-08	-0.02528
1.980009e-08	-0.02474
2.180009e-08	-0.02204
2.380009e-08	-0.02366
2.580009e-08	-0.02096
2.780009e-08	-0.0242
2.980009e-08	-0.0269
3.180009e-08	-0.02474
3.380009e-08	-0.02528
3.580009e-08	-0.02636
3.780009e-08	-0.02528
3.980009e-08	-0.02528
4.180009e-08	-0.02366
4.380009e-08	-0.02528
4.580009e-08	-0.02528
4.780009e-08	-0.02366
4.980009e-08	-0.0269
5.180009e-08	-0.02744
5.380009e-08	-0.02636
5.580009e-08	-0.0269
5.780009e-08	-0.02744
5.980009e-08	-0.0269
6.180009e-08	-0.0269
6.380009e-08	-0.02528
6.580009e-08	-0.02474
6.780009e-08	-0.02582
6.980009e-08	-0.02744
7.180009e-08	-0.02852
7.380009e-08	-0.02852
7.580009e-08	-0.02852
7.780009e-08	-0.03122
7.980009e-08	-0.0296
8.180009e-08	-0.02798
8.380009e-08	-0.03122
8.580009e-08	-0.03122
8.780009e-08	-0.03122
8.980009e-08	-0.02906
9.180009e-08	-0.0269
9.380009e-08	-0.02798
9.580009e-08	-0.02798
9.780009e-08	-0.02852
9.980009e-08	-0.02744
1.018001e-07	-0.03014
1.038001e-07	-0.03014
1.058001e-07	-0.03068
1.078001e-07	-0.03014
1.098001e-07	-0.02852
1.118001e-07	-0.0296
1.138001e-07	-0.02906
1.158001e-07	-0.02798
1.178001e-07	-0.02852
1.198001e-07	-0.03068
1.218001e-07	-0.02744
1.238001e-07	-0.02636
1.258001e-07	-0.02906
1.278001e-07	-0.03014
1.298001e-07	-0.02798
1.318001e-07	-0.01772
1.338001e-07	-0.00908
1.358001e-07	0.01576
1.378001e-07	0.04546
1.398001e-07	0.09406
1.418001e-07	0.15616
1.438001e-07	0.22528
1.458001e-07	0.29332
1.478001e-07	0.37
1.498001e-07	0.43534
1.518001e-07	0.50392
1.538001e-07	0.56926
1.558001e-07	0.62974
1.578001e-07	0.68428
1.598001e-07	0.73504
1.618001e-07	0.7777
1.638001e-07	0.81982
1.658001e-07	0.85114
1.678001e-07	0.88732
1.698001e-07	0.91216
1.718001e-07	0.937
1.738001e-07	0.95482
1.758001e-07	0.9721
1.778001e-07	0.98398
1.798001e-07	0.99478
1.818001e-07	1.00018
1.838001e-07	1.0072
1.858001e-07	1.00882
1.878001e-07	1.00396
1.898001e-07	1.0018
1.918001e-07	1.00288
1.938001e-07	0.99424
1.958001e-07	0.98776
1.978001e-07	0.97912
1.998001e-07	0.96832
2.018001e-07	0.9586
2.038001e-07	0.95212
2.058001e-07	0.93592
2.078001e-07	0.92674
2.098001e-07	0.91054
2.118001e-07	0.89812
2.138001e-07	0.8803
2.158001e-07	0.86896
2.178001e-07	0.85168
2.198001e-07	0.84034
2.218001e-07	0.82252
2.238001e-07	0.80794
2.258001e-07	0.79228
2.278001e-07	0.77716
2.298001e-07	0.76366
2.318001e-07	0.74692
2.338001e-07	0.73072
2.358001e-07	0.71614
2.378001e-07	0.7021
2.398001e-07	0.68698
2.418001e-07	0.67024
2.438001e-07	0.65512
2.458001e-07	0.64054
2.478001e-07	0.62758
2.498001e-07	0.61354
2.518001e-07	0.59896
2.538001e-07	0.58276
2.558001e-07	0.57412
2.578001e-07	0.55468
2.598001e-07	0.54496
2.618001e-07	0.53092
2.638001e-07	0.51958
2.658001e-07	0.50662
2.678001e-07	0.49312
2.698001e-07	0.47962
2.718001e-07	0.47098
2.738001e-07	0.45694
2.758001e-07	0.44398
2.778001e-07	0.43264
2.798001e-07	0.42346
2.818001e-07	0.40834
2.838001e-07	0.40078
2.858001e-07	0.39268
2.878001e-07	0.38242
2.898001e-07	0.36892
2.918001e-07	0.3619
2.938001e-07	0.35002
2.958001e-07	0.34678
2.978001e-07	0.33004
2.998001e-07	0.3268
3.018001e-07	0.316
3.038001e-07	0.3106
3.058001e-07	0.30088
3.078001e-07	0.29386
3.098001e-07	0.28468
3.118001e-07	0.27928
3.138001e-07	0.26902
3.158001e-07	0.26362
3.178001e-07	0.25606
3.198001e-07	0.25174
3.218001e-07	0.23986
3.238001e-07	0.23662
3.258001e-07	0.2323
3.278001e-07	0.22852
3.298001e-07	0.21772
3.318001e-07	0.21394
3.338001e-07	0.20584
3.358001e-07	0.20152
3.378001e-07	0.19342
3.398001e-07	0.19018
3.418001e-07	0.18532
3.438001e-07	0.17884
3.458001e-07	0.1729
3.478001e-07	0.1702
3.498001e-07	0.16642
3.518001e-07	0.16048
3.538001e-07	0.154
3.558001e-07	0.15346
3.578001e-07	0.14806
3.598001e-07	0.14374
3.618001e-07	0.14212
3.638001e-07	0.1351
3.658001e-07	0.13078
3.678001e-07	0.13078
3.698001e-07	0.12376
3.718001e-07	0.12214
3.738001e-07	0.11836
3.758001e-07	0.11674
3.778001e-07	0.11026
3.798001e-07	0.10702
3.818001e-07	0.10648
3.838001e-07	0.10756
3.858001e-07	0.10108
3.878001e-07	0.09892
3.898001e-07	0.09352
3.918001e-07	0.09568
3.938001e-07	0.09244
3.958001e-07	0.08812
3.978001e-07	0.08326
3.998001e-07	0.0811
4.018001e-07	0.07894
4.038001e-07	0.07948
4.058001e-07	0.07408
4.078001e-07	0.07246
4.098001e-07	0.07138
4.118001e-07	0.06868
4.138001e-07	0.06868
4.158001e-07	0.06544
4.178001e-07	0.0622
4.198001e-07	0.06328
4.218001e-07	0.06058
4.238001e-07	0.05842
4.258001e-07	0.05032
4.278001e-07	0.0541
4.298001e-07	0.05356
4.318001e-07	0.05356
4.338001e-07	0.046
4.358001e-07	0.0487
4.378001e-07	0.046
4.398001e-07	0.0433
4.418001e-07	0.04114
4.438001e-07	0.04276
4.458001e-07	0.04222
4.478001e-07	0.04006
4.498001e-07	0.03574
4.518001e-07	0.03736
4.538001e-07	0.03088
4.558001e-07	0.03628
4.578001e-07	0.02926
4.598001e-07	0.03088
4.618001e-07	0.0298
4.638001e-07	0.0271
4.658001e-07	0.02386
4.678001e-07	0.02602
4.698001e-07	0.02494
4.718001e-07	0.02548
4.738001e-07	0.02386
4.758001e-07	0.02116
4.778001e-07	0.01954
4.798001e-07	0.02116
4.818001e-07	0.01846
4.838001e-07	0.02008
4.858001e-07	0.01738
4.878001e-07	0.01792
4.898001e-07	0.01414
4.918001e-07	0.01468
4.938001e-07	0.01576
4.958001e-07	0.01522
4.978001e-07	0.00982
4.998001e-07	0.01198
5.018001e-07	0.01036
5.038001e-07	0.01198
5.058001e-07	0.00712
5.078001e-07	0.00658
5.098001e-07	0.00874
5.118001e-07	0.00766
5.138001e-07	0.0055
5.158001e-07	0.0055
5.178001e-07	0.00604
5.198001e-07	0.00766
5.218001e-07	0.00172
5.238001e-07	0.00658
5.258001e-07	0.00064
5.278001e-07	0.00442
5.298001e-07	0.00388
5.318001e-07	-0.00044
5.338001e-07	-0.00044
5.358001e-07	0.00118
5.378001e-07	0.00064
5.398001e-07	0.00172
5.418001e-07	-0.00098
5.438001e-07	-0.00314
5.458001e-07	-0.00746
5.478001e-07	-0.00422
5.498001e-07	-0.00584
5.518001e-07	0.0001
5.538001e-07	-0.00314
5.558001e-07	-0.00692
5.578001e-07	-0.00854
5.598001e-07	-0.00584
5.618001e-07	-0.00854
5.638001e-07	-0.00854
5.658001e-07	-0.00962
5.678001e-07	-0.00908
5.698001e-07	-0.00962
5.718001e-07	-0.01016
5.738001e-07	-0.01124
5.758001e-07	-0.00854
5.778001e-07	-0.01124
5.798001e-07	-0.01394
5.818001e-07	-0.01556
5.838001e-07	-0.01286
5.858001e-07	-0.01664
5.878001e-07	-0.01448
5.898001e-07	-0.01502
5.918001e-07	-0.0134
5.938001e-07	-0.01772
5.958001e-07	-0.0161
5.978001e-07	-0.0161
5.998001e-07	-0.01664
6.018001e-07	-0.01826
6.038001e-07	-0.01718
6.058001e-07	-0.01826
6.078001e-07	-0.01934
6.098001e-07	-0.0215
6.118001e-07	-0.0188
6.138001e-07	-0.01826
6.158001e-07	-0.01772
6.178001e-07	-0.02096
6.198001e-07	-0.0188
6.218001e-07	-0.0215
6.238001e-07	-0.02204
6.258001e-07	-0.01988
6.278001e-07	-0.01934
6.298001e-07	-0.02258
6.318001e-07	-0.02258
6.338001e-07	-0.02312
6.358001e-07	-0.02258
6.378001e-07	-0.02042
6.398001e-07	-0.02204
6.418001e-07	-0.02474
6.438001e-07	-0.01988
6.458001e-07	-0.02096
6.478001e-07	-0.02258
6.498001e-07	-0.02528
6.518001e-07	-0.0188
6.538001e-07	-0.02312
6.558001e-07	-0.0215
6.578001e-07	-0.02258
6.598001e-07	-0.02366
6.618001e-07	-0.02366
6.638001e-07	-0.02258
6.658001e-07	-0.02582
6.678001e-07	-0.0215
6.698001e-07	-0.02258
6.718001e-07	-0.02204
6.738001e-07	-0.02204
6.758001e-07	-0.02366
6.778001e-07	-0.0215
6.798001e-07	-0.02204
6.818001e-07	-0.02258
6.838001e-07	-0.02204
6.858001e-07	-0.02636
6.878001e-07	-0.0215
6.898001e-07	-0.02528
6.918001e-07	-0.01988
6.938001e-07	-0.02528
6.958001e-07	-0.02312
6.978001e-07	-0.02636
6.998001e-07	-0.02312
7.018001e-07	-0.02582
7.038001e-07	-0.02636
7.058001e-07	-0.0242
7.078001e-07	-0.02312
7.098001e-07	-0.0269
7.118001e-07	-0.02582
7.138001e-07	-0.02636
7.158001e-07	-0.02474
7.178001e-07	-0.02636
7.198001e-07	-0.0242
7.218001e-07	-0.02582
7.238001e-07	-0.02636
7.258001e-07	-0.02798
7.278001e-07	-0.02474
7.298001e-07	-0.02906
7.318001e-07	-0.02366
7.338001e-07	-0.02852
7.358001e-07	-0.02744
7.378001e-07	-0.02744
7.398001e-07	-0.02528
7.418001e-07	-0.02312
7.438001e-07	-0.02528
7.458001e-07	-0.0296
7.478001e-07	-0.02582
7.498001e-07	-0.02636
7.518001e-07	-0.0242
7.538001e-07	-0.02636
7.558001e-07	-0.02636
7.578001e-07	-0.02744
7.598001e-07	-0.0242
7.618001e-07	-0.02636
7.638001e-07	-0.0269
7.658001e-07	-0.0269
7.678001e-07	-0.02366
7.698001e-07	-0.02636
7.718001e-07	-0.0242
7.738001e-07	-0.0269
7.758001e-07	-0.02636
7.778001e-07	-0.02582
7.798001e-07	-0.02474
7.818001e-07	-0.02582
7.838001e-07	-0.02636
7.858001e-07	-0.02744
7.878001e-07	-0.0242
7.898001e-07	-0.02636
7.918001e-07	-0.02528
7.938001e-07	-0.02852
7.958001e-07	-0.02582
7.978001e-07	-0.02636
7.998001e-07	-0.02906
8.018001e-07	-0.0296
8.038001e-07	-0.02852
8.058001e-07	-0.0269
8.078001e-07	-0.03068
8.098001e-07	-0.0296
8.118001e-07	-0.03122
8.138001e-07	-0.02852
8.158001e-07	-0.02636
8.178001e-07	-0.02906
8.198001e-07	-0.02582
8.218001e-07	-0.03014
8.238001e-07	-0.02798
8.258001e-07	-0.03014
8.278001e-07	-0.02528
8.298001e-07	-0.02852
8.318001e-07	-0.0242
8.338001e-07	-0.02906
8.358001e-07	-0.02582
8.378001e-07	-0.02582
8.398001e-07	-0.02528
8.418001e-07	-0.02744
8.438001e-07	-0.02852
8.458001e-07	-0.02474
8.478001e-07	-0.0242
8.498001e-07	-0.02474
8.518001e-07	-0.0242
8.538001e-07	-0.02582
8.558001e-07	-0.02744
8.578001e-07	-0.02474
8.598001e-07	-0.02636
8.618001e-07	-0.02528
8.638001e-07	-0.0242
8.658001e-07	-0.02636
8.678001e-07	-0.0242
8.698001e-07	-0.02636
8.718001e-07	-0.02906
8.738001e-07	-0.02636
8.758001e-07	-0.02366
8.778001e-07	-0.02312
8.798001e-07	-0.02474
8.818001e-07	-0.02798
8.838001e-07	-0.0296
8.858001e-07	-0.02366
8.878001e-07	-0.02744
8.898001e-07	-0.0269
8.918001e-07	-0.02312
8.938001e-07	-0.02528
8.958001e-07	-0.02582
8.978001e-07	-0.02474
8.998001e-07	-0.02474
9.018001e-07	-0.03014
9.038001e-07	-0.03014
9.058001e-07	-0.03014
9.078001e-07	-0.0242
9.098001e-07	-0.02798
9.118001e-07	-0.02852
9.138001e-07	-0.03014
9.158001e-07	-0.0269
9.178001e-07	-0.02744
9.198001e-07	-0.02798
9.218001e-07	-0.02798
9.238001e-07	-0.0269
9.258001e-07	-0.0269
9.278001e-07	-0.02906
9.298001e-07	-0.02906
9.318001e-07	-0.02582
9.338001e-07	-0.02636
9.358001e-07	-0.02474
9.378001e-07	-0.02582
9.398001e-07	-0.03176
9.418001e-07	-0.02852
9.438001e-07	-0.03122
9.458001e-07	-0.02744
9.478001e-07	-0.02852
9.498001e-07	-0.02852
9.518001e-07	-0.02852
9.538001e-07	-0.02744
9.558001e-07	-0.02798
9.578001e-07	-0.02636
9.598001e-07	-0.02906
9.618001e-07	-0.0296
9.638001e-07	-0.03014
9.658001e-07	-0.03068
9.678001e-07	-0.03014
9.698001e-07	-0.03014
9.718001e-07	-0.03014
9.738001e-07	-0.0296
9.758001e-07	-0.03014
9.778001e-07	-0.03176
9.798001e-07	-0.02906
9.818001e-07	-0.0323
9.838001e-07	-0.02906
9.858001e-07	-0.03122
9.878001e-07	-0.03284
9.898001e-07	-0.0323
9.918001e-07	-0.03284
9.938001e-07	-0.03068
9.958001e-07	-0.03338
9.978001e-07	-0.03176
9.998001e-07	-0.03176
1.0018e-06	-0.0323
1.0038e-06	-0.0296
1.0058e-06	-0.03284
1.0078e-06	-0.03068
1.0098e-06	-0.0296
1.0118e-06	-0.03014
1.0138e-06	-0.03014
1.0158e-06	-0.03554
1.0178e-06	-0.03068
1.0198e-06	-0.03176
1.0218e-06	-0.0296
1.0238e-06	-0.0323
1.0258e-06	-0.02906
1.0278e-06	-0.02798
1.0298e-06	-0.03014
1.0318e-06	-0.03122
1.0338e-06	-0.03068
1.0358e-06	-0.02744
1.0378e-06	-0.02798
1.0398e-06	-0.0296
1.0418e-06	-0.0269
1.0438e-06	-0.03068
1.0458e-06	-0.02744
1.0478e-06	-0.02906
1.0498e-06	-0.03068
1.0518e-06	-0.0269
1.0538e-06	-0.02744
1.0558e-06	-0.0296
1.0578e-06	-0.02528
1.0598e-06	-0.02906
1.0618e-06	-0.02744
1.0638e-06	-0.03068
1.0658e-06	-0.0269
1.0678e-06	-0.03068
1.0698e-06	-0.03068
1.0718e-06	-0.02852
1.0738e-06	-0.02852
1.0758e-06	-0.03014
1.0778e-06	-0.0296
1.0798e-06	-0.02852
1.0818e-06	-0.02906
1.0838e-06	-0.02744
1.0858e-06	-0.02798
1.0878e-06	-0.02528
1.0898e-06	-0.02906
1.0918e-06	-0.0269
1.0938e-06	-0.0296
1.0958e-06	-0.03014
1.0978e-06	-0.02744
1.0998e-06	-0.0269
1.1018e-06	-0.02798
1.1038e-06	-0.03176
1.1058e-06	-0.02852
1.1078e-06	-0.0296
1.1098e-06	-0.0296
1.1118e-06	-0.02798
1.1138e-06	-0.02798
1.1158e-06	-0.02528
1.1178e-06	-0.02744
1.1198e-06	-0.0323
1.1218e-06	-0.03176
1.1238e-06	-0.02636
1.1258e-06	-0.02474
1.1278e-06	-0.02852
1.1298e-06	-0.02528
1.1318e-06	-0.02528
1.1338e-06	-0.02744
1.1358e-06	-0.02744
1.1378e-06	-0.02582
1.1398e-06	-0.02528
1.1418e-06	-0.0269
1.1438e-06	-0.02474
1.1458e-06	-0.02582
1.1478e-06	-0.02366
1.1498e-06	-0.02798
1.1518e-06	-0.02744
1.1538e-06	-0.0269
1.1558e-06	-0.0242
1.1578e-06	-0.02582
1.1598e-06	-0.02636
1.1618e-06	-0.02636
1.1638e-06	-0.0269
1.1658e-06	-0.02636
1.1678e-06	-0.02636
1.1698e-06	-0.0269
1.1718e-06	-0.02582
1.1738e-06	-0.0296
1.1758e-06	-0.02474
1.1778e-06	-0.0269
1.1798e-06	-0.02744
1.1818e-06	-0.02636
1.1838e-06	-0.0296
1.1858e-06	-0.02798
1.1878e-06	-0.02852
1.1898e-06	-0.02906
1.1918e-06	-0.02852
1.1938e-06	-0.02906
1.1958e-06	-0.02582
1.1978e-06	-0.0242
1.1998e-06	-0.02798
1.2018e-06	-0.02582
1.2038e-06	-0.02312
1.2058e-06	-0.02474
1.2078e-06	-0.02906
1.2098e-06	-0.02474
1.2118e-06	-0.02582
1.2138e-06	-0.02528
1.2158e-06	-0.0269
1.2178e-06	-0.02582
1.2198e-06	-0.02798
1.2218e-06	-0.02636
1.2238e-06	-0.02852
1.2258e-06	-0.02582
1.2278e-06	-0.02366
1.2298e-06	-0.0269
1.2318e-06	-0.02528
1.2338e-06	-0.02636
1.2358e-06	-0.02258
1.2378e-06	-0.0269
1.2398e-06	-0.02582
1.2418e-06	-0.0269
1.2438e-06	-0.02906
1.2458e-06	-0.02258
1.2478e-06	-0.0242
1.2498e-06	-0.02366
1.2518e-06	-0.02528
1.2538e-06	-0.02474
1.2558e-06	-0.0242
1.2578e-06	-0.02366
1.2598e-06	-0.0242
1.2618e-06	-0.02096
1.2638e-06	-0.02258
1.2658e-06	-0.02636
1.2678e-06	-0.02474
1.2698e-06	-0.02312
1.2718e-06	-0.0215
1.2738e-06	-0.02798
1.2758e-06	-0.0242
1.2778e-06	-0.0269
1.2798e-06	-0.02528
1.2818e-06	-0.02582
1.2838e-06	-0.0242
1.2858e-06	-0.02744
1.2878e-06	-0.02528
1.2898e-06	-0.0242
1.2918e-06	-0.02474
1.2938e-06	-0.02366
1.2958e-06	-0.02366
1.2978e-06	-0.0269
1.2998e-06	-0.02258
1.3018e-06	-0.02366
1.3038e-06	-0.02528
1.3058e-06	-0.0269
1.3078e-06	-0.02636
1.3098e-06	-0.02636
1.3118e-06	-0.0242
1.3138e-06	-0.02582
1.3158e-06	-0.02582
1.3178e-06	-0.02582
1.3198e-06	-0.02528
1.3218e-06	-0.02798
1.3238e-06	-0.02636
1.3258e-06	-0.02798
1.3278e-06	-0.02636
1.3298e-06	-0.0296
1.3318e-06	-0.02744
1.3338e-06	-0.02798
1.3358e-06	-0.02474
1.3378e-06	-0.02636
1.3398e-06	-0.02582
1.3418e-06	-0.02636
1.3438e-06	-0.02798
1.3458e-06	-0.02582
1.3478e-06	-0.02636
1.3498e-06	-0.02582
1.3518e-06	-0.02636
1.3538e-06	-0.02636
1.3558e-06	-0.02636
1.3578e-06	-0.0269
1.3598e-06	-0.03122
1.3618e-06	-0.0296
1.3638e-06	-0.0269
1.3658e-06	-0.02636
1.3678e-06	-0.02582
1.3698e-06	-0.02798
1.3718e-06	-0.0296
1.3738e-06	-0.02906
1.3758e-06	-0.0296
1.3778e-06	-0.0296
1.3798e-06	-0.03014
1.3818e-06	-0.02744
1.3838e-06	-0.0323
1.3858e-06	-0.03068
1.3878e-06	-0.03014
1.3898e-06	-0.02744
1.3918e-06	-0.03014
1.3938e-06	-0.0323
1.3958e-06	-0.0296
1.3978e-06	-0.03068
1.3998e-06	-0.03122
1.4018e-06	-0.0269
1.4038e-06	-0.02852
1.4058e-06	-0.03014
1.4078e-06	-0.03176
1.4098e-06	-0.03122
1.4118e-06	-0.02744
1.4138e-06	-0.02906
1.4158e-06	-0.0323
1.4178e-06	-0.02906
1.4198e-06	-0.03068
1.4218e-06	-0.03176
1.4238e-06	-0.03176
1.4258e-06	-0.03176
1.4278e-06	-0.03122
1.4298e-06	-0.0296
1.4318e-06	-0.03284
1.4338e-06	-0.02906
1.4358e-06	-0.02852
1.4378e-06	-0.03176
1.4398e-06	-0.03014
1.4418e-06	-0.03122
1.4438e-06	-0.02636
1.4458e-06	-0.02852
1.4478e-06	-0.03068
1.4498e-06	-0.03176
1.4518e-06	-0.02906
1.4538e-06	-0.02852
1.4558e-06	-0.03014
1.4578e-06	-0.02744
1.4598e-06	-0.02636
1.4618e-06	-0.02906
1.4638e-06	-0.02636
1.4658e-06	-0.03068
1.4678e-06	-0.02906
1.4698e-06	-0.02582
1.4718e-06	-0.02852
1.4738e-06	-0.02798
1.4758e-06	-0.02366
1.4778e-06	-0.0296
1.4798e-06	-0.02474
1.4818e-06	-0.0269
1.4838e-06	-0.02582
1.4858e-06	-0.0242
1.4878e-06	-0.0269
1.4898e-06	-0.02744
1.4918e-06	-0.0242
1.4938e-06	-0.0242
1.4958e-06	-0.02312
1.4978e-06	-0.02528
1.4998e-06	-0.02528
1.5018e-06	-0.02582
1.5038e-06	-0.02204
1.5058e-06	-0.02582
1.5078e-06	-0.02366
1.5098e-06	-0.02528
1.5118e-06	-0.02582
1.5138e-06	-0.02528
1.5158e-06	-0.02366
1.5178e-06	-0.0242
1.5198e-06	-0.02528
1.5218e-06	-0.0242
1.5238e-06	-0.0269
1.5258e-06	-0.02474
1.5278e-06	-0.02042
1.5298e-06	-0.02204
1.5318e-06	-0.02204
1.5338e-06	-0.0242
1.5358e-06	-0.02258
1.5378e-06	-0.02582
1.5398e-06	-0.02258
1.5418e-06	-0.02474
1.5438e-06	-0.02366
1.5458e-06	-0.02474
1.5478e-06	-0.02258
1.5498e-06	-0.01988
1.5518e-06	-0.02366
1.5538e-06	-0.02798
1.5558e-06	-0.02258
1.5578e-06	-0.02312
1.5598e-06	-0.02312
1.5618e-06	-0.02042
1.5638e-06	-0.0215
1.5658e-06	-0.02204
1.5678e-06	-0.02258
1.5698e-06	-0.02312
1.5718e-06	-0.02258
1.5738e-06	-0.0242
1.5758e-06	-0.02312
1.5778e-06	-0.0242
1.5798e-06	-0.02204
1.5818e-06	-0.02366
1.5838e-06	-0.02042
1.5858e-06	-0.02366
1.5878e-06	-0.02204
1.5898e-06	-0.02312
1.5918e-06	-0.02366
1.5938e-06	-0.02582
1.5958e-06	-0.0242
1.5978e-06	-0.0242
1.5998e-06	-0.02528
1.6018e-06	-0.02582
1.6038e-06	-0.02204
1.6058e-06	-0.02258
1.6078e-06	-0.02096
1.6098e-06	-0.02474
1.6118e-06	-0.0242
1.6138e-06	-0.02474
1.6158e-06	-0.02528
1.6178e-06	-0.02528
1.6198e-06	-0.0242
1.6218e-06	-0.02582
1.6238e-06	-0.0269
1.6258e-06	-0.02528
1.6278e-06	-0.0269
1.6298e-06	-0.0269
1.6318e-06	-0.0242
1.6338e-06	-0.02636
1.6358e-06	-0.0242
1.6378e-06	-0.02582
1.6398e-06	-0.02582
1.6418e-06	-0.02852
1.6438e-06	-0.02852
1.6458e-06	-0.02474
1.6478e-06	-0.02744
1.6498e-06	-0.02528
1.6518e-06	-0.02798
1.6538e-06	-0.0269
1.6558e-06	-0.02582
1.6578e-06	-0.02744
1.6598e-06	-0.02528
1.6618e-06	-0.02636
1.6638e-06	-0.02798
1.6658e-06	-0.02582
1.6678e-06	-0.02582
1.6698e-06	-0.0269
1.6718e-06	-0.0269
1.6738e-06	-0.0269
1.6758e-06	-0.02852
1.6778e-06	-0.02582
1.6798e-06	-0.02474
1.6818e-06	-0.02636
1.6838e-06	-0.0242
1.6858e-06	-0.0242
1.6878e-06	-0.02798
1.6898e-06	-0.02744
1.6918e-06	-0.02636
1.6938e-06	-0.02474
1.6958e-06	-0.02474
1.6978e-06	-0.0242
1.6998e-06	-0.0269
1.7018e-06	-0.02582
1.7038e-06	-0.02528
1.7058e-06	-0.0242
1.7078e-06	-0.02582
1.7098e-06	-0.0269
1.7118e-06	-0.02582
1.7138e-06	-0.0269
1.7158e-06	-0.02474
1.7178e-06	-0.0269
1.7198e-06	-0.02636
1.7218e-06	-0.0242
1.7238e-06	-0.02852
1.7258e-06	-0.02582
1.7278e-06	-0.02366
1.7298e-06	-0.02528
1.7318e-06	-0.02528
1.7338e-06	-0.0269
1.7358e-06	-0.02798
1.7378e-06	-0.02852
1.7398e-06	-0.0269
1.7418e-06	-0.02582
1.7438e-06	-0.02852
1.7458e-06	-0.0296
1.7478e-06	-0.02582
1.7498e-06	-0.0269
1.7518e-06	-0.02474
1.7538e-06	-0.0269
1.7558e-06	-0.02798
1.7578e-06	-0.0269
1.7598e-06	-0.02582
1.7618e-06	-0.02366
1.7638e-06	-0.02636
1.7658e-06	-0.02744
1.7678e-06	-0.02852
1.7698e-06	-0.02906
1.7718e-06	-0.0269
1.7738e-06	-0.02636
1.7758e-06	-0.02528
1.7778e-06	-0.02636
1.7798e-06	-0.02636
1.7818e-06	-0.02582
1.7838e-06	-0.02636
1.7858e-06	-0.0269
1.7878e-06	-0.02474
1.7898e-06	-0.02636
1.7918e-06	-0.02474
1.7938e-06	-0.02744
1.7958e-06	-0.0269
1.7978e-06	-0.02636
1.7998e-06	-0.02636
1.8018e-06	-0.0242
1.8038e-06	-0.0215
1.8058e-06	-0.02582
1.8078e-06	-0.02798
1.8098e-06	-0.02798
1.8118e-06	-0.02852
1.8138e-06	-0.02636
1.8158e-06	-0.02744
1.8178e-06	-0.0269
1.8198e-06	-0.0269
1.8218e-06	-0.03014
1.8238e-06	-0.02582
1.8258e-06	-0.02636
1.8278e-06	-0.02906
1.8298e-06	-0.02798
1.8318e-06	-0.02582
1.8338e-06	-0.02744
1.8358e-06	-0.0269
1.8378e-06	-0.02582
1.8398e-06	-0.0269
1.8418e-06	-0.0242
1.8438e-06	-0.02636
1.8458e-06	-0.02582
1.8478e-06	-0.02528
1.8498e-06	-0.0269
1.8518e-06	-0.02528
1.8538e-06	-0.0296
1.8558e-06	-0.02474
1.8578e-06	-0.0269
1.8598e-06	-0.02636
1.8618e-06	-0.02636
1.8638e-06	-0.02636
1.8658e-06	-0.02582
1.8678e-06	-0.02528
1.8698e-06	-0.02636
1.8718e-06	-0.03014
1.8738e-06	-0.02852
1.8758e-06	-0.02528
1.8778e-06	-0.02744
1.8798e-06	-0.02744
1.8818e-06	-0.02906
1.8838e-06	-0.02906
1.8858e-06	-0.03014
1.8878e-06	-0.03068
1.8898e-06	-0.03284
1.8918e-06	-0.03122
1.8938e-06	-0.03068
1.8958e-06	-0.0296
1.8978e-06	-0.03068
1.8998e-06	-0.03122
1.9018e-06	-0.02798
1.9038e-06	-0.02906
1.9058e-06	-0.02852
1.9078e-06	-0.02906
1.9098e-06	-0.03014
1.9118e-06	-0.03122
1.9138e-06	-0.02906
1.9158e-06	-0.0296
1.9178e-06	-0.0296
1.9198e-06	-0.03122
1.9218e-06	-0.03176
1.9238e-06	-0.03284
1.9258e-06	-0.03068
1.9278e-06	-0.03014
1.9298e-06	-0.03176
1.9318e-06	-0.03068
1.9338e-06	-0.02852
1.9358e-06	-0.02852
1.9378e-06	-0.03068
1.9398e-06	-0.02852
1.9418e-06	-0.02636
1.9438e-06	-0.0296
1.9458e-06	-0.02744
1.9478e-06	-0.02582
1.9498e-06	-0.02906
1.9518e-06	-0.02636
1.9538e-06	-0.02852
1.9558e-06	-0.02528
1.9578e-06	-0.02636
1.9598e-06	-0.02636
1.9618e-06	-0.02906
1.9638e-06	-0.0269
1.9658e-06	-0.02582
1.9678e-06	-0.02906
1.9698e-06	-0.02852
1.9718e-06	-0.02798
1.9738e-06	-0.0269
1.9758e-06	-0.0269
1.9778e-06	-0.0269
1.9798e-06	-0.02798
1.9818e-06	-0.02582
1.9838e-06	-0.0269
1.9858e-06	-0.0269
1.9878e-06	-0.02528
1.9898e-06	-0.02528
1.9918e-06	-0.02636
1.9938e-06	-0.02798
1.9958e-06	-0.02582
1.9978e-06	-0.0269
1.9998e-06	-0.02636
2.0018e-06	-0.02582
2.0038e-06	-0.02474
2.0058e-06	-0.02744
2.0078e-06	-0.02582
2.0098e-06	-0.0242
2.0118e-06	-0.0269
2.0138e-06	-0.0269
2.0158e-06	-0.02798
2.0178e-06	-0.02744
2.0198e-06	-0.02852
2.0218e-06	-0.0242
2.0238e-06	-0.02582
2.0258e-06	-0.0269
2.0278e-06	-0.02582
2.0298e-06	-0.02852
2.0318e-06	-0.0296
2.0338e-06	-0.02852
2.0358e-06	-0.02636
2.0378e-06	-0.02582
2.0398e-06	-0.02798
2.0418e-06	-0.0269
2.0438e-06	-0.02474
2.0458e-06	-0.02582
2.0478e-06	-0.02744
2.0498e-06	-0.03176
2.0518e-06	-0.02636
2.0538e-06	-0.02798
2.0558e-06	-0.02582
2.0578e-06	-0.02744
2.0598e-06	-0.02744
2.0618e-06	-0.03176
2.0638e-06	-0.0269
2.0658e-06	-0.0269
2.0678e-06	-0.0269
2.0698e-06	-0.02582
2.0718e-06	-0.02744
2.0738e-06	-0.0296
2.0758e-06	-0.02636
2.0778e-06	-0.0269
2.0798e-06	-0.03014
2.0818e-06	-0.02636
2.0838e-06	-0.02636
2.0858e-06	-0.0296
2.0878e-06	-0.02636
2.0898e-06	-0.03176
2.0918e-06	-0.0269
2.0938e-06	-0.02798
2.0958e-06	-0.03068
2.0978e-06	-0.02798
2.0998e-06	-0.02906
2.1018e-06	-0.02906
2.1038e-06	-0.02744
2.1058e-06	-0.02906
2.1078e-06	-0.02906
2.1098e-06	-0.03284
2.1118e-06	-0.03014
2.1138e-06	-0.03284
2.1158e-06	-0.03176
2.1178e-06	-0.03122
2.1198e-06	-0.03122
2.1218e-06	-0.03122
2.1238e-06	-0.02906
2.1258e-06	-0.03014
2.1278e-06	-0.0323
2.1298e-06	-0.03068
2.1318e-06	-0.02852
2.1338e-06	-0.02744
2.1358e-06	-0.03284
2.1378e-06	-0.03068
2.1398e-06	-0.03338
2.1418e-06	-0.03176
2.1438e-06	-0.03068
2.1458e-06	-0.0323
2.1478e-06	-0.0296
2.1498e-06	-0.02744
2.1518e-06	-0.03014
2.1538e-06	-0.03068
2.1558e-06	-0.0323
2.1578e-06	-0.02906
2.1598e-06	-0.0323
2.1618e-06	-0.03176
2.1638e-06	-0.0323
2.1658e-06	-0.0296
2.1678e-06	-0.03068
2.1698e-06	-0.03284
2.1718e-06	-0.0296
2.1738e-06	-0.03176
2.1758e-06	-0.03176
2.1778e-06	-0.03284
2.1798e-06	-0.03284
2.1818e-06	-0.03068
2.1838e-06	-0.03068
2.1858e-06	-0.03338
2.1878e-06	-0.0323
2.1898e-06	-0.02852
2.1918e-06	-0.02906
2.1938e-06	-0.03068
2.1958e-06	-0.02798
2.1978e-06	-0.0296
2.1998e-06	-0.0296
2.2018e-06	-0.02906
2.2038e-06	-0.03068
2.2058e-06	-0.02798
2.2078e-06	-0.02798
2.2098e-06	-0.03284
2.2118e-06	-0.02798
2.2138e-06	-0.03122
2.2158e-06	-0.0296
2.2178e-06	-0.02906
2.2198e-06	-0.0296
2.2218e-06	-0.0323
2.2238e-06	-0.0269
2.2258e-06	-0.03176
2.2278e-06	-0.03014
2.2298e-06	-0.03122
2.2318e-06	-0.02906
2.2338e-06	-0.02798
2.2358e-06	-0.02744
2.2378e-06	-0.02798
2.2398e-06	-0.0296
2.2418e-06	-0.03014
2.2438e-06	-0.02582
2.2458e-06	-0.02636
2.2478e-06	-0.02528
2.2498e-06	-0.02906
2.2518e-06	-0.0242
2.2538e-06	-0.02474
2.2558e-06	-0.02798
2.2578e-06	-0.02852
2.2598e-06	-0.02852
2.2618e-06	-0.02798
2.2638e-06	-0.02528
2.2658e-06	-0.0296
2.2678e-06	-0.02906
2.2698e-06	-0.02852
2.2718e-06	-0.03068
2.2738e-06	-0.03176
2.2758e-06	-0.03068
2.2778e-06	-0.02906
2.2798e-06	-0.03014
2.2818e-06	-0.03068
2.2838e-06	-0.0296
2.2858e-06	-0.03122
2.2878e-06	-0.0269
2.2898e-06	-0.03122
2.2918e-06	-0.0296
2.2938e-06	-0.0296
2.2958e-06	-0.03014
2.2978e-06	-0.02744
2.2998e-06	-0.02906
2.3018e-06	-0.02798
2.3038e-06	-0.02744
2.3058e-06	-0.0296
2.3078e-06	-0.02474
2.3098e-06	-0.02906
2.3118e-06	-0.0269
2.3138e-06	-0.02852
2.3158e-06	-0.02474
2.3178e-06	-0.02528
2.3198e-06	-0.02636
2.3218e-06	-0.02528
2.3238e-06	-0.02528
2.3258e-06	-0.02528
2.3278e-06	-0.02744
2.3298e-06	-0.02798
2.3318e-06	-0.02366
2.3338e-06	-0.02474
2.3358e-06	-0.0242
2.3378e-06	-0.02744
2.3398e-06	-0.02312
2.3418e-06	-0.02528
2.3438e-06	-0.0269
2.3458e-06	-0.0269
2.3478e-06	-0.02474
2.3498e-06	-0.0269
2.3518e-06	-0.02798
2.3538e-06	-0.02798
2.3558e-06	-0.02528
2.3578e-06	-0.02474
2.3598e-06	-0.02744
2.3618e-06	-0.02852
2.3638e-06	-0.0269
2.3658e-06	-0.02582
2.3678e-06	-0.02744
2.3698e-06	-0.0296
2.3718e-06	-0.03014
2.3738e-06	-0.0269
2.3758e-06	-0.02474
2.3778e-06	-0.02906
2.3798e-06	-0.02906
2.3818e-06	-0.02852
2.3838e-06	-0.02744
2.3858e-06	-0.02474
2.3878e-06	-0.02582
2.3898e-06	-0.0269
2.3918e-06	-0.02312
2.3938e-06	-0.02366
2.3958e-06	-0.0242
2.3978e-06	-0.02798
2.3998e-06	-0.02474
2.4018e-06	-0.02852
2.4038e-06	-0.0269
2.4058e-06	-0.02528
2.4078e-06	-0.02366
2.4098e-06	-0.02366
2.4118e-06	-0.02312
2.4138e-06	-0.02366
2.4158e-06	-0.02474
2.4178e-06	-0.0242
2.4198e-06	-0.02474
2.4218e-06	-0.0215
2.4238e-06	-0.02744
2.4258e-06	-0.02636
2.4278e-06	-0.02582
2.4298e-06	-0.0242
2.4318e-06	-0.02744
2.4338e-06	-0.0269
2.4358e-06	-0.02474
2.4378e-06	-0.02366
2.4398e-06	-0.02798
2.4418e-06	-0.02582
2.4438e-06	-0.02312
2.4458e-06	-0.0242
2.4478e-06	-0.0269
2.4498e-06	-0.0269
2.4518e-06	-0.0269
2.4538e-06	-0.02474
2.4558e-06	-0.0242
2.4578e-06	-0.02582
2.4598e-06	-0.02366
2.4618e-06	-0.0242
2.4638e-06	-0.02528
2.4658e-06	-0.02258
2.4678e-06	-0.02636
2.4698e-06	-0.02474
2.4718e-06	-0.0215
2.4738e-06	-0.02528
2.4758e-06	-0.02258
2.4778e-06	-0.02366
2.4798e-06	-0.02366
2.4818e-06	-0.0242
2.4838e-06	-0.02258
2.4858e-06	-0.02312
2.4878e-06	-0.02258
2.4898e-06	-0.02366
2.4918e-06	-0.02204
2.4938e-06	-0.02366
2.4958e-06	-0.02312
2.4978e-06	-0.02474
2.4998e-06	-0.02366
2.5018e-06	-0.02366
