LECROYHDO6104A	50809	Waveform
Segments	1	SegmentSize	2502
Segment	TrigTime	TimeSinceSegment1
#1	19-Dec-2022 19:48:52	0                 
Time	Ampl
-2.501209e-06	-0.02124
-2.499209e-06	-0.02063
-2.497209e-06	-0.02124
-2.495209e-06	-0.02063
-2.493209e-06	-0.02002
-2.491209e-06	-0.02185
-2.489209e-06	-0.02063
-2.487209e-06	-0.02002
-2.485209e-06	-0.02124
-2.483209e-06	-0.02307
-2.481209e-06	-0.02307
-2.479209e-06	-0.02246
-2.477209e-06	-0.02124
-2.475209e-06	-0.02368
-2.473209e-06	-0.0249
-2.471209e-06	-0.02002
-2.469209e-06	-0.02307
-2.467209e-06	-0.02368
-2.465209e-06	-0.02124
-2.463209e-06	-0.02368
-2.461209e-06	-0.02185
-2.459209e-06	-0.02612
-2.457209e-06	-0.02551
-2.455209e-06	-0.02429
-2.453209e-06	-0.02246
-2.451209e-06	-0.02368
-2.449209e-06	-0.0249
-2.447209e-06	-0.02246
-2.445209e-06	-0.02307
-2.443209e-06	-0.02429
-2.441209e-06	-0.02246
-2.439209e-06	-0.02246
-2.437209e-06	-0.02063
-2.435209e-06	-0.02246
-2.433209e-06	-0.02551
-2.431209e-06	-0.02551
-2.429209e-06	-0.02063
-2.427209e-06	-0.02429
-2.425209e-06	-0.02429
-2.423209e-06	-0.02368
-2.421209e-06	-0.02185
-2.419209e-06	-0.02307
-2.417209e-06	-0.02551
-2.415209e-06	-0.02551
-2.413209e-06	-0.02124
-2.411209e-06	-0.02429
-2.409209e-06	-0.02307
-2.407209e-06	-0.0249
-2.405209e-06	-0.0249
-2.403209e-06	-0.02795
-2.401209e-06	-0.02307
-2.399209e-06	-0.02368
-2.397209e-06	-0.02368
-2.395209e-06	-0.0249
-2.393209e-06	-0.02734
-2.391209e-06	-0.02612
-2.389209e-06	-0.02368
-2.387209e-06	-0.02551
-2.385209e-06	-0.02368
-2.383209e-06	-0.02429
-2.381209e-06	-0.02246
-2.379209e-06	-0.02612
-2.377209e-06	-0.02612
-2.375209e-06	-0.02612
-2.373209e-06	-0.02429
-2.371209e-06	-0.02795
-2.369209e-06	-0.02673
-2.367209e-06	-0.02368
-2.365209e-06	-0.02307
-2.363209e-06	-0.02551
-2.361209e-06	-0.02856
-2.359209e-06	-0.02551
-2.357209e-06	-0.02429
-2.355209e-06	-0.02551
-2.353209e-06	-0.02368
-2.351209e-06	-0.02795
-2.349209e-06	-0.02429
-2.347209e-06	-0.02429
-2.345209e-06	-0.0249
-2.343209e-06	-0.02429
-2.341209e-06	-0.0249
-2.339209e-06	-0.02734
-2.337209e-06	-0.02734
-2.335209e-06	-0.02734
-2.333209e-06	-0.0249
-2.331209e-06	-0.02917
-2.329209e-06	-0.02673
-2.327209e-06	-0.0249
-2.325209e-06	-0.02551
-2.323209e-06	-0.02795
-2.321209e-06	-0.0249
-2.319209e-06	-0.02368
-2.317209e-06	-0.02429
-2.315209e-06	-0.0249
-2.313209e-06	-0.02551
-2.311209e-06	-0.02612
-2.309209e-06	-0.02246
-2.307209e-06	-0.02551
-2.305209e-06	-0.02185
-2.303209e-06	-0.02307
-2.301209e-06	-0.02368
-2.299209e-06	-0.02185
-2.297209e-06	-0.02307
-2.295209e-06	-0.02063
-2.293209e-06	-0.02246
-2.291209e-06	-0.02307
-2.289209e-06	-0.02185
-2.287209e-06	-0.02246
-2.285209e-06	-0.02124
-2.283209e-06	-0.02185
-2.281209e-06	-0.02307
-2.279209e-06	-0.02185
-2.277209e-06	-0.02246
-2.275209e-06	-0.02307
-2.273209e-06	-0.02124
-2.271209e-06	-0.02429
-2.269209e-06	-0.02246
-2.267209e-06	-0.02551
-2.265209e-06	-0.02368
-2.263209e-06	-0.02551
-2.261209e-06	-0.02124
-2.259209e-06	-0.02124
-2.257209e-06	-0.02429
-2.255209e-06	-0.02246
-2.253209e-06	-0.02307
-2.251209e-06	-0.02185
-2.249209e-06	-0.02124
-2.247209e-06	-0.02307
-2.245209e-06	-0.0188
-2.243209e-06	-0.02124
-2.241209e-06	-0.02124
-2.239209e-06	-0.02368
-2.237209e-06	-0.02307
-2.235209e-06	-0.0249
-2.233209e-06	-0.02307
-2.231209e-06	-0.02368
-2.229209e-06	-0.02246
-2.227209e-06	-0.02246
-2.225209e-06	-0.02307
-2.223209e-06	-0.02124
-2.221209e-06	-0.02063
-2.219209e-06	-0.0249
-2.217209e-06	-0.02246
-2.215209e-06	-0.02185
-2.213209e-06	-0.02002
-2.211209e-06	-0.02307
-2.209209e-06	-0.02612
-2.207209e-06	-0.02368
-2.205209e-06	-0.02368
-2.203209e-06	-0.02551
-2.201209e-06	-0.02429
-2.199209e-06	-0.02551
-2.197209e-06	-0.02246
-2.195209e-06	-0.02185
-2.193209e-06	-0.02307
-2.191209e-06	-0.0249
-2.189209e-06	-0.02307
-2.187209e-06	-0.02368
-2.185209e-06	-0.02612
-2.183209e-06	-0.0249
-2.181209e-06	-0.02246
-2.179209e-06	-0.02551
-2.177209e-06	-0.02429
-2.175209e-06	-0.02124
-2.173209e-06	-0.02307
-2.171209e-06	-0.02307
-2.169209e-06	-0.0249
-2.167209e-06	-0.02307
-2.165209e-06	-0.02307
-2.163209e-06	-0.02246
-2.161209e-06	-0.02246
-2.159209e-06	-0.0249
-2.157209e-06	-0.02246
-2.155209e-06	-0.02368
-2.153209e-06	-0.0249
-2.151209e-06	-0.02185
-2.149209e-06	-0.02429
-2.147209e-06	-0.02368
-2.145209e-06	-0.02307
-2.143209e-06	-0.02307
-2.141209e-06	-0.02124
-2.139209e-06	-0.02429
-2.137209e-06	-0.02368
-2.135209e-06	-0.02307
-2.133209e-06	-0.02368
-2.131209e-06	-0.02429
-2.129209e-06	-0.02429
-2.127209e-06	-0.02246
-2.125209e-06	-0.0249
-2.123209e-06	-0.02612
-2.121209e-06	-0.02673
-2.119209e-06	-0.02368
-2.117209e-06	-0.02429
-2.115209e-06	-0.02612
-2.113209e-06	-0.02612
-2.111209e-06	-0.0249
-2.109209e-06	-0.0249
-2.107209e-06	-0.02734
-2.105209e-06	-0.02734
-2.103209e-06	-0.02429
-2.101209e-06	-0.02246
-2.099209e-06	-0.02612
-2.097209e-06	-0.02795
-2.095209e-06	-0.02673
-2.093209e-06	-0.02429
-2.091209e-06	-0.02612
-2.089209e-06	-0.02612
-2.087209e-06	-0.02673
-2.085209e-06	-0.02368
-2.083209e-06	-0.02551
-2.081209e-06	-0.02734
-2.079209e-06	-0.02551
-2.077209e-06	-0.02429
-2.075209e-06	-0.0249
-2.073209e-06	-0.02734
-2.071209e-06	-0.02551
-2.069209e-06	-0.02551
-2.067209e-06	-0.02551
-2.065209e-06	-0.02673
-2.063209e-06	-0.02612
-2.061209e-06	-0.0249
-2.059209e-06	-0.02551
-2.057209e-06	-0.02856
-2.055209e-06	-0.02551
-2.053209e-06	-0.0249
-2.051209e-06	-0.02673
-2.049209e-06	-0.02734
-2.047209e-06	-0.02795
-2.045209e-06	-0.02673
-2.043209e-06	-0.02795
-2.041209e-06	-0.02673
-2.039209e-06	-0.02673
-2.037209e-06	-0.02429
-2.035209e-06	-0.02551
-2.033209e-06	-0.02673
-2.031209e-06	-0.02185
-2.029209e-06	-0.02368
-2.027209e-06	-0.02612
-2.025209e-06	-0.02612
-2.023209e-06	-0.02429
-2.021209e-06	-0.02673
-2.019209e-06	-0.02612
-2.017209e-06	-0.0249
-2.015209e-06	-0.02612
-2.013209e-06	-0.02429
-2.011209e-06	-0.03039
-2.009209e-06	-0.02734
-2.007209e-06	-0.02307
-2.005209e-06	-0.02307
-2.003209e-06	-0.02429
-2.001209e-06	-0.02612
-1.999209e-06	-0.02307
-1.997209e-06	-0.02429
-1.995209e-06	-0.02673
-1.993209e-06	-0.02246
-1.991209e-06	-0.02307
-1.989209e-06	-0.02429
-1.987209e-06	-0.02429
-1.985209e-06	-0.02246
-1.983209e-06	-0.02551
-1.981209e-06	-0.02307
-1.979209e-06	-0.02429
-1.977209e-06	-0.02795
-1.975209e-06	-0.02612
-1.973209e-06	-0.02185
-1.971209e-06	-0.02551
-1.969209e-06	-0.02795
-1.967209e-06	-0.02673
-1.965209e-06	-0.02429
-1.963209e-06	-0.02551
-1.961209e-06	-0.02185
-1.959209e-06	-0.02307
-1.957209e-06	-0.02246
-1.955209e-06	-0.02856
-1.953209e-06	-0.02734
-1.951209e-06	-0.0249
-1.949209e-06	-0.0249
-1.947209e-06	-0.02734
-1.945209e-06	-0.02917
-1.943209e-06	-0.02673
-1.941209e-06	-0.0249
-1.939209e-06	-0.02734
-1.937209e-06	-0.02673
-1.935209e-06	-0.031
-1.933209e-06	-0.02673
-1.931209e-06	-0.02856
-1.929209e-06	-0.02978
-1.927209e-06	-0.02856
-1.925209e-06	-0.02856
-1.923209e-06	-0.02795
-1.921209e-06	-0.02612
-1.919209e-06	-0.02795
-1.917209e-06	-0.02612
-1.915209e-06	-0.02551
-1.913209e-06	-0.02795
-1.911209e-06	-0.02795
-1.909209e-06	-0.02795
-1.907209e-06	-0.02917
-1.905209e-06	-0.02917
-1.903209e-06	-0.0249
-1.901209e-06	-0.02368
-1.899209e-06	-0.02551
-1.897209e-06	-0.02612
-1.895209e-06	-0.02368
-1.893209e-06	-0.02185
-1.891209e-06	-0.0249
-1.889209e-06	-0.02551
-1.887209e-06	-0.02673
-1.885209e-06	-0.02551
-1.883209e-06	-0.02429
-1.881209e-06	-0.02612
-1.879209e-06	-0.02612
-1.877209e-06	-0.02307
-1.875209e-06	-0.02612
-1.873209e-06	-0.02551
-1.871209e-06	-0.02307
-1.869209e-06	-0.02429
-1.867209e-06	-0.02673
-1.865209e-06	-0.02307
-1.863209e-06	-0.02124
-1.861209e-06	-0.02246
-1.859209e-06	-0.02551
-1.857209e-06	-0.02429
-1.855209e-06	-0.0249
-1.853209e-06	-0.02124
-1.851209e-06	-0.02368
-1.849209e-06	-0.02551
-1.847209e-06	-0.02185
-1.845209e-06	-0.0249
-1.843209e-06	-0.02795
-1.841209e-06	-0.02673
-1.839209e-06	-0.02551
-1.837209e-06	-0.02185
-1.835209e-06	-0.02185
-1.833209e-06	-0.02429
-1.831209e-06	-0.02673
-1.829209e-06	-0.02307
-1.827209e-06	-0.0249
-1.825209e-06	-0.02429
-1.823209e-06	-0.02551
-1.821209e-06	-0.02368
-1.819209e-06	-0.02734
-1.817209e-06	-0.02368
-1.815209e-06	-0.02429
-1.813209e-06	-0.02307
-1.811209e-06	-0.0249
-1.809209e-06	-0.02368
-1.807209e-06	-0.02429
-1.805209e-06	-0.02185
-1.803209e-06	-0.02246
-1.801209e-06	-0.02307
-1.799209e-06	-0.02246
-1.797209e-06	-0.02246
-1.795209e-06	-0.02307
-1.793209e-06	-0.02002
-1.791209e-06	-0.02185
-1.789209e-06	-0.02429
-1.787209e-06	-0.02246
-1.785209e-06	-0.02002
-1.783209e-06	-0.02246
-1.781209e-06	-0.02185
-1.779209e-06	-0.0249
-1.777209e-06	-0.02368
-1.775209e-06	-0.02368
-1.773209e-06	-0.02551
-1.771209e-06	-0.02246
-1.769209e-06	-0.02673
-1.767209e-06	-0.02551
-1.765209e-06	-0.02185
-1.763209e-06	-0.02429
-1.761209e-06	-0.02612
-1.759209e-06	-0.02734
-1.757209e-06	-0.02246
-1.755209e-06	-0.02551
-1.753209e-06	-0.0249
-1.751209e-06	-0.02124
-1.749209e-06	-0.02307
-1.747209e-06	-0.02368
-1.745209e-06	-0.0249
-1.743209e-06	-0.02551
-1.741209e-06	-0.02124
-1.739209e-06	-0.0249
-1.737209e-06	-0.02551
-1.735209e-06	-0.02429
-1.733209e-06	-0.02307
-1.731209e-06	-0.02551
-1.729209e-06	-0.02673
-1.727209e-06	-0.0249
-1.725209e-06	-0.02368
-1.723209e-06	-0.02429
-1.721209e-06	-0.02734
-1.719209e-06	-0.02551
-1.717209e-06	-0.02429
-1.715209e-06	-0.02307
-1.713209e-06	-0.02734
-1.711209e-06	-0.02856
-1.709209e-06	-0.0249
-1.707209e-06	-0.02734
-1.705209e-06	-0.02856
-1.703209e-06	-0.0249
-1.701209e-06	-0.0249
-1.699209e-06	-0.02734
-1.697209e-06	-0.0249
-1.695209e-06	-0.02368
-1.693209e-06	-0.02612
-1.691209e-06	-0.0249
-1.689209e-06	-0.0249
-1.687209e-06	-0.02246
-1.685209e-06	-0.0249
-1.683209e-06	-0.02368
-1.681209e-06	-0.0249
-1.679209e-06	-0.02551
-1.677209e-06	-0.02612
-1.675209e-06	-0.02734
-1.673209e-06	-0.02551
-1.671209e-06	-0.0249
-1.669209e-06	-0.02429
-1.667209e-06	-0.02673
-1.665209e-06	-0.02734
-1.663209e-06	-0.02429
-1.661209e-06	-0.02368
-1.659209e-06	-0.02429
-1.657209e-06	-0.02551
-1.655209e-06	-0.02551
-1.653209e-06	-0.02551
-1.651209e-06	-0.02917
-1.649209e-06	-0.02917
-1.647209e-06	-0.02612
-1.645209e-06	-0.02612
-1.643209e-06	-0.02917
-1.641209e-06	-0.03039
-1.639209e-06	-0.0249
-1.637209e-06	-0.0249
-1.635209e-06	-0.02856
-1.633209e-06	-0.02551
-1.631209e-06	-0.02551
-1.629209e-06	-0.02673
-1.627209e-06	-0.02795
-1.625209e-06	-0.02856
-1.623209e-06	-0.02734
-1.621209e-06	-0.02368
-1.619209e-06	-0.02734
-1.617209e-06	-0.02856
-1.615209e-06	-0.02673
-1.613209e-06	-0.0249
-1.611209e-06	-0.02795
-1.609209e-06	-0.02612
-1.607209e-06	-0.02734
-1.605209e-06	-0.02612
-1.603209e-06	-0.02551
-1.601209e-06	-0.02673
-1.599209e-06	-0.02612
-1.597209e-06	-0.02246
-1.595209e-06	-0.0249
-1.593209e-06	-0.02673
-1.591209e-06	-0.0249
-1.589209e-06	-0.02429
-1.587209e-06	-0.02368
-1.585209e-06	-0.0249
-1.583209e-06	-0.0249
-1.581209e-06	-0.02673
-1.579209e-06	-0.0249
-1.577209e-06	-0.02551
-1.575209e-06	-0.0249
-1.573209e-06	-0.02124
-1.571209e-06	-0.02368
-1.569209e-06	-0.02429
-1.567209e-06	-0.02246
-1.565209e-06	-0.02368
-1.563209e-06	-0.02429
-1.561209e-06	-0.02551
-1.559209e-06	-0.02368
-1.557209e-06	-0.02368
-1.555209e-06	-0.0249
-1.553209e-06	-0.02612
-1.551209e-06	-0.02612
-1.549209e-06	-0.02429
-1.547209e-06	-0.02673
-1.545209e-06	-0.02673
-1.543209e-06	-0.02795
-1.541209e-06	-0.02673
-1.539209e-06	-0.02612
-1.537209e-06	-0.02612
-1.535209e-06	-0.02429
-1.533209e-06	-0.02185
-1.531209e-06	-0.02673
-1.529209e-06	-0.02856
-1.527209e-06	-0.02307
-1.525209e-06	-0.0249
-1.523209e-06	-0.02368
-1.521209e-06	-0.02429
-1.519209e-06	-0.02429
-1.517209e-06	-0.02368
-1.515209e-06	-0.02429
-1.513209e-06	-0.0249
-1.511209e-06	-0.02551
-1.509209e-06	-0.0249
-1.507209e-06	-0.02368
-1.505209e-06	-0.02307
-1.503209e-06	-0.02246
-1.501209e-06	-0.02368
-1.499209e-06	-0.02368
-1.497209e-06	-0.02368
-1.495209e-06	-0.02368
-1.493209e-06	-0.02246
-1.491209e-06	-0.02307
-1.489209e-06	-0.0249
-1.487209e-06	-0.02185
-1.485209e-06	-0.02368
-1.483209e-06	-0.02368
-1.481209e-06	-0.02307
-1.479209e-06	-0.02307
-1.477209e-06	-0.02063
-1.475209e-06	-0.02551
-1.473209e-06	-0.02185
-1.471209e-06	-0.02368
-1.469209e-06	-0.02124
-1.467209e-06	-0.02429
-1.465209e-06	-0.01941
-1.463209e-06	-0.02063
-1.461209e-06	-0.02185
-1.459209e-06	-0.02429
-1.457209e-06	-0.02124
-1.455209e-06	-0.02063
-1.453209e-06	-0.02307
-1.451209e-06	-0.0249
-1.449209e-06	-0.02429
-1.447209e-06	-0.02612
-1.445209e-06	-0.02246
-1.443209e-06	-0.02612
-1.441209e-06	-0.02368
-1.439209e-06	-0.02246
-1.437209e-06	-0.02185
-1.435209e-06	-0.02368
-1.433209e-06	-0.02124
-1.431209e-06	-0.02185
-1.429209e-06	-0.02246
-1.427209e-06	-0.0249
-1.425209e-06	-0.02246
-1.423209e-06	-0.02246
-1.421209e-06	-0.02307
-1.419209e-06	-0.02307
-1.417209e-06	-0.02002
-1.415209e-06	-0.02429
-1.413209e-06	-0.02307
-1.411209e-06	-0.0249
-1.409209e-06	-0.02673
-1.407209e-06	-0.02551
-1.405209e-06	-0.02246
-1.403209e-06	-0.02429
-1.401209e-06	-0.02124
-1.399209e-06	-0.02307
-1.397209e-06	-0.02307
-1.395209e-06	-0.02429
-1.393209e-06	-0.02307
-1.391209e-06	-0.02429
-1.389209e-06	-0.02002
-1.387209e-06	-0.02429
-1.385209e-06	-0.02429
-1.383209e-06	-0.02185
-1.381209e-06	-0.02124
-1.379209e-06	-0.02429
-1.377209e-06	-0.02429
-1.375209e-06	-0.02673
-1.373209e-06	-0.02429
-1.371209e-06	-0.02612
-1.369209e-06	-0.02246
-1.367209e-06	-0.02429
-1.365209e-06	-0.02368
-1.363209e-06	-0.02612
-1.361209e-06	-0.02551
-1.359209e-06	-0.0249
-1.357209e-06	-0.02124
-1.355209e-06	-0.0249
-1.353209e-06	-0.02246
-1.351209e-06	-0.02246
-1.349209e-06	-0.02185
-1.347209e-06	-0.02551
-1.345209e-06	-0.02429
-1.343209e-06	-0.02673
-1.341209e-06	-0.02368
-1.339209e-06	-0.02734
-1.337209e-06	-0.02551
-1.335209e-06	-0.02368
-1.333209e-06	-0.02185
-1.331209e-06	-0.02368
-1.329209e-06	-0.02368
-1.327209e-06	-0.02368
-1.325209e-06	-0.02368
-1.323209e-06	-0.02612
-1.321209e-06	-0.02551
-1.319209e-06	-0.02002
-1.317209e-06	-0.01819
-1.315209e-06	-0.02368
-1.313209e-06	-0.02551
-1.311209e-06	-0.02368
-1.309209e-06	-0.02002
-1.307209e-06	-0.02246
-1.305209e-06	-0.02368
-1.303209e-06	-0.02612
-1.301209e-06	-0.02002
-1.299209e-06	-0.02124
-1.297209e-06	-0.02185
-1.295209e-06	-0.02368
-1.293209e-06	-0.02185
-1.291209e-06	-0.02246
-1.289209e-06	-0.02124
-1.287209e-06	-0.02551
-1.285209e-06	-0.02307
-1.283209e-06	-0.02124
-1.281209e-06	-0.02368
-1.279209e-06	-0.02368
-1.277209e-06	-0.02185
-1.275209e-06	-0.02368
-1.273209e-06	-0.02307
-1.271209e-06	-0.02063
-1.269209e-06	-0.02063
-1.267209e-06	-0.0249
-1.265209e-06	-0.02551
-1.263209e-06	-0.02368
-1.261209e-06	-0.02551
-1.259209e-06	-0.02795
-1.257209e-06	-0.02551
-1.255209e-06	-0.02368
-1.253209e-06	-0.02124
-1.251209e-06	-0.0249
-1.249209e-06	-0.02673
-1.247209e-06	-0.02429
-1.245209e-06	-0.02368
-1.243209e-06	-0.02734
-1.241209e-06	-0.0249
-1.239209e-06	-0.02429
-1.237209e-06	-0.02368
-1.235209e-06	-0.02856
-1.233209e-06	-0.02734
-1.231209e-06	-0.02368
-1.229209e-06	-0.02368
-1.227209e-06	-0.02429
-1.225209e-06	-0.02612
-1.223209e-06	-0.02368
-1.221209e-06	-0.02368
-1.219209e-06	-0.02978
-1.217209e-06	-0.02673
-1.215209e-06	-0.0249
-1.213209e-06	-0.02307
-1.211209e-06	-0.02368
-1.209209e-06	-0.02368
-1.207209e-06	-0.02429
-1.205209e-06	-0.02063
-1.203209e-06	-0.02124
-1.201209e-06	-0.02185
-1.199209e-06	-0.02307
-1.197209e-06	-0.02002
-1.195209e-06	-0.02124
-1.193209e-06	-0.02246
-1.191209e-06	-0.02124
-1.189209e-06	-0.01941
-1.187209e-06	-0.02246
-1.185209e-06	-0.02307
-1.183209e-06	-0.02063
-1.181209e-06	-0.02063
-1.179209e-06	-0.02429
-1.177209e-06	-0.02429
-1.175209e-06	-0.02246
-1.173209e-06	-0.02002
-1.171209e-06	-0.02246
-1.169209e-06	-0.02246
-1.167209e-06	-0.02307
-1.165209e-06	-0.02185
-1.163209e-06	-0.02368
-1.161209e-06	-0.02185
-1.159209e-06	-0.02246
-1.157209e-06	-0.02124
-1.155209e-06	-0.02368
-1.153209e-06	-0.02612
-1.151209e-06	-0.0249
-1.149209e-06	-0.02246
-1.147209e-06	-0.02246
-1.145209e-06	-0.02368
-1.143209e-06	-0.02124
-1.141209e-06	-0.02063
-1.139209e-06	-0.02185
-1.137209e-06	-0.02246
-1.135209e-06	-0.02429
-1.133209e-06	-0.0188
-1.131209e-06	-0.02368
-1.129209e-06	-0.0249
-1.127209e-06	-0.02246
-1.125209e-06	-0.0249
-1.123209e-06	-0.02307
-1.121209e-06	-0.02124
-1.119209e-06	-0.02185
-1.117209e-06	-0.01941
-1.115209e-06	-0.02551
-1.113209e-06	-0.02429
-1.111209e-06	-0.02429
-1.109209e-06	-0.02124
-1.107209e-06	-0.0249
-1.105209e-06	-0.02246
-1.103209e-06	-0.02368
-1.101209e-06	-0.02429
-1.099209e-06	-0.02246
-1.097209e-06	-0.02307
-1.095209e-06	-0.02185
-1.093209e-06	-0.02185
-1.091209e-06	-0.02307
-1.089209e-06	-0.02185
-1.087209e-06	-0.02185
-1.085209e-06	-0.02307
-1.083209e-06	-0.02429
-1.081209e-06	-0.02307
-1.079209e-06	-0.02246
-1.077209e-06	-0.02063
-1.075209e-06	-0.02429
-1.073209e-06	-0.02063
-1.071209e-06	-0.02124
-1.069209e-06	-0.02185
-1.067209e-06	-0.02002
-1.065209e-06	-0.02185
-1.063209e-06	-0.02307
-1.061209e-06	-0.02063
-1.059209e-06	-0.02124
-1.057209e-06	-0.02368
-1.055209e-06	-0.02368
-1.053209e-06	-0.02124
-1.051209e-06	-0.02002
-1.049209e-06	-0.02307
-1.047209e-06	-0.01819
-1.045209e-06	-0.02185
-1.043209e-06	-0.02246
-1.041209e-06	-0.02368
-1.039209e-06	-0.02124
-1.037209e-06	-0.02307
-1.035209e-06	-0.02246
-1.033209e-06	-0.02063
-1.031209e-06	-0.02246
-1.029209e-06	-0.02307
-1.027209e-06	-0.02246
-1.025209e-06	-0.02246
-1.023209e-06	-0.02185
-1.021209e-06	-0.02185
-1.019209e-06	-0.02551
-1.017209e-06	-0.02368
-1.015209e-06	-0.0249
-1.013209e-06	-0.02368
-1.011209e-06	-0.02185
-1.009209e-06	-0.02429
-1.007209e-06	-0.02307
-1.005209e-06	-0.02307
-1.003209e-06	-0.02185
-1.001209e-06	-0.02673
-9.992092e-07	-0.02368
-9.972092e-07	-0.02551
-9.952092e-07	-0.02734
-9.932092e-07	-0.02246
-9.912092e-07	-0.02185
-9.892092e-07	-0.02307
-9.872092e-07	-0.02673
-9.852092e-07	-0.02612
-9.832092e-07	-0.02368
-9.812092e-07	-0.02246
-9.792092e-07	-0.0249
-9.772092e-07	-0.02612
-9.752092e-07	-0.02612
-9.732092e-07	-0.0249
-9.712092e-07	-0.02673
-9.692092e-07	-0.02673
-9.672092e-07	-0.0249
-9.652092e-07	-0.02551
-9.632092e-07	-0.0249
-9.612092e-07	-0.02429
-9.592092e-07	-0.02734
-9.572092e-07	-0.0249
-9.552092e-07	-0.02551
-9.532092e-07	-0.02734
-9.512092e-07	-0.02368
-9.492092e-07	-0.02612
-9.472092e-07	-0.02673
-9.452092e-07	-0.02612
-9.432092e-07	-0.02856
-9.412092e-07	-0.02429
-9.392092e-07	-0.02734
-9.372092e-07	-0.02734
-9.352092e-07	-0.02612
-9.332092e-07	-0.02246
-9.312092e-07	-0.0249
-9.292092e-07	-0.0249
-9.272092e-07	-0.02673
-9.252092e-07	-0.02795
-9.232092e-07	-0.02429
-9.212092e-07	-0.02795
-9.192092e-07	-0.02551
-9.172092e-07	-0.02429
-9.152092e-07	-0.02429
-9.132092e-07	-0.02673
-9.112092e-07	-0.0249
-9.092092e-07	-0.02246
-9.072092e-07	-0.02673
-9.052092e-07	-0.0249
-9.032092e-07	-0.0249
-9.012092e-07	-0.02368
-8.992092e-07	-0.02612
-8.972092e-07	-0.02429
-8.952092e-07	-0.0249
-8.932092e-07	-0.02429
-8.912092e-07	-0.02795
-8.892092e-07	-0.02734
-8.872092e-07	-0.02673
-8.852092e-07	-0.02429
-8.832092e-07	-0.02734
-8.812092e-07	-0.0249
-8.792092e-07	-0.02368
-8.772092e-07	-0.02429
-8.752092e-07	-0.02551
-8.732092e-07	-0.02673
-8.712092e-07	-0.0249
-8.692092e-07	-0.02368
-8.672092e-07	-0.02551
-8.652092e-07	-0.02612
-8.632092e-07	-0.02551
-8.612092e-07	-0.02734
-8.592092e-07	-0.02917
-8.572092e-07	-0.0249
-8.552092e-07	-0.02612
-8.532092e-07	-0.02429
-8.512092e-07	-0.02673
-8.492092e-07	-0.02612
-8.472092e-07	-0.02368
-8.452092e-07	-0.02307
-8.432092e-07	-0.02368
-8.412092e-07	-0.02368
-8.392092e-07	-0.02612
-8.372092e-07	-0.02551
-8.352092e-07	-0.02795
-8.332092e-07	-0.02856
-8.312092e-07	-0.02612
-8.292092e-07	-0.0249
-8.272092e-07	-0.02612
-8.252092e-07	-0.0249
-8.232092e-07	-0.0249
-8.212092e-07	-0.0249
-8.192092e-07	-0.02917
-8.172092e-07	-0.02978
-8.152092e-07	-0.02612
-8.132092e-07	-0.02673
-8.112092e-07	-0.02673
-8.092092e-07	-0.02429
-8.072092e-07	-0.02673
-8.052092e-07	-0.02612
-8.032092e-07	-0.02856
-8.012092e-07	-0.02795
-7.992092e-07	-0.02551
-7.972092e-07	-0.02673
-7.952092e-07	-0.02612
-7.932092e-07	-0.02551
-7.912092e-07	-0.02612
-7.892092e-07	-0.02734
-7.872092e-07	-0.02734
-7.852092e-07	-0.0249
-7.832092e-07	-0.02673
-7.812092e-07	-0.02429
-7.792092e-07	-0.0249
-7.772092e-07	-0.02673
-7.752092e-07	-0.02612
-7.732092e-07	-0.02368
-7.712092e-07	-0.02368
-7.692092e-07	-0.0249
-7.672092e-07	-0.02307
-7.652092e-07	-0.02246
-7.632092e-07	-0.0249
-7.612092e-07	-0.02551
-7.592092e-07	-0.02673
-7.572092e-07	-0.02612
-7.552092e-07	-0.02368
-7.532092e-07	-0.02185
-7.512092e-07	-0.02368
-7.492092e-07	-0.02551
-7.472092e-07	-0.02673
-7.452092e-07	-0.02124
-7.432092e-07	-0.02368
-7.412092e-07	-0.02246
-7.392092e-07	-0.02185
-7.372092e-07	-0.02612
-7.352092e-07	-0.02429
-7.332092e-07	-0.02246
-7.312092e-07	-0.02734
-7.292092e-07	-0.02429
-7.272092e-07	-0.0249
-7.252092e-07	-0.02307
-7.232092e-07	-0.02185
-7.212092e-07	-0.02368
-7.192092e-07	-0.02124
-7.172092e-07	-0.02307
-7.152092e-07	-0.02551
-7.132092e-07	-0.0249
-7.112092e-07	-0.02307
-7.092092e-07	-0.02307
-7.072092e-07	-0.02368
-7.052092e-07	-0.0249
-7.032092e-07	-0.02612
-7.012092e-07	-0.0249
-6.992092e-07	-0.02429
-6.972092e-07	-0.0249
-6.952092e-07	-0.02124
-6.932092e-07	-0.02368
-6.912092e-07	-0.02551
-6.892092e-07	-0.02246
-6.872092e-07	-0.02429
-6.852092e-07	-0.02185
-6.832092e-07	-0.02612
-6.812092e-07	-0.02551
-6.792092e-07	-0.02246
-6.772092e-07	-0.02185
-6.752092e-07	-0.0249
-6.732092e-07	-0.02734
-6.712092e-07	-0.02612
-6.692092e-07	-0.02551
-6.672092e-07	-0.0249
-6.652092e-07	-0.0249
-6.632092e-07	-0.02551
-6.612092e-07	-0.02246
-6.592092e-07	-0.02551
-6.572092e-07	-0.02551
-6.552092e-07	-0.02551
-6.532092e-07	-0.02246
-6.512092e-07	-0.02368
-6.492092e-07	-0.02185
-6.472092e-07	-0.02185
-6.452092e-07	-0.02429
-6.432092e-07	-0.0249
-6.412092e-07	-0.02368
-6.392092e-07	-0.02429
-6.372092e-07	-0.02551
-6.352092e-07	-0.02551
-6.332092e-07	-0.02307
-6.312092e-07	-0.02551
-6.292092e-07	-0.02307
-6.272092e-07	-0.02612
-6.252092e-07	-0.02551
-6.232092e-07	-0.02429
-6.212092e-07	-0.02612
-6.192092e-07	-0.02368
-6.172092e-07	-0.02307
-6.152092e-07	-0.02551
-6.132092e-07	-0.02307
-6.112092e-07	-0.02429
-6.092092e-07	-0.02612
-6.072092e-07	-0.02551
-6.052092e-07	-0.02246
-6.032092e-07	-0.02551
-6.012092e-07	-0.02612
-5.992092e-07	-0.0249
-5.972092e-07	-0.02246
-5.952092e-07	-0.0249
-5.932092e-07	-0.02368
-5.912092e-07	-0.02612
-5.892092e-07	-0.02734
-5.872092e-07	-0.02673
-5.852092e-07	-0.02551
-5.832092e-07	-0.02551
-5.812092e-07	-0.02368
-5.792092e-07	-0.02551
-5.772092e-07	-0.02734
-5.752092e-07	-0.0249
-5.732092e-07	-0.02185
-5.712092e-07	-0.02429
-5.692092e-07	-0.02185
-5.672092e-07	-0.0249
-5.652092e-07	-0.0249
-5.632092e-07	-0.02673
-5.612092e-07	-0.02612
-5.592092e-07	-0.02612
-5.572092e-07	-0.02246
-5.552092e-07	-0.0249
-5.532092e-07	-0.0249
-5.512092e-07	-0.02307
-5.492092e-07	-0.02551
-5.472092e-07	-0.02307
-5.452092e-07	-0.02673
-5.432092e-07	-0.02551
-5.412092e-07	-0.02246
-5.392092e-07	-0.02307
-5.372092e-07	-0.02368
-5.352092e-07	-0.02246
-5.332092e-07	-0.0188
-5.312092e-07	-0.02307
-5.292092e-07	-0.02307
-5.272092e-07	-0.02124
-5.252092e-07	-0.02307
-5.232092e-07	-0.02429
-5.212092e-07	-0.0249
-5.192092e-07	-0.02246
-5.172092e-07	-0.02307
-5.152092e-07	-0.02124
-5.132092e-07	-0.02307
-5.112092e-07	-0.02429
-5.092092e-07	-0.02124
-5.072092e-07	-0.02185
-5.052092e-07	-0.02185
-5.032092e-07	-0.02124
-5.012092e-07	-0.02002
-4.992092e-07	-0.02002
-4.972092e-07	-0.01941
-4.952092e-07	-0.02185
-4.932092e-07	-0.02185
-4.912092e-07	-0.02307
-4.892092e-07	-0.02368
-4.872092e-07	-0.02307
-4.852092e-07	-0.02124
-4.832092e-07	-0.02002
-4.812092e-07	-0.02246
-4.792092e-07	-0.02002
-4.772092e-07	-0.02002
-4.752092e-07	-0.02002
-4.732092e-07	-0.0249
-4.712092e-07	-0.0249
-4.692092e-07	-0.02429
-4.672092e-07	-0.02368
-4.652092e-07	-0.02307
-4.632092e-07	-0.02551
-4.612092e-07	-0.02185
-4.592092e-07	-0.02307
-4.572092e-07	-0.0188
-4.552092e-07	-0.02124
-4.532092e-07	-0.02429
-4.512092e-07	-0.02612
-4.492092e-07	-0.02429
-4.472092e-07	-0.02124
-4.452092e-07	-0.02185
-4.432092e-07	-0.02612
-4.412092e-07	-0.02246
-4.392092e-07	-0.02185
-4.372092e-07	-0.02185
-4.352092e-07	-0.0249
-4.332092e-07	-0.02429
-4.312092e-07	-0.02673
-4.292092e-07	-0.02002
-4.272092e-07	-0.02063
-4.252092e-07	-0.02368
-4.232092e-07	-0.02368
-4.212092e-07	-0.02185
-4.192092e-07	-0.02063
-4.172092e-07	-0.02307
-4.152092e-07	-0.02368
-4.132092e-07	-0.02429
-4.112092e-07	-0.02368
-4.092092e-07	-0.02124
-4.072092e-07	-0.02368
-4.052092e-07	-0.02307
-4.032092e-07	-0.02429
-4.012092e-07	-0.02185
-3.992092e-07	-0.02368
-3.972092e-07	-0.02185
-3.952092e-07	-0.02246
-3.932092e-07	-0.02246
-3.912092e-07	-0.02185
-3.892092e-07	-0.02307
-3.872092e-07	-0.02612
-3.852092e-07	-0.02429
-3.832092e-07	-0.02124
-3.812092e-07	-0.02002
-3.792092e-07	-0.02246
-3.772092e-07	-0.02246
-3.752092e-07	-0.02185
-3.732092e-07	-0.02124
-3.712092e-07	-0.02429
-3.692092e-07	-0.02124
-3.672092e-07	-0.02124
-3.652092e-07	-0.02063
-3.632092e-07	-0.02246
-3.612092e-07	-0.02429
-3.592092e-07	-0.02551
-3.572092e-07	-0.01941
-3.552092e-07	-0.02063
-3.532092e-07	-0.02307
-3.512092e-07	-0.02246
-3.492092e-07	-0.02124
-3.472092e-07	-0.02368
-3.452092e-07	-0.02246
-3.432092e-07	-0.01941
-3.412092e-07	-0.01941
-3.392092e-07	-0.02063
-3.372092e-07	-0.01941
-3.352092e-07	-0.02063
-3.332092e-07	-0.02124
-3.312092e-07	-0.02185
-3.292092e-07	-0.02429
-3.272092e-07	-0.02185
-3.252092e-07	-0.02185
-3.232092e-07	-0.02368
-3.212092e-07	-0.02124
-3.192092e-07	-0.02063
-3.172092e-07	-0.02307
-3.152092e-07	-0.02063
-3.132092e-07	-0.02002
-3.112092e-07	-0.02124
-3.092092e-07	-0.02002
-3.072092e-07	-0.02063
-3.052092e-07	-0.02185
-3.032092e-07	-0.02124
-3.012092e-07	-0.01941
-2.992092e-07	-0.02368
-2.972092e-07	-0.02368
-2.952092e-07	-0.01941
-2.932092e-07	-0.0188
-2.912092e-07	-0.02124
-2.892092e-07	-0.02002
-2.872092e-07	-0.02063
-2.852092e-07	-0.01819
-2.832092e-07	-0.0188
-2.812092e-07	-0.02063
-2.792092e-07	-0.02002
-2.772092e-07	-0.01941
-2.752092e-07	-0.02063
-2.732092e-07	-0.02185
-2.712092e-07	-0.02185
-2.692092e-07	-0.01941
-2.672092e-07	-0.0249
-2.652092e-07	-0.02185
-2.632092e-07	-0.02307
-2.612092e-07	-0.02002
-2.592092e-07	-0.02124
-2.572092e-07	-0.02246
-2.552092e-07	-0.01941
-2.532092e-07	-0.02124
-2.512092e-07	-0.02368
-2.492092e-07	-0.02185
-2.472092e-07	-0.02551
-2.452092e-07	-0.02368
-2.432092e-07	-0.02551
-2.412092e-07	-0.02246
-2.392092e-07	-0.02307
-2.372092e-07	-0.02246
-2.352092e-07	-0.0249
-2.332092e-07	-0.02246
-2.312092e-07	-0.02368
-2.292092e-07	-0.02185
-2.272092e-07	-0.02612
-2.252092e-07	-0.02429
-2.232092e-07	-0.02185
-2.212092e-07	-0.02002
-2.192092e-07	-0.02551
-2.172092e-07	-0.02368
-2.152092e-07	-0.02368
-2.132092e-07	-0.02307
-2.112092e-07	-0.02673
-2.092092e-07	-0.02551
-2.072092e-07	-0.02429
-2.052092e-07	-0.02246
-2.032092e-07	-0.02551
-2.012092e-07	-0.02551
-1.992092e-07	-0.02124
-1.972092e-07	-0.02307
-1.952092e-07	-0.02368
-1.932092e-07	-0.02429
-1.912092e-07	-0.02246
-1.892092e-07	-0.02368
-1.872092e-07	-0.02307
-1.852092e-07	-0.02551
-1.832092e-07	-0.02368
-1.812092e-07	-0.02002
-1.792092e-07	-0.0249
-1.772092e-07	-0.02551
-1.752092e-07	-0.02429
-1.732092e-07	-0.02551
-1.712092e-07	-0.02429
-1.692092e-07	-0.02429
-1.672092e-07	-0.02551
-1.652092e-07	-0.02612
-1.632092e-07	-0.02734
-1.612092e-07	-0.02734
-1.592092e-07	-0.02673
-1.572092e-07	-0.02612
-1.552092e-07	-0.02673
-1.532092e-07	-0.02917
-1.512092e-07	-0.02734
-1.492092e-07	-0.02551
-1.472092e-07	-0.02734
-1.452092e-07	-0.02734
-1.432092e-07	-0.02673
-1.412092e-07	-0.02551
-1.392092e-07	-0.02673
-1.372092e-07	-0.02734
-1.352092e-07	-0.02612
-1.332092e-07	-0.02673
-1.312092e-07	-0.02612
-1.292092e-07	-0.0249
-1.272092e-07	-0.02368
-1.252092e-07	-0.02246
-1.232092e-07	-0.02551
-1.212092e-07	-0.02856
-1.192092e-07	-0.02429
-1.172092e-07	-0.0249
-1.152092e-07	-0.02368
-1.132092e-07	-0.02917
-1.112092e-07	-0.02307
-1.092092e-07	-0.0249
-1.072092e-07	-0.02612
-1.052092e-07	-0.02612
-1.032092e-07	-0.02429
-1.012092e-07	-0.02307
-9.920918e-08	-0.02429
-9.720918e-08	-0.02307
-9.520918e-08	-0.02368
-9.320918e-08	-0.02368
-9.120918e-08	-0.02368
-8.920918e-08	-0.0249
-8.720918e-08	-0.02368
-8.520918e-08	-0.02063
-8.320918e-08	-0.02368
-8.120918e-08	-0.02429
-7.920918e-08	-0.02368
-7.720918e-08	-0.0249
-7.520918e-08	-0.02673
-7.320918e-08	-0.02612
-7.120918e-08	-0.02368
-6.920918e-08	-0.02185
-6.720918e-08	-0.0249
-6.520918e-08	-0.02307
-6.320918e-08	-0.02246
-6.120918e-08	-0.02246
-5.920918e-08	-0.02429
-5.720918e-08	-0.02246
-5.520918e-08	-0.0249
-5.320918e-08	-0.02429
-5.120918e-08	-0.02551
-4.920918e-08	-0.02551
-4.720918e-08	-0.02246
-4.520918e-08	-0.02429
-4.320918e-08	-0.02673
-4.120918e-08	-0.02368
-3.920918e-08	-0.0249
-3.720918e-08	-0.02063
-3.520918e-08	-0.0249
-3.320918e-08	-0.02368
-3.120918e-08	-0.02551
-2.920918e-08	-0.02368
-2.720918e-08	-0.02429
-2.520918e-08	-0.02429
-2.320918e-08	-0.0249
-2.120918e-08	-0.02551
-1.920918e-08	-0.02612
-1.720918e-08	-0.02673
-1.520918e-08	-0.02429
-1.320918e-08	-0.02368
-1.120918e-08	-0.02551
-9.20918e-09	-0.02734
-7.20918e-09	-0.0249
-5.20918e-09	-0.02368
-3.20918e-09	-0.02551
-1.20918e-09	-0.02429
7.908202e-10	-0.0249
2.79082e-09	-0.02673
4.79082e-09	-0.02551
6.79082e-09	-0.0249
8.79082e-09	-0.02185
1.079082e-08	-0.02612
1.279082e-08	-0.02734
1.479082e-08	-0.02246
1.679082e-08	-0.02368
1.879082e-08	-0.02307
2.079082e-08	-0.0249
2.279082e-08	-0.02612
2.479082e-08	-0.02551
2.679082e-08	-0.02368
2.879082e-08	-0.02551
3.079082e-08	-0.02612
3.279082e-08	-0.02429
3.479082e-08	-0.02673
3.679082e-08	-0.02795
3.879082e-08	-0.02795
4.079082e-08	-0.02612
4.279082e-08	-0.0249
4.479082e-08	-0.02673
4.679082e-08	-0.02612
4.879082e-08	-0.02673
5.079082e-08	-0.02734
5.279082e-08	-0.02856
5.479082e-08	-0.02612
5.679082e-08	-0.02856
5.879082e-08	-0.0249
6.079082e-08	-0.02978
6.279082e-08	-0.02795
6.479082e-08	-0.02734
6.679082e-08	-0.02734
6.879082e-08	-0.02673
7.079082e-08	-0.02551
7.279082e-08	-0.02856
7.479082e-08	-0.02795
7.679082e-08	-0.02551
7.879082e-08	-0.02612
8.079082e-08	-0.02612
8.279082e-08	-0.02856
8.479082e-08	-0.02917
8.679082e-08	-0.0249
8.879082e-08	-0.02734
9.079082e-08	-0.02551
9.279082e-08	-0.02978
9.479082e-08	-0.02856
9.679082e-08	-0.02856
9.879082e-08	-0.02673
1.007908e-07	-0.02734
1.027908e-07	-0.02612
1.047908e-07	-0.02795
1.067908e-07	-0.02551
1.087908e-07	-0.02917
1.107908e-07	-0.02978
1.127908e-07	-0.02795
1.147908e-07	-0.02673
1.167908e-07	-0.02551
1.187908e-07	-0.02551
1.207908e-07	-0.02795
1.227908e-07	-0.0249
1.247908e-07	-0.02551
1.267908e-07	-0.02734
1.287908e-07	-0.02307
1.307908e-07	-0.01636
1.327908e-07	-0.00172
1.347908e-07	0.02939
1.367908e-07	0.08063
1.387908e-07	0.16664
1.407908e-07	0.274
1.427908e-07	0.40271
1.447908e-07	0.53447
1.467908e-07	0.66928
1.487908e-07	0.79738
1.507908e-07	0.92548
1.527908e-07	1.04321
1.547908e-07	1.1463
1.567908e-07	1.21706
1.587908e-07	1.26647
1.607908e-07	1.30307
1.627908e-07	1.33479
1.647908e-07	1.35736
1.667908e-07	1.38298
1.687908e-07	1.3964
1.707908e-07	1.41653
1.727908e-07	1.42385
1.747908e-07	1.43483
1.767908e-07	1.44459
1.787908e-07	1.4574
1.807908e-07	1.45923
1.827908e-07	1.46899
1.847908e-07	1.47448
1.867908e-07	1.48424
1.887908e-07	1.4818
1.907908e-07	1.49339
1.927908e-07	1.49705
1.947908e-07	1.50376
1.967908e-07	1.50315
1.987908e-07	1.51108
2.007908e-07	1.50925
2.027908e-07	1.5184
2.047908e-07	1.51474
2.067908e-07	1.52267
2.087908e-07	1.52511
2.107908e-07	1.52938
2.127908e-07	1.52694
2.147908e-07	1.53487
2.167908e-07	1.53304
2.187908e-07	1.5367
2.207908e-07	1.53853
2.227908e-07	1.54524
2.247908e-07	1.54646
2.267908e-07	1.54829
2.287908e-07	1.5489
2.307908e-07	1.55317
2.327908e-07	1.55134
2.347908e-07	1.55622
2.367908e-07	1.55073
2.387908e-07	1.55134
2.407908e-07	1.54341
2.427908e-07	1.54036
2.447908e-07	1.52633
2.467908e-07	1.51291
2.487908e-07	1.49583
2.507908e-07	1.47082
2.527908e-07	1.38054
2.547908e-07	1.32503
2.567908e-07	1.28111
2.587908e-07	1.2439
2.607908e-07	1.20608
2.627908e-07	1.1707
2.647908e-07	1.13593
2.667908e-07	1.10299
2.687908e-07	1.07127
2.707908e-07	1.04138
2.727908e-07	1.01149
2.747908e-07	0.98038
2.767908e-07	0.95293
2.787908e-07	0.92731
2.807908e-07	0.89925
2.827908e-07	0.87485
2.847908e-07	0.84862
2.867908e-07	0.82422
2.887908e-07	0.79982
2.907908e-07	0.7803
2.927908e-07	0.75651
2.947908e-07	0.73821
2.967908e-07	0.71442
2.987908e-07	0.69307
3.007908e-07	0.67477
3.027908e-07	0.66074
3.047908e-07	0.64
3.067908e-07	0.62048
3.087908e-07	0.60279
3.107908e-07	0.58937
3.127908e-07	0.57473
3.147908e-07	0.55826
3.167908e-07	0.54179
3.187908e-07	0.53081
3.207908e-07	0.51373
3.227908e-07	0.50031
3.247908e-07	0.48445
3.267908e-07	0.4753
3.287908e-07	0.4631
3.307908e-07	0.44663
3.327908e-07	0.43626
3.347908e-07	0.42711
3.367908e-07	0.41735
3.387908e-07	0.40393
3.407908e-07	0.39295
3.427908e-07	0.38319
3.447908e-07	0.37343
3.467908e-07	0.36489
3.487908e-07	0.35513
3.507908e-07	0.34415
3.527908e-07	0.33317
3.547908e-07	0.32707
3.567908e-07	0.31609
3.587908e-07	0.3106
3.607908e-07	0.30572
3.627908e-07	0.29718
3.647908e-07	0.28681
3.667908e-07	0.28315
3.687908e-07	0.274
3.707908e-07	0.2679
3.727908e-07	0.25997
3.747908e-07	0.25509
3.767908e-07	0.24655
3.787908e-07	0.23679
3.807908e-07	0.23069
3.827908e-07	0.23191
3.847908e-07	0.22154
3.867908e-07	0.21605
3.887908e-07	0.21239
3.907908e-07	0.20812
3.927908e-07	0.20141
3.947908e-07	0.19775
3.967908e-07	0.18982
3.987908e-07	0.18738
4.007908e-07	0.18128
4.027908e-07	0.17945
4.047908e-07	0.17213
4.067908e-07	0.17152
4.087908e-07	0.16481
4.107908e-07	0.15932
4.127908e-07	0.15383
4.147908e-07	0.15383
4.167908e-07	0.1459
4.187908e-07	0.14468
4.207908e-07	0.1398
4.227908e-07	0.13858
4.247908e-07	0.13309
4.267908e-07	0.13004
4.287908e-07	0.12638
4.307908e-07	0.12882
4.327908e-07	0.12211
4.347908e-07	0.11723
4.367908e-07	0.11174
4.387908e-07	0.11601
4.407908e-07	0.1093
4.427908e-07	0.10747
4.447908e-07	0.10259
4.467908e-07	0.10198
4.487908e-07	0.09649
4.507908e-07	0.09832
4.527908e-07	0.09161
4.547908e-07	0.09466
4.567908e-07	0.08795
4.587908e-07	0.0849
4.607908e-07	0.08368
4.627908e-07	0.08124
4.647908e-07	0.07636
4.667908e-07	0.07758
4.687908e-07	0.0727
4.707908e-07	0.0727
4.727908e-07	0.06782
4.747908e-07	0.06721
4.767908e-07	0.06416
4.787908e-07	0.06416
4.807908e-07	0.0605
4.827908e-07	0.06172
4.847908e-07	0.05562
4.867908e-07	0.05501
4.887908e-07	0.05257
4.907908e-07	0.04769
4.927908e-07	0.04891
4.947908e-07	0.05135
4.967908e-07	0.04647
4.987908e-07	0.04281
5.007908e-07	0.04403
5.027908e-07	0.04403
5.047908e-07	0.04281
5.067908e-07	0.03732
5.087908e-07	0.03488
5.107908e-07	0.03793
5.127908e-07	0.03793
5.147908e-07	0.03427
5.167908e-07	0.03305
5.187908e-07	0.03122
5.207908e-07	0.03
5.227908e-07	0.02695
5.247908e-07	0.02695
5.267908e-07	0.02878
5.287908e-07	0.02817
5.307908e-07	0.02634
5.327908e-07	0.02573
5.347908e-07	0.02268
5.367908e-07	0.02146
5.387908e-07	0.02024
5.407908e-07	0.01963
5.427908e-07	0.0178
5.447908e-07	0.01719
5.467908e-07	0.01902
5.487908e-07	0.01658
5.507908e-07	0.01719
5.527908e-07	0.01658
5.547908e-07	0.0117
5.567908e-07	0.01231
5.587908e-07	0.01414
5.607908e-07	0.01353
5.627908e-07	0.01536
5.647908e-07	0.01231
5.667908e-07	0.01292
5.687908e-07	0.00987
5.707908e-07	0.00804
5.727908e-07	0.00621
5.747908e-07	0.00865
5.767908e-07	0.00926
5.787908e-07	0.00621
5.807908e-07	0.00438
5.827908e-07	0.00743
5.847908e-07	0.00804
5.867908e-07	0.00682
5.887908e-07	0.00011
5.907908e-07	0.00255
5.927908e-07	0.0056
5.947908e-07	0.00316
5.967908e-07	0.00072
5.987908e-07	-0.0005
6.007908e-07	0.00011
6.027908e-07	0.00072
6.047908e-07	0.00072
6.067908e-07	-0.00172
6.087908e-07	0.00011
6.107908e-07	-0.0005
6.127908e-07	-0.0005
6.147908e-07	-0.0066
6.167908e-07	-0.00538
6.187908e-07	-0.00538
6.207908e-07	-0.00477
6.227908e-07	-0.00782
6.247908e-07	-0.0066
6.267908e-07	-0.00599
6.287908e-07	-0.00477
6.307908e-07	-0.0066
6.327908e-07	-0.00538
6.347908e-07	-0.00843
6.367908e-07	-0.00965
6.387908e-07	-0.00843
6.407908e-07	-0.01148
6.427908e-07	-0.01148
6.447908e-07	-0.00904
6.467908e-07	-0.00904
6.487908e-07	-0.00599
6.507908e-07	-0.00843
6.527908e-07	-0.01331
6.547908e-07	-0.01453
6.567908e-07	-0.00721
6.587908e-07	-0.00843
6.607908e-07	-0.01209
6.627908e-07	-0.0127
6.647908e-07	-0.01392
6.667908e-07	-0.01026
6.687908e-07	-0.01087
6.707908e-07	-0.01453
6.727908e-07	-0.01026
6.747908e-07	-0.0127
6.767908e-07	-0.01148
6.787908e-07	-0.01392
6.807908e-07	-0.01697
6.827908e-07	-0.01514
6.847908e-07	-0.01148
6.867908e-07	-0.01331
6.887908e-07	-0.01392
6.907908e-07	-0.01392
6.927908e-07	-0.01636
6.947908e-07	-0.01392
6.967908e-07	-0.01392
6.987908e-07	-0.01453
7.007908e-07	-0.0127
7.027908e-07	-0.01331
7.047908e-07	-0.01331
7.067908e-07	-0.0127
7.087908e-07	-0.01636
7.107908e-07	-0.01514
7.127908e-07	-0.01575
7.147908e-07	-0.01697
7.167908e-07	-0.01575
7.187908e-07	-0.01453
7.207908e-07	-0.01819
7.227908e-07	-0.01575
7.247908e-07	-0.01514
7.267908e-07	-0.01758
7.287908e-07	-0.01697
7.307908e-07	-0.01514
7.327908e-07	-0.01636
7.347908e-07	-0.0188
7.367908e-07	-0.0188
7.387908e-07	-0.01575
7.407908e-07	-0.01941
7.427908e-07	-0.01819
7.447908e-07	-0.01636
7.467908e-07	-0.01819
7.487908e-07	-0.01392
7.507908e-07	-0.01636
7.527908e-07	-0.0188
7.547908e-07	-0.01941
7.567908e-07	-0.01514
7.587908e-07	-0.01636
7.607908e-07	-0.01331
7.627908e-07	-0.01636
7.647908e-07	-0.01697
7.667908e-07	-0.01758
7.687908e-07	-0.01514
7.707908e-07	-0.01575
7.727908e-07	-0.01758
7.747908e-07	-0.01697
7.767908e-07	-0.01575
7.787908e-07	-0.01758
7.807908e-07	-0.01758
7.827908e-07	-0.01514
7.847908e-07	-0.01697
7.867908e-07	-0.0188
7.887908e-07	-0.01758
7.907908e-07	-0.01941
7.927908e-07	-0.0188
7.947908e-07	-0.01636
7.967908e-07	-0.01758
7.987908e-07	-0.01758
8.007908e-07	-0.01758
8.027908e-07	-0.01758
8.047908e-07	-0.01758
8.067908e-07	-0.01697
8.087908e-07	-0.01575
8.107908e-07	-0.01758
8.127908e-07	-0.01941
8.147908e-07	-0.01819
8.167908e-07	-0.01941
8.187908e-07	-0.0188
8.207908e-07	-0.02063
8.227908e-07	-0.01758
8.247908e-07	-0.01941
8.267908e-07	-0.01697
8.287908e-07	-0.0188
8.307908e-07	-0.01941
8.327908e-07	-0.01636
8.347908e-07	-0.01758
8.367908e-07	-0.02002
8.387908e-07	-0.02063
8.407908e-07	-0.01941
8.427908e-07	-0.02002
8.447908e-07	-0.01941
8.467908e-07	-0.02063
8.487908e-07	-0.0188
8.507908e-07	-0.02063
8.527908e-07	-0.01819
8.547908e-07	-0.02002
8.567908e-07	-0.02063
8.587908e-07	-0.01941
8.607908e-07	-0.01697
8.627908e-07	-0.0188
8.647908e-07	-0.02185
8.667908e-07	-0.01941
8.687908e-07	-0.02063
8.707908e-07	-0.01819
8.727908e-07	-0.01941
8.747908e-07	-0.01819
8.767908e-07	-0.01819
8.787908e-07	-0.02002
8.807908e-07	-0.01819
8.827908e-07	-0.02002
8.847908e-07	-0.01819
8.867908e-07	-0.01819
8.887908e-07	-0.02002
8.907908e-07	-0.02063
8.927908e-07	-0.02002
8.947908e-07	-0.0188
8.967908e-07	-0.0188
8.987908e-07	-0.01941
9.007908e-07	-0.01941
9.027908e-07	-0.02002
9.047908e-07	-0.02185
9.067908e-07	-0.0188
9.087908e-07	-0.01941
9.107908e-07	-0.02063
9.127908e-07	-0.02063
9.147908e-07	-0.02002
9.167908e-07	-0.02002
9.187908e-07	-0.02063
9.207908e-07	-0.02124
9.227908e-07	-0.02063
9.247908e-07	-0.02246
9.267908e-07	-0.02002
9.287908e-07	-0.02002
9.307908e-07	-0.02307
9.327908e-07	-0.02246
9.347908e-07	-0.02246
9.367908e-07	-0.02124
9.387908e-07	-0.02124
9.407908e-07	-0.0188
9.427908e-07	-0.02124
9.447908e-07	-0.02185
9.467908e-07	-0.02002
9.487908e-07	-0.02368
9.507908e-07	-0.02185
9.527908e-07	-0.02124
9.547908e-07	-0.02185
9.567908e-07	-0.02246
9.587908e-07	-0.02429
9.607908e-07	-0.0249
9.627908e-07	-0.02124
9.647908e-07	-0.02307
9.667908e-07	-0.02185
9.687908e-07	-0.02307
9.707908e-07	-0.02368
9.727908e-07	-0.02551
9.747908e-07	-0.02673
9.767908e-07	-0.0249
9.787908e-07	-0.02063
9.807908e-07	-0.02612
9.827908e-07	-0.02551
9.847908e-07	-0.02185
9.867908e-07	-0.02429
9.887908e-07	-0.02429
9.907908e-07	-0.02612
9.927908e-07	-0.02673
9.947908e-07	-0.0249
9.967908e-07	-0.0249
9.987908e-07	-0.02368
1.000791e-06	-0.02551
1.002791e-06	-0.0249
1.004791e-06	-0.02612
1.006791e-06	-0.02429
1.008791e-06	-0.02551
1.010791e-06	-0.02368
1.012791e-06	-0.02734
1.014791e-06	-0.02612
1.016791e-06	-0.02551
1.018791e-06	-0.0249
1.020791e-06	-0.02795
1.022791e-06	-0.0249
1.024791e-06	-0.0249
1.026791e-06	-0.02368
1.028791e-06	-0.0249
1.030791e-06	-0.02307
1.032791e-06	-0.02368
1.034791e-06	-0.02612
1.036791e-06	-0.0249
1.038791e-06	-0.02307
1.040791e-06	-0.0249
1.042791e-06	-0.02307
1.044791e-06	-0.02551
1.046791e-06	-0.02185
1.048791e-06	-0.02185
1.050791e-06	-0.02307
1.052791e-06	-0.02429
1.054791e-06	-0.02429
1.056791e-06	-0.02368
1.058791e-06	-0.02307
1.060791e-06	-0.02429
1.062791e-06	-0.02246
1.064791e-06	-0.02307
1.066791e-06	-0.02246
1.068791e-06	-0.02368
1.070791e-06	-0.02246
1.072791e-06	-0.02246
1.074791e-06	-0.02246
1.076791e-06	-0.0249
1.078791e-06	-0.02551
1.080791e-06	-0.0249
1.082791e-06	-0.02063
1.084791e-06	-0.02551
1.086791e-06	-0.02429
1.088791e-06	-0.02429
1.090791e-06	-0.02246
1.092791e-06	-0.02246
1.094791e-06	-0.02551
1.096791e-06	-0.02612
1.098791e-06	-0.02246
1.100791e-06	-0.02185
1.102791e-06	-0.02124
1.104791e-06	-0.02307
1.106791e-06	-0.02063
1.108791e-06	-0.02368
1.110791e-06	-0.02246
1.112791e-06	-0.02429
1.114791e-06	-0.02185
1.116791e-06	-0.02368
1.118791e-06	-0.0249
1.120791e-06	-0.02307
1.122791e-06	-0.02185
1.124791e-06	-0.02185
1.126791e-06	-0.02124
1.128791e-06	-0.02185
1.130791e-06	-0.0188
1.132791e-06	-0.02185
1.134791e-06	-0.02185
1.136791e-06	-0.02185
1.138791e-06	-0.02002
1.140791e-06	-0.02246
1.142791e-06	-0.02063
1.144791e-06	-0.02185
1.146791e-06	-0.02063
1.148791e-06	-0.02246
1.150791e-06	-0.02185
1.152791e-06	-0.02002
1.154791e-06	-0.02063
1.156791e-06	-0.02246
1.158791e-06	-0.02063
1.160791e-06	-0.02002
1.162791e-06	-0.02002
1.164791e-06	-0.02246
1.166791e-06	-0.02307
1.168791e-06	-0.02368
1.170791e-06	-0.02124
1.172791e-06	-0.02185
1.174791e-06	-0.02368
1.176791e-06	-0.02185
1.178791e-06	-0.02063
1.180791e-06	-0.02368
1.182791e-06	-0.02185
1.184791e-06	-0.02124
1.186791e-06	-0.02002
1.188791e-06	-0.02124
1.190791e-06	-0.02002
1.192791e-06	-0.02368
1.194791e-06	-0.02124
1.196791e-06	-0.0249
1.198791e-06	-0.02246
1.200791e-06	-0.02185
1.202791e-06	-0.02246
1.204791e-06	-0.02368
1.206791e-06	-0.02307
1.208791e-06	-0.02002
1.210791e-06	-0.02246
1.212791e-06	-0.02368
1.214791e-06	-0.02368
1.216791e-06	-0.02551
1.218791e-06	-0.02368
1.220791e-06	-0.02429
1.222791e-06	-0.0249
1.224791e-06	-0.0249
1.226791e-06	-0.02124
1.228791e-06	-0.02612
1.230791e-06	-0.02368
1.232791e-06	-0.02612
1.234791e-06	-0.02429
1.236791e-06	-0.02612
1.238791e-06	-0.02429
1.240791e-06	-0.02551
1.242791e-06	-0.02673
1.244791e-06	-0.0249
1.246791e-06	-0.02551
1.248791e-06	-0.02551
1.250791e-06	-0.02429
1.252791e-06	-0.0249
1.254791e-06	-0.02429
1.256791e-06	-0.02673
1.258791e-06	-0.02551
1.260791e-06	-0.02368
1.262791e-06	-0.02124
1.264791e-06	-0.0249
1.266791e-06	-0.0249
1.268791e-06	-0.02429
1.270791e-06	-0.0249
1.272791e-06	-0.0249
1.274791e-06	-0.02185
1.276791e-06	-0.02429
1.278791e-06	-0.02368
1.280791e-06	-0.02002
1.282791e-06	-0.01941
1.284791e-06	-0.02246
1.286791e-06	-0.02307
1.288791e-06	-0.02429
1.290791e-06	-0.02124
1.292791e-06	-0.02124
1.294791e-06	-0.02185
1.296791e-06	-0.02185
1.298791e-06	-0.02185
1.300791e-06	-0.02307
1.302791e-06	-0.02246
1.304791e-06	-0.02246
1.306791e-06	-0.02002
1.308791e-06	-0.02185
1.310791e-06	-0.02124
1.312791e-06	-0.02002
1.314791e-06	-0.02307
1.316791e-06	-0.02185
1.318791e-06	-0.02246
1.320791e-06	-0.02307
1.322791e-06	-0.02185
1.324791e-06	-0.02429
1.326791e-06	-0.02429
1.328791e-06	-0.02124
1.330791e-06	-0.02063
1.332791e-06	-0.02124
1.334791e-06	-0.02307
1.336791e-06	-0.02124
1.338791e-06	-0.02002
1.340791e-06	-0.02185
1.342791e-06	-0.02185
1.344791e-06	-0.02307
1.346791e-06	-0.02246
1.348791e-06	-0.02246
1.350791e-06	-0.02429
1.352791e-06	-0.02063
1.354791e-06	-0.02429
1.356791e-06	-0.02368
1.358791e-06	-0.02429
1.360791e-06	-0.02185
1.362791e-06	-0.02124
1.364791e-06	-0.02307
1.366791e-06	-0.02246
1.368791e-06	-0.02124
1.370791e-06	-0.02002
1.372791e-06	-0.02307
1.374791e-06	-0.02307
1.376791e-06	-0.02429
1.378791e-06	-0.02185
1.380791e-06	-0.02368
1.382791e-06	-0.02368
1.384791e-06	-0.02429
1.386791e-06	-0.02002
1.388791e-06	-0.02063
1.390791e-06	-0.02551
1.392791e-06	-0.02063
1.394791e-06	-0.02307
1.396791e-06	-0.02185
1.398791e-06	-0.02307
1.400791e-06	-0.02368
1.402791e-06	-0.0249
1.404791e-06	-0.02063
1.406791e-06	-0.02246
1.408791e-06	-0.02368
1.410791e-06	-0.02246
1.412791e-06	-0.02246
1.414791e-06	-0.02063
1.416791e-06	-0.01941
1.418791e-06	-0.01819
1.420791e-06	-0.01941
1.422791e-06	-0.02063
1.424791e-06	-0.02124
1.426791e-06	-0.02063
1.428791e-06	-0.02246
1.430791e-06	-0.02063
1.432791e-06	-0.02307
1.434791e-06	-0.02185
1.436791e-06	-0.02185
1.438791e-06	-0.02368
1.440791e-06	-0.02185
1.442791e-06	-0.02185
1.444791e-06	-0.02307
1.446791e-06	-0.02185
1.448791e-06	-0.02185
1.450791e-06	-0.02124
1.452791e-06	-0.02429
1.454791e-06	-0.02429
1.456791e-06	-0.02246
1.458791e-06	-0.02307
1.460791e-06	-0.02124
1.462791e-06	-0.02429
1.464791e-06	-0.02246
1.466791e-06	-0.02368
1.468791e-06	-0.02551
1.470791e-06	-0.0249
1.472791e-06	-0.0249
1.474791e-06	-0.0249
1.476791e-06	-0.02429
1.478791e-06	-0.0249
1.480791e-06	-0.02429
1.482791e-06	-0.02246
1.484791e-06	-0.02734
1.486791e-06	-0.02612
1.488791e-06	-0.02673
1.490791e-06	-0.02429
1.492791e-06	-0.02856
1.494791e-06	-0.0249
1.496791e-06	-0.02368
1.498791e-06	-0.02551
1.500791e-06	-0.02551
1.502791e-06	-0.02551
1.504791e-06	-0.0249
1.506791e-06	-0.02307
1.508791e-06	-0.0249
1.510791e-06	-0.02612
1.512791e-06	-0.02551
1.514791e-06	-0.02246
1.516791e-06	-0.02429
1.518791e-06	-0.02429
1.520791e-06	-0.02551
1.522791e-06	-0.02185
1.524791e-06	-0.02368
1.526791e-06	-0.02429
1.528791e-06	-0.0249
1.530791e-06	-0.02368
1.532791e-06	-0.02246
1.534791e-06	-0.02246
1.536791e-06	-0.02368
1.538791e-06	-0.02307
1.540791e-06	-0.0249
1.542791e-06	-0.02551
1.544791e-06	-0.02551
1.546791e-06	-0.02368
1.548791e-06	-0.02246
1.550791e-06	-0.0249
1.552791e-06	-0.02368
1.554791e-06	-0.02307
1.556791e-06	-0.02185
1.558791e-06	-0.02307
1.560791e-06	-0.02246
1.562791e-06	-0.02368
1.564791e-06	-0.02429
1.566791e-06	-0.0249
1.568791e-06	-0.0249
1.570791e-06	-0.02185
1.572791e-06	-0.02185
1.574791e-06	-0.02612
1.576791e-06	-0.02307
1.578791e-06	-0.02185
1.580791e-06	-0.02185
1.582791e-06	-0.02185
1.584791e-06	-0.02246
1.586791e-06	-0.02368
1.588791e-06	-0.0249
1.590791e-06	-0.02307
1.592791e-06	-0.02246
1.594791e-06	-0.02368
1.596791e-06	-0.02307
1.598791e-06	-0.02246
1.600791e-06	-0.02307
1.602791e-06	-0.02124
1.604791e-06	-0.02246
1.606791e-06	-0.0249
1.608791e-06	-0.02307
1.610791e-06	-0.02185
1.612791e-06	-0.02307
1.614791e-06	-0.02673
1.616791e-06	-0.02368
1.618791e-06	-0.02124
1.620791e-06	-0.02429
1.622791e-06	-0.02612
1.624791e-06	-0.0249
1.626791e-06	-0.0249
1.628791e-06	-0.02307
1.630791e-06	-0.02185
1.632791e-06	-0.02429
1.634791e-06	-0.02124
1.636791e-06	-0.02246
1.638791e-06	-0.0249
1.640791e-06	-0.02673
1.642791e-06	-0.02551
1.644791e-06	-0.02734
1.646791e-06	-0.02612
1.648791e-06	-0.02734
1.650791e-06	-0.02429
1.652791e-06	-0.02429
1.654791e-06	-0.02551
1.656791e-06	-0.02551
1.658791e-06	-0.02551
1.660791e-06	-0.02551
1.662791e-06	-0.02612
1.664791e-06	-0.02673
1.666791e-06	-0.02307
1.668791e-06	-0.02429
1.670791e-06	-0.02917
1.672791e-06	-0.02612
1.674791e-06	-0.02551
1.676791e-06	-0.02368
1.678791e-06	-0.02673
1.680791e-06	-0.02917
1.682791e-06	-0.02734
1.684791e-06	-0.02795
1.686791e-06	-0.02612
1.688791e-06	-0.02551
1.690791e-06	-0.02673
1.692791e-06	-0.02673
1.694791e-06	-0.02551
1.696791e-06	-0.02612
1.698791e-06	-0.0249
1.700791e-06	-0.02734
1.702791e-06	-0.02795
1.704791e-06	-0.02551
1.706791e-06	-0.0249
1.708791e-06	-0.0249
1.710791e-06	-0.02795
1.712791e-06	-0.02551
1.714791e-06	-0.02368
1.716791e-06	-0.02612
1.718791e-06	-0.0249
1.720791e-06	-0.0249
1.722791e-06	-0.0249
1.724791e-06	-0.02307
1.726791e-06	-0.02368
1.728791e-06	-0.02551
1.730791e-06	-0.02612
1.732791e-06	-0.02551
1.734791e-06	-0.0249
1.736791e-06	-0.02368
1.738791e-06	-0.02368
1.740791e-06	-0.0249
1.742791e-06	-0.02551
1.744791e-06	-0.02612
1.746791e-06	-0.02368
1.748791e-06	-0.02368
1.750791e-06	-0.02551
1.752791e-06	-0.02551
1.754791e-06	-0.02429
1.756791e-06	-0.02673
1.758791e-06	-0.02307
1.760791e-06	-0.02368
1.762791e-06	-0.02307
1.764791e-06	-0.0249
1.766791e-06	-0.02612
1.768791e-06	-0.02734
1.770791e-06	-0.0249
1.772791e-06	-0.02795
1.774791e-06	-0.02917
1.776791e-06	-0.02551
1.778791e-06	-0.02368
1.780791e-06	-0.02551
1.782791e-06	-0.02734
1.784791e-06	-0.02734
1.786791e-06	-0.02734
1.788791e-06	-0.02734
1.790791e-06	-0.02795
1.792791e-06	-0.02612
1.794791e-06	-0.02856
1.796791e-06	-0.02673
1.798791e-06	-0.02978
1.800791e-06	-0.02795
1.802791e-06	-0.02551
1.804791e-06	-0.02429
1.806791e-06	-0.02734
1.808791e-06	-0.02734
1.810791e-06	-0.02734
1.812791e-06	-0.02734
1.814791e-06	-0.02673
1.816791e-06	-0.02612
1.818791e-06	-0.02246
1.820791e-06	-0.02673
1.822791e-06	-0.0249
1.824791e-06	-0.02734
1.826791e-06	-0.02612
1.828791e-06	-0.02612
1.830791e-06	-0.02307
1.832791e-06	-0.02612
1.834791e-06	-0.02368
1.836791e-06	-0.02368
1.838791e-06	-0.02612
1.840791e-06	-0.02551
1.842791e-06	-0.0249
1.844791e-06	-0.02429
1.846791e-06	-0.02429
1.848791e-06	-0.02368
1.850791e-06	-0.02612
1.852791e-06	-0.02795
1.854791e-06	-0.02612
1.856791e-06	-0.02429
1.858791e-06	-0.02368
1.860791e-06	-0.02612
1.862791e-06	-0.02551
1.864791e-06	-0.02429
1.866791e-06	-0.02429
1.868791e-06	-0.02612
1.870791e-06	-0.02185
1.872791e-06	-0.02307
1.874791e-06	-0.02124
1.876791e-06	-0.02368
1.878791e-06	-0.02307
1.880791e-06	-0.02185
1.882791e-06	-0.02368
1.884791e-06	-0.02185
1.886791e-06	-0.02185
1.888791e-06	-0.0249
1.890791e-06	-0.0188
1.892791e-06	-0.02185
1.894791e-06	-0.02063
1.896791e-06	-0.02246
1.898791e-06	-0.02124
1.900791e-06	-0.02246
1.902791e-06	-0.02185
1.904791e-06	-0.02124
1.906791e-06	-0.02002
1.908791e-06	-0.02185
1.910791e-06	-0.02246
1.912791e-06	-0.02124
1.914791e-06	-0.02124
1.916791e-06	-0.02307
1.918791e-06	-0.02429
1.920791e-06	-0.02307
1.922791e-06	-0.02002
1.924791e-06	-0.02002
1.926791e-06	-0.0249
1.928791e-06	-0.02002
1.930791e-06	-0.01819
1.932791e-06	-0.02307
1.934791e-06	-0.02246
1.936791e-06	-0.02124
1.938791e-06	-0.02002
1.940791e-06	-0.02246
1.942791e-06	-0.02185
1.944791e-06	-0.02185
1.946791e-06	-0.02124
1.948791e-06	-0.02185
1.950791e-06	-0.02124
1.952791e-06	-0.02124
1.954791e-06	-0.02002
1.956791e-06	-0.02185
1.958791e-06	-0.02185
1.960791e-06	-0.02185
1.962791e-06	-0.01941
1.964791e-06	-0.02429
1.966791e-06	-0.02429
1.968791e-06	-0.02368
1.970791e-06	-0.02185
1.972791e-06	-0.02124
1.974791e-06	-0.02429
1.976791e-06	-0.02307
1.978791e-06	-0.02124
1.980791e-06	-0.02368
1.982791e-06	-0.02429
1.984791e-06	-0.02429
1.986791e-06	-0.02551
1.988791e-06	-0.02368
1.990791e-06	-0.02307
1.992791e-06	-0.02246
1.994791e-06	-0.02246
1.996791e-06	-0.02002
1.998791e-06	-0.02185
2.000791e-06	-0.02307
2.002791e-06	-0.02124
2.004791e-06	-0.02124
2.006791e-06	-0.02429
2.008791e-06	-0.02368
2.010791e-06	-0.02429
2.012791e-06	-0.02063
2.014791e-06	-0.02124
2.016791e-06	-0.02185
2.018791e-06	-0.02307
2.020791e-06	-0.02185
2.022791e-06	-0.02612
2.024791e-06	-0.02551
2.026791e-06	-0.02185
2.028791e-06	-0.02246
2.030791e-06	-0.02246
2.032791e-06	-0.02246
2.034791e-06	-0.02063
2.036791e-06	-0.02063
2.038791e-06	-0.02002
2.040791e-06	-0.02063
2.042791e-06	-0.02124
2.044791e-06	-0.02429
2.046791e-06	-0.02368
2.048791e-06	-0.01697
2.050791e-06	-0.01819
2.052791e-06	-0.02124
2.054791e-06	-0.02307
2.056791e-06	-0.02368
2.058791e-06	-0.01941
2.060791e-06	-0.01819
2.062791e-06	-0.02124
2.064791e-06	-0.02551
2.066791e-06	-0.02063
2.068791e-06	-0.02246
2.070791e-06	-0.02002
2.072791e-06	-0.02063
2.074791e-06	-0.02124
2.076791e-06	-0.02185
2.078791e-06	-0.0188
2.080791e-06	-0.02002
2.082791e-06	-0.02124
2.084791e-06	-0.02368
2.086791e-06	-0.02124
2.088791e-06	-0.02002
2.090791e-06	-0.01941
2.092791e-06	-0.0188
2.094791e-06	-0.02002
2.096791e-06	-0.02307
2.098791e-06	-0.01941
2.100791e-06	-0.02063
2.102791e-06	-0.02063
2.104791e-06	-0.0188
2.106791e-06	-0.0188
2.108791e-06	-0.02124
2.110791e-06	-0.0188
2.112791e-06	-0.02124
2.114791e-06	-0.02002
2.116791e-06	-0.0188
2.118791e-06	-0.01697
2.120791e-06	-0.0188
2.122791e-06	-0.01941
2.124791e-06	-0.01758
2.126791e-06	-0.02063
2.128791e-06	-0.01941
2.130791e-06	-0.01941
2.132791e-06	-0.01941
2.134791e-06	-0.02124
2.136791e-06	-0.02246
2.138791e-06	-0.0188
2.140791e-06	-0.02002
2.142791e-06	-0.01941
2.144791e-06	-0.02002
2.146791e-06	-0.02002
2.148791e-06	-0.02246
2.150791e-06	-0.02002
2.152791e-06	-0.02124
2.154791e-06	-0.01941
2.156791e-06	-0.02124
2.158791e-06	-0.02124
2.160791e-06	-0.02002
2.162791e-06	-0.02002
2.164791e-06	-0.02368
2.166791e-06	-0.02185
2.168791e-06	-0.02063
2.170791e-06	-0.02002
2.172791e-06	-0.02368
2.174791e-06	-0.0188
2.176791e-06	-0.02246
2.178791e-06	-0.02307
2.180791e-06	-0.0188
2.182791e-06	-0.02124
2.184791e-06	-0.02307
2.186791e-06	-0.02002
2.188791e-06	-0.02124
2.190791e-06	-0.0188
2.192791e-06	-0.01941
2.194791e-06	-0.02124
2.196791e-06	-0.02429
2.198791e-06	-0.02124
2.200791e-06	-0.02429
2.202791e-06	-0.02307
2.204791e-06	-0.02551
2.206791e-06	-0.02307
2.208791e-06	-0.02429
2.210791e-06	-0.02185
2.212791e-06	-0.02429
2.214791e-06	-0.02368
2.216791e-06	-0.0249
2.218791e-06	-0.02185
2.220791e-06	-0.02551
2.222791e-06	-0.02368
2.224791e-06	-0.02429
2.226791e-06	-0.02429
2.228791e-06	-0.02429
2.230791e-06	-0.02673
2.232791e-06	-0.02612
2.234791e-06	-0.02246
2.236791e-06	-0.02612
2.238791e-06	-0.02429
2.240791e-06	-0.02368
2.242791e-06	-0.02063
2.244791e-06	-0.0249
2.246791e-06	-0.0249
2.248791e-06	-0.02368
2.250791e-06	-0.02002
2.252791e-06	-0.02246
2.254791e-06	-0.02307
2.256791e-06	-0.02246
2.258791e-06	-0.02429
2.260791e-06	-0.02246
2.262791e-06	-0.02368
2.264791e-06	-0.02307
2.266791e-06	-0.01941
2.268791e-06	-0.02246
2.270791e-06	-0.02429
2.272791e-06	-0.02307
2.274791e-06	-0.02185
2.276791e-06	-0.02429
2.278791e-06	-0.02551
2.280791e-06	-0.02429
2.282791e-06	-0.02246
2.284791e-06	-0.02185
2.286791e-06	-0.02246
2.288791e-06	-0.02063
2.290791e-06	-0.02246
2.292791e-06	-0.02002
2.294791e-06	-0.02124
2.296791e-06	-0.02368
2.298791e-06	-0.02185
2.300791e-06	-0.02368
2.302791e-06	-0.02368
2.304791e-06	-0.02368
2.306791e-06	-0.01941
2.308791e-06	-0.02246
2.310791e-06	-0.0249
2.312791e-06	-0.02551
2.314791e-06	-0.02124
2.316791e-06	-0.02429
2.318791e-06	-0.02673
2.320791e-06	-0.02673
2.322791e-06	-0.02246
2.324791e-06	-0.02124
2.326791e-06	-0.02429
2.328791e-06	-0.02185
2.330791e-06	-0.02185
2.332791e-06	-0.02185
2.334791e-06	-0.02246
2.336791e-06	-0.02002
2.338791e-06	-0.01941
2.340791e-06	-0.02124
2.342791e-06	-0.02429
2.344791e-06	-0.02429
2.346791e-06	-0.02002
2.348791e-06	-0.02185
2.350791e-06	-0.02246
2.352791e-06	-0.02063
2.354791e-06	-0.02002
2.356791e-06	-0.02124
2.358791e-06	-0.02246
2.360791e-06	-0.0188
2.362791e-06	-0.01819
2.364791e-06	-0.01941
2.366791e-06	-0.02002
2.368791e-06	-0.01819
2.370791e-06	-0.01941
2.372791e-06	-0.02185
2.374791e-06	-0.02185
2.376791e-06	-0.01697
2.378791e-06	-0.0188
2.380791e-06	-0.02185
2.382791e-06	-0.01941
2.384791e-06	-0.02063
2.386791e-06	-0.02063
2.388791e-06	-0.02368
2.390791e-06	-0.02124
2.392791e-06	-0.01941
2.394791e-06	-0.0188
2.396791e-06	-0.02002
2.398791e-06	-0.02124
2.400791e-06	-0.02124
2.402791e-06	-0.02063
2.404791e-06	-0.02246
2.406791e-06	-0.02002
2.408791e-06	-0.02185
2.410791e-06	-0.02124
2.412791e-06	-0.02307
2.414791e-06	-0.02185
2.416791e-06	-0.02246
2.418791e-06	-0.02002
2.420791e-06	-0.02185
2.422791e-06	-0.02063
2.424791e-06	-0.02063
2.426791e-06	-0.02063
2.428791e-06	-0.02246
2.430791e-06	-0.02307
2.432791e-06	-0.02185
2.434791e-06	-0.01758
2.436791e-06	-0.02307
2.438791e-06	-0.02429
2.440791e-06	-0.02124
2.442791e-06	-0.02002
2.444791e-06	-0.02246
2.446791e-06	-0.02063
2.448791e-06	-0.02246
2.450791e-06	-0.02246
2.452791e-06	-0.02368
2.454791e-06	-0.0188
2.456791e-06	-0.02246
2.458791e-06	-0.02063
2.460791e-06	-0.02307
2.462791e-06	-0.02673
2.464791e-06	-0.02551
2.466791e-06	-0.02185
2.468791e-06	-0.02429
2.470791e-06	-0.0249
2.472791e-06	-0.02429
2.474791e-06	-0.02185
2.476791e-06	-0.0249
2.478791e-06	-0.02124
2.480791e-06	-0.02124
2.482791e-06	-0.02063
2.484791e-06	-0.02124
2.486791e-06	-0.02307
2.488791e-06	-0.02063
2.490791e-06	-0.02185
2.492791e-06	-0.02246
2.494791e-06	-0.02429
2.496791e-06	-0.02124
2.498791e-06	-0.02124
2.500791e-06	-0.02124
