LECROYHDO6104A	50809	Waveform
Segments	1	SegmentSize	2502
Segment	TrigTime	TimeSinceSegment1
#1	19-Dec-2022 19:55:52	0                 
Time	Ampl
-2.501244e-06	-0.02625
-2.499244e-06	-0.02584
-2.497244e-06	-0.02748
-2.495244e-06	-0.02543
-2.493244e-06	-0.02748
-2.491244e-06	-0.02543
-2.489244e-06	-0.02338
-2.487244e-06	-0.02256
-2.485244e-06	-0.02748
-2.483244e-06	-0.02625
-2.481244e-06	-0.02461
-2.479244e-06	-0.02338
-2.477244e-06	-0.02748
-2.475244e-06	-0.02871
-2.473244e-06	-0.0242
-2.471244e-06	-0.02461
-2.469244e-06	-0.02584
-2.467244e-06	-0.02584
-2.465244e-06	-0.02666
-2.463244e-06	-0.02502
-2.461244e-06	-0.02666
-2.459244e-06	-0.02707
-2.457244e-06	-0.02461
-2.455244e-06	-0.02543
-2.453244e-06	-0.02871
-2.451244e-06	-0.02666
-2.449244e-06	-0.02502
-2.447244e-06	-0.02297
-2.445244e-06	-0.02748
-2.443244e-06	-0.0242
-2.441244e-06	-0.02584
-2.439244e-06	-0.02215
-2.437244e-06	-0.02666
-2.435244e-06	-0.0242
-2.433244e-06	-0.02584
-2.431244e-06	-0.02133
-2.429244e-06	-0.02584
-2.427244e-06	-0.0242
-2.425244e-06	-0.02379
-2.423244e-06	-0.02502
-2.421244e-06	-0.02584
-2.419244e-06	-0.02379
-2.417244e-06	-0.02297
-2.415244e-06	-0.02297
-2.413244e-06	-0.02789
-2.411244e-06	-0.02584
-2.409244e-06	-0.02379
-2.407244e-06	-0.02215
-2.405244e-06	-0.02707
-2.403244e-06	-0.02092
-2.401244e-06	-0.02092
-2.399244e-06	-0.016
-2.397244e-06	-0.02584
-2.395244e-06	-0.02666
-2.393244e-06	-0.02338
-2.391244e-06	-0.02133
-2.389244e-06	-0.02174
-2.387244e-06	-0.02461
-2.385244e-06	-0.02543
-2.383244e-06	-0.02174
-2.381244e-06	-0.02215
-2.379244e-06	-0.01846
-2.377244e-06	-0.02338
-2.375244e-06	-0.02092
-2.373244e-06	-0.01969
-2.371244e-06	-0.02215
-2.369244e-06	-0.02256
-2.367244e-06	-0.02338
-2.365244e-06	-0.0242
-2.363244e-06	-0.02133
-2.361244e-06	-0.02215
-2.359244e-06	-0.02174
-2.357244e-06	-0.02297
-2.355244e-06	-0.02133
-2.353244e-06	-0.01887
-2.351244e-06	-0.02133
-2.349244e-06	-0.02338
-2.347244e-06	-0.02215
-2.345244e-06	-0.02215
-2.343244e-06	-0.02092
-2.341244e-06	-0.02297
-2.339244e-06	-0.02215
-2.337244e-06	-0.02133
-2.335244e-06	-0.02215
-2.333244e-06	-0.02256
-2.331244e-06	-0.02297
-2.329244e-06	-0.02092
-2.327244e-06	-0.02051
-2.325244e-06	-0.02625
-2.323244e-06	-0.02461
-2.321244e-06	-0.02133
-2.319244e-06	-0.02051
-2.317244e-06	-0.0242
-2.315244e-06	-0.02256
-2.313244e-06	-0.02215
-2.311244e-06	-0.02174
-2.309244e-06	-0.02379
-2.307244e-06	-0.02338
-2.305244e-06	-0.02133
-2.303244e-06	-0.01887
-2.301244e-06	-0.0242
-2.299244e-06	-0.02502
-2.297244e-06	-0.02379
-2.295244e-06	-0.02092
-2.293244e-06	-0.02666
-2.291244e-06	-0.02256
-2.289244e-06	-0.02215
-2.287244e-06	-0.02215
-2.285244e-06	-0.02584
-2.283244e-06	-0.02297
-2.281244e-06	-0.02174
-2.279244e-06	-0.02051
-2.277244e-06	-0.02584
-2.275244e-06	-0.02502
-2.273244e-06	-0.02297
-2.271244e-06	-0.01887
-2.269244e-06	-0.02543
-2.267244e-06	-0.02502
-2.265244e-06	-0.02707
-2.263244e-06	-0.02215
-2.261244e-06	-0.02256
-2.259244e-06	-0.02174
-2.257244e-06	-0.0242
-2.255244e-06	-0.02338
-2.253244e-06	-0.0242
-2.251244e-06	-0.02256
-2.249244e-06	-0.02215
-2.247244e-06	-0.02215
-2.245244e-06	-0.02297
-2.243244e-06	-0.02338
-2.241244e-06	-0.02338
-2.239244e-06	-0.02174
-2.237244e-06	-0.02543
-2.235244e-06	-0.02051
-2.233244e-06	-0.02379
-2.231244e-06	-0.02215
-2.229244e-06	-0.02379
-2.227244e-06	-0.02461
-2.225244e-06	-0.02133
-2.223244e-06	-0.0242
-2.221244e-06	-0.02379
-2.219244e-06	-0.02256
-2.217244e-06	-0.02174
-2.215244e-06	-0.02133
-2.213244e-06	-0.02256
-2.211244e-06	-0.02297
-2.209244e-06	-0.02133
-2.207244e-06	-0.02215
-2.205244e-06	-0.02502
-2.203244e-06	-0.02215
-2.201244e-06	-0.02379
-2.199244e-06	-0.02051
-2.197244e-06	-0.02256
-2.195244e-06	-0.02051
-2.193244e-06	-0.02256
-2.191244e-06	-0.02215
-2.189244e-06	-0.02707
-2.187244e-06	-0.02215
-2.185244e-06	-0.02338
-2.183244e-06	-0.02133
-2.181244e-06	-0.02174
-2.179244e-06	-0.02174
-2.177244e-06	-0.02215
-2.175244e-06	-0.02133
-2.173244e-06	-0.02543
-2.171244e-06	-0.02584
-2.169244e-06	-0.02502
-2.167244e-06	-0.01969
-2.165244e-06	-0.02256
-2.163244e-06	-0.02543
-2.161244e-06	-0.02133
-2.159244e-06	-0.02092
-2.157244e-06	-0.02502
-2.155244e-06	-0.02379
-2.153244e-06	-0.02215
-2.151244e-06	-0.02297
-2.149244e-06	-0.02379
-2.147244e-06	-0.02256
-2.145244e-06	-0.0242
-2.143244e-06	-0.02133
-2.141244e-06	-0.0242
-2.139244e-06	-0.02584
-2.137244e-06	-0.0242
-2.135244e-06	-0.02338
-2.133244e-06	-0.02625
-2.131244e-06	-0.02256
-2.129244e-06	-0.02338
-2.127244e-06	-0.02215
-2.125244e-06	-0.02461
-2.123244e-06	-0.02297
-2.121244e-06	-0.02502
-2.119244e-06	-0.02174
-2.117244e-06	-0.02297
-2.115244e-06	-0.02461
-2.113244e-06	-0.02707
-2.111244e-06	-0.02461
-2.109244e-06	-0.02748
-2.107244e-06	-0.02461
-2.105244e-06	-0.02256
-2.103244e-06	-0.02215
-2.101244e-06	-0.0242
-2.099244e-06	-0.02174
-2.097244e-06	-0.02379
-2.095244e-06	-0.02215
-2.093244e-06	-0.02338
-2.091244e-06	-0.02461
-2.089244e-06	-0.02584
-2.087244e-06	-0.02215
-2.085244e-06	-0.02543
-2.083244e-06	-0.02543
-2.081244e-06	-0.02461
-2.079244e-06	-0.02297
-2.077244e-06	-0.02789
-2.075244e-06	-0.02502
-2.073244e-06	-0.02625
-2.071244e-06	-0.0242
-2.069244e-06	-0.02666
-2.067244e-06	-0.02584
-2.065244e-06	-0.02584
-2.063244e-06	-0.02379
-2.061244e-06	-0.02625
-2.059244e-06	-0.02707
-2.057244e-06	-0.02707
-2.055244e-06	-0.02379
-2.053244e-06	-0.02379
-2.051244e-06	-0.0242
-2.049244e-06	-0.02502
-2.047244e-06	-0.02502
-2.045244e-06	-0.02543
-2.043244e-06	-0.02625
-2.041244e-06	-0.02584
-2.039244e-06	-0.02256
-2.037244e-06	-0.02584
-2.035244e-06	-0.02543
-2.033244e-06	-0.0242
-2.031244e-06	-0.02174
-2.029244e-06	-0.02379
-2.027244e-06	-0.0242
-2.025244e-06	-0.02379
-2.023244e-06	-0.0242
-2.021244e-06	-0.02625
-2.019244e-06	-0.02502
-2.017244e-06	-0.0242
-2.015244e-06	-0.02215
-2.013244e-06	-0.02707
-2.011244e-06	-0.02543
-2.009244e-06	-0.02379
-2.007244e-06	-0.02379
-2.005244e-06	-0.02461
-2.003244e-06	-0.02502
-2.001244e-06	-0.02379
-1.999244e-06	-0.02338
-1.997244e-06	-0.02748
-1.995244e-06	-0.02625
-1.993244e-06	-0.02543
-1.991244e-06	-0.02092
-1.989244e-06	-0.02543
-1.987244e-06	-0.02502
-1.985244e-06	-0.02379
-1.983244e-06	-0.02174
-1.981244e-06	-0.02502
-1.979244e-06	-0.02461
-1.977244e-06	-0.02584
-1.975244e-06	-0.02379
-1.973244e-06	-0.02543
-1.971244e-06	-0.02502
-1.969244e-06	-0.0242
-1.967244e-06	-0.02379
-1.965244e-06	-0.02461
-1.963244e-06	-0.02502
-1.961244e-06	-0.02543
-1.959244e-06	-0.02256
-1.957244e-06	-0.02297
-1.955244e-06	-0.02502
-1.953244e-06	-0.02666
-1.951244e-06	-0.02297
-1.949244e-06	-0.02953
-1.947244e-06	-0.02666
-1.945244e-06	-0.02543
-1.943244e-06	-0.02256
-1.941244e-06	-0.02584
-1.939244e-06	-0.02379
-1.937244e-06	-0.02543
-1.935244e-06	-0.0242
-1.933244e-06	-0.02666
-1.931244e-06	-0.02461
-1.929244e-06	-0.02748
-1.927244e-06	-0.02215
-1.925244e-06	-0.02543
-1.923244e-06	-0.02502
-1.921244e-06	-0.0242
-1.919244e-06	-0.02256
-1.917244e-06	-0.02461
-1.915244e-06	-0.02338
-1.913244e-06	-0.02502
-1.911244e-06	-0.02297
-1.909244e-06	-0.02789
-1.907244e-06	-0.02133
-1.905244e-06	-0.02215
-1.903244e-06	-0.0242
-1.901244e-06	-0.02666
-1.899244e-06	-0.02174
-1.897244e-06	-0.02338
-1.895244e-06	-0.02338
-1.893244e-06	-0.02543
-1.891244e-06	-0.02379
-1.889244e-06	-0.02338
-1.887244e-06	-0.0201
-1.885244e-06	-0.0242
-1.883244e-06	-0.02256
-1.881244e-06	-0.0242
-1.879244e-06	-0.02297
-1.877244e-06	-0.02584
-1.875244e-06	-0.02215
-1.873244e-06	-0.02215
-1.871244e-06	-0.02338
-1.869244e-06	-0.02666
-1.867244e-06	-0.01846
-1.865244e-06	-0.01805
-1.863244e-06	-0.01887
-1.861244e-06	-0.0242
-1.859244e-06	-0.02215
-1.857244e-06	-0.02461
-1.855244e-06	-0.02051
-1.853244e-06	-0.02338
-1.851244e-06	-0.0201
-1.849244e-06	-0.02338
-1.847244e-06	-0.02215
-1.845244e-06	-0.02379
-1.843244e-06	-0.02256
-1.841244e-06	-0.02215
-1.839244e-06	-0.0201
-1.837244e-06	-0.02174
-1.835244e-06	-0.02051
-1.833244e-06	-0.01928
-1.831244e-06	-0.02174
-1.829244e-06	-0.02133
-1.827244e-06	-0.01969
-1.825244e-06	-0.02297
-1.823244e-06	-0.02133
-1.821244e-06	-0.02297
-1.819244e-06	-0.02092
-1.817244e-06	-0.02051
-1.815244e-06	-0.02092
-1.813244e-06	-0.02092
-1.811244e-06	-0.02174
-1.809244e-06	-0.0242
-1.807244e-06	-0.02092
-1.805244e-06	-0.02092
-1.803244e-06	-0.02092
-1.801244e-06	-0.02174
-1.799244e-06	-0.02051
-1.797244e-06	-0.02215
-1.795244e-06	-0.02256
-1.793244e-06	-0.02338
-1.791244e-06	-0.02092
-1.789244e-06	-0.02461
-1.787244e-06	-0.02051
-1.785244e-06	-0.0242
-1.783244e-06	-0.02133
-1.781244e-06	-0.02461
-1.779244e-06	-0.02461
-1.777244e-06	-0.02174
-1.775244e-06	-0.02133
-1.773244e-06	-0.02502
-1.771244e-06	-0.02379
-1.769244e-06	-0.0242
-1.767244e-06	-0.02338
-1.765244e-06	-0.0242
-1.763244e-06	-0.02543
-1.761244e-06	-0.0242
-1.759244e-06	-0.02297
-1.757244e-06	-0.0242
-1.755244e-06	-0.02297
-1.753244e-06	-0.02338
-1.751244e-06	-0.02297
-1.749244e-06	-0.02461
-1.747244e-06	-0.0242
-1.745244e-06	-0.02461
-1.743244e-06	-0.02338
-1.741244e-06	-0.02748
-1.739244e-06	-0.0242
-1.737244e-06	-0.02461
-1.735244e-06	-0.02461
-1.733244e-06	-0.02625
-1.731244e-06	-0.02584
-1.729244e-06	-0.02625
-1.727244e-06	-0.02379
-1.725244e-06	-0.02297
-1.723244e-06	-0.02461
-1.721244e-06	-0.0242
-1.719244e-06	-0.02379
-1.717244e-06	-0.0242
-1.715244e-06	-0.02133
-1.713244e-06	-0.02338
-1.711244e-06	-0.02092
-1.709244e-06	-0.02543
-1.707244e-06	-0.02502
-1.705244e-06	-0.02297
-1.703244e-06	-0.02133
-1.701244e-06	-0.02502
-1.699244e-06	-0.02338
-1.697244e-06	-0.02256
-1.695244e-06	-0.02338
-1.693244e-06	-0.02543
-1.691244e-06	-0.02256
-1.689244e-06	-0.02379
-1.687244e-06	-0.02297
-1.685244e-06	-0.02584
-1.683244e-06	-0.02338
-1.681244e-06	-0.02297
-1.679244e-06	-0.02461
-1.677244e-06	-0.02543
-1.675244e-06	-0.02707
-1.673244e-06	-0.02461
-1.671244e-06	-0.0242
-1.669244e-06	-0.02461
-1.667244e-06	-0.02461
-1.665244e-06	-0.02543
-1.663244e-06	-0.0242
-1.661244e-06	-0.02707
-1.659244e-06	-0.02502
-1.657244e-06	-0.02338
-1.655244e-06	-0.0242
-1.653244e-06	-0.02625
-1.651244e-06	-0.02625
-1.649244e-06	-0.0242
-1.647244e-06	-0.02502
-1.645244e-06	-0.02666
-1.643244e-06	-0.02543
-1.641244e-06	-0.02461
-1.639244e-06	-0.0242
-1.637244e-06	-0.02625
-1.635244e-06	-0.02789
-1.633244e-06	-0.02215
-1.631244e-06	-0.02297
-1.629244e-06	-0.0283
-1.627244e-06	-0.02748
-1.625244e-06	-0.02297
-1.623244e-06	-0.02379
-1.621244e-06	-0.02666
-1.619244e-06	-0.02502
-1.617244e-06	-0.02748
-1.615244e-06	-0.02502
-1.613244e-06	-0.02584
-1.611244e-06	-0.02379
-1.609244e-06	-0.0242
-1.607244e-06	-0.02133
-1.605244e-06	-0.02584
-1.603244e-06	-0.02379
-1.601244e-06	-0.02543
-1.599244e-06	-0.02748
-1.597244e-06	-0.02584
-1.595244e-06	-0.02666
-1.593244e-06	-0.02502
-1.591244e-06	-0.02379
-1.589244e-06	-0.02789
-1.587244e-06	-0.02707
-1.585244e-06	-0.02584
-1.583244e-06	-0.02379
-1.581244e-06	-0.02871
-1.579244e-06	-0.02707
-1.577244e-06	-0.02789
-1.575244e-06	-0.02584
-1.573244e-06	-0.02789
-1.571244e-06	-0.02748
-1.569244e-06	-0.02625
-1.567244e-06	-0.0242
-1.565244e-06	-0.02748
-1.563244e-06	-0.02502
-1.561244e-06	-0.02707
-1.559244e-06	-0.0242
-1.557244e-06	-0.02666
-1.555244e-06	-0.02379
-1.553244e-06	-0.02461
-1.551244e-06	-0.02379
-1.549244e-06	-0.02707
-1.547244e-06	-0.02461
-1.545244e-06	-0.02502
-1.543244e-06	-0.02502
-1.541244e-06	-0.02625
-1.539244e-06	-0.02625
-1.537244e-06	-0.02584
-1.535244e-06	-0.02338
-1.533244e-06	-0.02502
-1.531244e-06	-0.02748
-1.529244e-06	-0.02502
-1.527244e-06	-0.02338
-1.525244e-06	-0.02953
-1.523244e-06	-0.02789
-1.521244e-06	-0.02584
-1.519244e-06	-0.02379
-1.517244e-06	-0.02584
-1.515244e-06	-0.02625
-1.513244e-06	-0.02625
-1.511244e-06	-0.0242
-1.509244e-06	-0.02584
-1.507244e-06	-0.02461
-1.505244e-06	-0.02707
-1.503244e-06	-0.02502
-1.501244e-06	-0.02871
-1.499244e-06	-0.0242
-1.497244e-06	-0.02461
-1.495244e-06	-0.02338
-1.493244e-06	-0.02625
-1.491244e-06	-0.02625
-1.489244e-06	-0.02707
-1.487244e-06	-0.02338
-1.485244e-06	-0.02707
-1.483244e-06	-0.02543
-1.481244e-06	-0.02297
-1.479244e-06	-0.02379
-1.477244e-06	-0.02707
-1.475244e-06	-0.02584
-1.473244e-06	-0.02543
-1.471244e-06	-0.02625
-1.469244e-06	-0.02543
-1.467244e-06	-0.02461
-1.465244e-06	-0.0242
-1.463244e-06	-0.02256
-1.461244e-06	-0.02584
-1.459244e-06	-0.02584
-1.457244e-06	-0.02707
-1.455244e-06	-0.02338
-1.453244e-06	-0.02707
-1.451244e-06	-0.02379
-1.449244e-06	-0.02297
-1.447244e-06	-0.0242
-1.445244e-06	-0.02584
-1.443244e-06	-0.02379
-1.441244e-06	-0.02666
-1.439244e-06	-0.0242
-1.437244e-06	-0.02707
-1.435244e-06	-0.02461
-1.433244e-06	-0.02461
-1.431244e-06	-0.02461
-1.429244e-06	-0.02502
-1.427244e-06	-0.0242
-1.425244e-06	-0.02297
-1.423244e-06	-0.02215
-1.421244e-06	-0.02297
-1.419244e-06	-0.02256
-1.417244e-06	-0.02256
-1.415244e-06	-0.02256
-1.413244e-06	-0.02461
-1.411244e-06	-0.02338
-1.409244e-06	-0.02174
-1.407244e-06	-0.02174
-1.405244e-06	-0.02871
-1.403244e-06	-0.02461
-1.401244e-06	-0.02297
-1.399244e-06	-0.02215
-1.397244e-06	-0.02543
-1.395244e-06	-0.02256
-1.393244e-06	-0.02543
-1.391244e-06	-0.02174
-1.389244e-06	-0.02379
-1.387244e-06	-0.02502
-1.385244e-06	-0.02461
-1.383244e-06	-0.02297
-1.381244e-06	-0.0242
-1.379244e-06	-0.02133
-1.377244e-06	-0.02256
-1.375244e-06	-0.02338
-1.373244e-06	-0.02707
-1.371244e-06	-0.0242
-1.369244e-06	-0.02584
-1.367244e-06	-0.02338
-1.365244e-06	-0.0242
-1.363244e-06	-0.02297
-1.361244e-06	-0.02297
-1.359244e-06	-0.02461
-1.357244e-06	-0.02543
-1.355244e-06	-0.02297
-1.353244e-06	-0.0242
-1.351244e-06	-0.02256
-1.349244e-06	-0.02461
-1.347244e-06	-0.0242
-1.345244e-06	-0.02174
-1.343244e-06	-0.01969
-1.341244e-06	-0.02379
-1.339244e-06	-0.0242
-1.337244e-06	-0.02297
-1.335244e-06	-0.01887
-1.333244e-06	-0.0242
-1.331244e-06	-0.02133
-1.329244e-06	-0.02051
-1.327244e-06	-0.02215
-1.325244e-06	-0.02502
-1.323244e-06	-0.02297
-1.321244e-06	-0.02215
-1.319244e-06	-0.02133
-1.317244e-06	-0.02461
-1.315244e-06	-0.02338
-1.313244e-06	-0.0242
-1.311244e-06	-0.02338
-1.309244e-06	-0.02461
-1.307244e-06	-0.0242
-1.305244e-06	-0.02461
-1.303244e-06	-0.02174
-1.301244e-06	-0.02297
-1.299244e-06	-0.0242
-1.297244e-06	-0.02338
-1.295244e-06	-0.02092
-1.293244e-06	-0.02502
-1.291244e-06	-0.02092
-1.289244e-06	-0.02215
-1.287244e-06	-0.0201
-1.285244e-06	-0.02297
-1.283244e-06	-0.02133
-1.281244e-06	-0.02215
-1.279244e-06	-0.02092
-1.277244e-06	-0.02051
-1.275244e-06	-0.02174
-1.273244e-06	-0.02051
-1.271244e-06	-0.02215
-1.269244e-06	-0.0242
-1.267244e-06	-0.02297
-1.265244e-06	-0.02215
-1.263244e-06	-0.02092
-1.261244e-06	-0.0242
-1.259244e-06	-0.02338
-1.257244e-06	-0.02256
-1.255244e-06	-0.02133
-1.253244e-06	-0.02338
-1.251244e-06	-0.02379
-1.249244e-06	-0.02256
-1.247244e-06	-0.02133
-1.245244e-06	-0.02256
-1.243244e-06	-0.02051
-1.241244e-06	-0.02543
-1.239244e-06	-0.02461
-1.237244e-06	-0.02461
-1.235244e-06	-0.02174
-1.233244e-06	-0.02625
-1.231244e-06	-0.02625
-1.229244e-06	-0.02502
-1.227244e-06	-0.02297
-1.225244e-06	-0.02297
-1.223244e-06	-0.02461
-1.221244e-06	-0.0283
-1.219244e-06	-0.02461
-1.217244e-06	-0.02584
-1.215244e-06	-0.02625
-1.213244e-06	-0.02912
-1.211244e-06	-0.02871
-1.209244e-06	-0.0283
-1.207244e-06	-0.02379
-1.205244e-06	-0.02584
-1.203244e-06	-0.02584
-1.201244e-06	-0.02502
-1.199244e-06	-0.0242
-1.197244e-06	-0.02543
-1.195244e-06	-0.02666
-1.193244e-06	-0.02502
-1.191244e-06	-0.0242
-1.189244e-06	-0.02748
-1.187244e-06	-0.02748
-1.185244e-06	-0.02666
-1.183244e-06	-0.02338
-1.181244e-06	-0.02666
-1.179244e-06	-0.02707
-1.177244e-06	-0.02748
-1.175244e-06	-0.02543
-1.173244e-06	-0.02502
-1.171244e-06	-0.0283
-1.169244e-06	-0.02707
-1.167244e-06	-0.02543
-1.165244e-06	-0.02625
-1.163244e-06	-0.02666
-1.161244e-06	-0.02584
-1.159244e-06	-0.02543
-1.157244e-06	-0.02543
-1.155244e-06	-0.02789
-1.153244e-06	-0.02748
-1.151244e-06	-0.02584
-1.149244e-06	-0.02707
-1.147244e-06	-0.02707
-1.145244e-06	-0.02789
-1.143244e-06	-0.02379
-1.141244e-06	-0.02707
-1.139244e-06	-0.02871
-1.137244e-06	-0.02789
-1.135244e-06	-0.02543
-1.133244e-06	-0.02707
-1.131244e-06	-0.02789
-1.129244e-06	-0.02543
-1.127244e-06	-0.0283
-1.125244e-06	-0.02789
-1.123244e-06	-0.0283
-1.121244e-06	-0.02666
-1.119244e-06	-0.02174
-1.117244e-06	-0.02666
-1.115244e-06	-0.02789
-1.113244e-06	-0.02625
-1.111244e-06	-0.02584
-1.109244e-06	-0.02584
-1.107244e-06	-0.02707
-1.105244e-06	-0.02543
-1.103244e-06	-0.02584
-1.101244e-06	-0.02707
-1.099244e-06	-0.02666
-1.097244e-06	-0.02584
-1.095244e-06	-0.02297
-1.093244e-06	-0.02666
-1.091244e-06	-0.02789
-1.089244e-06	-0.02625
-1.087244e-06	-0.02502
-1.085244e-06	-0.02994
-1.083244e-06	-0.0283
-1.081244e-06	-0.02625
-1.079244e-06	-0.02748
-1.077244e-06	-0.02953
-1.075244e-06	-0.02994
-1.073244e-06	-0.02707
-1.071244e-06	-0.02584
-1.069244e-06	-0.02789
-1.067244e-06	-0.02789
-1.065244e-06	-0.02625
-1.063244e-06	-0.02502
-1.061244e-06	-0.02502
-1.059244e-06	-0.02461
-1.057244e-06	-0.02502
-1.055244e-06	-0.0242
-1.053244e-06	-0.02502
-1.051244e-06	-0.02748
-1.049244e-06	-0.02789
-1.047244e-06	-0.02461
-1.045244e-06	-0.02748
-1.043244e-06	-0.0242
-1.041244e-06	-0.0242
-1.039244e-06	-0.02461
-1.037244e-06	-0.02666
-1.035244e-06	-0.02625
-1.033244e-06	-0.0242
-1.031244e-06	-0.02461
-1.029244e-06	-0.02707
-1.027244e-06	-0.02666
-1.025244e-06	-0.02584
-1.023244e-06	-0.02584
-1.021244e-06	-0.02748
-1.019244e-06	-0.02625
-1.017244e-06	-0.02871
-1.015244e-06	-0.02707
-1.013244e-06	-0.0283
-1.011244e-06	-0.02707
-1.009244e-06	-0.02584
-1.007244e-06	-0.02543
-1.005244e-06	-0.02502
-1.003244e-06	-0.02748
-1.001244e-06	-0.02625
-9.992442e-07	-0.02543
-9.972442e-07	-0.0242
-9.952442e-07	-0.02584
-9.932442e-07	-0.02461
-9.912442e-07	-0.02502
-9.892442e-07	-0.02543
-9.872442e-07	-0.02502
-9.852442e-07	-0.02625
-9.832442e-07	-0.02502
-9.812442e-07	-0.0283
-9.792442e-07	-0.02789
-9.772442e-07	-0.02584
-9.752442e-07	-0.02461
-9.732442e-07	-0.02461
-9.712442e-07	-0.02625
-9.692442e-07	-0.02502
-9.672442e-07	-0.02297
-9.652442e-07	-0.02666
-9.632442e-07	-0.02215
-9.612442e-07	-0.02379
-9.592442e-07	-0.02256
-9.572442e-07	-0.02543
-9.552442e-07	-0.02461
-9.532442e-07	-0.02379
-9.512442e-07	-0.02338
-9.492442e-07	-0.02502
-9.472442e-07	-0.02625
-9.452442e-07	-0.0242
-9.432442e-07	-0.02133
-9.412442e-07	-0.02502
-9.392442e-07	-0.02461
-9.372442e-07	-0.02338
-9.352442e-07	-0.02256
-9.332442e-07	-0.02707
-9.312442e-07	-0.02707
-9.292442e-07	-0.02625
-9.272442e-07	-0.02297
-9.252442e-07	-0.02625
-9.232442e-07	-0.02502
-9.212442e-07	-0.02461
-9.192442e-07	-0.02543
-9.172442e-07	-0.02379
-9.152442e-07	-0.02625
-9.132442e-07	-0.02502
-9.112442e-07	-0.02461
-9.092442e-07	-0.02502
-9.072442e-07	-0.02461
-9.052442e-07	-0.02502
-9.032442e-07	-0.02502
-9.012442e-07	-0.02584
-8.992442e-07	-0.02707
-8.972442e-07	-0.02625
-8.952442e-07	-0.02379
-8.932442e-07	-0.02584
-8.912442e-07	-0.0242
-8.892442e-07	-0.02461
-8.872442e-07	-0.02379
-8.852442e-07	-0.02502
-8.832442e-07	-0.02379
-8.812442e-07	-0.02379
-8.792442e-07	-0.02297
-8.772442e-07	-0.02584
-8.752442e-07	-0.02666
-8.732442e-07	-0.02338
-8.712442e-07	-0.02215
-8.692442e-07	-0.02707
-8.672442e-07	-0.02256
-8.652442e-07	-0.02338
-8.632442e-07	-0.02256
-8.612442e-07	-0.02338
-8.592442e-07	-0.02379
-8.572442e-07	-0.02297
-8.552442e-07	-0.02256
-8.532442e-07	-0.02625
-8.512442e-07	-0.02133
-8.492442e-07	-0.02297
-8.472442e-07	-0.02215
-8.452442e-07	-0.02625
-8.432442e-07	-0.02338
-8.412442e-07	-0.01969
-8.392442e-07	-0.02174
-8.372442e-07	-0.02338
-8.352442e-07	-0.02502
-8.332442e-07	-0.02461
-8.312442e-07	-0.02379
-8.292442e-07	-0.02748
-8.272442e-07	-0.0242
-8.252442e-07	-0.02256
-8.232442e-07	-0.02461
-8.212442e-07	-0.02625
-8.192442e-07	-0.02502
-8.172442e-07	-0.0242
-8.152442e-07	-0.0242
-8.132442e-07	-0.02502
-8.112442e-07	-0.02543
-8.092442e-07	-0.02543
-8.072442e-07	-0.02297
-8.052442e-07	-0.02584
-8.032442e-07	-0.02584
-8.012442e-07	-0.02543
-7.992442e-07	-0.02338
-7.972442e-07	-0.02871
-7.952442e-07	-0.02666
-7.932442e-07	-0.02502
-7.912442e-07	-0.02379
-7.892442e-07	-0.0283
-7.872442e-07	-0.02584
-7.852442e-07	-0.02502
-7.832442e-07	-0.0242
-7.812442e-07	-0.02666
-7.792442e-07	-0.03035
-7.772442e-07	-0.02789
-7.752442e-07	-0.02461
-7.732442e-07	-0.02912
-7.712442e-07	-0.02748
-7.692442e-07	-0.02666
-7.672442e-07	-0.02666
-7.652442e-07	-0.02666
-7.632442e-07	-0.02748
-7.612442e-07	-0.02215
-7.592442e-07	-0.02584
-7.572442e-07	-0.02666
-7.552442e-07	-0.02543
-7.532442e-07	-0.02338
-7.512442e-07	-0.02502
-7.492442e-07	-0.02666
-7.472442e-07	-0.02543
-7.452442e-07	-0.02543
-7.432442e-07	-0.02502
-7.412442e-07	-0.02707
-7.392442e-07	-0.02748
-7.372442e-07	-0.02461
-7.352442e-07	-0.02789
-7.332442e-07	-0.02994
-7.312442e-07	-0.02625
-7.292442e-07	-0.02625
-7.272442e-07	-0.02461
-7.252442e-07	-0.02666
-7.232442e-07	-0.02707
-7.212442e-07	-0.02584
-7.192442e-07	-0.02543
-7.172442e-07	-0.02584
-7.152442e-07	-0.02625
-7.132442e-07	-0.02379
-7.112442e-07	-0.0242
-7.092442e-07	-0.02666
-7.072442e-07	-0.02707
-7.052442e-07	-0.02707
-7.032442e-07	-0.02379
-7.012442e-07	-0.02625
-6.992442e-07	-0.02584
-6.972442e-07	-0.02297
-6.952442e-07	-0.02502
-6.932442e-07	-0.02666
-6.912442e-07	-0.02625
-6.892442e-07	-0.02625
-6.872442e-07	-0.02297
-6.852442e-07	-0.02625
-6.832442e-07	-0.02584
-6.812442e-07	-0.02666
-6.792442e-07	-0.02256
-6.772442e-07	-0.02707
-6.752442e-07	-0.02584
-6.732442e-07	-0.02338
-6.712442e-07	-0.02133
-6.692442e-07	-0.02256
-6.672442e-07	-0.02092
-6.652442e-07	-0.02256
-6.632442e-07	-0.02133
-6.612442e-07	-0.02256
-6.592442e-07	-0.02461
-6.572442e-07	-0.02215
-6.552442e-07	-0.02092
-6.532442e-07	-0.02338
-6.512442e-07	-0.02379
-6.492442e-07	-0.02174
-6.472442e-07	-0.02092
-6.452442e-07	-0.02338
-6.432442e-07	-0.01846
-6.412442e-07	-0.01969
-6.392442e-07	-0.01723
-6.372442e-07	-0.02215
-6.352442e-07	-0.02051
-6.332442e-07	-0.02051
-6.312442e-07	-0.01764
-6.292442e-07	-0.01764
-6.272442e-07	-0.02051
-6.252442e-07	-0.02092
-6.232442e-07	-0.01969
-6.212442e-07	-0.01928
-6.192442e-07	-0.01969
-6.172442e-07	-0.01477
-6.152442e-07	-0.01969
-6.132442e-07	-0.02215
-6.112442e-07	-0.01805
-6.092442e-07	-0.01805
-6.072442e-07	-0.01805
-6.052442e-07	-0.02051
-6.032442e-07	-0.01887
-6.012442e-07	-0.01887
-5.992442e-07	-0.01887
-5.972442e-07	-0.02174
-5.952442e-07	-0.01969
-5.932442e-07	-0.01969
-5.912442e-07	-0.01846
-5.892442e-07	-0.02215
-5.872442e-07	-0.02256
-5.852442e-07	-0.01887
-5.832442e-07	-0.02092
-5.812442e-07	-0.02092
-5.792442e-07	-0.0201
-5.772442e-07	-0.02215
-5.752442e-07	-0.02174
-5.732442e-07	-0.02338
-5.712442e-07	-0.02174
-5.692442e-07	-0.02338
-5.672442e-07	-0.02051
-5.652442e-07	-0.02338
-5.632442e-07	-0.01887
-5.612442e-07	-0.02338
-5.592442e-07	-0.02133
-5.572442e-07	-0.02297
-5.552442e-07	-0.02256
-5.532442e-07	-0.02092
-5.512442e-07	-0.02133
-5.492442e-07	-0.02379
-5.472442e-07	-0.02256
-5.452442e-07	-0.02297
-5.432442e-07	-0.02133
-5.412442e-07	-0.0283
-5.392442e-07	-0.02297
-5.372442e-07	-0.0242
-5.352442e-07	-0.02379
-5.332442e-07	-0.02543
-5.312442e-07	-0.02502
-5.292442e-07	-0.02379
-5.272442e-07	-0.02379
-5.252442e-07	-0.02461
-5.232442e-07	-0.02461
-5.212442e-07	-0.02379
-5.192442e-07	-0.02297
-5.172442e-07	-0.02543
-5.152442e-07	-0.02584
-5.132442e-07	-0.0242
-5.112442e-07	-0.02338
-5.092442e-07	-0.02379
-5.072442e-07	-0.0242
-5.052442e-07	-0.02379
-5.032442e-07	-0.02297
-5.012442e-07	-0.02707
-4.992442e-07	-0.02338
-4.972442e-07	-0.02666
-4.952442e-07	-0.02256
-4.932442e-07	-0.02256
-4.912442e-07	-0.02461
-4.892442e-07	-0.0242
-4.872442e-07	-0.02379
-4.852442e-07	-0.0242
-4.832442e-07	-0.02174
-4.812442e-07	-0.02256
-4.792442e-07	-0.02174
-4.772442e-07	-0.02584
-4.752442e-07	-0.02543
-4.732442e-07	-0.02297
-4.712442e-07	-0.02215
-4.692442e-07	-0.02297
-4.672442e-07	-0.02297
-4.652442e-07	-0.02502
-4.632442e-07	-0.02215
-4.612442e-07	-0.02256
-4.592442e-07	-0.02297
-4.572442e-07	-0.02338
-4.552442e-07	-0.02133
-4.532442e-07	-0.02379
-4.512442e-07	-0.02297
-4.492442e-07	-0.02256
-4.472442e-07	-0.0201
-4.452442e-07	-0.02133
-4.432442e-07	-0.02297
-4.412442e-07	-0.02051
-4.392442e-07	-0.01887
-4.372442e-07	-0.02051
-4.352442e-07	-0.02461
-4.332442e-07	-0.02174
-4.312442e-07	-0.02133
-4.292442e-07	-0.02215
-4.272442e-07	-0.02338
-4.252442e-07	-0.02133
-4.232442e-07	-0.02215
-4.212442e-07	-0.02543
-4.192442e-07	-0.0242
-4.172442e-07	-0.0242
-4.152442e-07	-0.02215
-4.132442e-07	-0.02543
-4.112442e-07	-0.02297
-4.092442e-07	-0.02215
-4.072442e-07	-0.02133
-4.052442e-07	-0.02502
-4.032442e-07	-0.02215
-4.012442e-07	-0.02133
-3.992442e-07	-0.02174
-3.972442e-07	-0.02379
-3.952442e-07	-0.02092
-3.932442e-07	-0.01887
-3.912442e-07	-0.02051
-3.892442e-07	-0.02502
-3.872442e-07	-0.02215
-3.852442e-07	-0.02379
-3.832442e-07	-0.02215
-3.812442e-07	-0.02543
-3.792442e-07	-0.02215
-3.772442e-07	-0.0242
-3.752442e-07	-0.0201
-3.732442e-07	-0.02379
-3.712442e-07	-0.02379
-3.692442e-07	-0.02256
-3.672442e-07	-0.02215
-3.652442e-07	-0.02338
-3.632442e-07	-0.02461
-3.612442e-07	-0.0242
-3.592442e-07	-0.02502
-3.572442e-07	-0.02461
-3.552442e-07	-0.0242
-3.532442e-07	-0.02338
-3.512442e-07	-0.02502
-3.492442e-07	-0.02379
-3.472442e-07	-0.02461
-3.452442e-07	-0.02461
-3.432442e-07	-0.02256
-3.412442e-07	-0.02502
-3.392442e-07	-0.02625
-3.372442e-07	-0.02625
-3.352442e-07	-0.02338
-3.332442e-07	-0.02338
-3.312442e-07	-0.02338
-3.292442e-07	-0.02584
-3.272442e-07	-0.02461
-3.252442e-07	-0.02502
-3.232442e-07	-0.02789
-3.212442e-07	-0.02584
-3.192442e-07	-0.02461
-3.172442e-07	-0.02748
-3.152442e-07	-0.02625
-3.132442e-07	-0.02625
-3.112442e-07	-0.02789
-3.092442e-07	-0.02912
-3.072442e-07	-0.02379
-3.052442e-07	-0.02707
-3.032442e-07	-0.02584
-3.012442e-07	-0.03076
-2.992442e-07	-0.02912
-2.972442e-07	-0.02502
-2.952442e-07	-0.02215
-2.932442e-07	-0.02666
-2.912442e-07	-0.02912
-2.892442e-07	-0.02584
-2.872442e-07	-0.02256
-2.852442e-07	-0.02789
-2.832442e-07	-0.02953
-2.812442e-07	-0.02789
-2.792442e-07	-0.0242
-2.772442e-07	-0.02584
-2.752442e-07	-0.02789
-2.732442e-07	-0.02871
-2.712442e-07	-0.02584
-2.692442e-07	-0.02748
-2.672442e-07	-0.02666
-2.652442e-07	-0.02707
-2.632442e-07	-0.02543
-2.612442e-07	-0.02543
-2.592442e-07	-0.02707
-2.572442e-07	-0.0283
-2.552442e-07	-0.02502
-2.532442e-07	-0.02707
-2.512442e-07	-0.02666
-2.492442e-07	-0.02625
-2.472442e-07	-0.02461
-2.452442e-07	-0.02461
-2.432442e-07	-0.02502
-2.412442e-07	-0.02871
-2.392442e-07	-0.02461
-2.372442e-07	-0.02789
-2.352442e-07	-0.02666
-2.332442e-07	-0.02625
-2.312442e-07	-0.02789
-2.292442e-07	-0.03035
-2.272442e-07	-0.02789
-2.252442e-07	-0.02871
-2.232442e-07	-0.02502
-2.212442e-07	-0.02666
-2.192442e-07	-0.02748
-2.172442e-07	-0.0283
-2.152442e-07	-0.02666
-2.132442e-07	-0.02584
-2.112442e-07	-0.02666
-2.092442e-07	-0.02502
-2.072442e-07	-0.02461
-2.052442e-07	-0.0283
-2.032442e-07	-0.02707
-2.012442e-07	-0.02461
-1.992442e-07	-0.02502
-1.972442e-07	-0.02584
-1.952442e-07	-0.02666
-1.932442e-07	-0.02666
-1.912442e-07	-0.02379
-1.892442e-07	-0.02584
-1.872442e-07	-0.0242
-1.852442e-07	-0.02461
-1.832442e-07	-0.02215
-1.812442e-07	-0.02625
-1.792442e-07	-0.02461
-1.772442e-07	-0.02379
-1.752442e-07	-0.02256
-1.732442e-07	-0.02666
-1.712442e-07	-0.02174
-1.692442e-07	-0.0242
-1.672442e-07	-0.02379
-1.652442e-07	-0.02748
-1.632442e-07	-0.02625
-1.612442e-07	-0.02666
-1.592442e-07	-0.02625
-1.572442e-07	-0.02789
-1.552442e-07	-0.02543
-1.532442e-07	-0.02666
-1.512442e-07	-0.02502
-1.492442e-07	-0.0242
-1.472442e-07	-0.02256
-1.452442e-07	-0.02379
-1.432442e-07	-0.02502
-1.412442e-07	-0.02871
-1.392442e-07	-0.0283
-1.372442e-07	-0.02584
-1.352442e-07	-0.02707
-1.332442e-07	-0.02789
-1.312442e-07	-0.02748
-1.292442e-07	-0.0283
-1.272442e-07	-0.02543
-1.252442e-07	-0.02666
-1.232442e-07	-0.02625
-1.212442e-07	-0.02502
-1.192442e-07	-0.02502
-1.172442e-07	-0.02789
-1.152442e-07	-0.02502
-1.132442e-07	-0.02707
-1.112442e-07	-0.02461
-1.092442e-07	-0.02912
-1.072442e-07	-0.02748
-1.052442e-07	-0.02584
-1.032442e-07	-0.02379
-1.012442e-07	-0.02953
-9.924425e-08	-0.02461
-9.724425e-08	-0.02666
-9.524425e-08	-0.02666
-9.324425e-08	-0.02666
-9.124425e-08	-0.02748
-8.924425e-08	-0.02625
-8.724425e-08	-0.0242
-8.524425e-08	-0.02871
-8.324425e-08	-0.02625
-8.124425e-08	-0.02502
-7.924425e-08	-0.02625
-7.724425e-08	-0.0283
-7.524425e-08	-0.02748
-7.324425e-08	-0.02789
-7.124425e-08	-0.02625
-6.924425e-08	-0.02748
-6.724425e-08	-0.02666
-6.524425e-08	-0.02707
-6.324425e-08	-0.02625
-6.124425e-08	-0.02625
-5.924425e-08	-0.0242
-5.724425e-08	-0.02379
-5.524425e-08	-0.02543
-5.324425e-08	-0.02666
-5.124425e-08	-0.02625
-4.924425e-08	-0.02748
-4.724425e-08	-0.02338
-4.524425e-08	-0.02625
-4.324425e-08	-0.02379
-4.124425e-08	-0.02379
-3.924425e-08	-0.0242
-3.724425e-08	-0.02543
-3.524425e-08	-0.02584
-3.324425e-08	-0.0242
-3.124425e-08	-0.02256
-2.924425e-08	-0.02543
-2.724425e-08	-0.02461
-2.524425e-08	-0.02461
-2.324425e-08	-0.02379
-2.124425e-08	-0.0242
-1.924425e-08	-0.02338
-1.724425e-08	-0.02502
-1.524425e-08	-0.02707
-1.324425e-08	-0.02666
-1.124425e-08	-0.0242
-9.244248e-09	-0.0242
-7.244248e-09	-0.02338
-5.244248e-09	-0.02379
-3.244248e-09	-0.02379
-1.244248e-09	-0.02338
7.557525e-10	-0.02297
2.755752e-09	-0.02502
4.755752e-09	-0.02174
6.755752e-09	-0.02256
8.755752e-09	-0.02338
1.075575e-08	-0.02338
1.275575e-08	-0.02502
1.475575e-08	-0.02256
1.675575e-08	-0.02174
1.875575e-08	-0.02461
2.075575e-08	-0.02543
2.275575e-08	-0.02051
2.475575e-08	-0.02051
2.675575e-08	-0.02625
2.875575e-08	-0.02461
3.075575e-08	-0.02256
3.275575e-08	-0.0201
3.475575e-08	-0.02215
3.675575e-08	-0.02338
3.875575e-08	-0.02379
4.075575e-08	-0.02256
4.275575e-08	-0.02543
4.475575e-08	-0.02543
4.675575e-08	-0.02338
4.875575e-08	-0.0242
5.075575e-08	-0.02625
5.275575e-08	-0.02338
5.475575e-08	-0.02256
5.675575e-08	-0.02256
5.875575e-08	-0.02543
6.075575e-08	-0.02584
6.275575e-08	-0.0242
6.475575e-08	-0.02174
6.675575e-08	-0.02543
6.875575e-08	-0.0242
7.075575e-08	-0.02338
7.275575e-08	-0.02297
7.475575e-08	-0.0242
7.675575e-08	-0.02502
7.875575e-08	-0.02625
8.075575e-08	-0.0242
8.275575e-08	-0.02707
8.475575e-08	-0.02748
8.675575e-08	-0.02748
8.875575e-08	-0.02502
9.075575e-08	-0.02666
9.275575e-08	-0.02789
9.475575e-08	-0.02584
9.675575e-08	-0.02666
9.875575e-08	-0.0242
1.007558e-07	-0.02133
1.027558e-07	-0.02379
1.047558e-07	-0.02051
1.067558e-07	-0.02379
1.087558e-07	-0.0242
1.107558e-07	-0.02297
1.127558e-07	-0.02174
1.147558e-07	-0.02502
1.167558e-07	-0.02133
1.187558e-07	-0.02174
1.207558e-07	-0.02215
1.227558e-07	-0.02461
1.247558e-07	-0.0242
1.267558e-07	-0.02256
1.287558e-07	-0.01969
1.307558e-07	-0.01928
1.327558e-07	-0.01108
1.347558e-07	0.00655
1.367558e-07	0.03443
1.387558e-07	0.0824
1.407558e-07	0.14349
1.427558e-07	0.21483
1.447558e-07	0.2874
1.467558e-07	0.3612
1.487558e-07	0.43377
1.507558e-07	0.49978
1.527558e-07	0.56579
1.547558e-07	0.62565
1.567558e-07	0.6851
1.587558e-07	0.7343
1.607558e-07	0.78145
1.627558e-07	0.82163
1.647558e-07	0.86099
1.667558e-07	0.89338
1.687558e-07	0.92003
1.707558e-07	0.94504
1.727558e-07	0.96677
1.747558e-07	0.97948
1.767558e-07	0.99383
1.787558e-07	0.99916
1.807558e-07	1.01187
1.827558e-07	1.0131
1.847558e-07	1.01556
1.867558e-07	1.01187
1.887558e-07	1.01269
1.907558e-07	1.00859
1.927558e-07	1.00039
1.947558e-07	0.9926
1.967558e-07	0.98768
1.987558e-07	0.9762
2.007558e-07	0.96759
2.027558e-07	0.95529
2.047558e-07	0.94258
2.067558e-07	0.92782
2.087558e-07	0.91511
2.107558e-07	0.90158
2.127558e-07	0.88887
2.147558e-07	0.87206
2.167558e-07	0.85894
2.187558e-07	0.84131
2.207558e-07	0.82696
2.227558e-07	0.81056
2.247558e-07	0.79416
2.267558e-07	0.7794
2.287558e-07	0.76464
2.307558e-07	0.74619
2.327558e-07	0.73512
2.347558e-07	0.71872
2.367558e-07	0.70314
2.387558e-07	0.68756
2.407558e-07	0.67567
2.427558e-07	0.65763
2.447558e-07	0.64451
2.467558e-07	0.63139
2.487558e-07	0.61786
2.507558e-07	0.60064
2.527558e-07	0.58547
2.547558e-07	0.57317
2.567558e-07	0.56046
2.587558e-07	0.54652
2.607558e-07	0.53668
2.627558e-07	0.52274
2.647558e-07	0.51085
2.667558e-07	0.4965
2.687558e-07	0.48584
2.707558e-07	0.47354
2.727558e-07	0.46329
2.747558e-07	0.4514
2.767558e-07	0.44033
2.787558e-07	0.42885
2.807558e-07	0.41901
2.827558e-07	0.40712
2.847558e-07	0.39646
2.867558e-07	0.38703
2.887558e-07	0.37801
2.907558e-07	0.36612
2.927558e-07	0.36079
2.947558e-07	0.34808
2.967558e-07	0.34029
2.987558e-07	0.33045
3.007558e-07	0.32225
3.027558e-07	0.31692
3.047558e-07	0.30831
3.067558e-07	0.30134
3.087558e-07	0.29232
3.107558e-07	0.28412
3.127558e-07	0.27715
3.147558e-07	0.27059
3.167558e-07	0.26362
3.187558e-07	0.25829
3.207558e-07	0.25296
3.227558e-07	0.2423
3.247558e-07	0.23779
3.267558e-07	0.23451
3.287558e-07	0.23
3.307558e-07	0.21934
3.327558e-07	0.21483
3.347558e-07	0.21032
3.367558e-07	0.20827
3.387558e-07	0.19597
3.407558e-07	0.19228
3.427558e-07	0.19023
3.447558e-07	0.18654
3.467558e-07	0.17957
3.487558e-07	0.17547
3.507558e-07	0.17014
3.527558e-07	0.16604
3.547558e-07	0.16153
3.567558e-07	0.15784
3.587558e-07	0.15251
3.607558e-07	0.14759
3.627558e-07	0.14349
3.647558e-07	0.14144
3.667558e-07	0.13734
3.687558e-07	0.13611
3.707558e-07	0.13037
3.727558e-07	0.12914
3.747558e-07	0.12258
3.767558e-07	0.12176
3.787558e-07	0.11807
3.807558e-07	0.11561
3.827558e-07	0.11315
3.847558e-07	0.10987
3.867558e-07	0.10372
3.887558e-07	0.10413
3.907558e-07	0.10167
3.927558e-07	0.09716
3.947558e-07	0.09306
3.967558e-07	0.09265
3.987558e-07	0.08814
4.007558e-07	0.08773
4.027558e-07	0.08363
4.047558e-07	0.08322
4.067558e-07	0.07748
4.087558e-07	0.07789
4.107558e-07	0.07338
4.127558e-07	0.07297
4.147558e-07	0.07338
4.167558e-07	0.07092
4.187558e-07	0.06723
4.207558e-07	0.06477
4.227558e-07	0.06477
4.247558e-07	0.0619
4.267558e-07	0.05821
4.287558e-07	0.05985
4.307558e-07	0.05739
4.327558e-07	0.05411
4.347558e-07	0.05247
4.367558e-07	0.05247
4.387558e-07	0.04837
4.407558e-07	0.04796
4.427558e-07	0.04468
4.447558e-07	0.04386
4.467558e-07	0.04591
4.487558e-07	0.04468
4.507558e-07	0.03771
4.527558e-07	0.03976
4.547558e-07	0.03648
4.567558e-07	0.0332
4.587558e-07	0.03197
4.607558e-07	0.03402
4.627558e-07	0.03074
4.647558e-07	0.03033
4.667558e-07	0.03033
4.687558e-07	0.02787
4.707558e-07	0.02746
4.727558e-07	0.02418
4.747558e-07	0.02623
4.767558e-07	0.02623
4.787558e-07	0.02295
4.807558e-07	0.02336
4.827558e-07	0.01967
4.847558e-07	0.01762
4.867558e-07	0.0168
4.887558e-07	0.01844
4.907558e-07	0.01721
4.927558e-07	0.01393
4.947558e-07	0.01516
4.967558e-07	0.01311
4.987558e-07	0.01311
5.007558e-07	0.0127
5.027558e-07	0.01147
5.047558e-07	0.01065
5.067558e-07	0.0086
5.087558e-07	0.01024
5.107558e-07	0.01065
5.127558e-07	0.0086
5.147558e-07	0.00491
5.167558e-07	0.01106
5.187558e-07	0.00737
5.207558e-07	0.00491
5.227558e-07	0.00368
5.247558e-07	0.00368
5.267558e-07	0.00409
5.287558e-07	0.00286
5.307558e-07	-0.00042
5.327558e-07	0.0004
5.347558e-07	0.00327
5.367558e-07	0.00081
5.387558e-07	0.00122
5.407558e-07	-0.00083
5.427558e-07	-0.00124
5.447558e-07	0.0004
5.467558e-07	-0.00329
5.487558e-07	-0.00165
5.507558e-07	-0.00329
5.527558e-07	-0.00411
5.547558e-07	-0.00206
5.567558e-07	-0.00452
5.587558e-07	-0.00411
5.607558e-07	-0.0037
5.627558e-07	-0.00657
5.647558e-07	-0.00657
5.667558e-07	-0.00493
5.687558e-07	-0.00698
5.707558e-07	-0.00862
5.727558e-07	-0.00616
5.747558e-07	-0.0078
5.767558e-07	-0.0078
5.787558e-07	-0.00944
5.807558e-07	-0.00698
5.827558e-07	-0.0078
5.847558e-07	-0.0078
5.867558e-07	-0.01231
5.887558e-07	-0.01026
5.907558e-07	-0.0078
5.927558e-07	-0.01026
5.947558e-07	-0.0119
5.967558e-07	-0.01313
5.987558e-07	-0.00985
6.007558e-07	-0.01067
6.027558e-07	-0.01354
6.047558e-07	-0.01272
6.067558e-07	-0.01354
6.087558e-07	-0.01272
6.107558e-07	-0.01641
6.127558e-07	-0.01436
6.147558e-07	-0.01395
6.167558e-07	-0.01436
6.187558e-07	-0.01723
6.207558e-07	-0.01846
6.227558e-07	-0.01764
6.247558e-07	-0.01682
6.267558e-07	-0.01887
6.287558e-07	-0.01764
6.307558e-07	-0.01764
6.327558e-07	-0.01764
6.347558e-07	-0.01764
6.367558e-07	-0.01723
6.387558e-07	-0.01805
6.407558e-07	-0.01723
6.427558e-07	-0.01928
6.447558e-07	-0.01969
6.467558e-07	-0.02051
6.487558e-07	-0.02174
6.507558e-07	-0.02051
6.527558e-07	-0.0201
6.547558e-07	-0.01928
6.567558e-07	-0.02256
6.587558e-07	-0.02215
6.607558e-07	-0.02297
6.627558e-07	-0.02256
6.647558e-07	-0.02297
6.667558e-07	-0.02215
6.687558e-07	-0.02133
6.707558e-07	-0.02133
6.727558e-07	-0.02133
6.747558e-07	-0.0242
6.767558e-07	-0.02256
6.787558e-07	-0.02297
6.807558e-07	-0.02297
6.827558e-07	-0.02174
6.847558e-07	-0.02051
6.867558e-07	-0.02256
6.887558e-07	-0.02215
6.907558e-07	-0.02297
6.927558e-07	-0.02174
6.947558e-07	-0.02379
6.967558e-07	-0.02256
6.987558e-07	-0.02502
7.007558e-07	-0.02543
7.027558e-07	-0.0242
7.047558e-07	-0.02379
7.067558e-07	-0.02338
7.087558e-07	-0.02338
7.107558e-07	-0.0242
7.127558e-07	-0.02215
7.147558e-07	-0.02543
7.167558e-07	-0.02379
7.187558e-07	-0.02543
7.207558e-07	-0.02215
7.227558e-07	-0.02584
7.247558e-07	-0.02379
7.267558e-07	-0.02584
7.287558e-07	-0.02133
7.307558e-07	-0.02625
7.327558e-07	-0.02502
7.347558e-07	-0.02256
7.367558e-07	-0.02133
7.387558e-07	-0.02379
7.407558e-07	-0.0242
7.427558e-07	-0.02338
7.447558e-07	-0.02215
7.467558e-07	-0.02543
7.487558e-07	-0.02256
7.507558e-07	-0.02297
7.527558e-07	-0.0242
7.547558e-07	-0.02174
7.567558e-07	-0.02338
7.587558e-07	-0.02584
7.607558e-07	-0.02256
7.627558e-07	-0.02297
7.647558e-07	-0.02297
7.667558e-07	-0.02256
7.687558e-07	-0.02256
7.707558e-07	-0.02625
7.727558e-07	-0.02379
7.747558e-07	-0.02543
7.767558e-07	-0.02502
7.787558e-07	-0.02707
7.807558e-07	-0.02789
7.827558e-07	-0.02461
7.847558e-07	-0.02502
7.867558e-07	-0.02625
7.887558e-07	-0.02584
7.907558e-07	-0.02338
7.927558e-07	-0.02338
7.947558e-07	-0.02502
7.967558e-07	-0.02748
7.987558e-07	-0.02379
8.007558e-07	-0.02502
8.027558e-07	-0.02625
8.047558e-07	-0.02871
8.067558e-07	-0.0242
8.087558e-07	-0.02584
8.107558e-07	-0.02707
8.127558e-07	-0.0283
8.147558e-07	-0.02625
8.167558e-07	-0.02502
8.187558e-07	-0.02625
8.207558e-07	-0.0283
8.227558e-07	-0.02625
8.247558e-07	-0.02502
8.267558e-07	-0.02584
8.287558e-07	-0.02379
8.307558e-07	-0.02502
8.327558e-07	-0.02297
8.347558e-07	-0.02707
8.367558e-07	-0.02625
8.387558e-07	-0.02338
8.407558e-07	-0.02461
8.427558e-07	-0.02789
8.447558e-07	-0.02625
8.467558e-07	-0.02707
8.487558e-07	-0.02625
8.507558e-07	-0.02871
8.527558e-07	-0.02379
8.547558e-07	-0.02379
8.567558e-07	-0.02297
8.587558e-07	-0.02707
8.607558e-07	-0.02461
8.627558e-07	-0.02543
8.647558e-07	-0.02338
8.667558e-07	-0.02215
8.687558e-07	-0.02625
8.707558e-07	-0.02707
8.727558e-07	-0.02625
8.747558e-07	-0.02502
8.767558e-07	-0.0242
8.787558e-07	-0.02379
8.807558e-07	-0.0283
8.827558e-07	-0.02666
8.847558e-07	-0.0242
8.867558e-07	-0.02625
8.887558e-07	-0.02461
8.907558e-07	-0.02789
8.927558e-07	-0.02584
8.947558e-07	-0.02543
8.967558e-07	-0.02461
8.987558e-07	-0.02584
9.007558e-07	-0.02379
9.027558e-07	-0.02133
9.047558e-07	-0.02338
9.067558e-07	-0.02543
9.087558e-07	-0.0242
9.107558e-07	-0.02297
9.127558e-07	-0.02297
9.147558e-07	-0.02379
9.167558e-07	-0.0242
9.187558e-07	-0.02379
9.207558e-07	-0.02051
9.227558e-07	-0.02215
9.247558e-07	-0.02461
9.267558e-07	-0.0201
9.287558e-07	-0.02338
9.307558e-07	-0.02584
9.327558e-07	-0.02625
9.347558e-07	-0.02338
9.367558e-07	-0.02256
9.387558e-07	-0.0242
9.407558e-07	-0.02174
9.427558e-07	-0.02666
9.447558e-07	-0.02379
9.467558e-07	-0.02461
9.487558e-07	-0.02297
9.507558e-07	-0.02666
9.527558e-07	-0.02584
9.547558e-07	-0.02625
9.567558e-07	-0.02625
9.587558e-07	-0.02379
9.607558e-07	-0.02461
9.627558e-07	-0.02625
9.647558e-07	-0.02461
9.667558e-07	-0.02297
9.687558e-07	-0.02133
9.707558e-07	-0.02502
9.727558e-07	-0.02543
9.747558e-07	-0.0242
9.767558e-07	-0.02338
9.787558e-07	-0.02379
9.807558e-07	-0.02338
9.827558e-07	-0.02297
9.847558e-07	-0.02215
9.867558e-07	-0.02584
9.887558e-07	-0.0242
9.907558e-07	-0.02379
9.927558e-07	-0.02133
9.947558e-07	-0.02502
9.967558e-07	-0.02461
9.987558e-07	-0.02297
1.000756e-06	-0.02256
1.002756e-06	-0.02461
1.004756e-06	-0.02502
1.006756e-06	-0.02256
1.008756e-06	-0.0201
1.010756e-06	-0.02461
1.012756e-06	-0.02256
1.014756e-06	-0.02584
1.016756e-06	-0.02543
1.018756e-06	-0.02502
1.020756e-06	-0.02338
1.022756e-06	-0.02379
1.024756e-06	-0.02338
1.026756e-06	-0.02584
1.028756e-06	-0.02666
1.030756e-06	-0.02666
1.032756e-06	-0.02256
1.034756e-06	-0.02707
1.036756e-06	-0.02502
1.038756e-06	-0.02666
1.040756e-06	-0.02297
1.042756e-06	-0.02707
1.044756e-06	-0.0283
1.046756e-06	-0.02748
1.048756e-06	-0.02502
1.050756e-06	-0.0283
1.052756e-06	-0.02584
1.054756e-06	-0.02461
1.056756e-06	-0.02502
1.058756e-06	-0.02666
1.060756e-06	-0.02502
1.062756e-06	-0.0242
1.064756e-06	-0.02543
1.066756e-06	-0.02994
1.068756e-06	-0.02297
1.070756e-06	-0.02338
1.072756e-06	-0.02297
1.074756e-06	-0.02625
1.076756e-06	-0.02584
1.078756e-06	-0.02502
1.080756e-06	-0.02461
1.082756e-06	-0.02174
1.084756e-06	-0.02461
1.086756e-06	-0.02461
1.088756e-06	-0.02625
1.090756e-06	-0.02543
1.092756e-06	-0.02338
1.094756e-06	-0.02338
1.096756e-06	-0.02297
1.098756e-06	-0.02625
1.100756e-06	-0.02174
1.102756e-06	-0.02338
1.104756e-06	-0.02051
1.106756e-06	-0.02379
1.108756e-06	-0.02133
1.110756e-06	-0.02461
1.112756e-06	-0.02297
1.114756e-06	-0.02338
1.116756e-06	-0.02133
1.118756e-06	-0.01969
1.120756e-06	-0.02174
1.122756e-06	-0.02502
1.124756e-06	-0.02215
1.126756e-06	-0.02297
1.128756e-06	-0.02174
1.130756e-06	-0.02543
1.132756e-06	-0.02297
1.134756e-06	-0.02297
1.136756e-06	-0.0201
1.138756e-06	-0.02502
1.140756e-06	-0.02051
1.142756e-06	-0.02092
1.144756e-06	-0.02174
1.146756e-06	-0.02215
1.148756e-06	-0.02256
1.150756e-06	-0.02256
1.152756e-06	-0.02092
1.154756e-06	-0.02379
1.156756e-06	-0.0242
1.158756e-06	-0.02502
1.160756e-06	-0.02338
1.162756e-06	-0.02502
1.164756e-06	-0.02297
1.166756e-06	-0.02338
1.168756e-06	-0.02092
1.170756e-06	-0.0242
1.172756e-06	-0.02338
1.174756e-06	-0.02707
1.176756e-06	-0.02502
1.178756e-06	-0.02379
1.180756e-06	-0.0242
1.182756e-06	-0.02256
1.184756e-06	-0.02133
1.186756e-06	-0.02379
1.188756e-06	-0.02215
1.190756e-06	-0.02174
1.192756e-06	-0.02174
1.194756e-06	-0.02379
1.196756e-06	-0.0242
1.198756e-06	-0.02215
1.200756e-06	-0.02297
1.202756e-06	-0.02461
1.204756e-06	-0.02174
1.206756e-06	-0.02215
1.208756e-06	-0.02174
1.210756e-06	-0.02256
1.212756e-06	-0.02215
1.214756e-06	-0.02174
1.216756e-06	-0.02133
1.218756e-06	-0.02543
1.220756e-06	-0.02133
1.222756e-06	-0.02338
1.224756e-06	-0.02174
1.226756e-06	-0.02461
1.228756e-06	-0.02379
1.230756e-06	-0.02215
1.232756e-06	-0.02092
1.234756e-06	-0.02215
1.236756e-06	-0.02297
1.238756e-06	-0.0242
1.240756e-06	-0.02174
1.242756e-06	-0.02215
1.244756e-06	-0.02256
1.246756e-06	-0.02133
1.248756e-06	-0.02133
1.250756e-06	-0.02215
1.252756e-06	-0.02092
1.254756e-06	-0.01969
1.256756e-06	-0.02174
1.258756e-06	-0.02338
1.260756e-06	-0.02051
1.262756e-06	-0.02133
1.264756e-06	-0.02133
1.266756e-06	-0.02174
1.268756e-06	-0.02092
1.270756e-06	-0.02215
1.272756e-06	-0.02092
1.274756e-06	-0.02584
1.276756e-06	-0.02297
1.278756e-06	-0.02133
1.280756e-06	-0.0201
1.282756e-06	-0.02174
1.284756e-06	-0.02051
1.286756e-06	-0.02133
1.288756e-06	-0.02215
1.290756e-06	-0.02256
1.292756e-06	-0.01969
1.294756e-06	-0.02256
1.296756e-06	-0.02174
1.298756e-06	-0.02174
1.300756e-06	-0.02215
1.302756e-06	-0.02543
1.304756e-06	-0.02174
1.306756e-06	-0.02379
1.308756e-06	-0.0242
1.310756e-06	-0.02297
1.312756e-06	-0.02338
1.314756e-06	-0.02379
1.316756e-06	-0.02461
1.318756e-06	-0.02297
1.320756e-06	-0.02215
1.322756e-06	-0.0242
1.324756e-06	-0.02338
1.326756e-06	-0.02256
1.328756e-06	-0.02297
1.330756e-06	-0.02379
1.332756e-06	-0.02461
1.334756e-06	-0.02092
1.336756e-06	-0.02338
1.338756e-06	-0.02215
1.340756e-06	-0.02379
1.342756e-06	-0.02297
1.344756e-06	-0.02174
1.346756e-06	-0.02461
1.348756e-06	-0.02174
1.350756e-06	-0.02174
1.352756e-06	-0.02174
1.354756e-06	-0.0242
1.356756e-06	-0.02215
1.358756e-06	-0.02133
1.360756e-06	-0.01969
1.362756e-06	-0.02215
1.364756e-06	-0.02256
1.366756e-06	-0.02092
1.368756e-06	-0.02215
1.370756e-06	-0.02379
1.372756e-06	-0.02256
1.374756e-06	-0.02215
1.376756e-06	-0.01969
1.378756e-06	-0.02133
1.380756e-06	-0.02379
1.382756e-06	-0.02379
1.384756e-06	-0.02051
1.386756e-06	-0.02133
1.388756e-06	-0.01969
1.390756e-06	-0.02092
1.392756e-06	-0.02133
1.394756e-06	-0.02215
1.396756e-06	-0.01969
1.398756e-06	-0.02092
1.400756e-06	-0.0201
1.402756e-06	-0.01969
1.404756e-06	-0.0201
1.406756e-06	-0.01723
1.408756e-06	-0.01805
1.410756e-06	-0.02051
1.412756e-06	-0.0201
1.414756e-06	-0.0201
1.416756e-06	-0.01846
1.418756e-06	-0.01928
1.420756e-06	-0.01846
1.422756e-06	-0.01764
1.424756e-06	-0.01764
1.426756e-06	-0.02133
1.428756e-06	-0.01928
1.430756e-06	-0.01805
1.432756e-06	-0.01805
1.434756e-06	-0.02092
1.436756e-06	-0.01887
1.438756e-06	-0.01887
1.440756e-06	-0.01846
1.442756e-06	-0.0201
1.444756e-06	-0.01887
1.446756e-06	-0.02051
1.448756e-06	-0.01682
1.450756e-06	-0.01928
1.452756e-06	-0.01928
1.454756e-06	-0.01723
1.456756e-06	-0.01969
1.458756e-06	-0.0201
1.460756e-06	-0.02051
1.462756e-06	-0.01928
1.464756e-06	-0.02051
1.466756e-06	-0.02297
1.468756e-06	-0.02215
1.470756e-06	-0.02133
1.472756e-06	-0.02174
1.474756e-06	-0.02379
1.476756e-06	-0.02092
1.478756e-06	-0.02297
1.480756e-06	-0.02297
1.482756e-06	-0.02379
1.484756e-06	-0.02338
1.486756e-06	-0.02379
1.488756e-06	-0.02379
1.490756e-06	-0.02379
1.492756e-06	-0.02502
1.494756e-06	-0.0242
1.496756e-06	-0.0242
1.498756e-06	-0.02666
1.500756e-06	-0.02625
1.502756e-06	-0.02379
1.504756e-06	-0.02379
1.506756e-06	-0.02297
1.508756e-06	-0.02215
1.510756e-06	-0.0242
1.512756e-06	-0.02215
1.514756e-06	-0.02666
1.516756e-06	-0.02625
1.518756e-06	-0.02461
1.520756e-06	-0.02215
1.522756e-06	-0.02584
1.524756e-06	-0.02461
1.526756e-06	-0.02338
1.528756e-06	-0.0242
1.530756e-06	-0.02338
1.532756e-06	-0.02502
1.534756e-06	-0.02666
1.536756e-06	-0.02174
1.538756e-06	-0.02338
1.540756e-06	-0.02461
1.542756e-06	-0.0242
1.544756e-06	-0.02297
1.546756e-06	-0.02502
1.548756e-06	-0.02256
1.550756e-06	-0.02379
1.552756e-06	-0.02215
1.554756e-06	-0.02707
1.556756e-06	-0.02174
1.558756e-06	-0.0242
1.560756e-06	-0.02174
1.562756e-06	-0.02215
1.564756e-06	-0.01969
1.566756e-06	-0.02215
1.568756e-06	-0.0242
1.570756e-06	-0.02461
1.572756e-06	-0.02256
1.574756e-06	-0.02461
1.576756e-06	-0.0201
1.578756e-06	-0.02297
1.580756e-06	-0.02133
1.582756e-06	-0.02338
1.584756e-06	-0.02174
1.586756e-06	-0.0242
1.588756e-06	-0.02461
1.590756e-06	-0.02133
1.592756e-06	-0.02297
1.594756e-06	-0.02297
1.596756e-06	-0.02543
1.598756e-06	-0.02256
1.600756e-06	-0.02215
1.602756e-06	-0.02461
1.604756e-06	-0.02092
1.606756e-06	-0.02256
1.608756e-06	-0.02215
1.610756e-06	-0.0242
1.612756e-06	-0.02256
1.614756e-06	-0.02174
1.616756e-06	-0.01846
1.618756e-06	-0.02379
1.620756e-06	-0.02215
1.622756e-06	-0.01969
1.624756e-06	-0.02092
1.626756e-06	-0.02297
1.628756e-06	-0.02584
1.630756e-06	-0.01969
1.632756e-06	-0.02051
1.634756e-06	-0.01928
1.636756e-06	-0.02092
1.638756e-06	-0.0242
1.640756e-06	-0.0242
1.642756e-06	-0.02256
1.644756e-06	-0.02092
1.646756e-06	-0.01969
1.648756e-06	-0.01969
1.650756e-06	-0.02215
1.652756e-06	-0.01887
1.654756e-06	-0.0201
1.656756e-06	-0.01723
1.658756e-06	-0.01887
1.660756e-06	-0.02092
1.662756e-06	-0.02256
1.664756e-06	-0.02092
1.666756e-06	-0.01969
1.668756e-06	-0.01969
1.670756e-06	-0.02174
1.672756e-06	-0.02174
1.674756e-06	-0.02297
1.676756e-06	-0.02051
1.678756e-06	-0.01805
1.680756e-06	-0.01887
1.682756e-06	-0.02256
1.684756e-06	-0.02051
1.686756e-06	-0.01846
1.688756e-06	-0.01518
1.690756e-06	-0.02051
1.692756e-06	-0.0201
1.694756e-06	-0.0201
1.696756e-06	-0.01682
1.698756e-06	-0.01887
1.700756e-06	-0.01805
1.702756e-06	-0.01887
1.704756e-06	-0.01887
1.706756e-06	-0.02174
1.708756e-06	-0.01969
1.710756e-06	-0.02215
1.712756e-06	-0.01969
1.714756e-06	-0.01969
1.716756e-06	-0.01887
1.718756e-06	-0.01928
1.720756e-06	-0.01682
1.722756e-06	-0.01764
1.724756e-06	-0.01928
1.726756e-06	-0.01764
1.728756e-06	-0.01969
1.730756e-06	-0.02092
1.732756e-06	-0.01723
1.734756e-06	-0.01928
1.736756e-06	-0.01887
1.738756e-06	-0.02174
1.740756e-06	-0.01887
1.742756e-06	-0.01887
1.744756e-06	-0.01969
1.746756e-06	-0.02297
1.748756e-06	-0.0201
1.750756e-06	-0.01969
1.752756e-06	-0.01805
1.754756e-06	-0.0201
1.756756e-06	-0.01887
1.758756e-06	-0.02051
1.760756e-06	-0.02092
1.762756e-06	-0.01969
1.764756e-06	-0.01846
1.766756e-06	-0.01805
1.768756e-06	-0.01559
1.770756e-06	-0.01846
1.772756e-06	-0.01887
1.774756e-06	-0.02092
1.776756e-06	-0.01928
1.778756e-06	-0.02215
1.780756e-06	-0.02174
1.782756e-06	-0.02092
1.784756e-06	-0.02051
1.786756e-06	-0.02174
1.788756e-06	-0.02133
1.790756e-06	-0.02051
1.792756e-06	-0.02051
1.794756e-06	-0.0201
1.796756e-06	-0.01969
1.798756e-06	-0.02256
1.800756e-06	-0.01846
1.802756e-06	-0.02338
1.804756e-06	-0.02256
1.806756e-06	-0.02215
1.808756e-06	-0.0201
1.810756e-06	-0.02297
1.812756e-06	-0.01969
1.814756e-06	-0.02338
1.816756e-06	-0.0201
1.818756e-06	-0.0242
1.820756e-06	-0.02297
1.822756e-06	-0.02297
1.824756e-06	-0.02174
1.826756e-06	-0.02379
1.828756e-06	-0.02215
1.830756e-06	-0.02338
1.832756e-06	-0.02256
1.834756e-06	-0.02338
1.836756e-06	-0.02338
1.838756e-06	-0.02379
1.840756e-06	-0.02215
1.842756e-06	-0.02174
1.844756e-06	-0.02051
1.846756e-06	-0.0201
1.848756e-06	-0.02133
1.850756e-06	-0.02297
1.852756e-06	-0.02092
1.854756e-06	-0.02174
1.856756e-06	-0.02133
1.858756e-06	-0.02461
1.860756e-06	-0.02256
1.862756e-06	-0.0242
1.864756e-06	-0.02297
1.866756e-06	-0.02297
1.868756e-06	-0.02215
1.870756e-06	-0.02297
1.872756e-06	-0.02174
1.874756e-06	-0.02502
1.876756e-06	-0.02092
1.878756e-06	-0.0242
1.880756e-06	-0.02215
1.882756e-06	-0.02502
1.884756e-06	-0.0242
1.886756e-06	-0.0242
1.888756e-06	-0.02297
1.890756e-06	-0.02584
1.892756e-06	-0.0242
1.894756e-06	-0.02461
1.896756e-06	-0.02338
1.898756e-06	-0.02461
1.900756e-06	-0.02502
1.902756e-06	-0.02379
1.904756e-06	-0.02338
1.906756e-06	-0.02502
1.908756e-06	-0.02625
1.910756e-06	-0.02502
1.912756e-06	-0.02379
1.914756e-06	-0.02584
1.916756e-06	-0.02461
1.918756e-06	-0.02461
1.920756e-06	-0.02297
1.922756e-06	-0.02461
1.924756e-06	-0.02297
1.926756e-06	-0.02461
1.928756e-06	-0.0242
1.930756e-06	-0.0242
1.932756e-06	-0.02338
1.934756e-06	-0.02379
1.936756e-06	-0.02379
1.938756e-06	-0.02461
1.940756e-06	-0.02379
1.942756e-06	-0.02379
1.944756e-06	-0.02461
1.946756e-06	-0.02748
1.948756e-06	-0.02461
1.950756e-06	-0.0242
1.952756e-06	-0.02256
1.954756e-06	-0.02584
1.956756e-06	-0.0242
1.958756e-06	-0.02256
1.960756e-06	-0.02338
1.962756e-06	-0.0242
1.964756e-06	-0.02584
1.966756e-06	-0.02338
1.968756e-06	-0.0242
1.970756e-06	-0.02256
1.972756e-06	-0.02215
1.974756e-06	-0.02215
1.976756e-06	-0.02133
1.978756e-06	-0.02461
1.980756e-06	-0.0242
1.982756e-06	-0.02338
1.984756e-06	-0.02461
1.986756e-06	-0.02297
1.988756e-06	-0.02338
1.990756e-06	-0.02297
1.992756e-06	-0.02215
1.994756e-06	-0.02338
1.996756e-06	-0.0242
1.998756e-06	-0.02297
2.000756e-06	-0.02338
2.002756e-06	-0.02256
2.004756e-06	-0.0201
2.006756e-06	-0.02338
2.008756e-06	-0.02379
2.010756e-06	-0.02215
2.012756e-06	-0.02379
2.014756e-06	-0.02297
2.016756e-06	-0.02092
2.018756e-06	-0.02379
2.020756e-06	-0.01969
2.022756e-06	-0.0242
2.024756e-06	-0.02297
2.026756e-06	-0.02215
2.028756e-06	-0.02256
2.030756e-06	-0.02338
2.032756e-06	-0.02051
2.034756e-06	-0.02133
2.036756e-06	-0.02092
2.038756e-06	-0.02338
2.040756e-06	-0.02174
2.042756e-06	-0.02297
2.044756e-06	-0.01928
2.046756e-06	-0.02133
2.048756e-06	-0.02256
2.050756e-06	-0.02215
2.052756e-06	-0.02174
2.054756e-06	-0.0201
2.056756e-06	-0.02133
2.058756e-06	-0.02338
2.060756e-06	-0.02092
2.062756e-06	-0.02215
2.064756e-06	-0.02215
2.066756e-06	-0.02215
2.068756e-06	-0.01887
2.070756e-06	-0.02092
2.072756e-06	-0.01887
2.074756e-06	-0.02133
2.076756e-06	-0.02215
2.078756e-06	-0.02174
2.080756e-06	-0.02092
2.082756e-06	-0.02215
2.084756e-06	-0.02133
2.086756e-06	-0.02256
2.088756e-06	-0.02256
2.090756e-06	-0.02256
2.092756e-06	-0.0201
2.094756e-06	-0.02051
2.096756e-06	-0.02133
2.098756e-06	-0.02256
2.100756e-06	-0.02092
2.102756e-06	-0.0201
2.104756e-06	-0.02051
2.106756e-06	-0.02215
2.108756e-06	-0.01969
2.110756e-06	-0.02133
2.112756e-06	-0.02051
2.114756e-06	-0.02133
2.116756e-06	-0.02256
2.118756e-06	-0.0201
2.120756e-06	-0.02133
2.122756e-06	-0.02338
2.124756e-06	-0.02215
2.126756e-06	-0.02133
2.128756e-06	-0.02338
2.130756e-06	-0.02215
2.132756e-06	-0.02092
2.134756e-06	-0.02133
2.136756e-06	-0.01969
2.138756e-06	-0.02092
2.140756e-06	-0.02051
2.142756e-06	-0.0201
2.144756e-06	-0.02092
2.146756e-06	-0.02297
2.148756e-06	-0.02051
2.150756e-06	-0.02297
2.152756e-06	-0.0201
2.154756e-06	-0.01969
2.156756e-06	-0.02174
2.158756e-06	-0.02215
2.160756e-06	-0.02174
2.162756e-06	-0.02297
2.164756e-06	-0.02133
2.166756e-06	-0.01928
2.168756e-06	-0.02174
2.170756e-06	-0.02092
2.172756e-06	-0.02256
2.174756e-06	-0.02215
2.176756e-06	-0.02133
2.178756e-06	-0.0242
2.180756e-06	-0.02297
2.182756e-06	-0.02215
2.184756e-06	-0.02174
2.186756e-06	-0.02256
2.188756e-06	-0.02256
2.190756e-06	-0.02256
2.192756e-06	-0.02051
2.194756e-06	-0.02379
2.196756e-06	-0.0201
2.198756e-06	-0.02256
2.200756e-06	-0.02051
2.202756e-06	-0.02379
2.204756e-06	-0.02502
2.206756e-06	-0.02174
2.208756e-06	-0.02051
2.210756e-06	-0.02297
2.212756e-06	-0.02133
2.214756e-06	-0.0201
2.216756e-06	-0.0201
2.218756e-06	-0.02379
2.220756e-06	-0.02174
2.222756e-06	-0.01846
2.224756e-06	-0.01887
2.226756e-06	-0.02051
2.228756e-06	-0.02051
2.230756e-06	-0.02215
2.232756e-06	-0.02051
2.234756e-06	-0.0242
2.236756e-06	-0.02092
2.238756e-06	-0.01805
2.240756e-06	-0.01928
2.242756e-06	-0.0201
2.244756e-06	-0.02092
2.246756e-06	-0.01928
2.248756e-06	-0.0201
2.250756e-06	-0.01887
2.252756e-06	-0.01846
2.254756e-06	-0.01764
2.256756e-06	-0.01682
2.258756e-06	-0.01928
2.260756e-06	-0.01723
2.262756e-06	-0.01928
2.264756e-06	-0.01641
2.266756e-06	-0.01887
2.268756e-06	-0.01723
2.270756e-06	-0.01846
2.272756e-06	-0.01477
2.274756e-06	-0.01887
2.276756e-06	-0.01887
2.278756e-06	-0.0201
2.280756e-06	-0.01641
2.282756e-06	-0.0201
2.284756e-06	-0.01805
2.286756e-06	-0.01846
2.288756e-06	-0.01846
2.290756e-06	-0.01764
2.292756e-06	-0.01723
2.294756e-06	-0.01518
2.296756e-06	-0.01969
2.298756e-06	-0.02092
2.300756e-06	-0.01846
2.302756e-06	-0.01723
2.304756e-06	-0.0201
2.306756e-06	-0.01805
2.308756e-06	-0.01928
2.310756e-06	-0.02133
2.312756e-06	-0.01846
2.314756e-06	-0.0201
2.316756e-06	-0.01969
2.318756e-06	-0.0201
2.320756e-06	-0.02133
2.322756e-06	-0.01887
2.324756e-06	-0.0201
2.326756e-06	-0.0201
2.328756e-06	-0.01969
2.330756e-06	-0.02133
2.332756e-06	-0.02461
2.334756e-06	-0.02174
2.336756e-06	-0.02133
2.338756e-06	-0.02338
2.340756e-06	-0.02174
2.342756e-06	-0.02051
2.344756e-06	-0.02133
2.346756e-06	-0.02297
2.348756e-06	-0.0201
2.350756e-06	-0.02133
2.352756e-06	-0.02092
2.354756e-06	-0.02461
2.356756e-06	-0.01969
2.358756e-06	-0.02215
2.360756e-06	-0.02215
2.362756e-06	-0.02256
2.364756e-06	-0.02174
2.366756e-06	-0.02092
2.368756e-06	-0.02338
2.370756e-06	-0.02297
2.372756e-06	-0.01969
2.374756e-06	-0.0201
2.376756e-06	-0.02133
2.378756e-06	-0.02502
2.380756e-06	-0.02461
2.382756e-06	-0.02297
2.384756e-06	-0.02051
2.386756e-06	-0.02461
2.388756e-06	-0.02338
2.390756e-06	-0.02461
2.392756e-06	-0.02297
2.394756e-06	-0.02543
2.396756e-06	-0.02379
2.398756e-06	-0.02502
2.400756e-06	-0.02338
2.402756e-06	-0.0283
2.404756e-06	-0.02543
2.406756e-06	-0.02707
2.408756e-06	-0.0242
2.410756e-06	-0.0242
2.412756e-06	-0.02338
2.414756e-06	-0.0242
2.416756e-06	-0.02174
2.418756e-06	-0.02789
2.420756e-06	-0.02338
2.422756e-06	-0.02666
2.424756e-06	-0.02338
2.426756e-06	-0.02707
2.428756e-06	-0.02666
2.430756e-06	-0.0242
2.432756e-06	-0.02133
2.434756e-06	-0.02707
2.436756e-06	-0.02174
2.438756e-06	-0.02461
2.440756e-06	-0.02379
2.442756e-06	-0.02461
2.444756e-06	-0.02379
2.446756e-06	-0.02215
2.448756e-06	-0.02297
2.450756e-06	-0.02748
2.452756e-06	-0.0242
2.454756e-06	-0.02379
2.456756e-06	-0.02338
2.458756e-06	-0.02297
2.460756e-06	-0.02543
2.462756e-06	-0.02338
2.464756e-06	-0.02338
2.466756e-06	-0.02543
2.468756e-06	-0.02625
2.470756e-06	-0.02379
2.472756e-06	-0.02174
2.474756e-06	-0.02256
2.476756e-06	-0.02625
2.478756e-06	-0.0242
2.480756e-06	-0.02215
2.482756e-06	-0.0242
2.484756e-06	-0.02379
2.486756e-06	-0.02338
2.488756e-06	-0.02256
2.490756e-06	-0.02502
2.492756e-06	-0.02133
2.494756e-06	-0.0201
2.496756e-06	-0.01969
2.498756e-06	-0.02338
2.500756e-06	-0.02133
