LECROYHDO6104A	50809	Waveform
Segments	1	SegmentSize	2502
Segment	TrigTime	TimeSinceSegment1
#1	19-Dec-2022 20:05:58	0                 
Time	Ampl
-2.500295e-06	-0.017952
-2.498295e-06	-0.0180576
-2.496295e-06	-0.0180312
-2.494295e-06	-0.0180048
-2.492295e-06	-0.01782
-2.490295e-06	-0.0178728
-2.488295e-06	-0.0179784
-2.486295e-06	-0.018216
-2.484295e-06	-0.0182952
-2.482295e-06	-0.0184008
-2.480295e-06	-0.018348
-2.478295e-06	-0.01848
-2.476295e-06	-0.0187176
-2.474295e-06	-0.0186384
-2.472295e-06	-0.0189288
-2.470295e-06	-0.0188496
-2.468295e-06	-0.0185064
-2.466295e-06	-0.0186384
-2.464295e-06	-0.0183744
-2.462295e-06	-0.0181896
-2.460295e-06	-0.0179784
-2.458295e-06	-0.0181104
-2.456295e-06	-0.0181896
-2.454295e-06	-0.0179256
-2.452295e-06	-0.01782
-2.450295e-06	-0.0178464
-2.448295e-06	-0.0177144
-2.446295e-06	-0.0172128
-2.444295e-06	-0.0171072
-2.442295e-06	-0.0173448
-2.440295e-06	-0.0174504
-2.438295e-06	-0.017556
-2.436295e-06	-0.0173184
-2.434295e-06	-0.0174768
-2.432295e-06	-0.0175296
-2.430295e-06	-0.017424
-2.428295e-06	-0.0176352
-2.426295e-06	-0.0177144
-2.424295e-06	-0.0177936
-2.422295e-06	-0.0177144
-2.420295e-06	-0.0177936
-2.418295e-06	-0.0180312
-2.416295e-06	-0.017688
-2.414295e-06	-0.0174504
-2.412295e-06	-0.0176616
-2.410295e-06	-0.0178464
-2.408295e-06	-0.0178992
-2.406295e-06	-0.0178992
-2.404295e-06	-0.0181632
-2.402295e-06	-0.0185064
-2.400295e-06	-0.018612
-2.398295e-06	-0.0187176
-2.396295e-06	-0.0186384
-2.394295e-06	-0.0186648
-2.392295e-06	-0.0187704
-2.390295e-06	-0.0188496
-2.388295e-06	-0.0186384
-2.386295e-06	-0.0189288
-2.384295e-06	-0.0193512
-2.382295e-06	-0.0197472
-2.380295e-06	-0.0197736
-2.378295e-06	-0.0198
-2.376295e-06	-0.0198792
-2.374295e-06	-0.0200904
-2.372295e-06	-0.0203544
-2.370295e-06	-0.0203016
-2.368295e-06	-0.0202752
-2.366295e-06	-0.0205392
-2.364295e-06	-0.0209088
-2.362295e-06	-0.0211464
-2.360295e-06	-0.0214632
-2.358295e-06	-0.0212256
-2.356295e-06	-0.0210144
-2.354295e-06	-0.0210936
-2.352295e-06	-0.0208824
-2.350295e-06	-0.0207504
-2.348295e-06	-0.0207768
-2.346295e-06	-0.0204864
-2.344295e-06	-0.0205656
-2.342295e-06	-0.020724
-2.340295e-06	-0.0206712
-2.338295e-06	-0.0206184
-2.336295e-06	-0.0205392
-2.334295e-06	-0.0202488
-2.332295e-06	-0.02046
-2.330295e-06	-0.0203016
-2.328295e-06	-0.0203016
-2.326295e-06	-0.0204336
-2.324295e-06	-0.0204072
-2.322295e-06	-0.0203544
-2.320295e-06	-0.0203808
-2.318295e-06	-0.0201432
-2.316295e-06	-0.0202752
-2.314295e-06	-0.0203016
-2.312295e-06	-0.0201432
-2.310295e-06	-0.0198528
-2.308295e-06	-0.0195888
-2.306295e-06	-0.0193512
-2.304295e-06	-0.0193512
-2.302295e-06	-0.019272
-2.300295e-06	-0.0189816
-2.298295e-06	-0.018876
-2.296295e-06	-0.0185856
-2.294295e-06	-0.0178992
-2.292295e-06	-0.0177672
-2.290295e-06	-0.0173184
-2.288295e-06	-0.017424
-2.286295e-06	-0.017556
-2.284295e-06	-0.0173712
-2.282295e-06	-0.017424
-2.280295e-06	-0.01716
-2.278295e-06	-0.017292
-2.276295e-06	-0.016896
-2.274295e-06	-0.0169752
-2.272295e-06	-0.0166056
-2.270295e-06	-0.0162096
-2.268295e-06	-0.0161568
-2.266295e-06	-0.016104
-2.264295e-06	-0.0158664
-2.262295e-06	-0.0156816
-2.260295e-06	-0.0154704
-2.258295e-06	-0.0154968
-2.256295e-06	-0.015708
-2.254295e-06	-0.0155496
-2.252295e-06	-0.0156288
-2.250295e-06	-0.0156288
-2.248295e-06	-0.0152064
-2.246295e-06	-0.0154704
-2.244295e-06	-0.0155496
-2.242295e-06	-0.015312
-2.240295e-06	-0.0148632
-2.238295e-06	-0.0145992
-2.236295e-06	-0.0148632
-2.234295e-06	-0.014256
-2.232295e-06	-0.0138072
-2.230295e-06	-0.0132792
-2.228295e-06	-0.0128832
-2.226295e-06	-0.0128832
-2.224295e-06	-0.0126984
-2.222295e-06	-0.0123816
-2.220295e-06	-0.0123552
-2.218295e-06	-0.012408
-2.216295e-06	-0.012408
-2.214295e-06	-0.0124608
-2.212295e-06	-0.0124872
-2.210295e-06	-0.0122496
-2.208295e-06	-0.012276
-2.206295e-06	-0.0121704
-2.204295e-06	-0.0124344
-2.202295e-06	-0.0124344
-2.200295e-06	-0.0124872
-2.198295e-06	-0.0124608
-2.196295e-06	-0.0126456
-2.194295e-06	-0.0127512
-2.192295e-06	-0.0127248
-2.190295e-06	-0.0124608
-2.188295e-06	-0.0123552
-2.186295e-06	-0.0123552
-2.184295e-06	-0.0124344
-2.182295e-06	-0.0124344
-2.180295e-06	-0.0122496
-2.178295e-06	-0.012408
-2.176295e-06	-0.0121968
-2.174295e-06	-0.012144
-2.172295e-06	-0.01254
-2.170295e-06	-0.0128832
-2.168295e-06	-0.0129096
-2.166295e-06	-0.0129888
-2.164295e-06	-0.0133584
-2.162295e-06	-0.0136224
-2.160295e-06	-0.0137016
-2.158295e-06	-0.0137808
-2.156295e-06	-0.0144936
-2.154295e-06	-0.0148368
-2.152295e-06	-0.014784
-2.150295e-06	-0.0146784
-2.148295e-06	-0.0146784
-2.146295e-06	-0.0149688
-2.144295e-06	-0.015048
-2.142295e-06	-0.015444
-2.140295e-06	-0.015444
-2.138295e-06	-0.0158664
-2.136295e-06	-0.0157344
-2.134295e-06	-0.0159192
-2.132295e-06	-0.016368
-2.130295e-06	-0.0164472
-2.128295e-06	-0.016764
-2.126295e-06	-0.0166848
-2.124295e-06	-0.0169752
-2.122295e-06	-0.0172392
-2.120295e-06	-0.016896
-2.118295e-06	-0.0169224
-2.116295e-06	-0.0169224
-2.114295e-06	-0.0169224
-2.112295e-06	-0.0170544
-2.110295e-06	-0.0169752
-2.108295e-06	-0.017028
-2.106295e-06	-0.016764
-2.104295e-06	-0.0167112
-2.102295e-06	-0.0165528
-2.100295e-06	-0.0164208
-2.098295e-06	-0.0162624
-2.096295e-06	-0.0161304
-2.094295e-06	-0.0163416
-2.092295e-06	-0.0161568
-2.090295e-06	-0.016104
-2.088295e-06	-0.0156816
-2.086295e-06	-0.0157872
-2.084295e-06	-0.015972
-2.082295e-06	-0.0159984
-2.080295e-06	-0.0158136
-2.078295e-06	-0.0154704
-2.076295e-06	-0.015444
-2.074295e-06	-0.015708
-2.072295e-06	-0.01584
-2.070295e-06	-0.01584
-2.068295e-06	-0.0158664
-2.066295e-06	-0.015972
-2.064295e-06	-0.0160248
-2.062295e-06	-0.0158928
-2.060295e-06	-0.0161568
-2.058295e-06	-0.0166584
-2.056295e-06	-0.0165528
-2.054295e-06	-0.016764
-2.052295e-06	-0.0171072
-2.050295e-06	-0.0172392
-2.048295e-06	-0.0171072
-2.046295e-06	-0.0172656
-2.044295e-06	-0.0173184
-2.042295e-06	-0.0175824
-2.040295e-06	-0.0176088
-2.038295e-06	-0.0178728
-2.036295e-06	-0.0181632
-2.034295e-06	-0.0184272
-2.032295e-06	-0.0179784
-2.030295e-06	-0.01782
-2.028295e-06	-0.0181104
-2.026295e-06	-0.0181368
-2.024295e-06	-0.0178992
-2.022295e-06	-0.0177936
-2.020295e-06	-0.0176088
-2.018295e-06	-0.0177144
-2.016295e-06	-0.0176616
-2.014295e-06	-0.0173712
-2.012295e-06	-0.0174504
-2.010295e-06	-0.0178728
-2.008295e-06	-0.0177672
-2.006295e-06	-0.0181368
-2.004295e-06	-0.018216
-2.002295e-06	-0.0184272
-2.000295e-06	-0.0187704
-1.998295e-06	-0.0189024
-1.996295e-06	-0.0192456
-1.994295e-06	-0.019404
-1.992295e-06	-0.0192984
-1.990295e-06	-0.0192984
-1.988295e-06	-0.0193512
-1.986295e-06	-0.0194832
-1.984295e-06	-0.019272
-1.982295e-06	-0.0189288
-1.980295e-06	-0.0189288
-1.978295e-06	-0.0185592
-1.976295e-06	-0.0182688
-1.974295e-06	-0.0184272
-1.972295e-06	-0.0182952
-1.970295e-06	-0.018084
-1.968295e-06	-0.0182688
-1.966295e-06	-0.017952
-1.964295e-06	-0.0181104
-1.962295e-06	-0.0181896
-1.960295e-06	-0.0180312
-1.958295e-06	-0.0181368
-1.956295e-06	-0.0181104
-1.954295e-06	-0.017952
-1.952295e-06	-0.017952
-1.950295e-06	-0.0180048
-1.948295e-06	-0.0180312
-1.946295e-06	-0.0184008
-1.944295e-06	-0.0181368
-1.942295e-06	-0.0181896
-1.940295e-06	-0.0182688
-1.938295e-06	-0.018348
-1.936295e-06	-0.0184272
-1.934295e-06	-0.0186384
-1.932295e-06	-0.0185592
-1.930295e-06	-0.0185592
-1.928295e-06	-0.0185856
-1.926295e-06	-0.0187176
-1.924295e-06	-0.0185064
-1.922295e-06	-0.0185856
-1.920295e-06	-0.0180048
-1.918295e-06	-0.0181632
-1.916295e-06	-0.0179784
-1.914295e-06	-0.0184272
-1.912295e-06	-0.018216
-1.910295e-06	-0.018084
-1.908295e-06	-0.0177936
-1.906295e-06	-0.0180048
-1.904295e-06	-0.0180048
-1.902295e-06	-0.017952
-1.900295e-06	-0.0177144
-1.898295e-06	-0.0178464
-1.896295e-06	-0.0178992
-1.894295e-06	-0.0176352
-1.892295e-06	-0.0175032
-1.890295e-06	-0.0173976
-1.888295e-06	-0.0171864
-1.886295e-06	-0.016896
-1.884295e-06	-0.0166584
-1.882295e-06	-0.0167112
-1.880295e-06	-0.0161832
-1.878295e-06	-0.0161832
-1.876295e-06	-0.0160776
-1.874295e-06	-0.0162624
-1.872295e-06	-0.015972
-1.870295e-06	-0.0160776
-1.868295e-06	-0.0156816
-1.866295e-06	-0.0159456
-1.864295e-06	-0.01584
-1.862295e-06	-0.0157344
-1.860295e-06	-0.0157344
-1.858295e-06	-0.0158136
-1.856295e-06	-0.0158136
-1.854295e-06	-0.0161568
-1.852295e-06	-0.0158136
-1.850295e-06	-0.0162096
-1.848295e-06	-0.015972
-1.846295e-06	-0.0158664
-1.844295e-06	-0.0156552
-1.842295e-06	-0.0159984
-1.840295e-06	-0.0159984
-1.838295e-06	-0.016236
-1.836295e-06	-0.0161304
-1.834295e-06	-0.016236
-1.832295e-06	-0.0159456
-1.830295e-06	-0.0163416
-1.828295e-06	-0.0163944
-1.826295e-06	-0.016632
-1.824295e-06	-0.0165528
-1.822295e-06	-0.0166056
-1.820295e-06	-0.0165528
-1.818295e-06	-0.0163944
-1.816295e-06	-0.0164208
-1.814295e-06	-0.0163944
-1.812295e-06	-0.016368
-1.810295e-06	-0.0163944
-1.808295e-06	-0.0163152
-1.806295e-06	-0.0163944
-1.804295e-06	-0.016368
-1.802295e-06	-0.0165792
-1.800295e-06	-0.0162624
-1.798295e-06	-0.016368
-1.796295e-06	-0.016368
-1.794295e-06	-0.0163416
-1.792295e-06	-0.0162888
-1.790295e-06	-0.0165528
-1.788295e-06	-0.0165264
-1.786295e-06	-0.0167376
-1.784295e-06	-0.0164472
-1.782295e-06	-0.016632
-1.780295e-06	-0.0165
-1.778295e-06	-0.016896
-1.776295e-06	-0.0169488
-1.774295e-06	-0.016896
-1.772295e-06	-0.016896
-1.770295e-06	-0.0168432
-1.768295e-06	-0.0166848
-1.766295e-06	-0.016632
-1.764295e-06	-0.0164736
-1.762295e-06	-0.0167904
-1.760295e-06	-0.0164208
-1.758295e-06	-0.0165
-1.756295e-06	-0.0165528
-1.754295e-06	-0.017028
-1.752295e-06	-0.01716
-1.750295e-06	-0.0171336
-1.748295e-06	-0.0168432
-1.746295e-06	-0.016896
-1.744295e-06	-0.0168696
-1.742295e-06	-0.016896
-1.740295e-06	-0.016764
-1.738295e-06	-0.0173184
-1.736295e-06	-0.0173976
-1.734295e-06	-0.0173184
-1.732295e-06	-0.017292
-1.730295e-06	-0.0175824
-1.728295e-06	-0.0171072
-1.726295e-06	-0.0169752
-1.724295e-06	-0.0169752
-1.722295e-06	-0.0170016
-1.720295e-06	-0.0168696
-1.718295e-06	-0.0169224
-1.716295e-06	-0.0168432
-1.714295e-06	-0.0169224
-1.712295e-06	-0.0163416
-1.710295e-06	-0.0165264
-1.708295e-06	-0.0167112
-1.706295e-06	-0.0165264
-1.704295e-06	-0.0165
-1.702295e-06	-0.0163944
-1.700295e-06	-0.0161568
-1.698295e-06	-0.0158136
-1.696295e-06	-0.0158136
-1.694295e-06	-0.0155496
-1.692295e-06	-0.0156552
-1.690295e-06	-0.015708
-1.688295e-06	-0.0155496
-1.686295e-06	-0.0155496
-1.684295e-06	-0.0156288
-1.682295e-06	-0.0159192
-1.680295e-06	-0.0157608
-1.678295e-06	-0.016104
-1.676295e-06	-0.0161304
-1.674295e-06	-0.0163944
-1.672295e-06	-0.0165792
-1.670295e-06	-0.0165264
-1.668295e-06	-0.0167904
-1.666295e-06	-0.0171336
-1.664295e-06	-0.0170808
-1.662295e-06	-0.0169488
-1.660295e-06	-0.0170016
-1.658295e-06	-0.0173184
-1.656295e-06	-0.0172392
-1.654295e-06	-0.0171864
-1.652295e-06	-0.0171336
-1.650295e-06	-0.0176088
-1.648295e-06	-0.0175296
-1.646295e-06	-0.0171336
-1.644295e-06	-0.0167112
-1.642295e-06	-0.0170808
-1.640295e-06	-0.0168696
-1.638295e-06	-0.0168432
-1.636295e-06	-0.0165528
-1.634295e-06	-0.0165792
-1.632295e-06	-0.016368
-1.630295e-06	-0.0161304
-1.628295e-06	-0.0161832
-1.626295e-06	-0.016236
-1.624295e-06	-0.0159984
-1.622295e-06	-0.0159456
-1.620295e-06	-0.0155496
-1.618295e-06	-0.0152856
-1.616295e-06	-0.0150744
-1.614295e-06	-0.0148368
-1.612295e-06	-0.0144144
-1.610295e-06	-0.0141504
-1.608295e-06	-0.014124
-1.606295e-06	-0.01386
-1.604295e-06	-0.0134904
-1.602295e-06	-0.0132
-1.600295e-06	-0.0130944
-1.598295e-06	-0.0127512
-1.596295e-06	-0.0124872
-1.594295e-06	-0.012276
-1.592295e-06	-0.0120648
-1.590295e-06	-0.0119592
-1.588295e-06	-0.0120648
-1.586295e-06	-0.012408
-1.584295e-06	-0.0125136
-1.582295e-06	-0.0122496
-1.580295e-06	-0.012276
-1.578295e-06	-0.0127248
-1.576295e-06	-0.0127512
-1.574295e-06	-0.0126192
-1.572295e-06	-0.0124608
-1.570295e-06	-0.0123816
-1.568295e-06	-0.0124872
-1.566295e-06	-0.0128568
-1.564295e-06	-0.0129888
-1.562295e-06	-0.0132264
-1.560295e-06	-0.0132264
-1.558295e-06	-0.0128832
-1.556295e-06	-0.0129096
-1.554295e-06	-0.0132792
-1.552295e-06	-0.013596
-1.550295e-06	-0.013728
-1.548295e-06	-0.0137808
-1.546295e-06	-0.0139392
-1.544295e-06	-0.0139656
-1.542295e-06	-0.013992
-1.540295e-06	-0.0141504
-1.538295e-06	-0.0144144
-1.536295e-06	-0.0144672
-1.534295e-06	-0.0147048
-1.532295e-06	-0.0148896
-1.530295e-06	-0.0151008
-1.528295e-06	-0.0152064
-1.526295e-06	-0.0153912
-1.524295e-06	-0.0151272
-1.522295e-06	-0.0155232
-1.520295e-06	-0.0154968
-1.518295e-06	-0.0157344
-1.516295e-06	-0.0157608
-1.514295e-06	-0.015576
-1.512295e-06	-0.015312
-1.510295e-06	-0.0153648
-1.508295e-06	-0.0152328
-1.506295e-06	-0.0153648
-1.504295e-06	-0.0154176
-1.502295e-06	-0.015312
-1.500295e-06	-0.0156816
-1.498295e-06	-0.0161304
-1.496295e-06	-0.0161304
-1.494295e-06	-0.0163152
-1.492295e-06	-0.0166056
-1.490295e-06	-0.0167904
-1.488295e-06	-0.0169224
-1.486295e-06	-0.0170016
-1.484295e-06	-0.0169488
-1.482295e-06	-0.0171336
-1.480295e-06	-0.0170544
-1.478295e-06	-0.016896
-1.476295e-06	-0.0168432
-1.474295e-06	-0.016764
-1.472295e-06	-0.0167376
-1.470295e-06	-0.0167376
-1.468295e-06	-0.0167376
-1.466295e-06	-0.0171072
-1.464295e-06	-0.0173712
-1.462295e-06	-0.0173712
-1.460295e-06	-0.0172656
-1.458295e-06	-0.0172128
-1.456295e-06	-0.0169488
-1.454295e-06	-0.0172128
-1.452295e-06	-0.0171864
-1.450295e-06	-0.01716
-1.448295e-06	-0.0172392
-1.446295e-06	-0.0172128
-1.444295e-06	-0.01716
-1.442295e-06	-0.0173712
-1.440295e-06	-0.0172656
-1.438295e-06	-0.017292
-1.436295e-06	-0.0173184
-1.434295e-06	-0.0177408
-1.432295e-06	-0.017688
-1.430295e-06	-0.0176352
-1.428295e-06	-0.017688
-1.426295e-06	-0.0178992
-1.424295e-06	-0.017952
-1.422295e-06	-0.018084
-1.420295e-06	-0.0178464
-1.418295e-06	-0.0177672
-1.416295e-06	-0.0175032
-1.414295e-06	-0.017424
-1.412295e-06	-0.0175032
-1.410295e-06	-0.0176088
-1.408295e-06	-0.0173184
-1.406295e-06	-0.017292
-1.404295e-06	-0.0176088
-1.402295e-06	-0.01782
-1.400295e-06	-0.017688
-1.398295e-06	-0.0177936
-1.396295e-06	-0.017688
-1.394295e-06	-0.0177144
-1.392295e-06	-0.0178728
-1.390295e-06	-0.01782
-1.388295e-06	-0.0179256
-1.386295e-06	-0.0180312
-1.384295e-06	-0.0177936
-1.382295e-06	-0.0177144
-1.380295e-06	-0.0177936
-1.378295e-06	-0.017952
-1.376295e-06	-0.0179784
-1.374295e-06	-0.0177672
-1.372295e-06	-0.0179784
-1.370295e-06	-0.018216
-1.368295e-06	-0.0181104
-1.366295e-06	-0.0181632
-1.364295e-06	-0.0186912
-1.362295e-06	-0.0189552
-1.360295e-06	-0.0189288
-1.358295e-06	-0.0192192
-1.356295e-06	-0.0192456
-1.354295e-06	-0.0191928
-1.352295e-06	-0.019272
-1.350295e-06	-0.0193776
-1.348295e-06	-0.0192192
-1.346295e-06	-0.0194832
-1.344295e-06	-0.0196944
-1.342295e-06	-0.0197208
-1.340295e-06	-0.0197736
-1.338295e-06	-0.0198792
-1.336295e-06	-0.019668
-1.334295e-06	-0.0196416
-1.332295e-06	-0.0199848
-1.330295e-06	-0.0195624
-1.328295e-06	-0.0192984
-1.326295e-06	-0.0189288
-1.324295e-06	-0.0188232
-1.322295e-06	-0.0185856
-1.320295e-06	-0.0184272
-1.318295e-06	-0.0181896
-1.316295e-06	-0.0180048
-1.314295e-06	-0.0181632
-1.312295e-06	-0.0180312
-1.310295e-06	-0.0178992
-1.308295e-06	-0.0176088
-1.306295e-06	-0.0175824
-1.304295e-06	-0.0175824
-1.302295e-06	-0.0170544
-1.300295e-06	-0.0173184
-1.298295e-06	-0.0175824
-1.296295e-06	-0.017688
-1.294295e-06	-0.0177144
-1.292295e-06	-0.0173448
-1.290295e-06	-0.0175296
-1.288295e-06	-0.0174504
-1.286295e-06	-0.0173184
-1.284295e-06	-0.0170808
-1.282295e-06	-0.0166848
-1.280295e-06	-0.0167112
-1.278295e-06	-0.0169224
-1.276295e-06	-0.0167112
-1.274295e-06	-0.0167904
-1.272295e-06	-0.0165
-1.270295e-06	-0.0163416
-1.268295e-06	-0.0165
-1.266295e-06	-0.0164736
-1.264295e-06	-0.0165
-1.262295e-06	-0.0161832
-1.260295e-06	-0.0155232
-1.258295e-06	-0.015576
-1.256295e-06	-0.0150216
-1.254295e-06	-0.0144144
-1.252295e-06	-0.0143088
-1.250295e-06	-0.014124
-1.248295e-06	-0.0137808
-1.246295e-06	-0.01386
-1.244295e-06	-0.0139656
-1.242295e-06	-0.013992
-1.240295e-06	-0.0138864
-1.238295e-06	-0.0142824
-1.236295e-06	-0.01386
-1.234295e-06	-0.013992
-1.232295e-06	-0.0143352
-1.230295e-06	-0.0147312
-1.228295e-06	-0.0148104
-1.226295e-06	-0.0146784
-1.224295e-06	-0.0148896
-1.222295e-06	-0.0153912
-1.220295e-06	-0.0154968
-1.218295e-06	-0.015576
-1.216295e-06	-0.0152064
-1.214295e-06	-0.0155232
-1.212295e-06	-0.0156024
-1.210295e-06	-0.0157344
-1.208295e-06	-0.0155232
-1.206295e-06	-0.015444
-1.204295e-06	-0.0152328
-1.202295e-06	-0.0152064
-1.200295e-06	-0.0152592
-1.198295e-06	-0.0152328
-1.196295e-06	-0.015444
-1.194295e-06	-0.0160248
-1.192295e-06	-0.015972
-1.190295e-06	-0.0159984
-1.188295e-06	-0.01584
-1.186295e-06	-0.0161568
-1.184295e-06	-0.0161304
-1.182295e-06	-0.0163416
-1.180295e-06	-0.016236
-1.178295e-06	-0.016368
-1.176295e-06	-0.0164472
-1.174295e-06	-0.0164736
-1.172295e-06	-0.016632
-1.170295e-06	-0.0168168
-1.168295e-06	-0.0165528
-1.166295e-06	-0.0166056
-1.164295e-06	-0.0168432
-1.162295e-06	-0.0172128
-1.160295e-06	-0.017556
-1.158295e-06	-0.0180576
-1.156295e-06	-0.0182688
-1.154295e-06	-0.0182952
-1.152295e-06	-0.0183744
-1.150295e-06	-0.0183216
-1.148295e-06	-0.0181632
-1.146295e-06	-0.0180048
-1.144295e-06	-0.0182952
-1.142295e-06	-0.0187704
-1.140295e-06	-0.019008
-1.138295e-06	-0.0191928
-1.136295e-06	-0.0191664
-1.134295e-06	-0.0193512
-1.132295e-06	-0.0193248
-1.130295e-06	-0.0196152
-1.128295e-06	-0.0195096
-1.126295e-06	-0.0199056
-1.124295e-06	-0.0200112
-1.122295e-06	-0.0199584
-1.120295e-06	-0.0199056
-1.118295e-06	-0.0200112
-1.116295e-06	-0.020328
-1.114295e-06	-0.0204072
-1.112295e-06	-0.0205392
-1.110295e-06	-0.0208824
-1.108295e-06	-0.0211728
-1.106295e-06	-0.0212256
-1.104295e-06	-0.0210936
-1.102295e-06	-0.0209616
-1.100295e-06	-0.0205392
-1.098295e-06	-0.0206448
-1.096295e-06	-0.0205128
-1.094295e-06	-0.0201696
-1.092295e-06	-0.0201432
-1.090295e-06	-0.0201696
-1.088295e-06	-0.0202488
-1.086295e-06	-0.0203544
-1.084295e-06	-0.02046
-1.082295e-06	-0.0203544
-1.080295e-06	-0.0202752
-1.078295e-06	-0.0203544
-1.076295e-06	-0.020196
-1.074295e-06	-0.0200376
-1.072295e-06	-0.0201696
-1.070295e-06	-0.0201696
-1.068295e-06	-0.0204864
-1.066295e-06	-0.0204072
-1.064295e-06	-0.0199584
-1.062295e-06	-0.019932
-1.060295e-06	-0.0198792
-1.058295e-06	-0.0196944
-1.056295e-06	-0.0196944
-1.054295e-06	-0.019272
-1.052295e-06	-0.0194568
-1.050295e-06	-0.0192984
-1.048295e-06	-0.0192984
-1.046295e-06	-0.019008
-1.044295e-06	-0.0185592
-1.042295e-06	-0.01848
-1.040295e-06	-0.0185328
-1.038295e-06	-0.0182688
-1.036295e-06	-0.0179784
-1.034295e-06	-0.0181104
-1.032295e-06	-0.0181632
-1.030295e-06	-0.0180576
-1.028295e-06	-0.0179784
-1.026295e-06	-0.0177144
-1.024295e-06	-0.017028
-1.022295e-06	-0.0170016
-1.020295e-06	-0.0170808
-1.018295e-06	-0.0170808
-1.016295e-06	-0.0167112
-1.014295e-06	-0.0166056
-1.012295e-06	-0.0166848
-1.010295e-06	-0.016764
-1.008295e-06	-0.0166056
-1.006295e-06	-0.0166584
-1.004295e-06	-0.0168432
-1.002295e-06	-0.0171072
-1.000295e-06	-0.0165264
-9.982953e-07	-0.0168696
-9.962953e-07	-0.0169488
-9.942953e-07	-0.0169752
-9.922953e-07	-0.0169752
-9.902953e-07	-0.0166584
-9.882953e-07	-0.016368
-9.862953e-07	-0.0160248
-9.842953e-07	-0.0157872
-9.822953e-07	-0.0159192
-9.802953e-07	-0.0160512
-9.782953e-07	-0.0158928
-9.762953e-07	-0.0157344
-9.742953e-07	-0.0157344
-9.722953e-07	-0.0159984
-9.702953e-07	-0.016368
-9.682953e-07	-0.0167904
-9.662953e-07	-0.0165264
-9.642953e-07	-0.0167112
-9.622953e-07	-0.016764
-9.602953e-07	-0.0168696
-9.582953e-07	-0.016896
-9.562953e-07	-0.0169752
-9.542953e-07	-0.0169488
-9.522953e-07	-0.0168696
-9.502953e-07	-0.0166584
-9.482953e-07	-0.0165528
-9.462953e-07	-0.0168168
-9.442953e-07	-0.0166848
-9.422953e-07	-0.0165264
-9.402953e-07	-0.0164208
-9.382953e-07	-0.0167376
-9.362953e-07	-0.0165
-9.342953e-07	-0.0166584
-9.322953e-07	-0.0170016
-9.302953e-07	-0.0174504
-9.282953e-07	-0.0175296
-9.262953e-07	-0.017556
-9.242953e-07	-0.0175032
-9.222953e-07	-0.0179256
-9.202953e-07	-0.0178992
-9.182953e-07	-0.0180576
-9.162953e-07	-0.0180576
-9.142953e-07	-0.0181104
-9.122953e-07	-0.0181368
-9.102953e-07	-0.0184536
-9.082953e-07	-0.0177936
-9.062953e-07	-0.0177672
-9.042953e-07	-0.0173448
-9.022953e-07	-0.0175296
-9.002953e-07	-0.0175032
-8.982953e-07	-0.017688
-8.962953e-07	-0.01782
-8.942953e-07	-0.0178992
-8.922953e-07	-0.01782
-8.902953e-07	-0.01782
-8.882953e-07	-0.0178992
-8.862953e-07	-0.0177408
-8.842953e-07	-0.0177672
-8.822953e-07	-0.0181368
-8.802953e-07	-0.0181104
-8.782953e-07	-0.0181368
-8.762953e-07	-0.0184008
-8.742953e-07	-0.0184536
-8.722953e-07	-0.0182688
-8.702953e-07	-0.0182424
-8.682953e-07	-0.0184008
-8.662953e-07	-0.0187176
-8.642953e-07	-0.0193512
-8.622953e-07	-0.0191928
-8.602953e-07	-0.0193248
-8.582953e-07	-0.019668
-8.562953e-07	-0.0196416
-8.542953e-07	-0.0197472
-8.522953e-07	-0.0198528
-8.502953e-07	-0.0198
-8.482953e-07	-0.0194832
-8.462953e-07	-0.0197208
-8.442953e-07	-0.0197736
-8.422953e-07	-0.0195888
-8.402953e-07	-0.0194832
-8.382953e-07	-0.0193512
-8.362953e-07	-0.0192456
-8.342953e-07	-0.0193512
-8.322953e-07	-0.0192984
-8.302953e-07	-0.0192984
-8.282953e-07	-0.0193512
-8.262953e-07	-0.0191928
-8.242953e-07	-0.0191664
-8.222953e-07	-0.0190608
-8.202953e-07	-0.0190608
-8.182953e-07	-0.0191928
-8.162953e-07	-0.019536
-8.142953e-07	-0.0199056
-8.122953e-07	-0.019932
-8.102953e-07	-0.0201168
-8.082953e-07	-0.0200112
-8.062953e-07	-0.0200376
-8.042953e-07	-0.0201168
-8.022953e-07	-0.0202488
-8.002953e-07	-0.0198528
-7.982953e-07	-0.0197208
-7.962953e-07	-0.0195888
-7.942953e-07	-0.0195888
-7.922953e-07	-0.0190872
-7.902953e-07	-0.0185856
-7.882953e-07	-0.0178464
-7.862953e-07	-0.0176088
-7.842953e-07	-0.0177936
-7.822953e-07	-0.0178728
-7.802953e-07	-0.0173712
-7.782953e-07	-0.0171072
-7.762953e-07	-0.0176352
-7.742953e-07	-0.0174768
-7.722953e-07	-0.0175032
-7.702953e-07	-0.0173184
-7.682953e-07	-0.0175824
-7.662953e-07	-0.0172656
-7.642953e-07	-0.017292
-7.622953e-07	-0.017292
-7.602953e-07	-0.0170016
-7.582953e-07	-0.017028
-7.562953e-07	-0.0172128
-7.542953e-07	-0.0171864
-7.522953e-07	-0.0168168
-7.502953e-07	-0.0166848
-7.482953e-07	-0.0171336
-7.462953e-07	-0.0169752
-7.442953e-07	-0.0168168
-7.422953e-07	-0.0165264
-7.402953e-07	-0.0165264
-7.382953e-07	-0.016632
-7.362953e-07	-0.016764
-7.342953e-07	-0.016764
-7.322953e-07	-0.0167904
-7.302953e-07	-0.0169752
-7.282953e-07	-0.016764
-7.262953e-07	-0.0168168
-7.242953e-07	-0.0168696
-7.222953e-07	-0.0166848
-7.202953e-07	-0.0166584
-7.182953e-07	-0.0168168
-7.162953e-07	-0.016896
-7.142953e-07	-0.0169488
-7.122953e-07	-0.0170016
-7.102953e-07	-0.0167904
-7.082953e-07	-0.0166584
-7.062953e-07	-0.016764
-7.042953e-07	-0.0163416
-7.022953e-07	-0.0165528
-7.002953e-07	-0.0165
-6.982953e-07	-0.0165528
-6.962953e-07	-0.0163944
-6.942953e-07	-0.0162888
-6.922953e-07	-0.0165264
-6.902953e-07	-0.0164208
-6.882953e-07	-0.0165
-6.862953e-07	-0.0165792
-6.842953e-07	-0.0169488
-6.822953e-07	-0.0170808
-6.802953e-07	-0.0169488
-6.782953e-07	-0.0170808
-6.762953e-07	-0.0173448
-6.742953e-07	-0.0172128
-6.722953e-07	-0.016896
-6.702953e-07	-0.017424
-6.682953e-07	-0.0178464
-6.662953e-07	-0.017952
-6.642953e-07	-0.0183216
-6.622953e-07	-0.0186384
-6.602953e-07	-0.0185856
-6.582953e-07	-0.0187968
-6.562953e-07	-0.0188232
-6.542953e-07	-0.0189024
-6.522953e-07	-0.0190872
-6.502953e-07	-0.0189816
-6.482953e-07	-0.0190344
-6.462953e-07	-0.0191136
-6.442953e-07	-0.0186648
-6.422953e-07	-0.0186912
-6.402953e-07	-0.0186912
-6.382953e-07	-0.01848
-6.362953e-07	-0.0187176
-6.342953e-07	-0.0187968
-6.322953e-07	-0.0191136
-6.302953e-07	-0.0186384
-6.282953e-07	-0.0184536
-6.262953e-07	-0.0184536
-6.242953e-07	-0.0184008
-6.222953e-07	-0.018084
-6.202953e-07	-0.0181632
-6.182953e-07	-0.0178464
-6.162953e-07	-0.0170016
-6.142953e-07	-0.0163944
-6.122953e-07	-0.0160512
-6.102953e-07	-0.0162888
-6.082953e-07	-0.016104
-6.062953e-07	-0.0159192
-6.042953e-07	-0.0153912
-6.022953e-07	-0.015576
-6.002953e-07	-0.015444
-5.982953e-07	-0.015048
-5.962953e-07	-0.015048
-5.942953e-07	-0.0154968
-5.922953e-07	-0.015708
-5.902953e-07	-0.0157344
-5.882953e-07	-0.0154704
-5.862953e-07	-0.015576
-5.842953e-07	-0.015312
-5.822953e-07	-0.0154968
-5.802953e-07	-0.0155232
-5.782953e-07	-0.0155232
-5.762953e-07	-0.0152328
-5.742953e-07	-0.015048
-5.722953e-07	-0.0149688
-5.702953e-07	-0.0148632
-5.682953e-07	-0.0148104
-5.662953e-07	-0.0147048
-5.642953e-07	-0.0147312
-5.622953e-07	-0.015048
-5.602953e-07	-0.015048
-5.582953e-07	-0.0153384
-5.562953e-07	-0.01518
-5.542953e-07	-0.0154704
-5.522953e-07	-0.0153912
-5.502953e-07	-0.0157608
-5.482953e-07	-0.0159192
-5.462953e-07	-0.016104
-5.442953e-07	-0.0159456
-5.422953e-07	-0.0158664
-5.402953e-07	-0.0158664
-5.382953e-07	-0.0159984
-5.362953e-07	-0.0162096
-5.342953e-07	-0.016236
-5.322953e-07	-0.0161304
-5.302953e-07	-0.016236
-5.282953e-07	-0.016368
-5.262953e-07	-0.016632
-5.242953e-07	-0.0169752
-5.222953e-07	-0.0172392
-5.202953e-07	-0.017028
-5.182953e-07	-0.0171072
-5.162953e-07	-0.0173976
-5.142953e-07	-0.017556
-5.122953e-07	-0.0173448
-5.102953e-07	-0.01716
-5.082953e-07	-0.017556
-5.062953e-07	-0.0178992
-5.042953e-07	-0.0180048
-5.022953e-07	-0.0178992
-5.002953e-07	-0.0180312
-4.982953e-07	-0.0183744
-4.962953e-07	-0.018612
-4.942953e-07	-0.01848
-4.922953e-07	-0.0185064
-4.902953e-07	-0.0189552
-4.882953e-07	-0.0188232
-4.862953e-07	-0.0189024
-4.842953e-07	-0.0186648
-4.822953e-07	-0.018612
-4.802953e-07	-0.01848
-4.782953e-07	-0.0186384
-4.762953e-07	-0.0182688
-4.742953e-07	-0.0183216
-4.722953e-07	-0.0183216
-4.702953e-07	-0.018216
-4.682953e-07	-0.0182424
-4.662953e-07	-0.018084
-4.642953e-07	-0.0181368
-4.622953e-07	-0.0180576
-4.602953e-07	-0.018216
-4.582953e-07	-0.0182952
-4.562953e-07	-0.0182952
-4.542953e-07	-0.0183216
-4.522953e-07	-0.0181632
-4.502953e-07	-0.018348
-4.482953e-07	-0.0183744
-4.462953e-07	-0.0186384
-4.442953e-07	-0.018744
-4.422953e-07	-0.0186648
-4.402953e-07	-0.0187968
-4.382953e-07	-0.0187704
-4.362953e-07	-0.0186384
-4.342953e-07	-0.0188232
-4.322953e-07	-0.0185856
-4.302953e-07	-0.0188232
-4.282953e-07	-0.0187968
-4.262953e-07	-0.0187176
-4.242953e-07	-0.0187176
-4.222953e-07	-0.0186648
-4.202953e-07	-0.0185856
-4.182953e-07	-0.0186648
-4.162953e-07	-0.0187704
-4.142953e-07	-0.0188496
-4.122953e-07	-0.0189816
-4.102953e-07	-0.0194304
-4.082953e-07	-0.0195096
-4.062953e-07	-0.0199056
-4.042953e-07	-0.019932
-4.022953e-07	-0.0199584
-4.002953e-07	-0.0197472
-3.982953e-07	-0.0197472
-3.962953e-07	-0.0198792
-3.942953e-07	-0.0198
-3.922953e-07	-0.0195888
-3.902953e-07	-0.0192192
-3.882953e-07	-0.01848
-3.862953e-07	-0.0182952
-3.842953e-07	-0.0177408
-3.822953e-07	-0.0177936
-3.802953e-07	-0.0177672
-3.782953e-07	-0.0177408
-3.762953e-07	-0.0175296
-3.742953e-07	-0.0175032
-3.722953e-07	-0.017292
-3.702953e-07	-0.01716
-3.682953e-07	-0.017028
-3.662953e-07	-0.0171336
-3.642953e-07	-0.0171336
-3.622953e-07	-0.0173712
-3.602953e-07	-0.0173712
-3.582953e-07	-0.017292
-3.562953e-07	-0.0170544
-3.542953e-07	-0.0172392
-3.522953e-07	-0.0172128
-3.502953e-07	-0.0170016
-3.482953e-07	-0.016764
-3.462953e-07	-0.016632
-3.442953e-07	-0.0163152
-3.422953e-07	-0.0157872
-3.402953e-07	-0.0153648
-3.382953e-07	-0.015312
-3.362953e-07	-0.0148104
-3.342953e-07	-0.0147312
-3.322953e-07	-0.0144408
-3.302953e-07	-0.014388
-3.282953e-07	-0.0138336
-3.262953e-07	-0.013992
-3.242953e-07	-0.01386
-3.222953e-07	-0.013728
-3.202953e-07	-0.0132528
-3.182953e-07	-0.0129888
-3.162953e-07	-0.0130152
-3.142953e-07	-0.013068
-3.122953e-07	-0.0128304
-3.102953e-07	-0.0128304
-3.082953e-07	-0.0127248
-3.062953e-07	-0.012804
-3.042953e-07	-0.0130152
-3.022953e-07	-0.0129096
-3.002953e-07	-0.0125136
-2.982953e-07	-0.0125664
-2.962953e-07	-0.012276
-2.942953e-07	-0.0120912
-2.922953e-07	-0.0115632
-2.902953e-07	-0.011484
-2.882953e-07	-0.01122
-2.862953e-07	-0.0111936
-2.842953e-07	-0.0107712
-2.822953e-07	-0.0108504
-2.802953e-07	-0.0109824
-2.782953e-07	-0.0106656
-2.762953e-07	-0.0107976
-2.742953e-07	-0.011352
-2.722953e-07	-0.0114576
-2.702953e-07	-0.0112728
-2.682953e-07	-0.0113784
-2.662953e-07	-0.0115632
-2.642953e-07	-0.011748
-2.622953e-07	-0.0118536
-2.602953e-07	-0.0122496
-2.582953e-07	-0.0123024
-2.562953e-07	-0.0123024
-2.542953e-07	-0.0122232
-2.522953e-07	-0.0122496
-2.502953e-07	-0.0125136
-2.482953e-07	-0.012672
-2.462953e-07	-0.012672
-2.442953e-07	-0.0127248
-2.422953e-07	-0.0127776
-2.402953e-07	-0.0125928
-2.382953e-07	-0.0128568
-2.362953e-07	-0.0128568
-2.342953e-07	-0.0128304
-2.322953e-07	-0.0127776
-2.302953e-07	-0.0127776
-2.282953e-07	-0.0132264
-2.262953e-07	-0.0131736
-2.242953e-07	-0.0133056
-2.222953e-07	-0.0137016
-2.202953e-07	-0.0135432
-2.182953e-07	-0.013992
-2.162953e-07	-0.0141504
-2.142953e-07	-0.0143352
-2.122953e-07	-0.0142824
-2.102953e-07	-0.0143616
-2.082953e-07	-0.0144144
-2.062953e-07	-0.014652
-2.042953e-07	-0.0154704
-2.022953e-07	-0.0156552
-2.002953e-07	-0.015576
-1.982953e-07	-0.0153912
-1.962953e-07	-0.0153912
-1.942953e-07	-0.0158136
-1.922953e-07	-0.0154176
-1.902953e-07	-0.0149952
-1.882953e-07	-0.0148632
-1.862953e-07	-0.0151536
-1.842953e-07	-0.0151536
-1.822953e-07	-0.0152856
-1.802953e-07	-0.0148896
-1.782953e-07	-0.0147576
-1.762953e-07	-0.0147576
-1.742953e-07	-0.014916
-1.722953e-07	-0.0146256
-1.702953e-07	-0.0146256
-1.682953e-07	-0.0150216
-1.662953e-07	-0.0153384
-1.642953e-07	-0.0153912
-1.622953e-07	-0.0154704
-1.602953e-07	-0.0153912
-1.582953e-07	-0.0156816
-1.562953e-07	-0.015444
-1.542953e-07	-0.0153384
-1.522953e-07	-0.0156816
-1.502953e-07	-0.0159456
-1.482953e-07	-0.01584
-1.462953e-07	-0.0158928
-1.442953e-07	-0.01584
-1.422953e-07	-0.0160248
-1.402953e-07	-0.0162096
-1.382953e-07	-0.0163944
-1.362953e-07	-0.0162624
-1.342953e-07	-0.0165528
-1.322953e-07	-0.0166848
-1.302953e-07	-0.0168696
-1.282953e-07	-0.0172656
-1.262953e-07	-0.0171072
-1.242953e-07	-0.0171072
-1.222953e-07	-0.0172392
-1.202953e-07	-0.0170016
-1.182953e-07	-0.0170808
-1.162953e-07	-0.0169488
-1.142953e-07	-0.017292
-1.122953e-07	-0.0175032
-1.102953e-07	-0.0170808
-1.082953e-07	-0.0169752
-1.062953e-07	-0.0169224
-1.042953e-07	-0.016764
-1.022953e-07	-0.0170544
-1.002953e-07	-0.016896
-9.829528e-08	-0.0170016
-9.629528e-08	-0.0170016
-9.429528e-08	-0.0166848
-9.229528e-08	-0.0166848
-9.029528e-08	-0.0170544
-8.829528e-08	-0.0167376
-8.629528e-08	-0.016764
-8.429528e-08	-0.0167376
-8.229528e-08	-0.0165264
-8.029528e-08	-0.0165792
-7.829528e-08	-0.0167112
-7.629528e-08	-0.0170808
-7.429528e-08	-0.0171864
-7.229528e-08	-0.0172392
-7.029528e-08	-0.0169488
-6.829528e-08	-0.0170808
-6.629528e-08	-0.017292
-6.429528e-08	-0.0172656
-6.229528e-08	-0.0174504
-6.029528e-08	-0.0174768
-5.829528e-08	-0.0177144
-5.629528e-08	-0.017688
-5.429528e-08	-0.0180312
-5.229528e-08	-0.0179784
-5.029528e-08	-0.01848
-4.829528e-08	-0.0186912
-4.629528e-08	-0.0187968
-4.429528e-08	-0.0186384
-4.229528e-08	-0.0191136
-4.029528e-08	-0.0194304
-3.829528e-08	-0.0198792
-3.629528e-08	-0.0199848
-3.429528e-08	-0.0197736
-3.229528e-08	-0.0202488
-3.029528e-08	-0.0203544
-2.829528e-08	-0.0203016
-2.629528e-08	-0.0200904
-2.429528e-08	-0.0198528
-2.229528e-08	-0.0199848
-2.029528e-08	-0.0199848
-1.829528e-08	-0.0198792
-1.629528e-08	-0.0199848
-1.429528e-08	-0.0197208
-1.229528e-08	-0.0195624
-1.029528e-08	-0.0199056
-8.295281e-09	-0.0200112
-6.295281e-09	-0.020064
-4.295281e-09	-0.0198
-2.295281e-09	-0.0195624
-2.95281e-10	-0.0197208
1.704719e-09	-0.0198792
3.704719e-09	-0.0199848
5.704719e-09	-0.0198264
7.704719e-09	-0.0194832
9.704719e-09	-0.0193248
1.170472e-08	-0.019668
1.370472e-08	-0.019668
1.570472e-08	-0.0198264
1.770472e-08	-0.020328
1.970472e-08	-0.0204072
2.170472e-08	-0.0209352
2.370472e-08	-0.0208032
2.570472e-08	-0.0208296
2.770472e-08	-0.0209088
2.970472e-08	-0.0208824
3.170472e-08	-0.0208824
3.370472e-08	-0.020988
3.570472e-08	-0.0209352
3.770472e-08	-0.0204864
3.970472e-08	-0.020724
4.170472e-08	-0.020724
4.370472e-08	-0.0210144
4.570472e-08	-0.0210408
4.770472e-08	-0.0208824
4.970472e-08	-0.0203808
5.170472e-08	-0.0207768
5.370472e-08	-0.020988
5.570472e-08	-0.0210936
5.770472e-08	-0.0213312
5.970472e-08	-0.0211992
6.170472e-08	-0.0211992
6.370472e-08	-0.0212256
6.570472e-08	-0.021252
6.770472e-08	-0.020988
6.970472e-08	-0.0209616
7.170472e-08	-0.020988
7.370472e-08	-0.0210144
7.570472e-08	-0.0209616
7.770472e-08	-0.0209616
7.970472e-08	-0.0211728
8.170472e-08	-0.0211728
8.370472e-08	-0.0213576
8.570472e-08	-0.0215688
8.770472e-08	-0.0215952
8.970472e-08	-0.0217536
9.170472e-08	-0.0219648
9.370472e-08	-0.0221496
9.570472e-08	-0.022176
9.770472e-08	-0.0222552
9.970472e-08	-0.0224136
1.017047e-07	-0.022704
1.037047e-07	-0.023232
1.057047e-07	-0.0231792
1.077047e-07	-0.023364
1.097047e-07	-0.0234168
1.117047e-07	-0.0235488
1.137047e-07	-0.0233112
1.157047e-07	-0.0235488
1.177047e-07	-0.023892
1.197047e-07	-0.0241032
1.217047e-07	-0.0238128
1.237047e-07	-0.0236808
1.257047e-07	-0.0237336
1.277047e-07	-0.0234168
1.297047e-07	-0.0232584
1.317047e-07	-0.0234168
1.337047e-07	-0.0228888
1.357047e-07	-0.0224136
1.377047e-07	-0.0215424
1.397047e-07	-0.02046
1.417047e-07	-0.0195624
1.437047e-07	-0.0186384
1.457047e-07	-0.0175032
1.477047e-07	-0.0160776
1.497047e-07	-0.0152856
1.517047e-07	-0.014388
1.537047e-07	-0.0133056
1.557047e-07	-0.012408
1.577047e-07	-0.0114312
1.597047e-07	-0.0107448
1.617047e-07	-0.0100056
1.637047e-07	-0.0094512
1.657047e-07	-0.0091872
1.677047e-07	-0.008976
1.697047e-07	-0.0083952
1.717047e-07	-0.0081312
1.737047e-07	-0.0082104
1.757047e-07	-0.0080784
1.777047e-07	-0.0078672
1.797047e-07	-0.0076032
1.817047e-07	-0.007524
1.837047e-07	-0.0076824
1.857047e-07	-0.007788
1.877047e-07	-0.007788
1.897047e-07	-0.0077352
1.917047e-07	-0.007656
1.937047e-07	-0.007788
1.957047e-07	-0.0078408
1.977047e-07	-0.008316
1.997047e-07	-0.0083952
2.017047e-07	-0.0087384
2.037047e-07	-0.0087384
2.057047e-07	-0.0091344
2.077047e-07	-0.0092928
2.097047e-07	-0.008976
2.117047e-07	-0.0094248
2.137047e-07	-0.0099792
2.157047e-07	-0.0101904
2.177047e-07	-0.0103488
2.197047e-07	-0.0107712
2.217047e-07	-0.0111936
2.237047e-07	-0.0111408
2.257047e-07	-0.0111936
2.277047e-07	-0.0113784
2.297047e-07	-0.011748
2.317047e-07	-0.0116688
2.337047e-07	-0.0118008
2.357047e-07	-0.01188
2.377047e-07	-0.0122232
2.397047e-07	-0.0124872
2.417047e-07	-0.0127776
2.437047e-07	-0.0127248
2.457047e-07	-0.0130152
2.477047e-07	-0.0131472
2.497047e-07	-0.0132264
2.517047e-07	-0.0129624
2.537047e-07	-0.0133056
2.557047e-07	-0.013464
2.577047e-07	-0.013464
2.597047e-07	-0.0136488
2.617047e-07	-0.0140448
2.637047e-07	-0.014124
2.657047e-07	-0.014256
2.677047e-07	-0.014256
2.697047e-07	-0.0147312
2.717047e-07	-0.0150216
2.737047e-07	-0.0149424
2.757047e-07	-0.01518
2.777047e-07	-0.0157344
2.797047e-07	-0.0161304
2.817047e-07	-0.0160512
2.837047e-07	-0.0162096
2.857047e-07	-0.0162624
2.877047e-07	-0.0164208
2.897047e-07	-0.016764
2.917047e-07	-0.016896
2.937047e-07	-0.0169488
2.957047e-07	-0.0166848
2.977047e-07	-0.0168168
2.997047e-07	-0.0167112
3.017047e-07	-0.0169488
3.037047e-07	-0.0172656
3.057047e-07	-0.0174504
3.077047e-07	-0.0172128
3.097047e-07	-0.0173448
3.117047e-07	-0.0174768
3.137047e-07	-0.0174768
3.157047e-07	-0.0173976
3.177047e-07	-0.0175032
3.197047e-07	-0.0170016
3.217047e-07	-0.017028
3.237047e-07	-0.0169488
3.257047e-07	-0.0169224
3.277047e-07	-0.0168432
3.297047e-07	-0.0165528
3.317047e-07	-0.0163416
3.337047e-07	-0.0165
3.357047e-07	-0.0161568
3.377047e-07	-0.0162096
3.397047e-07	-0.0159192
3.417047e-07	-0.0160248
3.437047e-07	-0.0158928
3.457047e-07	-0.0160776
3.477047e-07	-0.01584
3.497047e-07	-0.0158136
3.517047e-07	-0.0154968
3.537047e-07	-0.0154704
3.557047e-07	-0.0153912
3.577047e-07	-0.0151536
3.597047e-07	-0.0149424
3.617047e-07	-0.0146784
3.637047e-07	-0.0145728
3.657047e-07	-0.014652
3.677047e-07	-0.0142296
3.697047e-07	-0.0143352
3.717047e-07	-0.0143616
3.737047e-07	-0.0144144
3.757047e-07	-0.0141768
3.777047e-07	-0.0141504
3.797047e-07	-0.0140976
3.817047e-07	-0.0140712
3.837047e-07	-0.0140448
3.857047e-07	-0.013728
3.877047e-07	-0.0135168
3.897047e-07	-0.013068
3.917047e-07	-0.0133056
3.937047e-07	-0.0130416
3.957047e-07	-0.0129888
3.977047e-07	-0.0127248
3.997047e-07	-0.0126456
4.017047e-07	-0.0123552
4.037047e-07	-0.01188
4.057047e-07	-0.0121176
4.077047e-07	-0.0120384
4.097047e-07	-0.0121176
4.117047e-07	-0.0118008
4.137047e-07	-0.0119064
4.157047e-07	-0.01188
4.177047e-07	-0.0121704
4.197047e-07	-0.0117744
4.217047e-07	-0.01188
4.237047e-07	-0.01188
4.257047e-07	-0.0118008
4.277047e-07	-0.0121176
4.297047e-07	-0.0122496
4.317047e-07	-0.0122232
4.337047e-07	-0.012144
4.357047e-07	-0.012144
4.377047e-07	-0.0123024
4.397047e-07	-0.0123816
4.417047e-07	-0.0123552
4.437047e-07	-0.0124872
4.457047e-07	-0.0127512
4.477047e-07	-0.012804
4.497047e-07	-0.0128568
4.517047e-07	-0.012936
4.537047e-07	-0.0133584
4.557047e-07	-0.0136752
4.577047e-07	-0.01386
4.597047e-07	-0.0138864
4.617047e-07	-0.0136752
4.637047e-07	-0.0139392
4.657047e-07	-0.0141504
4.677047e-07	-0.0142824
4.697047e-07	-0.0144408
4.717047e-07	-0.0146256
4.737047e-07	-0.0146256
4.757047e-07	-0.0143352
4.777047e-07	-0.014652
4.797047e-07	-0.0149424
4.817047e-07	-0.0151008
4.837047e-07	-0.0155232
4.857047e-07	-0.0159192
4.877047e-07	-0.0158664
4.897047e-07	-0.016104
4.917047e-07	-0.0159984
4.937047e-07	-0.0162624
4.957047e-07	-0.0164472
4.977047e-07	-0.0169224
4.997047e-07	-0.0169752
5.017047e-07	-0.0172392
5.037047e-07	-0.0173184
5.057047e-07	-0.0172392
5.077047e-07	-0.0171072
5.097047e-07	-0.0171072
5.117047e-07	-0.0170808
5.137047e-07	-0.0170544
5.157047e-07	-0.0169488
5.177047e-07	-0.0167904
5.197047e-07	-0.0167376
5.217047e-07	-0.0166848
5.237047e-07	-0.016368
5.257047e-07	-0.0162888
5.277047e-07	-0.0161832
5.297047e-07	-0.016104
5.317047e-07	-0.015972
5.337047e-07	-0.0159192
5.357047e-07	-0.01584
5.377047e-07	-0.0156816
5.397047e-07	-0.0154968
5.417047e-07	-0.0152592
5.437047e-07	-0.0148632
5.457047e-07	-0.0144408
5.477047e-07	-0.0142824
5.497047e-07	-0.0139656
5.517047e-07	-0.0139392
5.537047e-07	-0.0135432
5.557047e-07	-0.013332
5.577047e-07	-0.0135432
5.597047e-07	-0.0137016
5.617047e-07	-0.013596
5.637047e-07	-0.0135432
5.657047e-07	-0.013332
5.677047e-07	-0.0133056
5.697047e-07	-0.0133848
5.717047e-07	-0.0133584
5.737047e-07	-0.0133584
5.757047e-07	-0.0131736
5.777047e-07	-0.0133584
5.797047e-07	-0.0138864
5.817047e-07	-0.0142824
5.837047e-07	-0.0143616
5.857047e-07	-0.0147048
5.877047e-07	-0.0145728
5.897047e-07	-0.0145992
5.917047e-07	-0.0147576
5.937047e-07	-0.0148632
5.957047e-07	-0.0152328
5.977047e-07	-0.015444
5.997047e-07	-0.0153384
6.017047e-07	-0.015048
6.037047e-07	-0.0149688
6.057047e-07	-0.0150216
6.077047e-07	-0.0152592
6.097047e-07	-0.01518
6.117047e-07	-0.0151008
6.137047e-07	-0.0149952
6.157047e-07	-0.0151008
6.177047e-07	-0.0152064
6.197047e-07	-0.0150744
6.217047e-07	-0.0148104
6.237047e-07	-0.0144672
6.257047e-07	-0.013992
6.277047e-07	-0.0134376
6.297047e-07	-0.0132264
6.317047e-07	-0.0126192
6.337047e-07	-0.0125928
6.357047e-07	-0.012012
6.377047e-07	-0.0120648
6.397047e-07	-0.011748
6.417047e-07	-0.0112464
6.437047e-07	-0.0112728
6.457047e-07	-0.0112992
6.477047e-07	-0.0111936
6.497047e-07	-0.0111144
6.517047e-07	-0.0107976
6.537047e-07	-0.0108504
6.557047e-07	-0.0107976
6.577047e-07	-0.0108504
6.597047e-07	-0.0110616
6.617047e-07	-0.0112728
6.637047e-07	-0.0115368
6.657047e-07	-0.0111408
6.677047e-07	-0.0110616
6.697047e-07	-0.0114048
6.717047e-07	-0.0113256
6.737047e-07	-0.0115632
6.757047e-07	-0.0114576
6.777047e-07	-0.0116688
6.797047e-07	-0.0118272
6.817047e-07	-0.012012
6.837047e-07	-0.0120912
6.857047e-07	-0.0121968
6.877047e-07	-0.0123024
6.897047e-07	-0.0125136
6.917047e-07	-0.012672
6.937047e-07	-0.0132264
6.957047e-07	-0.013464
6.977047e-07	-0.0139128
6.997047e-07	-0.01386
7.017047e-07	-0.0140976
7.037047e-07	-0.0143352
7.057047e-07	-0.0145728
7.077047e-07	-0.0148896
7.097047e-07	-0.0152328
7.117047e-07	-0.0157872
7.137047e-07	-0.0158664
7.157047e-07	-0.0159984
7.177047e-07	-0.016236
7.197047e-07	-0.0162624
7.217047e-07	-0.0165528
7.237047e-07	-0.016764
7.257047e-07	-0.0173712
7.277047e-07	-0.0173712
7.297047e-07	-0.0175296
7.317047e-07	-0.0175032
7.337047e-07	-0.0174768
7.357047e-07	-0.0176616
7.377047e-07	-0.017688
7.397047e-07	-0.0177936
7.417047e-07	-0.017952
7.437047e-07	-0.0175824
7.457047e-07	-0.017424
7.477047e-07	-0.017292
7.497047e-07	-0.0175296
7.517047e-07	-0.0177144
7.537047e-07	-0.0173712
7.557047e-07	-0.0175296
7.577047e-07	-0.0173448
7.597047e-07	-0.0175032
7.617047e-07	-0.0171864
7.637047e-07	-0.0171336
7.657047e-07	-0.017028
7.677047e-07	-0.0168168
7.697047e-07	-0.0166056
7.717047e-07	-0.0165
7.737047e-07	-0.0166848
7.757047e-07	-0.016632
7.777047e-07	-0.0165
7.797047e-07	-0.0164736
7.817047e-07	-0.016632
7.837047e-07	-0.0165264
7.857047e-07	-0.0165528
7.877047e-07	-0.0165
7.897047e-07	-0.0163944
7.917047e-07	-0.0161568
7.937047e-07	-0.0160512
7.957047e-07	-0.0165264
7.977047e-07	-0.0165
7.997047e-07	-0.0163152
8.017047e-07	-0.0165
8.037047e-07	-0.0162888
8.057047e-07	-0.0165
8.077047e-07	-0.016236
8.097047e-07	-0.0161304
8.117047e-07	-0.0162624
8.137047e-07	-0.0166584
8.157047e-07	-0.0167376
8.177047e-07	-0.016764
8.197047e-07	-0.0167904
8.217047e-07	-0.0169752
8.237047e-07	-0.017028
8.257047e-07	-0.0170544
8.277047e-07	-0.0175296
8.297047e-07	-0.0179256
8.317047e-07	-0.0179256
8.337047e-07	-0.0178464
8.357047e-07	-0.0180312
8.377047e-07	-0.0181104
8.397047e-07	-0.0179256
8.417047e-07	-0.0177408
8.437047e-07	-0.0177672
8.457047e-07	-0.0178464
8.477047e-07	-0.0177144
8.497047e-07	-0.01782
8.517047e-07	-0.0177672
8.537047e-07	-0.0178464
8.557047e-07	-0.0182688
8.577047e-07	-0.0187968
8.597047e-07	-0.0189552
8.617047e-07	-0.0189288
8.637047e-07	-0.0192192
8.657047e-07	-0.0192456
8.677047e-07	-0.0193776
8.697047e-07	-0.0190608
8.717047e-07	-0.0193512
8.737047e-07	-0.0194568
8.757047e-07	-0.0196416
8.777047e-07	-0.0198528
8.797047e-07	-0.0197736
8.817047e-07	-0.0197736
8.837047e-07	-0.0195624
8.857047e-07	-0.019668
8.877047e-07	-0.0196152
8.897047e-07	-0.019536
8.917047e-07	-0.0198
8.937047e-07	-0.0200904
8.957047e-07	-0.0201696
8.977047e-07	-0.0200376
8.997047e-07	-0.0201696
9.017047e-07	-0.0202224
9.037047e-07	-0.0203544
9.057047e-07	-0.0199584
9.077047e-07	-0.0201168
9.097047e-07	-0.0203016
9.117047e-07	-0.0201168
9.137047e-07	-0.0200904
9.157047e-07	-0.019932
9.177047e-07	-0.0198528
9.197047e-07	-0.0198
9.217047e-07	-0.0196152
9.237047e-07	-0.019404
9.257047e-07	-0.0196416
9.277047e-07	-0.0195888
9.297047e-07	-0.0191664
9.317047e-07	-0.0191664
9.337047e-07	-0.01914
9.357047e-07	-0.0192984
9.377047e-07	-0.0193512
9.397047e-07	-0.0193776
9.417047e-07	-0.0195624
9.437047e-07	-0.0197208
9.457047e-07	-0.020196
9.477047e-07	-0.020064
9.497047e-07	-0.020064
9.517047e-07	-0.0201696
9.537047e-07	-0.0199584
9.557047e-07	-0.0199848
9.577047e-07	-0.0199848
9.597047e-07	-0.0200376
9.617047e-07	-0.0198264
9.637047e-07	-0.0199848
9.657047e-07	-0.0195888
9.677047e-07	-0.0193776
9.697047e-07	-0.0192192
9.717047e-07	-0.0189552
9.737047e-07	-0.0190344
9.757047e-07	-0.0185856
9.777047e-07	-0.0185328
9.797047e-07	-0.0184536
9.817047e-07	-0.0184272
9.837047e-07	-0.0186648
9.857047e-07	-0.0184536
9.877047e-07	-0.0184536
9.897047e-07	-0.0184536
9.917047e-07	-0.0186648
9.937047e-07	-0.0186648
9.957047e-07	-0.0185328
9.977047e-07	-0.0187968
9.997047e-07	-0.0189552
1.001705e-06	-0.0187704
1.003705e-06	-0.0186648
1.005705e-06	-0.0186384
1.007705e-06	-0.0185592
1.009705e-06	-0.0187704
1.011705e-06	-0.0187704
1.013705e-06	-0.0186912
1.015705e-06	-0.0185592
1.017705e-06	-0.0186384
1.019705e-06	-0.0185064
1.021705e-06	-0.0183744
1.023705e-06	-0.018216
1.025705e-06	-0.0177936
1.027705e-06	-0.017688
1.029705e-06	-0.0173448
1.031705e-06	-0.017292
1.033705e-06	-0.0170808
1.035705e-06	-0.0172656
1.037705e-06	-0.0172392
1.039705e-06	-0.0172128
1.041705e-06	-0.0169488
1.043705e-06	-0.0166848
1.045705e-06	-0.0164472
1.047705e-06	-0.016104
1.049705e-06	-0.015972
1.051705e-06	-0.0160512
1.053705e-06	-0.0164736
1.055705e-06	-0.0161304
1.057705e-06	-0.0160248
1.059705e-06	-0.0158928
1.061705e-06	-0.01584
1.063705e-06	-0.015708
1.065705e-06	-0.0154176
1.067705e-06	-0.0152064
1.069705e-06	-0.0153384
1.071705e-06	-0.0151008
1.073705e-06	-0.0152592
1.075705e-06	-0.0154176
1.077705e-06	-0.0157872
1.079705e-06	-0.0157344
1.081705e-06	-0.0158928
1.083705e-06	-0.0158664
1.085705e-06	-0.0158928
1.087705e-06	-0.01584
1.089705e-06	-0.0159192
1.091705e-06	-0.0158136
1.093705e-06	-0.0160512
1.095705e-06	-0.0161304
1.097705e-06	-0.0164472
1.099705e-06	-0.0167376
1.101705e-06	-0.0171072
1.103705e-06	-0.0171336
1.105705e-06	-0.017028
1.107705e-06	-0.0169752
1.109705e-06	-0.0172656
1.111705e-06	-0.0172656
1.113705e-06	-0.01716
1.115705e-06	-0.01716
1.117705e-06	-0.0171072
1.119705e-06	-0.0167112
1.121705e-06	-0.0166584
1.123705e-06	-0.0165
1.125705e-06	-0.016368
1.127705e-06	-0.0162624
1.129705e-06	-0.0158664
1.131705e-06	-0.0161304
1.133705e-06	-0.0161832
1.135705e-06	-0.0163944
1.137705e-06	-0.0162888
1.139705e-06	-0.016236
1.141705e-06	-0.016236
1.143705e-06	-0.016236
1.145705e-06	-0.0164472
1.147705e-06	-0.0164472
1.149705e-06	-0.0164208
1.151705e-06	-0.0164736
1.153705e-06	-0.0163152
1.155705e-06	-0.0165792
1.157705e-06	-0.0169488
1.159705e-06	-0.0169224
1.161705e-06	-0.0169752
1.163705e-06	-0.0167904
1.165705e-06	-0.0171336
1.167705e-06	-0.0173976
1.169705e-06	-0.017556
1.171705e-06	-0.0177408
1.173705e-06	-0.0180312
1.175705e-06	-0.0183744
1.177705e-06	-0.0182424
1.179705e-06	-0.0181632
1.181705e-06	-0.017952
1.183705e-06	-0.0179784
1.185705e-06	-0.0180312
1.187705e-06	-0.0173712
1.189705e-06	-0.0175824
1.191705e-06	-0.0181104
1.193705e-06	-0.0181368
1.195705e-06	-0.0182952
1.197705e-06	-0.0181896
1.199705e-06	-0.0182688
1.201705e-06	-0.0185328
1.203705e-06	-0.0185064
1.205705e-06	-0.0181104
1.207705e-06	-0.017688
1.209705e-06	-0.0175824
1.211705e-06	-0.0173184
1.213705e-06	-0.0171072
1.215705e-06	-0.0166584
1.217705e-06	-0.0165528
1.219705e-06	-0.0165528
1.221705e-06	-0.0166584
1.223705e-06	-0.0165792
1.225705e-06	-0.0165792
1.227705e-06	-0.0164472
1.229705e-06	-0.0166056
1.231705e-06	-0.0165264
1.233705e-06	-0.0165264
1.235705e-06	-0.0168696
1.237705e-06	-0.0169752
1.239705e-06	-0.017292
1.241705e-06	-0.0173448
1.243705e-06	-0.0175296
1.245705e-06	-0.0181104
1.247705e-06	-0.0181632
1.249705e-06	-0.0180576
1.251705e-06	-0.0180312
1.253705e-06	-0.018084
1.255705e-06	-0.0177672
1.257705e-06	-0.0179256
1.259705e-06	-0.0182688
1.261705e-06	-0.0182688
1.263705e-06	-0.0181104
1.265705e-06	-0.01782
1.267705e-06	-0.0177408
1.269705e-06	-0.0175824
1.271705e-06	-0.017292
1.273705e-06	-0.0168168
1.275705e-06	-0.0162888
1.277705e-06	-0.0161304
1.279705e-06	-0.0158928
1.281705e-06	-0.0156288
1.283705e-06	-0.0150744
1.285705e-06	-0.0144144
1.287705e-06	-0.0141504
1.289705e-06	-0.0141504
1.291705e-06	-0.0140712
1.293705e-06	-0.01386
1.295705e-06	-0.0135696
1.297705e-06	-0.0136224
1.299705e-06	-0.013596
1.301705e-06	-0.0134112
1.303705e-06	-0.0129096
1.305705e-06	-0.0127248
1.307705e-06	-0.01254
1.309705e-06	-0.0124608
1.311705e-06	-0.0127512
1.313705e-06	-0.0124872
1.315705e-06	-0.0120912
1.317705e-06	-0.0124872
1.319705e-06	-0.0124608
1.321705e-06	-0.0121704
1.323705e-06	-0.0120384
1.325705e-06	-0.0119064
1.327705e-06	-0.0119592
1.329705e-06	-0.0116424
1.331705e-06	-0.011616
1.333705e-06	-0.0112464
1.335705e-06	-0.0111408
1.337705e-06	-0.010956
1.339705e-06	-0.0108504
1.341705e-06	-0.010824
1.343705e-06	-0.0107448
1.345705e-06	-0.0107976
1.347705e-06	-0.0107712
1.349705e-06	-0.0109032
1.351705e-06	-0.0111408
1.353705e-06	-0.0109296
1.355705e-06	-0.01122
1.357705e-06	-0.0113256
1.359705e-06	-0.0113784
1.361705e-06	-0.011616
1.363705e-06	-0.0115368
1.365705e-06	-0.0114312
1.367705e-06	-0.0118272
1.369705e-06	-0.0120648
1.371705e-06	-0.0121968
1.373705e-06	-0.0122232
1.375705e-06	-0.0124608
1.377705e-06	-0.0124608
1.379705e-06	-0.0124344
1.381705e-06	-0.012804
1.383705e-06	-0.012936
1.385705e-06	-0.0132
1.387705e-06	-0.0132528
1.389705e-06	-0.0139656
1.391705e-06	-0.0139392
1.393705e-06	-0.0141768
1.395705e-06	-0.0143352
1.397705e-06	-0.014652
1.399705e-06	-0.0145464
1.401705e-06	-0.0147048
1.403705e-06	-0.014784
1.405705e-06	-0.0148632
1.407705e-06	-0.0151008
1.409705e-06	-0.0152856
1.411705e-06	-0.0153648
1.413705e-06	-0.0156552
1.415705e-06	-0.0157608
1.417705e-06	-0.016368
1.419705e-06	-0.0162096
1.421705e-06	-0.0164208
1.423705e-06	-0.0162624
1.425705e-06	-0.0162888
1.427705e-06	-0.0165264
1.429705e-06	-0.0166848
1.431705e-06	-0.0163944
1.433705e-06	-0.0161832
1.435705e-06	-0.0161568
1.437705e-06	-0.0165792
1.439705e-06	-0.0165
1.441705e-06	-0.0164472
1.443705e-06	-0.0164736
1.445705e-06	-0.0169488
1.447705e-06	-0.0170544
1.449705e-06	-0.0170808
1.451705e-06	-0.017028
1.453705e-06	-0.0172392
1.455705e-06	-0.0173712
1.457705e-06	-0.0175032
1.459705e-06	-0.0175296
1.461705e-06	-0.017952
1.463705e-06	-0.0177672
1.465705e-06	-0.0177144
1.467705e-06	-0.0177408
1.469705e-06	-0.0179256
1.471705e-06	-0.0181632
1.473705e-06	-0.0180312
1.475705e-06	-0.018348
1.477705e-06	-0.0184008
1.479705e-06	-0.0182688
1.481705e-06	-0.01848
1.483705e-06	-0.0186384
1.485705e-06	-0.0185856
1.487705e-06	-0.0184536
1.489705e-06	-0.018216
1.491705e-06	-0.0184008
1.493705e-06	-0.019008
1.495705e-06	-0.0187176
1.497705e-06	-0.018612
1.499705e-06	-0.0187968
1.501705e-06	-0.0188232
1.503705e-06	-0.0186384
1.505705e-06	-0.0182952
1.507705e-06	-0.0184536
1.509705e-06	-0.0186912
1.511705e-06	-0.0188496
1.513705e-06	-0.018744
1.515705e-06	-0.0188496
1.517705e-06	-0.01914
1.519705e-06	-0.0195624
1.521705e-06	-0.0193248
1.523705e-06	-0.0193776
1.525705e-06	-0.0192456
1.527705e-06	-0.0191928
1.529705e-06	-0.0192456
1.531705e-06	-0.019668
1.533705e-06	-0.0193776
1.535705e-06	-0.019272
1.537705e-06	-0.0191928
1.539705e-06	-0.0192456
1.541705e-06	-0.0192984
1.543705e-06	-0.0194568
1.545705e-06	-0.0194304
1.547705e-06	-0.019272
1.549705e-06	-0.0193512
1.551705e-06	-0.019536
1.553705e-06	-0.019668
1.555705e-06	-0.0198528
1.557705e-06	-0.020064
1.559705e-06	-0.0200376
1.561705e-06	-0.0201432
1.563705e-06	-0.0200376
1.565705e-06	-0.0203544
1.567705e-06	-0.0203544
1.569705e-06	-0.0201432
1.571705e-06	-0.0198264
1.573705e-06	-0.019668
1.575705e-06	-0.0194304
1.577705e-06	-0.0191928
1.579705e-06	-0.0190344
1.581705e-06	-0.0187176
1.583705e-06	-0.018216
1.585705e-06	-0.018216
1.587705e-06	-0.0182688
1.589705e-06	-0.0185328
1.591705e-06	-0.0185856
1.593705e-06	-0.0181632
1.595705e-06	-0.0180312
1.597705e-06	-0.018348
1.599705e-06	-0.018612
1.601705e-06	-0.0183744
1.603705e-06	-0.0183216
1.605705e-06	-0.0187968
1.607705e-06	-0.0187704
1.609705e-06	-0.0185328
1.611705e-06	-0.0190344
1.613705e-06	-0.0189288
1.615705e-06	-0.019008
1.617705e-06	-0.0194832
1.619705e-06	-0.0196944
1.621705e-06	-0.0199848
1.623705e-06	-0.0200376
1.625705e-06	-0.0198
1.627705e-06	-0.0199584
1.629705e-06	-0.0199848
1.631705e-06	-0.0203808
1.633705e-06	-0.020328
1.635705e-06	-0.020196
1.637705e-06	-0.0202752
1.639705e-06	-0.0201168
1.641705e-06	-0.0201168
1.643705e-06	-0.0202224
1.645705e-06	-0.0200112
1.647705e-06	-0.0203544
1.649705e-06	-0.0205392
1.651705e-06	-0.020592
1.653705e-06	-0.0204864
1.655705e-06	-0.0199848
1.657705e-06	-0.019932
1.659705e-06	-0.0200112
1.661705e-06	-0.0200904
1.663705e-06	-0.019932
1.665705e-06	-0.0197736
1.667705e-06	-0.0197472
1.669705e-06	-0.019404
1.671705e-06	-0.019272
1.673705e-06	-0.0189024
1.675705e-06	-0.0187704
1.677705e-06	-0.018216
1.679705e-06	-0.0178992
1.681705e-06	-0.0175296
1.683705e-06	-0.0173448
1.685705e-06	-0.0171336
1.687705e-06	-0.0166584
1.689705e-06	-0.0165
1.691705e-06	-0.0162888
1.693705e-06	-0.0161304
1.695705e-06	-0.0158136
1.697705e-06	-0.0158136
1.699705e-06	-0.015444
1.701705e-06	-0.0153648
1.703705e-06	-0.0150744
1.705705e-06	-0.0152328
1.707705e-06	-0.0149952
1.709705e-06	-0.0152064
1.711705e-06	-0.015048
1.713705e-06	-0.0145992
1.715705e-06	-0.0145728
1.717705e-06	-0.014916
1.719705e-06	-0.0146784
1.721705e-06	-0.014652
1.723705e-06	-0.0148104
1.725705e-06	-0.0148104
1.727705e-06	-0.0148368
1.729705e-06	-0.0149688
1.731705e-06	-0.0150216
1.733705e-06	-0.0149688
1.735705e-06	-0.0148896
1.737705e-06	-0.0149952
1.739705e-06	-0.0150744
1.741705e-06	-0.015444
1.743705e-06	-0.0154704
1.745705e-06	-0.0154704
1.747705e-06	-0.0151536
1.749705e-06	-0.0152856
1.751705e-06	-0.015576
1.753705e-06	-0.0156552
1.755705e-06	-0.0158136
1.757705e-06	-0.0157872
1.759705e-06	-0.0156288
1.761705e-06	-0.01584
1.763705e-06	-0.0158664
1.765705e-06	-0.0160248
1.767705e-06	-0.0159456
1.769705e-06	-0.0156816
1.771705e-06	-0.0154704
1.773705e-06	-0.0156288
1.775705e-06	-0.015708
1.777705e-06	-0.0159456
1.779705e-06	-0.0154968
1.781705e-06	-0.0155232
1.783705e-06	-0.0153912
1.785705e-06	-0.0155232
1.787705e-06	-0.0157872
1.789705e-06	-0.0158664
1.791705e-06	-0.0158664
1.793705e-06	-0.0159192
1.795705e-06	-0.0155232
1.797705e-06	-0.0154704
1.799705e-06	-0.0152064
1.801705e-06	-0.0151008
1.803705e-06	-0.015444
1.805705e-06	-0.0156024
1.807705e-06	-0.0155496
1.809705e-06	-0.0151536
1.811705e-06	-0.0151008
1.813705e-06	-0.015312
1.815705e-06	-0.0154968
1.817705e-06	-0.0156816
1.819705e-06	-0.0155496
1.821705e-06	-0.0157608
1.823705e-06	-0.0159984
1.825705e-06	-0.0160248
1.827705e-06	-0.0159192
1.829705e-06	-0.016236
1.831705e-06	-0.0160776
1.833705e-06	-0.016104
1.835705e-06	-0.0161832
1.837705e-06	-0.0164472
1.839705e-06	-0.016632
1.841705e-06	-0.0165264
1.843705e-06	-0.0166056
1.845705e-06	-0.0166848
1.847705e-06	-0.0165792
1.849705e-06	-0.0169752
1.851705e-06	-0.0172656
1.853705e-06	-0.0173184
1.855705e-06	-0.0175296
1.857705e-06	-0.0176616
1.859705e-06	-0.0176616
1.861705e-06	-0.0178464
1.863705e-06	-0.017556
1.865705e-06	-0.0174504
1.867705e-06	-0.0177144
1.869705e-06	-0.017952
1.871705e-06	-0.0179256
1.873705e-06	-0.0180048
1.875705e-06	-0.017952
1.877705e-06	-0.0183216
1.879705e-06	-0.0185328
1.881705e-06	-0.0184536
1.883705e-06	-0.0181896
1.885705e-06	-0.0181368
1.887705e-06	-0.0181104
1.889705e-06	-0.0181896
1.891705e-06	-0.0180048
1.893705e-06	-0.0181896
1.895705e-06	-0.017952
1.897705e-06	-0.0180576
1.899705e-06	-0.0179784
1.901705e-06	-0.0182952
1.903705e-06	-0.018084
1.905705e-06	-0.0184272
1.907705e-06	-0.0184008
1.909705e-06	-0.018348
1.911705e-06	-0.0182688
1.913705e-06	-0.0182952
1.915705e-06	-0.0181632
1.917705e-06	-0.0180312
1.919705e-06	-0.0179784
1.921705e-06	-0.0181104
1.923705e-06	-0.0177672
1.925705e-06	-0.0177408
1.927705e-06	-0.0180048
1.929705e-06	-0.0177936
1.931705e-06	-0.0176616
1.933705e-06	-0.0178992
1.935705e-06	-0.0181896
1.937705e-06	-0.0182688
1.939705e-06	-0.018348
1.941705e-06	-0.0183216
1.943705e-06	-0.018744
1.945705e-06	-0.0188496
1.947705e-06	-0.019008
1.949705e-06	-0.0187968
1.951705e-06	-0.018612
1.953705e-06	-0.0183216
1.955705e-06	-0.0180576
1.957705e-06	-0.0183216
1.959705e-06	-0.018084
1.961705e-06	-0.017952
1.963705e-06	-0.0181368
1.965705e-06	-0.0181104
1.967705e-06	-0.0184008
1.969705e-06	-0.0182424
1.971705e-06	-0.0180576
1.973705e-06	-0.0180048
1.975705e-06	-0.0180048
1.977705e-06	-0.017952
1.979705e-06	-0.01782
1.981705e-06	-0.0180312
1.983705e-06	-0.0183216
1.985705e-06	-0.0178992
1.987705e-06	-0.0177672
1.989705e-06	-0.0176616
1.991705e-06	-0.017556
1.993705e-06	-0.0177144
1.995705e-06	-0.0175032
1.997705e-06	-0.0175296
1.999705e-06	-0.0172128
2.001705e-06	-0.0167904
2.003705e-06	-0.017028
2.005705e-06	-0.0167376
2.007705e-06	-0.0165792
2.009705e-06	-0.0164472
2.011705e-06	-0.0161304
2.013705e-06	-0.0158928
2.015705e-06	-0.0154968
2.017705e-06	-0.0157344
2.019705e-06	-0.0156552
2.021705e-06	-0.0156816
2.023705e-06	-0.0153912
2.025705e-06	-0.0153648
2.027705e-06	-0.0153912
2.029705e-06	-0.0154968
2.031705e-06	-0.015444
2.033705e-06	-0.0152856
2.035705e-06	-0.0152064
2.037705e-06	-0.015048
2.039705e-06	-0.0148896
2.041705e-06	-0.0152328
2.043705e-06	-0.0152328
2.045705e-06	-0.0154704
2.047705e-06	-0.0151272
2.049705e-06	-0.0148632
2.051705e-06	-0.0151008
2.053705e-06	-0.0153912
2.055705e-06	-0.0152856
2.057705e-06	-0.0152064
2.059705e-06	-0.01518
2.061705e-06	-0.0153912
2.063705e-06	-0.0153912
2.065705e-06	-0.015576
2.067705e-06	-0.0155496
2.069705e-06	-0.0156288
2.071705e-06	-0.0152328
2.073705e-06	-0.0148632
2.075705e-06	-0.0145464
2.077705e-06	-0.0146784
2.079705e-06	-0.014784
2.081705e-06	-0.0148368
2.083705e-06	-0.014388
2.085705e-06	-0.014256
2.087705e-06	-0.0143352
2.089705e-06	-0.0142824
2.091705e-06	-0.0141768
2.093705e-06	-0.0145464
2.095705e-06	-0.0142296
2.097705e-06	-0.0143352
2.099705e-06	-0.0140976
2.101705e-06	-0.014124
2.103705e-06	-0.0139656
2.105705e-06	-0.0141768
2.107705e-06	-0.0137808
2.109705e-06	-0.0140976
2.111705e-06	-0.0146784
2.113705e-06	-0.0148632
2.115705e-06	-0.0149688
2.117705e-06	-0.0149952
2.119705e-06	-0.0150744
2.121705e-06	-0.015576
2.123705e-06	-0.0158136
2.125705e-06	-0.016236
2.127705e-06	-0.01584
2.129705e-06	-0.0153912
2.131705e-06	-0.0151008
2.133705e-06	-0.0153912
2.135705e-06	-0.0152328
2.137705e-06	-0.015312
2.139705e-06	-0.015576
2.141705e-06	-0.0158136
2.143705e-06	-0.0157344
2.145705e-06	-0.0156552
2.147705e-06	-0.0157608
2.149705e-06	-0.016104
2.151705e-06	-0.0162624
2.153705e-06	-0.0162888
2.155705e-06	-0.0162096
2.157705e-06	-0.0164736
2.159705e-06	-0.0166056
2.161705e-06	-0.0166848
2.163705e-06	-0.0169752
2.165705e-06	-0.0175824
2.167705e-06	-0.0175296
2.169705e-06	-0.0177936
2.171705e-06	-0.0177408
2.173705e-06	-0.0179256
2.175705e-06	-0.0179256
2.177705e-06	-0.0179784
2.179705e-06	-0.0177144
2.181705e-06	-0.0180312
2.183705e-06	-0.0182424
2.185705e-06	-0.0181104
2.187705e-06	-0.018348
2.189705e-06	-0.0186648
2.191705e-06	-0.0189024
2.193705e-06	-0.0190872
2.195705e-06	-0.0193248
2.197705e-06	-0.0194304
2.199705e-06	-0.0196416
2.201705e-06	-0.0197736
2.203705e-06	-0.0199056
2.205705e-06	-0.0198792
2.207705e-06	-0.0198528
2.209705e-06	-0.0200112
2.211705e-06	-0.0199584
2.213705e-06	-0.0199056
2.215705e-06	-0.0196152
2.217705e-06	-0.0196944
2.219705e-06	-0.0199056
2.221705e-06	-0.0198792
2.223705e-06	-0.020196
2.225705e-06	-0.0202488
2.227705e-06	-0.02046
2.229705e-06	-0.0205656
2.231705e-06	-0.0208296
2.233705e-06	-0.0211464
2.235705e-06	-0.0211992
2.237705e-06	-0.0212784
2.239705e-06	-0.0212256
2.241705e-06	-0.0209616
2.243705e-06	-0.0209616
2.245705e-06	-0.021648
2.247705e-06	-0.021648
2.249705e-06	-0.0214368
2.251705e-06	-0.0217272
2.253705e-06	-0.0219384
2.255705e-06	-0.0219912
2.257705e-06	-0.022176
2.259705e-06	-0.0222024
2.261705e-06	-0.0223344
2.263705e-06	-0.02244
2.265705e-06	-0.0219384
2.267705e-06	-0.0219384
2.269705e-06	-0.0221496
2.271705e-06	-0.0219912
2.273705e-06	-0.0219912
2.275705e-06	-0.0221496
2.277705e-06	-0.022176
2.279705e-06	-0.0219384
2.281705e-06	-0.022044
2.283705e-06	-0.022044
2.285705e-06	-0.0220176
2.287705e-06	-0.0218592
2.289705e-06	-0.0217272
2.291705e-06	-0.0214896
2.293705e-06	-0.02178
2.295705e-06	-0.0213312
2.297705e-06	-0.0210672
2.299705e-06	-0.0207768
2.301705e-06	-0.0206184
2.303705e-06	-0.0200376
2.305705e-06	-0.0197736
2.307705e-06	-0.0196152
2.309705e-06	-0.0194568
2.311705e-06	-0.01914
2.313705e-06	-0.0191136
2.315705e-06	-0.018876
2.317705e-06	-0.0183216
2.319705e-06	-0.0179784
2.321705e-06	-0.0176616
2.323705e-06	-0.0178464
2.325705e-06	-0.0177936
2.327705e-06	-0.0176088
2.329705e-06	-0.017292
2.331705e-06	-0.017424
2.333705e-06	-0.0175296
2.335705e-06	-0.0175032
2.337705e-06	-0.0172128
2.339705e-06	-0.0172656
2.341705e-06	-0.0174768
2.343705e-06	-0.0173184
2.345705e-06	-0.0171072
2.347705e-06	-0.0171072
2.349705e-06	-0.0170016
2.351705e-06	-0.0170808
2.353705e-06	-0.0167904
2.355705e-06	-0.0162624
2.357705e-06	-0.0163416
2.359705e-06	-0.0162888
2.361705e-06	-0.0158664
2.363705e-06	-0.0155232
2.365705e-06	-0.015312
2.367705e-06	-0.0153912
2.369705e-06	-0.0156024
2.371705e-06	-0.0154968
2.373705e-06	-0.015444
2.375705e-06	-0.0153648
2.377705e-06	-0.0154968
2.379705e-06	-0.01584
2.381705e-06	-0.015972
2.383705e-06	-0.0160248
2.385705e-06	-0.0161304
2.387705e-06	-0.016104
2.389705e-06	-0.0163152
2.391705e-06	-0.0162888
2.393705e-06	-0.0162624
2.395705e-06	-0.0161832
2.397705e-06	-0.0163416
2.399705e-06	-0.0160248
2.401705e-06	-0.0162096
2.403705e-06	-0.0161832
2.405705e-06	-0.0164736
2.407705e-06	-0.0161568
2.409705e-06	-0.0157608
2.411705e-06	-0.0156024
2.413705e-06	-0.01584
2.415705e-06	-0.015708
2.417705e-06	-0.0158136
2.419705e-06	-0.0156288
2.421705e-06	-0.0158928
2.423705e-06	-0.0160776
2.425705e-06	-0.016104
2.427705e-06	-0.0161832
2.429705e-06	-0.0164472
2.431705e-06	-0.0163944
2.433705e-06	-0.0163416
2.435705e-06	-0.0162096
2.437705e-06	-0.015972
2.439705e-06	-0.0156552
2.441705e-06	-0.0156816
2.443705e-06	-0.0157872
2.445705e-06	-0.0159984
2.447705e-06	-0.0160776
2.449705e-06	-0.0161568
2.451705e-06	-0.0163152
2.453705e-06	-0.0167904
2.455705e-06	-0.0167112
2.457705e-06	-0.0168168
2.459705e-06	-0.0168696
2.461705e-06	-0.0172128
2.463705e-06	-0.0171864
2.465705e-06	-0.0172128
2.467705e-06	-0.0171336
2.469705e-06	-0.0173448
2.471705e-06	-0.0170808
2.473705e-06	-0.0172128
2.475705e-06	-0.0173448
2.477705e-06	-0.017424
2.479705e-06	-0.017556
2.481705e-06	-0.0177408
2.483705e-06	-0.0174504
2.485705e-06	-0.0177936
2.487705e-06	-0.0178728
2.489705e-06	-0.0183744
2.491705e-06	-0.0188496
2.493705e-06	-0.0188232
2.495705e-06	-0.0187704
2.497705e-06	-0.0190872
2.499705e-06	-0.0190872
2.501705e-06	-0.018876
