LECROYHDO6104A	50809	Waveform
Segments	1	SegmentSize	2502
Segment	TrigTime	TimeSinceSegment1
#1	19-Dec-2022 19:53:45	0                 
Time	Ampl
-2.501824e-06	-0.024754
-2.499824e-06	-0.024592
-2.497824e-06	-0.024592
-2.495824e-06	-0.024268
-2.493824e-06	-0.02443
-2.491824e-06	-0.02443
-2.489824e-06	-0.025402
-2.487824e-06	-0.025402
-2.485824e-06	-0.025888
-2.483824e-06	-0.02524
-2.481824e-06	-0.025564
-2.479824e-06	-0.02524
-2.477824e-06	-0.024592
-2.475824e-06	-0.025078
-2.473824e-06	-0.025564
-2.471824e-06	-0.024754
-2.469824e-06	-0.025564
-2.467824e-06	-0.025402
-2.465824e-06	-0.02605
-2.463824e-06	-0.025402
-2.461824e-06	-0.02605
-2.459824e-06	-0.025402
-2.457824e-06	-0.025726
-2.455824e-06	-0.025402
-2.453824e-06	-0.025078
-2.451824e-06	-0.025078
-2.449824e-06	-0.025078
-2.447824e-06	-0.025078
-2.445824e-06	-0.024916
-2.443824e-06	-0.023944
-2.441824e-06	-0.02443
-2.439824e-06	-0.024754
-2.437824e-06	-0.024754
-2.435824e-06	-0.023944
-2.433824e-06	-0.024754
-2.431824e-06	-0.023782
-2.429824e-06	-0.023458
-2.427824e-06	-0.023458
-2.425824e-06	-0.023458
-2.423824e-06	-0.023134
-2.421824e-06	-0.023134
-2.419824e-06	-0.022324
-2.417824e-06	-0.023134
-2.415824e-06	-0.022324
-2.413824e-06	-0.022324
-2.411824e-06	-0.021676
-2.409824e-06	-0.022162
-2.407824e-06	-0.022486
-2.405824e-06	-0.02281
-2.403824e-06	-0.021838
-2.401824e-06	-0.022324
-2.399824e-06	-0.022162
-2.397824e-06	-0.021838
-2.395824e-06	-0.021838
-2.393824e-06	-0.022
-2.391824e-06	-0.021352
-2.389824e-06	-0.022
-2.387824e-06	-0.021352
-2.385824e-06	-0.02119
-2.383824e-06	-0.021352
-2.381824e-06	-0.021514
-2.379824e-06	-0.020542
-2.377824e-06	-0.021838
-2.375824e-06	-0.021514
-2.373824e-06	-0.022
-2.371824e-06	-0.021352
-2.369824e-06	-0.022486
-2.367824e-06	-0.021352
-2.365824e-06	-0.021838
-2.363824e-06	-0.02119
-2.361824e-06	-0.022162
-2.359824e-06	-0.021514
-2.357824e-06	-0.022
-2.355824e-06	-0.02119
-2.353824e-06	-0.021028
-2.351824e-06	-0.021514
-2.349824e-06	-0.021514
-2.347824e-06	-0.020866
-2.345824e-06	-0.021838
-2.343824e-06	-0.021676
-2.341824e-06	-0.021838
-2.339824e-06	-0.021838
-2.337824e-06	-0.022162
-2.335824e-06	-0.022
-2.333824e-06	-0.022324
-2.331824e-06	-0.022
-2.329824e-06	-0.022648
-2.327824e-06	-0.022486
-2.325824e-06	-0.021838
-2.323824e-06	-0.021676
-2.321824e-06	-0.021514
-2.319824e-06	-0.021838
-2.317824e-06	-0.022162
-2.315824e-06	-0.021514
-2.313824e-06	-0.022324
-2.311824e-06	-0.022324
-2.309824e-06	-0.022324
-2.307824e-06	-0.021838
-2.305824e-06	-0.021676
-2.303824e-06	-0.02281
-2.301824e-06	-0.02281
-2.299824e-06	-0.022324
-2.297824e-06	-0.022324
-2.295824e-06	-0.022162
-2.293824e-06	-0.022648
-2.291824e-06	-0.022972
-2.289824e-06	-0.023134
-2.287824e-06	-0.022648
-2.285824e-06	-0.02362
-2.283824e-06	-0.023944
-2.281824e-06	-0.024106
-2.279824e-06	-0.024268
-2.277824e-06	-0.024106
-2.275824e-06	-0.024106
-2.273824e-06	-0.024106
-2.271824e-06	-0.024268
-2.269824e-06	-0.02443
-2.267824e-06	-0.024592
-2.265824e-06	-0.025564
-2.263824e-06	-0.02443
-2.261824e-06	-0.024754
-2.259824e-06	-0.02443
-2.257824e-06	-0.025402
-2.255824e-06	-0.02443
-2.253824e-06	-0.025078
-2.251824e-06	-0.024268
-2.249824e-06	-0.024106
-2.247824e-06	-0.024592
-2.245824e-06	-0.02443
-2.243824e-06	-0.024268
-2.241824e-06	-0.024916
-2.239824e-06	-0.024592
-2.237824e-06	-0.024916
-2.235824e-06	-0.023944
-2.233824e-06	-0.025078
-2.231824e-06	-0.024268
-2.229824e-06	-0.024916
-2.227824e-06	-0.02443
-2.225824e-06	-0.023944
-2.223824e-06	-0.024268
-2.221824e-06	-0.024106
-2.219824e-06	-0.022972
-2.217824e-06	-0.023296
-2.215824e-06	-0.02281
-2.213824e-06	-0.02362
-2.211824e-06	-0.022162
-2.209824e-06	-0.023134
-2.207824e-06	-0.02281
-2.205824e-06	-0.022
-2.203824e-06	-0.022162
-2.201824e-06	-0.022
-2.199824e-06	-0.021352
-2.197824e-06	-0.021028
-2.195824e-06	-0.020542
-2.193824e-06	-0.021028
-2.191824e-06	-0.020542
-2.189824e-06	-0.019894
-2.187824e-06	-0.020542
-2.185824e-06	-0.020542
-2.183824e-06	-0.020218
-2.181824e-06	-0.020704
-2.179824e-06	-0.020056
-2.177824e-06	-0.019894
-2.175824e-06	-0.020056
-2.173824e-06	-0.02038
-2.171824e-06	-0.019894
-2.169824e-06	-0.019894
-2.167824e-06	-0.020056
-2.165824e-06	-0.020704
-2.163824e-06	-0.020542
-2.161824e-06	-0.02038
-2.159824e-06	-0.02038
-2.157824e-06	-0.020704
-2.155824e-06	-0.01957
-2.153824e-06	-0.020704
-2.151824e-06	-0.020866
-2.149824e-06	-0.02119
-2.147824e-06	-0.021028
-2.145824e-06	-0.020866
-2.143824e-06	-0.020542
-2.141824e-06	-0.020704
-2.139824e-06	-0.020218
-2.137824e-06	-0.020704
-2.135824e-06	-0.020542
-2.133824e-06	-0.020866
-2.131824e-06	-0.019894
-2.129824e-06	-0.020056
-2.127824e-06	-0.020218
-2.125824e-06	-0.020866
-2.123824e-06	-0.020218
-2.121824e-06	-0.02119
-2.119824e-06	-0.021352
-2.117824e-06	-0.022162
-2.115824e-06	-0.021838
-2.113824e-06	-0.021352
-2.111824e-06	-0.022
-2.109824e-06	-0.021676
-2.107824e-06	-0.021676
-2.105824e-06	-0.021676
-2.103824e-06	-0.02119
-2.101824e-06	-0.021352
-2.099824e-06	-0.02119
-2.097824e-06	-0.02119
-2.095824e-06	-0.020704
-2.093824e-06	-0.02119
-2.091824e-06	-0.020704
-2.089824e-06	-0.02119
-2.087824e-06	-0.02038
-2.085824e-06	-0.021352
-2.083824e-06	-0.02038
-2.081824e-06	-0.02119
-2.079824e-06	-0.02119
-2.077824e-06	-0.020866
-2.075824e-06	-0.020704
-2.073824e-06	-0.020866
-2.071824e-06	-0.021028
-2.069824e-06	-0.020542
-2.067824e-06	-0.020704
-2.065824e-06	-0.02119
-2.063824e-06	-0.020542
-2.061824e-06	-0.021028
-2.059824e-06	-0.02038
-2.057824e-06	-0.020866
-2.055824e-06	-0.021352
-2.053824e-06	-0.021514
-2.051824e-06	-0.02119
-2.049824e-06	-0.021352
-2.047824e-06	-0.021676
-2.045824e-06	-0.021514
-2.043824e-06	-0.020704
-2.041824e-06	-0.02119
-2.039824e-06	-0.020866
-2.037824e-06	-0.020704
-2.035824e-06	-0.020056
-2.033824e-06	-0.02038
-2.031824e-06	-0.019732
-2.029824e-06	-0.02038
-2.027824e-06	-0.02038
-2.025824e-06	-0.02119
-2.023824e-06	-0.021028
-2.021824e-06	-0.021838
-2.019824e-06	-0.020704
-2.017824e-06	-0.021028
-2.015824e-06	-0.021676
-2.013824e-06	-0.021028
-2.011824e-06	-0.021514
-2.009824e-06	-0.021676
-2.007824e-06	-0.021352
-2.005824e-06	-0.021514
-2.003824e-06	-0.021028
-2.001824e-06	-0.021676
-1.999824e-06	-0.021028
-1.997824e-06	-0.021028
-1.995824e-06	-0.02119
-1.993824e-06	-0.02119
-1.991824e-06	-0.021514
-1.989824e-06	-0.021838
-1.987824e-06	-0.021838
-1.985824e-06	-0.022
-1.983824e-06	-0.022486
-1.981824e-06	-0.022486
-1.979824e-06	-0.022324
-1.977824e-06	-0.022162
-1.975824e-06	-0.021676
-1.973824e-06	-0.022
-1.971824e-06	-0.022162
-1.969824e-06	-0.022162
-1.967824e-06	-0.021838
-1.965824e-06	-0.022
-1.963824e-06	-0.021028
-1.961824e-06	-0.021028
-1.959824e-06	-0.020542
-1.957824e-06	-0.02038
-1.955824e-06	-0.02038
-1.953824e-06	-0.020542
-1.951824e-06	-0.020542
-1.949824e-06	-0.020056
-1.947824e-06	-0.01957
-1.945824e-06	-0.019894
-1.943824e-06	-0.020704
-1.941824e-06	-0.020218
-1.939824e-06	-0.020542
-1.937824e-06	-0.021028
-1.935824e-06	-0.020218
-1.933824e-06	-0.02038
-1.931824e-06	-0.020218
-1.929824e-06	-0.02038
-1.927824e-06	-0.021028
-1.925824e-06	-0.020704
-1.923824e-06	-0.020056
-1.921824e-06	-0.020542
-1.919824e-06	-0.020704
-1.917824e-06	-0.020704
-1.915824e-06	-0.02038
-1.913824e-06	-0.02038
-1.911824e-06	-0.019894
-1.909824e-06	-0.02038
-1.907824e-06	-0.02038
-1.905824e-06	-0.020056
-1.903824e-06	-0.020056
-1.901824e-06	-0.02038
-1.899824e-06	-0.020218
-1.897824e-06	-0.020704
-1.895824e-06	-0.021028
-1.893824e-06	-0.021028
-1.891824e-06	-0.020866
-1.889824e-06	-0.020542
-1.887824e-06	-0.020866
-1.885824e-06	-0.021028
-1.883824e-06	-0.02119
-1.881824e-06	-0.021028
-1.879824e-06	-0.021352
-1.877824e-06	-0.021676
-1.875824e-06	-0.021676
-1.873824e-06	-0.022
-1.871824e-06	-0.022162
-1.869824e-06	-0.022162
-1.867824e-06	-0.022648
-1.865824e-06	-0.022972
-1.863824e-06	-0.022324
-1.861824e-06	-0.02281
-1.859824e-06	-0.022972
-1.857824e-06	-0.023134
-1.855824e-06	-0.02362
-1.853824e-06	-0.023458
-1.851824e-06	-0.02281
-1.849824e-06	-0.022972
-1.847824e-06	-0.023134
-1.845824e-06	-0.022972
-1.843824e-06	-0.022648
-1.841824e-06	-0.023782
-1.839824e-06	-0.024106
-1.837824e-06	-0.024754
-1.835824e-06	-0.024106
-1.833824e-06	-0.024916
-1.831824e-06	-0.024106
-1.829824e-06	-0.024754
-1.827824e-06	-0.02443
-1.825824e-06	-0.024754
-1.823824e-06	-0.024916
-1.821824e-06	-0.02443
-1.819824e-06	-0.023458
-1.817824e-06	-0.023944
-1.815824e-06	-0.023134
-1.813824e-06	-0.023944
-1.811824e-06	-0.023296
-1.809824e-06	-0.02362
-1.807824e-06	-0.023458
-1.805824e-06	-0.02362
-1.803824e-06	-0.022972
-1.801824e-06	-0.023458
-1.799824e-06	-0.02362
-1.797824e-06	-0.023458
-1.795824e-06	-0.023458
-1.793824e-06	-0.023944
-1.791824e-06	-0.023944
-1.789824e-06	-0.02443
-1.787824e-06	-0.02443
-1.785824e-06	-0.024106
-1.783824e-06	-0.02443
-1.781824e-06	-0.024754
-1.779824e-06	-0.023782
-1.777824e-06	-0.024268
-1.775824e-06	-0.024106
-1.773824e-06	-0.024106
-1.771824e-06	-0.023782
-1.769824e-06	-0.024268
-1.767824e-06	-0.024106
-1.765824e-06	-0.02443
-1.763824e-06	-0.024106
-1.761824e-06	-0.02443
-1.759824e-06	-0.024106
-1.757824e-06	-0.024106
-1.755824e-06	-0.02443
-1.753824e-06	-0.024592
-1.751824e-06	-0.024268
-1.749824e-06	-0.024268
-1.747824e-06	-0.02362
-1.745824e-06	-0.02362
-1.743824e-06	-0.023944
-1.741824e-06	-0.02362
-1.739824e-06	-0.024106
-1.737824e-06	-0.02443
-1.735824e-06	-0.024754
-1.733824e-06	-0.024268
-1.731824e-06	-0.024268
-1.729824e-06	-0.02362
-1.727824e-06	-0.023782
-1.725824e-06	-0.024268
-1.723824e-06	-0.02443
-1.721824e-06	-0.023782
-1.719824e-06	-0.023458
-1.717824e-06	-0.023944
-1.715824e-06	-0.023296
-1.713824e-06	-0.023782
-1.711824e-06	-0.022972
-1.709824e-06	-0.022972
-1.707824e-06	-0.02362
-1.705824e-06	-0.02362
-1.703824e-06	-0.023458
-1.701824e-06	-0.024268
-1.699824e-06	-0.024106
-1.697824e-06	-0.024268
-1.695824e-06	-0.023782
-1.693824e-06	-0.023944
-1.691824e-06	-0.023458
-1.689824e-06	-0.024754
-1.687824e-06	-0.024268
-1.685824e-06	-0.023782
-1.683824e-06	-0.023944
-1.681824e-06	-0.023458
-1.679824e-06	-0.023782
-1.677824e-06	-0.023944
-1.675824e-06	-0.023134
-1.673824e-06	-0.023782
-1.671824e-06	-0.023782
-1.669824e-06	-0.02362
-1.667824e-06	-0.023296
-1.665824e-06	-0.023296
-1.663824e-06	-0.02362
-1.661824e-06	-0.023458
-1.659824e-06	-0.022648
-1.657824e-06	-0.023458
-1.655824e-06	-0.02281
-1.653824e-06	-0.023296
-1.651824e-06	-0.022648
-1.649824e-06	-0.023134
-1.647824e-06	-0.023458
-1.645824e-06	-0.023458
-1.643824e-06	-0.022648
-1.641824e-06	-0.022648
-1.639824e-06	-0.022648
-1.637824e-06	-0.022486
-1.635824e-06	-0.022
-1.633824e-06	-0.022162
-1.631824e-06	-0.022
-1.629824e-06	-0.022
-1.627824e-06	-0.022162
-1.625824e-06	-0.022324
-1.623824e-06	-0.021838
-1.621824e-06	-0.022
-1.619824e-06	-0.021514
-1.617824e-06	-0.022
-1.615824e-06	-0.021514
-1.613824e-06	-0.021838
-1.611824e-06	-0.021514
-1.609824e-06	-0.022
-1.607824e-06	-0.021352
-1.605824e-06	-0.022
-1.603824e-06	-0.020542
-1.601824e-06	-0.020866
-1.599824e-06	-0.02119
-1.597824e-06	-0.020866
-1.595824e-06	-0.020218
-1.593824e-06	-0.020704
-1.591824e-06	-0.02038
-1.589824e-06	-0.021352
-1.587824e-06	-0.02038
-1.585824e-06	-0.020704
-1.583824e-06	-0.020542
-1.581824e-06	-0.020866
-1.579824e-06	-0.02119
-1.577824e-06	-0.020866
-1.575824e-06	-0.02038
-1.573824e-06	-0.021676
-1.571824e-06	-0.020704
-1.569824e-06	-0.021028
-1.567824e-06	-0.021028
-1.565824e-06	-0.021028
-1.563824e-06	-0.02119
-1.561824e-06	-0.02038
-1.559824e-06	-0.020542
-1.557824e-06	-0.021352
-1.555824e-06	-0.020542
-1.553824e-06	-0.021028
-1.551824e-06	-0.020542
-1.549824e-06	-0.02119
-1.547824e-06	-0.02119
-1.545824e-06	-0.020866
-1.543824e-06	-0.020704
-1.541824e-06	-0.021028
-1.539824e-06	-0.019732
-1.537824e-06	-0.019894
-1.535824e-06	-0.019894
-1.533824e-06	-0.020056
-1.531824e-06	-0.019408
-1.529824e-06	-0.01876
-1.527824e-06	-0.018598
-1.525824e-06	-0.018274
-1.523824e-06	-0.018112
-1.521824e-06	-0.018112
-1.519824e-06	-0.017788
-1.517824e-06	-0.018436
-1.515824e-06	-0.01795
-1.513824e-06	-0.017626
-1.511824e-06	-0.017788
-1.509824e-06	-0.01795
-1.507824e-06	-0.018436
-1.505824e-06	-0.018436
-1.503824e-06	-0.018598
-1.501824e-06	-0.018922
-1.499824e-06	-0.01795
-1.497824e-06	-0.018598
-1.495824e-06	-0.018922
-1.493824e-06	-0.019408
-1.491824e-06	-0.01876
-1.489824e-06	-0.018922
-1.487824e-06	-0.019732
-1.485824e-06	-0.019084
-1.483824e-06	-0.018922
-1.481824e-06	-0.019408
-1.479824e-06	-0.019084
-1.477824e-06	-0.019408
-1.475824e-06	-0.019246
-1.473824e-06	-0.019408
-1.471824e-06	-0.018922
-1.469824e-06	-0.01957
-1.467824e-06	-0.02038
-1.465824e-06	-0.02038
-1.463824e-06	-0.020056
-1.461824e-06	-0.021028
-1.459824e-06	-0.020542
-1.457824e-06	-0.020218
-1.455824e-06	-0.02038
-1.453824e-06	-0.020866
-1.451824e-06	-0.02038
-1.449824e-06	-0.020704
-1.447824e-06	-0.020542
-1.445824e-06	-0.02038
-1.443824e-06	-0.020542
-1.441824e-06	-0.020866
-1.439824e-06	-0.020542
-1.437824e-06	-0.021028
-1.435824e-06	-0.020866
-1.433824e-06	-0.02119
-1.431824e-06	-0.021676
-1.429824e-06	-0.021352
-1.427824e-06	-0.021514
-1.425824e-06	-0.020866
-1.423824e-06	-0.021514
-1.421824e-06	-0.022324
-1.419824e-06	-0.022
-1.417824e-06	-0.021838
-1.415824e-06	-0.022
-1.413824e-06	-0.022162
-1.411824e-06	-0.021352
-1.409824e-06	-0.021838
-1.407824e-06	-0.022
-1.405824e-06	-0.021514
-1.403824e-06	-0.020866
-1.401824e-06	-0.021352
-1.399824e-06	-0.021676
-1.397824e-06	-0.022
-1.395824e-06	-0.022162
-1.393824e-06	-0.022
-1.391824e-06	-0.022324
-1.389824e-06	-0.02281
-1.387824e-06	-0.022
-1.385824e-06	-0.023296
-1.383824e-06	-0.02281
-1.381824e-06	-0.02281
-1.379824e-06	-0.022486
-1.377824e-06	-0.023134
-1.375824e-06	-0.02281
-1.373824e-06	-0.02281
-1.371824e-06	-0.022972
-1.369824e-06	-0.022972
-1.367824e-06	-0.02281
-1.365824e-06	-0.022486
-1.363824e-06	-0.022486
-1.361824e-06	-0.023296
-1.359824e-06	-0.023134
-1.357824e-06	-0.023782
-1.355824e-06	-0.023944
-1.353824e-06	-0.023458
-1.351824e-06	-0.02281
-1.349824e-06	-0.023296
-1.347824e-06	-0.022648
-1.345824e-06	-0.022162
-1.343824e-06	-0.02281
-1.341824e-06	-0.023296
-1.339824e-06	-0.022648
-1.337824e-06	-0.022648
-1.335824e-06	-0.022972
-1.333824e-06	-0.023134
-1.331824e-06	-0.022648
-1.329824e-06	-0.021514
-1.327824e-06	-0.021676
-1.325824e-06	-0.021676
-1.323824e-06	-0.022324
-1.321824e-06	-0.022486
-1.319824e-06	-0.021676
-1.317824e-06	-0.022324
-1.315824e-06	-0.022486
-1.313824e-06	-0.022648
-1.311824e-06	-0.02281
-1.309824e-06	-0.022972
-1.307824e-06	-0.023134
-1.305824e-06	-0.02281
-1.303824e-06	-0.023458
-1.301824e-06	-0.023458
-1.299824e-06	-0.023134
-1.297824e-06	-0.023944
-1.295824e-06	-0.023134
-1.293824e-06	-0.023134
-1.291824e-06	-0.023296
-1.289824e-06	-0.023134
-1.287824e-06	-0.023296
-1.285824e-06	-0.024268
-1.283824e-06	-0.023458
-1.281824e-06	-0.023458
-1.279824e-06	-0.023782
-1.277824e-06	-0.024106
-1.275824e-06	-0.02362
-1.273824e-06	-0.023782
-1.271824e-06	-0.023458
-1.269824e-06	-0.023458
-1.267824e-06	-0.024592
-1.265824e-06	-0.024268
-1.263824e-06	-0.024268
-1.261824e-06	-0.024592
-1.259824e-06	-0.023782
-1.257824e-06	-0.02524
-1.255824e-06	-0.024592
-1.253824e-06	-0.024754
-1.251824e-06	-0.024754
-1.249824e-06	-0.025078
-1.247824e-06	-0.024592
-1.245824e-06	-0.02524
-1.243824e-06	-0.024106
-1.241824e-06	-0.024592
-1.239824e-06	-0.024268
-1.237824e-06	-0.024754
-1.235824e-06	-0.023782
-1.233824e-06	-0.024592
-1.231824e-06	-0.023782
-1.229824e-06	-0.024592
-1.227824e-06	-0.024592
-1.225824e-06	-0.024268
-1.223824e-06	-0.023296
-1.221824e-06	-0.023782
-1.219824e-06	-0.023782
-1.217824e-06	-0.02362
-1.215824e-06	-0.023296
-1.213824e-06	-0.023458
-1.211824e-06	-0.023296
-1.209824e-06	-0.023458
-1.207824e-06	-0.023134
-1.205824e-06	-0.022486
-1.203824e-06	-0.022324
-1.201824e-06	-0.023134
-1.199824e-06	-0.022324
-1.197824e-06	-0.022486
-1.195824e-06	-0.021676
-1.193824e-06	-0.022
-1.191824e-06	-0.021514
-1.189824e-06	-0.021676
-1.187824e-06	-0.021352
-1.185824e-06	-0.021028
-1.183824e-06	-0.020866
-1.181824e-06	-0.021028
-1.179824e-06	-0.020704
-1.177824e-06	-0.020866
-1.175824e-06	-0.02038
-1.173824e-06	-0.02038
-1.171824e-06	-0.019732
-1.169824e-06	-0.02038
-1.167824e-06	-0.020866
-1.165824e-06	-0.020866
-1.163824e-06	-0.02038
-1.161824e-06	-0.020866
-1.159824e-06	-0.02038
-1.157824e-06	-0.021028
-1.155824e-06	-0.020218
-1.153824e-06	-0.020704
-1.151824e-06	-0.020704
-1.149824e-06	-0.02119
-1.147824e-06	-0.020704
-1.145824e-06	-0.020218
-1.143824e-06	-0.020218
-1.141824e-06	-0.020866
-1.139824e-06	-0.020542
-1.137824e-06	-0.02038
-1.135824e-06	-0.019894
-1.133824e-06	-0.020704
-1.131824e-06	-0.02038
-1.129824e-06	-0.020704
-1.127824e-06	-0.021352
-1.125824e-06	-0.020866
-1.123824e-06	-0.020542
-1.121824e-06	-0.02119
-1.119824e-06	-0.020866
-1.117824e-06	-0.020866
-1.115824e-06	-0.020542
-1.113824e-06	-0.02038
-1.111824e-06	-0.02038
-1.109824e-06	-0.020056
-1.107824e-06	-0.020056
-1.105824e-06	-0.020542
-1.103824e-06	-0.019732
-1.101824e-06	-0.02038
-1.099824e-06	-0.020542
-1.097824e-06	-0.021514
-1.095824e-06	-0.021028
-1.093824e-06	-0.020542
-1.091824e-06	-0.02038
-1.089824e-06	-0.020542
-1.087824e-06	-0.020542
-1.085824e-06	-0.02038
-1.083824e-06	-0.020542
-1.081824e-06	-0.020542
-1.079824e-06	-0.020542
-1.077824e-06	-0.020542
-1.075824e-06	-0.020542
-1.073824e-06	-0.02038
-1.071824e-06	-0.020218
-1.069824e-06	-0.020866
-1.067824e-06	-0.020704
-1.065824e-06	-0.020866
-1.063824e-06	-0.021028
-1.061824e-06	-0.020704
-1.059824e-06	-0.021028
-1.057824e-06	-0.020704
-1.055824e-06	-0.020866
-1.053824e-06	-0.021028
-1.051824e-06	-0.02038
-1.049824e-06	-0.021514
-1.047824e-06	-0.021676
-1.045824e-06	-0.02119
-1.043824e-06	-0.021514
-1.041824e-06	-0.022
-1.039824e-06	-0.022486
-1.037824e-06	-0.022324
-1.035824e-06	-0.022162
-1.033824e-06	-0.022648
-1.031824e-06	-0.022324
-1.029824e-06	-0.022648
-1.027824e-06	-0.022162
-1.025824e-06	-0.022648
-1.023824e-06	-0.021838
-1.021824e-06	-0.02281
-1.019824e-06	-0.022972
-1.017824e-06	-0.022324
-1.015824e-06	-0.022
-1.013824e-06	-0.022324
-1.011824e-06	-0.022486
-1.009824e-06	-0.022972
-1.007824e-06	-0.022162
-1.005824e-06	-0.021838
-1.003824e-06	-0.022162
-1.001824e-06	-0.022
-9.998237e-07	-0.022162
-9.978237e-07	-0.022486
-9.958237e-07	-0.022486
-9.938237e-07	-0.022648
-9.918237e-07	-0.022324
-9.898237e-07	-0.021838
-9.878237e-07	-0.022162
-9.858237e-07	-0.022
-9.838237e-07	-0.022324
-9.818237e-07	-0.022
-9.798237e-07	-0.022
-9.778237e-07	-0.022324
-9.758237e-07	-0.022324
-9.738237e-07	-0.02281
-9.718237e-07	-0.02281
-9.698237e-07	-0.022972
-9.678237e-07	-0.022972
-9.658237e-07	-0.02281
-9.638237e-07	-0.023296
-9.618237e-07	-0.023782
-9.598237e-07	-0.02362
-9.578237e-07	-0.023782
-9.558237e-07	-0.023458
-9.538237e-07	-0.02362
-9.518237e-07	-0.022486
-9.498237e-07	-0.022162
-9.478237e-07	-0.022486
-9.458237e-07	-0.022324
-9.438237e-07	-0.021676
-9.418237e-07	-0.022324
-9.398237e-07	-0.022324
-9.378237e-07	-0.022324
-9.358237e-07	-0.022162
-9.338237e-07	-0.021838
-9.318237e-07	-0.021352
-9.298237e-07	-0.022324
-9.278237e-07	-0.022486
-9.258237e-07	-0.022324
-9.238237e-07	-0.022
-9.218237e-07	-0.022324
-9.198237e-07	-0.022324
-9.178237e-07	-0.02281
-9.158237e-07	-0.022648
-9.138237e-07	-0.022324
-9.118237e-07	-0.022972
-9.098237e-07	-0.022972
-9.078237e-07	-0.02281
-9.058237e-07	-0.023458
-9.038237e-07	-0.022972
-9.018237e-07	-0.022972
-8.998237e-07	-0.022486
-8.978237e-07	-0.022648
-8.958237e-07	-0.022972
-8.938237e-07	-0.023134
-8.918237e-07	-0.022324
-8.898237e-07	-0.023458
-8.878237e-07	-0.023134
-8.858237e-07	-0.023134
-8.838237e-07	-0.022972
-8.818237e-07	-0.022972
-8.798237e-07	-0.02281
-8.778237e-07	-0.023134
-8.758237e-07	-0.02281
-8.738237e-07	-0.023458
-8.718237e-07	-0.023134
-8.698237e-07	-0.02362
-8.678237e-07	-0.023458
-8.658237e-07	-0.023134
-8.638237e-07	-0.023296
-8.618237e-07	-0.023134
-8.598237e-07	-0.023134
-8.578237e-07	-0.02362
-8.558237e-07	-0.02281
-8.538237e-07	-0.02281
-8.518237e-07	-0.021838
-8.498237e-07	-0.022972
-8.478237e-07	-0.023296
-8.458237e-07	-0.02281
-8.438237e-07	-0.02281
-8.418237e-07	-0.023782
-8.398237e-07	-0.02362
-8.378237e-07	-0.023944
-8.358237e-07	-0.02362
-8.338237e-07	-0.024592
-8.318237e-07	-0.02443
-8.298237e-07	-0.024592
-8.278237e-07	-0.024268
-8.258237e-07	-0.024592
-8.238237e-07	-0.024592
-8.218237e-07	-0.024916
-8.198237e-07	-0.024268
-8.178237e-07	-0.02443
-8.158237e-07	-0.024268
-8.138237e-07	-0.025402
-8.118237e-07	-0.024754
-8.098237e-07	-0.024916
-8.078237e-07	-0.02443
-8.058237e-07	-0.024754
-8.038237e-07	-0.024592
-8.018237e-07	-0.024916
-7.998237e-07	-0.024592
-7.978237e-07	-0.024916
-7.958237e-07	-0.024754
-7.938237e-07	-0.02443
-7.918237e-07	-0.023782
-7.898237e-07	-0.024106
-7.878237e-07	-0.02443
-7.858237e-07	-0.024268
-7.838237e-07	-0.02443
-7.818237e-07	-0.02524
-7.798237e-07	-0.024592
-7.778237e-07	-0.024106
-7.758237e-07	-0.024268
-7.738237e-07	-0.02443
-7.718237e-07	-0.024592
-7.698237e-07	-0.024592
-7.678237e-07	-0.02443
-7.658237e-07	-0.024592
-7.638237e-07	-0.024106
-7.618237e-07	-0.023782
-7.598237e-07	-0.023458
-7.578237e-07	-0.023944
-7.558237e-07	-0.023458
-7.538237e-07	-0.023134
-7.518237e-07	-0.023134
-7.498237e-07	-0.023296
-7.478237e-07	-0.023296
-7.458237e-07	-0.024106
-7.438237e-07	-0.02362
-7.418237e-07	-0.023944
-7.398237e-07	-0.023944
-7.378237e-07	-0.024106
-7.358237e-07	-0.024268
-7.338237e-07	-0.023944
-7.318237e-07	-0.024106
-7.298237e-07	-0.024754
-7.278237e-07	-0.024268
-7.258237e-07	-0.024268
-7.238237e-07	-0.024106
-7.218237e-07	-0.024592
-7.198237e-07	-0.02443
-7.178237e-07	-0.02524
-7.158237e-07	-0.02443
-7.138237e-07	-0.024592
-7.118237e-07	-0.024592
-7.098237e-07	-0.024754
-7.078237e-07	-0.024268
-7.058237e-07	-0.024754
-7.038237e-07	-0.024754
-7.018237e-07	-0.02524
-6.998237e-07	-0.02443
-6.978237e-07	-0.024592
-6.958237e-07	-0.024754
-6.938237e-07	-0.025078
-6.918237e-07	-0.024754
-6.898237e-07	-0.025402
-6.878237e-07	-0.024754
-6.858237e-07	-0.024754
-6.838237e-07	-0.024754
-6.818237e-07	-0.025564
-6.798237e-07	-0.024592
-6.778237e-07	-0.024592
-6.758237e-07	-0.024754
-6.738237e-07	-0.025402
-6.718237e-07	-0.024916
-6.698237e-07	-0.024916
-6.678237e-07	-0.024268
-6.658237e-07	-0.024754
-6.638237e-07	-0.024268
-6.618237e-07	-0.025078
-6.598237e-07	-0.024106
-6.578237e-07	-0.024916
-6.558237e-07	-0.024754
-6.538237e-07	-0.025078
-6.518237e-07	-0.024106
-6.498237e-07	-0.023944
-6.478237e-07	-0.023458
-6.458237e-07	-0.023134
-6.438237e-07	-0.022648
-6.418237e-07	-0.022162
-6.398237e-07	-0.021838
-6.378237e-07	-0.022
-6.358237e-07	-0.022324
-6.338237e-07	-0.022648
-6.318237e-07	-0.022486
-6.298237e-07	-0.022486
-6.278237e-07	-0.021838
-6.258237e-07	-0.022
-6.238237e-07	-0.022
-6.218237e-07	-0.021676
-6.198237e-07	-0.02119
-6.178237e-07	-0.021676
-6.158237e-07	-0.021028
-6.138237e-07	-0.021676
-6.118237e-07	-0.02119
-6.098237e-07	-0.020866
-6.078237e-07	-0.020866
-6.058237e-07	-0.021028
-6.038237e-07	-0.020704
-6.018237e-07	-0.021352
-5.998237e-07	-0.020704
-5.978237e-07	-0.02038
-5.958237e-07	-0.020704
-5.938237e-07	-0.02038
-5.918237e-07	-0.020704
-5.898237e-07	-0.020542
-5.878237e-07	-0.020542
-5.858237e-07	-0.02038
-5.838237e-07	-0.020866
-5.818237e-07	-0.021028
-5.798237e-07	-0.02119
-5.778237e-07	-0.021838
-5.758237e-07	-0.02119
-5.738237e-07	-0.021352
-5.718237e-07	-0.021028
-5.698237e-07	-0.021028
-5.678237e-07	-0.020542
-5.658237e-07	-0.021028
-5.638237e-07	-0.020866
-5.618237e-07	-0.021028
-5.598237e-07	-0.02119
-5.578237e-07	-0.020704
-5.558237e-07	-0.021352
-5.538237e-07	-0.02119
-5.518237e-07	-0.020704
-5.498237e-07	-0.020542
-5.478237e-07	-0.020056
-5.458237e-07	-0.021676
-5.438237e-07	-0.021028
-5.418237e-07	-0.02119
-5.398237e-07	-0.020542
-5.378237e-07	-0.020866
-5.358237e-07	-0.020704
-5.338237e-07	-0.020866
-5.318237e-07	-0.020218
-5.298237e-07	-0.020704
-5.278237e-07	-0.02038
-5.258237e-07	-0.02038
-5.238237e-07	-0.020056
-5.218237e-07	-0.020056
-5.198237e-07	-0.019408
-5.178237e-07	-0.019408
-5.158237e-07	-0.019084
-5.138237e-07	-0.01957
-5.118237e-07	-0.019732
-5.098237e-07	-0.019732
-5.078237e-07	-0.019084
-5.058237e-07	-0.018274
-5.038237e-07	-0.018598
-5.018237e-07	-0.01957
-4.998237e-07	-0.018436
-4.978237e-07	-0.019246
-4.958237e-07	-0.018922
-4.938237e-07	-0.019246
-4.918237e-07	-0.018598
-4.898237e-07	-0.01876
-4.878237e-07	-0.019246
-4.858237e-07	-0.019408
-4.838237e-07	-0.018922
-4.818237e-07	-0.019084
-4.798237e-07	-0.01876
-4.778237e-07	-0.019732
-4.758237e-07	-0.019246
-4.738237e-07	-0.020056
-4.718237e-07	-0.018598
-4.698237e-07	-0.019732
-4.678237e-07	-0.019894
-4.658237e-07	-0.019894
-4.638237e-07	-0.019894
-4.618237e-07	-0.020056
-4.598237e-07	-0.019894
-4.578237e-07	-0.020704
-4.558237e-07	-0.021028
-4.538237e-07	-0.02119
-4.518237e-07	-0.02038
-4.498237e-07	-0.020704
-4.478237e-07	-0.020704
-4.458237e-07	-0.021028
-4.438237e-07	-0.020704
-4.418237e-07	-0.021352
-4.398237e-07	-0.02119
-4.378237e-07	-0.021676
-4.358237e-07	-0.021352
-4.338237e-07	-0.022486
-4.318237e-07	-0.021676
-4.298237e-07	-0.021514
-4.278237e-07	-0.022
-4.258237e-07	-0.022162
-4.238237e-07	-0.02281
-4.218237e-07	-0.022972
-4.198237e-07	-0.022648
-4.178237e-07	-0.022648
-4.158237e-07	-0.022486
-4.138237e-07	-0.02281
-4.118237e-07	-0.022162
-4.098237e-07	-0.023134
-4.078237e-07	-0.022648
-4.058237e-07	-0.022972
-4.038237e-07	-0.022972
-4.018237e-07	-0.022972
-3.998237e-07	-0.023134
-3.978237e-07	-0.02362
-3.958237e-07	-0.023134
-3.938237e-07	-0.02362
-3.918237e-07	-0.022972
-3.898237e-07	-0.022972
-3.878237e-07	-0.022972
-3.858237e-07	-0.023296
-3.838237e-07	-0.02281
-3.818237e-07	-0.022972
-3.798237e-07	-0.022162
-3.778237e-07	-0.022324
-3.758237e-07	-0.022
-3.738237e-07	-0.022162
-3.718237e-07	-0.021676
-3.698237e-07	-0.021676
-3.678237e-07	-0.020866
-3.658237e-07	-0.021676
-3.638237e-07	-0.020866
-3.618237e-07	-0.021838
-3.598237e-07	-0.02119
-3.578237e-07	-0.02119
-3.558237e-07	-0.020866
-3.538237e-07	-0.021028
-3.518237e-07	-0.021028
-3.498237e-07	-0.021352
-3.478237e-07	-0.020218
-3.458237e-07	-0.020542
-3.438237e-07	-0.019732
-3.418237e-07	-0.02038
-3.398237e-07	-0.020218
-3.378237e-07	-0.02119
-3.358237e-07	-0.02038
-3.338237e-07	-0.021028
-3.318237e-07	-0.020218
-3.298237e-07	-0.021352
-3.278237e-07	-0.02119
-3.258237e-07	-0.022
-3.238237e-07	-0.020866
-3.218237e-07	-0.021676
-3.198237e-07	-0.021838
-3.178237e-07	-0.021676
-3.158237e-07	-0.022162
-3.138237e-07	-0.022324
-3.118237e-07	-0.022486
-3.098237e-07	-0.021838
-3.078237e-07	-0.021514
-3.058237e-07	-0.022162
-3.038237e-07	-0.022648
-3.018237e-07	-0.022486
-2.998237e-07	-0.021514
-2.978237e-07	-0.022
-2.958237e-07	-0.022324
-2.938237e-07	-0.022324
-2.918237e-07	-0.021352
-2.898237e-07	-0.022486
-2.878237e-07	-0.022486
-2.858237e-07	-0.022324
-2.838237e-07	-0.02119
-2.818237e-07	-0.021676
-2.798237e-07	-0.021514
-2.778237e-07	-0.021514
-2.758237e-07	-0.020704
-2.738237e-07	-0.02119
-2.718237e-07	-0.020866
-2.698237e-07	-0.021028
-2.678237e-07	-0.021028
-2.658237e-07	-0.021514
-2.638237e-07	-0.021838
-2.618237e-07	-0.022
-2.598237e-07	-0.022
-2.578237e-07	-0.022
-2.558237e-07	-0.022648
-2.538237e-07	-0.023134
-2.518237e-07	-0.022162
-2.498237e-07	-0.022648
-2.478237e-07	-0.02281
-2.458237e-07	-0.023134
-2.438237e-07	-0.022162
-2.418237e-07	-0.022972
-2.398237e-07	-0.022972
-2.378237e-07	-0.022324
-2.358237e-07	-0.022486
-2.338237e-07	-0.022324
-2.318237e-07	-0.022
-2.298237e-07	-0.022162
-2.278237e-07	-0.021838
-2.258237e-07	-0.022
-2.238237e-07	-0.022486
-2.218237e-07	-0.02281
-2.198237e-07	-0.021838
-2.178237e-07	-0.022324
-2.158237e-07	-0.022162
-2.138237e-07	-0.021838
-2.118237e-07	-0.022
-2.098237e-07	-0.022
-2.078237e-07	-0.022486
-2.058237e-07	-0.022
-2.038237e-07	-0.021676
-2.018237e-07	-0.022
-1.998237e-07	-0.022648
-1.978237e-07	-0.022162
-1.958237e-07	-0.021352
-1.938237e-07	-0.021676
-1.918237e-07	-0.021676
-1.898237e-07	-0.021838
-1.878237e-07	-0.021352
-1.858237e-07	-0.020704
-1.838237e-07	-0.020704
-1.818237e-07	-0.020866
-1.798237e-07	-0.020542
-1.778237e-07	-0.02038
-1.758237e-07	-0.020704
-1.738237e-07	-0.019894
-1.718237e-07	-0.02038
-1.698237e-07	-0.020542
-1.678237e-07	-0.019732
-1.658237e-07	-0.02119
-1.638237e-07	-0.020866
-1.618237e-07	-0.021028
-1.598237e-07	-0.022162
-1.578237e-07	-0.022
-1.558237e-07	-0.021838
-1.538237e-07	-0.020866
-1.518237e-07	-0.021028
-1.498237e-07	-0.021514
-1.478237e-07	-0.02038
-1.458237e-07	-0.021028
-1.438237e-07	-0.020542
-1.418237e-07	-0.02119
-1.398237e-07	-0.021028
-1.378237e-07	-0.021028
-1.358237e-07	-0.020866
-1.338237e-07	-0.021676
-1.318237e-07	-0.020704
-1.298237e-07	-0.021352
-1.278237e-07	-0.020704
-1.258237e-07	-0.020866
-1.238237e-07	-0.020866
-1.218237e-07	-0.021352
-1.198237e-07	-0.02119
-1.178237e-07	-0.02119
-1.158237e-07	-0.020542
-1.138237e-07	-0.021352
-1.118237e-07	-0.02119
-1.098237e-07	-0.02038
-1.078237e-07	-0.02119
-1.058237e-07	-0.021514
-1.038237e-07	-0.020866
-1.018237e-07	-0.02119
-9.982372e-08	-0.020704
-9.782372e-08	-0.022162
-9.582372e-08	-0.021676
-9.382372e-08	-0.022
-9.182372e-08	-0.021352
-8.982372e-08	-0.021676
-8.782372e-08	-0.022162
-8.582372e-08	-0.022162
-8.382372e-08	-0.021514
-8.182372e-08	-0.022324
-7.982372e-08	-0.022648
-7.782372e-08	-0.022324
-7.582372e-08	-0.022486
-7.382372e-08	-0.022972
-7.182372e-08	-0.02281
-6.982372e-08	-0.022648
-6.782372e-08	-0.022486
-6.582372e-08	-0.023458
-6.382372e-08	-0.022972
-6.182372e-08	-0.023134
-5.982372e-08	-0.022486
-5.782372e-08	-0.023296
-5.582372e-08	-0.023782
-5.382372e-08	-0.023782
-5.182372e-08	-0.023458
-4.982372e-08	-0.024106
-4.782372e-08	-0.023944
-4.582372e-08	-0.02443
-4.382372e-08	-0.023782
-4.182372e-08	-0.023944
-3.982372e-08	-0.024268
-3.782372e-08	-0.02362
-3.582372e-08	-0.02362
-3.382372e-08	-0.024106
-3.182372e-08	-0.023458
-2.982372e-08	-0.023782
-2.782372e-08	-0.023458
-2.582372e-08	-0.023458
-2.382372e-08	-0.02281
-2.182372e-08	-0.022972
-1.982372e-08	-0.022486
-1.782372e-08	-0.02281
-1.582372e-08	-0.022972
-1.382372e-08	-0.023134
-1.182372e-08	-0.023134
-9.82372e-09	-0.022972
-7.82372e-09	-0.023782
-5.82372e-09	-0.023782
-3.82372e-09	-0.02281
-1.82372e-09	-0.023458
1.762799e-10	-0.022972
2.17628e-09	-0.023782
4.17628e-09	-0.023296
6.17628e-09	-0.02362
8.17628e-09	-0.023458
1.017628e-08	-0.022972
1.217628e-08	-0.022648
1.417628e-08	-0.022972
1.617628e-08	-0.022324
1.817628e-08	-0.023134
2.017628e-08	-0.022486
2.217628e-08	-0.022972
2.417628e-08	-0.023134
2.617628e-08	-0.023296
2.817628e-08	-0.023782
3.017628e-08	-0.023782
3.217628e-08	-0.023458
3.417628e-08	-0.02362
3.617628e-08	-0.023458
3.817628e-08	-0.023458
4.017628e-08	-0.023134
4.217628e-08	-0.022648
4.417628e-08	-0.02281
4.617628e-08	-0.023134
4.817628e-08	-0.022648
5.017628e-08	-0.02281
5.217628e-08	-0.022648
5.417628e-08	-0.022162
5.617628e-08	-0.022972
5.817628e-08	-0.022648
6.017628e-08	-0.022
6.217628e-08	-0.022324
6.417628e-08	-0.022
6.617628e-08	-0.022486
6.817628e-08	-0.021676
7.017628e-08	-0.022162
7.217628e-08	-0.022
7.417628e-08	-0.022648
7.617628e-08	-0.02119
7.817628e-08	-0.020704
8.017628e-08	-0.021838
8.217628e-08	-0.021838
8.417628e-08	-0.021514
8.617628e-08	-0.022
8.817628e-08	-0.021838
9.017628e-08	-0.022324
9.217628e-08	-0.021676
9.417628e-08	-0.021514
9.617628e-08	-0.021352
9.817628e-08	-0.021514
1.001763e-07	-0.021514
1.021763e-07	-0.022486
1.041763e-07	-0.022486
1.061763e-07	-0.022486
1.081763e-07	-0.022324
1.101763e-07	-0.023134
1.121763e-07	-0.022
1.141763e-07	-0.022324
1.161763e-07	-0.022
1.181763e-07	-0.022324
1.201763e-07	-0.021838
1.221763e-07	-0.022324
1.241763e-07	-0.022
1.261763e-07	-0.022162
1.281763e-07	-0.021028
1.301763e-07	-0.02038
1.321763e-07	-0.017302
1.341763e-07	-0.012604
1.361763e-07	-0.00094
1.381763e-07	0.018014
1.401763e-07	0.045554
1.421763e-07	0.07439
1.441763e-07	0.106304
1.461763e-07	0.138704
1.481763e-07	0.169808
1.501763e-07	0.198968
1.521763e-07	0.226832
1.541763e-07	0.25259
1.561763e-07	0.277862
1.581763e-07	0.299084
1.601763e-07	0.319982
1.621763e-07	0.337964
1.641763e-07	0.354488
1.661763e-07	0.36842
1.681763e-07	0.381704
1.701763e-07	0.390938
1.721763e-07	0.400172
1.741763e-07	0.407462
1.761763e-07	0.414104
1.781763e-07	0.417992
1.801763e-07	0.422204
1.821763e-07	0.42431
1.841763e-07	0.42512
1.861763e-07	0.424472
1.881763e-07	0.424958
1.901763e-07	0.423662
1.921763e-07	0.42107
1.941763e-07	0.418316
1.961763e-07	0.416372
1.981763e-07	0.412322
2.001763e-07	0.40811
2.021763e-07	0.403412
2.041763e-07	0.3992
2.061763e-07	0.392558
2.081763e-07	0.387698
2.101763e-07	0.381704
2.121763e-07	0.376844
2.141763e-07	0.370688
2.161763e-07	0.364856
2.181763e-07	0.35789
2.201763e-07	0.352058
2.221763e-07	0.344606
2.241763e-07	0.339098
2.261763e-07	0.33197
2.281763e-07	0.325652
2.301763e-07	0.317876
2.321763e-07	0.31253
2.341763e-07	0.304916
2.361763e-07	0.299084
2.381763e-07	0.291308
2.401763e-07	0.285476
2.421763e-07	0.27851
2.441763e-07	0.272192
2.461763e-07	0.266036
2.481763e-07	0.260042
2.501763e-07	0.253562
2.521763e-07	0.248054
2.541763e-07	0.241574
2.561763e-07	0.235418
2.581763e-07	0.230396
2.601763e-07	0.224726
2.621763e-07	0.218894
2.641763e-07	0.213386
2.661763e-07	0.207392
2.681763e-07	0.203018
2.701763e-07	0.197996
2.721763e-07	0.19346
2.741763e-07	0.187304
2.761763e-07	0.18212
2.781763e-07	0.177908
2.801763e-07	0.172886
2.821763e-07	0.167216
2.841763e-07	0.163166
2.861763e-07	0.15863
2.881763e-07	0.153932
2.901763e-07	0.150044
2.921763e-07	0.14648
2.941763e-07	0.141782
2.961763e-07	0.137732
2.981763e-07	0.133358
3.001763e-07	0.129794
3.021763e-07	0.126716
3.041763e-07	0.122666
3.061763e-07	0.119264
3.081763e-07	0.115862
3.101763e-07	0.112784
3.121763e-07	0.109382
3.141763e-07	0.106628
3.161763e-07	0.102902
3.181763e-07	0.099824
3.201763e-07	0.097718
3.221763e-07	0.09464
3.241763e-07	0.092048
3.261763e-07	0.089294
3.281763e-07	0.086864
3.301763e-07	0.084434
3.321763e-07	0.082652
3.341763e-07	0.079412
3.361763e-07	0.077468
3.381763e-07	0.074552
3.401763e-07	0.072608
3.421763e-07	0.069692
3.441763e-07	0.068396
3.461763e-07	0.066614
3.481763e-07	0.064994
3.501763e-07	0.062402
3.521763e-07	0.061106
3.541763e-07	0.059
3.561763e-07	0.057542
3.581763e-07	0.055436
3.601763e-07	0.05414
3.621763e-07	0.05171
3.641763e-07	0.051224
3.661763e-07	0.04928
3.681763e-07	0.047012
3.701763e-07	0.04523
3.721763e-07	0.045068
3.741763e-07	0.043286
3.761763e-07	0.041828
3.781763e-07	0.03956
3.801763e-07	0.038912
3.821763e-07	0.036806
3.841763e-07	0.035996
3.861763e-07	0.03389
3.881763e-07	0.033566
3.901763e-07	0.031946
3.921763e-07	0.031136
3.941763e-07	0.029354
3.961763e-07	0.028706
3.981763e-07	0.027248
4.001763e-07	0.02741
4.021763e-07	0.024818
4.041763e-07	0.024332
4.061763e-07	0.02255
4.081763e-07	0.022064
4.101763e-07	0.021416
4.121763e-07	0.020444
4.141763e-07	0.02093
4.161763e-07	0.020444
4.181763e-07	0.018662
4.201763e-07	0.018824
4.221763e-07	0.017366
4.241763e-07	0.01688
4.261763e-07	0.015746
4.281763e-07	0.015422
4.301763e-07	0.014936
4.321763e-07	0.014288
4.341763e-07	0.013802
4.361763e-07	0.013478
4.381763e-07	0.012668
4.401763e-07	0.011696
4.421763e-07	0.011696
4.441763e-07	0.011534
4.461763e-07	0.009914
4.481763e-07	0.00959
4.501763e-07	0.009266
4.521763e-07	0.009104
4.541763e-07	0.008294
4.561763e-07	0.00797
4.581763e-07	0.007322
4.601763e-07	0.006998
4.621763e-07	0.005702
4.641763e-07	0.005054
4.661763e-07	0.004568
4.681763e-07	0.00473
4.701763e-07	0.004082
4.721763e-07	0.003758
4.741763e-07	0.002624
4.761763e-07	0.002948
4.781763e-07	0.002138
4.801763e-07	0.001328
4.821763e-07	0.000518
4.841763e-07	0.00068
4.861763e-07	-0.000778
4.881763e-07	-0.00013
4.901763e-07	-0.00175
4.921763e-07	-0.00175
4.941763e-07	-0.002722
4.961763e-07	-0.002398
4.981763e-07	-0.003532
5.001763e-07	-0.00337
5.021763e-07	-0.004018
5.041763e-07	-0.003856
5.061763e-07	-0.00499
5.081763e-07	-0.004666
5.101763e-07	-0.0058
5.121763e-07	-0.0058
5.141763e-07	-0.006286
5.161763e-07	-0.006286
5.181763e-07	-0.007096
5.201763e-07	-0.00742
5.221763e-07	-0.008068
5.241763e-07	-0.007582
5.261763e-07	-0.008392
5.281763e-07	-0.00904
5.301763e-07	-0.00904
5.321763e-07	-0.008878
5.341763e-07	-0.010012
5.361763e-07	-0.01066
5.381763e-07	-0.010822
5.401763e-07	-0.010174
5.421763e-07	-0.01066
5.441763e-07	-0.010984
5.461763e-07	-0.010822
5.481763e-07	-0.010984
5.501763e-07	-0.011956
5.521763e-07	-0.011632
5.541763e-07	-0.012604
5.561763e-07	-0.011956
5.581763e-07	-0.01309
5.601763e-07	-0.01309
5.621763e-07	-0.013414
5.641763e-07	-0.014062
5.661763e-07	-0.013738
5.681763e-07	-0.014224
5.701763e-07	-0.014386
5.721763e-07	-0.014872
5.741763e-07	-0.015196
5.761763e-07	-0.014872
5.781763e-07	-0.01552
5.801763e-07	-0.015844
5.821763e-07	-0.01633
5.841763e-07	-0.016978
5.861763e-07	-0.016654
5.881763e-07	-0.01633
5.901763e-07	-0.017464
5.921763e-07	-0.017788
5.941763e-07	-0.01795
5.961763e-07	-0.017302
5.981763e-07	-0.018274
6.001763e-07	-0.018436
6.021763e-07	-0.018274
6.041763e-07	-0.018274
6.061763e-07	-0.018598
6.081763e-07	-0.019084
6.101763e-07	-0.019084
6.121763e-07	-0.018922
6.141763e-07	-0.01957
6.161763e-07	-0.019084
6.181763e-07	-0.020056
6.201763e-07	-0.020056
6.221763e-07	-0.020542
6.241763e-07	-0.019732
6.261763e-07	-0.020056
6.281763e-07	-0.020218
6.301763e-07	-0.020542
6.321763e-07	-0.020218
6.341763e-07	-0.020542
6.361763e-07	-0.020218
6.381763e-07	-0.021028
6.401763e-07	-0.021352
6.421763e-07	-0.021676
6.441763e-07	-0.021514
6.461763e-07	-0.02119
6.481763e-07	-0.021352
6.501763e-07	-0.02119
6.521763e-07	-0.02038
6.541763e-07	-0.021028
6.561763e-07	-0.020866
6.581763e-07	-0.02119
6.601763e-07	-0.021514
6.621763e-07	-0.021676
6.641763e-07	-0.021028
6.661763e-07	-0.02119
6.681763e-07	-0.02119
6.701763e-07	-0.021676
6.721763e-07	-0.02119
6.741763e-07	-0.021838
6.761763e-07	-0.022
6.781763e-07	-0.022
6.801763e-07	-0.021352
6.821763e-07	-0.022162
6.841763e-07	-0.021838
6.861763e-07	-0.022
6.881763e-07	-0.022648
6.901763e-07	-0.02281
6.921763e-07	-0.022648
6.941763e-07	-0.022648
6.961763e-07	-0.022324
6.981763e-07	-0.023296
7.001763e-07	-0.022162
7.021763e-07	-0.02281
7.041763e-07	-0.022162
7.061763e-07	-0.022486
7.081763e-07	-0.021514
7.101763e-07	-0.022324
7.121763e-07	-0.022324
7.141763e-07	-0.022648
7.161763e-07	-0.023134
7.181763e-07	-0.022972
7.201763e-07	-0.02281
7.221763e-07	-0.022162
7.241763e-07	-0.021676
7.261763e-07	-0.022
7.281763e-07	-0.021676
7.301763e-07	-0.021838
7.321763e-07	-0.021352
7.341763e-07	-0.022
7.361763e-07	-0.02119
7.381763e-07	-0.021352
7.401763e-07	-0.021352
7.421763e-07	-0.020704
7.441763e-07	-0.020542
7.461763e-07	-0.021514
7.481763e-07	-0.021028
7.501763e-07	-0.020704
7.521763e-07	-0.020866
7.541763e-07	-0.020866
7.561763e-07	-0.019894
7.581763e-07	-0.021028
7.601763e-07	-0.020056
7.621763e-07	-0.020056
7.641763e-07	-0.019408
7.661763e-07	-0.019894
7.681763e-07	-0.019894
7.701763e-07	-0.020704
7.721763e-07	-0.019408
7.741763e-07	-0.019732
7.761763e-07	-0.019894
7.781763e-07	-0.01957
7.801763e-07	-0.019084
7.821763e-07	-0.01957
7.841763e-07	-0.019246
7.861763e-07	-0.019408
7.881763e-07	-0.018598
7.901763e-07	-0.01876
7.921763e-07	-0.01876
7.941763e-07	-0.018598
7.961763e-07	-0.018436
7.981763e-07	-0.019408
8.001763e-07	-0.019408
8.021763e-07	-0.019408
8.041763e-07	-0.01957
8.061763e-07	-0.019408
8.081763e-07	-0.020056
8.101763e-07	-0.019408
8.121763e-07	-0.01876
8.141763e-07	-0.019246
8.161763e-07	-0.019408
8.181763e-07	-0.019408
8.201763e-07	-0.019246
8.221763e-07	-0.019894
8.241763e-07	-0.019246
8.261763e-07	-0.020056
8.281763e-07	-0.019408
8.301763e-07	-0.019894
8.321763e-07	-0.020542
8.341763e-07	-0.02038
8.361763e-07	-0.020056
8.381763e-07	-0.020704
8.401763e-07	-0.020866
8.421763e-07	-0.021352
8.441763e-07	-0.020704
8.461763e-07	-0.020542
8.481763e-07	-0.020866
8.501763e-07	-0.021676
8.521763e-07	-0.021838
8.541763e-07	-0.021838
8.561763e-07	-0.022
8.581763e-07	-0.021352
8.601763e-07	-0.021028
8.621763e-07	-0.021514
8.641763e-07	-0.021514
8.661763e-07	-0.022648
8.681763e-07	-0.022
8.701763e-07	-0.022324
8.721763e-07	-0.023134
8.741763e-07	-0.023134
8.761763e-07	-0.022324
8.781763e-07	-0.022972
8.801763e-07	-0.02281
8.821763e-07	-0.022324
8.841763e-07	-0.022
8.861763e-07	-0.022648
8.881763e-07	-0.023134
8.901763e-07	-0.022972
8.921763e-07	-0.022486
8.941763e-07	-0.023296
8.961763e-07	-0.022972
8.981763e-07	-0.02281
9.001763e-07	-0.022486
9.021763e-07	-0.02281
9.041763e-07	-0.023458
9.061763e-07	-0.023296
9.081763e-07	-0.022972
9.101763e-07	-0.023134
9.121763e-07	-0.023134
9.141763e-07	-0.02281
9.161763e-07	-0.022486
9.181763e-07	-0.023296
9.201763e-07	-0.023134
9.221763e-07	-0.022972
9.241763e-07	-0.023296
9.261763e-07	-0.023296
9.281763e-07	-0.02281
9.301763e-07	-0.023134
9.321763e-07	-0.022486
9.341763e-07	-0.023296
9.361763e-07	-0.022972
9.381763e-07	-0.023458
9.401763e-07	-0.023134
9.421763e-07	-0.022972
9.441763e-07	-0.022486
9.461763e-07	-0.02281
9.481763e-07	-0.022486
9.501763e-07	-0.02281
9.521763e-07	-0.022486
9.541763e-07	-0.022648
9.561763e-07	-0.022
9.581763e-07	-0.021838
9.601763e-07	-0.021028
9.621763e-07	-0.02119
9.641763e-07	-0.02119
9.661763e-07	-0.020704
9.681763e-07	-0.021028
9.701763e-07	-0.021676
9.721763e-07	-0.02119
9.741763e-07	-0.021352
9.761763e-07	-0.021676
9.781763e-07	-0.021838
9.801763e-07	-0.020542
9.821763e-07	-0.020704
9.841763e-07	-0.020704
9.861763e-07	-0.021352
9.881763e-07	-0.020866
9.901763e-07	-0.020866
9.921763e-07	-0.020704
9.941763e-07	-0.021352
9.961763e-07	-0.020056
9.981763e-07	-0.020542
1.000176e-06	-0.02038
1.002176e-06	-0.021028
1.004176e-06	-0.020056
1.006176e-06	-0.02119
1.008176e-06	-0.020056
1.010176e-06	-0.021028
1.012176e-06	-0.020866
1.014176e-06	-0.02119
1.016176e-06	-0.020704
1.018176e-06	-0.020866
1.020176e-06	-0.021028
1.022176e-06	-0.021028
1.024176e-06	-0.02119
1.026176e-06	-0.021028
1.028176e-06	-0.021352
1.030176e-06	-0.021352
1.032176e-06	-0.021352
1.034176e-06	-0.021838
1.036176e-06	-0.021514
1.038176e-06	-0.021514
1.040176e-06	-0.020866
1.042176e-06	-0.021838
1.044176e-06	-0.021514
1.046176e-06	-0.021352
1.048176e-06	-0.021838
1.050176e-06	-0.021838
1.052176e-06	-0.022
1.054176e-06	-0.021676
1.056176e-06	-0.022
1.058176e-06	-0.021676
1.060176e-06	-0.021028
1.062176e-06	-0.021838
1.064176e-06	-0.020704
1.066176e-06	-0.02119
1.068176e-06	-0.020056
1.070176e-06	-0.020056
1.072176e-06	-0.01957
1.074176e-06	-0.02038
1.076176e-06	-0.019408
1.078176e-06	-0.01957
1.080176e-06	-0.019084
1.082176e-06	-0.019408
1.084176e-06	-0.019084
1.086176e-06	-0.019732
1.088176e-06	-0.01957
1.090176e-06	-0.019408
1.092176e-06	-0.018598
1.094176e-06	-0.019732
1.096176e-06	-0.019084
1.098176e-06	-0.019246
1.100176e-06	-0.019084
1.102176e-06	-0.01957
1.104176e-06	-0.019408
1.106176e-06	-0.01957
1.108176e-06	-0.019246
1.110176e-06	-0.019408
1.112176e-06	-0.019894
1.114176e-06	-0.020218
1.116176e-06	-0.02038
1.118176e-06	-0.020704
1.120176e-06	-0.02038
1.122176e-06	-0.020542
1.124176e-06	-0.019894
1.126176e-06	-0.019732
1.128176e-06	-0.020218
1.130176e-06	-0.019894
1.132176e-06	-0.01957
1.134176e-06	-0.01957
1.136176e-06	-0.018598
1.138176e-06	-0.018922
1.140176e-06	-0.018436
1.142176e-06	-0.018598
1.144176e-06	-0.018598
1.146176e-06	-0.018922
1.148176e-06	-0.018112
1.150176e-06	-0.018598
1.152176e-06	-0.019084
1.154176e-06	-0.019408
1.156176e-06	-0.018922
1.158176e-06	-0.01957
1.160176e-06	-0.019732
1.162176e-06	-0.019408
1.164176e-06	-0.018922
1.166176e-06	-0.019246
1.168176e-06	-0.01876
1.170176e-06	-0.019732
1.172176e-06	-0.01957
1.174176e-06	-0.019894
1.176176e-06	-0.019894
1.178176e-06	-0.020056
1.180176e-06	-0.019246
1.182176e-06	-0.019894
1.184176e-06	-0.020218
1.186176e-06	-0.02038
1.188176e-06	-0.019732
1.190176e-06	-0.020056
1.192176e-06	-0.020056
1.194176e-06	-0.020218
1.196176e-06	-0.020056
1.198176e-06	-0.020704
1.200176e-06	-0.020218
1.202176e-06	-0.021514
1.204176e-06	-0.020704
1.206176e-06	-0.020866
1.208176e-06	-0.020866
1.210176e-06	-0.021838
1.212176e-06	-0.021352
1.214176e-06	-0.021676
1.216176e-06	-0.021352
1.218176e-06	-0.021676
1.220176e-06	-0.021514
1.222176e-06	-0.022
1.224176e-06	-0.022486
1.226176e-06	-0.022486
1.228176e-06	-0.022
1.230176e-06	-0.022162
1.232176e-06	-0.022648
1.234176e-06	-0.022972
1.236176e-06	-0.022648
1.238176e-06	-0.022648
1.240176e-06	-0.023134
1.242176e-06	-0.023134
1.244176e-06	-0.02281
1.246176e-06	-0.02281
1.248176e-06	-0.02281
1.250176e-06	-0.023134
1.252176e-06	-0.022486
1.254176e-06	-0.023458
1.256176e-06	-0.022972
1.258176e-06	-0.023944
1.260176e-06	-0.023296
1.262176e-06	-0.02362
1.264176e-06	-0.023782
1.266176e-06	-0.023458
1.268176e-06	-0.023458
1.270176e-06	-0.023944
1.272176e-06	-0.023458
1.274176e-06	-0.024106
1.276176e-06	-0.023458
1.278176e-06	-0.024106
1.280176e-06	-0.023296
1.282176e-06	-0.02362
1.284176e-06	-0.02362
1.286176e-06	-0.024106
1.288176e-06	-0.023296
1.290176e-06	-0.02362
1.292176e-06	-0.02281
1.294176e-06	-0.022972
1.296176e-06	-0.023296
1.298176e-06	-0.023782
1.300176e-06	-0.023944
1.302176e-06	-0.024268
1.304176e-06	-0.024106
1.306176e-06	-0.024754
1.308176e-06	-0.02443
1.310176e-06	-0.02524
1.312176e-06	-0.024268
1.314176e-06	-0.024592
1.316176e-06	-0.024916
1.318176e-06	-0.025402
1.320176e-06	-0.024754
1.322176e-06	-0.025078
1.324176e-06	-0.024268
1.326176e-06	-0.025078
1.328176e-06	-0.02443
1.330176e-06	-0.024268
1.332176e-06	-0.024106
1.334176e-06	-0.02443
1.336176e-06	-0.023944
1.338176e-06	-0.023782
1.340176e-06	-0.023134
1.342176e-06	-0.02281
1.344176e-06	-0.023296
1.346176e-06	-0.023782
1.348176e-06	-0.023296
1.350176e-06	-0.02281
1.352176e-06	-0.023134
1.354176e-06	-0.022972
1.356176e-06	-0.022486
1.358176e-06	-0.022648
1.360176e-06	-0.02281
1.362176e-06	-0.022162
1.364176e-06	-0.022162
1.366176e-06	-0.021028
1.368176e-06	-0.022324
1.370176e-06	-0.021514
1.372176e-06	-0.020704
1.374176e-06	-0.020704
1.376176e-06	-0.020704
1.378176e-06	-0.020866
1.380176e-06	-0.021514
1.382176e-06	-0.02119
1.384176e-06	-0.02119
1.386176e-06	-0.020866
1.388176e-06	-0.020704
1.390176e-06	-0.021514
1.392176e-06	-0.021028
1.394176e-06	-0.021838
1.396176e-06	-0.022324
1.398176e-06	-0.022324
1.400176e-06	-0.022162
1.402176e-06	-0.021676
1.404176e-06	-0.021676
1.406176e-06	-0.021676
1.408176e-06	-0.022
1.410176e-06	-0.021838
1.412176e-06	-0.022
1.414176e-06	-0.022
1.416176e-06	-0.022324
1.418176e-06	-0.022486
1.420176e-06	-0.022324
1.422176e-06	-0.021352
1.424176e-06	-0.021352
1.426176e-06	-0.021352
1.428176e-06	-0.021514
1.430176e-06	-0.021352
1.432176e-06	-0.021676
1.434176e-06	-0.022
1.436176e-06	-0.021676
1.438176e-06	-0.022
1.440176e-06	-0.021028
1.442176e-06	-0.021514
1.444176e-06	-0.021028
1.446176e-06	-0.020866
1.448176e-06	-0.02119
1.450176e-06	-0.021676
1.452176e-06	-0.020866
1.454176e-06	-0.021514
1.456176e-06	-0.020218
1.458176e-06	-0.020866
1.460176e-06	-0.020866
1.462176e-06	-0.020542
1.464176e-06	-0.020704
1.466176e-06	-0.021352
1.468176e-06	-0.021352
1.470176e-06	-0.021676
1.472176e-06	-0.020704
1.474176e-06	-0.021838
1.476176e-06	-0.021676
1.478176e-06	-0.022162
1.480176e-06	-0.022324
1.482176e-06	-0.022162
1.484176e-06	-0.021028
1.486176e-06	-0.021514
1.488176e-06	-0.021514
1.490176e-06	-0.021676
1.492176e-06	-0.021676
1.494176e-06	-0.022
1.496176e-06	-0.021838
1.498176e-06	-0.021352
1.500176e-06	-0.02038
1.502176e-06	-0.02038
1.504176e-06	-0.020866
1.506176e-06	-0.020866
1.508176e-06	-0.020866
1.510176e-06	-0.020704
1.512176e-06	-0.020866
1.514176e-06	-0.020866
1.516176e-06	-0.02038
1.518176e-06	-0.021028
1.520176e-06	-0.02038
1.522176e-06	-0.020704
1.524176e-06	-0.020704
1.526176e-06	-0.021028
1.528176e-06	-0.020866
1.530176e-06	-0.021028
1.532176e-06	-0.020704
1.534176e-06	-0.020218
1.536176e-06	-0.02038
1.538176e-06	-0.021028
1.540176e-06	-0.020704
1.542176e-06	-0.020866
1.544176e-06	-0.02038
1.546176e-06	-0.020218
1.548176e-06	-0.02038
1.550176e-06	-0.020542
1.552176e-06	-0.020542
1.554176e-06	-0.020704
1.556176e-06	-0.019894
1.558176e-06	-0.020218
1.560176e-06	-0.020218
1.562176e-06	-0.02038
1.564176e-06	-0.020218
1.566176e-06	-0.020542
1.568176e-06	-0.02038
1.570176e-06	-0.02119
1.572176e-06	-0.02038
1.574176e-06	-0.021028
1.576176e-06	-0.021352
1.578176e-06	-0.021514
1.580176e-06	-0.022
1.582176e-06	-0.021838
1.584176e-06	-0.022162
1.586176e-06	-0.022
1.588176e-06	-0.021514
1.590176e-06	-0.022
1.592176e-06	-0.021676
1.594176e-06	-0.021514
1.596176e-06	-0.02119
1.598176e-06	-0.020866
1.600176e-06	-0.021514
1.602176e-06	-0.021676
1.604176e-06	-0.02119
1.606176e-06	-0.02119
1.608176e-06	-0.021028
1.610176e-06	-0.020866
1.612176e-06	-0.020704
1.614176e-06	-0.021514
1.616176e-06	-0.02119
1.618176e-06	-0.021352
1.620176e-06	-0.020704
1.622176e-06	-0.021676
1.624176e-06	-0.021514
1.626176e-06	-0.021676
1.628176e-06	-0.020704
1.630176e-06	-0.021028
1.632176e-06	-0.02119
1.634176e-06	-0.022486
1.636176e-06	-0.021514
1.638176e-06	-0.021514
1.640176e-06	-0.02119
1.642176e-06	-0.020866
1.644176e-06	-0.02119
1.646176e-06	-0.021514
1.648176e-06	-0.021838
1.650176e-06	-0.022324
1.652176e-06	-0.020704
1.654176e-06	-0.020704
1.656176e-06	-0.021352
1.658176e-06	-0.022324
1.660176e-06	-0.021514
1.662176e-06	-0.020704
1.664176e-06	-0.020542
1.666176e-06	-0.021676
1.668176e-06	-0.021514
1.670176e-06	-0.021676
1.672176e-06	-0.021676
1.674176e-06	-0.022324
1.676176e-06	-0.022162
1.678176e-06	-0.022324
1.680176e-06	-0.022486
1.682176e-06	-0.023296
1.684176e-06	-0.023134
1.686176e-06	-0.023296
1.688176e-06	-0.022486
1.690176e-06	-0.022972
1.692176e-06	-0.023134
1.694176e-06	-0.022162
1.696176e-06	-0.023134
1.698176e-06	-0.023134
1.700176e-06	-0.02281
1.702176e-06	-0.022648
1.704176e-06	-0.022972
1.706176e-06	-0.023134
1.708176e-06	-0.022972
1.710176e-06	-0.02281
1.712176e-06	-0.022648
1.714176e-06	-0.023458
1.716176e-06	-0.022972
1.718176e-06	-0.023296
1.720176e-06	-0.023296
1.722176e-06	-0.02362
1.724176e-06	-0.023134
1.726176e-06	-0.023296
1.728176e-06	-0.023134
1.730176e-06	-0.024106
1.732176e-06	-0.023782
1.734176e-06	-0.023458
1.736176e-06	-0.023134
1.738176e-06	-0.023944
1.740176e-06	-0.023782
1.742176e-06	-0.023134
1.744176e-06	-0.02281
1.746176e-06	-0.023458
1.748176e-06	-0.02281
1.750176e-06	-0.022648
1.752176e-06	-0.023296
1.754176e-06	-0.023458
1.756176e-06	-0.022648
1.758176e-06	-0.02281
1.760176e-06	-0.023296
1.762176e-06	-0.023134
1.764176e-06	-0.023458
1.766176e-06	-0.02362
1.768176e-06	-0.02362
1.770176e-06	-0.023296
1.772176e-06	-0.022648
1.774176e-06	-0.02281
1.776176e-06	-0.022972
1.778176e-06	-0.023296
1.780176e-06	-0.022648
1.782176e-06	-0.022486
1.784176e-06	-0.022648
1.786176e-06	-0.022162
1.788176e-06	-0.022162
1.790176e-06	-0.022324
1.792176e-06	-0.022324
1.794176e-06	-0.02281
1.796176e-06	-0.021838
1.798176e-06	-0.022486
1.800176e-06	-0.022486
1.802176e-06	-0.021676
1.804176e-06	-0.022324
1.806176e-06	-0.022
1.808176e-06	-0.021514
1.810176e-06	-0.022
1.812176e-06	-0.02119
1.814176e-06	-0.021676
1.816176e-06	-0.022162
1.818176e-06	-0.022486
1.820176e-06	-0.021352
1.822176e-06	-0.021676
1.824176e-06	-0.021352
1.826176e-06	-0.021838
1.828176e-06	-0.021352
1.830176e-06	-0.021514
1.832176e-06	-0.02119
1.834176e-06	-0.022324
1.836176e-06	-0.021838
1.838176e-06	-0.022
1.840176e-06	-0.021838
1.842176e-06	-0.022
1.844176e-06	-0.021838
1.846176e-06	-0.022
1.848176e-06	-0.022
1.850176e-06	-0.022
1.852176e-06	-0.021352
1.854176e-06	-0.021838
1.856176e-06	-0.020866
1.858176e-06	-0.022
1.860176e-06	-0.020704
1.862176e-06	-0.021514
1.864176e-06	-0.020704
1.866176e-06	-0.02119
1.868176e-06	-0.020542
1.870176e-06	-0.020542
1.872176e-06	-0.020704
1.874176e-06	-0.020866
1.876176e-06	-0.020056
1.878176e-06	-0.02038
1.880176e-06	-0.02038
1.882176e-06	-0.020866
1.884176e-06	-0.02038
1.886176e-06	-0.020218
1.888176e-06	-0.02038
1.890176e-06	-0.019732
1.892176e-06	-0.019894
1.894176e-06	-0.01957
1.896176e-06	-0.019732
1.898176e-06	-0.020056
1.900176e-06	-0.019246
1.902176e-06	-0.019894
1.904176e-06	-0.019084
1.906176e-06	-0.019408
1.908176e-06	-0.019246
1.910176e-06	-0.019732
1.912176e-06	-0.019084
1.914176e-06	-0.019246
1.916176e-06	-0.01876
1.918176e-06	-0.019246
1.920176e-06	-0.019084
1.922176e-06	-0.019246
1.924176e-06	-0.018274
1.926176e-06	-0.018598
1.928176e-06	-0.018598
1.930176e-06	-0.01876
1.932176e-06	-0.018436
1.934176e-06	-0.01876
1.936176e-06	-0.017626
1.938176e-06	-0.018274
1.940176e-06	-0.017626
1.942176e-06	-0.018112
1.944176e-06	-0.018598
1.946176e-06	-0.019084
1.948176e-06	-0.018436
1.950176e-06	-0.01876
1.952176e-06	-0.018598
1.954176e-06	-0.019084
1.956176e-06	-0.018112
1.958176e-06	-0.018436
1.960176e-06	-0.01876
1.962176e-06	-0.019084
1.964176e-06	-0.018436
1.966176e-06	-0.018274
1.968176e-06	-0.018274
1.970176e-06	-0.01876
1.972176e-06	-0.018922
1.974176e-06	-0.01957
1.976176e-06	-0.019246
1.978176e-06	-0.019084
1.980176e-06	-0.019084
1.982176e-06	-0.020056
1.984176e-06	-0.019894
1.986176e-06	-0.01957
1.988176e-06	-0.019894
1.990176e-06	-0.019732
1.992176e-06	-0.019894
1.994176e-06	-0.01957
1.996176e-06	-0.019084
1.998176e-06	-0.019732
2.000176e-06	-0.019408
2.002176e-06	-0.018922
2.004176e-06	-0.019084
2.006176e-06	-0.019246
2.008176e-06	-0.01876
2.010176e-06	-0.019894
2.012176e-06	-0.019246
2.014176e-06	-0.019408
2.016176e-06	-0.019408
2.018176e-06	-0.01957
2.020176e-06	-0.020056
2.022176e-06	-0.020218
2.024176e-06	-0.020056
2.026176e-06	-0.020704
2.028176e-06	-0.020704
2.030176e-06	-0.020866
2.032176e-06	-0.021352
2.034176e-06	-0.02119
2.036176e-06	-0.020542
2.038176e-06	-0.021352
2.040176e-06	-0.020866
2.042176e-06	-0.021028
2.044176e-06	-0.020542
2.046176e-06	-0.020866
2.048176e-06	-0.021028
2.050176e-06	-0.02119
2.052176e-06	-0.020056
2.054176e-06	-0.020866
2.056176e-06	-0.02119
2.058176e-06	-0.020704
2.060176e-06	-0.020704
2.062176e-06	-0.02119
2.064176e-06	-0.021352
2.066176e-06	-0.020866
2.068176e-06	-0.020056
2.070176e-06	-0.020866
2.072176e-06	-0.02038
2.074176e-06	-0.021352
2.076176e-06	-0.020704
2.078176e-06	-0.020866
2.080176e-06	-0.020056
2.082176e-06	-0.020866
2.084176e-06	-0.019894
2.086176e-06	-0.020218
2.088176e-06	-0.019894
2.090176e-06	-0.020542
2.092176e-06	-0.02038
2.094176e-06	-0.02038
2.096176e-06	-0.020542
2.098176e-06	-0.02119
2.100176e-06	-0.020542
2.102176e-06	-0.020866
2.104176e-06	-0.021028
2.106176e-06	-0.021838
2.108176e-06	-0.021838
2.110176e-06	-0.021838
2.112176e-06	-0.021514
2.114176e-06	-0.021514
2.116176e-06	-0.021514
2.118176e-06	-0.022162
2.120176e-06	-0.021676
2.122176e-06	-0.021676
2.124176e-06	-0.021352
2.126176e-06	-0.022324
2.128176e-06	-0.021676
2.130176e-06	-0.022
2.132176e-06	-0.021838
2.134176e-06	-0.022162
2.136176e-06	-0.021838
2.138176e-06	-0.021838
2.140176e-06	-0.021352
2.142176e-06	-0.022486
2.144176e-06	-0.021028
2.146176e-06	-0.022162
2.148176e-06	-0.021514
2.150176e-06	-0.022162
2.152176e-06	-0.021838
2.154176e-06	-0.021838
2.156176e-06	-0.021028
2.158176e-06	-0.021514
2.160176e-06	-0.021676
2.162176e-06	-0.022324
2.164176e-06	-0.021838
2.166176e-06	-0.021838
2.168176e-06	-0.022162
2.170176e-06	-0.022
2.172176e-06	-0.021514
2.174176e-06	-0.022
2.176176e-06	-0.022162
2.178176e-06	-0.021838
2.180176e-06	-0.02119
2.182176e-06	-0.021514
2.184176e-06	-0.020866
2.186176e-06	-0.021514
2.188176e-06	-0.021028
2.190176e-06	-0.021028
2.192176e-06	-0.02038
2.194176e-06	-0.02119
2.196176e-06	-0.021028
2.198176e-06	-0.020866
2.200176e-06	-0.020542
2.202176e-06	-0.020542
2.204176e-06	-0.01957
2.206176e-06	-0.019894
2.208176e-06	-0.020056
2.210176e-06	-0.02038
2.212176e-06	-0.019894
2.214176e-06	-0.021028
2.216176e-06	-0.020056
2.218176e-06	-0.020704
2.220176e-06	-0.019894
2.222176e-06	-0.02038
2.224176e-06	-0.020056
2.226176e-06	-0.020704
2.228176e-06	-0.020056
2.230176e-06	-0.02119
2.232176e-06	-0.02119
2.234176e-06	-0.022
2.236176e-06	-0.02119
2.238176e-06	-0.021676
2.240176e-06	-0.02119
2.242176e-06	-0.021676
2.244176e-06	-0.021514
2.246176e-06	-0.022
2.248176e-06	-0.021676
2.250176e-06	-0.022
2.252176e-06	-0.02119
2.254176e-06	-0.02281
2.256176e-06	-0.022162
2.258176e-06	-0.022324
2.260176e-06	-0.022
2.262176e-06	-0.022162
2.264176e-06	-0.022486
2.266176e-06	-0.022972
2.268176e-06	-0.022162
2.270176e-06	-0.022972
2.272176e-06	-0.022486
2.274176e-06	-0.022648
2.276176e-06	-0.022
2.278176e-06	-0.022162
2.280176e-06	-0.021838
2.282176e-06	-0.021676
2.284176e-06	-0.021352
2.286176e-06	-0.021838
2.288176e-06	-0.021676
2.290176e-06	-0.021676
2.292176e-06	-0.020866
2.294176e-06	-0.022
2.296176e-06	-0.021676
2.298176e-06	-0.022162
2.300176e-06	-0.02119
2.302176e-06	-0.021676
2.304176e-06	-0.020866
2.306176e-06	-0.021676
2.308176e-06	-0.020704
2.310176e-06	-0.021514
2.312176e-06	-0.022
2.314176e-06	-0.021676
2.316176e-06	-0.021352
2.318176e-06	-0.022
2.320176e-06	-0.021352
2.322176e-06	-0.022486
2.324176e-06	-0.020542
2.326176e-06	-0.021838
2.328176e-06	-0.021514
2.330176e-06	-0.021838
2.332176e-06	-0.021514
2.334176e-06	-0.021352
2.336176e-06	-0.021514
2.338176e-06	-0.021352
2.340176e-06	-0.020866
2.342176e-06	-0.021676
2.344176e-06	-0.021838
2.346176e-06	-0.021676
2.348176e-06	-0.020542
2.350176e-06	-0.021352
2.352176e-06	-0.02119
2.354176e-06	-0.021676
2.356176e-06	-0.020866
2.358176e-06	-0.021676
2.360176e-06	-0.020866
2.362176e-06	-0.02119
2.364176e-06	-0.020056
2.366176e-06	-0.020866
2.368176e-06	-0.020704
2.370176e-06	-0.02119
2.372176e-06	-0.020704
2.374176e-06	-0.021676
2.376176e-06	-0.021514
2.378176e-06	-0.022
2.380176e-06	-0.021676
2.382176e-06	-0.021514
2.384176e-06	-0.021514
2.386176e-06	-0.022
2.388176e-06	-0.021676
2.390176e-06	-0.022162
2.392176e-06	-0.021028
2.394176e-06	-0.021676
2.396176e-06	-0.02119
2.398176e-06	-0.021676
2.400176e-06	-0.021676
2.402176e-06	-0.021676
2.404176e-06	-0.020704
2.406176e-06	-0.021352
2.408176e-06	-0.021352
2.410176e-06	-0.021514
2.412176e-06	-0.021028
2.414176e-06	-0.022
2.416176e-06	-0.020866
2.418176e-06	-0.020704
2.420176e-06	-0.021352
2.422176e-06	-0.022486
2.424176e-06	-0.022
2.426176e-06	-0.022
2.428176e-06	-0.02119
2.430176e-06	-0.021838
2.432176e-06	-0.021352
2.434176e-06	-0.022162
2.436176e-06	-0.022324
2.438176e-06	-0.022162
2.440176e-06	-0.022162
2.442176e-06	-0.022486
2.444176e-06	-0.022
2.446176e-06	-0.02281
2.448176e-06	-0.022486
2.450176e-06	-0.022972
2.452176e-06	-0.022324
2.454176e-06	-0.023134
2.456176e-06	-0.022486
2.458176e-06	-0.022
2.460176e-06	-0.021838
2.462176e-06	-0.022648
2.464176e-06	-0.02281
2.466176e-06	-0.022
2.468176e-06	-0.021676
2.470176e-06	-0.022
2.472176e-06	-0.022
2.474176e-06	-0.021838
2.476176e-06	-0.022
2.478176e-06	-0.022324
2.480176e-06	-0.021838
2.482176e-06	-0.021676
2.484176e-06	-0.021028
2.486176e-06	-0.021838
2.488176e-06	-0.022
2.490176e-06	-0.021838
2.492176e-06	-0.021676
2.494176e-06	-0.021838
2.496176e-06	-0.022
2.498176e-06	-0.021838
2.500176e-06	-0.02119
