LECROYHDO6104A	50809	Waveform
Segments	1	SegmentSize	2502
Segment	TrigTime	TimeSinceSegment1
#1	19-Dec-2022 19:21:04	0                 
Time	Ampl
-2.491413e-06	-0.03104
-2.489413e-06	-0.02912
-2.487413e-06	-0.03248
-2.485413e-06	-0.03104
-2.483413e-06	-0.02912
-2.481413e-06	-0.03248
-2.479413e-06	-0.032
-2.477413e-06	-0.02912
-2.475413e-06	-0.03104
-2.473413e-06	-0.02912
-2.471413e-06	-0.03248
-2.469413e-06	-0.03008
-2.467413e-06	-0.0296
-2.465413e-06	-0.02864
-2.463413e-06	-0.032
-2.461413e-06	-0.02816
-2.459413e-06	-0.02768
-2.457413e-06	-0.03008
-2.455413e-06	-0.03152
-2.453413e-06	-0.02912
-2.451413e-06	-0.032
-2.449413e-06	-0.03056
-2.447413e-06	-0.032
-2.445413e-06	-0.0296
-2.443413e-06	-0.02864
-2.441413e-06	-0.02864
-2.439413e-06	-0.032
-2.437413e-06	-0.0296
-2.435413e-06	-0.032
-2.433413e-06	-0.03104
-2.431413e-06	-0.03152
-2.429413e-06	-0.02864
-2.427413e-06	-0.02624
-2.425413e-06	-0.02912
-2.423413e-06	-0.03152
-2.421413e-06	-0.03056
-2.419413e-06	-0.02864
-2.417413e-06	-0.02432
-2.415413e-06	-0.03248
-2.413413e-06	-0.03344
-2.411413e-06	-0.02912
-2.409413e-06	-0.02576
-2.407413e-06	-0.03248
-2.405413e-06	-0.02816
-2.403413e-06	-0.02864
-2.401413e-06	-0.02864
-2.399413e-06	-0.03104
-2.397413e-06	-0.0296
-2.395413e-06	-0.03008
-2.393413e-06	-0.02864
-2.391413e-06	-0.03296
-2.389413e-06	-0.03152
-2.387413e-06	-0.03152
-2.385413e-06	-0.0296
-2.383413e-06	-0.032
-2.381413e-06	-0.03056
-2.379413e-06	-0.0296
-2.377413e-06	-0.02864
-2.375413e-06	-0.03104
-2.373413e-06	-0.032
-2.371413e-06	-0.0296
-2.369413e-06	-0.02864
-2.367413e-06	-0.03152
-2.365413e-06	-0.03056
-2.363413e-06	-0.02816
-2.361413e-06	-0.03008
-2.359413e-06	-0.03296
-2.357413e-06	-0.02912
-2.355413e-06	-0.02912
-2.353413e-06	-0.02816
-2.351413e-06	-0.03104
-2.349413e-06	-0.03056
-2.347413e-06	-0.03056
-2.345413e-06	-0.02768
-2.343413e-06	-0.03152
-2.341413e-06	-0.03056
-2.339413e-06	-0.032
-2.337413e-06	-0.03008
-2.335413e-06	-0.03392
-2.333413e-06	-0.03056
-2.331413e-06	-0.032
-2.329413e-06	-0.03008
-2.327413e-06	-0.03488
-2.325413e-06	-0.032
-2.323413e-06	-0.02864
-2.321413e-06	-0.03008
-2.319413e-06	-0.03536
-2.317413e-06	-0.03152
-2.315413e-06	-0.03296
-2.313413e-06	-0.0296
-2.311413e-06	-0.03296
-2.309413e-06	-0.03296
-2.307413e-06	-0.03056
-2.305413e-06	-0.02672
-2.303413e-06	-0.03152
-2.301413e-06	-0.02864
-2.299413e-06	-0.02816
-2.297413e-06	-0.03056
-2.295413e-06	-0.03344
-2.293413e-06	-0.03008
-2.291413e-06	-0.03104
-2.289413e-06	-0.02816
-2.287413e-06	-0.03152
-2.285413e-06	-0.02864
-2.283413e-06	-0.0272
-2.281413e-06	-0.02912
-2.279413e-06	-0.03152
-2.277413e-06	-0.02816
-2.275413e-06	-0.0272
-2.273413e-06	-0.0272
-2.271413e-06	-0.02816
-2.269413e-06	-0.02624
-2.267413e-06	-0.0248
-2.265413e-06	-0.02672
-2.263413e-06	-0.032
-2.261413e-06	-0.02912
-2.259413e-06	-0.02768
-2.257413e-06	-0.0296
-2.255413e-06	-0.03392
-2.253413e-06	-0.02816
-2.251413e-06	-0.02816
-2.249413e-06	-0.0272
-2.247413e-06	-0.03152
-2.245413e-06	-0.03008
-2.243413e-06	-0.02864
-2.241413e-06	-0.03104
-2.239413e-06	-0.032
-2.237413e-06	-0.02768
-2.235413e-06	-0.0296
-2.233413e-06	-0.03152
-2.231413e-06	-0.03296
-2.229413e-06	-0.032
-2.227413e-06	-0.03248
-2.225413e-06	-0.03008
-2.223413e-06	-0.03392
-2.221413e-06	-0.03008
-2.219413e-06	-0.03248
-2.217413e-06	-0.03008
-2.215413e-06	-0.03296
-2.213413e-06	-0.03296
-2.211413e-06	-0.03008
-2.209413e-06	-0.03104
-2.207413e-06	-0.03152
-2.205413e-06	-0.02816
-2.203413e-06	-0.02768
-2.201413e-06	-0.03008
-2.199413e-06	-0.03392
-2.197413e-06	-0.03152
-2.195413e-06	-0.03248
-2.193413e-06	-0.03056
-2.191413e-06	-0.032
-2.189413e-06	-0.03008
-2.187413e-06	-0.03344
-2.185413e-06	-0.03056
-2.183413e-06	-0.03536
-2.181413e-06	-0.02912
-2.179413e-06	-0.03392
-2.177413e-06	-0.03248
-2.175413e-06	-0.03344
-2.173413e-06	-0.032
-2.171413e-06	-0.02816
-2.169413e-06	-0.0296
-2.167413e-06	-0.0344
-2.165413e-06	-0.03296
-2.163413e-06	-0.032
-2.161413e-06	-0.03152
-2.159413e-06	-0.03344
-2.157413e-06	-0.03056
-2.155413e-06	-0.032
-2.153413e-06	-0.03008
-2.151413e-06	-0.03584
-2.149413e-06	-0.03392
-2.147413e-06	-0.03344
-2.145413e-06	-0.03056
-2.143413e-06	-0.03392
-2.141413e-06	-0.03296
-2.139413e-06	-0.03248
-2.137413e-06	-0.03152
-2.135413e-06	-0.03536
-2.133413e-06	-0.02912
-2.131413e-06	-0.03296
-2.129413e-06	-0.0296
-2.127413e-06	-0.03152
-2.125413e-06	-0.03008
-2.123413e-06	-0.0296
-2.121413e-06	-0.02816
-2.119413e-06	-0.03056
-2.117413e-06	-0.03056
-2.115413e-06	-0.03056
-2.113413e-06	-0.03296
-2.111413e-06	-0.0296
-2.109413e-06	-0.02816
-2.107413e-06	-0.02864
-2.105413e-06	-0.03008
-2.103413e-06	-0.03344
-2.101413e-06	-0.02912
-2.099413e-06	-0.02768
-2.097413e-06	-0.02912
-2.095413e-06	-0.03104
-2.093413e-06	-0.02912
-2.091413e-06	-0.0296
-2.089413e-06	-0.02912
-2.087413e-06	-0.03296
-2.085413e-06	-0.03104
-2.083413e-06	-0.02816
-2.081413e-06	-0.032
-2.079413e-06	-0.03104
-2.077413e-06	-0.02912
-2.075413e-06	-0.03152
-2.073413e-06	-0.02864
-2.071413e-06	-0.03392
-2.069413e-06	-0.03152
-2.067413e-06	-0.03104
-2.065413e-06	-0.0296
-2.063413e-06	-0.03248
-2.061413e-06	-0.03248
-2.059413e-06	-0.03152
-2.057413e-06	-0.03008
-2.055413e-06	-0.03344
-2.053413e-06	-0.03104
-2.051413e-06	-0.03152
-2.049413e-06	-0.03008
-2.047413e-06	-0.032
-2.045413e-06	-0.02864
-2.043413e-06	-0.02912
-2.041413e-06	-0.03056
-2.039413e-06	-0.03248
-2.037413e-06	-0.032
-2.035413e-06	-0.02912
-2.033413e-06	-0.0296
-2.031413e-06	-0.03392
-2.029413e-06	-0.032
-2.027413e-06	-0.03056
-2.025413e-06	-0.03056
-2.023413e-06	-0.03104
-2.021413e-06	-0.0296
-2.019413e-06	-0.03248
-2.017413e-06	-0.03008
-2.015413e-06	-0.03392
-2.013413e-06	-0.03056
-2.011413e-06	-0.03152
-2.009413e-06	-0.03104
-2.007413e-06	-0.03296
-2.005413e-06	-0.03056
-2.003413e-06	-0.0296
-2.001413e-06	-0.03056
-1.999413e-06	-0.0344
-1.997413e-06	-0.032
-1.995413e-06	-0.03152
-1.993413e-06	-0.03248
-1.991413e-06	-0.0344
-1.989413e-06	-0.03008
-1.987413e-06	-0.03104
-1.985413e-06	-0.03008
-1.983413e-06	-0.03392
-1.981413e-06	-0.03104
-1.979413e-06	-0.03152
-1.977413e-06	-0.03056
-1.975413e-06	-0.032
-1.973413e-06	-0.02912
-1.971413e-06	-0.03056
-1.969413e-06	-0.03008
-1.967413e-06	-0.03392
-1.965413e-06	-0.03248
-1.963413e-06	-0.03104
-1.961413e-06	-0.03008
-1.959413e-06	-0.03392
-1.957413e-06	-0.03152
-1.955413e-06	-0.032
-1.953413e-06	-0.03056
-1.951413e-06	-0.03488
-1.949413e-06	-0.0296
-1.947413e-06	-0.02912
-1.945413e-06	-0.03008
-1.943413e-06	-0.03536
-1.941413e-06	-0.032
-1.939413e-06	-0.03104
-1.937413e-06	-0.02912
-1.935413e-06	-0.03392
-1.933413e-06	-0.02816
-1.931413e-06	-0.03152
-1.929413e-06	-0.03056
-1.927413e-06	-0.03104
-1.925413e-06	-0.02912
-1.923413e-06	-0.02912
-1.921413e-06	-0.03104
-1.919413e-06	-0.03152
-1.917413e-06	-0.0296
-1.915413e-06	-0.0296
-1.913413e-06	-0.02912
-1.911413e-06	-0.02912
-1.909413e-06	-0.02768
-1.907413e-06	-0.03008
-1.905413e-06	-0.03056
-1.903413e-06	-0.032
-1.901413e-06	-0.02864
-1.899413e-06	-0.03056
-1.897413e-06	-0.0296
-1.895413e-06	-0.03248
-1.893413e-06	-0.03248
-1.891413e-06	-0.03008
-1.889413e-06	-0.0296
-1.887413e-06	-0.032
-1.885413e-06	-0.03008
-1.883413e-06	-0.02864
-1.881413e-06	-0.0296
-1.879413e-06	-0.03104
-1.877413e-06	-0.0296
-1.875413e-06	-0.02912
-1.873413e-06	-0.02768
-1.871413e-06	-0.03296
-1.869413e-06	-0.02768
-1.867413e-06	-0.03008
-1.865413e-06	-0.03008
-1.863413e-06	-0.03056
-1.861413e-06	-0.03344
-1.859413e-06	-0.03248
-1.857413e-06	-0.02912
-1.855413e-06	-0.02864
-1.853413e-06	-0.032
-1.851413e-06	-0.03008
-1.849413e-06	-0.03152
-1.847413e-06	-0.03104
-1.845413e-06	-0.032
-1.843413e-06	-0.03008
-1.841413e-06	-0.03104
-1.839413e-06	-0.03296
-1.837413e-06	-0.03344
-1.835413e-06	-0.03296
-1.833413e-06	-0.02912
-1.831413e-06	-0.03104
-1.829413e-06	-0.032
-1.827413e-06	-0.03056
-1.825413e-06	-0.03248
-1.823413e-06	-0.032
-1.821413e-06	-0.032
-1.819413e-06	-0.03056
-1.817413e-06	-0.02864
-1.815413e-06	-0.032
-1.813413e-06	-0.0296
-1.811413e-06	-0.02912
-1.809413e-06	-0.02864
-1.807413e-06	-0.032
-1.805413e-06	-0.03104
-1.803413e-06	-0.02864
-1.801413e-06	-0.03008
-1.799413e-06	-0.03152
-1.797413e-06	-0.03008
-1.795413e-06	-0.02816
-1.793413e-06	-0.02528
-1.791413e-06	-0.03104
-1.789413e-06	-0.03152
-1.787413e-06	-0.03056
-1.785413e-06	-0.02816
-1.783413e-06	-0.02912
-1.781413e-06	-0.03296
-1.779413e-06	-0.03296
-1.777413e-06	-0.02816
-1.775413e-06	-0.03104
-1.773413e-06	-0.03104
-1.771413e-06	-0.03152
-1.769413e-06	-0.03008
-1.767413e-06	-0.03344
-1.765413e-06	-0.03104
-1.763413e-06	-0.03152
-1.761413e-06	-0.03104
-1.759413e-06	-0.032
-1.757413e-06	-0.0296
-1.755413e-06	-0.03248
-1.753413e-06	-0.02912
-1.751413e-06	-0.03344
-1.749413e-06	-0.0296
-1.747413e-06	-0.032
-1.745413e-06	-0.02912
-1.743413e-06	-0.03152
-1.741413e-06	-0.03152
-1.739413e-06	-0.03104
-1.737413e-06	-0.02912
-1.735413e-06	-0.03104
-1.733413e-06	-0.0296
-1.731413e-06	-0.03104
-1.729413e-06	-0.032
-1.727413e-06	-0.03248
-1.725413e-06	-0.03152
-1.723413e-06	-0.03248
-1.721413e-06	-0.02912
-1.719413e-06	-0.0344
-1.717413e-06	-0.03344
-1.715413e-06	-0.02816
-1.713413e-06	-0.02816
-1.711413e-06	-0.03488
-1.709413e-06	-0.0296
-1.707413e-06	-0.03248
-1.705413e-06	-0.02816
-1.703413e-06	-0.03248
-1.701413e-06	-0.03248
-1.699413e-06	-0.03488
-1.697413e-06	-0.0296
-1.695413e-06	-0.03344
-1.693413e-06	-0.03296
-1.691413e-06	-0.0296
-1.689413e-06	-0.03056
-1.687413e-06	-0.03344
-1.685413e-06	-0.03056
-1.683413e-06	-0.03488
-1.681413e-06	-0.03248
-1.679413e-06	-0.03152
-1.677413e-06	-0.03152
-1.675413e-06	-0.03344
-1.673413e-06	-0.03248
-1.671413e-06	-0.0368
-1.669413e-06	-0.03632
-1.667413e-06	-0.03248
-1.665413e-06	-0.032
-1.663413e-06	-0.03536
-1.661413e-06	-0.032
-1.659413e-06	-0.03152
-1.657413e-06	-0.03248
-1.655413e-06	-0.03344
-1.653413e-06	-0.03248
-1.651413e-06	-0.03248
-1.649413e-06	-0.03344
-1.647413e-06	-0.03296
-1.645413e-06	-0.03248
-1.643413e-06	-0.03296
-1.641413e-06	-0.03104
-1.639413e-06	-0.03584
-1.637413e-06	-0.0344
-1.635413e-06	-0.0344
-1.633413e-06	-0.03296
-1.631413e-06	-0.0344
-1.629413e-06	-0.03248
-1.627413e-06	-0.03296
-1.625413e-06	-0.032
-1.623413e-06	-0.03392
-1.621413e-06	-0.03248
-1.619413e-06	-0.03104
-1.617413e-06	-0.032
-1.615413e-06	-0.0344
-1.613413e-06	-0.032
-1.611413e-06	-0.03344
-1.609413e-06	-0.032
-1.607413e-06	-0.03536
-1.605413e-06	-0.0344
-1.603413e-06	-0.03392
-1.601413e-06	-0.03296
-1.599413e-06	-0.03584
-1.597413e-06	-0.03296
-1.595413e-06	-0.03296
-1.593413e-06	-0.0344
-1.591413e-06	-0.03392
-1.589413e-06	-0.03104
-1.587413e-06	-0.03344
-1.585413e-06	-0.02912
-1.583413e-06	-0.03536
-1.581413e-06	-0.03152
-1.579413e-06	-0.03008
-1.577413e-06	-0.032
-1.575413e-06	-0.03344
-1.573413e-06	-0.03152
-1.571413e-06	-0.03056
-1.569413e-06	-0.03008
-1.567413e-06	-0.03056
-1.565413e-06	-0.03104
-1.563413e-06	-0.03008
-1.561413e-06	-0.03344
-1.559413e-06	-0.03344
-1.557413e-06	-0.03104
-1.555413e-06	-0.03008
-1.553413e-06	-0.03008
-1.551413e-06	-0.0368
-1.549413e-06	-0.03488
-1.547413e-06	-0.02912
-1.545413e-06	-0.03056
-1.543413e-06	-0.03152
-1.541413e-06	-0.0296
-1.539413e-06	-0.0296
-1.537413e-06	-0.0296
-1.535413e-06	-0.03152
-1.533413e-06	-0.03152
-1.531413e-06	-0.02912
-1.529413e-06	-0.03104
-1.527413e-06	-0.03152
-1.525413e-06	-0.03056
-1.523413e-06	-0.02816
-1.521413e-06	-0.02864
-1.519413e-06	-0.03104
-1.517413e-06	-0.02912
-1.515413e-06	-0.03152
-1.513413e-06	-0.03008
-1.511413e-06	-0.03152
-1.509413e-06	-0.0296
-1.507413e-06	-0.02912
-1.505413e-06	-0.02912
-1.503413e-06	-0.03056
-1.501413e-06	-0.03056
-1.499413e-06	-0.032
-1.497413e-06	-0.02816
-1.495413e-06	-0.03152
-1.493413e-06	-0.03152
-1.491413e-06	-0.0296
-1.489413e-06	-0.0296
-1.487413e-06	-0.03344
-1.485413e-06	-0.03056
-1.483413e-06	-0.032
-1.481413e-06	-0.03008
-1.479413e-06	-0.03152
-1.477413e-06	-0.032
-1.475413e-06	-0.02864
-1.473413e-06	-0.03008
-1.471413e-06	-0.0344
-1.469413e-06	-0.03056
-1.467413e-06	-0.02912
-1.465413e-06	-0.03056
-1.463413e-06	-0.03296
-1.461413e-06	-0.02816
-1.459413e-06	-0.0296
-1.457413e-06	-0.02672
-1.455413e-06	-0.03248
-1.453413e-06	-0.02864
-1.451413e-06	-0.03056
-1.449413e-06	-0.03008
-1.447413e-06	-0.03344
-1.445413e-06	-0.03104
-1.443413e-06	-0.03008
-1.441413e-06	-0.0296
-1.439413e-06	-0.03104
-1.437413e-06	-0.02576
-1.435413e-06	-0.0272
-1.433413e-06	-0.02672
-1.431413e-06	-0.02912
-1.429413e-06	-0.032
-1.427413e-06	-0.02816
-1.425413e-06	-0.03056
-1.423413e-06	-0.03296
-1.421413e-06	-0.03008
-1.419413e-06	-0.032
-1.417413e-06	-0.02816
-1.415413e-06	-0.03008
-1.413413e-06	-0.03056
-1.411413e-06	-0.03008
-1.409413e-06	-0.02912
-1.407413e-06	-0.03248
-1.405413e-06	-0.03104
-1.403413e-06	-0.03056
-1.401413e-06	-0.03104
-1.399413e-06	-0.03344
-1.397413e-06	-0.03152
-1.395413e-06	-0.02912
-1.393413e-06	-0.02864
-1.391413e-06	-0.032
-1.389413e-06	-0.02912
-1.387413e-06	-0.03152
-1.385413e-06	-0.03104
-1.383413e-06	-0.03344
-1.381413e-06	-0.03248
-1.379413e-06	-0.03152
-1.377413e-06	-0.03008
-1.375413e-06	-0.03152
-1.373413e-06	-0.02816
-1.371413e-06	-0.03248
-1.369413e-06	-0.03152
-1.367413e-06	-0.03296
-1.365413e-06	-0.0272
-1.363413e-06	-0.02912
-1.361413e-06	-0.03056
-1.359413e-06	-0.03632
-1.357413e-06	-0.03248
-1.355413e-06	-0.02912
-1.353413e-06	-0.02864
-1.351413e-06	-0.032
-1.349413e-06	-0.03344
-1.347413e-06	-0.03152
-1.345413e-06	-0.0296
-1.343413e-06	-0.03392
-1.341413e-06	-0.03056
-1.339413e-06	-0.03248
-1.337413e-06	-0.02672
-1.335413e-06	-0.03344
-1.333413e-06	-0.03056
-1.331413e-06	-0.03344
-1.329413e-06	-0.03152
-1.327413e-06	-0.03488
-1.325413e-06	-0.03152
-1.323413e-06	-0.03152
-1.321413e-06	-0.03008
-1.319413e-06	-0.032
-1.317413e-06	-0.03152
-1.315413e-06	-0.032
-1.313413e-06	-0.03104
-1.311413e-06	-0.03056
-1.309413e-06	-0.0296
-1.307413e-06	-0.0296
-1.305413e-06	-0.02864
-1.303413e-06	-0.03344
-1.301413e-06	-0.03104
-1.299413e-06	-0.02912
-1.297413e-06	-0.02912
-1.295413e-06	-0.03296
-1.293413e-06	-0.0296
-1.291413e-06	-0.02912
-1.289413e-06	-0.02864
-1.287413e-06	-0.03008
-1.285413e-06	-0.0272
-1.283413e-06	-0.02816
-1.281413e-06	-0.02912
-1.279413e-06	-0.032
-1.277413e-06	-0.02768
-1.275413e-06	-0.02768
-1.273413e-06	-0.02672
-1.271413e-06	-0.03344
-1.269413e-06	-0.02912
-1.267413e-06	-0.02672
-1.265413e-06	-0.02864
-1.263413e-06	-0.03152
-1.261413e-06	-0.02864
-1.259413e-06	-0.02816
-1.257413e-06	-0.0248
-1.255413e-06	-0.02576
-1.253413e-06	-0.0272
-1.251413e-06	-0.0296
-1.249413e-06	-0.02528
-1.247413e-06	-0.02864
-1.245413e-06	-0.02816
-1.243413e-06	-0.02864
-1.241413e-06	-0.02432
-1.239413e-06	-0.02768
-1.237413e-06	-0.02576
-1.235413e-06	-0.02672
-1.233413e-06	-0.02672
-1.231413e-06	-0.03104
-1.229413e-06	-0.02672
-1.227413e-06	-0.02768
-1.225413e-06	-0.02432
-1.223413e-06	-0.02624
-1.221413e-06	-0.02288
-1.219413e-06	-0.02528
-1.217413e-06	-0.02384
-1.215413e-06	-0.02384
-1.213413e-06	-0.02192
-1.211413e-06	-0.02432
-1.209413e-06	-0.02528
-1.207413e-06	-0.02576
-1.205413e-06	-0.02384
-1.203413e-06	-0.02384
-1.201413e-06	-0.02576
-1.199413e-06	-0.02816
-1.197413e-06	-0.02624
-1.195413e-06	-0.0272
-1.193413e-06	-0.02816
-1.191413e-06	-0.02816
-1.189413e-06	-0.0248
-1.187413e-06	-0.02384
-1.185413e-06	-0.0224
-1.183413e-06	-0.02768
-1.181413e-06	-0.0248
-1.179413e-06	-0.02384
-1.177413e-06	-0.02336
-1.175413e-06	-0.02912
-1.173413e-06	-0.0272
-1.171413e-06	-0.02768
-1.169413e-06	-0.02768
-1.167413e-06	-0.02864
-1.165413e-06	-0.02912
-1.163413e-06	-0.02768
-1.161413e-06	-0.02672
-1.159413e-06	-0.032
-1.157413e-06	-0.03008
-1.155413e-06	-0.02528
-1.153413e-06	-0.0248
-1.151413e-06	-0.02672
-1.149413e-06	-0.02576
-1.147413e-06	-0.02528
-1.145413e-06	-0.02528
-1.143413e-06	-0.032
-1.141413e-06	-0.0272
-1.139413e-06	-0.0248
-1.137413e-06	-0.02576
-1.135413e-06	-0.03104
-1.133413e-06	-0.02768
-1.131413e-06	-0.02672
-1.129413e-06	-0.02288
-1.127413e-06	-0.03104
-1.125413e-06	-0.02864
-1.123413e-06	-0.02672
-1.121413e-06	-0.02624
-1.119413e-06	-0.02768
-1.117413e-06	-0.0272
-1.115413e-06	-0.0248
-1.113413e-06	-0.0272
-1.111413e-06	-0.02864
-1.109413e-06	-0.02816
-1.107413e-06	-0.02864
-1.105413e-06	-0.02672
-1.103413e-06	-0.02864
-1.101413e-06	-0.03008
-1.099413e-06	-0.02768
-1.097413e-06	-0.02864
-1.095413e-06	-0.03152
-1.093413e-06	-0.02912
-1.091413e-06	-0.0272
-1.089413e-06	-0.02672
-1.087413e-06	-0.03008
-1.085413e-06	-0.03344
-1.083413e-06	-0.03152
-1.081413e-06	-0.02912
-1.079413e-06	-0.03248
-1.077413e-06	-0.0296
-1.075413e-06	-0.02912
-1.073413e-06	-0.03056
-1.071413e-06	-0.03152
-1.069413e-06	-0.03008
-1.067413e-06	-0.03104
-1.065413e-06	-0.0296
-1.063413e-06	-0.03104
-1.061413e-06	-0.0296
-1.059413e-06	-0.02864
-1.057413e-06	-0.02864
-1.055413e-06	-0.03152
-1.053413e-06	-0.02864
-1.051413e-06	-0.02768
-1.049413e-06	-0.03056
-1.047413e-06	-0.03392
-1.045413e-06	-0.03104
-1.043413e-06	-0.03008
-1.041413e-06	-0.02672
-1.039413e-06	-0.03104
-1.037413e-06	-0.03008
-1.035413e-06	-0.02816
-1.033413e-06	-0.02912
-1.031413e-06	-0.03248
-1.029413e-06	-0.03008
-1.027413e-06	-0.03104
-1.025413e-06	-0.02816
-1.023413e-06	-0.03248
-1.021413e-06	-0.0296
-1.019413e-06	-0.0296
-1.017413e-06	-0.02912
-1.015413e-06	-0.03152
-1.013413e-06	-0.0296
-1.011413e-06	-0.02816
-1.009413e-06	-0.03008
-1.007413e-06	-0.0296
-1.005413e-06	-0.03152
-1.003413e-06	-0.02768
-1.001413e-06	-0.02816
-9.994127e-07	-0.02912
-9.974127e-07	-0.0296
-9.954127e-07	-0.03056
-9.934127e-07	-0.02816
-9.914127e-07	-0.032
-9.894127e-07	-0.03008
-9.874127e-07	-0.02816
-9.854127e-07	-0.02816
-9.834127e-07	-0.03104
-9.814127e-07	-0.0296
-9.794127e-07	-0.02816
-9.774127e-07	-0.02672
-9.754127e-07	-0.02912
-9.734127e-07	-0.03008
-9.714127e-07	-0.02864
-9.694127e-07	-0.02912
-9.674127e-07	-0.0296
-9.654127e-07	-0.03008
-9.634127e-07	-0.02912
-9.614127e-07	-0.0272
-9.594127e-07	-0.03008
-9.574127e-07	-0.02864
-9.554127e-07	-0.02528
-9.534127e-07	-0.0272
-9.514127e-07	-0.02864
-9.494127e-07	-0.02528
-9.474127e-07	-0.02624
-9.454127e-07	-0.02624
-9.434127e-07	-0.03152
-9.414127e-07	-0.02912
-9.394127e-07	-0.0296
-9.374127e-07	-0.02528
-9.354127e-07	-0.03056
-9.334127e-07	-0.02816
-9.314127e-07	-0.02624
-9.294127e-07	-0.02816
-9.274127e-07	-0.03008
-9.254127e-07	-0.0296
-9.234127e-07	-0.02816
-9.214127e-07	-0.02768
-9.194127e-07	-0.03104
-9.174127e-07	-0.02864
-9.154127e-07	-0.02864
-9.134127e-07	-0.02624
-9.114127e-07	-0.03152
-9.094127e-07	-0.02912
-9.074127e-07	-0.02816
-9.054127e-07	-0.02576
-9.034127e-07	-0.02816
-9.014127e-07	-0.02816
-8.994127e-07	-0.0248
-8.974127e-07	-0.02528
-8.954127e-07	-0.0296
-8.934127e-07	-0.02864
-8.914127e-07	-0.02768
-8.894127e-07	-0.02336
-8.874127e-07	-0.02816
-8.854127e-07	-0.02576
-8.834127e-07	-0.02576
-8.814127e-07	-0.02816
-8.794127e-07	-0.03104
-8.774127e-07	-0.0296
-8.754127e-07	-0.02912
-8.734127e-07	-0.02768
-8.714127e-07	-0.02816
-8.694127e-07	-0.02672
-8.674127e-07	-0.02768
-8.654127e-07	-0.02432
-8.634127e-07	-0.02672
-8.614127e-07	-0.0272
-8.594127e-07	-0.02432
-8.574127e-07	-0.02192
-8.554127e-07	-0.02768
-8.534127e-07	-0.02576
-8.514127e-07	-0.0248
-8.494127e-07	-0.02384
-8.474127e-07	-0.0248
-8.454127e-07	-0.02288
-8.434127e-07	-0.0248
-8.414127e-07	-0.02096
-8.394127e-07	-0.02432
-8.374127e-07	-0.02336
-8.354127e-07	-0.02384
-8.334127e-07	-0.02096
-8.314127e-07	-0.02384
-8.294127e-07	-0.02192
-8.274127e-07	-0.0224
-8.254127e-07	-0.02144
-8.234127e-07	-0.02384
-8.214127e-07	-0.0224
-8.194127e-07	-0.01952
-8.174127e-07	-0.02528
-8.154127e-07	-0.02432
-8.134127e-07	-0.02
-8.114127e-07	-0.02336
-8.094127e-07	-0.02288
-8.074127e-07	-0.0272
-8.054127e-07	-0.02576
-8.034127e-07	-0.02384
-8.014127e-07	-0.02
-7.994127e-07	-0.02624
-7.974127e-07	-0.02432
-7.954127e-07	-0.02384
-7.934127e-07	-0.0224
-7.914127e-07	-0.02816
-7.894127e-07	-0.02576
-7.874127e-07	-0.02816
-7.854127e-07	-0.0248
-7.834127e-07	-0.02672
-7.814127e-07	-0.02528
-7.794127e-07	-0.02672
-7.774127e-07	-0.02528
-7.754127e-07	-0.02576
-7.734127e-07	-0.02624
-7.714127e-07	-0.0248
-7.694127e-07	-0.02336
-7.674127e-07	-0.02912
-7.654127e-07	-0.0248
-7.634127e-07	-0.02816
-7.614127e-07	-0.02432
-7.594127e-07	-0.02912
-7.574127e-07	-0.02624
-7.554127e-07	-0.02912
-7.534127e-07	-0.02576
-7.514127e-07	-0.03008
-7.494127e-07	-0.0272
-7.474127e-07	-0.02768
-7.454127e-07	-0.02288
-7.434127e-07	-0.02864
-7.414127e-07	-0.02912
-7.394127e-07	-0.02816
-7.374127e-07	-0.02816
-7.354127e-07	-0.02816
-7.334127e-07	-0.02576
-7.314127e-07	-0.02432
-7.294127e-07	-0.02624
-7.274127e-07	-0.0296
-7.254127e-07	-0.02768
-7.234127e-07	-0.02912
-7.214127e-07	-0.02624
-7.194127e-07	-0.02864
-7.174127e-07	-0.03152
-7.154127e-07	-0.03008
-7.134127e-07	-0.0248
-7.114127e-07	-0.0296
-7.094127e-07	-0.02912
-7.074127e-07	-0.02864
-7.054127e-07	-0.0248
-7.034127e-07	-0.03008
-7.014127e-07	-0.02768
-6.994127e-07	-0.02672
-6.974127e-07	-0.0272
-6.954127e-07	-0.03008
-6.934127e-07	-0.02768
-6.914127e-07	-0.02864
-6.894127e-07	-0.02672
-6.874127e-07	-0.032
-6.854127e-07	-0.02912
-6.834127e-07	-0.03008
-6.814127e-07	-0.03104
-6.794127e-07	-0.032
-6.774127e-07	-0.03056
-6.754127e-07	-0.02912
-6.734127e-07	-0.02864
-6.714127e-07	-0.03248
-6.694127e-07	-0.02816
-6.674127e-07	-0.03104
-6.654127e-07	-0.0296
-6.634127e-07	-0.03392
-6.614127e-07	-0.02912
-6.594127e-07	-0.03008
-6.574127e-07	-0.03056
-6.554127e-07	-0.03104
-6.534127e-07	-0.02768
-6.514127e-07	-0.03008
-6.494127e-07	-0.02864
-6.474127e-07	-0.03152
-6.454127e-07	-0.03056
-6.434127e-07	-0.02816
-6.414127e-07	-0.0272
-6.394127e-07	-0.03152
-6.374127e-07	-0.03056
-6.354127e-07	-0.02912
-6.334127e-07	-0.03248
-6.314127e-07	-0.03392
-6.294127e-07	-0.02864
-6.274127e-07	-0.02912
-6.254127e-07	-0.03008
-6.234127e-07	-0.0344
-6.214127e-07	-0.03008
-6.194127e-07	-0.02528
-6.174127e-07	-0.03008
-6.154127e-07	-0.032
-6.134127e-07	-0.03152
-6.114127e-07	-0.02912
-6.094127e-07	-0.02816
-6.074127e-07	-0.03056
-6.054127e-07	-0.02912
-6.034127e-07	-0.032
-6.014127e-07	-0.02912
-5.994127e-07	-0.032
-5.974127e-07	-0.03344
-5.954127e-07	-0.03152
-5.934127e-07	-0.02912
-5.914127e-07	-0.032
-5.894127e-07	-0.03008
-5.874127e-07	-0.02864
-5.854127e-07	-0.0296
-5.834127e-07	-0.03248
-5.814127e-07	-0.03008
-5.794127e-07	-0.02912
-5.774127e-07	-0.0248
-5.754127e-07	-0.03104
-5.734127e-07	-0.0296
-5.714127e-07	-0.03056
-5.694127e-07	-0.02864
-5.674127e-07	-0.03344
-5.654127e-07	-0.02816
-5.634127e-07	-0.0296
-5.614127e-07	-0.02912
-5.594127e-07	-0.03248
-5.574127e-07	-0.03008
-5.554127e-07	-0.03008
-5.534127e-07	-0.03056
-5.514127e-07	-0.03344
-5.494127e-07	-0.03104
-5.474127e-07	-0.03104
-5.454127e-07	-0.03056
-5.434127e-07	-0.03056
-5.414127e-07	-0.03104
-5.394127e-07	-0.03008
-5.374127e-07	-0.03104
-5.354127e-07	-0.03536
-5.334127e-07	-0.03008
-5.314127e-07	-0.03248
-5.294127e-07	-0.02816
-5.274127e-07	-0.03296
-5.254127e-07	-0.03248
-5.234127e-07	-0.03008
-5.214127e-07	-0.03008
-5.194127e-07	-0.03296
-5.174127e-07	-0.03248
-5.154127e-07	-0.03056
-5.134127e-07	-0.03104
-5.114127e-07	-0.03152
-5.094127e-07	-0.0344
-5.074127e-07	-0.032
-5.054127e-07	-0.03152
-5.034127e-07	-0.03296
-5.014127e-07	-0.03152
-4.994127e-07	-0.03392
-4.974127e-07	-0.03296
-4.954127e-07	-0.03392
-4.934127e-07	-0.03056
-4.914127e-07	-0.03344
-4.894127e-07	-0.03104
-4.874127e-07	-0.0368
-4.854127e-07	-0.03248
-4.834127e-07	-0.03584
-4.814127e-07	-0.03488
-4.794127e-07	-0.03152
-4.774127e-07	-0.03344
-4.754127e-07	-0.03248
-4.734127e-07	-0.03152
-4.714127e-07	-0.03632
-4.694127e-07	-0.03296
-4.674127e-07	-0.032
-4.654127e-07	-0.02912
-4.634127e-07	-0.03536
-4.614127e-07	-0.03296
-4.594127e-07	-0.03248
-4.574127e-07	-0.03392
-4.554127e-07	-0.03392
-4.534127e-07	-0.03104
-4.514127e-07	-0.03008
-4.494127e-07	-0.03152
-4.474127e-07	-0.03776
-4.454127e-07	-0.03392
-4.434127e-07	-0.03152
-4.414127e-07	-0.03104
-4.394127e-07	-0.03488
-4.374127e-07	-0.03344
-4.354127e-07	-0.0296
-4.334127e-07	-0.02864
-4.314127e-07	-0.0344
-4.294127e-07	-0.03152
-4.274127e-07	-0.03392
-4.254127e-07	-0.032
-4.234127e-07	-0.03392
-4.214127e-07	-0.03344
-4.194127e-07	-0.0344
-4.174127e-07	-0.03104
-4.154127e-07	-0.03536
-4.134127e-07	-0.03248
-4.114127e-07	-0.03392
-4.094127e-07	-0.03152
-4.074127e-07	-0.03488
-4.054127e-07	-0.03104
-4.034127e-07	-0.03008
-4.014127e-07	-0.03296
-3.994127e-07	-0.0344
-3.974127e-07	-0.032
-3.954127e-07	-0.03248
-3.934127e-07	-0.03056
-3.914127e-07	-0.03344
-3.894127e-07	-0.02816
-3.874127e-07	-0.02864
-3.854127e-07	-0.02816
-3.834127e-07	-0.02912
-3.814127e-07	-0.02624
-3.794127e-07	-0.02864
-3.774127e-07	-0.02816
-3.754127e-07	-0.03056
-3.734127e-07	-0.02864
-3.714127e-07	-0.02624
-3.694127e-07	-0.02624
-3.674127e-07	-0.03056
-3.654127e-07	-0.02816
-3.634127e-07	-0.02768
-3.614127e-07	-0.02768
-3.594127e-07	-0.02912
-3.574127e-07	-0.02624
-3.554127e-07	-0.02672
-3.534127e-07	-0.02576
-3.514127e-07	-0.02768
-3.494127e-07	-0.02672
-3.474127e-07	-0.02672
-3.454127e-07	-0.02576
-3.434127e-07	-0.02672
-3.414127e-07	-0.0248
-3.394127e-07	-0.0272
-3.374127e-07	-0.0272
-3.354127e-07	-0.0272
-3.334127e-07	-0.02624
-3.314127e-07	-0.02528
-3.294127e-07	-0.02576
-3.274127e-07	-0.02528
-3.254127e-07	-0.02288
-3.234127e-07	-0.02336
-3.214127e-07	-0.0272
-3.194127e-07	-0.02816
-3.174127e-07	-0.02816
-3.154127e-07	-0.02672
-3.134127e-07	-0.02384
-3.114127e-07	-0.02384
-3.094127e-07	-0.02672
-3.074127e-07	-0.02864
-3.054127e-07	-0.02384
-3.034127e-07	-0.02624
-3.014127e-07	-0.0248
-2.994127e-07	-0.0272
-2.974127e-07	-0.02576
-2.954127e-07	-0.0296
-2.934127e-07	-0.02624
-2.914127e-07	-0.0248
-2.894127e-07	-0.0224
-2.874127e-07	-0.03056
-2.854127e-07	-0.02768
-2.834127e-07	-0.02864
-2.814127e-07	-0.02672
-2.794127e-07	-0.02816
-2.774127e-07	-0.0272
-2.754127e-07	-0.02624
-2.734127e-07	-0.02768
-2.714127e-07	-0.02768
-2.694127e-07	-0.02672
-2.674127e-07	-0.02576
-2.654127e-07	-0.0272
-2.634127e-07	-0.03056
-2.614127e-07	-0.0296
-2.594127e-07	-0.02912
-2.574127e-07	-0.02672
-2.554127e-07	-0.02816
-2.534127e-07	-0.02672
-2.514127e-07	-0.02672
-2.494127e-07	-0.02576
-2.474127e-07	-0.03152
-2.454127e-07	-0.03056
-2.434127e-07	-0.02576
-2.414127e-07	-0.02864
-2.394127e-07	-0.03152
-2.374127e-07	-0.0272
-2.354127e-07	-0.03056
-2.334127e-07	-0.0296
-2.314127e-07	-0.03008
-2.294127e-07	-0.02864
-2.274127e-07	-0.02864
-2.254127e-07	-0.0272
-2.234127e-07	-0.0296
-2.214127e-07	-0.02768
-2.194127e-07	-0.03056
-2.174127e-07	-0.0272
-2.154127e-07	-0.03152
-2.134127e-07	-0.02912
-2.114127e-07	-0.0296
-2.094127e-07	-0.03008
-2.074127e-07	-0.0296
-2.054127e-07	-0.0296
-2.034127e-07	-0.0272
-2.014127e-07	-0.0272
-1.994127e-07	-0.02816
-1.974127e-07	-0.02912
-1.954127e-07	-0.02672
-1.934127e-07	-0.03056
-1.914127e-07	-0.02864
-1.894127e-07	-0.0296
-1.874127e-07	-0.0296
-1.854127e-07	-0.02624
-1.834127e-07	-0.032
-1.814127e-07	-0.02816
-1.794127e-07	-0.02768
-1.774127e-07	-0.02816
-1.754127e-07	-0.03104
-1.734127e-07	-0.02624
-1.714127e-07	-0.02768
-1.694127e-07	-0.0248
-1.674127e-07	-0.03008
-1.654127e-07	-0.02672
-1.634127e-07	-0.02768
-1.614127e-07	-0.02816
-1.594127e-07	-0.02864
-1.574127e-07	-0.02912
-1.554127e-07	-0.02768
-1.534127e-07	-0.02768
-1.514127e-07	-0.032
-1.494127e-07	-0.03104
-1.474127e-07	-0.02864
-1.454127e-07	-0.02768
-1.434127e-07	-0.03104
-1.414127e-07	-0.02816
-1.394127e-07	-0.0296
-1.374127e-07	-0.03008
-1.354127e-07	-0.03152
-1.334127e-07	-0.03008
-1.314127e-07	-0.0272
-1.294127e-07	-0.0296
-1.274127e-07	-0.03344
-1.254127e-07	-0.03296
-1.234127e-07	-0.0296
-1.214127e-07	-0.0272
-1.194127e-07	-0.032
-1.174127e-07	-0.02576
-1.154127e-07	-0.02864
-1.134127e-07	-0.0296
-1.114127e-07	-0.03248
-1.094127e-07	-0.02864
-1.074127e-07	-0.02912
-1.054127e-07	-0.0296
-1.034127e-07	-0.03152
-1.014127e-07	-0.03056
-9.941274e-08	-0.02624
-9.741274e-08	-0.02672
-9.541274e-08	-0.03152
-9.341274e-08	-0.02864
-9.141274e-08	-0.02864
-8.941274e-08	-0.0248
-8.741274e-08	-0.03152
-8.541274e-08	-0.03056
-8.341274e-08	-0.0272
-8.141274e-08	-0.0272
-7.941274e-08	-0.03008
-7.741274e-08	-0.0296
-7.541274e-08	-0.02768
-7.341274e-08	-0.0272
-7.141274e-08	-0.032
-6.941274e-08	-0.03056
-6.741274e-08	-0.02912
-6.541274e-08	-0.02672
-6.341274e-08	-0.03152
-6.141274e-08	-0.02768
-5.941274e-08	-0.02816
-5.741274e-08	-0.02864
-5.541274e-08	-0.03152
-5.341274e-08	-0.03056
-5.141274e-08	-0.02864
-4.941274e-08	-0.02864
-4.741274e-08	-0.03056
-4.541274e-08	-0.02912
-4.341274e-08	-0.02912
-4.141274e-08	-0.0248
-3.941274e-08	-0.03152
-3.741274e-08	-0.02816
-3.541274e-08	-0.0296
-3.341274e-08	-0.0272
-3.141274e-08	-0.03056
-2.941274e-08	-0.02576
-2.741274e-08	-0.02816
-2.541274e-08	-0.02528
-2.341274e-08	-0.02624
-2.141274e-08	-0.02672
-1.941274e-08	-0.02816
-1.741274e-08	-0.02864
-1.541274e-08	-0.02816
-1.341274e-08	-0.02912
-1.141274e-08	-0.0272
-9.412744e-09	-0.02672
-7.412744e-09	-0.0296
-5.412744e-09	-0.0272
-3.412744e-09	-0.0272
-1.412744e-09	-0.02336
5.872564e-10	-0.0296
2.587256e-09	-0.02912
4.587256e-09	-0.0296
6.587256e-09	-0.02576
8.587256e-09	-0.03104
1.058726e-08	-0.02576
1.258726e-08	-0.02576
1.458726e-08	-0.02624
1.658726e-08	-0.03008
1.858726e-08	-0.03056
2.058726e-08	-0.0296
2.258726e-08	-0.02864
2.458726e-08	-0.02864
2.658726e-08	-0.02864
2.858726e-08	-0.02672
3.058726e-08	-0.02576
3.258726e-08	-0.02768
3.458726e-08	-0.02576
3.658726e-08	-0.02624
3.858726e-08	-0.02384
4.058726e-08	-0.02528
4.258726e-08	-0.0272
4.458726e-08	-0.02912
4.658726e-08	-0.02672
4.858726e-08	-0.02912
5.058726e-08	-0.02816
5.258726e-08	-0.0272
5.458726e-08	-0.02528
5.658726e-08	-0.02768
5.858726e-08	-0.02864
6.058726e-08	-0.02864
6.258726e-08	-0.02528
6.458726e-08	-0.02528
6.658726e-08	-0.02816
6.858726e-08	-0.0296
7.058726e-08	-0.02816
7.258726e-08	-0.03008
7.458726e-08	-0.0272
7.658726e-08	-0.02576
7.858726e-08	-0.02432
8.058726e-08	-0.03104
8.258726e-08	-0.02432
8.458726e-08	-0.02576
8.658726e-08	-0.02576
8.858726e-08	-0.02768
9.058726e-08	-0.02864
9.258726e-08	-0.02624
9.458726e-08	-0.02864
9.658726e-08	-0.02864
9.858726e-08	-0.0248
1.005873e-07	-0.02576
1.025873e-07	-0.0248
1.045873e-07	-0.02624
1.065873e-07	-0.0248
1.085873e-07	-0.0248
1.105873e-07	-0.02576
1.125873e-07	-0.02816
1.145873e-07	-0.02768
1.165873e-07	-0.02672
1.185873e-07	-0.02288
1.205873e-07	-0.02384
1.225873e-07	-0.0224
1.245873e-07	-0.02288
1.265873e-07	-0.0224
1.285873e-07	-0.02384
1.305873e-07	-0.01904
1.325873e-07	-0.00752
1.345873e-07	0.01168
1.365873e-07	0.04576
1.385873e-07	0.10048
1.405873e-07	0.17104
1.425873e-07	0.26608
1.445873e-07	0.3568
1.465873e-07	0.4576
1.485873e-07	0.55456
1.505873e-07	0.64864
1.525873e-07	0.73744
1.545873e-07	0.82192
1.565873e-07	0.8968
1.585873e-07	0.97072
1.605873e-07	1.0384
1.625873e-07	1.09744
1.645873e-07	1.1488
1.665873e-07	1.1944
1.685873e-07	1.23136
1.705873e-07	1.27024
1.725873e-07	1.29232
1.745873e-07	1.31824
1.765873e-07	1.33216
1.785873e-07	1.34848
1.805873e-07	1.35856
1.825873e-07	1.36912
1.845873e-07	1.37296
1.865873e-07	1.38208
1.885873e-07	1.384
1.905873e-07	1.3888
1.925873e-07	1.37968
1.945873e-07	1.37872
1.965873e-07	1.36624
1.985873e-07	1.3552
2.005873e-07	1.336
2.025873e-07	1.32304
2.045873e-07	1.30336
2.065873e-07	1.288
2.085873e-07	1.27168
2.105873e-07	1.2544
2.125873e-07	1.23184
2.145873e-07	1.21792
2.165873e-07	1.19488
2.185873e-07	1.1752
2.205873e-07	1.15312
2.225873e-07	1.1344
2.245873e-07	1.1104
2.265873e-07	1.09312
2.285873e-07	1.07008
2.305873e-07	1.04944
2.325873e-07	1.0288
2.345873e-07	1.0096
2.365873e-07	0.98704
2.385873e-07	0.96784
2.405873e-07	0.94528
2.425873e-07	0.92464
2.445873e-07	0.90304
2.465873e-07	0.8872
2.485873e-07	0.86656
2.505873e-07	0.84352
2.525873e-07	0.82432
2.545873e-07	0.80656
2.565873e-07	0.78928
2.585873e-07	0.77152
2.605873e-07	0.7528
2.625873e-07	0.73408
2.645873e-07	0.71488
2.665873e-07	0.69712
2.685873e-07	0.68032
2.705873e-07	0.66544
2.725873e-07	0.65056
2.745873e-07	0.63184
2.765873e-07	0.61264
2.785873e-07	0.60256
2.805873e-07	0.5848
2.825873e-07	0.5704
2.845873e-07	0.55504
2.865873e-07	0.54016
2.885873e-07	0.52576
2.905873e-07	0.5152
2.925873e-07	0.4984
2.945873e-07	0.48976
2.965873e-07	0.47584
2.985873e-07	0.46432
3.005873e-07	0.45184
3.025873e-07	0.44128
3.045873e-07	0.4288
3.065873e-07	0.41728
3.085873e-07	0.40672
3.105873e-07	0.3976
3.125873e-07	0.38608
3.145873e-07	0.37456
3.165873e-07	0.36496
3.185873e-07	0.35872
3.205873e-07	0.34816
3.225873e-07	0.3376
3.245873e-07	0.33136
3.265873e-07	0.32416
3.285873e-07	0.31456
3.305873e-07	0.30832
3.325873e-07	0.29968
3.345873e-07	0.292
3.365873e-07	0.28384
3.385873e-07	0.27808
3.405873e-07	0.27232
3.425873e-07	0.26704
3.445873e-07	0.25696
3.465873e-07	0.25168
3.485873e-07	0.24208
3.505873e-07	0.23776
3.525873e-07	0.23008
3.545873e-07	0.22432
3.565873e-07	0.21904
3.585873e-07	0.21232
3.605873e-07	0.20704
3.625873e-07	0.2008
3.645873e-07	0.19696
3.665873e-07	0.19024
3.685873e-07	0.18688
3.705873e-07	0.18304
3.725873e-07	0.17776
3.745873e-07	0.172
3.765873e-07	0.16768
3.785873e-07	0.1648
3.805873e-07	0.15808
3.825873e-07	0.15712
3.845873e-07	0.1504
3.865873e-07	0.14752
3.885873e-07	0.1408
3.905873e-07	0.13888
3.925873e-07	0.13456
3.945873e-07	0.13168
3.965873e-07	0.12592
3.985873e-07	0.12352
4.005873e-07	0.1192
4.025873e-07	0.11776
4.045873e-07	0.11104
4.065873e-07	0.11248
4.085873e-07	0.10816
4.105873e-07	0.1072
4.125873e-07	0.10048
4.145873e-07	0.09808
4.165873e-07	0.09664
4.185873e-07	0.09376
4.205873e-07	0.08848
4.225873e-07	0.0904
4.245873e-07	0.08752
4.265873e-07	0.0856
4.285873e-07	0.0808
4.305873e-07	0.07984
4.325873e-07	0.07408
4.345873e-07	0.07264
4.365873e-07	0.0712
4.385873e-07	0.06928
4.405873e-07	0.06736
4.425873e-07	0.06448
4.445873e-07	0.06208
4.465873e-07	0.0616
4.485873e-07	0.0592
4.505873e-07	0.05632
4.525873e-07	0.05392
4.545873e-07	0.05296
4.565873e-07	0.05056
4.585873e-07	0.0496
4.605873e-07	0.04672
4.625873e-07	0.04864
4.645873e-07	0.04432
4.665873e-07	0.04672
4.685873e-07	0.04576
4.705873e-07	0.03904
4.725873e-07	0.04048
4.745873e-07	0.04336
4.765873e-07	0.04144
4.785873e-07	0.04096
4.805873e-07	0.03952
4.825873e-07	0.03664
4.845873e-07	0.03616
4.865873e-07	0.0304
4.885873e-07	0.03088
4.905873e-07	0.02992
4.925873e-07	0.02704
4.945873e-07	0.02752
4.965873e-07	0.02752
4.985873e-07	0.028
5.005873e-07	0.0256
5.025873e-07	0.02032
5.045873e-07	0.02272
5.065873e-07	0.02128
5.085873e-07	0.02176
5.105873e-07	0.02032
5.125873e-07	0.01744
5.145873e-07	0.01888
5.165873e-07	0.01648
5.185873e-07	0.0136
5.205873e-07	0.00976
5.225873e-07	0.01744
5.245873e-07	0.0136
5.265873e-07	0.01408
5.285873e-07	0.01216
5.305873e-07	0.00976
5.325873e-07	0.00928
5.345873e-07	0.0088
5.365873e-07	0.00592
5.385873e-07	0.00976
5.405873e-07	0.0088
5.425873e-07	0.00736
5.445873e-07	0.00496
5.465873e-07	0.0064
5.485873e-07	0.00448
5.505873e-07	0.00352
5.525873e-07	0.0016
5.545873e-07	0.0016
5.565873e-07	0.00256
5.585873e-07	0.00064
5.605873e-07	-0.00032
5.625873e-07	-0.00272
5.645873e-07	-0.00176
5.665873e-07	-0.00128
5.685873e-07	-0.00272
5.705873e-07	-0.00128
5.725873e-07	-0.00272
5.745873e-07	-0.00176
5.765873e-07	-0.00416
5.785873e-07	-0.00176
5.805873e-07	-0.00416
5.825873e-07	-0.00464
5.845873e-07	-0.01136
5.865873e-07	-0.00704
5.885873e-07	-0.008
5.905873e-07	-0.00608
5.925873e-07	-0.00752
5.945873e-07	-0.008
5.965873e-07	-0.00752
5.985873e-07	-0.00752
6.005873e-07	-0.0128
6.025873e-07	-0.01232
6.045873e-07	-0.00896
6.065873e-07	-0.00896
6.085873e-07	-0.01376
6.105873e-07	-0.00992
6.125873e-07	-0.01232
6.145873e-07	-0.01088
6.165873e-07	-0.01376
6.185873e-07	-0.01136
6.205873e-07	-0.01232
6.225873e-07	-0.01136
6.245873e-07	-0.01472
6.265873e-07	-0.01232
6.285873e-07	-0.01472
6.305873e-07	-0.01424
6.325873e-07	-0.02048
6.345873e-07	-0.02
6.365873e-07	-0.01424
6.385873e-07	-0.01088
6.405873e-07	-0.01712
6.425873e-07	-0.01616
6.445873e-07	-0.01568
6.465873e-07	-0.01568
6.485873e-07	-0.01712
6.505873e-07	-0.01856
6.525873e-07	-0.01904
6.545873e-07	-0.01472
6.565873e-07	-0.01664
6.585873e-07	-0.01712
6.605873e-07	-0.02096
6.625873e-07	-0.01856
6.645873e-07	-0.02048
6.665873e-07	-0.02
6.685873e-07	-0.02192
6.705873e-07	-0.02048
6.725873e-07	-0.02432
6.745873e-07	-0.02048
6.765873e-07	-0.0224
6.785873e-07	-0.02144
6.805873e-07	-0.02672
6.825873e-07	-0.02288
6.845873e-07	-0.02192
6.865873e-07	-0.02432
6.885873e-07	-0.02576
6.905873e-07	-0.02288
6.925873e-07	-0.02384
6.945873e-07	-0.0224
6.965873e-07	-0.02768
6.985873e-07	-0.02528
7.005873e-07	-0.02576
7.025873e-07	-0.02432
7.045873e-07	-0.02768
7.065873e-07	-0.02576
7.085873e-07	-0.02624
7.105873e-07	-0.0248
7.125873e-07	-0.03056
7.145873e-07	-0.02912
7.165873e-07	-0.02816
7.185873e-07	-0.02576
7.205873e-07	-0.03056
7.225873e-07	-0.03008
7.245873e-07	-0.0296
7.265873e-07	-0.0272
7.285873e-07	-0.03152
7.305873e-07	-0.02576
7.325873e-07	-0.02528
7.345873e-07	-0.02528
7.365873e-07	-0.02768
7.385873e-07	-0.02672
7.405873e-07	-0.02672
7.425873e-07	-0.0248
7.445873e-07	-0.02768
7.465873e-07	-0.0248
7.485873e-07	-0.02624
7.505873e-07	-0.02576
7.525873e-07	-0.02576
7.545873e-07	-0.02576
7.565873e-07	-0.02624
7.585873e-07	-0.02336
7.605873e-07	-0.02672
7.625873e-07	-0.02576
7.645873e-07	-0.02528
7.665873e-07	-0.02528
7.685873e-07	-0.02816
7.705873e-07	-0.02768
7.725873e-07	-0.0272
7.745873e-07	-0.02432
7.765873e-07	-0.02672
7.785873e-07	-0.02576
7.805873e-07	-0.02624
7.825873e-07	-0.0248
7.845873e-07	-0.02672
7.865873e-07	-0.02624
7.885873e-07	-0.02672
7.905873e-07	-0.02528
7.925873e-07	-0.02576
7.945873e-07	-0.02576
7.965873e-07	-0.02576
7.985873e-07	-0.02864
8.005873e-07	-0.03056
8.025873e-07	-0.02768
8.045873e-07	-0.02912
8.065873e-07	-0.02816
8.085873e-07	-0.02816
8.105873e-07	-0.0272
8.125873e-07	-0.02816
8.145873e-07	-0.0248
8.165873e-07	-0.03008
8.185873e-07	-0.02672
8.205873e-07	-0.02816
8.225873e-07	-0.0272
8.245873e-07	-0.03152
8.265873e-07	-0.02912
8.285873e-07	-0.0272
8.305873e-07	-0.02624
8.325873e-07	-0.0296
8.345873e-07	-0.02576
8.365873e-07	-0.02864
8.385873e-07	-0.0296
8.405873e-07	-0.03056
8.425873e-07	-0.0272
8.445873e-07	-0.02672
8.465873e-07	-0.02576
8.485873e-07	-0.02768
8.505873e-07	-0.02624
8.525873e-07	-0.02624
8.545873e-07	-0.02672
8.565873e-07	-0.02864
8.585873e-07	-0.0296
8.605873e-07	-0.0272
8.625873e-07	-0.02912
8.645873e-07	-0.02768
8.665873e-07	-0.02864
8.685873e-07	-0.02576
8.705873e-07	-0.02624
8.725873e-07	-0.03104
8.745873e-07	-0.0272
8.765873e-07	-0.02816
8.785873e-07	-0.02768
8.805873e-07	-0.032
8.825873e-07	-0.02672
8.845873e-07	-0.03008
8.865873e-07	-0.02816
8.885873e-07	-0.03152
8.905873e-07	-0.03008
8.925873e-07	-0.02864
8.945873e-07	-0.02864
8.965873e-07	-0.03056
8.985873e-07	-0.03008
9.005873e-07	-0.03104
9.025873e-07	-0.02624
9.045873e-07	-0.02768
9.065873e-07	-0.02912
9.085873e-07	-0.0248
9.105873e-07	-0.02336
9.125873e-07	-0.02528
9.145873e-07	-0.02768
9.165873e-07	-0.02432
9.185873e-07	-0.0224
9.205873e-07	-0.0272
9.225873e-07	-0.02912
9.245873e-07	-0.02384
9.265873e-07	-0.0272
9.285873e-07	-0.02768
9.305873e-07	-0.02816
9.325873e-07	-0.02624
9.345873e-07	-0.0272
9.365873e-07	-0.0296
9.385873e-07	-0.02528
9.405873e-07	-0.02576
9.425873e-07	-0.02528
9.445873e-07	-0.02912
9.465873e-07	-0.02624
9.485873e-07	-0.02672
9.505873e-07	-0.02576
9.525873e-07	-0.02768
9.545873e-07	-0.03104
9.565873e-07	-0.03008
9.585873e-07	-0.03008
9.605873e-07	-0.03104
9.625873e-07	-0.02864
9.645873e-07	-0.02672
9.665873e-07	-0.02624
9.685873e-07	-0.03056
9.705873e-07	-0.02912
9.725873e-07	-0.02816
9.745873e-07	-0.02768
9.765873e-07	-0.0296
9.785873e-07	-0.03008
9.805873e-07	-0.02816
9.825873e-07	-0.0296
9.845873e-07	-0.03104
9.865873e-07	-0.02912
9.885873e-07	-0.02672
9.905873e-07	-0.02672
9.925873e-07	-0.03296
9.945873e-07	-0.02864
9.965873e-07	-0.0272
9.985873e-07	-0.02912
1.000587e-06	-0.03152
1.002587e-06	-0.03104
1.004587e-06	-0.032
1.006587e-06	-0.032
1.008587e-06	-0.032
1.010587e-06	-0.03056
1.012587e-06	-0.03056
1.014587e-06	-0.03008
1.016587e-06	-0.03152
1.018587e-06	-0.032
1.020587e-06	-0.03152
1.022587e-06	-0.03008
1.024587e-06	-0.03632
1.026587e-06	-0.03152
1.028587e-06	-0.03008
1.030587e-06	-0.03008
1.032587e-06	-0.03248
1.034587e-06	-0.03008
1.036587e-06	-0.03104
1.038587e-06	-0.03008
1.040587e-06	-0.0344
1.042587e-06	-0.0296
1.044587e-06	-0.03152
1.046587e-06	-0.03008
1.048587e-06	-0.03248
1.050587e-06	-0.03056
1.052587e-06	-0.03152
1.054587e-06	-0.032
1.056587e-06	-0.03248
1.058587e-06	-0.02816
1.060587e-06	-0.03152
1.062587e-06	-0.02816
1.064587e-06	-0.03296
1.066587e-06	-0.03056
1.068587e-06	-0.0296
1.070587e-06	-0.0296
1.072587e-06	-0.03296
1.074587e-06	-0.0344
1.076587e-06	-0.032
1.078587e-06	-0.03008
1.080587e-06	-0.03056
1.082587e-06	-0.03056
1.084587e-06	-0.02912
1.086587e-06	-0.03008
1.088587e-06	-0.03392
1.090587e-06	-0.02912
1.092587e-06	-0.02672
1.094587e-06	-0.03008
1.096587e-06	-0.03344
1.098587e-06	-0.03152
1.100587e-06	-0.02672
1.102587e-06	-0.0296
1.104587e-06	-0.03392
1.106587e-06	-0.02912
1.108587e-06	-0.03104
1.110587e-06	-0.02816
1.112587e-06	-0.03344
1.114587e-06	-0.03008
1.116587e-06	-0.02816
1.118587e-06	-0.02768
1.120587e-06	-0.03104
1.122587e-06	-0.02912
1.124587e-06	-0.03152
1.126587e-06	-0.02768
1.128587e-06	-0.03008
1.130587e-06	-0.03056
1.132587e-06	-0.02768
1.134587e-06	-0.02672
1.136587e-06	-0.032
1.138587e-06	-0.03056
1.140587e-06	-0.02912
1.142587e-06	-0.02624
1.144587e-06	-0.03008
1.146587e-06	-0.02672
1.148587e-06	-0.02912
1.150587e-06	-0.02912
1.152587e-06	-0.03008
1.154587e-06	-0.02816
1.156587e-06	-0.03056
1.158587e-06	-0.03104
1.160587e-06	-0.02768
1.162587e-06	-0.02864
1.164587e-06	-0.02816
1.166587e-06	-0.0296
1.168587e-06	-0.02816
1.170587e-06	-0.02768
1.172587e-06	-0.0296
1.174587e-06	-0.03104
1.176587e-06	-0.032
1.178587e-06	-0.02864
1.180587e-06	-0.03104
1.182587e-06	-0.02816
1.184587e-06	-0.02864
1.186587e-06	-0.032
1.188587e-06	-0.03056
1.190587e-06	-0.03056
1.192587e-06	-0.0344
1.194587e-06	-0.03104
1.196587e-06	-0.02912
1.198587e-06	-0.02768
1.200587e-06	-0.0344
1.202587e-06	-0.03008
1.204587e-06	-0.032
1.206587e-06	-0.03056
1.208587e-06	-0.03056
1.210587e-06	-0.03056
1.212587e-06	-0.02912
1.214587e-06	-0.0296
1.216587e-06	-0.03152
1.218587e-06	-0.032
1.220587e-06	-0.032
1.222587e-06	-0.02816
1.224587e-06	-0.03248
1.226587e-06	-0.03296
1.228587e-06	-0.03008
1.230587e-06	-0.03008
1.232587e-06	-0.03296
1.234587e-06	-0.02864
1.236587e-06	-0.02864
1.238587e-06	-0.03008
1.240587e-06	-0.03152
1.242587e-06	-0.03248
1.244587e-06	-0.02864
1.246587e-06	-0.02816
1.248587e-06	-0.02912
1.250587e-06	-0.02864
1.252587e-06	-0.02912
1.254587e-06	-0.03008
1.256587e-06	-0.03152
1.258587e-06	-0.02816
1.260587e-06	-0.02768
1.262587e-06	-0.02528
1.264587e-06	-0.03008
1.266587e-06	-0.02768
1.268587e-06	-0.0272
1.270587e-06	-0.02624
1.272587e-06	-0.03008
1.274587e-06	-0.02576
1.276587e-06	-0.0272
1.278587e-06	-0.02624
1.280587e-06	-0.02816
1.282587e-06	-0.02912
1.284587e-06	-0.02816
1.286587e-06	-0.02768
1.288587e-06	-0.03152
1.290587e-06	-0.02624
1.292587e-06	-0.02624
1.294587e-06	-0.0248
1.296587e-06	-0.02768
1.298587e-06	-0.0272
1.300587e-06	-0.03008
1.302587e-06	-0.02528
1.304587e-06	-0.0296
1.306587e-06	-0.02768
1.308587e-06	-0.02768
1.310587e-06	-0.02528
1.312587e-06	-0.0296
1.314587e-06	-0.02768
1.316587e-06	-0.0272
1.318587e-06	-0.02768
1.320587e-06	-0.02912
1.322587e-06	-0.02912
1.324587e-06	-0.02816
1.326587e-06	-0.0296
1.328587e-06	-0.03008
1.330587e-06	-0.02912
1.332587e-06	-0.0272
1.334587e-06	-0.02672
1.336587e-06	-0.03248
1.338587e-06	-0.0296
1.340587e-06	-0.02816
1.342587e-06	-0.02816
1.344587e-06	-0.03104
1.346587e-06	-0.0296
1.348587e-06	-0.02624
1.350587e-06	-0.02672
1.352587e-06	-0.0296
1.354587e-06	-0.02576
1.356587e-06	-0.0272
1.358587e-06	-0.0272
1.360587e-06	-0.03008
1.362587e-06	-0.02768
1.364587e-06	-0.02624
1.366587e-06	-0.02912
1.368587e-06	-0.0296
1.370587e-06	-0.02624
1.372587e-06	-0.02624
1.374587e-06	-0.02336
1.376587e-06	-0.02864
1.378587e-06	-0.02816
1.380587e-06	-0.02912
1.382587e-06	-0.0272
1.384587e-06	-0.03248
1.386587e-06	-0.02768
1.388587e-06	-0.02816
1.390587e-06	-0.02816
1.392587e-06	-0.03008
1.394587e-06	-0.0272
1.396587e-06	-0.02864
1.398587e-06	-0.02432
1.400587e-06	-0.03104
1.402587e-06	-0.02624
1.404587e-06	-0.02912
1.406587e-06	-0.0296
1.408587e-06	-0.03056
1.410587e-06	-0.02912
1.412587e-06	-0.02912
1.414587e-06	-0.03152
1.416587e-06	-0.032
1.418587e-06	-0.032
1.420587e-06	-0.03104
1.422587e-06	-0.03104
1.424587e-06	-0.03152
1.426587e-06	-0.02768
1.428587e-06	-0.03296
1.430587e-06	-0.02768
1.432587e-06	-0.03296
1.434587e-06	-0.0296
1.436587e-06	-0.02912
1.438587e-06	-0.0272
1.440587e-06	-0.03008
1.442587e-06	-0.03152
1.444587e-06	-0.03008
1.446587e-06	-0.03008
1.448587e-06	-0.03008
1.450587e-06	-0.0272
1.452587e-06	-0.0296
1.454587e-06	-0.02912
1.456587e-06	-0.032
1.458587e-06	-0.03152
1.460587e-06	-0.02576
1.462587e-06	-0.02864
1.464587e-06	-0.03248
1.466587e-06	-0.02912
1.468587e-06	-0.03008
1.470587e-06	-0.02768
1.472587e-06	-0.03104
1.474587e-06	-0.03056
1.476587e-06	-0.02768
1.478587e-06	-0.0296
1.480587e-06	-0.032
1.482587e-06	-0.02816
1.484587e-06	-0.0296
1.486587e-06	-0.02816
1.488587e-06	-0.03152
1.490587e-06	-0.02816
1.492587e-06	-0.02912
1.494587e-06	-0.03056
1.496587e-06	-0.032
1.498587e-06	-0.02912
1.500587e-06	-0.03296
1.502587e-06	-0.03008
1.504587e-06	-0.03248
1.506587e-06	-0.03008
1.508587e-06	-0.03248
1.510587e-06	-0.03056
1.512587e-06	-0.03296
1.514587e-06	-0.032
1.516587e-06	-0.03296
1.518587e-06	-0.03248
1.520587e-06	-0.03152
1.522587e-06	-0.03008
1.524587e-06	-0.03392
1.526587e-06	-0.03248
1.528587e-06	-0.03632
1.530587e-06	-0.03104
1.532587e-06	-0.0296
1.534587e-06	-0.03248
1.536587e-06	-0.03824
1.538587e-06	-0.03248
1.540587e-06	-0.03056
1.542587e-06	-0.03104
1.544587e-06	-0.03488
1.546587e-06	-0.03392
1.548587e-06	-0.03248
1.550587e-06	-0.0272
1.552587e-06	-0.0344
1.554587e-06	-0.0344
1.556587e-06	-0.03392
1.558587e-06	-0.03104
1.560587e-06	-0.03392
1.562587e-06	-0.03152
1.564587e-06	-0.03392
1.566587e-06	-0.03056
1.568587e-06	-0.03248
1.570587e-06	-0.03296
1.572587e-06	-0.03008
1.574587e-06	-0.03008
1.576587e-06	-0.03536
1.578587e-06	-0.03392
1.580587e-06	-0.0344
1.582587e-06	-0.03008
1.584587e-06	-0.03248
1.586587e-06	-0.03152
1.588587e-06	-0.032
1.590587e-06	-0.03056
1.592587e-06	-0.03152
1.594587e-06	-0.03104
1.596587e-06	-0.03056
1.598587e-06	-0.02864
1.600587e-06	-0.03296
1.602587e-06	-0.03104
1.604587e-06	-0.03008
1.606587e-06	-0.03008
1.608587e-06	-0.03344
1.610587e-06	-0.03104
1.612587e-06	-0.03248
1.614587e-06	-0.02864
1.616587e-06	-0.032
1.618587e-06	-0.02912
1.620587e-06	-0.02768
1.622587e-06	-0.0296
1.624587e-06	-0.032
1.626587e-06	-0.03152
1.628587e-06	-0.03008
1.630587e-06	-0.0248
1.632587e-06	-0.03104
1.634587e-06	-0.02912
1.636587e-06	-0.03008
1.638587e-06	-0.0296
1.640587e-06	-0.03296
1.642587e-06	-0.0272
1.644587e-06	-0.02816
1.646587e-06	-0.0296
1.648587e-06	-0.032
1.650587e-06	-0.02816
1.652587e-06	-0.0296
1.654587e-06	-0.02864
1.656587e-06	-0.02912
1.658587e-06	-0.02816
1.660587e-06	-0.02768
1.662587e-06	-0.0248
1.664587e-06	-0.0296
1.666587e-06	-0.03056
1.668587e-06	-0.0296
1.670587e-06	-0.02432
1.672587e-06	-0.03056
1.674587e-06	-0.02816
1.676587e-06	-0.0272
1.678587e-06	-0.02576
1.680587e-06	-0.02912
1.682587e-06	-0.02912
1.684587e-06	-0.02816
1.686587e-06	-0.02768
1.688587e-06	-0.03056
1.690587e-06	-0.0296
1.692587e-06	-0.02816
1.694587e-06	-0.02672
1.696587e-06	-0.03152
1.698587e-06	-0.02912
1.700587e-06	-0.02816
1.702587e-06	-0.02432
1.704587e-06	-0.032
1.706587e-06	-0.02864
1.708587e-06	-0.02816
1.710587e-06	-0.02816
1.712587e-06	-0.03104
1.714587e-06	-0.0296
1.716587e-06	-0.02864
1.718587e-06	-0.02768
1.720587e-06	-0.03152
1.722587e-06	-0.02912
1.724587e-06	-0.02816
1.726587e-06	-0.0296
1.728587e-06	-0.0296
1.730587e-06	-0.03152
1.732587e-06	-0.03104
1.734587e-06	-0.02912
1.736587e-06	-0.032
1.738587e-06	-0.03056
1.740587e-06	-0.02912
1.742587e-06	-0.02816
1.744587e-06	-0.03344
1.746587e-06	-0.03152
1.748587e-06	-0.02816
1.750587e-06	-0.02864
1.752587e-06	-0.03296
1.754587e-06	-0.02912
1.756587e-06	-0.02864
1.758587e-06	-0.0248
1.760587e-06	-0.032
1.762587e-06	-0.0296
1.764587e-06	-0.02816
1.766587e-06	-0.02768
1.768587e-06	-0.03248
1.770587e-06	-0.0296
1.772587e-06	-0.02912
1.774587e-06	-0.02864
1.776587e-06	-0.03104
1.778587e-06	-0.02816
1.780587e-06	-0.02864
1.782587e-06	-0.02816
1.784587e-06	-0.03008
1.786587e-06	-0.03008
1.788587e-06	-0.02816
1.790587e-06	-0.02912
1.792587e-06	-0.02768
1.794587e-06	-0.02912
1.796587e-06	-0.02912
1.798587e-06	-0.02672
1.800587e-06	-0.0296
1.802587e-06	-0.03008
1.804587e-06	-0.02768
1.806587e-06	-0.02672
1.808587e-06	-0.02816
1.810587e-06	-0.02672
1.812587e-06	-0.02768
1.814587e-06	-0.02576
1.816587e-06	-0.0272
1.818587e-06	-0.02624
1.820587e-06	-0.02768
1.822587e-06	-0.02576
1.824587e-06	-0.02864
1.826587e-06	-0.02576
1.828587e-06	-0.02624
1.830587e-06	-0.02816
1.832587e-06	-0.03008
1.834587e-06	-0.02864
1.836587e-06	-0.02432
1.838587e-06	-0.0224
1.840587e-06	-0.02912
1.842587e-06	-0.02672
1.844587e-06	-0.02768
1.846587e-06	-0.02528
1.848587e-06	-0.02624
1.850587e-06	-0.02528
1.852587e-06	-0.0248
1.854587e-06	-0.02528
1.856587e-06	-0.0296
1.858587e-06	-0.02624
1.860587e-06	-0.02816
1.862587e-06	-0.02624
1.864587e-06	-0.02864
1.866587e-06	-0.02384
1.868587e-06	-0.02768
1.870587e-06	-0.02576
1.872587e-06	-0.02912
1.874587e-06	-0.02816
1.876587e-06	-0.0272
1.878587e-06	-0.03056
1.880587e-06	-0.0296
1.882587e-06	-0.03008
1.884587e-06	-0.02768
1.886587e-06	-0.02768
1.888587e-06	-0.02864
1.890587e-06	-0.02912
1.892587e-06	-0.02864
1.894587e-06	-0.02432
1.896587e-06	-0.02864
1.898587e-06	-0.02528
1.900587e-06	-0.03248
1.902587e-06	-0.03056
1.904587e-06	-0.03296
1.906587e-06	-0.02816
1.908587e-06	-0.03056
1.910587e-06	-0.03248
1.912587e-06	-0.0344
1.914587e-06	-0.03104
1.916587e-06	-0.02816
1.918587e-06	-0.02768
1.920587e-06	-0.03392
1.922587e-06	-0.03008
1.924587e-06	-0.03056
1.926587e-06	-0.02912
1.928587e-06	-0.03392
1.930587e-06	-0.03296
1.932587e-06	-0.03104
1.934587e-06	-0.0272
1.936587e-06	-0.032
1.938587e-06	-0.02816
1.940587e-06	-0.02768
1.942587e-06	-0.02864
1.944587e-06	-0.03152
1.946587e-06	-0.02912
1.948587e-06	-0.0296
1.950587e-06	-0.02816
1.952587e-06	-0.02768
1.954587e-06	-0.02816
1.956587e-06	-0.02624
1.958587e-06	-0.02672
1.960587e-06	-0.02816
1.962587e-06	-0.02816
1.964587e-06	-0.02672
1.966587e-06	-0.02672
1.968587e-06	-0.03056
1.970587e-06	-0.02816
1.972587e-06	-0.0296
1.974587e-06	-0.02672
1.976587e-06	-0.03056
1.978587e-06	-0.02816
1.980587e-06	-0.03008
1.982587e-06	-0.02672
1.984587e-06	-0.02864
1.986587e-06	-0.02816
1.988587e-06	-0.03008
1.990587e-06	-0.02672
1.992587e-06	-0.02864
1.994587e-06	-0.0296
1.996587e-06	-0.0272
1.998587e-06	-0.02672
2.000587e-06	-0.03008
2.002587e-06	-0.02816
2.004587e-06	-0.02768
2.006587e-06	-0.02576
2.008587e-06	-0.0296
2.010587e-06	-0.0272
2.012587e-06	-0.02528
2.014587e-06	-0.02576
2.016587e-06	-0.0296
2.018587e-06	-0.02864
2.020587e-06	-0.02624
2.022587e-06	-0.02576
2.024587e-06	-0.02912
2.026587e-06	-0.02768
2.028587e-06	-0.03152
2.030587e-06	-0.02576
2.032587e-06	-0.03008
2.034587e-06	-0.02912
2.036587e-06	-0.03152
2.038587e-06	-0.0272
2.040587e-06	-0.03104
2.042587e-06	-0.0272
2.044587e-06	-0.02864
2.046587e-06	-0.02768
2.048587e-06	-0.02864
2.050587e-06	-0.02576
2.052587e-06	-0.02768
2.054587e-06	-0.0272
2.056587e-06	-0.0296
2.058587e-06	-0.02624
2.060587e-06	-0.02384
2.062587e-06	-0.02624
2.064587e-06	-0.02768
2.066587e-06	-0.02624
2.068587e-06	-0.02528
2.070587e-06	-0.02576
2.072587e-06	-0.02624
2.074587e-06	-0.02576
2.076587e-06	-0.02576
2.078587e-06	-0.02432
2.080587e-06	-0.02624
2.082587e-06	-0.02384
2.084587e-06	-0.02336
2.086587e-06	-0.02288
2.088587e-06	-0.02432
2.090587e-06	-0.02336
2.092587e-06	-0.02624
2.094587e-06	-0.02288
2.096587e-06	-0.02624
2.098587e-06	-0.02336
2.100587e-06	-0.02288
2.102587e-06	-0.02096
2.104587e-06	-0.02624
2.106587e-06	-0.02336
2.108587e-06	-0.02432
2.110587e-06	-0.02096
2.112587e-06	-0.02816
2.114587e-06	-0.0224
2.116587e-06	-0.02336
2.118587e-06	-0.02288
2.120587e-06	-0.02528
2.122587e-06	-0.02432
2.124587e-06	-0.02384
2.126587e-06	-0.02
2.128587e-06	-0.02528
2.130587e-06	-0.02384
2.132587e-06	-0.02432
2.134587e-06	-0.01952
2.136587e-06	-0.02624
2.138587e-06	-0.02336
2.140587e-06	-0.0248
2.142587e-06	-0.02192
2.144587e-06	-0.02624
2.146587e-06	-0.02432
2.148587e-06	-0.02672
2.150587e-06	-0.0224
2.152587e-06	-0.02384
2.154587e-06	-0.02336
2.156587e-06	-0.02672
2.158587e-06	-0.02576
2.160587e-06	-0.02864
2.162587e-06	-0.02528
2.164587e-06	-0.02432
2.166587e-06	-0.02432
2.168587e-06	-0.02672
2.170587e-06	-0.02768
2.172587e-06	-0.02288
2.174587e-06	-0.02192
2.176587e-06	-0.02672
2.178587e-06	-0.02432
2.180587e-06	-0.02624
2.182587e-06	-0.02096
2.184587e-06	-0.0248
2.186587e-06	-0.02288
2.188587e-06	-0.02576
2.190587e-06	-0.0224
2.192587e-06	-0.0272
2.194587e-06	-0.02576
2.196587e-06	-0.02528
2.198587e-06	-0.02384
2.200587e-06	-0.02432
2.202587e-06	-0.02336
2.204587e-06	-0.0224
2.206587e-06	-0.02336
2.208587e-06	-0.02672
2.210587e-06	-0.02384
2.212587e-06	-0.02624
2.214587e-06	-0.02384
2.216587e-06	-0.02816
2.218587e-06	-0.02576
2.220587e-06	-0.02624
2.222587e-06	-0.0248
2.224587e-06	-0.02528
2.226587e-06	-0.02528
2.228587e-06	-0.02384
2.230587e-06	-0.02192
2.232587e-06	-0.02864
2.234587e-06	-0.02432
2.236587e-06	-0.02288
2.238587e-06	-0.02192
2.240587e-06	-0.02336
2.242587e-06	-0.02624
2.244587e-06	-0.0248
2.246587e-06	-0.02432
2.248587e-06	-0.0272
2.250587e-06	-0.02384
2.252587e-06	-0.02384
2.254587e-06	-0.02288
2.256587e-06	-0.02576
2.258587e-06	-0.02432
2.260587e-06	-0.02288
2.262587e-06	-0.01952
2.264587e-06	-0.0248
2.266587e-06	-0.0224
2.268587e-06	-0.02288
2.270587e-06	-0.01952
2.272587e-06	-0.02432
2.274587e-06	-0.02336
2.276587e-06	-0.0224
2.278587e-06	-0.02384
2.280587e-06	-0.02432
2.282587e-06	-0.02192
2.284587e-06	-0.02192
2.286587e-06	-0.02096
2.288587e-06	-0.02336
2.290587e-06	-0.0224
2.292587e-06	-0.02336
2.294587e-06	-0.02288
2.296587e-06	-0.02528
2.298587e-06	-0.02192
2.300587e-06	-0.0248
2.302587e-06	-0.02624
2.304587e-06	-0.02432
2.306587e-06	-0.02576
2.308587e-06	-0.02384
2.310587e-06	-0.02144
2.312587e-06	-0.02624
2.314587e-06	-0.02624
2.316587e-06	-0.0248
2.318587e-06	-0.02528
2.320587e-06	-0.02816
2.322587e-06	-0.02528
2.324587e-06	-0.02624
2.326587e-06	-0.02336
2.328587e-06	-0.02864
2.330587e-06	-0.0248
2.332587e-06	-0.02912
2.334587e-06	-0.02528
2.336587e-06	-0.0272
2.338587e-06	-0.02336
2.340587e-06	-0.02576
2.342587e-06	-0.02288
2.344587e-06	-0.0296
2.346587e-06	-0.02384
2.348587e-06	-0.0248
2.350587e-06	-0.02288
2.352587e-06	-0.02672
2.354587e-06	-0.02576
2.356587e-06	-0.0272
2.358587e-06	-0.02528
2.360587e-06	-0.03056
2.362587e-06	-0.02912
2.364587e-06	-0.02576
2.366587e-06	-0.02528
2.368587e-06	-0.02816
2.370587e-06	-0.02624
2.372587e-06	-0.02816
2.374587e-06	-0.02624
2.376587e-06	-0.03152
2.378587e-06	-0.0248
2.380587e-06	-0.02864
2.382587e-06	-0.02432
2.384587e-06	-0.02912
2.386587e-06	-0.02528
2.388587e-06	-0.02768
2.390587e-06	-0.0272
2.392587e-06	-0.02864
2.394587e-06	-0.02672
2.396587e-06	-0.02912
2.398587e-06	-0.02672
2.400587e-06	-0.02912
2.402587e-06	-0.02768
2.404587e-06	-0.02288
2.406587e-06	-0.02624
2.408587e-06	-0.02864
2.410587e-06	-0.02624
2.412587e-06	-0.02624
2.414587e-06	-0.02384
2.416587e-06	-0.02912
2.418587e-06	-0.02672
2.420587e-06	-0.02624
2.422587e-06	-0.0248
2.424587e-06	-0.03008
2.426587e-06	-0.02672
2.428587e-06	-0.02768
2.430587e-06	-0.02576
2.432587e-06	-0.02768
2.434587e-06	-0.02816
2.436587e-06	-0.02816
2.438587e-06	-0.02528
2.440587e-06	-0.02768
2.442587e-06	-0.02672
2.444587e-06	-0.02576
2.446587e-06	-0.02528
2.448587e-06	-0.03248
2.450587e-06	-0.0272
2.452587e-06	-0.0272
2.454587e-06	-0.02528
2.456587e-06	-0.02912
2.458587e-06	-0.02864
2.460587e-06	-0.0272
2.462587e-06	-0.02624
2.464587e-06	-0.02912
2.466587e-06	-0.02528
2.468587e-06	-0.02672
2.470587e-06	-0.02576
2.472587e-06	-0.02816
2.474587e-06	-0.0272
2.476587e-06	-0.02672
2.478587e-06	-0.02432
2.480587e-06	-0.02816
2.482587e-06	-0.02432
2.484587e-06	-0.02864
2.486587e-06	-0.02576
2.488587e-06	-0.03104
2.490587e-06	-0.02672
2.492587e-06	-0.02576
2.494587e-06	-0.02576
2.496587e-06	-0.02768
2.498587e-06	-0.0248
2.500587e-06	-0.02768
2.502587e-06	-0.02384
2.504587e-06	-0.02768
2.506587e-06	-0.02432
2.508587e-06	-0.02624
2.510587e-06	-0.02624
