LECROYHDO6104A	50809	Waveform
Segments	1	SegmentSize	2502
Segment	TrigTime	TimeSinceSegment1
#1	19-Dec-2022 19:29:02	0                 
Time	Ampl
-2.500933e-06	-0.023504
-2.498933e-06	-0.024148
-2.496933e-06	-0.023688
-2.494933e-06	-0.023596
-2.492933e-06	-0.023872
-2.490933e-06	-0.023872
-2.488933e-06	-0.023688
-2.486933e-06	-0.024056
-2.484933e-06	-0.024332
-2.482933e-06	-0.02424
-2.480933e-06	-0.024056
-2.478933e-06	-0.024424
-2.476933e-06	-0.024424
-2.474933e-06	-0.024608
-2.472933e-06	-0.0247
-2.470933e-06	-0.024516
-2.468933e-06	-0.024884
-2.466933e-06	-0.024792
-2.464933e-06	-0.024884
-2.462933e-06	-0.024884
-2.460933e-06	-0.024332
-2.458933e-06	-0.025068
-2.456933e-06	-0.024976
-2.454933e-06	-0.025068
-2.452933e-06	-0.024884
-2.450933e-06	-0.025436
-2.448933e-06	-0.025344
-2.446933e-06	-0.02516
-2.444933e-06	-0.025068
-2.442933e-06	-0.025068
-2.440933e-06	-0.02516
-2.438933e-06	-0.0247
-2.436933e-06	-0.024884
-2.434933e-06	-0.0247
-2.432933e-06	-0.024976
-2.430933e-06	-0.024424
-2.428933e-06	-0.02424
-2.426933e-06	-0.024148
-2.424933e-06	-0.023872
-2.422933e-06	-0.02378
-2.420933e-06	-0.023688
-2.418933e-06	-0.02378
-2.416933e-06	-0.023688
-2.414933e-06	-0.023596
-2.412933e-06	-0.023504
-2.410933e-06	-0.023504
-2.408933e-06	-0.02332
-2.406933e-06	-0.022768
-2.404933e-06	-0.022952
-2.402933e-06	-0.02286
-2.400933e-06	-0.022676
-2.398933e-06	-0.023412
-2.396933e-06	-0.022952
-2.394933e-06	-0.023228
-2.392933e-06	-0.023596
-2.390933e-06	-0.023688
-2.388933e-06	-0.02332
-2.386933e-06	-0.02332
-2.384933e-06	-0.023412
-2.382933e-06	-0.023412
-2.380933e-06	-0.023228
-2.378933e-06	-0.023504
-2.376933e-06	-0.023228
-2.374933e-06	-0.023412
-2.372933e-06	-0.023228
-2.370933e-06	-0.023136
-2.368933e-06	-0.022768
-2.366933e-06	-0.023412
-2.364933e-06	-0.023504
-2.362933e-06	-0.023228
-2.360933e-06	-0.023136
-2.358933e-06	-0.022768
-2.356933e-06	-0.02286
-2.354933e-06	-0.022676
-2.352933e-06	-0.022676
-2.350933e-06	-0.0224
-2.348933e-06	-0.0224
-2.346933e-06	-0.022124
-2.344933e-06	-0.022216
-2.342933e-06	-0.02194
-2.340933e-06	-0.02148
-2.338933e-06	-0.021756
-2.336933e-06	-0.021388
-2.334933e-06	-0.021204
-2.332933e-06	-0.02056
-2.330933e-06	-0.020652
-2.328933e-06	-0.02056
-2.326933e-06	-0.020284
-2.324933e-06	-0.020192
-2.322933e-06	-0.019732
-2.320933e-06	-0.020008
-2.318933e-06	-0.020192
-2.316933e-06	-0.019456
-2.314933e-06	-0.019548
-2.312933e-06	-0.019272
-2.310933e-06	-0.018812
-2.308933e-06	-0.018904
-2.306933e-06	-0.018812
-2.304933e-06	-0.01872
-2.302933e-06	-0.018996
-2.300933e-06	-0.018904
-2.298933e-06	-0.019088
-2.296933e-06	-0.018904
-2.294933e-06	-0.019456
-2.292933e-06	-0.019088
-2.290933e-06	-0.018996
-2.288933e-06	-0.018812
-2.286933e-06	-0.018628
-2.284933e-06	-0.01872
-2.282933e-06	-0.018904
-2.280933e-06	-0.019364
-2.278933e-06	-0.019456
-2.276933e-06	-0.018904
-2.274933e-06	-0.01964
-2.272933e-06	-0.019824
-2.270933e-06	-0.019916
-2.268933e-06	-0.019916
-2.266933e-06	-0.019824
-2.264933e-06	-0.020284
-2.262933e-06	-0.020376
-2.260933e-06	-0.020008
-2.258933e-06	-0.020284
-2.256933e-06	-0.020468
-2.254933e-06	-0.02056
-2.252933e-06	-0.020284
-2.250933e-06	-0.020284
-2.248933e-06	-0.020652
-2.246933e-06	-0.020652
-2.244933e-06	-0.020284
-2.242933e-06	-0.019916
-2.240933e-06	-0.0201
-2.238933e-06	-0.020376
-2.236933e-06	-0.02056
-2.234933e-06	-0.02056
-2.232933e-06	-0.020652
-2.230933e-06	-0.020284
-2.228933e-06	-0.020284
-2.226933e-06	-0.020744
-2.224933e-06	-0.02102
-2.222933e-06	-0.020468
-2.220933e-06	-0.021388
-2.218933e-06	-0.02102
-2.216933e-06	-0.021204
-2.214933e-06	-0.02148
-2.212933e-06	-0.021204
-2.210933e-06	-0.021664
-2.208933e-06	-0.02148
-2.206933e-06	-0.0224
-2.204933e-06	-0.021848
-2.202933e-06	-0.022216
-2.200933e-06	-0.022124
-2.198933e-06	-0.02194
-2.196933e-06	-0.022676
-2.194933e-06	-0.022308
-2.192933e-06	-0.022492
-2.190933e-06	-0.0224
-2.188933e-06	-0.022124
-2.186933e-06	-0.022032
-2.184933e-06	-0.022584
-2.182933e-06	-0.0224
-2.180933e-06	-0.022308
-2.178933e-06	-0.022676
-2.176933e-06	-0.022216
-2.174933e-06	-0.02286
-2.172933e-06	-0.022216
-2.170933e-06	-0.022584
-2.168933e-06	-0.022308
-2.166933e-06	-0.022952
-2.164933e-06	-0.022676
-2.162933e-06	-0.023136
-2.160933e-06	-0.022768
-2.158933e-06	-0.0224
-2.156933e-06	-0.022676
-2.154933e-06	-0.022584
-2.152933e-06	-0.022768
-2.150933e-06	-0.022584
-2.148933e-06	-0.022768
-2.146933e-06	-0.02332
-2.144933e-06	-0.023136
-2.142933e-06	-0.023688
-2.140933e-06	-0.022952
-2.138933e-06	-0.023228
-2.136933e-06	-0.023504
-2.134933e-06	-0.023412
-2.132933e-06	-0.023504
-2.130933e-06	-0.023412
-2.128933e-06	-0.023504
-2.126933e-06	-0.023228
-2.124933e-06	-0.023044
-2.122933e-06	-0.023228
-2.120933e-06	-0.023228
-2.118933e-06	-0.023504
-2.116933e-06	-0.023228
-2.114933e-06	-0.02332
-2.112933e-06	-0.023596
-2.110933e-06	-0.023412
-2.108933e-06	-0.023136
-2.106933e-06	-0.02332
-2.104933e-06	-0.02286
-2.102933e-06	-0.02286
-2.100933e-06	-0.022768
-2.098933e-06	-0.023228
-2.096933e-06	-0.023504
-2.094933e-06	-0.023596
-2.092933e-06	-0.023412
-2.090933e-06	-0.023228
-2.088933e-06	-0.02332
-2.086933e-06	-0.023044
-2.084933e-06	-0.022768
-2.082933e-06	-0.023136
-2.080933e-06	-0.02286
-2.078933e-06	-0.02332
-2.076933e-06	-0.023228
-2.074933e-06	-0.02332
-2.072933e-06	-0.023228
-2.070933e-06	-0.022952
-2.068933e-06	-0.022768
-2.066933e-06	-0.022952
-2.064933e-06	-0.023228
-2.062933e-06	-0.023136
-2.060933e-06	-0.02332
-2.058933e-06	-0.023596
-2.056933e-06	-0.023228
-2.054933e-06	-0.023964
-2.052933e-06	-0.023596
-2.050933e-06	-0.024056
-2.048933e-06	-0.023596
-2.046933e-06	-0.023964
-2.044933e-06	-0.024148
-2.042933e-06	-0.023688
-2.040933e-06	-0.02332
-2.038933e-06	-0.023044
-2.036933e-06	-0.022676
-2.034933e-06	-0.022308
-2.032933e-06	-0.022032
-2.030933e-06	-0.022492
-2.028933e-06	-0.022124
-2.026933e-06	-0.02148
-2.024933e-06	-0.021296
-2.022933e-06	-0.02148
-2.020933e-06	-0.021296
-2.018933e-06	-0.021388
-2.016933e-06	-0.021296
-2.014933e-06	-0.020744
-2.012933e-06	-0.02056
-2.010933e-06	-0.020284
-2.008933e-06	-0.020376
-2.006933e-06	-0.020468
-2.004933e-06	-0.020376
-2.002933e-06	-0.019732
-2.000933e-06	-0.019824
-1.998933e-06	-0.019732
-1.996933e-06	-0.01964
-1.994933e-06	-0.019824
-1.992933e-06	-0.019364
-1.990933e-06	-0.019364
-1.988933e-06	-0.019456
-1.986933e-06	-0.020008
-1.984933e-06	-0.020468
-1.982933e-06	-0.019732
-1.980933e-06	-0.019916
-1.978933e-06	-0.01964
-1.976933e-06	-0.01964
-1.974933e-06	-0.01964
-1.972933e-06	-0.019732
-1.970933e-06	-0.019548
-1.968933e-06	-0.019732
-1.966933e-06	-0.020284
-1.964933e-06	-0.019732
-1.962933e-06	-0.0201
-1.960933e-06	-0.020284
-1.958933e-06	-0.019824
-1.956933e-06	-0.019548
-1.954933e-06	-0.020008
-1.952933e-06	-0.020008
-1.950933e-06	-0.01964
-1.948933e-06	-0.019364
-1.946933e-06	-0.019456
-1.944933e-06	-0.019548
-1.942933e-06	-0.019456
-1.940933e-06	-0.019272
-1.938933e-06	-0.01918
-1.936933e-06	-0.018628
-1.934933e-06	-0.018536
-1.932933e-06	-0.017984
-1.930933e-06	-0.018076
-1.928933e-06	-0.017892
-1.926933e-06	-0.018168
-1.924933e-06	-0.017708
-1.922933e-06	-0.018352
-1.920933e-06	-0.018536
-1.918933e-06	-0.018812
-1.916933e-06	-0.018352
-1.914933e-06	-0.01872
-1.912933e-06	-0.018996
-1.910933e-06	-0.019364
-1.908933e-06	-0.01918
-1.906933e-06	-0.019548
-1.904933e-06	-0.01964
-1.902933e-06	-0.019364
-1.900933e-06	-0.019548
-1.898933e-06	-0.019732
-1.896933e-06	-0.019732
-1.894933e-06	-0.019732
-1.892933e-06	-0.019732
-1.890933e-06	-0.020284
-1.888933e-06	-0.020192
-1.886933e-06	-0.020008
-1.884933e-06	-0.020192
-1.882933e-06	-0.019824
-1.880933e-06	-0.019732
-1.878933e-06	-0.019824
-1.876933e-06	-0.019364
-1.874933e-06	-0.019732
-1.872933e-06	-0.019916
-1.870933e-06	-0.019824
-1.868933e-06	-0.019916
-1.866933e-06	-0.020008
-1.864933e-06	-0.019916
-1.862933e-06	-0.020284
-1.860933e-06	-0.019824
-1.858933e-06	-0.01964
-1.856933e-06	-0.019824
-1.854933e-06	-0.019732
-1.852933e-06	-0.019272
-1.850933e-06	-0.019732
-1.848933e-06	-0.019824
-1.846933e-06	-0.01964
-1.844933e-06	-0.01872
-1.842933e-06	-0.019364
-1.840933e-06	-0.019272
-1.838933e-06	-0.01918
-1.836933e-06	-0.01872
-1.834933e-06	-0.018812
-1.832933e-06	-0.018904
-1.830933e-06	-0.018996
-1.828933e-06	-0.018628
-1.826933e-06	-0.018628
-1.824933e-06	-0.019364
-1.822933e-06	-0.01918
-1.820933e-06	-0.018904
-1.818933e-06	-0.019364
-1.816933e-06	-0.018996
-1.814933e-06	-0.019364
-1.812933e-06	-0.019272
-1.810933e-06	-0.018628
-1.808933e-06	-0.01918
-1.806933e-06	-0.01918
-1.804933e-06	-0.018996
-1.802933e-06	-0.01918
-1.800933e-06	-0.019088
-1.798933e-06	-0.018536
-1.796933e-06	-0.018812
-1.794933e-06	-0.019088
-1.792933e-06	-0.018628
-1.790933e-06	-0.019272
-1.788933e-06	-0.018628
-1.786933e-06	-0.018904
-1.784933e-06	-0.01872
-1.782933e-06	-0.018812
-1.780933e-06	-0.01826
-1.778933e-06	-0.01826
-1.776933e-06	-0.018536
-1.774933e-06	-0.018352
-1.772933e-06	-0.017708
-1.770933e-06	-0.018628
-1.768933e-06	-0.018168
-1.766933e-06	-0.01826
-1.764933e-06	-0.01826
-1.762933e-06	-0.018628
-1.760933e-06	-0.018444
-1.758933e-06	-0.018628
-1.756933e-06	-0.018904
-1.754933e-06	-0.018996
-1.752933e-06	-0.018628
-1.750933e-06	-0.019088
-1.748933e-06	-0.018904
-1.746933e-06	-0.018996
-1.744933e-06	-0.018996
-1.742933e-06	-0.018996
-1.740933e-06	-0.018628
-1.738933e-06	-0.019088
-1.736933e-06	-0.019456
-1.734933e-06	-0.019824
-1.732933e-06	-0.019364
-1.730933e-06	-0.019824
-1.728933e-06	-0.019916
-1.726933e-06	-0.019364
-1.724933e-06	-0.01918
-1.722933e-06	-0.01918
-1.720933e-06	-0.019364
-1.718933e-06	-0.018996
-1.716933e-06	-0.018536
-1.714933e-06	-0.01872
-1.712933e-06	-0.018904
-1.710933e-06	-0.01918
-1.708933e-06	-0.018076
-1.706933e-06	-0.01826
-1.704933e-06	-0.017616
-1.702933e-06	-0.018168
-1.700933e-06	-0.018352
-1.698933e-06	-0.018168
-1.696933e-06	-0.018168
-1.694933e-06	-0.018444
-1.692933e-06	-0.018352
-1.690933e-06	-0.01872
-1.688933e-06	-0.018996
-1.686933e-06	-0.018904
-1.684933e-06	-0.018076
-1.682933e-06	-0.018812
-1.680933e-06	-0.01872
-1.678933e-06	-0.01872
-1.676933e-06	-0.019088
-1.674933e-06	-0.018536
-1.672933e-06	-0.018444
-1.670933e-06	-0.018812
-1.668933e-06	-0.018168
-1.666933e-06	-0.018628
-1.664933e-06	-0.018352
-1.662933e-06	-0.018076
-1.660933e-06	-0.0178
-1.658933e-06	-0.01826
-1.656933e-06	-0.017708
-1.654933e-06	-0.018352
-1.652933e-06	-0.017892
-1.650933e-06	-0.01826
-1.648933e-06	-0.017984
-1.646933e-06	-0.018352
-1.644933e-06	-0.017984
-1.642933e-06	-0.018076
-1.640933e-06	-0.017892
-1.638933e-06	-0.018536
-1.636933e-06	-0.0178
-1.634933e-06	-0.018352
-1.632933e-06	-0.018168
-1.630933e-06	-0.018444
-1.628933e-06	-0.017984
-1.626933e-06	-0.017984
-1.624933e-06	-0.017984
-1.622933e-06	-0.018352
-1.620933e-06	-0.018444
-1.618933e-06	-0.01872
-1.616933e-06	-0.01872
-1.614933e-06	-0.018628
-1.612933e-06	-0.018444
-1.610933e-06	-0.018996
-1.608933e-06	-0.019088
-1.606933e-06	-0.01918
-1.604933e-06	-0.019272
-1.602933e-06	-0.01964
-1.600933e-06	-0.019456
-1.598933e-06	-0.019732
-1.596933e-06	-0.019088
-1.594933e-06	-0.0201
-1.592933e-06	-0.020284
-1.590933e-06	-0.0201
-1.588933e-06	-0.019916
-1.586933e-06	-0.020284
-1.584933e-06	-0.020008
-1.582933e-06	-0.020008
-1.580933e-06	-0.019824
-1.578933e-06	-0.020008
-1.576933e-06	-0.019548
-1.574933e-06	-0.019732
-1.572933e-06	-0.019824
-1.570933e-06	-0.019916
-1.568933e-06	-0.020008
-1.566933e-06	-0.019732
-1.564933e-06	-0.019456
-1.562933e-06	-0.019456
-1.560933e-06	-0.018904
-1.558933e-06	-0.019456
-1.556933e-06	-0.019364
-1.554933e-06	-0.019548
-1.552933e-06	-0.01964
-1.550933e-06	-0.019824
-1.548933e-06	-0.019916
-1.546933e-06	-0.019916
-1.544933e-06	-0.019548
-1.542933e-06	-0.019272
-1.540933e-06	-0.01918
-1.538933e-06	-0.019088
-1.536933e-06	-0.018996
-1.534933e-06	-0.01872
-1.532933e-06	-0.018444
-1.530933e-06	-0.019088
-1.528933e-06	-0.019088
-1.526933e-06	-0.019272
-1.524933e-06	-0.018536
-1.522933e-06	-0.019272
-1.520933e-06	-0.018996
-1.518933e-06	-0.01918
-1.516933e-06	-0.019364
-1.514933e-06	-0.018904
-1.512933e-06	-0.019088
-1.510933e-06	-0.019088
-1.508933e-06	-0.018812
-1.506933e-06	-0.019088
-1.504933e-06	-0.018996
-1.502933e-06	-0.018812
-1.500933e-06	-0.01872
-1.498933e-06	-0.018904
-1.496933e-06	-0.018996
-1.494933e-06	-0.01918
-1.492933e-06	-0.018628
-1.490933e-06	-0.018812
-1.488933e-06	-0.018536
-1.486933e-06	-0.018904
-1.484933e-06	-0.01826
-1.482933e-06	-0.018076
-1.480933e-06	-0.01826
-1.478933e-06	-0.018076
-1.476933e-06	-0.017708
-1.474933e-06	-0.018628
-1.472933e-06	-0.018444
-1.470933e-06	-0.01826
-1.468933e-06	-0.018076
-1.466933e-06	-0.018352
-1.464933e-06	-0.01872
-1.462933e-06	-0.018812
-1.460933e-06	-0.018444
-1.458933e-06	-0.018536
-1.456933e-06	-0.018168
-1.454933e-06	-0.018352
-1.452933e-06	-0.017892
-1.450933e-06	-0.018168
-1.448933e-06	-0.018168
-1.446933e-06	-0.018352
-1.444933e-06	-0.017984
-1.442933e-06	-0.018904
-1.440933e-06	-0.018628
-1.438933e-06	-0.018904
-1.436933e-06	-0.01872
-1.434933e-06	-0.018996
-1.432933e-06	-0.018996
-1.430933e-06	-0.01918
-1.428933e-06	-0.019732
-1.426933e-06	-0.019272
-1.424933e-06	-0.019456
-1.422933e-06	-0.020008
-1.420933e-06	-0.019916
-1.418933e-06	-0.020192
-1.416933e-06	-0.019916
-1.414933e-06	-0.019824
-1.412933e-06	-0.019824
-1.410933e-06	-0.020284
-1.408933e-06	-0.0201
-1.406933e-06	-0.020192
-1.404933e-06	-0.019456
-1.402933e-06	-0.019916
-1.400933e-06	-0.019824
-1.398933e-06	-0.019732
-1.396933e-06	-0.019916
-1.394933e-06	-0.020008
-1.392933e-06	-0.01964
-1.390933e-06	-0.019272
-1.388933e-06	-0.019732
-1.386933e-06	-0.019732
-1.384933e-06	-0.019088
-1.382933e-06	-0.01872
-1.380933e-06	-0.018904
-1.378933e-06	-0.018996
-1.376933e-06	-0.01918
-1.374933e-06	-0.018628
-1.372933e-06	-0.018352
-1.370933e-06	-0.018812
-1.368933e-06	-0.01918
-1.366933e-06	-0.01918
-1.364933e-06	-0.018812
-1.362933e-06	-0.01918
-1.360933e-06	-0.019916
-1.358933e-06	-0.020468
-1.356933e-06	-0.019824
-1.354933e-06	-0.020652
-1.352933e-06	-0.020744
-1.350933e-06	-0.020744
-1.348933e-06	-0.02056
-1.346933e-06	-0.020836
-1.344933e-06	-0.020744
-1.342933e-06	-0.020652
-1.340933e-06	-0.020652
-1.338933e-06	-0.020744
-1.336933e-06	-0.020468
-1.334933e-06	-0.020468
-1.332933e-06	-0.020468
-1.330933e-06	-0.020836
-1.328933e-06	-0.020836
-1.326933e-06	-0.020836
-1.324933e-06	-0.020468
-1.322933e-06	-0.02056
-1.320933e-06	-0.020928
-1.318933e-06	-0.020652
-1.316933e-06	-0.02056
-1.314933e-06	-0.020468
-1.312933e-06	-0.020192
-1.310933e-06	-0.019824
-1.308933e-06	-0.0201
-1.306933e-06	-0.020284
-1.304933e-06	-0.020192
-1.302933e-06	-0.020008
-1.300933e-06	-0.019732
-1.298933e-06	-0.01964
-1.296933e-06	-0.019548
-1.294933e-06	-0.019548
-1.292933e-06	-0.019548
-1.290933e-06	-0.019548
-1.288933e-06	-0.019548
-1.286933e-06	-0.019364
-1.284933e-06	-0.018996
-1.282933e-06	-0.019732
-1.280933e-06	-0.019272
-1.278933e-06	-0.018812
-1.276933e-06	-0.018812
-1.274933e-06	-0.019088
-1.272933e-06	-0.018904
-1.270933e-06	-0.01918
-1.268933e-06	-0.01872
-1.266933e-06	-0.018812
-1.264933e-06	-0.018812
-1.262933e-06	-0.018536
-1.260933e-06	-0.01872
-1.258933e-06	-0.019088
-1.256933e-06	-0.01826
-1.254933e-06	-0.018352
-1.252933e-06	-0.018444
-1.250933e-06	-0.018904
-1.248933e-06	-0.019272
-1.246933e-06	-0.01826
-1.244933e-06	-0.018904
-1.242933e-06	-0.019364
-1.240933e-06	-0.019364
-1.238933e-06	-0.018812
-1.236933e-06	-0.018444
-1.234933e-06	-0.019364
-1.232933e-06	-0.018536
-1.230933e-06	-0.018168
-1.228933e-06	-0.017524
-1.226933e-06	-0.018168
-1.224933e-06	-0.017892
-1.222933e-06	-0.018076
-1.220933e-06	-0.017248
-1.218933e-06	-0.017984
-1.216933e-06	-0.017984
-1.214933e-06	-0.017892
-1.212933e-06	-0.017708
-1.210933e-06	-0.018168
-1.208933e-06	-0.017984
-1.206933e-06	-0.018444
-1.204933e-06	-0.017708
-1.202933e-06	-0.018352
-1.200933e-06	-0.018444
-1.198933e-06	-0.01826
-1.196933e-06	-0.017984
-1.194933e-06	-0.018996
-1.192933e-06	-0.018812
-1.190933e-06	-0.018904
-1.188933e-06	-0.018352
-1.186933e-06	-0.018168
-1.184933e-06	-0.0178
-1.182933e-06	-0.017892
-1.180933e-06	-0.017432
-1.178933e-06	-0.017432
-1.176933e-06	-0.01734
-1.174933e-06	-0.017248
-1.172933e-06	-0.017708
-1.170933e-06	-0.018444
-1.168933e-06	-0.018076
-1.166933e-06	-0.017984
-1.164933e-06	-0.018076
-1.162933e-06	-0.01872
-1.160933e-06	-0.018444
-1.158933e-06	-0.018628
-1.156933e-06	-0.017616
-1.154933e-06	-0.018628
-1.152933e-06	-0.018812
-1.150933e-06	-0.018904
-1.148933e-06	-0.018628
-1.146933e-06	-0.018904
-1.144933e-06	-0.019364
-1.142933e-06	-0.01964
-1.140933e-06	-0.019732
-1.138933e-06	-0.01964
-1.136933e-06	-0.019456
-1.134933e-06	-0.01964
-1.132933e-06	-0.019456
-1.130933e-06	-0.019732
-1.128933e-06	-0.019548
-1.126933e-06	-0.019916
-1.124933e-06	-0.0201
-1.122933e-06	-0.020284
-1.120933e-06	-0.020468
-1.118933e-06	-0.02056
-1.116933e-06	-0.020744
-1.114933e-06	-0.020652
-1.112933e-06	-0.020652
-1.110933e-06	-0.02102
-1.108933e-06	-0.020836
-1.106933e-06	-0.020744
-1.104933e-06	-0.020376
-1.102933e-06	-0.020284
-1.100933e-06	-0.020192
-1.098933e-06	-0.020652
-1.096933e-06	-0.020284
-1.094933e-06	-0.02056
-1.092933e-06	-0.020376
-1.090933e-06	-0.02102
-1.088933e-06	-0.021112
-1.086933e-06	-0.021112
-1.084933e-06	-0.021388
-1.082933e-06	-0.020928
-1.080933e-06	-0.021112
-1.078933e-06	-0.021112
-1.076933e-06	-0.020652
-1.074933e-06	-0.0201
-1.072933e-06	-0.020744
-1.070933e-06	-0.020928
-1.068933e-06	-0.02102
-1.066933e-06	-0.020928
-1.064933e-06	-0.021296
-1.062933e-06	-0.021572
-1.060933e-06	-0.021296
-1.058933e-06	-0.021572
-1.056933e-06	-0.02102
-1.054933e-06	-0.021664
-1.052933e-06	-0.021572
-1.050933e-06	-0.021388
-1.048933e-06	-0.02194
-1.046933e-06	-0.0224
-1.044933e-06	-0.022308
-1.042933e-06	-0.022584
-1.040933e-06	-0.021848
-1.038933e-06	-0.02194
-1.036933e-06	-0.021296
-1.034933e-06	-0.02194
-1.032933e-06	-0.022216
-1.030933e-06	-0.022216
-1.028933e-06	-0.022216
-1.026933e-06	-0.0224
-1.024933e-06	-0.022768
-1.022933e-06	-0.022952
-1.020933e-06	-0.022584
-1.018933e-06	-0.022952
-1.016933e-06	-0.02286
-1.014933e-06	-0.022584
-1.012933e-06	-0.0224
-1.010933e-06	-0.0224
-1.008933e-06	-0.02194
-1.006933e-06	-0.02194
-1.004933e-06	-0.022308
-1.002933e-06	-0.022216
-1.000933e-06	-0.021848
-9.989328e-07	-0.021388
-9.969328e-07	-0.021388
-9.949328e-07	-0.021572
-9.929328e-07	-0.02148
-9.909328e-07	-0.02148
-9.889328e-07	-0.021112
-9.869328e-07	-0.02102
-9.849328e-07	-0.02056
-9.829328e-07	-0.02102
-9.809328e-07	-0.020192
-9.789328e-07	-0.020376
-9.769328e-07	-0.020468
-9.749328e-07	-0.020468
-9.729328e-07	-0.020192
-9.709328e-07	-0.020008
-9.689328e-07	-0.020468
-9.669328e-07	-0.020468
-9.649328e-07	-0.019548
-9.629328e-07	-0.020008
-9.609328e-07	-0.020284
-9.589328e-07	-0.020008
-9.569328e-07	-0.020192
-9.549328e-07	-0.020376
-9.529328e-07	-0.020468
-9.509328e-07	-0.02056
-9.489328e-07	-0.02102
-9.469328e-07	-0.02148
-9.449328e-07	-0.021388
-9.429328e-07	-0.021296
-9.409328e-07	-0.021112
-9.389328e-07	-0.021296
-9.369328e-07	-0.021296
-9.349328e-07	-0.021388
-9.329328e-07	-0.021204
-9.309328e-07	-0.021112
-9.289328e-07	-0.021756
-9.269328e-07	-0.021204
-9.249328e-07	-0.02194
-9.229328e-07	-0.022124
-9.209328e-07	-0.021756
-9.189328e-07	-0.022124
-9.169328e-07	-0.021664
-9.149328e-07	-0.022032
-9.129328e-07	-0.021296
-9.109328e-07	-0.021848
-9.089328e-07	-0.021664
-9.069328e-07	-0.021296
-9.049328e-07	-0.021756
-9.029328e-07	-0.021664
-9.009328e-07	-0.021756
-8.989328e-07	-0.02194
-8.969328e-07	-0.021572
-8.949328e-07	-0.022124
-8.929328e-07	-0.021388
-8.909328e-07	-0.021664
-8.889328e-07	-0.021296
-8.869328e-07	-0.021388
-8.849328e-07	-0.021388
-8.829328e-07	-0.02102
-8.809328e-07	-0.020836
-8.789328e-07	-0.021388
-8.769328e-07	-0.021204
-8.749328e-07	-0.021572
-8.729328e-07	-0.021848
-8.709328e-07	-0.021756
-8.689328e-07	-0.021388
-8.669328e-07	-0.021756
-8.649328e-07	-0.02148
-8.629328e-07	-0.022032
-8.609328e-07	-0.0224
-8.589328e-07	-0.021664
-8.569328e-07	-0.02194
-8.549328e-07	-0.0224
-8.529328e-07	-0.021756
-8.509328e-07	-0.022032
-8.489328e-07	-0.021756
-8.469328e-07	-0.021756
-8.449328e-07	-0.02148
-8.429328e-07	-0.021848
-8.409328e-07	-0.021664
-8.389328e-07	-0.021756
-8.369328e-07	-0.021572
-8.349328e-07	-0.022032
-8.329328e-07	-0.021756
-8.309328e-07	-0.021388
-8.289328e-07	-0.021572
-8.269328e-07	-0.021664
-8.249328e-07	-0.021848
-8.229328e-07	-0.021848
-8.209328e-07	-0.021664
-8.189328e-07	-0.022216
-8.169328e-07	-0.021572
-8.149328e-07	-0.021848
-8.129328e-07	-0.021848
-8.109328e-07	-0.02194
-8.089328e-07	-0.022308
-8.069328e-07	-0.022216
-8.049328e-07	-0.021756
-8.029328e-07	-0.0224
-8.009328e-07	-0.02194
-7.989328e-07	-0.022032
-7.969328e-07	-0.021664
-7.949328e-07	-0.021756
-7.929328e-07	-0.02102
-7.909328e-07	-0.021296
-7.889328e-07	-0.021388
-7.869328e-07	-0.021112
-7.849328e-07	-0.02148
-7.829328e-07	-0.02148
-7.809328e-07	-0.021296
-7.789328e-07	-0.021204
-7.769328e-07	-0.02148
-7.749328e-07	-0.021112
-7.729328e-07	-0.020836
-7.709328e-07	-0.02102
-7.689328e-07	-0.020928
-7.669328e-07	-0.020652
-7.649328e-07	-0.020744
-7.629328e-07	-0.020468
-7.609328e-07	-0.020652
-7.589328e-07	-0.020652
-7.569328e-07	-0.02056
-7.549328e-07	-0.020376
-7.529328e-07	-0.020468
-7.509328e-07	-0.0201
-7.489328e-07	-0.020192
-7.469328e-07	-0.0201
-7.449328e-07	-0.020376
-7.429328e-07	-0.019916
-7.409328e-07	-0.020284
-7.389328e-07	-0.019732
-7.369328e-07	-0.01964
-7.349328e-07	-0.019732
-7.329328e-07	-0.019456
-7.309328e-07	-0.019088
-7.289328e-07	-0.019272
-7.269328e-07	-0.018996
-7.249328e-07	-0.019272
-7.229328e-07	-0.019364
-7.209328e-07	-0.01918
-7.189328e-07	-0.01918
-7.169328e-07	-0.01826
-7.149328e-07	-0.018996
-7.129328e-07	-0.018812
-7.109328e-07	-0.018904
-7.089328e-07	-0.018352
-7.069328e-07	-0.01826
-7.049328e-07	-0.018536
-7.029328e-07	-0.018904
-7.009328e-07	-0.017984
-6.989328e-07	-0.018628
-6.969328e-07	-0.018444
-6.949328e-07	-0.018628
-6.929328e-07	-0.018536
-6.909328e-07	-0.018352
-6.889328e-07	-0.018812
-6.869328e-07	-0.018628
-6.849328e-07	-0.018812
-6.829328e-07	-0.018444
-6.809328e-07	-0.01872
-6.789328e-07	-0.019088
-6.769328e-07	-0.01872
-6.749328e-07	-0.019548
-6.729328e-07	-0.019272
-6.709328e-07	-0.019364
-6.689328e-07	-0.019456
-6.669328e-07	-0.019824
-6.649328e-07	-0.019916
-6.629328e-07	-0.019824
-6.609328e-07	-0.019824
-6.589328e-07	-0.019732
-6.569328e-07	-0.020468
-6.549328e-07	-0.020744
-6.529328e-07	-0.020468
-6.509328e-07	-0.020652
-6.489328e-07	-0.02056
-6.469328e-07	-0.02056
-6.449328e-07	-0.020284
-6.429328e-07	-0.020652
-6.409328e-07	-0.020744
-6.389328e-07	-0.020652
-6.369328e-07	-0.020284
-6.349328e-07	-0.020744
-6.329328e-07	-0.020836
-6.309328e-07	-0.020744
-6.289328e-07	-0.020376
-6.269328e-07	-0.02056
-6.249328e-07	-0.02056
-6.229328e-07	-0.0201
-6.209328e-07	-0.020284
-6.189328e-07	-0.019824
-6.169328e-07	-0.019824
-6.149328e-07	-0.019916
-6.129328e-07	-0.01964
-6.109328e-07	-0.019916
-6.089328e-07	-0.0201
-6.069328e-07	-0.019824
-6.049328e-07	-0.019916
-6.029328e-07	-0.019916
-6.009328e-07	-0.019456
-5.989328e-07	-0.019824
-5.969328e-07	-0.019272
-5.949328e-07	-0.019272
-5.929328e-07	-0.01964
-5.909328e-07	-0.01918
-5.889328e-07	-0.01918
-5.869328e-07	-0.01964
-5.849328e-07	-0.019364
-5.829328e-07	-0.019272
-5.809328e-07	-0.018628
-5.789328e-07	-0.018904
-5.769328e-07	-0.019548
-5.749328e-07	-0.01918
-5.729328e-07	-0.018352
-5.709328e-07	-0.018444
-5.689328e-07	-0.018628
-5.669328e-07	-0.01872
-5.649328e-07	-0.018352
-5.629328e-07	-0.018536
-5.609328e-07	-0.018536
-5.589328e-07	-0.018996
-5.569328e-07	-0.018076
-5.549328e-07	-0.018352
-5.529328e-07	-0.017892
-5.509328e-07	-0.017984
-5.489328e-07	-0.017708
-5.469328e-07	-0.018352
-5.449328e-07	-0.018076
-5.429328e-07	-0.018168
-5.409328e-07	-0.0178
-5.389328e-07	-0.01826
-5.369328e-07	-0.018076
-5.349328e-07	-0.018168
-5.329328e-07	-0.017984
-5.309328e-07	-0.018352
-5.289328e-07	-0.0178
-5.269328e-07	-0.018352
-5.249328e-07	-0.017892
-5.229328e-07	-0.018444
-5.209328e-07	-0.019272
-5.189328e-07	-0.018812
-5.169328e-07	-0.018536
-5.149328e-07	-0.019732
-5.129328e-07	-0.01918
-5.109328e-07	-0.019364
-5.089328e-07	-0.01872
-5.069328e-07	-0.018904
-5.049328e-07	-0.018628
-5.029328e-07	-0.018996
-5.009328e-07	-0.018812
-4.989328e-07	-0.019088
-4.969328e-07	-0.019272
-4.949328e-07	-0.018812
-4.929328e-07	-0.019088
-4.909328e-07	-0.019088
-4.889328e-07	-0.01872
-4.869328e-07	-0.018536
-4.849328e-07	-0.018076
-4.829328e-07	-0.018812
-4.809328e-07	-0.018996
-4.789328e-07	-0.019088
-4.769328e-07	-0.018628
-4.749328e-07	-0.019272
-4.729328e-07	-0.020008
-4.709328e-07	-0.0201
-4.689328e-07	-0.020008
-4.669328e-07	-0.020284
-4.649328e-07	-0.020284
-4.629328e-07	-0.020192
-4.609328e-07	-0.020192
-4.589328e-07	-0.020008
-4.569328e-07	-0.020468
-4.549328e-07	-0.020836
-4.529328e-07	-0.020284
-4.509328e-07	-0.020652
-4.489328e-07	-0.020744
-4.469328e-07	-0.020744
-4.449328e-07	-0.020376
-4.429328e-07	-0.02102
-4.409328e-07	-0.021296
-4.389328e-07	-0.021572
-4.369328e-07	-0.021112
-4.349328e-07	-0.02194
-4.329328e-07	-0.021664
-4.309328e-07	-0.021388
-4.289328e-07	-0.021112
-4.269328e-07	-0.021296
-4.249328e-07	-0.021388
-4.229328e-07	-0.021388
-4.209328e-07	-0.02102
-4.189328e-07	-0.020836
-4.169328e-07	-0.020284
-4.149328e-07	-0.020192
-4.129328e-07	-0.020284
-4.109328e-07	-0.020468
-4.089328e-07	-0.020376
-4.069328e-07	-0.020652
-4.049328e-07	-0.020468
-4.029328e-07	-0.020376
-4.009328e-07	-0.020928
-3.989328e-07	-0.020836
-3.969328e-07	-0.02102
-3.949328e-07	-0.021296
-3.929328e-07	-0.02102
-3.909328e-07	-0.021296
-3.889328e-07	-0.020928
-3.869328e-07	-0.021112
-3.849328e-07	-0.020928
-3.829328e-07	-0.02102
-3.809328e-07	-0.021296
-3.789328e-07	-0.021204
-3.769328e-07	-0.02148
-3.749328e-07	-0.021296
-3.729328e-07	-0.021112
-3.709328e-07	-0.021112
-3.689328e-07	-0.02148
-3.669328e-07	-0.021664
-3.649328e-07	-0.021112
-3.629328e-07	-0.021664
-3.609328e-07	-0.021848
-3.589328e-07	-0.021572
-3.569328e-07	-0.0224
-3.549328e-07	-0.022216
-3.529328e-07	-0.022216
-3.509328e-07	-0.022584
-3.489328e-07	-0.02286
-3.469328e-07	-0.022584
-3.449328e-07	-0.02194
-3.429328e-07	-0.021848
-3.409328e-07	-0.02194
-3.389328e-07	-0.021756
-3.369328e-07	-0.021572
-3.349328e-07	-0.02148
-3.329328e-07	-0.020652
-3.309328e-07	-0.020928
-3.289328e-07	-0.020652
-3.269328e-07	-0.02056
-3.249328e-07	-0.020928
-3.229328e-07	-0.020284
-3.209328e-07	-0.020284
-3.189328e-07	-0.0201
-3.169328e-07	-0.020376
-3.149328e-07	-0.020284
-3.129328e-07	-0.020192
-3.109328e-07	-0.0201
-3.089328e-07	-0.019916
-3.069328e-07	-0.020192
-3.049328e-07	-0.01964
-3.029328e-07	-0.019824
-3.009328e-07	-0.01964
-2.989328e-07	-0.0201
-2.969328e-07	-0.020008
-2.949328e-07	-0.020192
-2.929328e-07	-0.020192
-2.909328e-07	-0.020376
-2.889328e-07	-0.020376
-2.869328e-07	-0.020468
-2.849328e-07	-0.02056
-2.829328e-07	-0.020836
-2.809328e-07	-0.021112
-2.789328e-07	-0.021664
-2.769328e-07	-0.02102
-2.749328e-07	-0.020652
-2.729328e-07	-0.020836
-2.709328e-07	-0.021112
-2.689328e-07	-0.021112
-2.669328e-07	-0.021296
-2.649328e-07	-0.02148
-2.629328e-07	-0.02148
-2.609328e-07	-0.021112
-2.589328e-07	-0.021296
-2.569328e-07	-0.020744
-2.549328e-07	-0.021112
-2.529328e-07	-0.020376
-2.509328e-07	-0.020928
-2.489328e-07	-0.021112
-2.469328e-07	-0.021204
-2.449328e-07	-0.021388
-2.429328e-07	-0.020928
-2.409328e-07	-0.020652
-2.389328e-07	-0.020468
-2.369328e-07	-0.02102
-2.349328e-07	-0.021388
-2.329328e-07	-0.020744
-2.309328e-07	-0.020744
-2.289328e-07	-0.020192
-2.269328e-07	-0.020284
-2.249328e-07	-0.020468
-2.229328e-07	-0.0201
-2.209328e-07	-0.020836
-2.189328e-07	-0.020836
-2.169328e-07	-0.021204
-2.149328e-07	-0.02148
-2.129328e-07	-0.020652
-2.109328e-07	-0.020744
-2.089328e-07	-0.020928
-2.069328e-07	-0.02102
-2.049328e-07	-0.020928
-2.029328e-07	-0.021112
-2.009328e-07	-0.020836
-1.989328e-07	-0.020744
-1.969328e-07	-0.020652
-1.949328e-07	-0.020744
-1.929328e-07	-0.020928
-1.909328e-07	-0.020652
-1.889328e-07	-0.020468
-1.869328e-07	-0.020744
-1.849328e-07	-0.020744
-1.829328e-07	-0.020836
-1.809328e-07	-0.02148
-1.789328e-07	-0.021204
-1.769328e-07	-0.021296
-1.749328e-07	-0.02194
-1.729328e-07	-0.021296
-1.709328e-07	-0.021204
-1.689328e-07	-0.021204
-1.669328e-07	-0.021664
-1.649328e-07	-0.021388
-1.629328e-07	-0.02148
-1.609328e-07	-0.021388
-1.589328e-07	-0.020744
-1.569328e-07	-0.021296
-1.549328e-07	-0.021296
-1.529328e-07	-0.021388
-1.509328e-07	-0.021664
-1.489328e-07	-0.02102
-1.469328e-07	-0.02148
-1.449328e-07	-0.021112
-1.429328e-07	-0.020836
-1.409328e-07	-0.02056
-1.389328e-07	-0.020284
-1.369328e-07	-0.020284
-1.349328e-07	-0.020836
-1.329328e-07	-0.02056
-1.309328e-07	-0.020836
-1.289328e-07	-0.020192
-1.269328e-07	-0.020652
-1.249328e-07	-0.019916
-1.229328e-07	-0.020008
-1.209328e-07	-0.020008
-1.189328e-07	-0.019732
-1.169328e-07	-0.019456
-1.149328e-07	-0.019364
-1.129328e-07	-0.018904
-1.109328e-07	-0.018904
-1.089328e-07	-0.018536
-1.069328e-07	-0.018628
-1.049328e-07	-0.018076
-1.029328e-07	-0.0178
-1.009328e-07	-0.017708
-9.893277e-08	-0.018352
-9.693277e-08	-0.018076
-9.493277e-08	-0.01826
-9.293277e-08	-0.017984
-9.093277e-08	-0.01872
-8.893277e-08	-0.017984
-8.693277e-08	-0.018444
-8.493277e-08	-0.017248
-8.293277e-08	-0.017892
-8.093277e-08	-0.0178
-7.893277e-08	-0.017708
-7.693277e-08	-0.017524
-7.493277e-08	-0.018352
-7.293277e-08	-0.01826
-7.093277e-08	-0.018628
-6.893277e-08	-0.017984
-6.693277e-08	-0.017984
-6.493277e-08	-0.018352
-6.293277e-08	-0.018536
-6.093277e-08	-0.018076
-5.893277e-08	-0.018536
-5.693277e-08	-0.018168
-5.493277e-08	-0.01826
-5.293277e-08	-0.018076
-5.093277e-08	-0.018444
-4.893277e-08	-0.018444
-4.693277e-08	-0.018904
-4.493277e-08	-0.018628
-4.293277e-08	-0.018536
-4.093277e-08	-0.018352
-3.893277e-08	-0.018812
-3.693277e-08	-0.018628
-3.493277e-08	-0.018996
-3.293277e-08	-0.01918
-3.093277e-08	-0.019088
-2.893277e-08	-0.018996
-2.693277e-08	-0.019088
-2.493277e-08	-0.018444
-2.293277e-08	-0.018812
-2.093277e-08	-0.018536
-1.893277e-08	-0.018996
-1.693277e-08	-0.018536
-1.493277e-08	-0.018812
-1.293277e-08	-0.018628
-1.093277e-08	-0.019088
-8.932772e-09	-0.019088
-6.932772e-09	-0.019088
-4.932772e-09	-0.01918
-2.932772e-09	-0.018904
-9.327721e-10	-0.019088
1.067228e-09	-0.01872
3.067228e-09	-0.01872
5.067228e-09	-0.01872
7.067228e-09	-0.019088
9.067228e-09	-0.019272
1.106723e-08	-0.019548
1.306723e-08	-0.019824
1.506723e-08	-0.01964
1.706723e-08	-0.019824
1.906723e-08	-0.020192
2.106723e-08	-0.019456
2.306723e-08	-0.019916
2.506723e-08	-0.020192
2.706723e-08	-0.020284
2.906723e-08	-0.020468
3.106723e-08	-0.020652
3.306723e-08	-0.0201
3.506723e-08	-0.019916
3.706723e-08	-0.019824
3.906723e-08	-0.0201
4.106723e-08	-0.020192
4.306723e-08	-0.020468
4.506723e-08	-0.020376
4.706723e-08	-0.02056
4.906723e-08	-0.020468
5.106723e-08	-0.020468
5.306723e-08	-0.020008
5.506723e-08	-0.020652
5.706723e-08	-0.020468
5.906723e-08	-0.020284
6.106723e-08	-0.020008
6.306723e-08	-0.020376
6.506723e-08	-0.0201
6.706723e-08	-0.019272
6.906723e-08	-0.01872
7.106723e-08	-0.018904
7.306723e-08	-0.019272
7.506723e-08	-0.018996
7.706723e-08	-0.018536
7.906723e-08	-0.018352
8.106723e-08	-0.018444
8.306723e-08	-0.017708
8.506723e-08	-0.017708
8.706723e-08	-0.0178
8.906723e-08	-0.017616
9.106723e-08	-0.017708
9.306723e-08	-0.018444
9.506723e-08	-0.018444
9.706723e-08	-0.018628
9.906723e-08	-0.017984
1.010672e-07	-0.018168
1.030672e-07	-0.018168
1.050672e-07	-0.018444
1.070672e-07	-0.018076
1.090672e-07	-0.018812
1.110672e-07	-0.01826
1.130672e-07	-0.018812
1.150672e-07	-0.018352
1.170672e-07	-0.01872
1.190672e-07	-0.018628
1.210672e-07	-0.01826
1.230672e-07	-0.017708
1.250672e-07	-0.018168
1.270672e-07	-0.017984
1.290672e-07	-0.01826
1.310672e-07	-0.017708
1.330672e-07	-0.016236
1.350672e-07	-0.012924
1.370672e-07	-0.007312
1.390672e-07	0.002072
1.410672e-07	0.013112
1.430672e-07	0.026544
1.450672e-07	0.040528
1.470672e-07	0.055156
1.490672e-07	0.068588
1.510672e-07	0.081928
1.530672e-07	0.094072
1.550672e-07	0.105664
1.570672e-07	0.116336
1.590672e-07	0.125904
1.610672e-07	0.13492
1.630672e-07	0.14228
1.650672e-07	0.148444
1.670672e-07	0.155436
1.690672e-07	0.159944
1.710672e-07	0.164544
1.730672e-07	0.167764
1.750672e-07	0.170708
1.770672e-07	0.171812
1.790672e-07	0.174204
1.810672e-07	0.174664
1.830672e-07	0.177056
1.850672e-07	0.17632
1.870672e-07	0.177056
1.890672e-07	0.175768
1.910672e-07	0.175492
1.930672e-07	0.174388
1.950672e-07	0.173468
1.970672e-07	0.171076
1.990672e-07	0.169236
2.010672e-07	0.16666
2.030672e-07	0.164728
2.050672e-07	0.162428
2.070672e-07	0.160956
2.090672e-07	0.158104
2.110672e-07	0.155528
2.130672e-07	0.152584
2.150672e-07	0.150192
2.170672e-07	0.147156
2.190672e-07	0.143936
2.210672e-07	0.140624
2.230672e-07	0.138416
2.250672e-07	0.135748
2.270672e-07	0.13354
2.290672e-07	0.130596
2.310672e-07	0.127468
2.330672e-07	0.124156
2.350672e-07	0.121764
2.370672e-07	0.119004
2.390672e-07	0.115784
2.410672e-07	0.1133
2.430672e-07	0.110632
2.450672e-07	0.10778
2.470672e-07	0.10502
2.490672e-07	0.10226
2.510672e-07	0.099408
2.530672e-07	0.0972
2.550672e-07	0.095268
2.570672e-07	0.092416
2.590672e-07	0.090208
2.610672e-07	0.087816
2.630672e-07	0.085056
2.650672e-07	0.082572
2.670672e-07	0.080548
2.690672e-07	0.078248
2.710672e-07	0.076132
2.730672e-07	0.073924
2.750672e-07	0.072452
2.770672e-07	0.0696
2.790672e-07	0.06776
2.810672e-07	0.065828
2.830672e-07	0.063896
2.850672e-07	0.061964
2.870672e-07	0.059848
2.890672e-07	0.057732
2.910672e-07	0.056168
2.930672e-07	0.053776
2.950672e-07	0.052212
2.970672e-07	0.050556
2.990672e-07	0.049452
3.010672e-07	0.047336
3.030672e-07	0.045864
3.050672e-07	0.044668
3.070672e-07	0.043012
3.090672e-07	0.041816
3.110672e-07	0.040988
3.130672e-07	0.039056
3.150672e-07	0.038136
3.170672e-07	0.036388
3.190672e-07	0.035192
3.210672e-07	0.03372
3.230672e-07	0.032432
3.250672e-07	0.031328
3.270672e-07	0.030132
3.290672e-07	0.028844
3.310672e-07	0.028384
3.330672e-07	0.027096
3.350672e-07	0.025992
3.370672e-07	0.025164
3.390672e-07	0.02406
3.410672e-07	0.022588
3.430672e-07	0.021668
3.450672e-07	0.020932
3.470672e-07	0.01992
3.490672e-07	0.018448
3.510672e-07	0.017804
3.530672e-07	0.016516
3.550672e-07	0.016424
3.570672e-07	0.015136
3.590672e-07	0.014308
3.610672e-07	0.01348
3.630672e-07	0.01302
3.650672e-07	0.011824
3.670672e-07	0.011732
3.690672e-07	0.010444
3.710672e-07	0.009432
3.730672e-07	0.008512
3.750672e-07	0.00842
3.770672e-07	0.007408
3.790672e-07	0.006948
3.810672e-07	0.00612
3.830672e-07	0.005936
3.850672e-07	0.005016
3.870672e-07	0.004372
3.890672e-07	0.003728
3.910672e-07	0.003452
3.930672e-07	0.002532
3.950672e-07	0.002716
3.970672e-07	0.001704
3.990672e-07	0.001428
4.010672e-07	0.000692
4.030672e-07	0.000416
4.050672e-07	-0.000412
4.070672e-07	-0.000872
4.090672e-07	-0.001516
4.110672e-07	-0.00216
4.130672e-07	-0.002988
4.150672e-07	-0.002712
4.170672e-07	-0.002988
4.190672e-07	-0.002804
4.210672e-07	-0.003816
4.230672e-07	-0.004276
4.250672e-07	-0.004552
4.270672e-07	-0.003816
4.290672e-07	-0.00446
4.310672e-07	-0.004736
4.330672e-07	-0.005564
4.350672e-07	-0.005472
4.370672e-07	-0.005748
4.390672e-07	-0.006208
4.410672e-07	-0.00676
4.430672e-07	-0.006944
4.450672e-07	-0.00722
4.470672e-07	-0.00768
4.490672e-07	-0.007772
4.510672e-07	-0.007404
4.530672e-07	-0.007772
4.550672e-07	-0.007956
4.570672e-07	-0.0086
4.590672e-07	-0.008508
4.610672e-07	-0.008692
4.630672e-07	-0.008692
4.650672e-07	-0.009244
4.670672e-07	-0.008876
4.690672e-07	-0.008876
4.710672e-07	-0.008692
4.730672e-07	-0.00906
4.750672e-07	-0.008876
4.770672e-07	-0.008968
4.790672e-07	-0.00952
4.810672e-07	-0.009612
4.830672e-07	-0.009796
4.850672e-07	-0.010164
4.870672e-07	-0.010808
4.890672e-07	-0.011084
4.910672e-07	-0.010992
4.930672e-07	-0.01136
4.950672e-07	-0.010808
4.970672e-07	-0.011084
4.990672e-07	-0.011268
5.010672e-07	-0.011728
5.030672e-07	-0.012004
5.050672e-07	-0.012464
5.070672e-07	-0.012004
5.090672e-07	-0.012188
5.110672e-07	-0.012648
5.130672e-07	-0.01274
5.150672e-07	-0.012556
5.170672e-07	-0.013384
5.190672e-07	-0.013476
5.210672e-07	-0.013936
5.230672e-07	-0.01412
5.250672e-07	-0.014304
5.270672e-07	-0.014212
5.290672e-07	-0.01458
5.310672e-07	-0.013752
5.330672e-07	-0.01458
5.350672e-07	-0.014212
5.370672e-07	-0.01458
5.390672e-07	-0.014948
5.410672e-07	-0.015132
5.430672e-07	-0.01458
5.450672e-07	-0.015316
5.470672e-07	-0.015224
5.490672e-07	-0.0155
5.510672e-07	-0.015684
5.530672e-07	-0.01596
5.550672e-07	-0.0155
5.570672e-07	-0.016144
5.590672e-07	-0.01596
5.610672e-07	-0.016328
5.630672e-07	-0.016328
5.650672e-07	-0.016604
5.670672e-07	-0.016972
5.690672e-07	-0.017432
5.710672e-07	-0.017156
5.730672e-07	-0.017892
5.750672e-07	-0.017248
5.770672e-07	-0.01734
5.790672e-07	-0.017524
5.810672e-07	-0.017708
5.830672e-07	-0.0178
5.850672e-07	-0.0178
5.870672e-07	-0.017248
5.890672e-07	-0.017892
5.910672e-07	-0.017708
5.930672e-07	-0.017524
5.950672e-07	-0.017524
5.970672e-07	-0.017892
5.990672e-07	-0.017892
6.010672e-07	-0.018168
6.030672e-07	-0.017892
6.050672e-07	-0.01826
6.070672e-07	-0.018352
6.090672e-07	-0.018996
6.110672e-07	-0.018812
6.130672e-07	-0.01918
6.150672e-07	-0.019088
6.170672e-07	-0.018812
6.190672e-07	-0.018996
6.210672e-07	-0.018904
6.230672e-07	-0.018628
6.250672e-07	-0.019364
6.270672e-07	-0.018996
6.290672e-07	-0.018812
6.310672e-07	-0.018904
6.330672e-07	-0.019456
6.350672e-07	-0.01918
6.370672e-07	-0.01918
6.390672e-07	-0.01918
6.410672e-07	-0.01964
6.430672e-07	-0.020008
6.450672e-07	-0.020192
6.470672e-07	-0.019916
6.490672e-07	-0.0201
6.510672e-07	-0.0201
6.530672e-07	-0.019916
6.550672e-07	-0.019916
6.570672e-07	-0.0201
6.590672e-07	-0.020192
6.610672e-07	-0.019732
6.630672e-07	-0.020192
6.650672e-07	-0.020376
6.670672e-07	-0.0201
6.690672e-07	-0.0201
6.710672e-07	-0.01964
6.730672e-07	-0.01964
6.750672e-07	-0.018996
6.770672e-07	-0.019456
6.790672e-07	-0.01872
6.810672e-07	-0.018904
6.830672e-07	-0.018812
6.850672e-07	-0.019364
6.870672e-07	-0.018812
6.890672e-07	-0.019272
6.910672e-07	-0.01918
6.930672e-07	-0.019824
6.950672e-07	-0.0201
6.970672e-07	-0.020192
6.990672e-07	-0.020284
7.010672e-07	-0.02056
7.030672e-07	-0.02056
7.050672e-07	-0.0201
7.070672e-07	-0.020192
7.090672e-07	-0.020192
7.110672e-07	-0.020008
7.130672e-07	-0.019272
7.150672e-07	-0.019272
7.170672e-07	-0.019548
7.190672e-07	-0.019088
7.210672e-07	-0.019364
7.230672e-07	-0.019364
7.250672e-07	-0.018904
7.270672e-07	-0.018168
7.290672e-07	-0.018076
7.310672e-07	-0.01826
7.330672e-07	-0.018904
7.350672e-07	-0.018904
7.370672e-07	-0.018628
7.390672e-07	-0.017984
7.410672e-07	-0.018812
7.430672e-07	-0.019364
7.450672e-07	-0.01964
7.470672e-07	-0.018996
7.490672e-07	-0.019364
7.510672e-07	-0.01964
7.530672e-07	-0.019548
7.550672e-07	-0.019088
7.570672e-07	-0.018904
7.590672e-07	-0.018536
7.610672e-07	-0.01918
7.630672e-07	-0.01872
7.650672e-07	-0.018812
7.670672e-07	-0.018628
7.690672e-07	-0.018996
7.710672e-07	-0.01872
7.730672e-07	-0.018812
7.750672e-07	-0.018996
7.770672e-07	-0.018904
7.790672e-07	-0.018444
7.810672e-07	-0.018812
7.830672e-07	-0.019364
7.850672e-07	-0.018904
7.870672e-07	-0.018168
7.890672e-07	-0.018628
7.910672e-07	-0.017984
7.930672e-07	-0.018168
7.950672e-07	-0.0178
7.970672e-07	-0.017892
7.990672e-07	-0.01826
8.010672e-07	-0.018628
8.030672e-07	-0.018352
8.050672e-07	-0.018628
8.070672e-07	-0.018628
8.090672e-07	-0.019272
8.110672e-07	-0.019088
8.130672e-07	-0.019272
8.150672e-07	-0.01826
8.170672e-07	-0.018536
8.190672e-07	-0.018536
8.210672e-07	-0.018996
8.230672e-07	-0.018996
8.250672e-07	-0.01918
8.270672e-07	-0.018904
8.290672e-07	-0.018536
8.310672e-07	-0.018168
8.330672e-07	-0.018352
8.350672e-07	-0.017708
8.370672e-07	-0.018352
8.390672e-07	-0.017984
8.410672e-07	-0.01826
8.430672e-07	-0.018076
8.450672e-07	-0.018444
8.470672e-07	-0.018168
8.490672e-07	-0.01826
8.510672e-07	-0.017708
8.530672e-07	-0.018168
8.550672e-07	-0.017892
8.570672e-07	-0.018352
8.590672e-07	-0.017892
8.610672e-07	-0.018536
8.630672e-07	-0.018536
8.650672e-07	-0.018536
8.670672e-07	-0.017984
8.690672e-07	-0.01826
8.710672e-07	-0.017892
8.730672e-07	-0.018628
8.750672e-07	-0.018444
8.770672e-07	-0.019088
8.790672e-07	-0.019088
8.810672e-07	-0.019272
8.830672e-07	-0.019272
8.850672e-07	-0.019456
8.870672e-07	-0.01964
8.890672e-07	-0.01964
8.910672e-07	-0.019088
8.930672e-07	-0.019456
8.950672e-07	-0.019824
8.970672e-07	-0.019824
8.990672e-07	-0.020008
9.010672e-07	-0.020284
9.030672e-07	-0.019548
9.050672e-07	-0.019548
9.070672e-07	-0.019272
9.090672e-07	-0.019824
9.110672e-07	-0.019916
9.130672e-07	-0.020192
9.150672e-07	-0.020284
9.170672e-07	-0.020376
9.190672e-07	-0.020744
9.210672e-07	-0.02102
9.230672e-07	-0.020468
9.250672e-07	-0.020468
9.270672e-07	-0.02056
9.290672e-07	-0.02056
9.310672e-07	-0.021112
9.330672e-07	-0.021572
9.350672e-07	-0.021756
9.370672e-07	-0.021664
9.390672e-07	-0.02194
9.410672e-07	-0.022216
9.430672e-07	-0.022032
9.450672e-07	-0.022676
9.470672e-07	-0.022492
9.490672e-07	-0.022308
9.510672e-07	-0.02194
9.530672e-07	-0.0224
9.550672e-07	-0.021756
9.570672e-07	-0.022216
9.590672e-07	-0.022032
9.610672e-07	-0.022584
9.630672e-07	-0.022584
9.650672e-07	-0.0224
9.670672e-07	-0.021756
9.690672e-07	-0.022584
9.710672e-07	-0.0224
9.730672e-07	-0.022308
9.750672e-07	-0.022676
9.770672e-07	-0.022768
9.790672e-07	-0.022492
9.810672e-07	-0.02286
9.830672e-07	-0.022584
9.850672e-07	-0.022492
9.870672e-07	-0.022492
9.890672e-07	-0.0224
9.910672e-07	-0.021848
9.930672e-07	-0.022492
9.950672e-07	-0.021848
9.970672e-07	-0.02194
9.990672e-07	-0.021756
1.001067e-06	-0.021848
1.003067e-06	-0.02194
1.005067e-06	-0.022308
1.007067e-06	-0.021848
1.009067e-06	-0.022032
1.011067e-06	-0.022124
1.013067e-06	-0.022308
1.015067e-06	-0.022308
1.017067e-06	-0.022492
1.019067e-06	-0.022124
1.021067e-06	-0.022032
1.023067e-06	-0.021572
1.025067e-06	-0.02194
1.027067e-06	-0.021296
1.029067e-06	-0.021204
1.031067e-06	-0.021112
1.033067e-06	-0.020836
1.035067e-06	-0.020928
1.037067e-06	-0.020744
1.039067e-06	-0.020468
1.041067e-06	-0.020376
1.043067e-06	-0.020376
1.045067e-06	-0.019548
1.047067e-06	-0.019916
1.049067e-06	-0.019456
1.051067e-06	-0.019272
1.053067e-06	-0.019548
1.055067e-06	-0.019088
1.057067e-06	-0.018904
1.059067e-06	-0.018812
1.061067e-06	-0.018812
1.063067e-06	-0.018996
1.065067e-06	-0.018812
1.067067e-06	-0.018628
1.069067e-06	-0.01872
1.071067e-06	-0.018904
1.073067e-06	-0.018996
1.075067e-06	-0.01826
1.077067e-06	-0.018628
1.079067e-06	-0.01918
1.081067e-06	-0.01918
1.083067e-06	-0.018812
1.085067e-06	-0.018444
1.087067e-06	-0.018904
1.089067e-06	-0.019456
1.091067e-06	-0.019364
1.093067e-06	-0.019364
1.095067e-06	-0.018996
1.097067e-06	-0.019364
1.099067e-06	-0.018628
1.101067e-06	-0.019088
1.103067e-06	-0.018628
1.105067e-06	-0.018628
1.107067e-06	-0.018536
1.109067e-06	-0.019088
1.111067e-06	-0.018812
1.113067e-06	-0.018996
1.115067e-06	-0.01872
1.117067e-06	-0.018996
1.119067e-06	-0.019548
1.121067e-06	-0.019824
1.123067e-06	-0.019824
1.125067e-06	-0.019364
1.127067e-06	-0.019456
1.129067e-06	-0.019272
1.131067e-06	-0.019364
1.133067e-06	-0.019088
1.135067e-06	-0.018996
1.137067e-06	-0.01918
1.139067e-06	-0.01918
1.141067e-06	-0.019364
1.143067e-06	-0.018996
1.145067e-06	-0.019824
1.147067e-06	-0.01918
1.149067e-06	-0.019548
1.151067e-06	-0.019548
1.153067e-06	-0.019916
1.155067e-06	-0.020192
1.157067e-06	-0.0201
1.159067e-06	-0.01964
1.161067e-06	-0.019456
1.163067e-06	-0.01918
1.165067e-06	-0.019088
1.167067e-06	-0.018444
1.169067e-06	-0.01872
1.171067e-06	-0.017892
1.173067e-06	-0.017984
1.175067e-06	-0.017524
1.177067e-06	-0.017524
1.179067e-06	-0.017432
1.181067e-06	-0.017892
1.183067e-06	-0.017156
1.185067e-06	-0.017432
1.187067e-06	-0.017708
1.189067e-06	-0.018076
1.191067e-06	-0.017524
1.193067e-06	-0.017616
1.195067e-06	-0.017248
1.197067e-06	-0.017616
1.199067e-06	-0.017708
1.201067e-06	-0.017892
1.203067e-06	-0.017708
1.205067e-06	-0.017892
1.207067e-06	-0.017892
1.209067e-06	-0.018352
1.211067e-06	-0.018076
1.213067e-06	-0.017984
1.215067e-06	-0.018168
1.217067e-06	-0.01872
1.219067e-06	-0.018996
1.221067e-06	-0.018904
1.223067e-06	-0.018536
1.225067e-06	-0.019088
1.227067e-06	-0.01918
1.229067e-06	-0.019456
1.231067e-06	-0.019548
1.233067e-06	-0.019456
1.235067e-06	-0.019456
1.237067e-06	-0.019732
1.239067e-06	-0.019916
1.241067e-06	-0.019916
1.243067e-06	-0.020008
1.245067e-06	-0.0201
1.247067e-06	-0.020192
1.249067e-06	-0.020008
1.251067e-06	-0.019732
1.253067e-06	-0.020008
1.255067e-06	-0.020284
1.257067e-06	-0.020008
1.259067e-06	-0.020192
1.261067e-06	-0.0201
1.263067e-06	-0.020468
1.265067e-06	-0.021204
1.267067e-06	-0.020836
1.269067e-06	-0.02102
1.271067e-06	-0.02194
1.273067e-06	-0.021296
1.275067e-06	-0.02102
1.277067e-06	-0.021296
1.279067e-06	-0.02102
1.281067e-06	-0.021756
1.283067e-06	-0.021572
1.285067e-06	-0.021572
1.287067e-06	-0.021572
1.289067e-06	-0.02194
1.291067e-06	-0.021756
1.293067e-06	-0.022216
1.295067e-06	-0.021388
1.297067e-06	-0.021664
1.299067e-06	-0.021756
1.301067e-06	-0.021848
1.303067e-06	-0.022032
1.305067e-06	-0.021756
1.307067e-06	-0.021756
1.309067e-06	-0.021756
1.311067e-06	-0.020836
1.313067e-06	-0.021112
1.315067e-06	-0.020744
1.317067e-06	-0.02056
1.319067e-06	-0.020836
1.321067e-06	-0.020744
1.323067e-06	-0.020928
1.325067e-06	-0.02102
1.327067e-06	-0.020744
1.329067e-06	-0.020928
1.331067e-06	-0.021112
1.333067e-06	-0.020744
1.335067e-06	-0.020928
1.337067e-06	-0.021112
1.339067e-06	-0.021388
1.341067e-06	-0.020836
1.343067e-06	-0.021296
1.345067e-06	-0.021204
1.347067e-06	-0.02102
1.349067e-06	-0.020928
1.351067e-06	-0.021204
1.353067e-06	-0.020836
1.355067e-06	-0.020376
1.357067e-06	-0.02056
1.359067e-06	-0.020376
1.361067e-06	-0.0201
1.363067e-06	-0.020008
1.365067e-06	-0.019824
1.367067e-06	-0.019916
1.369067e-06	-0.019732
1.371067e-06	-0.019732
1.373067e-06	-0.019364
1.375067e-06	-0.019364
1.377067e-06	-0.018628
1.379067e-06	-0.019088
1.381067e-06	-0.01918
1.383067e-06	-0.01872
1.385067e-06	-0.018812
1.387067e-06	-0.018904
1.389067e-06	-0.019088
1.391067e-06	-0.019364
1.393067e-06	-0.01918
1.395067e-06	-0.019088
1.397067e-06	-0.019272
1.399067e-06	-0.018996
1.401067e-06	-0.01872
1.403067e-06	-0.01826
1.405067e-06	-0.018536
1.407067e-06	-0.018628
1.409067e-06	-0.018628
1.411067e-06	-0.01872
1.413067e-06	-0.018996
1.415067e-06	-0.018536
1.417067e-06	-0.018628
1.419067e-06	-0.018444
1.421067e-06	-0.018904
1.423067e-06	-0.01872
1.425067e-06	-0.018812
1.427067e-06	-0.018628
1.429067e-06	-0.019088
1.431067e-06	-0.018628
1.433067e-06	-0.01872
1.435067e-06	-0.018444
1.437067e-06	-0.019088
1.439067e-06	-0.019364
1.441067e-06	-0.019548
1.443067e-06	-0.01872
1.445067e-06	-0.019456
1.447067e-06	-0.01918
1.449067e-06	-0.018996
1.451067e-06	-0.018996
1.453067e-06	-0.019088
1.455067e-06	-0.019088
1.457067e-06	-0.019732
1.459067e-06	-0.019088
1.461067e-06	-0.019088
1.463067e-06	-0.019548
1.465067e-06	-0.019364
1.467067e-06	-0.01918
1.469067e-06	-0.01918
1.471067e-06	-0.018996
1.473067e-06	-0.019364
1.475067e-06	-0.019456
1.477067e-06	-0.018904
1.479067e-06	-0.018996
1.481067e-06	-0.018444
1.483067e-06	-0.018168
1.485067e-06	-0.018812
1.487067e-06	-0.01872
1.489067e-06	-0.01918
1.491067e-06	-0.018904
1.493067e-06	-0.018904
1.495067e-06	-0.018996
1.497067e-06	-0.019272
1.499067e-06	-0.01872
1.501067e-06	-0.019364
1.503067e-06	-0.019272
1.505067e-06	-0.019364
1.507067e-06	-0.01918
1.509067e-06	-0.019088
1.511067e-06	-0.018536
1.513067e-06	-0.018076
1.515067e-06	-0.0178
1.517067e-06	-0.018444
1.519067e-06	-0.018076
1.521067e-06	-0.018444
1.523067e-06	-0.018076
1.525067e-06	-0.018076
1.527067e-06	-0.017892
1.529067e-06	-0.018168
1.531067e-06	-0.018076
1.533067e-06	-0.01826
1.535067e-06	-0.018352
1.537067e-06	-0.018352
1.539067e-06	-0.01826
1.541067e-06	-0.018904
1.543067e-06	-0.018628
1.545067e-06	-0.018996
1.547067e-06	-0.018996
1.549067e-06	-0.019272
1.551067e-06	-0.019272
1.553067e-06	-0.019732
1.555067e-06	-0.019732
1.557067e-06	-0.019732
1.559067e-06	-0.020008
1.561067e-06	-0.020284
1.563067e-06	-0.019916
1.565067e-06	-0.020192
1.567067e-06	-0.02056
1.569067e-06	-0.02056
1.571067e-06	-0.0201
1.573067e-06	-0.019824
1.575067e-06	-0.020376
1.577067e-06	-0.020376
1.579067e-06	-0.020284
1.581067e-06	-0.020284
1.583067e-06	-0.020376
1.585067e-06	-0.01964
1.587067e-06	-0.019548
1.589067e-06	-0.019732
1.591067e-06	-0.019088
1.593067e-06	-0.019732
1.595067e-06	-0.018996
1.597067e-06	-0.019916
1.599067e-06	-0.019732
1.601067e-06	-0.020008
1.603067e-06	-0.0201
1.605067e-06	-0.02056
1.607067e-06	-0.020376
1.609067e-06	-0.020376
1.611067e-06	-0.020192
1.613067e-06	-0.0201
1.615067e-06	-0.020376
1.617067e-06	-0.020652
1.619067e-06	-0.0201
1.621067e-06	-0.02102
1.623067e-06	-0.020836
1.625067e-06	-0.020652
1.627067e-06	-0.020192
1.629067e-06	-0.020376
1.631067e-06	-0.020652
1.633067e-06	-0.020468
1.635067e-06	-0.01964
1.637067e-06	-0.01964
1.639067e-06	-0.020008
1.641067e-06	-0.019732
1.643067e-06	-0.01918
1.645067e-06	-0.019088
1.647067e-06	-0.019364
1.649067e-06	-0.018904
1.651067e-06	-0.018996
1.653067e-06	-0.018628
1.655067e-06	-0.018628
1.657067e-06	-0.018904
1.659067e-06	-0.018168
1.661067e-06	-0.018904
1.663067e-06	-0.019548
1.665067e-06	-0.019088
1.667067e-06	-0.01918
1.669067e-06	-0.01918
1.671067e-06	-0.01918
1.673067e-06	-0.018996
1.675067e-06	-0.018352
1.677067e-06	-0.018812
1.679067e-06	-0.018812
1.681067e-06	-0.018444
1.683067e-06	-0.01872
1.685067e-06	-0.01918
1.687067e-06	-0.019088
1.689067e-06	-0.01872
1.691067e-06	-0.019548
1.693067e-06	-0.018904
1.695067e-06	-0.018628
1.697067e-06	-0.019088
1.699067e-06	-0.019272
1.701067e-06	-0.018812
1.703067e-06	-0.018536
1.705067e-06	-0.019456
1.707067e-06	-0.01918
1.709067e-06	-0.019364
1.711067e-06	-0.019548
1.713067e-06	-0.019548
1.715067e-06	-0.019824
1.717067e-06	-0.019824
1.719067e-06	-0.020008
1.721067e-06	-0.020008
1.723067e-06	-0.019548
1.725067e-06	-0.020008
1.727067e-06	-0.0201
1.729067e-06	-0.0201
1.731067e-06	-0.019824
1.733067e-06	-0.019916
1.735067e-06	-0.020376
1.737067e-06	-0.0201
1.739067e-06	-0.020192
1.741067e-06	-0.020928
1.743067e-06	-0.020836
1.745067e-06	-0.021112
1.747067e-06	-0.020928
1.749067e-06	-0.021296
1.751067e-06	-0.020836
1.753067e-06	-0.021572
1.755067e-06	-0.02194
1.757067e-06	-0.022032
1.759067e-06	-0.021572
1.761067e-06	-0.022216
1.763067e-06	-0.022308
1.765067e-06	-0.02194
1.767067e-06	-0.021756
1.769067e-06	-0.02194
1.771067e-06	-0.022032
1.773067e-06	-0.022308
1.775067e-06	-0.021848
1.777067e-06	-0.021572
1.779067e-06	-0.021204
1.781067e-06	-0.022124
1.783067e-06	-0.021664
1.785067e-06	-0.022308
1.787067e-06	-0.022676
1.789067e-06	-0.02286
1.791067e-06	-0.022584
1.793067e-06	-0.02286
1.795067e-06	-0.022492
1.797067e-06	-0.022308
1.799067e-06	-0.021848
1.801067e-06	-0.022308
1.803067e-06	-0.02194
1.805067e-06	-0.021572
1.807067e-06	-0.021572
1.809067e-06	-0.021664
1.811067e-06	-0.022216
1.813067e-06	-0.022124
1.815067e-06	-0.021848
1.817067e-06	-0.021848
1.819067e-06	-0.021756
1.821067e-06	-0.021756
1.823067e-06	-0.021112
1.825067e-06	-0.021204
1.827067e-06	-0.021296
1.829067e-06	-0.02102
1.831067e-06	-0.02148
1.833067e-06	-0.021388
1.835067e-06	-0.020836
1.837067e-06	-0.020928
1.839067e-06	-0.021296
1.841067e-06	-0.021112
1.843067e-06	-0.020928
1.845067e-06	-0.02148
1.847067e-06	-0.021664
1.849067e-06	-0.021112
1.851067e-06	-0.021204
1.853067e-06	-0.021572
1.855067e-06	-0.02148
1.857067e-06	-0.021204
1.859067e-06	-0.02148
1.861067e-06	-0.021756
1.863067e-06	-0.021296
1.865067e-06	-0.021848
1.867067e-06	-0.021388
1.869067e-06	-0.02148
1.871067e-06	-0.021296
1.873067e-06	-0.021388
1.875067e-06	-0.021112
1.877067e-06	-0.021112
1.879067e-06	-0.021112
1.881067e-06	-0.021204
1.883067e-06	-0.021296
1.885067e-06	-0.02194
1.887067e-06	-0.021388
1.889067e-06	-0.021388
1.891067e-06	-0.021112
1.893067e-06	-0.021112
1.895067e-06	-0.021112
1.897067e-06	-0.02102
1.899067e-06	-0.02148
1.901067e-06	-0.021112
1.903067e-06	-0.020928
1.905067e-06	-0.020744
1.907067e-06	-0.020836
1.909067e-06	-0.021112
1.911067e-06	-0.020744
1.913067e-06	-0.020284
1.915067e-06	-0.020928
1.917067e-06	-0.021388
1.919067e-06	-0.020928
1.921067e-06	-0.021112
1.923067e-06	-0.020652
1.925067e-06	-0.020836
1.927067e-06	-0.020744
1.929067e-06	-0.021296
1.931067e-06	-0.021204
1.933067e-06	-0.021112
1.935067e-06	-0.02102
1.937067e-06	-0.020744
1.939067e-06	-0.02056
1.941067e-06	-0.02102
1.943067e-06	-0.021112
1.945067e-06	-0.02148
1.947067e-06	-0.020376
1.949067e-06	-0.020468
1.951067e-06	-0.020744
1.953067e-06	-0.020008
1.955067e-06	-0.020284
1.957067e-06	-0.01964
1.959067e-06	-0.01918
1.961067e-06	-0.018812
1.963067e-06	-0.018168
1.965067e-06	-0.018444
1.967067e-06	-0.017984
1.969067e-06	-0.01826
1.971067e-06	-0.0178
1.973067e-06	-0.017984
1.975067e-06	-0.0178
1.977067e-06	-0.017616
1.979067e-06	-0.017064
1.981067e-06	-0.017708
1.983067e-06	-0.017524
1.985067e-06	-0.017524
1.987067e-06	-0.017064
1.989067e-06	-0.017524
1.991067e-06	-0.0178
1.993067e-06	-0.01734
1.995067e-06	-0.016972
1.997067e-06	-0.017616
1.999067e-06	-0.017432
2.001067e-06	-0.017248
2.003067e-06	-0.016696
2.005067e-06	-0.017064
2.007067e-06	-0.017156
2.009067e-06	-0.017248
2.011067e-06	-0.016512
2.013067e-06	-0.016604
2.015067e-06	-0.016144
2.017067e-06	-0.016328
2.019067e-06	-0.0155
2.021067e-06	-0.016052
2.023067e-06	-0.015592
2.025067e-06	-0.015868
2.027067e-06	-0.015132
2.029067e-06	-0.015224
2.031067e-06	-0.01504
2.033067e-06	-0.014764
2.035067e-06	-0.01458
2.037067e-06	-0.01504
2.039067e-06	-0.01458
2.041067e-06	-0.01504
2.043067e-06	-0.015132
2.045067e-06	-0.015316
2.047067e-06	-0.014672
2.049067e-06	-0.015408
2.051067e-06	-0.015592
2.053067e-06	-0.015408
2.055067e-06	-0.015132
2.057067e-06	-0.0155
2.059067e-06	-0.014948
2.061067e-06	-0.016052
2.063067e-06	-0.01596
2.065067e-06	-0.01642
2.067067e-06	-0.015868
2.069067e-06	-0.01642
2.071067e-06	-0.015592
2.073067e-06	-0.016696
2.075067e-06	-0.016144
2.077067e-06	-0.01642
2.079067e-06	-0.015868
2.081067e-06	-0.016236
2.083067e-06	-0.015868
2.085067e-06	-0.016144
2.087067e-06	-0.016144
2.089067e-06	-0.016604
2.091067e-06	-0.016052
2.093067e-06	-0.016328
2.095067e-06	-0.015776
2.097067e-06	-0.016512
2.099067e-06	-0.016696
2.101067e-06	-0.01642
2.103067e-06	-0.015316
2.105067e-06	-0.016052
2.107067e-06	-0.015868
2.109067e-06	-0.015868
2.111067e-06	-0.015316
2.113067e-06	-0.016052
2.115067e-06	-0.01596
2.117067e-06	-0.016236
2.119067e-06	-0.016052
2.121067e-06	-0.016512
2.123067e-06	-0.016328
2.125067e-06	-0.016512
2.127067e-06	-0.016236
2.129067e-06	-0.016788
2.131067e-06	-0.016512
2.133067e-06	-0.016972
2.135067e-06	-0.016236
2.137067e-06	-0.016512
2.139067e-06	-0.016788
2.141067e-06	-0.01734
2.143067e-06	-0.017432
2.145067e-06	-0.017248
2.147067e-06	-0.017156
2.149067e-06	-0.017524
2.151067e-06	-0.017248
2.153067e-06	-0.0178
2.155067e-06	-0.017984
2.157067e-06	-0.018352
2.159067e-06	-0.018168
2.161067e-06	-0.018352
2.163067e-06	-0.0178
2.165067e-06	-0.018352
2.167067e-06	-0.018076
2.169067e-06	-0.018444
2.171067e-06	-0.01826
2.173067e-06	-0.018536
2.175067e-06	-0.01872
2.177067e-06	-0.019088
2.179067e-06	-0.01872
2.181067e-06	-0.018996
2.183067e-06	-0.01872
2.185067e-06	-0.018812
2.187067e-06	-0.01918
2.189067e-06	-0.01964
2.191067e-06	-0.019732
2.193067e-06	-0.019548
2.195067e-06	-0.019916
2.197067e-06	-0.019916
2.199067e-06	-0.01964
2.201067e-06	-0.020008
2.203067e-06	-0.020192
2.205067e-06	-0.020468
2.207067e-06	-0.020468
2.209067e-06	-0.020744
2.211067e-06	-0.020744
2.213067e-06	-0.02102
2.215067e-06	-0.02102
2.217067e-06	-0.021204
2.219067e-06	-0.021296
2.221067e-06	-0.021756
2.223067e-06	-0.02148
2.225067e-06	-0.02102
2.227067e-06	-0.021388
2.229067e-06	-0.021756
2.231067e-06	-0.021664
2.233067e-06	-0.022308
2.235067e-06	-0.021848
2.237067e-06	-0.021664
2.239067e-06	-0.021296
2.241067e-06	-0.021848
2.243067e-06	-0.021664
2.245067e-06	-0.02148
2.247067e-06	-0.021388
2.249067e-06	-0.02194
2.251067e-06	-0.022216
2.253067e-06	-0.022308
2.255067e-06	-0.02194
2.257067e-06	-0.022308
2.259067e-06	-0.022492
2.261067e-06	-0.022124
2.263067e-06	-0.022124
2.265067e-06	-0.021848
2.267067e-06	-0.022216
2.269067e-06	-0.022676
2.271067e-06	-0.022216
2.273067e-06	-0.022308
2.275067e-06	-0.0224
2.277067e-06	-0.02286
2.279067e-06	-0.022492
2.281067e-06	-0.023136
2.283067e-06	-0.022676
2.285067e-06	-0.023504
2.287067e-06	-0.023136
2.289067e-06	-0.023412
2.291067e-06	-0.023044
2.293067e-06	-0.023228
2.295067e-06	-0.022952
2.297067e-06	-0.023136
2.299067e-06	-0.02332
2.301067e-06	-0.023228
2.303067e-06	-0.023044
2.305067e-06	-0.023412
2.307067e-06	-0.02286
2.309067e-06	-0.022584
2.311067e-06	-0.02194
2.313067e-06	-0.022308
2.315067e-06	-0.0224
2.317067e-06	-0.0224
2.319067e-06	-0.022216
2.321067e-06	-0.0224
2.323067e-06	-0.022308
2.325067e-06	-0.022768
2.327067e-06	-0.022676
2.329067e-06	-0.022584
2.331067e-06	-0.022492
2.333067e-06	-0.022308
2.335067e-06	-0.021848
2.337067e-06	-0.022032
2.339067e-06	-0.021756
2.341067e-06	-0.021756
2.343067e-06	-0.021204
2.345067e-06	-0.02148
2.347067e-06	-0.020928
2.349067e-06	-0.021112
2.351067e-06	-0.021572
2.353067e-06	-0.021756
2.355067e-06	-0.021848
2.357067e-06	-0.021388
2.359067e-06	-0.021388
2.361067e-06	-0.021204
2.363067e-06	-0.021388
2.365067e-06	-0.02194
2.367067e-06	-0.021204
2.369067e-06	-0.021664
2.371067e-06	-0.021572
2.373067e-06	-0.021756
2.375067e-06	-0.021848
2.377067e-06	-0.021756
2.379067e-06	-0.022216
2.381067e-06	-0.022032
2.383067e-06	-0.021572
2.385067e-06	-0.022032
2.387067e-06	-0.02148
2.389067e-06	-0.021756
2.391067e-06	-0.021848
2.393067e-06	-0.021664
2.395067e-06	-0.021756
2.397067e-06	-0.021848
2.399067e-06	-0.021848
2.401067e-06	-0.022216
2.403067e-06	-0.022492
2.405067e-06	-0.022492
2.407067e-06	-0.022676
2.409067e-06	-0.022584
2.411067e-06	-0.022952
2.413067e-06	-0.022492
2.415067e-06	-0.02194
2.417067e-06	-0.022492
2.419067e-06	-0.022308
2.421067e-06	-0.022492
2.423067e-06	-0.022492
2.425067e-06	-0.0224
2.427067e-06	-0.022584
2.429067e-06	-0.022676
2.431067e-06	-0.022032
2.433067e-06	-0.02286
2.435067e-06	-0.023044
2.437067e-06	-0.022676
2.439067e-06	-0.022584
2.441067e-06	-0.02286
2.443067e-06	-0.022584
2.445067e-06	-0.023136
2.447067e-06	-0.02332
2.449067e-06	-0.022768
2.451067e-06	-0.022768
2.453067e-06	-0.022952
2.455067e-06	-0.023228
2.457067e-06	-0.023136
2.459067e-06	-0.023228
2.461067e-06	-0.023228
2.463067e-06	-0.023044
2.465067e-06	-0.023412
2.467067e-06	-0.023044
2.469067e-06	-0.023872
2.471067e-06	-0.02378
2.473067e-06	-0.024148
2.475067e-06	-0.023688
2.477067e-06	-0.023504
2.479067e-06	-0.023228
2.481067e-06	-0.023136
2.483067e-06	-0.022584
2.485067e-06	-0.022492
2.487067e-06	-0.022584
2.489067e-06	-0.022676
2.491067e-06	-0.022492
2.493067e-06	-0.022952
2.495067e-06	-0.02286
2.497067e-06	-0.022676
2.499067e-06	-0.023136
2.501067e-06	-0.022768
