LECROYHDO6104A	50809	Waveform
Segments	1	SegmentSize	2502
Segment	TrigTime	TimeSinceSegment1
#1	19-Dec-2022 20:04:36	0                 
Time	Ampl
-2.501802e-06	-0.019562
-2.499802e-06	-0.019624
-2.497802e-06	-0.020058
-2.495802e-06	-0.020368
-2.493802e-06	-0.020678
-2.491802e-06	-0.020616
-2.489802e-06	-0.020492
-2.487802e-06	-0.020864
-2.485802e-06	-0.020988
-2.483802e-06	-0.020926
-2.481802e-06	-0.021298
-2.479802e-06	-0.02136
-2.477802e-06	-0.02105
-2.475802e-06	-0.020802
-2.473802e-06	-0.02105
-2.471802e-06	-0.021112
-2.469802e-06	-0.021174
-2.467802e-06	-0.020988
-2.465802e-06	-0.021112
-2.463802e-06	-0.021174
-2.461802e-06	-0.020678
-2.459802e-06	-0.02074
-2.457802e-06	-0.020864
-2.455802e-06	-0.020802
-2.453802e-06	-0.020554
-2.451802e-06	-0.020616
-2.449802e-06	-0.020368
-2.447802e-06	-0.019686
-2.445802e-06	-0.019314
-2.443802e-06	-0.01919
-2.441802e-06	-0.019066
-2.439802e-06	-0.019004
-2.437802e-06	-0.019128
-2.435802e-06	-0.019376
-2.433802e-06	-0.019376
-2.431802e-06	-0.019376
-2.429802e-06	-0.01919
-2.427802e-06	-0.019686
-2.425802e-06	-0.019934
-2.423802e-06	-0.019562
-2.421802e-06	-0.019438
-2.419802e-06	-0.019934
-2.417802e-06	-0.019748
-2.415802e-06	-0.019562
-2.413802e-06	-0.019128
-2.411802e-06	-0.019252
-2.409802e-06	-0.019066
-2.407802e-06	-0.019004
-2.405802e-06	-0.019252
-2.403802e-06	-0.019066
-2.401802e-06	-0.01919
-2.399802e-06	-0.018942
-2.397802e-06	-0.019376
-2.395802e-06	-0.019562
-2.393802e-06	-0.019686
-2.391802e-06	-0.019376
-2.389802e-06	-0.019438
-2.387802e-06	-0.01919
-2.385802e-06	-0.019314
-2.383802e-06	-0.019314
-2.381802e-06	-0.019376
-2.379802e-06	-0.019376
-2.377802e-06	-0.01919
-2.375802e-06	-0.018818
-2.373802e-06	-0.018446
-2.371802e-06	-0.018508
-2.369802e-06	-0.018322
-2.367802e-06	-0.017516
-2.365802e-06	-0.017516
-2.363802e-06	-0.017516
-2.361802e-06	-0.017392
-2.359802e-06	-0.016772
-2.357802e-06	-0.016896
-2.355802e-06	-0.017082
-2.353802e-06	-0.017392
-2.351802e-06	-0.016834
-2.349802e-06	-0.017144
-2.347802e-06	-0.017268
-2.345802e-06	-0.017516
-2.343802e-06	-0.017144
-2.341802e-06	-0.017578
-2.339802e-06	-0.017578
-2.337802e-06	-0.017702
-2.335802e-06	-0.017144
-2.333802e-06	-0.017392
-2.331802e-06	-0.017454
-2.329802e-06	-0.017144
-2.327802e-06	-0.017268
-2.325802e-06	-0.017268
-2.323802e-06	-0.017268
-2.321802e-06	-0.017578
-2.319802e-06	-0.017082
-2.317802e-06	-0.01764
-2.315802e-06	-0.017268
-2.313802e-06	-0.01764
-2.311802e-06	-0.016896
-2.309802e-06	-0.017454
-2.307802e-06	-0.01733
-2.305802e-06	-0.017826
-2.303802e-06	-0.01733
-2.301802e-06	-0.017392
-2.299802e-06	-0.017578
-2.297802e-06	-0.01764
-2.295802e-06	-0.017888
-2.293802e-06	-0.01795
-2.291802e-06	-0.018012
-2.289802e-06	-0.018446
-2.287802e-06	-0.018694
-2.285802e-06	-0.019066
-2.283802e-06	-0.019066
-2.281802e-06	-0.018942
-2.279802e-06	-0.018694
-2.277802e-06	-0.019004
-2.275802e-06	-0.018942
-2.273802e-06	-0.018942
-2.271802e-06	-0.018756
-2.269802e-06	-0.018818
-2.267802e-06	-0.01888
-2.265802e-06	-0.018446
-2.263802e-06	-0.018322
-2.261802e-06	-0.018508
-2.259802e-06	-0.01857
-2.257802e-06	-0.018508
-2.255802e-06	-0.01826
-2.253802e-06	-0.018446
-2.251802e-06	-0.018322
-2.249802e-06	-0.018198
-2.247802e-06	-0.017578
-2.245802e-06	-0.017764
-2.243802e-06	-0.017826
-2.241802e-06	-0.01764
-2.239802e-06	-0.017764
-2.237802e-06	-0.018074
-2.235802e-06	-0.017826
-2.233802e-06	-0.018012
-2.231802e-06	-0.017888
-2.229802e-06	-0.017826
-2.227802e-06	-0.018198
-2.225802e-06	-0.018198
-2.223802e-06	-0.017764
-2.221802e-06	-0.018012
-2.219802e-06	-0.018198
-2.217802e-06	-0.018446
-2.215802e-06	-0.018136
-2.213802e-06	-0.018384
-2.211802e-06	-0.018508
-2.209802e-06	-0.018322
-2.207802e-06	-0.018136
-2.205802e-06	-0.018384
-2.203802e-06	-0.01857
-2.201802e-06	-0.018632
-2.199802e-06	-0.018012
-2.197802e-06	-0.018012
-2.195802e-06	-0.018198
-2.193802e-06	-0.018136
-2.191802e-06	-0.017826
-2.189802e-06	-0.017702
-2.187802e-06	-0.017764
-2.185802e-06	-0.017392
-2.183802e-06	-0.01733
-2.181802e-06	-0.017578
-2.179802e-06	-0.01795
-2.177802e-06	-0.018012
-2.175802e-06	-0.017764
-2.173802e-06	-0.017764
-2.171802e-06	-0.01795
-2.169802e-06	-0.01826
-2.167802e-06	-0.017888
-2.165802e-06	-0.01795
-2.163802e-06	-0.018136
-2.161802e-06	-0.01795
-2.159802e-06	-0.018074
-2.157802e-06	-0.018198
-2.155802e-06	-0.01795
-2.153802e-06	-0.018074
-2.151802e-06	-0.017392
-2.149802e-06	-0.017516
-2.147802e-06	-0.017578
-2.145802e-06	-0.01733
-2.143802e-06	-0.01764
-2.141802e-06	-0.017888
-2.139802e-06	-0.017826
-2.137802e-06	-0.01795
-2.135802e-06	-0.017702
-2.133802e-06	-0.017454
-2.131802e-06	-0.01733
-2.129802e-06	-0.017826
-2.127802e-06	-0.017764
-2.125802e-06	-0.01826
-2.123802e-06	-0.018942
-2.121802e-06	-0.019128
-2.119802e-06	-0.019376
-2.117802e-06	-0.019562
-2.115802e-06	-0.019748
-2.113802e-06	-0.01981
-2.111802e-06	-0.019562
-2.109802e-06	-0.019128
-2.107802e-06	-0.019066
-2.105802e-06	-0.018942
-2.103802e-06	-0.018694
-2.101802e-06	-0.019252
-2.099802e-06	-0.019128
-2.097802e-06	-0.019438
-2.095802e-06	-0.019562
-2.093802e-06	-0.019624
-2.091802e-06	-0.019686
-2.089802e-06	-0.019686
-2.087802e-06	-0.019624
-2.085802e-06	-0.019624
-2.083802e-06	-0.019934
-2.081802e-06	-0.019996
-2.079802e-06	-0.020058
-2.077802e-06	-0.019934
-2.075802e-06	-0.020306
-2.073802e-06	-0.020554
-2.071802e-06	-0.020492
-2.069802e-06	-0.020368
-2.067802e-06	-0.020244
-2.065802e-06	-0.020058
-2.063802e-06	-0.019376
-2.061802e-06	-0.01919
-2.059802e-06	-0.019128
-2.057802e-06	-0.018942
-2.055802e-06	-0.01826
-2.053802e-06	-0.018012
-2.051802e-06	-0.017764
-2.049802e-06	-0.017578
-2.047802e-06	-0.017206
-2.045802e-06	-0.017206
-2.043802e-06	-0.016834
-2.041802e-06	-0.016462
-2.039802e-06	-0.015966
-2.037802e-06	-0.015656
-2.035802e-06	-0.015594
-2.033802e-06	-0.015098
-2.031802e-06	-0.014726
-2.029802e-06	-0.01485
-2.027802e-06	-0.014726
-2.025802e-06	-0.01423
-2.023802e-06	-0.013982
-2.021802e-06	-0.01423
-2.019802e-06	-0.013858
-2.017802e-06	-0.013796
-2.015802e-06	-0.013486
-2.013802e-06	-0.013734
-2.011802e-06	-0.013796
-2.009802e-06	-0.013486
-2.007802e-06	-0.01361
-2.005802e-06	-0.013982
-2.003802e-06	-0.01423
-2.001802e-06	-0.01454
-1.999802e-06	-0.01423
-1.997802e-06	-0.014664
-1.995802e-06	-0.014292
-1.993802e-06	-0.014602
-1.991802e-06	-0.014292
-1.989802e-06	-0.014788
-1.987802e-06	-0.01485
-1.985802e-06	-0.015284
-1.983802e-06	-0.015036
-1.981802e-06	-0.01516
-1.979802e-06	-0.01516
-1.977802e-06	-0.015594
-1.975802e-06	-0.01516
-1.973802e-06	-0.015594
-1.971802e-06	-0.016028
-1.969802e-06	-0.016214
-1.967802e-06	-0.016462
-1.965802e-06	-0.016462
-1.963802e-06	-0.016276
-1.961802e-06	-0.01671
-1.959802e-06	-0.016896
-1.957802e-06	-0.016834
-1.955802e-06	-0.016648
-1.953802e-06	-0.016462
-1.951802e-06	-0.016586
-1.949802e-06	-0.017268
-1.947802e-06	-0.016896
-1.945802e-06	-0.01733
-1.943802e-06	-0.01733
-1.941802e-06	-0.017888
-1.939802e-06	-0.017826
-1.937802e-06	-0.01795
-1.935802e-06	-0.017516
-1.933802e-06	-0.01826
-1.931802e-06	-0.018012
-1.929802e-06	-0.017888
-1.927802e-06	-0.01733
-1.925802e-06	-0.017826
-1.923802e-06	-0.017764
-1.921802e-06	-0.017888
-1.919802e-06	-0.01795
-1.917802e-06	-0.017888
-1.915802e-06	-0.018012
-1.913802e-06	-0.018136
-1.911802e-06	-0.018136
-1.909802e-06	-0.018322
-1.907802e-06	-0.01826
-1.905802e-06	-0.018322
-1.903802e-06	-0.018136
-1.901802e-06	-0.018198
-1.899802e-06	-0.01857
-1.897802e-06	-0.018756
-1.895802e-06	-0.019066
-1.893802e-06	-0.019314
-1.891802e-06	-0.019376
-1.889802e-06	-0.019748
-1.887802e-06	-0.019748
-1.885802e-06	-0.020306
-1.883802e-06	-0.02012
-1.881802e-06	-0.020182
-1.879802e-06	-0.020306
-1.877802e-06	-0.020182
-1.875802e-06	-0.020492
-1.873802e-06	-0.020802
-1.871802e-06	-0.021174
-1.869802e-06	-0.021174
-1.867802e-06	-0.02167
-1.865802e-06	-0.02198
-1.863802e-06	-0.021546
-1.861802e-06	-0.021794
-1.859802e-06	-0.021856
-1.857802e-06	-0.022104
-1.855802e-06	-0.022104
-1.853802e-06	-0.022166
-1.851802e-06	-0.02229
-1.849802e-06	-0.0226
-1.847802e-06	-0.02229
-1.845802e-06	-0.022352
-1.843802e-06	-0.022724
-1.841802e-06	-0.0226
-1.839802e-06	-0.022786
-1.837802e-06	-0.022104
-1.835802e-06	-0.022104
-1.833802e-06	-0.022352
-1.831802e-06	-0.022662
-1.829802e-06	-0.022538
-1.827802e-06	-0.02229
-1.825802e-06	-0.022476
-1.823802e-06	-0.022414
-1.821802e-06	-0.02229
-1.819802e-06	-0.02229
-1.817802e-06	-0.022538
-1.815802e-06	-0.022352
-1.813802e-06	-0.022352
-1.811802e-06	-0.022166
-1.809802e-06	-0.02229
-1.807802e-06	-0.022352
-1.805802e-06	-0.02229
-1.803802e-06	-0.022538
-1.801802e-06	-0.0226
-1.799802e-06	-0.0226
-1.797802e-06	-0.022538
-1.795802e-06	-0.022848
-1.793802e-06	-0.022848
-1.791802e-06	-0.023096
-1.789802e-06	-0.022972
-1.787802e-06	-0.023096
-1.785802e-06	-0.02322
-1.783802e-06	-0.023406
-1.781802e-06	-0.023282
-1.779802e-06	-0.02322
-1.777802e-06	-0.022972
-1.775802e-06	-0.023034
-1.773802e-06	-0.0226
-1.771802e-06	-0.022848
-1.769802e-06	-0.022848
-1.767802e-06	-0.022724
-1.765802e-06	-0.022042
-1.763802e-06	-0.02198
-1.761802e-06	-0.022104
-1.759802e-06	-0.021484
-1.757802e-06	-0.021112
-1.755802e-06	-0.021112
-1.753802e-06	-0.020864
-1.751802e-06	-0.020306
-1.749802e-06	-0.020306
-1.747802e-06	-0.020368
-1.745802e-06	-0.020244
-1.743802e-06	-0.020244
-1.741802e-06	-0.020244
-1.739802e-06	-0.020492
-1.737802e-06	-0.020864
-1.735802e-06	-0.020678
-1.733802e-06	-0.020988
-1.731802e-06	-0.021112
-1.729802e-06	-0.021546
-1.727802e-06	-0.020926
-1.725802e-06	-0.020926
-1.723802e-06	-0.021174
-1.721802e-06	-0.021422
-1.719802e-06	-0.021174
-1.717802e-06	-0.02105
-1.715802e-06	-0.021484
-1.713802e-06	-0.021546
-1.711802e-06	-0.02167
-1.709802e-06	-0.021794
-1.707802e-06	-0.021918
-1.705802e-06	-0.022042
-1.703802e-06	-0.022166
-1.701802e-06	-0.021918
-1.699802e-06	-0.022042
-1.697802e-06	-0.0226
-1.695802e-06	-0.022166
-1.693802e-06	-0.022166
-1.691802e-06	-0.022476
-1.689802e-06	-0.0226
-1.687802e-06	-0.022042
-1.685802e-06	-0.022166
-1.683802e-06	-0.02229
-1.681802e-06	-0.022538
-1.679802e-06	-0.022662
-1.677802e-06	-0.022724
-1.675802e-06	-0.022724
-1.673802e-06	-0.022786
-1.671802e-06	-0.022476
-1.669802e-06	-0.022724
-1.667802e-06	-0.0226
-1.665802e-06	-0.02291
-1.663802e-06	-0.022538
-1.661802e-06	-0.023034
-1.659802e-06	-0.023034
-1.657802e-06	-0.02322
-1.655802e-06	-0.02322
-1.653802e-06	-0.02291
-1.651802e-06	-0.022662
-1.649802e-06	-0.022786
-1.647802e-06	-0.023096
-1.645802e-06	-0.022662
-1.643802e-06	-0.022538
-1.641802e-06	-0.023096
-1.639802e-06	-0.022724
-1.637802e-06	-0.022848
-1.635802e-06	-0.023158
-1.633802e-06	-0.02353
-1.631802e-06	-0.02353
-1.629802e-06	-0.02353
-1.627802e-06	-0.02353
-1.625802e-06	-0.023406
-1.623802e-06	-0.023282
-1.621802e-06	-0.023344
-1.619802e-06	-0.02291
-1.617802e-06	-0.022662
-1.615802e-06	-0.022476
-1.613802e-06	-0.022538
-1.611802e-06	-0.022662
-1.609802e-06	-0.022414
-1.607802e-06	-0.021918
-1.605802e-06	-0.021794
-1.603802e-06	-0.022042
-1.601802e-06	-0.02198
-1.599802e-06	-0.021546
-1.597802e-06	-0.020988
-1.595802e-06	-0.020802
-1.593802e-06	-0.020926
-1.591802e-06	-0.020492
-1.589802e-06	-0.020368
-1.587802e-06	-0.02012
-1.585802e-06	-0.02012
-1.583802e-06	-0.019996
-1.581802e-06	-0.019624
-1.579802e-06	-0.019686
-1.577802e-06	-0.019872
-1.575802e-06	-0.019562
-1.573802e-06	-0.019748
-1.571802e-06	-0.019624
-1.569802e-06	-0.019438
-1.567802e-06	-0.019376
-1.565802e-06	-0.01919
-1.563802e-06	-0.019624
-1.561802e-06	-0.019376
-1.559802e-06	-0.019624
-1.557802e-06	-0.019562
-1.555802e-06	-0.0195
-1.553802e-06	-0.019438
-1.551802e-06	-0.019376
-1.549802e-06	-0.019872
-1.547802e-06	-0.020058
-1.545802e-06	-0.01981
-1.543802e-06	-0.020058
-1.541802e-06	-0.020306
-1.539802e-06	-0.020368
-1.537802e-06	-0.02043
-1.535802e-06	-0.02074
-1.533802e-06	-0.020802
-1.531802e-06	-0.020368
-1.529802e-06	-0.020306
-1.527802e-06	-0.020244
-1.525802e-06	-0.02012
-1.523802e-06	-0.020678
-1.521802e-06	-0.020368
-1.519802e-06	-0.02043
-1.517802e-06	-0.02105
-1.515802e-06	-0.021236
-1.513802e-06	-0.021422
-1.511802e-06	-0.020988
-1.509802e-06	-0.021174
-1.507802e-06	-0.021546
-1.505802e-06	-0.02167
-1.503802e-06	-0.021422
-1.501802e-06	-0.021484
-1.499802e-06	-0.021794
-1.497802e-06	-0.022104
-1.495802e-06	-0.021918
-1.493802e-06	-0.021484
-1.491802e-06	-0.021732
-1.489802e-06	-0.021608
-1.487802e-06	-0.021422
-1.485802e-06	-0.021298
-1.483802e-06	-0.021546
-1.481802e-06	-0.021856
-1.479802e-06	-0.022042
-1.477802e-06	-0.02167
-1.475802e-06	-0.021856
-1.473802e-06	-0.021794
-1.471802e-06	-0.021422
-1.469802e-06	-0.021546
-1.467802e-06	-0.021732
-1.465802e-06	-0.02167
-1.463802e-06	-0.021918
-1.461802e-06	-0.021794
-1.459802e-06	-0.02167
-1.457802e-06	-0.021546
-1.455802e-06	-0.020926
-1.453802e-06	-0.021298
-1.451802e-06	-0.02105
-1.449802e-06	-0.020988
-1.447802e-06	-0.020554
-1.445802e-06	-0.020678
-1.443802e-06	-0.02043
-1.441802e-06	-0.020058
-1.439802e-06	-0.020244
-1.437802e-06	-0.02012
-1.435802e-06	-0.020244
-1.433802e-06	-0.02043
-1.431802e-06	-0.02012
-1.429802e-06	-0.020306
-1.427802e-06	-0.020182
-1.425802e-06	-0.020244
-1.423802e-06	-0.019996
-1.421802e-06	-0.02012
-1.419802e-06	-0.020182
-1.417802e-06	-0.019872
-1.415802e-06	-0.019934
-1.413802e-06	-0.019934
-1.411802e-06	-0.019934
-1.409802e-06	-0.019376
-1.407802e-06	-0.019252
-1.405802e-06	-0.01919
-1.403802e-06	-0.019128
-1.401802e-06	-0.018756
-1.399802e-06	-0.01826
-1.397802e-06	-0.018074
-1.395802e-06	-0.017578
-1.393802e-06	-0.017392
-1.391802e-06	-0.01702
-1.389802e-06	-0.016834
-1.387802e-06	-0.016524
-1.385802e-06	-0.016338
-1.383802e-06	-0.016152
-1.381802e-06	-0.016586
-1.379802e-06	-0.01609
-1.377802e-06	-0.016028
-1.375802e-06	-0.015284
-1.373802e-06	-0.015842
-1.371802e-06	-0.015966
-1.369802e-06	-0.016276
-1.367802e-06	-0.016276
-1.365802e-06	-0.016276
-1.363802e-06	-0.016152
-1.361802e-06	-0.016338
-1.359802e-06	-0.016338
-1.357802e-06	-0.016462
-1.355802e-06	-0.016276
-1.353802e-06	-0.016338
-1.351802e-06	-0.016338
-1.349802e-06	-0.016462
-1.347802e-06	-0.016338
-1.345802e-06	-0.016772
-1.343802e-06	-0.017268
-1.341802e-06	-0.017702
-1.339802e-06	-0.017578
-1.337802e-06	-0.017764
-1.335802e-06	-0.017578
-1.333802e-06	-0.01764
-1.331802e-06	-0.018198
-1.329802e-06	-0.018074
-1.327802e-06	-0.01826
-1.325802e-06	-0.018074
-1.323802e-06	-0.01795
-1.321802e-06	-0.01826
-1.319802e-06	-0.017826
-1.317802e-06	-0.017888
-1.315802e-06	-0.01795
-1.313802e-06	-0.018074
-1.311802e-06	-0.01795
-1.309802e-06	-0.018384
-1.307802e-06	-0.018384
-1.305802e-06	-0.018508
-1.303802e-06	-0.018818
-1.301802e-06	-0.018508
-1.299802e-06	-0.01888
-1.297802e-06	-0.018756
-1.295802e-06	-0.01857
-1.293802e-06	-0.01857
-1.291802e-06	-0.019066
-1.289802e-06	-0.018818
-1.287802e-06	-0.018756
-1.285802e-06	-0.018818
-1.283802e-06	-0.019376
-1.281802e-06	-0.019438
-1.279802e-06	-0.01919
-1.277802e-06	-0.019314
-1.275802e-06	-0.0195
-1.273802e-06	-0.019128
-1.271802e-06	-0.019314
-1.269802e-06	-0.019128
-1.267802e-06	-0.019438
-1.265802e-06	-0.019252
-1.263802e-06	-0.019128
-1.261802e-06	-0.019004
-1.259802e-06	-0.019686
-1.257802e-06	-0.019872
-1.255802e-06	-0.01981
-1.253802e-06	-0.019748
-1.251802e-06	-0.020306
-1.249802e-06	-0.020306
-1.247802e-06	-0.020244
-1.245802e-06	-0.020306
-1.243802e-06	-0.020368
-1.241802e-06	-0.02043
-1.239802e-06	-0.020554
-1.237802e-06	-0.020368
-1.235802e-06	-0.020244
-1.233802e-06	-0.02043
-1.231802e-06	-0.020182
-1.229802e-06	-0.019934
-1.227802e-06	-0.019686
-1.225802e-06	-0.019128
-1.223802e-06	-0.018384
-1.221802e-06	-0.018198
-1.219802e-06	-0.017826
-1.217802e-06	-0.017826
-1.215802e-06	-0.01764
-1.213802e-06	-0.017516
-1.211802e-06	-0.01733
-1.209802e-06	-0.017516
-1.207802e-06	-0.017206
-1.205802e-06	-0.017144
-1.203802e-06	-0.016648
-1.201802e-06	-0.016338
-1.199802e-06	-0.016214
-1.197802e-06	-0.016152
-1.195802e-06	-0.016028
-1.193802e-06	-0.016028
-1.191802e-06	-0.015718
-1.189802e-06	-0.015842
-1.187802e-06	-0.015532
-1.185802e-06	-0.015532
-1.183802e-06	-0.015532
-1.181802e-06	-0.015346
-1.179802e-06	-0.015222
-1.177802e-06	-0.01516
-1.175802e-06	-0.01485
-1.173802e-06	-0.01547
-1.171802e-06	-0.015098
-1.169802e-06	-0.015594
-1.167802e-06	-0.015346
-1.165802e-06	-0.016028
-1.163802e-06	-0.016028
-1.161802e-06	-0.016028
-1.159802e-06	-0.015346
-1.157802e-06	-0.016276
-1.155802e-06	-0.01609
-1.153802e-06	-0.016152
-1.151802e-06	-0.01578
-1.149802e-06	-0.01671
-1.147802e-06	-0.016586
-1.145802e-06	-0.016896
-1.143802e-06	-0.016586
-1.141802e-06	-0.016524
-1.139802e-06	-0.016958
-1.137802e-06	-0.017144
-1.135802e-06	-0.017206
-1.133802e-06	-0.017144
-1.131802e-06	-0.016958
-1.129802e-06	-0.01702
-1.127802e-06	-0.017268
-1.125802e-06	-0.017764
-1.123802e-06	-0.017454
-1.121802e-06	-0.01764
-1.119802e-06	-0.017268
-1.117802e-06	-0.017826
-1.115802e-06	-0.017454
-1.113802e-06	-0.017454
-1.111802e-06	-0.01764
-1.109802e-06	-0.01764
-1.107802e-06	-0.017764
-1.105802e-06	-0.017888
-1.103802e-06	-0.017702
-1.101802e-06	-0.01764
-1.099802e-06	-0.017516
-1.097802e-06	-0.01733
-1.095802e-06	-0.017144
-1.093802e-06	-0.016896
-1.091802e-06	-0.016834
-1.089802e-06	-0.016586
-1.087802e-06	-0.016524
-1.085802e-06	-0.016462
-1.083802e-06	-0.016524
-1.081802e-06	-0.016152
-1.079802e-06	-0.015408
-1.077802e-06	-0.015718
-1.075802e-06	-0.01578
-1.073802e-06	-0.016214
-1.071802e-06	-0.015408
-1.069802e-06	-0.01609
-1.067802e-06	-0.015966
-1.065802e-06	-0.015966
-1.063802e-06	-0.015594
-1.061802e-06	-0.015718
-1.059802e-06	-0.015346
-1.057802e-06	-0.01547
-1.055802e-06	-0.014912
-1.053802e-06	-0.014974
-1.051802e-06	-0.01516
-1.049802e-06	-0.015594
-1.047802e-06	-0.014478
-1.045802e-06	-0.014788
-1.043802e-06	-0.014602
-1.041802e-06	-0.015036
-1.039802e-06	-0.014416
-1.037802e-06	-0.01454
-1.035802e-06	-0.014416
-1.033802e-06	-0.014974
-1.031802e-06	-0.014912
-1.029802e-06	-0.01547
-1.027802e-06	-0.015222
-1.025802e-06	-0.015904
-1.023802e-06	-0.015656
-1.021802e-06	-0.016338
-1.019802e-06	-0.0164
-1.017802e-06	-0.016958
-1.015802e-06	-0.016958
-1.013802e-06	-0.017144
-1.011802e-06	-0.017206
-1.009802e-06	-0.017578
-1.007802e-06	-0.017454
-1.005802e-06	-0.017454
-1.003802e-06	-0.017578
-1.001802e-06	-0.017392
-9.998021e-07	-0.017454
-9.978021e-07	-0.01764
-9.958021e-07	-0.017764
-9.938021e-07	-0.017888
-9.918021e-07	-0.017764
-9.898021e-07	-0.017516
-9.878021e-07	-0.01733
-9.858021e-07	-0.017392
-9.838021e-07	-0.017144
-9.818021e-07	-0.016958
-9.798021e-07	-0.016958
-9.778021e-07	-0.016834
-9.758021e-07	-0.016524
-9.738021e-07	-0.01671
-9.718021e-07	-0.01702
-9.698021e-07	-0.016958
-9.678021e-07	-0.016896
-9.658021e-07	-0.016958
-9.638021e-07	-0.016958
-9.618021e-07	-0.017082
-9.598021e-07	-0.016276
-9.578021e-07	-0.016276
-9.558021e-07	-0.015966
-9.538021e-07	-0.015718
-9.518021e-07	-0.015594
-9.498021e-07	-0.01578
-9.478021e-07	-0.015408
-9.458021e-07	-0.015346
-9.438021e-07	-0.014726
-9.418021e-07	-0.015098
-9.398021e-07	-0.015346
-9.378021e-07	-0.01516
-9.358021e-07	-0.01485
-9.338021e-07	-0.014974
-9.318021e-07	-0.014912
-9.298021e-07	-0.014726
-9.278021e-07	-0.01454
-9.258021e-07	-0.014974
-9.238021e-07	-0.014726
-9.218021e-07	-0.014788
-9.198021e-07	-0.014726
-9.178021e-07	-0.01547
-9.158021e-07	-0.015222
-9.138021e-07	-0.015532
-9.118021e-07	-0.01547
-9.098021e-07	-0.015594
-9.078021e-07	-0.015842
-9.058021e-07	-0.015904
-9.038021e-07	-0.015656
-9.018021e-07	-0.01578
-8.998021e-07	-0.01547
-8.978021e-07	-0.015656
-8.958021e-07	-0.015036
-8.938021e-07	-0.015656
-8.918021e-07	-0.015346
-8.898021e-07	-0.015284
-8.878021e-07	-0.015098
-8.858021e-07	-0.015346
-8.838021e-07	-0.015532
-8.818021e-07	-0.015532
-8.798021e-07	-0.01547
-8.778021e-07	-0.016152
-8.758021e-07	-0.016152
-8.738021e-07	-0.016462
-8.718021e-07	-0.016214
-8.698021e-07	-0.01671
-8.678021e-07	-0.016958
-8.658021e-07	-0.017268
-8.638021e-07	-0.017144
-8.618021e-07	-0.017206
-8.598021e-07	-0.017454
-8.578021e-07	-0.017578
-8.558021e-07	-0.017516
-8.538021e-07	-0.01764
-8.518021e-07	-0.017764
-8.498021e-07	-0.017578
-8.478021e-07	-0.017268
-8.458021e-07	-0.017144
-8.438021e-07	-0.016586
-8.418021e-07	-0.016586
-8.398021e-07	-0.015904
-8.378021e-07	-0.016276
-8.358021e-07	-0.016214
-8.338021e-07	-0.016152
-8.318021e-07	-0.015594
-8.298021e-07	-0.01609
-8.278021e-07	-0.015594
-8.258021e-07	-0.015966
-8.238021e-07	-0.015656
-8.218021e-07	-0.015842
-8.198021e-07	-0.015718
-8.178021e-07	-0.01578
-8.158021e-07	-0.015594
-8.138021e-07	-0.015842
-8.118021e-07	-0.015656
-8.098021e-07	-0.01578
-8.078021e-07	-0.015098
-8.058021e-07	-0.015718
-8.038021e-07	-0.015656
-8.018021e-07	-0.015656
-7.998021e-07	-0.015098
-7.978021e-07	-0.015284
-7.958021e-07	-0.014602
-7.938021e-07	-0.01454
-7.918021e-07	-0.014292
-7.898021e-07	-0.014292
-7.878021e-07	-0.014106
-7.858021e-07	-0.014292
-7.838021e-07	-0.014044
-7.818021e-07	-0.01392
-7.798021e-07	-0.013548
-7.778021e-07	-0.013858
-7.758021e-07	-0.013362
-7.738021e-07	-0.013672
-7.718021e-07	-0.013548
-7.698021e-07	-0.0133
-7.678021e-07	-0.013424
-7.658021e-07	-0.013734
-7.638021e-07	-0.013858
-7.618021e-07	-0.01423
-7.598021e-07	-0.013424
-7.578021e-07	-0.013734
-7.558021e-07	-0.013796
-7.538021e-07	-0.014106
-7.518021e-07	-0.013982
-7.498021e-07	-0.01454
-7.478021e-07	-0.01485
-7.458021e-07	-0.015284
-7.438021e-07	-0.01516
-7.418021e-07	-0.015842
-7.398021e-07	-0.015966
-7.378021e-07	-0.016586
-7.358021e-07	-0.01609
-7.338021e-07	-0.016214
-7.318021e-07	-0.016586
-7.298021e-07	-0.016896
-7.278021e-07	-0.01671
-7.258021e-07	-0.017082
-7.238021e-07	-0.01702
-7.218021e-07	-0.017268
-7.198021e-07	-0.01733
-7.178021e-07	-0.018198
-7.158021e-07	-0.018198
-7.138021e-07	-0.01826
-7.118021e-07	-0.017888
-7.098021e-07	-0.01795
-7.078021e-07	-0.018136
-7.058021e-07	-0.018322
-7.038021e-07	-0.018012
-7.018021e-07	-0.018074
-6.998021e-07	-0.018322
-6.978021e-07	-0.018756
-6.958021e-07	-0.01888
-6.938021e-07	-0.018818
-6.918021e-07	-0.018756
-6.898021e-07	-0.018818
-6.878021e-07	-0.018074
-6.858021e-07	-0.01795
-6.838021e-07	-0.01795
-6.818021e-07	-0.018384
-6.798021e-07	-0.018136
-6.778021e-07	-0.01857
-6.758021e-07	-0.018818
-6.738021e-07	-0.018508
-6.718021e-07	-0.01857
-6.698021e-07	-0.018818
-6.678021e-07	-0.018942
-6.658021e-07	-0.019376
-6.638021e-07	-0.019128
-6.618021e-07	-0.0195
-6.598021e-07	-0.019252
-6.578021e-07	-0.019314
-6.558021e-07	-0.0195
-6.538021e-07	-0.019562
-6.518021e-07	-0.019438
-6.498021e-07	-0.0195
-6.478021e-07	-0.019748
-6.458021e-07	-0.020058
-6.438021e-07	-0.020058
-6.418021e-07	-0.020182
-6.398021e-07	-0.020182
-6.378021e-07	-0.020306
-6.358021e-07	-0.020492
-6.338021e-07	-0.02043
-6.318021e-07	-0.020306
-6.298021e-07	-0.02012
-6.278021e-07	-0.019934
-6.258021e-07	-0.020182
-6.238021e-07	-0.019934
-6.218021e-07	-0.019376
-6.198021e-07	-0.019314
-6.178021e-07	-0.019314
-6.158021e-07	-0.01919
-6.138021e-07	-0.019004
-6.118021e-07	-0.01888
-6.098021e-07	-0.01888
-6.078021e-07	-0.01826
-6.058021e-07	-0.018074
-6.038021e-07	-0.017888
-6.018021e-07	-0.017392
-5.998021e-07	-0.017144
-5.978021e-07	-0.017578
-5.958021e-07	-0.017144
-5.938021e-07	-0.017082
-5.918021e-07	-0.017082
-5.898021e-07	-0.017082
-5.878021e-07	-0.017144
-5.858021e-07	-0.01733
-5.838021e-07	-0.016958
-5.818021e-07	-0.017082
-5.798021e-07	-0.017206
-5.778021e-07	-0.017144
-5.758021e-07	-0.016896
-5.738021e-07	-0.016772
-5.718021e-07	-0.016648
-5.698021e-07	-0.0164
-5.678021e-07	-0.016462
-5.658021e-07	-0.016276
-5.638021e-07	-0.016152
-5.618021e-07	-0.016152
-5.598021e-07	-0.016462
-5.578021e-07	-0.016338
-5.558021e-07	-0.016648
-5.538021e-07	-0.016896
-5.518021e-07	-0.016648
-5.498021e-07	-0.017206
-5.478021e-07	-0.01733
-5.458021e-07	-0.017578
-5.438021e-07	-0.017826
-5.418021e-07	-0.018198
-5.398021e-07	-0.018198
-5.378021e-07	-0.018446
-5.358021e-07	-0.018136
-5.338021e-07	-0.018074
-5.318021e-07	-0.017888
-5.298021e-07	-0.017702
-5.278021e-07	-0.017578
-5.258021e-07	-0.017764
-5.238021e-07	-0.017578
-5.218021e-07	-0.017702
-5.198021e-07	-0.017578
-5.178021e-07	-0.018074
-5.158021e-07	-0.018198
-5.138021e-07	-0.018384
-5.118021e-07	-0.01795
-5.098021e-07	-0.018322
-5.078021e-07	-0.018384
-5.058021e-07	-0.018136
-5.038021e-07	-0.018012
-5.018021e-07	-0.018136
-4.998021e-07	-0.018322
-4.978021e-07	-0.01857
-4.958021e-07	-0.018198
-4.938021e-07	-0.018322
-4.918021e-07	-0.018632
-4.898021e-07	-0.01826
-4.878021e-07	-0.018136
-4.858021e-07	-0.01826
-4.838021e-07	-0.01795
-4.818021e-07	-0.018074
-4.798021e-07	-0.017888
-4.778021e-07	-0.018012
-4.758021e-07	-0.017764
-4.738021e-07	-0.017392
-4.718021e-07	-0.01702
-4.698021e-07	-0.017206
-4.678021e-07	-0.017268
-4.658021e-07	-0.01702
-4.638021e-07	-0.016462
-4.618021e-07	-0.016462
-4.598021e-07	-0.0164
-4.578021e-07	-0.016338
-4.558021e-07	-0.016028
-4.538021e-07	-0.015966
-4.518021e-07	-0.015718
-4.498021e-07	-0.01578
-4.478021e-07	-0.015408
-4.458021e-07	-0.015966
-4.438021e-07	-0.015904
-4.418021e-07	-0.015966
-4.398021e-07	-0.01578
-4.378021e-07	-0.015718
-4.358021e-07	-0.015656
-4.338021e-07	-0.016028
-4.318021e-07	-0.015594
-4.298021e-07	-0.015842
-4.278021e-07	-0.015408
-4.258021e-07	-0.015904
-4.238021e-07	-0.015098
-4.218021e-07	-0.015222
-4.198021e-07	-0.014912
-4.178021e-07	-0.014788
-4.158021e-07	-0.014478
-4.138021e-07	-0.015098
-4.118021e-07	-0.015098
-4.098021e-07	-0.015222
-4.078021e-07	-0.01516
-4.058021e-07	-0.015408
-4.038021e-07	-0.015222
-4.018021e-07	-0.015222
-3.998021e-07	-0.015346
-3.978021e-07	-0.01609
-3.958021e-07	-0.016524
-3.938021e-07	-0.01671
-3.918021e-07	-0.016896
-3.898021e-07	-0.017082
-3.878021e-07	-0.017392
-3.858021e-07	-0.01764
-3.838021e-07	-0.017516
-3.818021e-07	-0.017888
-3.798021e-07	-0.017826
-3.778021e-07	-0.018136
-3.758021e-07	-0.01795
-3.738021e-07	-0.018198
-3.718021e-07	-0.018384
-3.698021e-07	-0.018508
-3.678021e-07	-0.018136
-3.658021e-07	-0.018632
-3.638021e-07	-0.01888
-3.618021e-07	-0.018756
-3.598021e-07	-0.01857
-3.578021e-07	-0.01888
-3.558021e-07	-0.018756
-3.538021e-07	-0.019066
-3.518021e-07	-0.019252
-3.498021e-07	-0.019066
-3.478021e-07	-0.01888
-3.458021e-07	-0.018818
-3.438021e-07	-0.018632
-3.418021e-07	-0.018818
-3.398021e-07	-0.018694
-3.378021e-07	-0.018942
-3.358021e-07	-0.01888
-3.338021e-07	-0.018694
-3.318021e-07	-0.01857
-3.298021e-07	-0.019066
-3.278021e-07	-0.019004
-3.258021e-07	-0.019252
-3.238021e-07	-0.019004
-3.218021e-07	-0.01888
-3.198021e-07	-0.01888
-3.178021e-07	-0.018818
-3.158021e-07	-0.019314
-3.138021e-07	-0.019252
-3.118021e-07	-0.01919
-3.098021e-07	-0.019128
-3.078021e-07	-0.019252
-3.058021e-07	-0.019128
-3.038021e-07	-0.019128
-3.018021e-07	-0.019066
-2.998021e-07	-0.01919
-2.978021e-07	-0.019376
-2.958021e-07	-0.01919
-2.938021e-07	-0.019686
-2.918021e-07	-0.019748
-2.898021e-07	-0.020306
-2.878021e-07	-0.020244
-2.858021e-07	-0.020864
-2.838021e-07	-0.020678
-2.818021e-07	-0.02105
-2.798021e-07	-0.020864
-2.778021e-07	-0.020802
-2.758021e-07	-0.02074
-2.738021e-07	-0.020678
-2.718021e-07	-0.020554
-2.698021e-07	-0.020988
-2.678021e-07	-0.02074
-2.658021e-07	-0.021236
-2.638021e-07	-0.021546
-2.618021e-07	-0.021608
-2.598021e-07	-0.021856
-2.578021e-07	-0.02229
-2.558021e-07	-0.022104
-2.538021e-07	-0.022166
-2.518021e-07	-0.02229
-2.498021e-07	-0.0226
-2.478021e-07	-0.022228
-2.458021e-07	-0.021856
-2.438021e-07	-0.021856
-2.418021e-07	-0.022352
-2.398021e-07	-0.021918
-2.378021e-07	-0.021608
-2.358021e-07	-0.02198
-2.338021e-07	-0.02198
-2.318021e-07	-0.021794
-2.298021e-07	-0.021608
-2.278021e-07	-0.02167
-2.258021e-07	-0.02167
-2.238021e-07	-0.02167
-2.218021e-07	-0.021546
-2.198021e-07	-0.021484
-2.178021e-07	-0.021794
-2.158021e-07	-0.021484
-2.138021e-07	-0.02136
-2.118021e-07	-0.02167
-2.098021e-07	-0.021732
-2.078021e-07	-0.021236
-2.058021e-07	-0.021484
-2.038021e-07	-0.02167
-2.018021e-07	-0.021856
-1.998021e-07	-0.021794
-1.978021e-07	-0.021732
-1.958021e-07	-0.021856
-1.938021e-07	-0.022104
-1.918021e-07	-0.021484
-1.898021e-07	-0.021546
-1.878021e-07	-0.021546
-1.858021e-07	-0.021856
-1.838021e-07	-0.021732
-1.818021e-07	-0.021608
-1.798021e-07	-0.021546
-1.778021e-07	-0.021174
-1.758021e-07	-0.020926
-1.738021e-07	-0.020554
-1.718021e-07	-0.020058
-1.698021e-07	-0.020182
-1.678021e-07	-0.02043
-1.658021e-07	-0.020554
-1.638021e-07	-0.020368
-1.618021e-07	-0.02074
-1.598021e-07	-0.020368
-1.578021e-07	-0.02012
-1.558021e-07	-0.020306
-1.538021e-07	-0.020244
-1.518021e-07	-0.020368
-1.498021e-07	-0.02074
-1.478021e-07	-0.020492
-1.458021e-07	-0.020988
-1.438021e-07	-0.020678
-1.418021e-07	-0.020492
-1.398021e-07	-0.020492
-1.378021e-07	-0.02043
-1.358021e-07	-0.020058
-1.338021e-07	-0.019748
-1.318021e-07	-0.019748
-1.298021e-07	-0.02012
-1.278021e-07	-0.019562
-1.258021e-07	-0.019376
-1.238021e-07	-0.018942
-1.218021e-07	-0.019128
-1.198021e-07	-0.018818
-1.178021e-07	-0.018446
-1.158021e-07	-0.018446
-1.138021e-07	-0.018322
-1.118021e-07	-0.017702
-1.098021e-07	-0.01795
-1.078021e-07	-0.017826
-1.058021e-07	-0.017764
-1.038021e-07	-0.017516
-1.018021e-07	-0.017578
-9.980205e-08	-0.01733
-9.780205e-08	-0.017578
-9.580205e-08	-0.017144
-9.380205e-08	-0.017516
-9.180205e-08	-0.017206
-8.980205e-08	-0.017764
-8.780205e-08	-0.017826
-8.580205e-08	-0.018136
-8.380205e-08	-0.018322
-8.180205e-08	-0.01857
-7.980205e-08	-0.018136
-7.780205e-08	-0.01857
-7.580205e-08	-0.018694
-7.380205e-08	-0.018694
-7.180205e-08	-0.01826
-6.980205e-08	-0.018508
-6.780205e-08	-0.018632
-6.580205e-08	-0.01919
-6.380205e-08	-0.018694
-6.180205e-08	-0.01888
-5.980205e-08	-0.018942
-5.780205e-08	-0.019128
-5.580205e-08	-0.01919
-5.380205e-08	-0.019562
-5.180205e-08	-0.019872
-4.980205e-08	-0.019872
-4.780205e-08	-0.019872
-4.580205e-08	-0.02012
-4.380205e-08	-0.02012
-4.180205e-08	-0.019996
-3.980205e-08	-0.019686
-3.780205e-08	-0.019748
-3.580205e-08	-0.01919
-3.380205e-08	-0.019438
-3.180205e-08	-0.019252
-2.980205e-08	-0.019376
-2.780205e-08	-0.01919
-2.580205e-08	-0.019066
-2.380205e-08	-0.018942
-2.180205e-08	-0.018818
-1.980205e-08	-0.019066
-1.780205e-08	-0.01888
-1.580205e-08	-0.018446
-1.380205e-08	-0.01857
-1.180205e-08	-0.018198
-9.802052e-09	-0.018136
-7.802052e-09	-0.017702
-5.802052e-09	-0.018012
-3.802052e-09	-0.017702
-1.802052e-09	-0.01764
1.979478e-10	-0.017206
2.197948e-09	-0.017454
4.197948e-09	-0.01733
6.197948e-09	-0.017516
8.197948e-09	-0.017516
1.019795e-08	-0.017702
1.219795e-08	-0.01733
1.419795e-08	-0.017454
1.619795e-08	-0.017206
1.819795e-08	-0.017392
2.019795e-08	-0.01733
2.219795e-08	-0.016896
2.419795e-08	-0.016586
2.619795e-08	-0.017206
2.819795e-08	-0.016772
3.019795e-08	-0.016834
3.219795e-08	-0.016834
3.419795e-08	-0.016524
3.619795e-08	-0.016462
3.819795e-08	-0.016586
4.019795e-08	-0.016462
4.219795e-08	-0.017144
4.419795e-08	-0.016896
4.619795e-08	-0.016772
4.819795e-08	-0.0164
5.019795e-08	-0.016896
5.219795e-08	-0.016958
5.419795e-08	-0.017268
5.619795e-08	-0.017082
5.819795e-08	-0.017454
6.019795e-08	-0.017702
6.219795e-08	-0.017578
6.419795e-08	-0.01733
6.619795e-08	-0.017268
6.819795e-08	-0.017144
7.019795e-08	-0.01733
7.219795e-08	-0.017454
7.419795e-08	-0.017392
7.619795e-08	-0.01764
7.819795e-08	-0.017144
8.019795e-08	-0.016214
8.219795e-08	-0.0164
8.419795e-08	-0.016276
8.619795e-08	-0.016648
8.819795e-08	-0.01609
9.019795e-08	-0.016276
9.219795e-08	-0.01609
9.419795e-08	-0.016338
9.619795e-08	-0.0164
9.819795e-08	-0.016896
1.001979e-07	-0.016958
1.021979e-07	-0.016896
1.041979e-07	-0.016958
1.061979e-07	-0.017206
1.081979e-07	-0.017578
1.101979e-07	-0.017454
1.121979e-07	-0.017206
1.141979e-07	-0.017702
1.161979e-07	-0.017578
1.181979e-07	-0.018136
1.201979e-07	-0.018012
1.221979e-07	-0.018198
1.241979e-07	-0.017826
1.261979e-07	-0.017826
1.281979e-07	-0.017516
1.301979e-07	-0.017578
1.321979e-07	-0.0164
1.341979e-07	-0.015346
1.361979e-07	-0.012246
1.381979e-07	-0.008278
1.401979e-07	-0.002078
1.421979e-07	0.00592
1.441979e-07	0.015406
1.461979e-07	0.024334
1.481979e-07	0.033696
1.501979e-07	0.042748
1.521979e-07	0.051862
1.541979e-07	0.059488
1.561979e-07	0.067176
1.581979e-07	0.07381
1.601979e-07	0.080134
1.621979e-07	0.085714
1.641979e-07	0.090798
1.661979e-07	0.094952
1.681979e-07	0.098796
1.701979e-07	0.101648
1.721979e-07	0.104872
1.741979e-07	0.107228
1.761979e-07	0.109274
1.781979e-07	0.110638
1.801979e-07	0.112002
1.821979e-07	0.11225
1.841979e-07	0.11287
1.861979e-07	0.112808
1.881979e-07	0.112932
1.901979e-07	0.112436
1.921979e-07	0.112188
1.941979e-07	0.111382
1.961979e-07	0.11101
1.981979e-07	0.109336
2.001979e-07	0.108716
2.021979e-07	0.107042
2.041979e-07	0.106546
2.061979e-07	0.104252
2.081979e-07	0.10264
2.101979e-07	0.100966
2.121979e-07	0.099354
2.141979e-07	0.096936
2.161979e-07	0.0952
2.181979e-07	0.09272
2.201979e-07	0.09148
2.221979e-07	0.089062
2.241979e-07	0.087078
2.261979e-07	0.085404
2.281979e-07	0.083482
2.301979e-07	0.081374
2.321979e-07	0.079142
2.341979e-07	0.077034
2.361979e-07	0.075112
2.381979e-07	0.073066
2.401979e-07	0.070896
2.421979e-07	0.06885
2.441979e-07	0.066742
2.461979e-07	0.064386
2.481979e-07	0.062836
2.501979e-07	0.061162
2.521979e-07	0.05955
2.541979e-07	0.057752
2.561979e-07	0.056016
2.581979e-07	0.054218
2.601979e-07	0.052854
2.621979e-07	0.051304
2.641979e-07	0.049754
2.661979e-07	0.04777
2.681979e-07	0.046406
2.701979e-07	0.044856
2.721979e-07	0.043306
2.741979e-07	0.041694
2.761979e-07	0.040702
2.781979e-07	0.039462
2.801979e-07	0.038098
2.821979e-07	0.036486
2.841979e-07	0.03537
2.861979e-07	0.034254
2.881979e-07	0.033386
2.901979e-07	0.031402
2.921979e-07	0.030596
2.941979e-07	0.029046
2.961979e-07	0.02793
2.981979e-07	0.026628
3.001979e-07	0.025512
3.021979e-07	0.024334
3.041979e-07	0.02328
3.061979e-07	0.021916
3.081979e-07	0.021048
3.101979e-07	0.019746
3.121979e-07	0.018878
3.141979e-07	0.017762
3.161979e-07	0.016956
3.181979e-07	0.016026
3.201979e-07	0.015406
3.221979e-07	0.01429
3.241979e-07	0.013546
3.261979e-07	0.012864
3.281979e-07	0.012368
3.301979e-07	0.011686
3.321979e-07	0.011128
3.341979e-07	0.010074
3.361979e-07	0.009516
3.381979e-07	0.008772
3.401979e-07	0.008524
3.421979e-07	0.007036
3.441979e-07	0.00716
3.461979e-07	0.006292
3.481979e-07	0.006106
3.501979e-07	0.00592
3.521979e-07	0.0053
3.541979e-07	0.004432
3.561979e-07	0.004122
3.581979e-07	0.00375
3.601979e-07	0.003378
3.621979e-07	0.002696
3.641979e-07	0.002014
3.661979e-07	0.001456
3.681979e-07	0.001394
3.701979e-07	0.000774
3.721979e-07	0.000154
3.741979e-07	-0.00028
3.761979e-07	-0.000776
3.781979e-07	-0.0009
3.801979e-07	-0.001024
3.821979e-07	-0.001334
3.841979e-07	-0.001458
3.861979e-07	-0.001892
3.881979e-07	-0.002202
3.901979e-07	-0.002822
3.921979e-07	-0.002574
3.941979e-07	-0.00307
3.961979e-07	-0.00338
3.981979e-07	-0.003814
4.001979e-07	-0.003876
4.021979e-07	-0.004062
4.041979e-07	-0.004186
4.061979e-07	-0.00493
4.081979e-07	-0.004682
4.101979e-07	-0.00524
4.121979e-07	-0.00524
4.141979e-07	-0.006046
4.161979e-07	-0.006356
4.181979e-07	-0.007348
4.201979e-07	-0.007534
4.221979e-07	-0.00772
4.241979e-07	-0.008154
4.261979e-07	-0.008402
4.281979e-07	-0.008402
4.301979e-07	-0.008712
4.321979e-07	-0.009022
4.341979e-07	-0.009022
4.361979e-07	-0.00896
4.381979e-07	-0.009146
4.401979e-07	-0.009518
4.421979e-07	-0.01051
4.441979e-07	-0.010944
4.461979e-07	-0.010882
4.481979e-07	-0.011068
4.501979e-07	-0.011812
4.521979e-07	-0.01237
4.541979e-07	-0.012618
4.561979e-07	-0.012618
4.581979e-07	-0.013176
4.601979e-07	-0.0133
4.621979e-07	-0.013486
4.641979e-07	-0.013052
4.661979e-07	-0.01392
4.681979e-07	-0.013424
4.701979e-07	-0.013734
4.721979e-07	-0.013052
4.741979e-07	-0.013114
4.761979e-07	-0.0133
4.781979e-07	-0.013424
4.801979e-07	-0.013114
4.821979e-07	-0.013548
4.841979e-07	-0.013548
4.861979e-07	-0.013424
4.881979e-07	-0.013052
4.901979e-07	-0.01361
4.921979e-07	-0.013672
4.941979e-07	-0.01361
4.961979e-07	-0.013672
4.981979e-07	-0.013982
5.001979e-07	-0.013734
5.021979e-07	-0.014106
5.041979e-07	-0.013982
5.061979e-07	-0.014044
5.081979e-07	-0.013734
5.101979e-07	-0.014044
5.121979e-07	-0.01392
5.141979e-07	-0.01454
5.161979e-07	-0.014354
5.181979e-07	-0.014168
5.201979e-07	-0.013982
5.221979e-07	-0.01454
5.241979e-07	-0.014292
5.261979e-07	-0.014354
5.281979e-07	-0.014354
5.301979e-07	-0.015346
5.321979e-07	-0.015222
5.341979e-07	-0.015408
5.361979e-07	-0.015036
5.381979e-07	-0.01578
5.401979e-07	-0.016152
5.421979e-07	-0.016338
5.441979e-07	-0.016462
5.461979e-07	-0.01702
5.481979e-07	-0.01671
5.501979e-07	-0.016772
5.521979e-07	-0.016648
5.541979e-07	-0.017082
5.561979e-07	-0.01733
5.581979e-07	-0.017082
5.601979e-07	-0.016834
5.621979e-07	-0.01671
5.641979e-07	-0.016462
5.661979e-07	-0.016462
5.681979e-07	-0.01609
5.701979e-07	-0.0164
5.721979e-07	-0.0164
5.741979e-07	-0.016586
5.761979e-07	-0.0164
5.781979e-07	-0.016462
5.801979e-07	-0.01671
5.821979e-07	-0.016834
5.841979e-07	-0.017144
5.861979e-07	-0.017206
5.881979e-07	-0.017144
5.901979e-07	-0.017082
5.921979e-07	-0.016772
5.941979e-07	-0.017144
5.961979e-07	-0.017392
5.981979e-07	-0.017826
6.001979e-07	-0.017392
6.021979e-07	-0.017454
6.041979e-07	-0.017392
6.061979e-07	-0.01733
6.081979e-07	-0.017268
6.101979e-07	-0.017454
6.121979e-07	-0.01702
6.141979e-07	-0.017454
6.161979e-07	-0.017392
6.181979e-07	-0.017516
6.201979e-07	-0.017826
6.221979e-07	-0.017454
6.241979e-07	-0.017516
6.261979e-07	-0.01764
6.281979e-07	-0.018012
6.301979e-07	-0.018694
6.321979e-07	-0.018508
6.341979e-07	-0.018694
6.361979e-07	-0.018322
6.381979e-07	-0.018446
6.401979e-07	-0.01857
6.421979e-07	-0.019066
6.441979e-07	-0.01888
6.461979e-07	-0.019252
6.481979e-07	-0.018942
6.501979e-07	-0.019066
6.521979e-07	-0.01919
6.541979e-07	-0.019376
6.561979e-07	-0.0195
6.581979e-07	-0.019562
6.601979e-07	-0.0195
6.621979e-07	-0.019934
6.641979e-07	-0.019748
6.661979e-07	-0.0195
6.681979e-07	-0.019252
6.701979e-07	-0.019314
6.721979e-07	-0.01919
6.741979e-07	-0.01888
6.761979e-07	-0.01919
6.781979e-07	-0.019314
6.801979e-07	-0.019066
6.821979e-07	-0.019066
6.841979e-07	-0.019252
6.861979e-07	-0.0195
6.881979e-07	-0.019748
6.901979e-07	-0.019748
6.921979e-07	-0.0195
6.941979e-07	-0.019748
6.961979e-07	-0.019562
6.981979e-07	-0.019438
7.001979e-07	-0.01981
7.021979e-07	-0.019748
7.041979e-07	-0.019872
7.061979e-07	-0.020244
7.081979e-07	-0.020244
7.101979e-07	-0.020554
7.121979e-07	-0.02012
7.141979e-07	-0.019934
7.161979e-07	-0.020244
7.181979e-07	-0.020368
7.201979e-07	-0.02043
7.221979e-07	-0.020182
7.241979e-07	-0.020244
7.261979e-07	-0.02074
7.281979e-07	-0.020368
7.301979e-07	-0.020554
7.321979e-07	-0.020368
7.341979e-07	-0.020554
7.361979e-07	-0.020306
7.381979e-07	-0.01981
7.401979e-07	-0.01981
7.421979e-07	-0.020182
7.441979e-07	-0.020058
7.461979e-07	-0.019934
7.481979e-07	-0.020244
7.501979e-07	-0.020244
7.521979e-07	-0.020244
7.541979e-07	-0.020368
7.561979e-07	-0.020554
7.581979e-07	-0.020492
7.601979e-07	-0.020058
7.621979e-07	-0.020058
7.641979e-07	-0.019934
7.661979e-07	-0.019996
7.681979e-07	-0.019934
7.701979e-07	-0.020368
7.721979e-07	-0.020182
7.741979e-07	-0.020058
7.761979e-07	-0.02012
7.781979e-07	-0.020182
7.801979e-07	-0.020244
7.821979e-07	-0.019996
7.841979e-07	-0.019686
7.861979e-07	-0.019996
7.881979e-07	-0.019624
7.901979e-07	-0.019624
7.921979e-07	-0.019624
7.941979e-07	-0.0195
7.961979e-07	-0.019686
7.981979e-07	-0.01981
8.001979e-07	-0.019686
8.021979e-07	-0.020244
8.041979e-07	-0.02012
8.061979e-07	-0.020058
8.081979e-07	-0.019624
8.101979e-07	-0.02012
8.121979e-07	-0.019934
8.141979e-07	-0.020182
8.161979e-07	-0.020182
8.181979e-07	-0.020058
8.201979e-07	-0.020306
8.221979e-07	-0.020058
8.241979e-07	-0.020492
8.261979e-07	-0.020058
8.281979e-07	-0.020492
8.301979e-07	-0.020368
8.321979e-07	-0.019934
8.341979e-07	-0.019934
8.361979e-07	-0.019686
8.381979e-07	-0.019314
8.401979e-07	-0.019252
8.421979e-07	-0.01919
8.441979e-07	-0.018942
8.461979e-07	-0.019004
8.481979e-07	-0.019004
8.501979e-07	-0.018818
8.521979e-07	-0.018508
8.541979e-07	-0.01857
8.561979e-07	-0.01764
8.581979e-07	-0.01764
8.601979e-07	-0.017206
8.621979e-07	-0.017082
8.641979e-07	-0.016772
8.661979e-07	-0.01671
8.681979e-07	-0.016772
8.701979e-07	-0.016834
8.721979e-07	-0.016834
8.741979e-07	-0.017082
8.761979e-07	-0.017392
8.781979e-07	-0.017082
8.801979e-07	-0.016648
8.821979e-07	-0.016524
8.841979e-07	-0.0164
8.861979e-07	-0.016586
8.881979e-07	-0.016524
8.901979e-07	-0.016524
8.921979e-07	-0.016524
8.941979e-07	-0.016586
8.961979e-07	-0.01671
8.981979e-07	-0.017206
9.001979e-07	-0.016896
9.021979e-07	-0.017268
9.041979e-07	-0.017082
9.061979e-07	-0.01702
9.081979e-07	-0.017268
9.101979e-07	-0.017454
9.121979e-07	-0.016958
9.141979e-07	-0.017516
9.161979e-07	-0.017392
9.181979e-07	-0.017578
9.201979e-07	-0.016958
9.221979e-07	-0.01764
9.241979e-07	-0.017516
9.261979e-07	-0.017454
9.281979e-07	-0.016834
9.301979e-07	-0.017454
9.321979e-07	-0.017516
9.341979e-07	-0.01764
9.361979e-07	-0.017206
9.381979e-07	-0.017268
9.401979e-07	-0.017082
9.421979e-07	-0.017392
9.441979e-07	-0.017454
9.461979e-07	-0.017454
9.481979e-07	-0.017082
9.501979e-07	-0.017578
9.521979e-07	-0.017144
9.541979e-07	-0.017082
9.561979e-07	-0.016772
9.581979e-07	-0.016524
9.601979e-07	-0.016276
9.621979e-07	-0.016214
9.641979e-07	-0.016028
9.661979e-07	-0.016462
9.681979e-07	-0.016338
9.701979e-07	-0.016648
9.721979e-07	-0.016462
9.741979e-07	-0.016834
9.761979e-07	-0.016834
9.781979e-07	-0.016958
9.801979e-07	-0.016648
9.821979e-07	-0.01702
9.841979e-07	-0.01671
9.861979e-07	-0.016834
9.881979e-07	-0.017268
9.901979e-07	-0.017516
9.921979e-07	-0.017268
9.941979e-07	-0.017206
9.961979e-07	-0.017454
9.981979e-07	-0.017392
1.000198e-06	-0.017206
1.002198e-06	-0.017144
1.004198e-06	-0.017392
1.006198e-06	-0.017392
1.008198e-06	-0.017206
1.010198e-06	-0.017578
1.012198e-06	-0.017454
1.014198e-06	-0.017454
1.016198e-06	-0.017392
1.018198e-06	-0.017826
1.020198e-06	-0.017702
1.022198e-06	-0.017454
1.024198e-06	-0.017082
1.026198e-06	-0.017268
1.028198e-06	-0.017392
1.030198e-06	-0.017268
1.032198e-06	-0.016958
1.034198e-06	-0.017082
1.036198e-06	-0.016648
1.038198e-06	-0.017268
1.040198e-06	-0.016586
1.042198e-06	-0.016648
1.044198e-06	-0.017082
1.046198e-06	-0.017454
1.048198e-06	-0.017268
1.050198e-06	-0.017392
1.052198e-06	-0.017578
1.054198e-06	-0.017392
1.056198e-06	-0.017268
1.058198e-06	-0.01764
1.060198e-06	-0.017702
1.062198e-06	-0.018198
1.064198e-06	-0.01826
1.066198e-06	-0.01857
1.068198e-06	-0.018694
1.070198e-06	-0.019066
1.072198e-06	-0.018942
1.074198e-06	-0.019252
1.076198e-06	-0.019376
1.078198e-06	-0.019624
1.080198e-06	-0.019624
1.082198e-06	-0.019872
1.084198e-06	-0.019624
1.086198e-06	-0.019934
1.088198e-06	-0.019934
1.090198e-06	-0.019996
1.092198e-06	-0.019872
1.094198e-06	-0.020244
1.096198e-06	-0.02012
1.098198e-06	-0.020244
1.100198e-06	-0.020182
1.102198e-06	-0.019872
1.104198e-06	-0.019934
1.106198e-06	-0.020058
1.108198e-06	-0.019872
1.110198e-06	-0.019872
1.112198e-06	-0.019686
1.114198e-06	-0.019686
1.116198e-06	-0.019872
1.118198e-06	-0.02012
1.120198e-06	-0.019996
1.122198e-06	-0.019748
1.124198e-06	-0.0195
1.126198e-06	-0.019748
1.128198e-06	-0.019314
1.130198e-06	-0.019438
1.132198e-06	-0.01981
1.134198e-06	-0.020244
1.136198e-06	-0.020058
1.138198e-06	-0.019624
1.140198e-06	-0.0195
1.142198e-06	-0.01981
1.144198e-06	-0.019872
1.146198e-06	-0.020058
1.148198e-06	-0.020058
1.150198e-06	-0.019624
1.152198e-06	-0.019872
1.154198e-06	-0.020182
1.156198e-06	-0.020368
1.158198e-06	-0.020368
1.160198e-06	-0.020244
1.162198e-06	-0.020616
1.164198e-06	-0.02105
1.166198e-06	-0.021112
1.168198e-06	-0.020802
1.170198e-06	-0.020802
1.172198e-06	-0.020492
1.174198e-06	-0.020616
1.176198e-06	-0.020678
1.178198e-06	-0.020182
1.180198e-06	-0.020182
1.182198e-06	-0.02074
1.184198e-06	-0.020616
1.186198e-06	-0.020554
1.188198e-06	-0.02043
1.190198e-06	-0.019624
1.192198e-06	-0.019624
1.194198e-06	-0.019872
1.196198e-06	-0.01981
1.198198e-06	-0.020058
1.200198e-06	-0.019934
1.202198e-06	-0.019686
1.204198e-06	-0.019686
1.206198e-06	-0.019624
1.208198e-06	-0.019066
1.210198e-06	-0.019128
1.212198e-06	-0.019066
1.214198e-06	-0.019314
1.216198e-06	-0.019066
1.218198e-06	-0.0195
1.220198e-06	-0.019686
1.222198e-06	-0.0195
1.224198e-06	-0.01919
1.226198e-06	-0.018632
1.228198e-06	-0.018942
1.230198e-06	-0.01857
1.232198e-06	-0.018384
1.234198e-06	-0.01857
1.236198e-06	-0.017888
1.238198e-06	-0.018074
1.240198e-06	-0.017578
1.242198e-06	-0.017826
1.244198e-06	-0.017826
1.246198e-06	-0.01795
1.248198e-06	-0.017392
1.250198e-06	-0.017702
1.252198e-06	-0.017516
1.254198e-06	-0.017702
1.256198e-06	-0.017206
1.258198e-06	-0.017392
1.260198e-06	-0.017454
1.262198e-06	-0.017144
1.264198e-06	-0.016896
1.266198e-06	-0.017082
1.268198e-06	-0.016772
1.270198e-06	-0.016958
1.272198e-06	-0.016338
1.274198e-06	-0.016462
1.276198e-06	-0.016586
1.278198e-06	-0.01671
1.280198e-06	-0.016338
1.282198e-06	-0.016586
1.284198e-06	-0.016648
1.286198e-06	-0.016772
1.288198e-06	-0.016648
1.290198e-06	-0.017082
1.292198e-06	-0.016586
1.294198e-06	-0.016958
1.296198e-06	-0.017206
1.298198e-06	-0.017516
1.300198e-06	-0.017454
1.302198e-06	-0.017206
1.304198e-06	-0.017516
1.306198e-06	-0.018136
1.308198e-06	-0.018074
1.310198e-06	-0.018446
1.312198e-06	-0.018136
1.314198e-06	-0.018508
1.316198e-06	-0.018818
1.318198e-06	-0.018818
1.320198e-06	-0.018756
1.322198e-06	-0.018756
1.324198e-06	-0.019128
1.326198e-06	-0.019004
1.328198e-06	-0.018198
1.330198e-06	-0.018384
1.332198e-06	-0.01795
1.334198e-06	-0.017702
1.336198e-06	-0.016958
1.338198e-06	-0.016524
1.340198e-06	-0.015656
1.342198e-06	-0.015718
1.344198e-06	-0.015284
1.346198e-06	-0.015346
1.348198e-06	-0.01516
1.350198e-06	-0.014974
1.352198e-06	-0.014478
1.354198e-06	-0.014602
1.356198e-06	-0.014478
1.358198e-06	-0.015036
1.360198e-06	-0.014726
1.362198e-06	-0.015098
1.364198e-06	-0.015036
1.366198e-06	-0.015098
1.368198e-06	-0.015284
1.370198e-06	-0.015408
1.372198e-06	-0.015098
1.374198e-06	-0.015222
1.376198e-06	-0.015036
1.378198e-06	-0.01516
1.380198e-06	-0.015036
1.382198e-06	-0.014974
1.384198e-06	-0.015036
1.386198e-06	-0.015656
1.388198e-06	-0.015594
1.390198e-06	-0.015842
1.392198e-06	-0.015842
1.394198e-06	-0.016276
1.396198e-06	-0.01578
1.398198e-06	-0.015904
1.400198e-06	-0.01547
1.402198e-06	-0.015904
1.404198e-06	-0.016028
1.406198e-06	-0.016586
1.408198e-06	-0.016524
1.410198e-06	-0.01671
1.412198e-06	-0.016462
1.414198e-06	-0.016214
1.416198e-06	-0.016152
1.418198e-06	-0.016524
1.420198e-06	-0.016524
1.422198e-06	-0.016958
1.424198e-06	-0.0164
1.426198e-06	-0.016648
1.428198e-06	-0.016524
1.430198e-06	-0.016834
1.432198e-06	-0.016524
1.434198e-06	-0.016462
1.436198e-06	-0.016896
1.438198e-06	-0.016772
1.440198e-06	-0.016524
1.442198e-06	-0.016214
1.444198e-06	-0.016152
1.446198e-06	-0.015718
1.448198e-06	-0.015408
1.450198e-06	-0.01578
1.452198e-06	-0.01547
1.454198e-06	-0.015718
1.456198e-06	-0.015718
1.458198e-06	-0.015842
1.460198e-06	-0.01578
1.462198e-06	-0.015718
1.464198e-06	-0.01547
1.466198e-06	-0.015656
1.468198e-06	-0.015594
1.470198e-06	-0.015532
1.472198e-06	-0.01547
1.474198e-06	-0.016028
1.476198e-06	-0.015656
1.478198e-06	-0.015656
1.480198e-06	-0.015284
1.482198e-06	-0.01578
1.484198e-06	-0.015284
1.486198e-06	-0.015532
1.488198e-06	-0.01516
1.490198e-06	-0.015098
1.492198e-06	-0.015098
1.494198e-06	-0.015408
1.496198e-06	-0.014974
1.498198e-06	-0.015408
1.500198e-06	-0.015718
1.502198e-06	-0.01578
1.504198e-06	-0.015966
1.506198e-06	-0.016338
1.508198e-06	-0.016338
1.510198e-06	-0.0164
1.512198e-06	-0.016214
1.514198e-06	-0.016214
1.516198e-06	-0.016152
1.518198e-06	-0.01609
1.520198e-06	-0.016276
1.522198e-06	-0.016462
1.524198e-06	-0.016586
1.526198e-06	-0.016524
1.528198e-06	-0.0164
1.530198e-06	-0.016586
1.532198e-06	-0.016586
1.534198e-06	-0.01702
1.536198e-06	-0.016648
1.538198e-06	-0.017206
1.540198e-06	-0.017144
1.542198e-06	-0.017082
1.544198e-06	-0.01671
1.546198e-06	-0.01671
1.548198e-06	-0.01671
1.550198e-06	-0.016648
1.552198e-06	-0.015966
1.554198e-06	-0.016152
1.556198e-06	-0.015842
1.558198e-06	-0.015904
1.560198e-06	-0.015408
1.562198e-06	-0.015532
1.564198e-06	-0.015222
1.566198e-06	-0.01547
1.568198e-06	-0.015284
1.570198e-06	-0.015222
1.572198e-06	-0.014912
1.574198e-06	-0.014974
1.576198e-06	-0.014416
1.578198e-06	-0.014478
1.580198e-06	-0.01392
1.582198e-06	-0.014168
1.584198e-06	-0.014044
1.586198e-06	-0.01454
1.588198e-06	-0.014602
1.590198e-06	-0.014478
1.592198e-06	-0.014602
1.594198e-06	-0.015346
1.596198e-06	-0.01516
1.598198e-06	-0.015656
1.600198e-06	-0.01516
1.602198e-06	-0.015594
1.604198e-06	-0.01578
1.606198e-06	-0.015904
1.608198e-06	-0.01547
1.610198e-06	-0.01578
1.612198e-06	-0.015408
1.614198e-06	-0.015842
1.616198e-06	-0.015594
1.618198e-06	-0.015718
1.620198e-06	-0.01609
1.622198e-06	-0.01609
1.624198e-06	-0.016152
1.626198e-06	-0.016462
1.628198e-06	-0.016462
1.630198e-06	-0.016214
1.632198e-06	-0.015594
1.634198e-06	-0.015966
1.636198e-06	-0.015532
1.638198e-06	-0.015284
1.640198e-06	-0.014664
1.642198e-06	-0.014912
1.644198e-06	-0.014354
1.646198e-06	-0.014602
1.648198e-06	-0.014788
1.650198e-06	-0.014912
1.652198e-06	-0.014478
1.654198e-06	-0.014912
1.656198e-06	-0.014478
1.658198e-06	-0.01485
1.660198e-06	-0.014974
1.662198e-06	-0.015408
1.664198e-06	-0.014788
1.666198e-06	-0.015098
1.668198e-06	-0.014664
1.670198e-06	-0.014788
1.672198e-06	-0.015036
1.674198e-06	-0.015718
1.676198e-06	-0.015532
1.678198e-06	-0.016028
1.680198e-06	-0.015718
1.682198e-06	-0.015842
1.684198e-06	-0.01578
1.686198e-06	-0.01609
1.688198e-06	-0.016338
1.690198e-06	-0.016772
1.692198e-06	-0.016276
1.694198e-06	-0.016524
1.696198e-06	-0.016152
1.698198e-06	-0.01609
1.700198e-06	-0.01609
1.702198e-06	-0.016462
1.704198e-06	-0.01578
1.706198e-06	-0.016214
1.708198e-06	-0.015656
1.710198e-06	-0.01578
1.712198e-06	-0.01516
1.714198e-06	-0.015594
1.716198e-06	-0.01516
1.718198e-06	-0.014912
1.720198e-06	-0.014292
1.722198e-06	-0.01485
1.724198e-06	-0.01485
1.726198e-06	-0.015036
1.728198e-06	-0.014726
1.730198e-06	-0.01485
1.732198e-06	-0.01516
1.734198e-06	-0.014974
1.736198e-06	-0.014726
1.738198e-06	-0.014788
1.740198e-06	-0.014788
1.742198e-06	-0.014912
1.744198e-06	-0.014602
1.746198e-06	-0.014974
1.748198e-06	-0.01516
1.750198e-06	-0.01547
1.752198e-06	-0.015284
1.754198e-06	-0.015966
1.756198e-06	-0.016028
1.758198e-06	-0.016152
1.760198e-06	-0.016276
1.762198e-06	-0.01702
1.764198e-06	-0.016462
1.766198e-06	-0.016586
1.768198e-06	-0.0164
1.770198e-06	-0.016586
1.772198e-06	-0.01671
1.774198e-06	-0.016896
1.776198e-06	-0.016524
1.778198e-06	-0.016772
1.780198e-06	-0.016834
1.782198e-06	-0.016524
1.784198e-06	-0.016834
1.786198e-06	-0.01764
1.788198e-06	-0.017454
1.790198e-06	-0.01733
1.792198e-06	-0.016834
1.794198e-06	-0.01671
1.796198e-06	-0.01671
1.798198e-06	-0.017268
1.800198e-06	-0.016896
1.802198e-06	-0.017268
1.804198e-06	-0.016958
1.806198e-06	-0.017082
1.808198e-06	-0.017082
1.810198e-06	-0.01702
1.812198e-06	-0.017144
1.814198e-06	-0.017454
1.816198e-06	-0.017268
1.818198e-06	-0.017578
1.820198e-06	-0.017454
1.822198e-06	-0.017888
1.824198e-06	-0.017702
1.826198e-06	-0.017826
1.828198e-06	-0.017826
1.830198e-06	-0.018074
1.832198e-06	-0.018074
1.834198e-06	-0.018136
1.836198e-06	-0.01888
1.838198e-06	-0.019128
1.840198e-06	-0.019066
1.842198e-06	-0.019314
1.844198e-06	-0.019066
1.846198e-06	-0.019252
1.848198e-06	-0.019004
1.850198e-06	-0.019066
1.852198e-06	-0.019252
1.854198e-06	-0.01919
1.856198e-06	-0.01857
1.858198e-06	-0.018942
1.860198e-06	-0.019066
1.862198e-06	-0.019252
1.864198e-06	-0.019252
1.866198e-06	-0.019376
1.868198e-06	-0.019128
1.870198e-06	-0.019066
1.872198e-06	-0.019004
1.874198e-06	-0.019314
1.876198e-06	-0.018818
1.878198e-06	-0.019066
1.880198e-06	-0.019252
1.882198e-06	-0.019066
1.884198e-06	-0.019376
1.886198e-06	-0.019686
1.888198e-06	-0.019438
1.890198e-06	-0.019748
1.892198e-06	-0.020058
1.894198e-06	-0.020368
1.896198e-06	-0.020306
1.898198e-06	-0.02043
1.900198e-06	-0.020306
1.902198e-06	-0.020554
1.904198e-06	-0.020182
1.906198e-06	-0.020802
1.908198e-06	-0.020864
1.910198e-06	-0.021112
1.912198e-06	-0.020802
1.914198e-06	-0.02105
1.916198e-06	-0.020864
1.918198e-06	-0.020802
1.920198e-06	-0.020678
1.922198e-06	-0.020616
1.924198e-06	-0.02074
1.926198e-06	-0.021298
1.928198e-06	-0.020926
1.930198e-06	-0.021112
1.932198e-06	-0.02074
1.934198e-06	-0.021484
1.936198e-06	-0.020988
1.938198e-06	-0.020802
1.940198e-06	-0.020554
1.942198e-06	-0.020244
1.944198e-06	-0.020306
1.946198e-06	-0.019934
1.948198e-06	-0.019748
1.950198e-06	-0.0195
1.952198e-06	-0.01919
1.954198e-06	-0.01888
1.956198e-06	-0.018818
1.958198e-06	-0.019004
1.960198e-06	-0.018756
1.962198e-06	-0.01857
1.964198e-06	-0.018508
1.966198e-06	-0.018694
1.968198e-06	-0.018508
1.970198e-06	-0.01888
1.972198e-06	-0.01888
1.974198e-06	-0.01857
1.976198e-06	-0.018756
1.978198e-06	-0.018632
1.980198e-06	-0.018384
1.982198e-06	-0.01857
1.984198e-06	-0.018508
1.986198e-06	-0.018632
1.988198e-06	-0.019066
1.990198e-06	-0.019376
1.992198e-06	-0.019004
1.994198e-06	-0.019252
1.996198e-06	-0.019252
1.998198e-06	-0.019438
2.000198e-06	-0.01888
2.002198e-06	-0.019438
2.004198e-06	-0.019376
2.006198e-06	-0.0195
2.008198e-06	-0.019562
2.010198e-06	-0.019748
2.012198e-06	-0.01981
2.014198e-06	-0.019686
2.016198e-06	-0.019376
2.018198e-06	-0.019624
2.020198e-06	-0.019686
2.022198e-06	-0.019748
2.024198e-06	-0.019624
2.026198e-06	-0.019872
2.028198e-06	-0.019934
2.030198e-06	-0.019872
2.032198e-06	-0.019562
2.034198e-06	-0.019872
2.036198e-06	-0.019872
2.038198e-06	-0.02012
2.040198e-06	-0.02012
2.042198e-06	-0.020244
2.044198e-06	-0.020368
2.046198e-06	-0.020554
2.048198e-06	-0.020058
2.050198e-06	-0.019996
2.052198e-06	-0.019934
2.054198e-06	-0.019748
2.056198e-06	-0.0195
2.058198e-06	-0.01919
2.060198e-06	-0.019066
2.062198e-06	-0.019004
2.064198e-06	-0.018508
2.066198e-06	-0.018756
2.068198e-06	-0.018508
2.070198e-06	-0.018508
2.072198e-06	-0.018384
2.074198e-06	-0.018384
2.076198e-06	-0.01826
2.078198e-06	-0.018384
2.080198e-06	-0.018322
2.082198e-06	-0.018508
2.084198e-06	-0.018322
2.086198e-06	-0.018508
2.088198e-06	-0.018012
2.090198e-06	-0.017826
2.092198e-06	-0.017516
2.094198e-06	-0.017516
2.096198e-06	-0.016958
2.098198e-06	-0.017082
2.100198e-06	-0.01671
2.102198e-06	-0.016338
2.104198e-06	-0.01578
2.106198e-06	-0.016276
2.108198e-06	-0.016462
2.110198e-06	-0.016834
2.112198e-06	-0.016834
2.114198e-06	-0.01671
2.116198e-06	-0.016214
2.118198e-06	-0.016648
2.120198e-06	-0.017206
2.122198e-06	-0.016896
2.124198e-06	-0.016834
2.126198e-06	-0.016896
2.128198e-06	-0.01733
2.130198e-06	-0.017826
2.132198e-06	-0.017702
2.134198e-06	-0.018074
2.136198e-06	-0.017702
2.138198e-06	-0.017516
2.140198e-06	-0.017516
2.142198e-06	-0.017392
2.144198e-06	-0.017268
2.146198e-06	-0.017268
2.148198e-06	-0.016772
2.150198e-06	-0.017206
2.152198e-06	-0.016958
2.154198e-06	-0.0164
2.156198e-06	-0.016462
2.158198e-06	-0.0164
2.160198e-06	-0.015966
2.162198e-06	-0.016338
2.164198e-06	-0.016648
2.166198e-06	-0.016152
2.168198e-06	-0.015284
2.170198e-06	-0.015036
2.172198e-06	-0.014602
2.174198e-06	-0.014416
2.176198e-06	-0.013858
2.178198e-06	-0.014168
2.180198e-06	-0.013796
2.182198e-06	-0.014044
2.184198e-06	-0.013424
2.186198e-06	-0.013796
2.188198e-06	-0.013734
2.190198e-06	-0.014044
2.192198e-06	-0.01361
2.194198e-06	-0.013982
2.196198e-06	-0.013982
2.198198e-06	-0.01423
2.200198e-06	-0.013982
2.202198e-06	-0.013982
2.204198e-06	-0.013734
2.206198e-06	-0.014044
2.208198e-06	-0.013858
2.210198e-06	-0.014292
2.212198e-06	-0.013982
2.214198e-06	-0.014416
2.216198e-06	-0.014044
2.218198e-06	-0.014416
2.220198e-06	-0.014106
2.222198e-06	-0.013796
2.224198e-06	-0.013362
2.226198e-06	-0.01361
2.228198e-06	-0.013734
2.230198e-06	-0.013424
2.232198e-06	-0.01299
2.234198e-06	-0.013362
2.236198e-06	-0.013052
2.238198e-06	-0.0133
2.240198e-06	-0.013052
2.242198e-06	-0.013486
2.244198e-06	-0.0133
2.246198e-06	-0.013362
2.248198e-06	-0.013114
2.250198e-06	-0.013238
2.252198e-06	-0.013424
2.254198e-06	-0.013548
2.256198e-06	-0.013424
2.258198e-06	-0.01423
2.260198e-06	-0.014354
2.262198e-06	-0.014416
2.264198e-06	-0.014168
2.266198e-06	-0.013982
2.268198e-06	-0.01361
2.270198e-06	-0.014106
2.272198e-06	-0.013548
2.274198e-06	-0.014292
2.276198e-06	-0.014354
2.278198e-06	-0.014478
2.280198e-06	-0.014044
2.282198e-06	-0.014726
2.284198e-06	-0.014664
2.286198e-06	-0.015036
2.288198e-06	-0.015036
2.290198e-06	-0.015594
2.292198e-06	-0.015904
2.294198e-06	-0.016214
2.296198e-06	-0.01609
2.298198e-06	-0.016276
2.300198e-06	-0.016586
2.302198e-06	-0.016648
2.304198e-06	-0.016958
2.306198e-06	-0.01733
2.308198e-06	-0.017578
2.310198e-06	-0.01795
2.312198e-06	-0.017392
2.314198e-06	-0.017888
2.316198e-06	-0.017888
2.318198e-06	-0.017888
2.320198e-06	-0.017826
2.322198e-06	-0.018136
2.324198e-06	-0.017578
2.326198e-06	-0.017826
2.328198e-06	-0.01733
2.330198e-06	-0.017082
2.332198e-06	-0.016338
2.334198e-06	-0.016462
2.336198e-06	-0.015966
2.338198e-06	-0.016152
2.340198e-06	-0.015904
2.342198e-06	-0.015904
2.344198e-06	-0.015842
2.346198e-06	-0.015904
2.348198e-06	-0.015904
2.350198e-06	-0.015842
2.352198e-06	-0.01547
2.354198e-06	-0.015718
2.356198e-06	-0.015594
2.358198e-06	-0.016214
2.360198e-06	-0.016276
2.362198e-06	-0.016586
2.364198e-06	-0.016586
2.366198e-06	-0.01671
2.368198e-06	-0.016772
2.370198e-06	-0.017454
2.372198e-06	-0.017268
2.374198e-06	-0.017454
2.376198e-06	-0.017392
2.378198e-06	-0.017702
2.380198e-06	-0.017392
2.382198e-06	-0.017206
2.384198e-06	-0.017454
2.386198e-06	-0.017702
2.388198e-06	-0.017826
2.390198e-06	-0.01795
2.392198e-06	-0.017764
2.394198e-06	-0.017826
2.396198e-06	-0.01795
2.398198e-06	-0.018198
2.400198e-06	-0.017764
2.402198e-06	-0.017516
2.404198e-06	-0.017454
2.406198e-06	-0.017392
2.408198e-06	-0.017206
2.410198e-06	-0.016772
2.412198e-06	-0.016276
2.414198e-06	-0.016524
2.416198e-06	-0.016338
2.418198e-06	-0.016276
2.420198e-06	-0.015842
2.422198e-06	-0.015408
2.424198e-06	-0.015098
2.426198e-06	-0.01578
2.428198e-06	-0.015408
2.430198e-06	-0.014912
2.432198e-06	-0.014106
2.434198e-06	-0.014354
2.436198e-06	-0.014912
2.438198e-06	-0.014664
2.440198e-06	-0.014478
2.442198e-06	-0.014664
2.444198e-06	-0.015222
2.446198e-06	-0.015718
2.448198e-06	-0.015594
2.450198e-06	-0.015284
2.452198e-06	-0.015904
2.454198e-06	-0.016152
2.456198e-06	-0.01609
2.458198e-06	-0.016524
2.460198e-06	-0.016834
2.462198e-06	-0.016958
2.464198e-06	-0.016524
2.466198e-06	-0.01702
2.468198e-06	-0.017454
2.470198e-06	-0.017454
2.472198e-06	-0.017268
2.474198e-06	-0.017144
2.476198e-06	-0.01702
2.478198e-06	-0.01702
2.480198e-06	-0.01702
2.482198e-06	-0.016772
2.484198e-06	-0.016462
2.486198e-06	-0.016462
2.488198e-06	-0.016648
2.490198e-06	-0.01671
2.492198e-06	-0.01702
2.494198e-06	-0.017392
2.496198e-06	-0.01733
2.498198e-06	-0.017454
2.500198e-06	-0.017206
