LECROYHDO6104A	50809	Waveform
Segments	1	SegmentSize	2502
Segment	TrigTime	TimeSinceSegment1
#1	19-Dec-2022 19:38:08	0                 
Time	Ampl
-2.500703e-06	-0.0181
-2.498703e-06	-0.01765
-2.496703e-06	-0.0181
-2.494703e-06	-0.0178
-2.492703e-06	-0.0181
-2.490703e-06	-0.01825
-2.488703e-06	-0.0184
-2.486703e-06	-0.01795
-2.484703e-06	-0.01885
-2.482703e-06	-0.01855
-2.480703e-06	-0.01825
-2.478703e-06	-0.0172
-2.476703e-06	-0.01825
-2.474703e-06	-0.01825
-2.472703e-06	-0.01855
-2.470703e-06	-0.0193
-2.468703e-06	-0.0187
-2.466703e-06	-0.01825
-2.464703e-06	-0.01855
-2.462703e-06	-0.01825
-2.460703e-06	-0.01795
-2.458703e-06	-0.01825
-2.456703e-06	-0.01825
-2.454703e-06	-0.0187
-2.452703e-06	-0.0187
-2.450703e-06	-0.0187
-2.448703e-06	-0.01885
-2.446703e-06	-0.01885
-2.444703e-06	-0.01885
-2.442703e-06	-0.0184
-2.440703e-06	-0.0181
-2.438703e-06	-0.01825
-2.436703e-06	-0.01915
-2.434703e-06	-0.01855
-2.432703e-06	-0.01825
-2.430703e-06	-0.0181
-2.428703e-06	-0.01855
-2.426703e-06	-0.0181
-2.424703e-06	-0.0187
-2.422703e-06	-0.0184
-2.420703e-06	-0.0184
-2.418703e-06	-0.0193
-2.416703e-06	-0.019
-2.414703e-06	-0.0187
-2.412703e-06	-0.01885
-2.410703e-06	-0.0187
-2.408703e-06	-0.01885
-2.406703e-06	-0.01915
-2.404703e-06	-0.01885
-2.402703e-06	-0.01855
-2.400703e-06	-0.0193
-2.398703e-06	-0.01915
-2.396703e-06	-0.0193
-2.394703e-06	-0.0187
-2.392703e-06	-0.0187
-2.390703e-06	-0.0187
-2.388703e-06	-0.01915
-2.386703e-06	-0.01855
-2.384703e-06	-0.01975
-2.382703e-06	-0.019
-2.380703e-06	-0.0193
-2.378703e-06	-0.019
-2.376703e-06	-0.01855
-2.374703e-06	-0.0193
-2.372703e-06	-0.01885
-2.370703e-06	-0.0187
-2.368703e-06	-0.01885
-2.366703e-06	-0.0184
-2.364703e-06	-0.01825
-2.362703e-06	-0.0187
-2.360703e-06	-0.01855
-2.358703e-06	-0.019
-2.356703e-06	-0.0184
-2.354703e-06	-0.01795
-2.352703e-06	-0.01855
-2.350703e-06	-0.01765
-2.348703e-06	-0.01795
-2.346703e-06	-0.01765
-2.344703e-06	-0.01765
-2.342703e-06	-0.0178
-2.340703e-06	-0.0172
-2.338703e-06	-0.0169
-2.336703e-06	-0.0178
-2.334703e-06	-0.0175
-2.332703e-06	-0.01765
-2.330703e-06	-0.0178
-2.328703e-06	-0.01855
-2.326703e-06	-0.0187
-2.324703e-06	-0.019
-2.322703e-06	-0.01915
-2.320703e-06	-0.0193
-2.318703e-06	-0.0193
-2.316703e-06	-0.0199
-2.314703e-06	-0.01975
-2.312703e-06	-0.0193
-2.310703e-06	-0.01975
-2.308703e-06	-0.0193
-2.306703e-06	-0.01915
-2.304703e-06	-0.01915
-2.302703e-06	-0.0193
-2.300703e-06	-0.0193
-2.298703e-06	-0.019
-2.296703e-06	-0.0193
-2.294703e-06	-0.0196
-2.292703e-06	-0.0202
-2.290703e-06	-0.01945
-2.288703e-06	-0.0202
-2.286703e-06	-0.01975
-2.284703e-06	-0.01975
-2.282703e-06	-0.019
-2.280703e-06	-0.02005
-2.278703e-06	-0.0199
-2.276703e-06	-0.01915
-2.274703e-06	-0.01945
-2.272703e-06	-0.01975
-2.270703e-06	-0.0202
-2.268703e-06	-0.0199
-2.266703e-06	-0.0193
-2.264703e-06	-0.02095
-2.262703e-06	-0.02035
-2.260703e-06	-0.0208
-2.258703e-06	-0.02065
-2.256703e-06	-0.0205
-2.254703e-06	-0.02095
-2.252703e-06	-0.0208
-2.250703e-06	-0.02035
-2.248703e-06	-0.02125
-2.246703e-06	-0.02095
-2.244703e-06	-0.0211
-2.242703e-06	-0.0205
-2.240703e-06	-0.0211
-2.238703e-06	-0.0202
-2.236703e-06	-0.02065
-2.234703e-06	-0.0205
-2.232703e-06	-0.02095
-2.230703e-06	-0.0205
-2.228703e-06	-0.02035
-2.226703e-06	-0.0208
-2.224703e-06	-0.0205
-2.222703e-06	-0.02005
-2.220703e-06	-0.01945
-2.218703e-06	-0.01885
-2.216703e-06	-0.0193
-2.214703e-06	-0.0193
-2.212703e-06	-0.0193
-2.210703e-06	-0.0187
-2.208703e-06	-0.01945
-2.206703e-06	-0.01885
-2.204703e-06	-0.019
-2.202703e-06	-0.0184
-2.200703e-06	-0.019
-2.198703e-06	-0.01945
-2.196703e-06	-0.0196
-2.194703e-06	-0.01855
-2.192703e-06	-0.01885
-2.190703e-06	-0.0193
-2.188703e-06	-0.0193
-2.186703e-06	-0.0193
-2.184703e-06	-0.02005
-2.182703e-06	-0.0196
-2.180703e-06	-0.02005
-2.178703e-06	-0.02005
-2.176703e-06	-0.02035
-2.174703e-06	-0.0196
-2.172703e-06	-0.0199
-2.170703e-06	-0.0193
-2.168703e-06	-0.01975
-2.166703e-06	-0.0202
-2.164703e-06	-0.02005
-2.162703e-06	-0.0196
-2.160703e-06	-0.02035
-2.158703e-06	-0.02005
-2.156703e-06	-0.02005
-2.154703e-06	-0.0196
-2.152703e-06	-0.0202
-2.150703e-06	-0.0205
-2.148703e-06	-0.02035
-2.146703e-06	-0.0202
-2.144703e-06	-0.01975
-2.142703e-06	-0.0196
-2.140703e-06	-0.02005
-2.138703e-06	-0.0199
-2.136703e-06	-0.02065
-2.134703e-06	-0.02065
-2.132703e-06	-0.0202
-2.130703e-06	-0.01975
-2.128703e-06	-0.02065
-2.126703e-06	-0.0208
-2.124703e-06	-0.02095
-2.122703e-06	-0.02065
-2.120703e-06	-0.02035
-2.118703e-06	-0.02035
-2.116703e-06	-0.02005
-2.114703e-06	-0.01975
-2.112703e-06	-0.0202
-2.110703e-06	-0.02005
-2.108703e-06	-0.0196
-2.106703e-06	-0.0193
-2.104703e-06	-0.01915
-2.102703e-06	-0.01915
-2.100703e-06	-0.0202
-2.098703e-06	-0.0193
-2.096703e-06	-0.0196
-2.094703e-06	-0.019
-2.092703e-06	-0.0187
-2.090703e-06	-0.01885
-2.088703e-06	-0.01855
-2.086703e-06	-0.019
-2.084703e-06	-0.0187
-2.082703e-06	-0.01855
-2.080703e-06	-0.0181
-2.078703e-06	-0.01735
-2.076703e-06	-0.0181
-2.074703e-06	-0.01765
-2.072703e-06	-0.0175
-2.070703e-06	-0.0175
-2.068703e-06	-0.0175
-2.066703e-06	-0.01765
-2.064703e-06	-0.0175
-2.062703e-06	-0.01735
-2.060703e-06	-0.01735
-2.058703e-06	-0.01705
-2.056703e-06	-0.01765
-2.054703e-06	-0.01735
-2.052703e-06	-0.0175
-2.050703e-06	-0.0172
-2.048703e-06	-0.01645
-2.046703e-06	-0.0166
-2.044703e-06	-0.01675
-2.042703e-06	-0.01765
-2.040703e-06	-0.0178
-2.038703e-06	-0.0178
-2.036703e-06	-0.01765
-2.034703e-06	-0.0175
-2.032703e-06	-0.0169
-2.030703e-06	-0.0178
-2.028703e-06	-0.01735
-2.026703e-06	-0.01735
-2.024703e-06	-0.01735
-2.022703e-06	-0.0166
-2.020703e-06	-0.0172
-2.018703e-06	-0.01735
-2.016703e-06	-0.01735
-2.014703e-06	-0.01825
-2.012703e-06	-0.0181
-2.010703e-06	-0.01795
-2.008703e-06	-0.01855
-2.006703e-06	-0.0187
-2.004703e-06	-0.01825
-2.002703e-06	-0.0178
-2.000703e-06	-0.0175
-1.998703e-06	-0.01795
-1.996703e-06	-0.01855
-1.994703e-06	-0.01855
-1.992703e-06	-0.0187
-1.990703e-06	-0.01915
-1.988703e-06	-0.02005
-1.986703e-06	-0.01885
-1.984703e-06	-0.01915
-1.982703e-06	-0.01945
-1.980703e-06	-0.0196
-1.978703e-06	-0.0193
-1.976703e-06	-0.0199
-1.974703e-06	-0.0202
-1.972703e-06	-0.02005
-1.970703e-06	-0.0199
-1.968703e-06	-0.01975
-1.966703e-06	-0.0196
-1.964703e-06	-0.01945
-1.962703e-06	-0.02005
-1.960703e-06	-0.0205
-1.958703e-06	-0.02035
-1.956703e-06	-0.01975
-1.954703e-06	-0.0199
-1.952703e-06	-0.02005
-1.950703e-06	-0.0202
-1.948703e-06	-0.01975
-1.946703e-06	-0.02005
-1.944703e-06	-0.0211
-1.942703e-06	-0.02065
-1.940703e-06	-0.0208
-1.938703e-06	-0.02065
-1.936703e-06	-0.02095
-1.934703e-06	-0.02125
-1.932703e-06	-0.0214
-1.930703e-06	-0.0208
-1.928703e-06	-0.0211
-1.926703e-06	-0.02095
-1.924703e-06	-0.02065
-1.922703e-06	-0.02095
-1.920703e-06	-0.02065
-1.918703e-06	-0.0214
-1.916703e-06	-0.0214
-1.914703e-06	-0.02155
-1.912703e-06	-0.0214
-1.910703e-06	-0.0211
-1.908703e-06	-0.02125
-1.906703e-06	-0.02095
-1.904703e-06	-0.02095
-1.902703e-06	-0.02005
-1.900703e-06	-0.0196
-1.898703e-06	-0.01945
-1.896703e-06	-0.01855
-1.894703e-06	-0.019
-1.892703e-06	-0.01825
-1.890703e-06	-0.01855
-1.888703e-06	-0.01885
-1.886703e-06	-0.01765
-1.884703e-06	-0.0178
-1.882703e-06	-0.0172
-1.880703e-06	-0.0172
-1.878703e-06	-0.0169
-1.876703e-06	-0.01765
-1.874703e-06	-0.01765
-1.872703e-06	-0.01735
-1.870703e-06	-0.01735
-1.868703e-06	-0.01735
-1.866703e-06	-0.01765
-1.864703e-06	-0.01765
-1.862703e-06	-0.0178
-1.860703e-06	-0.01795
-1.858703e-06	-0.01765
-1.856703e-06	-0.0181
-1.854703e-06	-0.0181
-1.852703e-06	-0.0184
-1.850703e-06	-0.01795
-1.848703e-06	-0.01855
-1.846703e-06	-0.01885
-1.844703e-06	-0.019
-1.842703e-06	-0.0193
-1.840703e-06	-0.0193
-1.838703e-06	-0.0199
-1.836703e-06	-0.0196
-1.834703e-06	-0.0196
-1.832703e-06	-0.0199
-1.830703e-06	-0.0196
-1.828703e-06	-0.0196
-1.826703e-06	-0.02005
-1.824703e-06	-0.0199
-1.822703e-06	-0.0205
-1.820703e-06	-0.02065
-1.818703e-06	-0.02005
-1.816703e-06	-0.0202
-1.814703e-06	-0.02065
-1.812703e-06	-0.02095
-1.810703e-06	-0.0205
-1.808703e-06	-0.0202
-1.806703e-06	-0.02065
-1.804703e-06	-0.0211
-1.802703e-06	-0.02065
-1.800703e-06	-0.02065
-1.798703e-06	-0.02035
-1.796703e-06	-0.0208
-1.794703e-06	-0.02005
-1.792703e-06	-0.02065
-1.790703e-06	-0.0208
-1.788703e-06	-0.0208
-1.786703e-06	-0.0211
-1.784703e-06	-0.02065
-1.782703e-06	-0.0208
-1.780703e-06	-0.0205
-1.778703e-06	-0.02095
-1.776703e-06	-0.02095
-1.774703e-06	-0.0205
-1.772703e-06	-0.0208
-1.770703e-06	-0.02035
-1.768703e-06	-0.02005
-1.766703e-06	-0.01975
-1.764703e-06	-0.0199
-1.762703e-06	-0.01945
-1.760703e-06	-0.01915
-1.758703e-06	-0.01945
-1.756703e-06	-0.01945
-1.754703e-06	-0.01885
-1.752703e-06	-0.01885
-1.750703e-06	-0.01915
-1.748703e-06	-0.01915
-1.746703e-06	-0.01855
-1.744703e-06	-0.0187
-1.742703e-06	-0.019
-1.740703e-06	-0.01855
-1.738703e-06	-0.01795
-1.736703e-06	-0.01765
-1.734703e-06	-0.0178
-1.732703e-06	-0.0181
-1.730703e-06	-0.0178
-1.728703e-06	-0.01825
-1.726703e-06	-0.0184
-1.724703e-06	-0.0187
-1.722703e-06	-0.01855
-1.720703e-06	-0.0187
-1.718703e-06	-0.01915
-1.716703e-06	-0.0196
-1.714703e-06	-0.0196
-1.712703e-06	-0.0202
-1.710703e-06	-0.0199
-1.708703e-06	-0.02035
-1.706703e-06	-0.0196
-1.704703e-06	-0.0196
-1.702703e-06	-0.01975
-1.700703e-06	-0.0196
-1.698703e-06	-0.0193
-1.696703e-06	-0.02005
-1.694703e-06	-0.02005
-1.692703e-06	-0.02005
-1.690703e-06	-0.0193
-1.688703e-06	-0.01975
-1.686703e-06	-0.0193
-1.684703e-06	-0.01945
-1.682703e-06	-0.01885
-1.680703e-06	-0.02005
-1.678703e-06	-0.01945
-1.676703e-06	-0.01945
-1.674703e-06	-0.01945
-1.672703e-06	-0.01885
-1.670703e-06	-0.01945
-1.668703e-06	-0.0193
-1.666703e-06	-0.0193
-1.664703e-06	-0.0196
-1.662703e-06	-0.0193
-1.660703e-06	-0.0193
-1.658703e-06	-0.0187
-1.656703e-06	-0.01945
-1.654703e-06	-0.0193
-1.652703e-06	-0.01885
-1.650703e-06	-0.01885
-1.648703e-06	-0.01945
-1.646703e-06	-0.0193
-1.644703e-06	-0.01885
-1.642703e-06	-0.01885
-1.640703e-06	-0.01945
-1.638703e-06	-0.0199
-1.636703e-06	-0.019
-1.634703e-06	-0.01885
-1.632703e-06	-0.0187
-1.630703e-06	-0.019
-1.628703e-06	-0.01915
-1.626703e-06	-0.01855
-1.624703e-06	-0.0187
-1.622703e-06	-0.01945
-1.620703e-06	-0.0187
-1.618703e-06	-0.01825
-1.616703e-06	-0.01825
-1.614703e-06	-0.0181
-1.612703e-06	-0.019
-1.610703e-06	-0.0181
-1.608703e-06	-0.01855
-1.606703e-06	-0.01885
-1.604703e-06	-0.0193
-1.602703e-06	-0.0196
-1.600703e-06	-0.01945
-1.598703e-06	-0.0196
-1.596703e-06	-0.01975
-1.594703e-06	-0.0196
-1.592703e-06	-0.01975
-1.590703e-06	-0.01975
-1.588703e-06	-0.01945
-1.586703e-06	-0.01915
-1.584703e-06	-0.0202
-1.582703e-06	-0.0202
-1.580703e-06	-0.0193
-1.578703e-06	-0.0199
-1.576703e-06	-0.0199
-1.574703e-06	-0.0202
-1.572703e-06	-0.02035
-1.570703e-06	-0.0205
-1.568703e-06	-0.0214
-1.566703e-06	-0.0208
-1.564703e-06	-0.0205
-1.562703e-06	-0.0208
-1.560703e-06	-0.02095
-1.558703e-06	-0.0211
-1.556703e-06	-0.0211
-1.554703e-06	-0.0211
-1.552703e-06	-0.02185
-1.550703e-06	-0.02125
-1.548703e-06	-0.0223
-1.546703e-06	-0.02215
-1.544703e-06	-0.022
-1.542703e-06	-0.0223
-1.540703e-06	-0.02155
-1.538703e-06	-0.0214
-1.536703e-06	-0.02155
-1.534703e-06	-0.02155
-1.532703e-06	-0.0214
-1.530703e-06	-0.022
-1.528703e-06	-0.0223
-1.526703e-06	-0.02185
-1.524703e-06	-0.02245
-1.522703e-06	-0.0223
-1.520703e-06	-0.02185
-1.518703e-06	-0.02245
-1.516703e-06	-0.02215
-1.514703e-06	-0.02155
-1.512703e-06	-0.02185
-1.510703e-06	-0.0217
-1.508703e-06	-0.0217
-1.506703e-06	-0.022
-1.504703e-06	-0.02185
-1.502703e-06	-0.02185
-1.500703e-06	-0.02095
-1.498703e-06	-0.0208
-1.496703e-06	-0.0214
-1.494703e-06	-0.02095
-1.492703e-06	-0.0208
-1.490703e-06	-0.02095
-1.488703e-06	-0.0211
-1.486703e-06	-0.0211
-1.484703e-06	-0.0211
-1.482703e-06	-0.02125
-1.480703e-06	-0.0205
-1.478703e-06	-0.0214
-1.476703e-06	-0.0214
-1.474703e-06	-0.02125
-1.472703e-06	-0.02125
-1.470703e-06	-0.02065
-1.468703e-06	-0.0205
-1.466703e-06	-0.0205
-1.464703e-06	-0.02065
-1.462703e-06	-0.0205
-1.460703e-06	-0.02065
-1.458703e-06	-0.02005
-1.456703e-06	-0.0202
-1.454703e-06	-0.01975
-1.452703e-06	-0.0205
-1.450703e-06	-0.0199
-1.448703e-06	-0.02005
-1.446703e-06	-0.01975
-1.444703e-06	-0.02005
-1.442703e-06	-0.0202
-1.440703e-06	-0.0205
-1.438703e-06	-0.0199
-1.436703e-06	-0.01975
-1.434703e-06	-0.02005
-1.432703e-06	-0.02035
-1.430703e-06	-0.02005
-1.428703e-06	-0.01975
-1.426703e-06	-0.01945
-1.424703e-06	-0.02005
-1.422703e-06	-0.01975
-1.420703e-06	-0.0193
-1.418703e-06	-0.0196
-1.416703e-06	-0.02005
-1.414703e-06	-0.01975
-1.412703e-06	-0.0199
-1.410703e-06	-0.01975
-1.408703e-06	-0.0196
-1.406703e-06	-0.0196
-1.404703e-06	-0.02035
-1.402703e-06	-0.0199
-1.400703e-06	-0.02035
-1.398703e-06	-0.0199
-1.396703e-06	-0.0202
-1.394703e-06	-0.0193
-1.392703e-06	-0.0199
-1.390703e-06	-0.01975
-1.388703e-06	-0.0202
-1.386703e-06	-0.02005
-1.384703e-06	-0.02035
-1.382703e-06	-0.0199
-1.380703e-06	-0.01975
-1.378703e-06	-0.0193
-1.376703e-06	-0.01975
-1.374703e-06	-0.01975
-1.372703e-06	-0.0196
-1.370703e-06	-0.01885
-1.368703e-06	-0.01915
-1.366703e-06	-0.0187
-1.364703e-06	-0.01855
-1.362703e-06	-0.0181
-1.360703e-06	-0.01795
-1.358703e-06	-0.01765
-1.356703e-06	-0.0178
-1.354703e-06	-0.0175
-1.352703e-06	-0.0175
-1.350703e-06	-0.0181
-1.348703e-06	-0.0178
-1.346703e-06	-0.01765
-1.344703e-06	-0.01765
-1.342703e-06	-0.0169
-1.340703e-06	-0.01705
-1.338703e-06	-0.0178
-1.336703e-06	-0.01765
-1.334703e-06	-0.01765
-1.332703e-06	-0.01765
-1.330703e-06	-0.01765
-1.328703e-06	-0.0178
-1.326703e-06	-0.0166
-1.324703e-06	-0.01735
-1.322703e-06	-0.01795
-1.320703e-06	-0.01735
-1.318703e-06	-0.01675
-1.316703e-06	-0.0172
-1.314703e-06	-0.0175
-1.312703e-06	-0.01735
-1.310703e-06	-0.01675
-1.308703e-06	-0.01705
-1.306703e-06	-0.0169
-1.304703e-06	-0.01705
-1.302703e-06	-0.01645
-1.300703e-06	-0.0166
-1.298703e-06	-0.0166
-1.296703e-06	-0.01675
-1.294703e-06	-0.0166
-1.292703e-06	-0.01675
-1.290703e-06	-0.0166
-1.288703e-06	-0.0175
-1.286703e-06	-0.0172
-1.284703e-06	-0.0175
-1.282703e-06	-0.0175
-1.280703e-06	-0.0172
-1.278703e-06	-0.01675
-1.276703e-06	-0.0175
-1.274703e-06	-0.0172
-1.272703e-06	-0.01735
-1.270703e-06	-0.0175
-1.268703e-06	-0.0175
-1.266703e-06	-0.0172
-1.264703e-06	-0.01735
-1.262703e-06	-0.01735
-1.260703e-06	-0.01825
-1.258703e-06	-0.0175
-1.256703e-06	-0.0187
-1.254703e-06	-0.0181
-1.252703e-06	-0.01825
-1.250703e-06	-0.01885
-1.248703e-06	-0.01885
-1.246703e-06	-0.01825
-1.244703e-06	-0.0193
-1.242703e-06	-0.01915
-1.240703e-06	-0.019
-1.238703e-06	-0.01855
-1.236703e-06	-0.0193
-1.234703e-06	-0.01885
-1.232703e-06	-0.0193
-1.230703e-06	-0.0193
-1.228703e-06	-0.0193
-1.226703e-06	-0.01915
-1.224703e-06	-0.019
-1.222703e-06	-0.01915
-1.220703e-06	-0.019
-1.218703e-06	-0.019
-1.216703e-06	-0.019
-1.214703e-06	-0.01915
-1.212703e-06	-0.01915
-1.210703e-06	-0.0187
-1.208703e-06	-0.01825
-1.206703e-06	-0.0184
-1.204703e-06	-0.0187
-1.202703e-06	-0.0181
-1.200703e-06	-0.01825
-1.198703e-06	-0.0187
-1.196703e-06	-0.019
-1.194703e-06	-0.019
-1.192703e-06	-0.0184
-1.190703e-06	-0.0184
-1.188703e-06	-0.01915
-1.186703e-06	-0.01885
-1.184703e-06	-0.0196
-1.182703e-06	-0.02005
-1.180703e-06	-0.01975
-1.178703e-06	-0.01915
-1.176703e-06	-0.0199
-1.174703e-06	-0.02005
-1.172703e-06	-0.02035
-1.170703e-06	-0.0205
-1.168703e-06	-0.0205
-1.166703e-06	-0.0205
-1.164703e-06	-0.0205
-1.162703e-06	-0.0202
-1.160703e-06	-0.02035
-1.158703e-06	-0.0205
-1.156703e-06	-0.0205
-1.154703e-06	-0.02035
-1.152703e-06	-0.0205
-1.150703e-06	-0.02095
-1.148703e-06	-0.02065
-1.146703e-06	-0.0205
-1.144703e-06	-0.02065
-1.142703e-06	-0.0208
-1.140703e-06	-0.0208
-1.138703e-06	-0.02035
-1.136703e-06	-0.02065
-1.134703e-06	-0.0202
-1.132703e-06	-0.02005
-1.130703e-06	-0.0202
-1.128703e-06	-0.0202
-1.126703e-06	-0.02005
-1.124703e-06	-0.02035
-1.122703e-06	-0.02035
-1.120703e-06	-0.0211
-1.118703e-06	-0.02095
-1.116703e-06	-0.0208
-1.114703e-06	-0.0208
-1.112703e-06	-0.0199
-1.110703e-06	-0.0202
-1.108703e-06	-0.0199
-1.106703e-06	-0.0199
-1.104703e-06	-0.01975
-1.102703e-06	-0.02005
-1.100703e-06	-0.02065
-1.098703e-06	-0.0199
-1.096703e-06	-0.0205
-1.094703e-06	-0.0205
-1.092703e-06	-0.02125
-1.090703e-06	-0.02125
-1.088703e-06	-0.02155
-1.086703e-06	-0.0214
-1.084703e-06	-0.02215
-1.082703e-06	-0.0217
-1.080703e-06	-0.02215
-1.078703e-06	-0.02185
-1.076703e-06	-0.02185
-1.074703e-06	-0.02155
-1.072703e-06	-0.02155
-1.070703e-06	-0.02155
-1.068703e-06	-0.02155
-1.066703e-06	-0.022
-1.064703e-06	-0.02155
-1.062703e-06	-0.02125
-1.060703e-06	-0.02185
-1.058703e-06	-0.02095
-1.056703e-06	-0.02125
-1.054703e-06	-0.02125
-1.052703e-06	-0.02095
-1.050703e-06	-0.02065
-1.048703e-06	-0.02125
-1.046703e-06	-0.0208
-1.044703e-06	-0.02065
-1.042703e-06	-0.01975
-1.040703e-06	-0.01975
-1.038703e-06	-0.02005
-1.036703e-06	-0.0199
-1.034703e-06	-0.01885
-1.032703e-06	-0.0196
-1.030703e-06	-0.01915
-1.028703e-06	-0.0187
-1.026703e-06	-0.0187
-1.024703e-06	-0.01885
-1.022703e-06	-0.0187
-1.020703e-06	-0.01855
-1.018703e-06	-0.0184
-1.016703e-06	-0.0178
-1.014703e-06	-0.0184
-1.012703e-06	-0.01795
-1.010703e-06	-0.0178
-1.008703e-06	-0.0181
-1.006703e-06	-0.01765
-1.004703e-06	-0.0169
-1.002703e-06	-0.0175
-1.000703e-06	-0.01705
-9.987033e-07	-0.01705
-9.967033e-07	-0.01705
-9.947033e-07	-0.0172
-9.927033e-07	-0.01735
-9.907033e-07	-0.0172
-9.887033e-07	-0.0172
-9.867033e-07	-0.0169
-9.847033e-07	-0.01705
-9.827033e-07	-0.0166
-9.807033e-07	-0.0169
-9.787033e-07	-0.0169
-9.767033e-07	-0.01675
-9.747033e-07	-0.0166
-9.727033e-07	-0.01735
-9.707033e-07	-0.01675
-9.687033e-07	-0.0172
-9.667033e-07	-0.0172
-9.647033e-07	-0.0172
-9.627033e-07	-0.01765
-9.607033e-07	-0.01705
-9.587033e-07	-0.0163
-9.567033e-07	-0.0172
-9.547033e-07	-0.01735
-9.527033e-07	-0.0172
-9.507033e-07	-0.01765
-9.487033e-07	-0.0178
-9.467033e-07	-0.01735
-9.447033e-07	-0.01795
-9.427033e-07	-0.0175
-9.407033e-07	-0.0178
-9.387033e-07	-0.01765
-9.367033e-07	-0.0178
-9.347033e-07	-0.01765
-9.327033e-07	-0.0184
-9.307033e-07	-0.0184
-9.287033e-07	-0.01855
-9.267033e-07	-0.01915
-9.247033e-07	-0.01825
-9.227033e-07	-0.0181
-9.207033e-07	-0.01885
-9.187033e-07	-0.019
-9.167033e-07	-0.01855
-9.147033e-07	-0.01825
-9.127033e-07	-0.0175
-9.107033e-07	-0.0178
-9.087033e-07	-0.0187
-9.067033e-07	-0.01855
-9.047033e-07	-0.0187
-9.027033e-07	-0.019
-9.007033e-07	-0.01825
-8.987033e-07	-0.0187
-8.967033e-07	-0.0187
-8.947033e-07	-0.01915
-8.927033e-07	-0.01915
-8.907033e-07	-0.01885
-8.887033e-07	-0.01915
-8.867033e-07	-0.01975
-8.847033e-07	-0.01975
-8.827033e-07	-0.01915
-8.807033e-07	-0.0199
-8.787033e-07	-0.0199
-8.767033e-07	-0.0196
-8.747033e-07	-0.01945
-8.727033e-07	-0.02005
-8.707033e-07	-0.02005
-8.687033e-07	-0.02005
-8.667033e-07	-0.0202
-8.647033e-07	-0.02095
-8.627033e-07	-0.0202
-8.607033e-07	-0.02065
-8.587033e-07	-0.0208
-8.567033e-07	-0.02035
-8.547033e-07	-0.0205
-8.527033e-07	-0.0199
-8.507033e-07	-0.02035
-8.487033e-07	-0.0211
-8.467033e-07	-0.0208
-8.447033e-07	-0.02095
-8.427033e-07	-0.02035
-8.407033e-07	-0.0217
-8.387033e-07	-0.02125
-8.367033e-07	-0.0214
-8.347033e-07	-0.02065
-8.327033e-07	-0.02155
-8.307033e-07	-0.02065
-8.287033e-07	-0.02035
-8.267033e-07	-0.02005
-8.247033e-07	-0.0202
-8.227033e-07	-0.01975
-8.207033e-07	-0.0193
-8.187033e-07	-0.01915
-8.167033e-07	-0.02035
-8.147033e-07	-0.01945
-8.127033e-07	-0.019
-8.107033e-07	-0.0187
-8.087033e-07	-0.01885
-8.067033e-07	-0.01915
-8.047033e-07	-0.0187
-8.027033e-07	-0.0181
-8.007033e-07	-0.0181
-7.987033e-07	-0.0181
-7.967033e-07	-0.0175
-7.947033e-07	-0.0178
-7.927033e-07	-0.0172
-7.907033e-07	-0.01765
-7.887033e-07	-0.01705
-7.867033e-07	-0.0178
-7.847033e-07	-0.01765
-7.827033e-07	-0.0175
-7.807033e-07	-0.01795
-7.787033e-07	-0.01795
-7.767033e-07	-0.0181
-7.747033e-07	-0.0184
-7.727033e-07	-0.01855
-7.707033e-07	-0.0184
-7.687033e-07	-0.0184
-7.667033e-07	-0.0175
-7.647033e-07	-0.0187
-7.627033e-07	-0.0184
-7.607033e-07	-0.01855
-7.587033e-07	-0.0187
-7.567033e-07	-0.019
-7.547033e-07	-0.01915
-7.527033e-07	-0.01915
-7.507033e-07	-0.01945
-7.487033e-07	-0.01885
-7.467033e-07	-0.01885
-7.447033e-07	-0.0196
-7.427033e-07	-0.0193
-7.407033e-07	-0.01915
-7.387033e-07	-0.0193
-7.367033e-07	-0.01945
-7.347033e-07	-0.0199
-7.327033e-07	-0.0199
-7.307033e-07	-0.01945
-7.287033e-07	-0.0205
-7.267033e-07	-0.0202
-7.247033e-07	-0.02005
-7.227033e-07	-0.01945
-7.207033e-07	-0.01975
-7.187033e-07	-0.0196
-7.167033e-07	-0.01945
-7.147033e-07	-0.0196
-7.127033e-07	-0.0196
-7.107033e-07	-0.01945
-7.087033e-07	-0.0196
-7.067033e-07	-0.0193
-7.047033e-07	-0.0202
-7.027033e-07	-0.01975
-7.007033e-07	-0.019
-6.987033e-07	-0.0193
-6.967033e-07	-0.0193
-6.947033e-07	-0.01945
-6.927033e-07	-0.0193
-6.907033e-07	-0.0187
-6.887033e-07	-0.0187
-6.867033e-07	-0.01885
-6.847033e-07	-0.019
-6.827033e-07	-0.0187
-6.807033e-07	-0.0193
-6.787033e-07	-0.019
-6.767033e-07	-0.0187
-6.747033e-07	-0.01915
-6.727033e-07	-0.01855
-6.707033e-07	-0.01855
-6.687033e-07	-0.0187
-6.667033e-07	-0.01825
-6.647033e-07	-0.0184
-6.627033e-07	-0.01855
-6.607033e-07	-0.01795
-6.587033e-07	-0.01765
-6.567033e-07	-0.01825
-6.547033e-07	-0.01735
-6.527033e-07	-0.01765
-6.507033e-07	-0.01735
-6.487033e-07	-0.01675
-6.467033e-07	-0.0169
-6.447033e-07	-0.0163
-6.427033e-07	-0.0166
-6.407033e-07	-0.01705
-6.387033e-07	-0.01615
-6.367033e-07	-0.01585
-6.347033e-07	-0.01615
-6.327033e-07	-0.016
-6.307033e-07	-0.01555
-6.287033e-07	-0.016
-6.267033e-07	-0.01615
-6.247033e-07	-0.01585
-6.227033e-07	-0.0163
-6.207033e-07	-0.0163
-6.187033e-07	-0.01585
-6.167033e-07	-0.01585
-6.147033e-07	-0.0157
-6.127033e-07	-0.016
-6.107033e-07	-0.0157
-6.087033e-07	-0.01585
-6.067033e-07	-0.016
-6.047033e-07	-0.016
-6.027033e-07	-0.0163
-6.007033e-07	-0.01615
-5.987033e-07	-0.01555
-5.967033e-07	-0.0157
-5.947033e-07	-0.01555
-5.927033e-07	-0.01645
-5.907033e-07	-0.01675
-5.887033e-07	-0.01645
-5.867033e-07	-0.01705
-5.847033e-07	-0.0169
-5.827033e-07	-0.01705
-5.807033e-07	-0.01765
-5.787033e-07	-0.01705
-5.767033e-07	-0.0169
-5.747033e-07	-0.0166
-5.727033e-07	-0.0172
-5.707033e-07	-0.0169
-5.687033e-07	-0.0166
-5.667033e-07	-0.01705
-5.647033e-07	-0.01645
-5.627033e-07	-0.0163
-5.607033e-07	-0.0172
-5.587033e-07	-0.0166
-5.567033e-07	-0.01675
-5.547033e-07	-0.0166
-5.527033e-07	-0.01675
-5.507033e-07	-0.01645
-5.487033e-07	-0.01645
-5.467033e-07	-0.016
-5.447033e-07	-0.01555
-5.427033e-07	-0.01555
-5.407033e-07	-0.01555
-5.387033e-07	-0.01615
-5.367033e-07	-0.0154
-5.347033e-07	-0.01555
-5.327033e-07	-0.0154
-5.307033e-07	-0.01585
-5.287033e-07	-0.0157
-5.267033e-07	-0.0157
-5.247033e-07	-0.0163
-5.227033e-07	-0.01645
-5.207033e-07	-0.01645
-5.187033e-07	-0.01675
-5.167033e-07	-0.0163
-5.147033e-07	-0.0172
-5.127033e-07	-0.01705
-5.107033e-07	-0.0169
-5.087033e-07	-0.01765
-5.067033e-07	-0.01765
-5.047033e-07	-0.0178
-5.027033e-07	-0.0178
-5.007033e-07	-0.01825
-4.987033e-07	-0.01795
-4.967033e-07	-0.0184
-4.947033e-07	-0.0187
-4.927033e-07	-0.0181
-4.907033e-07	-0.01825
-4.887033e-07	-0.01855
-4.867033e-07	-0.01915
-4.847033e-07	-0.01885
-4.827033e-07	-0.0187
-4.807033e-07	-0.01945
-4.787033e-07	-0.01885
-4.767033e-07	-0.01915
-4.747033e-07	-0.01885
-4.727033e-07	-0.019
-4.707033e-07	-0.019
-4.687033e-07	-0.01885
-4.667033e-07	-0.01795
-4.647033e-07	-0.019
-4.627033e-07	-0.019
-4.607033e-07	-0.01855
-4.587033e-07	-0.0181
-4.567033e-07	-0.01855
-4.547033e-07	-0.0181
-4.527033e-07	-0.01855
-4.507033e-07	-0.01855
-4.487033e-07	-0.019
-4.467033e-07	-0.0193
-4.447033e-07	-0.01855
-4.427033e-07	-0.0184
-4.407033e-07	-0.0187
-4.387033e-07	-0.0187
-4.367033e-07	-0.01885
-4.347033e-07	-0.01885
-4.327033e-07	-0.0193
-4.307033e-07	-0.01915
-4.287033e-07	-0.019
-4.267033e-07	-0.019
-4.247033e-07	-0.0193
-4.227033e-07	-0.01915
-4.207033e-07	-0.019
-4.187033e-07	-0.0193
-4.167033e-07	-0.019
-4.147033e-07	-0.01915
-4.127033e-07	-0.01885
-4.107033e-07	-0.01945
-4.087033e-07	-0.0196
-4.067033e-07	-0.01975
-4.047033e-07	-0.0199
-4.027033e-07	-0.0196
-4.007033e-07	-0.02005
-3.987033e-07	-0.01945
-3.967033e-07	-0.0199
-3.947033e-07	-0.02035
-3.927033e-07	-0.0199
-3.907033e-07	-0.02005
-3.887033e-07	-0.01975
-3.867033e-07	-0.02005
-3.847033e-07	-0.02065
-3.827033e-07	-0.0202
-3.807033e-07	-0.01945
-3.787033e-07	-0.01975
-3.767033e-07	-0.02005
-3.747033e-07	-0.02005
-3.727033e-07	-0.01975
-3.707033e-07	-0.01945
-3.687033e-07	-0.02035
-3.667033e-07	-0.02005
-3.647033e-07	-0.01945
-3.627033e-07	-0.01945
-3.607033e-07	-0.0199
-3.587033e-07	-0.01975
-3.567033e-07	-0.01915
-3.547033e-07	-0.01915
-3.527033e-07	-0.01915
-3.507033e-07	-0.01915
-3.487033e-07	-0.01945
-3.467033e-07	-0.0196
-3.447033e-07	-0.0196
-3.427033e-07	-0.0193
-3.407033e-07	-0.01915
-3.387033e-07	-0.0193
-3.367033e-07	-0.0193
-3.347033e-07	-0.01945
-3.327033e-07	-0.01915
-3.307033e-07	-0.019
-3.287033e-07	-0.0202
-3.267033e-07	-0.02005
-3.247033e-07	-0.01975
-3.227033e-07	-0.01945
-3.207033e-07	-0.01915
-3.187033e-07	-0.01885
-3.167033e-07	-0.0193
-3.147033e-07	-0.01885
-3.127033e-07	-0.01915
-3.107033e-07	-0.019
-3.087033e-07	-0.019
-3.067033e-07	-0.01885
-3.047033e-07	-0.019
-3.027033e-07	-0.01945
-3.007033e-07	-0.019
-2.987033e-07	-0.0187
-2.967033e-07	-0.019
-2.947033e-07	-0.0187
-2.927033e-07	-0.01855
-2.907033e-07	-0.01825
-2.887033e-07	-0.01825
-2.867033e-07	-0.01795
-2.847033e-07	-0.01825
-2.827033e-07	-0.0178
-2.807033e-07	-0.01765
-2.787033e-07	-0.01735
-2.767033e-07	-0.01735
-2.747033e-07	-0.01675
-2.727033e-07	-0.0169
-2.707033e-07	-0.01675
-2.687033e-07	-0.0169
-2.667033e-07	-0.01705
-2.647033e-07	-0.01765
-2.627033e-07	-0.01735
-2.607033e-07	-0.01735
-2.587033e-07	-0.0175
-2.567033e-07	-0.0175
-2.547033e-07	-0.01735
-2.527033e-07	-0.0169
-2.507033e-07	-0.01735
-2.487033e-07	-0.0169
-2.467033e-07	-0.0166
-2.447033e-07	-0.0172
-2.427033e-07	-0.0172
-2.407033e-07	-0.0175
-2.387033e-07	-0.01795
-2.367033e-07	-0.01765
-2.347033e-07	-0.0178
-2.327033e-07	-0.0181
-2.307033e-07	-0.0187
-2.287033e-07	-0.01795
-2.267033e-07	-0.0181
-2.247033e-07	-0.0184
-2.227033e-07	-0.0184
-2.207033e-07	-0.01825
-2.187033e-07	-0.0187
-2.167033e-07	-0.01825
-2.147033e-07	-0.01855
-2.127033e-07	-0.01795
-2.107033e-07	-0.0181
-2.087033e-07	-0.01855
-2.067033e-07	-0.01885
-2.047033e-07	-0.01915
-2.027033e-07	-0.0187
-2.007033e-07	-0.01945
-1.987033e-07	-0.0193
-1.967033e-07	-0.019
-1.947033e-07	-0.0193
-1.927033e-07	-0.01975
-1.907033e-07	-0.0199
-1.887033e-07	-0.0205
-1.867033e-07	-0.02065
-1.847033e-07	-0.02065
-1.827033e-07	-0.0208
-1.807033e-07	-0.0208
-1.787033e-07	-0.02125
-1.767033e-07	-0.0214
-1.747033e-07	-0.0208
-1.727033e-07	-0.02125
-1.707033e-07	-0.02095
-1.687033e-07	-0.02095
-1.667033e-07	-0.0205
-1.647033e-07	-0.0202
-1.627033e-07	-0.0199
-1.607033e-07	-0.02035
-1.587033e-07	-0.0202
-1.567033e-07	-0.0199
-1.547033e-07	-0.0199
-1.527033e-07	-0.0196
-1.507033e-07	-0.01915
-1.487033e-07	-0.019
-1.467033e-07	-0.0196
-1.447033e-07	-0.0196
-1.427033e-07	-0.01915
-1.407033e-07	-0.01915
-1.387033e-07	-0.0193
-1.367033e-07	-0.01975
-1.347033e-07	-0.019
-1.327033e-07	-0.0187
-1.307033e-07	-0.01885
-1.287033e-07	-0.01915
-1.267033e-07	-0.019
-1.247033e-07	-0.0187
-1.227033e-07	-0.0187
-1.207033e-07	-0.019
-1.187033e-07	-0.0199
-1.167033e-07	-0.0196
-1.147033e-07	-0.01915
-1.127033e-07	-0.0193
-1.107033e-07	-0.01885
-1.087033e-07	-0.01855
-1.067033e-07	-0.0187
-1.047033e-07	-0.019
-1.027033e-07	-0.0184
-1.007033e-07	-0.01915
-9.870326e-08	-0.019
-9.670326e-08	-0.0196
-9.470326e-08	-0.01945
-9.270326e-08	-0.0184
-9.070326e-08	-0.019
-8.870326e-08	-0.0193
-8.670326e-08	-0.0196
-8.470326e-08	-0.0193
-8.270326e-08	-0.0184
-8.070326e-08	-0.0187
-7.870326e-08	-0.0178
-7.670326e-08	-0.0184
-7.470326e-08	-0.01855
-7.270326e-08	-0.01825
-7.070326e-08	-0.0184
-6.870326e-08	-0.0184
-6.670326e-08	-0.01795
-6.470326e-08	-0.01885
-6.270326e-08	-0.0181
-6.070326e-08	-0.01825
-5.870326e-08	-0.0187
-5.670326e-08	-0.01855
-5.470326e-08	-0.0184
-5.270326e-08	-0.0187
-5.070326e-08	-0.01855
-4.870326e-08	-0.01855
-4.670326e-08	-0.01825
-4.470326e-08	-0.0187
-4.270326e-08	-0.01825
-4.070326e-08	-0.01885
-3.870326e-08	-0.01855
-3.670326e-08	-0.01855
-3.470326e-08	-0.01855
-3.270326e-08	-0.01885
-3.070326e-08	-0.0187
-2.870326e-08	-0.01855
-2.670326e-08	-0.0181
-2.470326e-08	-0.01825
-2.270326e-08	-0.0181
-2.070326e-08	-0.0178
-1.870326e-08	-0.0187
-1.670326e-08	-0.01825
-1.470326e-08	-0.0184
-1.270326e-08	-0.01795
-1.070326e-08	-0.0175
-8.703264e-09	-0.01825
-6.703264e-09	-0.01825
-4.703264e-09	-0.01825
-2.703264e-09	-0.0181
-7.032639e-10	-0.01825
1.296736e-09	-0.0181
3.296736e-09	-0.0172
5.296736e-09	-0.0175
7.296736e-09	-0.0178
9.296736e-09	-0.01795
1.129674e-08	-0.01795
1.329674e-08	-0.0178
1.529674e-08	-0.01765
1.729674e-08	-0.0178
1.929674e-08	-0.01735
2.129674e-08	-0.0175
2.329674e-08	-0.0169
2.529674e-08	-0.01615
2.729674e-08	-0.01675
2.929674e-08	-0.01765
3.129674e-08	-0.01765
3.329674e-08	-0.01705
3.529674e-08	-0.0175
3.729674e-08	-0.01735
3.929674e-08	-0.01765
4.129674e-08	-0.0187
4.329674e-08	-0.0175
4.529674e-08	-0.0175
4.729674e-08	-0.0175
4.929674e-08	-0.01765
5.129674e-08	-0.01765
5.329674e-08	-0.0178
5.529674e-08	-0.0184
5.729674e-08	-0.01765
5.929674e-08	-0.0178
6.129674e-08	-0.0181
6.329674e-08	-0.0184
6.529674e-08	-0.0184
6.729674e-08	-0.01885
6.929674e-08	-0.019
7.129674e-08	-0.01885
7.329674e-08	-0.01885
7.529674e-08	-0.01885
7.729674e-08	-0.0187
7.929674e-08	-0.019
8.129674e-08	-0.01915
8.329674e-08	-0.01825
8.529674e-08	-0.01855
8.729674e-08	-0.01885
8.929674e-08	-0.0187
9.129674e-08	-0.01855
9.329674e-08	-0.0187
9.529674e-08	-0.019
9.729674e-08	-0.01975
9.929674e-08	-0.0193
1.012967e-07	-0.0202
1.032967e-07	-0.0202
1.052967e-07	-0.0202
1.072967e-07	-0.0202
1.092967e-07	-0.01975
1.112967e-07	-0.02005
1.132967e-07	-0.01975
1.152967e-07	-0.02005
1.172967e-07	-0.0199
1.192967e-07	-0.0196
1.212967e-07	-0.01975
1.232967e-07	-0.0202
1.252967e-07	-0.01975
1.272967e-07	-0.0193
1.292967e-07	-0.01915
1.312967e-07	-0.0178
1.332967e-07	-0.01525
1.352967e-07	-0.00895
1.372967e-07	0.0008
1.392967e-07	0.0167
1.412967e-07	0.0371
1.432967e-07	0.0578
1.452967e-07	0.08105
1.472967e-07	0.1028
1.492967e-07	0.12485
1.512967e-07	0.1451
1.532967e-07	0.16415
1.552967e-07	0.18125
1.572967e-07	0.19805
1.592967e-07	0.21275
1.612967e-07	0.22595
1.632967e-07	0.2372
1.652967e-07	0.24815
1.672967e-07	0.2576
1.692967e-07	0.26615
1.712967e-07	0.2723
1.732967e-07	0.2783
1.752967e-07	0.28265
1.772967e-07	0.28625
1.792967e-07	0.28835
1.812967e-07	0.29045
1.832967e-07	0.29165
1.852967e-07	0.29345
1.872967e-07	0.2939
1.892967e-07	0.2933
1.912967e-07	0.2912
1.932967e-07	0.2903
1.952967e-07	0.28715
1.972967e-07	0.2846
1.992967e-07	0.2813
2.012967e-07	0.2789
2.032967e-07	0.2759
2.052967e-07	0.2723
2.072967e-07	0.26735
2.092967e-07	0.26465
2.112967e-07	0.25985
2.132967e-07	0.25625
2.152967e-07	0.251
2.172967e-07	0.2474
2.192967e-07	0.24305
2.212967e-07	0.23855
2.232967e-07	0.2327
2.252967e-07	0.2288
2.272967e-07	0.22385
2.292967e-07	0.2198
2.312967e-07	0.21455
2.332967e-07	0.21065
2.352967e-07	0.20555
2.372967e-07	0.20165
2.392967e-07	0.19655
2.412967e-07	0.1922
2.432967e-07	0.188
2.452967e-07	0.18275
2.472967e-07	0.17885
2.492967e-07	0.1751
2.512967e-07	0.17105
2.532967e-07	0.167
2.552967e-07	0.16295
2.572967e-07	0.15875
2.592967e-07	0.1544
2.612967e-07	0.14975
2.632967e-07	0.1463
2.652967e-07	0.1427
2.672967e-07	0.1391
2.692967e-07	0.1349
2.712967e-07	0.13175
2.732967e-07	0.1286
2.752967e-07	0.12425
2.772967e-07	0.1211
2.792967e-07	0.1169
2.812967e-07	0.1136
2.832967e-07	0.11015
2.852967e-07	0.10745
2.872967e-07	0.10445
2.892967e-07	0.1025
2.912967e-07	0.0992
2.932967e-07	0.09665
2.952967e-07	0.09365
2.972967e-07	0.09155
2.992967e-07	0.08915
3.012967e-07	0.0869
3.032967e-07	0.08345
3.052967e-07	0.08165
3.072967e-07	0.07895
3.092967e-07	0.077
3.112967e-07	0.07385
3.132967e-07	0.0725
3.152967e-07	0.0701
3.172967e-07	0.06785
3.192967e-07	0.06605
3.212967e-07	0.0638
3.232967e-07	0.0617
3.252967e-07	0.0599
3.272967e-07	0.05825
3.292967e-07	0.0566
3.312967e-07	0.05555
3.332967e-07	0.0536
3.352967e-07	0.0518
3.372967e-07	0.05015
3.392967e-07	0.04895
3.412967e-07	0.04745
3.432967e-07	0.04505
3.452967e-07	0.04355
3.472967e-07	0.04205
3.492967e-07	0.0404
3.512967e-07	0.03875
3.532967e-07	0.0383
3.552967e-07	0.03695
3.572967e-07	0.0356
3.592967e-07	0.0347
3.612967e-07	0.0335
3.632967e-07	0.0332
3.652967e-07	0.03095
3.672967e-07	0.0299
3.692967e-07	0.02885
3.712967e-07	0.0278
3.732967e-07	0.0263
3.752967e-07	0.0257
3.772967e-07	0.02435
3.792967e-07	0.0239
3.812967e-07	0.0233
3.832967e-07	0.02165
3.852967e-07	0.02105
3.872967e-07	0.02045
3.892967e-07	0.02
3.912967e-07	0.01835
3.932967e-07	0.017
3.952967e-07	0.01715
3.972967e-07	0.0167
3.992967e-07	0.0158
4.012967e-07	0.0146
4.032967e-07	0.01445
4.052967e-07	0.01295
4.072967e-07	0.0116
4.092967e-07	0.0113
4.112967e-07	0.01115
4.132967e-07	0.0098
4.152967e-07	0.0092
4.172967e-07	0.00845
4.192967e-07	0.008
4.212967e-07	0.00815
4.232967e-07	0.00755
4.252967e-07	0.0068
4.272967e-07	0.0059
4.292967e-07	0.00575
4.312967e-07	0.00485
4.332967e-07	0.00425
4.352967e-07	0.0041
4.372967e-07	0.00305
4.392967e-07	0.00185
4.412967e-07	0.0023
4.432967e-07	0.0023
4.452967e-07	0.002
4.472967e-07	5e-05
4.492967e-07	-0.00025
4.512967e-07	-0.00085
4.532967e-07	-0.00085
4.552967e-07	-0.0019
4.572967e-07	-0.0025
4.592967e-07	-0.0022
4.612967e-07	-0.0025
4.632967e-07	-0.0028
4.652967e-07	-0.00415
4.672967e-07	-0.00325
4.692967e-07	-0.00325
4.712967e-07	-0.0037
4.732967e-07	-0.00355
4.752967e-07	-0.0037
4.772967e-07	-0.00415
4.792967e-07	-0.0049
4.812967e-07	-0.0052
4.832967e-07	-0.00505
4.852967e-07	-0.0052
4.872967e-07	-0.0061
4.892967e-07	-0.00625
4.912967e-07	-0.00625
4.932967e-07	-0.0064
4.952967e-07	-0.00685
4.972967e-07	-0.00655
4.992967e-07	-0.00655
5.012967e-07	-0.00715
5.032967e-07	-0.0073
5.052967e-07	-0.00745
5.072967e-07	-0.00745
5.092967e-07	-0.0073
5.112967e-07	-0.00805
5.132967e-07	-0.0082
5.152967e-07	-0.00745
5.172967e-07	-0.0076
5.192967e-07	-0.00775
5.212967e-07	-0.00835
5.232967e-07	-0.0082
5.252967e-07	-0.00835
5.272967e-07	-0.00835
5.292967e-07	-0.0082
5.312967e-07	-0.00805
5.332967e-07	-0.00835
5.352967e-07	-0.0091
5.372967e-07	-0.00895
5.392967e-07	-0.00925
5.412967e-07	-0.00925
5.432967e-07	-0.0094
5.452967e-07	-0.0094
5.472967e-07	-0.00895
5.492967e-07	-0.0088
5.512967e-07	-0.00925
5.532967e-07	-0.0097
5.552967e-07	-0.01015
5.572967e-07	-0.01105
5.592967e-07	-0.01075
5.612967e-07	-0.01045
5.632967e-07	-0.0109
5.652967e-07	-0.01075
5.672967e-07	-0.01045
5.692967e-07	-0.01075
5.712967e-07	-0.01045
5.732967e-07	-0.0106
5.752967e-07	-0.0112
5.772967e-07	-0.01105
5.792967e-07	-0.01135
5.812967e-07	-0.01135
5.832967e-07	-0.0112
5.852967e-07	-0.0106
5.872967e-07	-0.01135
5.892967e-07	-0.0115
5.912967e-07	-0.0115
5.932967e-07	-0.0106
5.952967e-07	-0.01105
5.972967e-07	-0.01075
5.992967e-07	-0.0112
6.012967e-07	-0.0115
6.032967e-07	-0.0118
6.052967e-07	-0.0121
6.072967e-07	-0.01315
6.092967e-07	-0.0133
6.112967e-07	-0.0142
6.132967e-07	-0.01405
6.152967e-07	-0.0139
6.172967e-07	-0.01405
6.192967e-07	-0.0145
6.212967e-07	-0.0142
6.232967e-07	-0.01495
6.252967e-07	-0.01465
6.272967e-07	-0.0148
6.292967e-07	-0.0154
6.312967e-07	-0.01525
6.332967e-07	-0.01465
6.352967e-07	-0.0151
6.372967e-07	-0.0151
6.392967e-07	-0.0154
6.412967e-07	-0.01555
6.432967e-07	-0.01585
6.452967e-07	-0.016
6.472967e-07	-0.016
6.492967e-07	-0.01615
6.512967e-07	-0.0163
6.532967e-07	-0.0172
6.552967e-07	-0.0169
6.572967e-07	-0.0166
6.592967e-07	-0.01705
6.612967e-07	-0.0169
6.632967e-07	-0.0169
6.652967e-07	-0.0172
6.672967e-07	-0.01705
6.692967e-07	-0.01765
6.712967e-07	-0.0178
6.732967e-07	-0.0175
6.752967e-07	-0.01705
6.772967e-07	-0.01645
6.792967e-07	-0.0172
6.812967e-07	-0.0166
6.832967e-07	-0.0163
6.852967e-07	-0.0166
6.872967e-07	-0.0163
6.892967e-07	-0.01735
6.912967e-07	-0.0166
6.932967e-07	-0.01645
6.952967e-07	-0.01645
6.972967e-07	-0.01585
6.992967e-07	-0.0154
7.012967e-07	-0.01465
7.032967e-07	-0.01525
7.052967e-07	-0.0148
7.072967e-07	-0.0145
7.092967e-07	-0.0145
7.112967e-07	-0.0142
7.132967e-07	-0.01405
7.152967e-07	-0.01345
7.172967e-07	-0.0139
7.192967e-07	-0.01345
7.212967e-07	-0.0136
7.232967e-07	-0.01375
7.252967e-07	-0.0136
7.272967e-07	-0.0136
7.292967e-07	-0.01345
7.312967e-07	-0.0136
7.332967e-07	-0.0139
7.352967e-07	-0.0136
7.372967e-07	-0.01315
7.392967e-07	-0.01315
7.412967e-07	-0.013
7.432967e-07	-0.0136
7.452967e-07	-0.01345
7.472967e-07	-0.01345
7.492967e-07	-0.01315
7.512967e-07	-0.01405
7.532967e-07	-0.01375
7.552967e-07	-0.01375
7.572967e-07	-0.0133
7.592967e-07	-0.01345
7.612967e-07	-0.01375
7.632967e-07	-0.01375
7.652967e-07	-0.01345
7.672967e-07	-0.0142
7.692967e-07	-0.0142
7.712967e-07	-0.01495
7.732967e-07	-0.0154
7.752967e-07	-0.0151
7.772967e-07	-0.0151
7.792967e-07	-0.0151
7.812967e-07	-0.01555
7.832967e-07	-0.01525
7.852967e-07	-0.01585
7.872967e-07	-0.01525
7.892967e-07	-0.0151
7.912967e-07	-0.0154
7.932967e-07	-0.016
7.952967e-07	-0.01645
7.972967e-07	-0.01705
7.992967e-07	-0.01645
8.012967e-07	-0.0166
8.032967e-07	-0.0169
8.052967e-07	-0.0169
8.072967e-07	-0.0178
8.092967e-07	-0.0175
8.112967e-07	-0.0175
8.132967e-07	-0.0178
8.152967e-07	-0.01795
8.172967e-07	-0.01795
8.192967e-07	-0.0184
8.212967e-07	-0.01825
8.232967e-07	-0.01825
8.252967e-07	-0.01795
8.272967e-07	-0.01825
8.292967e-07	-0.01765
8.312967e-07	-0.0187
8.332967e-07	-0.01855
8.352967e-07	-0.0181
8.372967e-07	-0.0178
8.392967e-07	-0.01765
8.412967e-07	-0.01735
8.432967e-07	-0.0184
8.452967e-07	-0.01855
8.472967e-07	-0.0181
8.492967e-07	-0.01765
8.512967e-07	-0.0178
8.532967e-07	-0.0172
8.552967e-07	-0.0181
8.572967e-07	-0.0172
8.592967e-07	-0.01825
8.612967e-07	-0.01765
8.632967e-07	-0.01765
8.652967e-07	-0.0178
8.672967e-07	-0.01705
8.692967e-07	-0.01735
8.712967e-07	-0.01645
8.732967e-07	-0.0169
8.752967e-07	-0.0172
8.772967e-07	-0.01705
8.792967e-07	-0.01795
8.812967e-07	-0.0175
8.832967e-07	-0.0172
8.852967e-07	-0.0175
8.872967e-07	-0.01795
8.892967e-07	-0.01765
8.912967e-07	-0.0181
8.932967e-07	-0.0178
8.952967e-07	-0.0184
8.972967e-07	-0.0175
8.992967e-07	-0.0181
9.012967e-07	-0.01825
9.032967e-07	-0.01825
9.052967e-07	-0.01795
9.072967e-07	-0.01765
9.092967e-07	-0.01795
9.112967e-07	-0.01825
9.132967e-07	-0.0181
9.152967e-07	-0.01885
9.172967e-07	-0.01855
9.192967e-07	-0.01855
9.212967e-07	-0.01885
9.232967e-07	-0.01885
9.252967e-07	-0.0187
9.272967e-07	-0.01885
9.292967e-07	-0.01885
9.312967e-07	-0.0193
9.332967e-07	-0.0187
9.352967e-07	-0.01885
9.372967e-07	-0.01855
9.392967e-07	-0.01825
9.412967e-07	-0.0184
9.432967e-07	-0.01825
9.452967e-07	-0.01885
9.472967e-07	-0.01885
9.492967e-07	-0.019
9.512967e-07	-0.0187
9.532967e-07	-0.01885
9.552967e-07	-0.0193
9.572967e-07	-0.019
9.592967e-07	-0.0187
9.612967e-07	-0.01885
9.632967e-07	-0.0193
9.652967e-07	-0.019
9.672967e-07	-0.019
9.692967e-07	-0.019
9.712967e-07	-0.019
9.732967e-07	-0.0184
9.752967e-07	-0.01945
9.772967e-07	-0.01915
9.792967e-07	-0.019
9.812967e-07	-0.01855
9.832967e-07	-0.0187
9.852967e-07	-0.0187
9.872967e-07	-0.01885
9.892967e-07	-0.01915
9.912967e-07	-0.0184
9.932967e-07	-0.0193
9.952967e-07	-0.019
9.972967e-07	-0.019
9.992967e-07	-0.01915
1.001297e-06	-0.01855
1.003297e-06	-0.01855
1.005297e-06	-0.01795
1.007297e-06	-0.01765
1.009297e-06	-0.01825
1.011297e-06	-0.0178
1.013297e-06	-0.0172
1.015297e-06	-0.0169
1.017297e-06	-0.01705
1.019297e-06	-0.0166
1.021297e-06	-0.0166
1.023297e-06	-0.01705
1.025297e-06	-0.01705
1.027297e-06	-0.01735
1.029297e-06	-0.0175
1.031297e-06	-0.01735
1.033297e-06	-0.0166
1.035297e-06	-0.01705
1.037297e-06	-0.0169
1.039297e-06	-0.0169
1.041297e-06	-0.0169
1.043297e-06	-0.0166
1.045297e-06	-0.0169
1.047297e-06	-0.01765
1.049297e-06	-0.0175
1.051297e-06	-0.0181
1.053297e-06	-0.01795
1.055297e-06	-0.01705
1.057297e-06	-0.01705
1.059297e-06	-0.0172
1.061297e-06	-0.0169
1.063297e-06	-0.01735
1.065297e-06	-0.016
1.067297e-06	-0.01585
1.069297e-06	-0.0154
1.071297e-06	-0.016
1.073297e-06	-0.0154
1.075297e-06	-0.01585
1.077297e-06	-0.01675
1.079297e-06	-0.016
1.081297e-06	-0.01585
1.083297e-06	-0.01585
1.085297e-06	-0.01645
1.087297e-06	-0.01615
1.089297e-06	-0.01615
1.091297e-06	-0.01645
1.093297e-06	-0.0163
1.095297e-06	-0.01675
1.097297e-06	-0.01675
1.099297e-06	-0.0166
1.101297e-06	-0.01675
1.103297e-06	-0.01645
1.105297e-06	-0.0172
1.107297e-06	-0.0169
1.109297e-06	-0.01735
1.111297e-06	-0.01765
1.113297e-06	-0.01795
1.115297e-06	-0.0172
1.117297e-06	-0.0172
1.119297e-06	-0.01675
1.121297e-06	-0.01675
1.123297e-06	-0.0175
1.125297e-06	-0.01735
1.127297e-06	-0.01645
1.129297e-06	-0.0163
1.131297e-06	-0.01585
1.133297e-06	-0.0169
1.135297e-06	-0.0166
1.137297e-06	-0.01675
1.139297e-06	-0.0166
1.141297e-06	-0.01705
1.143297e-06	-0.0169
1.145297e-06	-0.01675
1.147297e-06	-0.01645
1.149297e-06	-0.01705
1.151297e-06	-0.0169
1.153297e-06	-0.01675
1.155297e-06	-0.01705
1.157297e-06	-0.0169
1.159297e-06	-0.01705
1.161297e-06	-0.01735
1.163297e-06	-0.0169
1.165297e-06	-0.01705
1.167297e-06	-0.01705
1.169297e-06	-0.0169
1.171297e-06	-0.01705
1.173297e-06	-0.0169
1.175297e-06	-0.01675
1.177297e-06	-0.01765
1.179297e-06	-0.0172
1.181297e-06	-0.01735
1.183297e-06	-0.01825
1.185297e-06	-0.0181
1.187297e-06	-0.0184
1.189297e-06	-0.01855
1.191297e-06	-0.0184
1.193297e-06	-0.019
1.195297e-06	-0.01915
1.197297e-06	-0.0187
1.199297e-06	-0.019
1.201297e-06	-0.01885
1.203297e-06	-0.019
1.205297e-06	-0.019
1.207297e-06	-0.01885
1.209297e-06	-0.01885
1.211297e-06	-0.0187
1.213297e-06	-0.0193
1.215297e-06	-0.0196
1.217297e-06	-0.0193
1.219297e-06	-0.0193
1.221297e-06	-0.01915
1.223297e-06	-0.01945
1.225297e-06	-0.01945
1.227297e-06	-0.0196
1.229297e-06	-0.01945
1.231297e-06	-0.0193
1.233297e-06	-0.01915
1.235297e-06	-0.0193
1.237297e-06	-0.01855
1.239297e-06	-0.0193
1.241297e-06	-0.01885
1.243297e-06	-0.01795
1.245297e-06	-0.01825
1.247297e-06	-0.01825
1.249297e-06	-0.0184
1.251297e-06	-0.01885
1.253297e-06	-0.019
1.255297e-06	-0.019
1.257297e-06	-0.01885
1.259297e-06	-0.01975
1.261297e-06	-0.019
1.263297e-06	-0.01945
1.265297e-06	-0.01915
1.267297e-06	-0.01915
1.269297e-06	-0.019
1.271297e-06	-0.019
1.273297e-06	-0.01915
1.275297e-06	-0.019
1.277297e-06	-0.0196
1.279297e-06	-0.02005
1.281297e-06	-0.0196
1.283297e-06	-0.01945
1.285297e-06	-0.0187
1.287297e-06	-0.0193
1.289297e-06	-0.01915
1.291297e-06	-0.0187
1.293297e-06	-0.01795
1.295297e-06	-0.01855
1.297297e-06	-0.01855
1.299297e-06	-0.01855
1.301297e-06	-0.0187
1.303297e-06	-0.0187
1.305297e-06	-0.0187
1.307297e-06	-0.01825
1.309297e-06	-0.0187
1.311297e-06	-0.01825
1.313297e-06	-0.01915
1.315297e-06	-0.0187
1.317297e-06	-0.019
1.319297e-06	-0.01915
1.321297e-06	-0.01945
1.323297e-06	-0.01915
1.325297e-06	-0.0196
1.327297e-06	-0.01945
1.329297e-06	-0.01945
1.331297e-06	-0.0199
1.333297e-06	-0.0193
1.335297e-06	-0.02005
1.337297e-06	-0.0196
1.339297e-06	-0.0196
1.341297e-06	-0.01915
1.343297e-06	-0.01975
1.345297e-06	-0.0193
1.347297e-06	-0.0193
1.349297e-06	-0.0199
1.351297e-06	-0.0199
1.353297e-06	-0.01945
1.355297e-06	-0.01915
1.357297e-06	-0.0193
1.359297e-06	-0.01945
1.361297e-06	-0.01885
1.363297e-06	-0.0184
1.365297e-06	-0.0184
1.367297e-06	-0.0187
1.369297e-06	-0.01855
1.371297e-06	-0.0187
1.373297e-06	-0.0181
1.375297e-06	-0.01765
1.377297e-06	-0.0184
1.379297e-06	-0.0181
1.381297e-06	-0.01825
1.383297e-06	-0.0187
1.385297e-06	-0.019
1.387297e-06	-0.01915
1.389297e-06	-0.01945
1.391297e-06	-0.01975
1.393297e-06	-0.01945
1.395297e-06	-0.0193
1.397297e-06	-0.01975
1.399297e-06	-0.01945
1.401297e-06	-0.01945
1.403297e-06	-0.019
1.405297e-06	-0.0184
1.407297e-06	-0.0187
1.409297e-06	-0.01795
1.411297e-06	-0.0181
1.413297e-06	-0.0178
1.415297e-06	-0.0181
1.417297e-06	-0.0178
1.419297e-06	-0.01765
1.421297e-06	-0.01795
1.423297e-06	-0.0178
1.425297e-06	-0.01735
1.427297e-06	-0.0175
1.429297e-06	-0.01705
1.431297e-06	-0.0169
1.433297e-06	-0.01645
1.435297e-06	-0.0169
1.437297e-06	-0.0172
1.439297e-06	-0.0169
1.441297e-06	-0.0175
1.443297e-06	-0.01675
1.445297e-06	-0.0172
1.447297e-06	-0.0175
1.449297e-06	-0.0175
1.451297e-06	-0.0169
1.453297e-06	-0.01765
1.455297e-06	-0.0178
1.457297e-06	-0.01675
1.459297e-06	-0.0172
1.461297e-06	-0.0178
1.463297e-06	-0.0178
1.465297e-06	-0.01765
1.467297e-06	-0.0175
1.469297e-06	-0.0178
1.471297e-06	-0.01765
1.473297e-06	-0.0175
1.475297e-06	-0.0175
1.477297e-06	-0.0172
1.479297e-06	-0.01675
1.481297e-06	-0.01765
1.483297e-06	-0.01735
1.485297e-06	-0.0175
1.487297e-06	-0.0181
1.489297e-06	-0.0172
1.491297e-06	-0.01765
1.493297e-06	-0.0175
1.495297e-06	-0.01765
1.497297e-06	-0.0178
1.499297e-06	-0.01765
1.501297e-06	-0.0178
1.503297e-06	-0.0181
1.505297e-06	-0.0178
1.507297e-06	-0.0184
1.509297e-06	-0.01795
1.511297e-06	-0.0184
1.513297e-06	-0.01855
1.515297e-06	-0.01885
1.517297e-06	-0.0187
1.519297e-06	-0.01825
1.521297e-06	-0.01825
1.523297e-06	-0.01855
1.525297e-06	-0.0184
1.527297e-06	-0.0184
1.529297e-06	-0.01885
1.531297e-06	-0.01885
1.533297e-06	-0.019
1.535297e-06	-0.0193
1.537297e-06	-0.01915
1.539297e-06	-0.019
1.541297e-06	-0.0193
1.543297e-06	-0.0196
1.545297e-06	-0.01945
1.547297e-06	-0.01915
1.549297e-06	-0.0193
1.551297e-06	-0.02005
1.553297e-06	-0.01975
1.555297e-06	-0.02005
1.557297e-06	-0.0199
1.559297e-06	-0.0196
1.561297e-06	-0.01915
1.563297e-06	-0.01945
1.565297e-06	-0.0187
1.567297e-06	-0.0196
1.569297e-06	-0.019
1.571297e-06	-0.0193
1.573297e-06	-0.019
1.575297e-06	-0.0193
1.577297e-06	-0.0196
1.579297e-06	-0.01945
1.581297e-06	-0.01945
1.583297e-06	-0.01975
1.585297e-06	-0.01855
1.587297e-06	-0.01915
1.589297e-06	-0.0187
1.591297e-06	-0.019
1.593297e-06	-0.01915
1.595297e-06	-0.0193
1.597297e-06	-0.01885
1.599297e-06	-0.0196
1.601297e-06	-0.01945
1.603297e-06	-0.0196
1.605297e-06	-0.0196
1.607297e-06	-0.0196
1.609297e-06	-0.01945
1.611297e-06	-0.0193
1.613297e-06	-0.01945
1.615297e-06	-0.02005
1.617297e-06	-0.02035
1.619297e-06	-0.02065
1.621297e-06	-0.0202
1.623297e-06	-0.0202
1.625297e-06	-0.0205
1.627297e-06	-0.0211
1.629297e-06	-0.0199
1.631297e-06	-0.0205
1.633297e-06	-0.02035
1.635297e-06	-0.0202
1.637297e-06	-0.0199
1.639297e-06	-0.0202
1.641297e-06	-0.01945
1.643297e-06	-0.02005
1.645297e-06	-0.02065
1.647297e-06	-0.0205
1.649297e-06	-0.01975
1.651297e-06	-0.0196
1.653297e-06	-0.01945
1.655297e-06	-0.02005
1.657297e-06	-0.02005
1.659297e-06	-0.01975
1.661297e-06	-0.0199
1.663297e-06	-0.02065
1.665297e-06	-0.0199
1.667297e-06	-0.0202
1.669297e-06	-0.0202
1.671297e-06	-0.02005
1.673297e-06	-0.02005
1.675297e-06	-0.02035
1.677297e-06	-0.0205
1.679297e-06	-0.02065
1.681297e-06	-0.01975
1.683297e-06	-0.0205
1.685297e-06	-0.01945
1.687297e-06	-0.0211
1.689297e-06	-0.0208
1.691297e-06	-0.0205
1.693297e-06	-0.02065
1.695297e-06	-0.02035
1.697297e-06	-0.02005
1.699297e-06	-0.01945
1.701297e-06	-0.01975
1.703297e-06	-0.0196
1.705297e-06	-0.0199
1.707297e-06	-0.0199
1.709297e-06	-0.01975
1.711297e-06	-0.0193
1.713297e-06	-0.0193
1.715297e-06	-0.0196
1.717297e-06	-0.0202
1.719297e-06	-0.01975
1.721297e-06	-0.0199
1.723297e-06	-0.0196
1.725297e-06	-0.0193
1.727297e-06	-0.0196
1.729297e-06	-0.0199
1.731297e-06	-0.01975
1.733297e-06	-0.01915
1.735297e-06	-0.02005
1.737297e-06	-0.0199
1.739297e-06	-0.0196
1.741297e-06	-0.0196
1.743297e-06	-0.02035
1.745297e-06	-0.01975
1.747297e-06	-0.0202
1.749297e-06	-0.0199
1.751297e-06	-0.02005
1.753297e-06	-0.0196
1.755297e-06	-0.02005
1.757297e-06	-0.01945
1.759297e-06	-0.0199
1.761297e-06	-0.0196
1.763297e-06	-0.01945
1.765297e-06	-0.01915
1.767297e-06	-0.01975
1.769297e-06	-0.01975
1.771297e-06	-0.02005
1.773297e-06	-0.01945
1.775297e-06	-0.0196
1.777297e-06	-0.01975
1.779297e-06	-0.01975
1.781297e-06	-0.0196
1.783297e-06	-0.0196
1.785297e-06	-0.0196
1.787297e-06	-0.0199
1.789297e-06	-0.02005
1.791297e-06	-0.0205
1.793297e-06	-0.02035
1.795297e-06	-0.02065
1.797297e-06	-0.0202
1.799297e-06	-0.02065
1.801297e-06	-0.02035
1.803297e-06	-0.02005
1.805297e-06	-0.02035
1.807297e-06	-0.0196
1.809297e-06	-0.0196
1.811297e-06	-0.01945
1.813297e-06	-0.0193
1.815297e-06	-0.01945
1.817297e-06	-0.0193
1.819297e-06	-0.0199
1.821297e-06	-0.0199
1.823297e-06	-0.0196
1.825297e-06	-0.02005
1.827297e-06	-0.01975
1.829297e-06	-0.01945
1.831297e-06	-0.02005
1.833297e-06	-0.0199
1.835297e-06	-0.02005
1.837297e-06	-0.0202
1.839297e-06	-0.02065
1.841297e-06	-0.0199
1.843297e-06	-0.01975
1.845297e-06	-0.0199
1.847297e-06	-0.02035
1.849297e-06	-0.02005
1.851297e-06	-0.02005
1.853297e-06	-0.0199
1.855297e-06	-0.0202
1.857297e-06	-0.0199
1.859297e-06	-0.02035
1.861297e-06	-0.02065
1.863297e-06	-0.02125
1.865297e-06	-0.02035
1.867297e-06	-0.02035
1.869297e-06	-0.0205
1.871297e-06	-0.02095
1.873297e-06	-0.02095
1.875297e-06	-0.02095
1.877297e-06	-0.0208
1.879297e-06	-0.02035
1.881297e-06	-0.0208
1.883297e-06	-0.02065
1.885297e-06	-0.02035
1.887297e-06	-0.02095
1.889297e-06	-0.02065
1.891297e-06	-0.02065
1.893297e-06	-0.02125
1.895297e-06	-0.02065
1.897297e-06	-0.02125
1.899297e-06	-0.02095
1.901297e-06	-0.02065
1.903297e-06	-0.02125
1.905297e-06	-0.02065
1.907297e-06	-0.0214
1.909297e-06	-0.0208
1.911297e-06	-0.02095
1.913297e-06	-0.0211
1.915297e-06	-0.02095
1.917297e-06	-0.0208
1.919297e-06	-0.0214
1.921297e-06	-0.02125
1.923297e-06	-0.0214
1.925297e-06	-0.0214
1.927297e-06	-0.02095
1.929297e-06	-0.0217
1.931297e-06	-0.0211
1.933297e-06	-0.0211
1.935297e-06	-0.022
1.937297e-06	-0.0214
1.939297e-06	-0.0214
1.941297e-06	-0.02095
1.943297e-06	-0.02155
1.945297e-06	-0.0214
1.947297e-06	-0.02155
1.949297e-06	-0.0214
1.951297e-06	-0.0214
1.953297e-06	-0.02125
1.955297e-06	-0.02125
1.957297e-06	-0.0208
1.959297e-06	-0.02185
1.961297e-06	-0.022
1.963297e-06	-0.02215
1.965297e-06	-0.02215
1.967297e-06	-0.02215
1.969297e-06	-0.02185
1.971297e-06	-0.0217
1.973297e-06	-0.022
1.975297e-06	-0.02215
1.977297e-06	-0.022
1.979297e-06	-0.02185
1.981297e-06	-0.0217
1.983297e-06	-0.0217
1.985297e-06	-0.022
1.987297e-06	-0.02155
1.989297e-06	-0.0217
1.991297e-06	-0.022
1.993297e-06	-0.022
1.995297e-06	-0.022
1.997297e-06	-0.02185
1.999297e-06	-0.02185
2.001297e-06	-0.02155
2.003297e-06	-0.02155
2.005297e-06	-0.0211
2.007297e-06	-0.02125
2.009297e-06	-0.0211
2.011297e-06	-0.0211
2.013297e-06	-0.0211
2.015297e-06	-0.02155
2.017297e-06	-0.02035
2.019297e-06	-0.0202
2.021297e-06	-0.0196
2.023297e-06	-0.0199
2.025297e-06	-0.01945
2.027297e-06	-0.0196
2.029297e-06	-0.01885
2.031297e-06	-0.01975
2.033297e-06	-0.01975
2.035297e-06	-0.0193
2.037297e-06	-0.0193
2.039297e-06	-0.0196
2.041297e-06	-0.01945
2.043297e-06	-0.01915
2.045297e-06	-0.01915
2.047297e-06	-0.01915
2.049297e-06	-0.0193
2.051297e-06	-0.019
2.053297e-06	-0.01915
2.055297e-06	-0.01975
2.057297e-06	-0.02005
2.059297e-06	-0.0202
2.061297e-06	-0.01975
2.063297e-06	-0.02065
2.065297e-06	-0.0202
2.067297e-06	-0.0196
2.069297e-06	-0.01975
2.071297e-06	-0.01975
2.073297e-06	-0.01885
2.075297e-06	-0.01885
2.077297e-06	-0.0184
2.079297e-06	-0.01825
2.081297e-06	-0.01765
2.083297e-06	-0.01765
2.085297e-06	-0.0178
2.087297e-06	-0.01705
2.089297e-06	-0.0166
2.091297e-06	-0.0157
2.093297e-06	-0.01645
2.095297e-06	-0.01645
2.097297e-06	-0.01615
2.099297e-06	-0.01615
2.101297e-06	-0.0163
2.103297e-06	-0.01675
2.105297e-06	-0.016
2.107297e-06	-0.01585
2.109297e-06	-0.016
2.111297e-06	-0.01585
2.113297e-06	-0.016
2.115297e-06	-0.0157
2.117297e-06	-0.01555
2.119297e-06	-0.01525
2.121297e-06	-0.01555
2.123297e-06	-0.01615
2.125297e-06	-0.01615
2.127297e-06	-0.0166
2.129297e-06	-0.01615
2.131297e-06	-0.0157
2.133297e-06	-0.01615
2.135297e-06	-0.01615
2.137297e-06	-0.0163
2.139297e-06	-0.016
2.141297e-06	-0.0166
2.143297e-06	-0.01645
2.145297e-06	-0.01675
2.147297e-06	-0.01675
2.149297e-06	-0.01645
2.151297e-06	-0.0166
2.153297e-06	-0.0172
2.155297e-06	-0.01705
2.157297e-06	-0.0172
2.159297e-06	-0.01735
2.161297e-06	-0.01735
2.163297e-06	-0.01705
2.165297e-06	-0.01705
2.167297e-06	-0.0172
2.169297e-06	-0.0169
2.171297e-06	-0.0175
2.173297e-06	-0.01765
2.175297e-06	-0.0175
2.177297e-06	-0.0172
2.179297e-06	-0.01735
2.181297e-06	-0.01765
2.183297e-06	-0.0181
2.185297e-06	-0.0178
2.187297e-06	-0.01795
2.189297e-06	-0.01765
2.191297e-06	-0.0184
2.193297e-06	-0.0184
2.195297e-06	-0.019
2.197297e-06	-0.01855
2.199297e-06	-0.01855
2.201297e-06	-0.01915
2.203297e-06	-0.01915
2.205297e-06	-0.01915
2.207297e-06	-0.01855
2.209297e-06	-0.01885
2.211297e-06	-0.01855
2.213297e-06	-0.01915
2.215297e-06	-0.01885
2.217297e-06	-0.0193
2.219297e-06	-0.0193
2.221297e-06	-0.0202
2.223297e-06	-0.0202
2.225297e-06	-0.0202
2.227297e-06	-0.0202
2.229297e-06	-0.0199
2.231297e-06	-0.02035
2.233297e-06	-0.02035
2.235297e-06	-0.0208
2.237297e-06	-0.02095
2.239297e-06	-0.0211
2.241297e-06	-0.0208
2.243297e-06	-0.0205
2.245297e-06	-0.0202
2.247297e-06	-0.0205
2.249297e-06	-0.02035
2.251297e-06	-0.0199
2.253297e-06	-0.01975
2.255297e-06	-0.0202
2.257297e-06	-0.02035
2.259297e-06	-0.02035
2.261297e-06	-0.0205
2.263297e-06	-0.02065
2.265297e-06	-0.02095
2.267297e-06	-0.0211
2.269297e-06	-0.0205
2.271297e-06	-0.0205
2.273297e-06	-0.02095
2.275297e-06	-0.0211
2.277297e-06	-0.0214
2.279297e-06	-0.02155
2.281297e-06	-0.0214
2.283297e-06	-0.022
2.285297e-06	-0.02245
2.287297e-06	-0.0217
2.289297e-06	-0.022
2.291297e-06	-0.02185
2.293297e-06	-0.02185
2.295297e-06	-0.0217
2.297297e-06	-0.0211
2.299297e-06	-0.02095
2.301297e-06	-0.0217
2.303297e-06	-0.02215
2.305297e-06	-0.0214
2.307297e-06	-0.0214
2.309297e-06	-0.0217
2.311297e-06	-0.0229
2.313297e-06	-0.02275
2.315297e-06	-0.0223
2.317297e-06	-0.0223
2.319297e-06	-0.02305
2.321297e-06	-0.02305
2.323297e-06	-0.02245
2.325297e-06	-0.02275
2.327297e-06	-0.0232
2.329297e-06	-0.02275
2.331297e-06	-0.0232
2.333297e-06	-0.022
2.335297e-06	-0.0232
2.337297e-06	-0.0223
2.339297e-06	-0.0229
2.341297e-06	-0.0226
2.343297e-06	-0.0229
2.345297e-06	-0.02245
2.347297e-06	-0.02275
2.349297e-06	-0.0229
2.351297e-06	-0.02305
2.353297e-06	-0.0226
2.355297e-06	-0.02305
2.357297e-06	-0.0226
2.359297e-06	-0.02275
2.361297e-06	-0.02245
2.363297e-06	-0.0214
2.365297e-06	-0.0223
2.367297e-06	-0.0229
2.369297e-06	-0.02185
2.371297e-06	-0.02155
2.373297e-06	-0.02095
2.375297e-06	-0.0217
2.377297e-06	-0.02185
2.379297e-06	-0.0217
2.381297e-06	-0.02155
2.383297e-06	-0.02185
2.385297e-06	-0.022
2.387297e-06	-0.0214
2.389297e-06	-0.0214
2.391297e-06	-0.02245
2.393297e-06	-0.0226
2.395297e-06	-0.022
2.397297e-06	-0.02155
2.399297e-06	-0.022
2.401297e-06	-0.022
2.403297e-06	-0.02155
2.405297e-06	-0.0211
2.407297e-06	-0.0214
2.409297e-06	-0.0211
2.411297e-06	-0.02125
2.413297e-06	-0.0214
2.415297e-06	-0.02155
2.417297e-06	-0.02095
2.419297e-06	-0.0208
2.421297e-06	-0.02065
2.423297e-06	-0.0211
2.425297e-06	-0.02065
2.427297e-06	-0.02035
2.429297e-06	-0.0199
2.431297e-06	-0.02005
2.433297e-06	-0.02005
2.435297e-06	-0.02005
2.437297e-06	-0.0202
2.439297e-06	-0.0199
2.441297e-06	-0.0205
2.443297e-06	-0.02065
2.445297e-06	-0.02065
2.447297e-06	-0.0208
2.449297e-06	-0.02035
2.451297e-06	-0.0202
2.453297e-06	-0.02005
2.455297e-06	-0.02035
2.457297e-06	-0.02065
2.459297e-06	-0.02035
2.461297e-06	-0.02005
2.463297e-06	-0.02035
2.465297e-06	-0.0205
2.467297e-06	-0.0208
2.469297e-06	-0.0199
2.471297e-06	-0.02065
2.473297e-06	-0.02005
2.475297e-06	-0.0208
2.477297e-06	-0.02125
2.479297e-06	-0.0211
2.481297e-06	-0.02155
2.483297e-06	-0.02095
2.485297e-06	-0.0214
2.487297e-06	-0.0211
2.489297e-06	-0.02095
2.491297e-06	-0.02065
2.493297e-06	-0.02065
2.495297e-06	-0.0211
2.497297e-06	-0.02095
2.499297e-06	-0.02065
2.501297e-06	-0.02005
