LECROYHDO6104A	50809	Waveform
Segments	1	SegmentSize	2502
Segment	TrigTime	TimeSinceSegment1
#1	19-Dec-2022 19:13:52	0                 
Time	Ampl
-2.49024e-06	-0.01978
-2.48824e-06	-0.01962
-2.48624e-06	-0.0195
-2.48424e-06	-0.01934
-2.48224e-06	-0.01922
-2.48024e-06	-0.01938
-2.47824e-06	-0.0191
-2.47624e-06	-0.01892
-2.47424e-06	-0.01872
-2.47224e-06	-0.01882
-2.47024e-06	-0.01898
-2.46824e-06	-0.01906
-2.46624e-06	-0.01904
-2.46424e-06	-0.01918
-2.46224e-06	-0.01936
-2.46024e-06	-0.01926
-2.45824e-06	-0.01944
-2.45624e-06	-0.01976
-2.45424e-06	-0.01978
-2.45224e-06	-0.0196
-2.45024e-06	-0.0197
-2.44824e-06	-0.01992
-2.44624e-06	-0.0197
-2.44424e-06	-0.01994
-2.44224e-06	-0.01932
-2.44024e-06	-0.01914
-2.43824e-06	-0.01902
-2.43624e-06	-0.01934
-2.43424e-06	-0.01876
-2.43224e-06	-0.01874
-2.43024e-06	-0.0183
-2.42824e-06	-0.01818
-2.42624e-06	-0.0184
-2.42424e-06	-0.01816
-2.42224e-06	-0.01828
-2.42024e-06	-0.0182
-2.41824e-06	-0.01816
-2.41624e-06	-0.0184
-2.41424e-06	-0.0182
-2.41224e-06	-0.0184
-2.41024e-06	-0.01846
-2.40824e-06	-0.01858
-2.40624e-06	-0.01838
-2.40424e-06	-0.01808
-2.40224e-06	-0.01792
-2.40024e-06	-0.01794
-2.39824e-06	-0.01742
-2.39624e-06	-0.01752
-2.39424e-06	-0.01768
-2.39224e-06	-0.01788
-2.39024e-06	-0.01756
-2.38824e-06	-0.01746
-2.38624e-06	-0.01744
-2.38424e-06	-0.01798
-2.38224e-06	-0.018
-2.38024e-06	-0.0179
-2.37824e-06	-0.01738
-2.37624e-06	-0.01782
-2.37424e-06	-0.0179
-2.37224e-06	-0.01776
-2.37024e-06	-0.01752
-2.36824e-06	-0.0178
-2.36624e-06	-0.01784
-2.36424e-06	-0.01796
-2.36224e-06	-0.01794
-2.36024e-06	-0.01782
-2.35824e-06	-0.01782
-2.35624e-06	-0.01816
-2.35424e-06	-0.01804
-2.35224e-06	-0.01848
-2.35024e-06	-0.0185
-2.34824e-06	-0.01844
-2.34624e-06	-0.01824
-2.34424e-06	-0.01812
-2.34224e-06	-0.01794
-2.34024e-06	-0.01814
-2.33824e-06	-0.01798
-2.33624e-06	-0.01768
-2.33424e-06	-0.01752
-2.33224e-06	-0.0178
-2.33024e-06	-0.01788
-2.32824e-06	-0.01802
-2.32624e-06	-0.01826
-2.32424e-06	-0.01808
-2.32224e-06	-0.01778
-2.32024e-06	-0.01822
-2.31824e-06	-0.01824
-2.31624e-06	-0.01836
-2.31424e-06	-0.01836
-2.31224e-06	-0.0182
-2.31024e-06	-0.01814
-2.30824e-06	-0.01806
-2.30624e-06	-0.01794
-2.30424e-06	-0.01808
-2.30224e-06	-0.01816
-2.30024e-06	-0.01804
-2.29824e-06	-0.01784
-2.29624e-06	-0.0179
-2.29424e-06	-0.01818
-2.29224e-06	-0.01792
-2.29024e-06	-0.01762
-2.28824e-06	-0.018
-2.28624e-06	-0.01786
-2.28424e-06	-0.01794
-2.28224e-06	-0.01788
-2.28024e-06	-0.0181
-2.27824e-06	-0.01814
-2.27624e-06	-0.01816
-2.27424e-06	-0.01782
-2.27224e-06	-0.01792
-2.27024e-06	-0.01792
-2.26824e-06	-0.01822
-2.26624e-06	-0.01836
-2.26424e-06	-0.01838
-2.26224e-06	-0.01812
-2.26024e-06	-0.0184
-2.25824e-06	-0.01838
-2.25624e-06	-0.01858
-2.25424e-06	-0.01818
-2.25224e-06	-0.01828
-2.25024e-06	-0.01816
-2.24824e-06	-0.01828
-2.24624e-06	-0.01798
-2.24424e-06	-0.0179
-2.24224e-06	-0.01764
-2.24024e-06	-0.01784
-2.23824e-06	-0.01816
-2.23624e-06	-0.01806
-2.23424e-06	-0.01804
-2.23224e-06	-0.01806
-2.23024e-06	-0.01818
-2.22824e-06	-0.01832
-2.22624e-06	-0.01824
-2.22424e-06	-0.01796
-2.22224e-06	-0.0181
-2.22024e-06	-0.01786
-2.21824e-06	-0.01774
-2.21624e-06	-0.0178
-2.21424e-06	-0.01766
-2.21224e-06	-0.01788
-2.21024e-06	-0.01796
-2.20824e-06	-0.01838
-2.20624e-06	-0.0183
-2.20424e-06	-0.01846
-2.20224e-06	-0.01826
-2.20024e-06	-0.01866
-2.19824e-06	-0.01866
-2.19624e-06	-0.0185
-2.19424e-06	-0.01888
-2.19224e-06	-0.01888
-2.19024e-06	-0.01896
-2.18824e-06	-0.01878
-2.18624e-06	-0.0188
-2.18424e-06	-0.01898
-2.18224e-06	-0.0192
-2.18024e-06	-0.01914
-2.17824e-06	-0.0193
-2.17624e-06	-0.01942
-2.17424e-06	-0.01946
-2.17224e-06	-0.01958
-2.17024e-06	-0.01952
-2.16824e-06	-0.01962
-2.16624e-06	-0.01966
-2.16424e-06	-0.01984
-2.16224e-06	-0.01986
-2.16024e-06	-0.02006
-2.15824e-06	-0.01982
-2.15624e-06	-0.01966
-2.15424e-06	-0.0194
-2.15224e-06	-0.0195
-2.15024e-06	-0.0193
-2.14824e-06	-0.0193
-2.14624e-06	-0.01916
-2.14424e-06	-0.01918
-2.14224e-06	-0.01904
-2.14024e-06	-0.01864
-2.13824e-06	-0.01862
-2.13624e-06	-0.01892
-2.13424e-06	-0.01886
-2.13224e-06	-0.01888
-2.13024e-06	-0.01888
-2.12824e-06	-0.019
-2.12624e-06	-0.01918
-2.12424e-06	-0.01886
-2.12224e-06	-0.0188
-2.12024e-06	-0.01918
-2.11824e-06	-0.01888
-2.11624e-06	-0.01864
-2.11424e-06	-0.01812
-2.11224e-06	-0.01836
-2.11024e-06	-0.018
-2.10824e-06	-0.0182
-2.10624e-06	-0.01792
-2.10424e-06	-0.01776
-2.10224e-06	-0.01766
-2.10024e-06	-0.01736
-2.09824e-06	-0.01724
-2.09624e-06	-0.0175
-2.09424e-06	-0.01724
-2.09224e-06	-0.01764
-2.09024e-06	-0.01746
-2.08824e-06	-0.01792
-2.08624e-06	-0.0178
-2.08424e-06	-0.01756
-2.08224e-06	-0.01752
-2.08024e-06	-0.01772
-2.07824e-06	-0.01758
-2.07624e-06	-0.01738
-2.07424e-06	-0.0168
-2.07224e-06	-0.01684
-2.07024e-06	-0.01688
-2.06824e-06	-0.01644
-2.06624e-06	-0.01664
-2.06424e-06	-0.01682
-2.06224e-06	-0.0168
-2.06024e-06	-0.01706
-2.05824e-06	-0.0168
-2.05624e-06	-0.0169
-2.05424e-06	-0.0171
-2.05224e-06	-0.01738
-2.05024e-06	-0.01698
-2.04824e-06	-0.01728
-2.04624e-06	-0.01766
-2.04424e-06	-0.01776
-2.04224e-06	-0.0174
-2.04024e-06	-0.01748
-2.03824e-06	-0.01824
-2.03624e-06	-0.0186
-2.03424e-06	-0.01848
-2.03224e-06	-0.01854
-2.03024e-06	-0.01828
-2.02824e-06	-0.01838
-2.02624e-06	-0.01824
-2.02424e-06	-0.0186
-2.02224e-06	-0.01824
-2.02024e-06	-0.01796
-2.01824e-06	-0.01736
-2.01624e-06	-0.01736
-2.01424e-06	-0.01768
-2.01224e-06	-0.0179
-2.01024e-06	-0.01762
-2.00824e-06	-0.01768
-2.00624e-06	-0.01758
-2.00424e-06	-0.01742
-2.00224e-06	-0.01736
-2.00024e-06	-0.01778
-1.99824e-06	-0.01754
-1.99624e-06	-0.01774
-1.99424e-06	-0.0173
-1.99224e-06	-0.0173
-1.99024e-06	-0.01726
-1.98824e-06	-0.01766
-1.98624e-06	-0.01766
-1.98424e-06	-0.0178
-1.98224e-06	-0.01756
-1.98024e-06	-0.0178
-1.97824e-06	-0.0177
-1.97624e-06	-0.0177
-1.97424e-06	-0.0178
-1.97224e-06	-0.01816
-1.97024e-06	-0.01784
-1.96824e-06	-0.01836
-1.96624e-06	-0.01862
-1.96424e-06	-0.01852
-1.96224e-06	-0.01856
-1.96024e-06	-0.0188
-1.95824e-06	-0.01858
-1.95624e-06	-0.0183
-1.95424e-06	-0.01818
-1.95224e-06	-0.01872
-1.95024e-06	-0.01864
-1.94824e-06	-0.0189
-1.94624e-06	-0.01876
-1.94424e-06	-0.01892
-1.94224e-06	-0.01882
-1.94024e-06	-0.01858
-1.93824e-06	-0.01842
-1.93624e-06	-0.01848
-1.93424e-06	-0.01868
-1.93224e-06	-0.01902
-1.93024e-06	-0.0186
-1.92824e-06	-0.01858
-1.92624e-06	-0.01824
-1.92424e-06	-0.018
-1.92224e-06	-0.01794
-1.92024e-06	-0.0179
-1.91824e-06	-0.01792
-1.91624e-06	-0.0177
-1.91424e-06	-0.01776
-1.91224e-06	-0.0182
-1.91024e-06	-0.01804
-1.90824e-06	-0.01808
-1.90624e-06	-0.01804
-1.90424e-06	-0.01814
-1.90224e-06	-0.01806
-1.90024e-06	-0.01834
-1.89824e-06	-0.01826
-1.89624e-06	-0.01836
-1.89424e-06	-0.0184
-1.89224e-06	-0.01858
-1.89024e-06	-0.01862
-1.88824e-06	-0.01916
-1.88624e-06	-0.01912
-1.88424e-06	-0.01912
-1.88224e-06	-0.01908
-1.88024e-06	-0.01952
-1.87824e-06	-0.0194
-1.87624e-06	-0.0198
-1.87424e-06	-0.02004
-1.87224e-06	-0.02004
-1.87024e-06	-0.0199
-1.86824e-06	-0.0202
-1.86624e-06	-0.02054
-1.86424e-06	-0.02078
-1.86224e-06	-0.02078
-1.86024e-06	-0.02078
-1.85824e-06	-0.02076
-1.85624e-06	-0.02078
-1.85424e-06	-0.0209
-1.85224e-06	-0.02076
-1.85024e-06	-0.02028
-1.84824e-06	-0.0201
-1.84624e-06	-0.01978
-1.84424e-06	-0.01968
-1.84224e-06	-0.01952
-1.84024e-06	-0.0197
-1.83824e-06	-0.01964
-1.83624e-06	-0.01974
-1.83424e-06	-0.0196
-1.83224e-06	-0.01968
-1.83024e-06	-0.01968
-1.82824e-06	-0.01958
-1.82624e-06	-0.01948
-1.82424e-06	-0.01974
-1.82224e-06	-0.0196
-1.82024e-06	-0.01946
-1.81824e-06	-0.0193
-1.81624e-06	-0.0193
-1.81424e-06	-0.01934
-1.81224e-06	-0.01906
-1.81024e-06	-0.01906
-1.80824e-06	-0.01906
-1.80624e-06	-0.01868
-1.80424e-06	-0.01842
-1.80224e-06	-0.018
-1.80024e-06	-0.01784
-1.79824e-06	-0.01746
-1.79624e-06	-0.01706
-1.79424e-06	-0.01662
-1.79224e-06	-0.01654
-1.79024e-06	-0.0163
-1.78824e-06	-0.0162
-1.78624e-06	-0.01592
-1.78424e-06	-0.01622
-1.78224e-06	-0.01628
-1.78024e-06	-0.0163
-1.77824e-06	-0.01608
-1.77624e-06	-0.01592
-1.77424e-06	-0.01618
-1.77224e-06	-0.01598
-1.77024e-06	-0.0159
-1.76824e-06	-0.01598
-1.76624e-06	-0.01608
-1.76424e-06	-0.01606
-1.76224e-06	-0.01602
-1.76024e-06	-0.0164
-1.75824e-06	-0.01662
-1.75624e-06	-0.01656
-1.75424e-06	-0.01658
-1.75224e-06	-0.01712
-1.75024e-06	-0.01706
-1.74824e-06	-0.01714
-1.74624e-06	-0.01688
-1.74424e-06	-0.01682
-1.74224e-06	-0.01696
-1.74024e-06	-0.0174
-1.73824e-06	-0.01714
-1.73624e-06	-0.0173
-1.73424e-06	-0.0174
-1.73224e-06	-0.0174
-1.73024e-06	-0.01736
-1.72824e-06	-0.01742
-1.72624e-06	-0.01746
-1.72424e-06	-0.01738
-1.72224e-06	-0.01738
-1.72024e-06	-0.0178
-1.71824e-06	-0.01768
-1.71624e-06	-0.01774
-1.71424e-06	-0.0176
-1.71224e-06	-0.01794
-1.71024e-06	-0.0179
-1.70824e-06	-0.01788
-1.70624e-06	-0.01786
-1.70424e-06	-0.01824
-1.70224e-06	-0.01786
-1.70024e-06	-0.01784
-1.69824e-06	-0.01724
-1.69624e-06	-0.01718
-1.69424e-06	-0.01688
-1.69224e-06	-0.01698
-1.69024e-06	-0.01662
-1.68824e-06	-0.01698
-1.68624e-06	-0.01698
-1.68424e-06	-0.01698
-1.68224e-06	-0.01692
-1.68024e-06	-0.01696
-1.67824e-06	-0.01694
-1.67624e-06	-0.01668
-1.67424e-06	-0.0166
-1.67224e-06	-0.01656
-1.67024e-06	-0.01674
-1.66824e-06	-0.01706
-1.66624e-06	-0.01696
-1.66424e-06	-0.01708
-1.66224e-06	-0.01672
-1.66024e-06	-0.01662
-1.65824e-06	-0.01676
-1.65624e-06	-0.017
-1.65424e-06	-0.01678
-1.65224e-06	-0.01696
-1.65024e-06	-0.01704
-1.64824e-06	-0.01754
-1.64624e-06	-0.01742
-1.64424e-06	-0.01768
-1.64224e-06	-0.01776
-1.64024e-06	-0.0177
-1.63824e-06	-0.01746
-1.63624e-06	-0.01762
-1.63424e-06	-0.01744
-1.63224e-06	-0.01782
-1.63024e-06	-0.018
-1.62824e-06	-0.01838
-1.62624e-06	-0.01856
-1.62424e-06	-0.01874
-1.62224e-06	-0.0187
-1.62024e-06	-0.0186
-1.61824e-06	-0.01848
-1.61624e-06	-0.01878
-1.61424e-06	-0.01936
-1.61224e-06	-0.01956
-1.61024e-06	-0.01938
-1.60824e-06	-0.01942
-1.60624e-06	-0.01914
-1.60424e-06	-0.01902
-1.60224e-06	-0.01868
-1.60024e-06	-0.01884
-1.59824e-06	-0.01876
-1.59624e-06	-0.01854
-1.59424e-06	-0.01842
-1.59224e-06	-0.01836
-1.59024e-06	-0.01808
-1.58824e-06	-0.01814
-1.58624e-06	-0.01828
-1.58424e-06	-0.01826
-1.58224e-06	-0.01792
-1.58024e-06	-0.01768
-1.57824e-06	-0.01764
-1.57624e-06	-0.0178
-1.57424e-06	-0.01786
-1.57224e-06	-0.01762
-1.57024e-06	-0.0172
-1.56824e-06	-0.01704
-1.56624e-06	-0.01674
-1.56424e-06	-0.0164
-1.56224e-06	-0.01656
-1.56024e-06	-0.0164
-1.55824e-06	-0.01644
-1.55624e-06	-0.01606
-1.55424e-06	-0.01572
-1.55224e-06	-0.01604
-1.55024e-06	-0.01572
-1.54824e-06	-0.0157
-1.54624e-06	-0.01566
-1.54424e-06	-0.0156
-1.54224e-06	-0.01562
-1.54024e-06	-0.01558
-1.53824e-06	-0.01526
-1.53624e-06	-0.01536
-1.53424e-06	-0.01528
-1.53224e-06	-0.01574
-1.53024e-06	-0.01586
-1.52824e-06	-0.01576
-1.52624e-06	-0.01552
-1.52424e-06	-0.0154
-1.52224e-06	-0.01532
-1.52024e-06	-0.01562
-1.51824e-06	-0.01534
-1.51624e-06	-0.0154
-1.51424e-06	-0.01558
-1.51224e-06	-0.01586
-1.51024e-06	-0.01598
-1.50824e-06	-0.01604
-1.50624e-06	-0.0163
-1.50424e-06	-0.01626
-1.50224e-06	-0.01628
-1.50024e-06	-0.01628
-1.49824e-06	-0.01614
-1.49624e-06	-0.01626
-1.49424e-06	-0.01628
-1.49224e-06	-0.01626
-1.49024e-06	-0.01582
-1.48824e-06	-0.01578
-1.48624e-06	-0.01604
-1.48424e-06	-0.01552
-1.48224e-06	-0.0153
-1.48024e-06	-0.01528
-1.47824e-06	-0.01536
-1.47624e-06	-0.01526
-1.47424e-06	-0.01542
-1.47224e-06	-0.01578
-1.47024e-06	-0.0159
-1.46824e-06	-0.01632
-1.46624e-06	-0.01658
-1.46424e-06	-0.01668
-1.46224e-06	-0.01682
-1.46024e-06	-0.01728
-1.45824e-06	-0.01736
-1.45624e-06	-0.01704
-1.45424e-06	-0.01684
-1.45224e-06	-0.01662
-1.45024e-06	-0.0166
-1.44824e-06	-0.01672
-1.44624e-06	-0.01668
-1.44424e-06	-0.0169
-1.44224e-06	-0.01684
-1.44024e-06	-0.01702
-1.43824e-06	-0.01672
-1.43624e-06	-0.01702
-1.43424e-06	-0.01678
-1.43224e-06	-0.01692
-1.43024e-06	-0.01702
-1.42824e-06	-0.01666
-1.42624e-06	-0.01682
-1.42424e-06	-0.01718
-1.42224e-06	-0.01762
-1.42024e-06	-0.01748
-1.41824e-06	-0.01738
-1.41624e-06	-0.01776
-1.41424e-06	-0.01762
-1.41224e-06	-0.01782
-1.41024e-06	-0.0175
-1.40824e-06	-0.0172
-1.40624e-06	-0.0175
-1.40424e-06	-0.01754
-1.40224e-06	-0.01786
-1.40024e-06	-0.01798
-1.39824e-06	-0.01794
-1.39624e-06	-0.01802
-1.39424e-06	-0.0183
-1.39224e-06	-0.01824
-1.39024e-06	-0.01828
-1.38824e-06	-0.01862
-1.38624e-06	-0.01856
-1.38424e-06	-0.01918
-1.38224e-06	-0.01944
-1.38024e-06	-0.0196
-1.37824e-06	-0.01946
-1.37624e-06	-0.01946
-1.37424e-06	-0.0197
-1.37224e-06	-0.01994
-1.37024e-06	-0.02016
-1.36824e-06	-0.02008
-1.36624e-06	-0.01998
-1.36424e-06	-0.01978
-1.36224e-06	-0.01966
-1.36024e-06	-0.02014
-1.35824e-06	-0.02014
-1.35624e-06	-0.02008
-1.35424e-06	-0.02002
-1.35224e-06	-0.02002
-1.35024e-06	-0.01978
-1.34824e-06	-0.01958
-1.34624e-06	-0.01964
-1.34424e-06	-0.01998
-1.34224e-06	-0.01976
-1.34024e-06	-0.01986
-1.33824e-06	-0.0197
-1.33624e-06	-0.01968
-1.33424e-06	-0.01982
-1.33224e-06	-0.01988
-1.33024e-06	-0.01974
-1.32824e-06	-0.0198
-1.32624e-06	-0.0198
-1.32424e-06	-0.01976
-1.32224e-06	-0.0196
-1.32024e-06	-0.0193
-1.31824e-06	-0.01888
-1.31624e-06	-0.01858
-1.31424e-06	-0.01852
-1.31224e-06	-0.01886
-1.31024e-06	-0.01862
-1.30824e-06	-0.01878
-1.30624e-06	-0.01852
-1.30424e-06	-0.01858
-1.30224e-06	-0.01896
-1.30024e-06	-0.019
-1.29824e-06	-0.0186
-1.29624e-06	-0.01866
-1.29424e-06	-0.01876
-1.29224e-06	-0.01886
-1.29024e-06	-0.01848
-1.28824e-06	-0.01848
-1.28624e-06	-0.01858
-1.28424e-06	-0.01848
-1.28224e-06	-0.01848
-1.28024e-06	-0.01862
-1.27824e-06	-0.01888
-1.27624e-06	-0.0189
-1.27424e-06	-0.01864
-1.27224e-06	-0.0186
-1.27024e-06	-0.01858
-1.26824e-06	-0.01892
-1.26624e-06	-0.01872
-1.26424e-06	-0.0183
-1.26224e-06	-0.01818
-1.26024e-06	-0.0181
-1.25824e-06	-0.01814
-1.25624e-06	-0.01794
-1.25424e-06	-0.01774
-1.25224e-06	-0.01812
-1.25024e-06	-0.01798
-1.24824e-06	-0.01818
-1.24624e-06	-0.01774
-1.24424e-06	-0.01746
-1.24224e-06	-0.01722
-1.24024e-06	-0.01712
-1.23824e-06	-0.01732
-1.23624e-06	-0.01728
-1.23424e-06	-0.01718
-1.23224e-06	-0.01722
-1.23024e-06	-0.01728
-1.22824e-06	-0.01722
-1.22624e-06	-0.01688
-1.22424e-06	-0.01676
-1.22224e-06	-0.01688
-1.22024e-06	-0.01678
-1.21824e-06	-0.0168
-1.21624e-06	-0.01666
-1.21424e-06	-0.01654
-1.21224e-06	-0.0168
-1.21024e-06	-0.01664
-1.20824e-06	-0.01674
-1.20624e-06	-0.01658
-1.20424e-06	-0.01642
-1.20224e-06	-0.01608
-1.20024e-06	-0.01606
-1.19824e-06	-0.0162
-1.19624e-06	-0.01646
-1.19424e-06	-0.01622
-1.19224e-06	-0.01622
-1.19024e-06	-0.01632
-1.18824e-06	-0.01626
-1.18624e-06	-0.01586
-1.18424e-06	-0.01584
-1.18224e-06	-0.01614
-1.18024e-06	-0.01636
-1.17824e-06	-0.01592
-1.17624e-06	-0.01602
-1.17424e-06	-0.01578
-1.17224e-06	-0.01602
-1.17024e-06	-0.01598
-1.16824e-06	-0.01638
-1.16624e-06	-0.0163
-1.16424e-06	-0.01628
-1.16224e-06	-0.01652
-1.16024e-06	-0.01668
-1.15824e-06	-0.01666
-1.15624e-06	-0.0167
-1.15424e-06	-0.0166
-1.15224e-06	-0.01666
-1.15024e-06	-0.0169
-1.14824e-06	-0.01714
-1.14624e-06	-0.01724
-1.14424e-06	-0.01758
-1.14224e-06	-0.01808
-1.14024e-06	-0.018
-1.13824e-06	-0.0179
-1.13624e-06	-0.01794
-1.13424e-06	-0.01788
-1.13224e-06	-0.01804
-1.13024e-06	-0.01806
-1.12824e-06	-0.01806
-1.12624e-06	-0.01794
-1.12424e-06	-0.01786
-1.12224e-06	-0.0176
-1.12024e-06	-0.0177
-1.11824e-06	-0.01762
-1.11624e-06	-0.0179
-1.11424e-06	-0.01768
-1.11224e-06	-0.01732
-1.11024e-06	-0.0172
-1.10824e-06	-0.01702
-1.10624e-06	-0.01682
-1.10424e-06	-0.0171
-1.10224e-06	-0.01712
-1.10024e-06	-0.01718
-1.09824e-06	-0.01736
-1.09624e-06	-0.01746
-1.09424e-06	-0.0174
-1.09224e-06	-0.01752
-1.09024e-06	-0.01748
-1.08824e-06	-0.01736
-1.08624e-06	-0.01732
-1.08424e-06	-0.01758
-1.08224e-06	-0.0175
-1.08024e-06	-0.01774
-1.07824e-06	-0.0177
-1.07624e-06	-0.01756
-1.07424e-06	-0.01728
-1.07224e-06	-0.0177
-1.07024e-06	-0.01768
-1.06824e-06	-0.01778
-1.06624e-06	-0.0178
-1.06424e-06	-0.01796
-1.06224e-06	-0.01786
-1.06024e-06	-0.01802
-1.05824e-06	-0.01808
-1.05624e-06	-0.01826
-1.05424e-06	-0.01854
-1.05224e-06	-0.01858
-1.05024e-06	-0.01818
-1.04824e-06	-0.01866
-1.04624e-06	-0.01882
-1.04424e-06	-0.01904
-1.04224e-06	-0.01918
-1.04024e-06	-0.01938
-1.03824e-06	-0.01936
-1.03624e-06	-0.01958
-1.03424e-06	-0.01962
-1.03224e-06	-0.01988
-1.03024e-06	-0.01964
-1.02824e-06	-0.0195
-1.02624e-06	-0.01938
-1.02424e-06	-0.01956
-1.02224e-06	-0.0194
-1.02024e-06	-0.01936
-1.01824e-06	-0.01912
-1.01624e-06	-0.01914
-1.01424e-06	-0.01924
-1.01224e-06	-0.0192
-1.01024e-06	-0.01888
-1.00824e-06	-0.01904
-1.00624e-06	-0.01912
-1.00424e-06	-0.01888
-1.00224e-06	-0.0185
-1.00024e-06	-0.01856
-9.982397e-07	-0.01836
-9.962397e-07	-0.01808
-9.942397e-07	-0.018
-9.922397e-07	-0.01778
-9.902397e-07	-0.01748
-9.882397e-07	-0.01758
-9.862397e-07	-0.01712
-9.842397e-07	-0.0173
-9.822397e-07	-0.0174
-9.802397e-07	-0.01716
-9.782397e-07	-0.01684
-9.762397e-07	-0.01682
-9.742397e-07	-0.01652
-9.722397e-07	-0.01644
-9.702397e-07	-0.01638
-9.682397e-07	-0.01636
-9.662397e-07	-0.0158
-9.642397e-07	-0.01564
-9.622397e-07	-0.01558
-9.602397e-07	-0.01548
-9.582397e-07	-0.0154
-9.562397e-07	-0.01548
-9.542397e-07	-0.01592
-9.522397e-07	-0.01606
-9.502397e-07	-0.01614
-9.482397e-07	-0.01608
-9.462397e-07	-0.01596
-9.442397e-07	-0.01592
-9.422397e-07	-0.01574
-9.402397e-07	-0.016
-9.382397e-07	-0.01592
-9.362397e-07	-0.0163
-9.342397e-07	-0.01612
-9.322397e-07	-0.01598
-9.302397e-07	-0.0157
-9.282397e-07	-0.01588
-9.262397e-07	-0.01582
-9.242397e-07	-0.01584
-9.222397e-07	-0.01584
-9.202397e-07	-0.0162
-9.182397e-07	-0.01666
-9.162397e-07	-0.01702
-9.142397e-07	-0.0167
-9.122397e-07	-0.0169
-9.102397e-07	-0.01682
-9.082397e-07	-0.0168
-9.062397e-07	-0.01626
-9.042397e-07	-0.01644
-9.022397e-07	-0.0163
-9.002397e-07	-0.01598
-8.982397e-07	-0.01584
-8.962397e-07	-0.0157
-8.942397e-07	-0.0157
-8.922397e-07	-0.01528
-8.902397e-07	-0.01544
-8.882397e-07	-0.01534
-8.862397e-07	-0.01556
-8.842397e-07	-0.01558
-8.822397e-07	-0.01552
-8.802397e-07	-0.01548
-8.782397e-07	-0.01576
-8.762397e-07	-0.01596
-8.742397e-07	-0.01576
-8.722397e-07	-0.01574
-8.702397e-07	-0.01604
-8.682397e-07	-0.01566
-8.662397e-07	-0.01614
-8.642397e-07	-0.01622
-8.622397e-07	-0.01628
-8.602397e-07	-0.01658
-8.582397e-07	-0.01642
-8.562397e-07	-0.01658
-8.542397e-07	-0.01672
-8.522397e-07	-0.01686
-8.502397e-07	-0.01706
-8.482397e-07	-0.0173
-8.462397e-07	-0.0177
-8.442397e-07	-0.0178
-8.422397e-07	-0.01794
-8.402397e-07	-0.01846
-8.382397e-07	-0.0185
-8.362397e-07	-0.01888
-8.342397e-07	-0.01898
-8.322397e-07	-0.01928
-8.302397e-07	-0.01926
-8.282397e-07	-0.01938
-8.262397e-07	-0.01934
-8.242397e-07	-0.01962
-8.222397e-07	-0.01958
-8.202397e-07	-0.0197
-8.182397e-07	-0.01936
-8.162397e-07	-0.0196
-8.142397e-07	-0.01966
-8.122397e-07	-0.01968
-8.102397e-07	-0.01984
-8.082397e-07	-0.02012
-8.062397e-07	-0.02038
-8.042397e-07	-0.02056
-8.022397e-07	-0.02056
-8.002397e-07	-0.02098
-7.982397e-07	-0.02128
-7.962397e-07	-0.02172
-7.942397e-07	-0.02154
-7.922397e-07	-0.0219
-7.902397e-07	-0.02184
-7.882397e-07	-0.02202
-7.862397e-07	-0.0223
-7.842397e-07	-0.02232
-7.822397e-07	-0.02208
-7.802397e-07	-0.02162
-7.782397e-07	-0.02118
-7.762397e-07	-0.02112
-7.742397e-07	-0.02066
-7.722397e-07	-0.02062
-7.702397e-07	-0.02004
-7.682397e-07	-0.02012
-7.662397e-07	-0.02008
-7.642397e-07	-0.01986
-7.622397e-07	-0.0197
-7.602397e-07	-0.01966
-7.582397e-07	-0.0192
-7.562397e-07	-0.01926
-7.542397e-07	-0.0188
-7.522397e-07	-0.0185
-7.502397e-07	-0.01826
-7.482397e-07	-0.0182
-7.462397e-07	-0.01778
-7.442397e-07	-0.01746
-7.422397e-07	-0.01742
-7.402397e-07	-0.01736
-7.382397e-07	-0.01694
-7.362397e-07	-0.0167
-7.342397e-07	-0.0166
-7.322397e-07	-0.01646
-7.302397e-07	-0.0162
-7.282397e-07	-0.01634
-7.262397e-07	-0.01638
-7.242397e-07	-0.01602
-7.222397e-07	-0.01602
-7.202397e-07	-0.01636
-7.182397e-07	-0.01632
-7.162397e-07	-0.01628
-7.142397e-07	-0.01598
-7.122397e-07	-0.01604
-7.102397e-07	-0.01586
-7.082397e-07	-0.01576
-7.062397e-07	-0.01582
-7.042397e-07	-0.01592
-7.022397e-07	-0.01598
-7.002397e-07	-0.01578
-6.982397e-07	-0.01542
-6.962397e-07	-0.01524
-6.942397e-07	-0.01538
-6.922397e-07	-0.01522
-6.902397e-07	-0.0151
-6.882397e-07	-0.01486
-6.862397e-07	-0.01478
-6.842397e-07	-0.0151
-6.822397e-07	-0.0152
-6.802397e-07	-0.01504
-6.782397e-07	-0.01506
-6.762397e-07	-0.01514
-6.742397e-07	-0.01514
-6.722397e-07	-0.01522
-6.702397e-07	-0.01502
-6.682397e-07	-0.0151
-6.662397e-07	-0.01482
-6.642397e-07	-0.01498
-6.622397e-07	-0.01476
-6.602397e-07	-0.01476
-6.582397e-07	-0.0144
-6.562397e-07	-0.01432
-6.542397e-07	-0.01422
-6.522397e-07	-0.01388
-6.502397e-07	-0.01348
-6.482397e-07	-0.01364
-6.462397e-07	-0.01372
-6.442397e-07	-0.01388
-6.422397e-07	-0.01382
-6.402397e-07	-0.0137
-6.382397e-07	-0.0137
-6.362397e-07	-0.01386
-6.342397e-07	-0.01374
-6.322397e-07	-0.01388
-6.302397e-07	-0.0141
-6.282397e-07	-0.01418
-6.262397e-07	-0.01408
-6.242397e-07	-0.01406
-6.222397e-07	-0.01422
-6.202397e-07	-0.01432
-6.182397e-07	-0.01404
-6.162397e-07	-0.01436
-6.142397e-07	-0.0146
-6.122397e-07	-0.01464
-6.102397e-07	-0.01488
-6.082397e-07	-0.01478
-6.062397e-07	-0.01492
-6.042397e-07	-0.01484
-6.022397e-07	-0.01454
-6.002397e-07	-0.0146
-5.982397e-07	-0.0147
-5.962397e-07	-0.01502
-5.942397e-07	-0.01528
-5.922397e-07	-0.01558
-5.902397e-07	-0.01574
-5.882397e-07	-0.01574
-5.862397e-07	-0.01582
-5.842397e-07	-0.01592
-5.822397e-07	-0.01624
-5.802397e-07	-0.0165
-5.782397e-07	-0.01638
-5.762397e-07	-0.01676
-5.742397e-07	-0.01674
-5.722397e-07	-0.0168
-5.702397e-07	-0.0168
-5.682397e-07	-0.01718
-5.662397e-07	-0.01724
-5.642397e-07	-0.0172
-5.622397e-07	-0.01716
-5.602397e-07	-0.01774
-5.582397e-07	-0.01776
-5.562397e-07	-0.018
-5.542397e-07	-0.01756
-5.522397e-07	-0.01812
-5.502397e-07	-0.01828
-5.482397e-07	-0.01836
-5.462397e-07	-0.0185
-5.442397e-07	-0.01882
-5.422397e-07	-0.01908
-5.402397e-07	-0.0194
-5.382397e-07	-0.01934
-5.362397e-07	-0.01938
-5.342397e-07	-0.01918
-5.322397e-07	-0.01942
-5.302397e-07	-0.01934
-5.282397e-07	-0.0192
-5.262397e-07	-0.01882
-5.242397e-07	-0.01888
-5.222397e-07	-0.01866
-5.202397e-07	-0.0187
-5.182397e-07	-0.0187
-5.162397e-07	-0.0186
-5.142397e-07	-0.01824
-5.122397e-07	-0.0182
-5.102397e-07	-0.01814
-5.082397e-07	-0.01818
-5.062397e-07	-0.01814
-5.042397e-07	-0.01808
-5.022397e-07	-0.01814
-5.002397e-07	-0.01826
-4.982397e-07	-0.01802
-4.962397e-07	-0.018
-4.942397e-07	-0.01794
-4.922397e-07	-0.0181
-4.902397e-07	-0.018
-4.882397e-07	-0.01788
-4.862397e-07	-0.01782
-4.842397e-07	-0.01824
-4.822397e-07	-0.01786
-4.802397e-07	-0.018
-4.782397e-07	-0.01762
-4.762397e-07	-0.01768
-4.742397e-07	-0.0179
-4.722397e-07	-0.01786
-4.702397e-07	-0.01778
-4.682397e-07	-0.0177
-4.662397e-07	-0.01782
-4.642397e-07	-0.01828
-4.622397e-07	-0.01832
-4.602397e-07	-0.01842
-4.582397e-07	-0.0181
-4.562397e-07	-0.01884
-4.542397e-07	-0.01878
-4.522397e-07	-0.01902
-4.502397e-07	-0.01892
-4.482397e-07	-0.01896
-4.462397e-07	-0.019
-4.442397e-07	-0.01908
-4.422397e-07	-0.0188
-4.402397e-07	-0.019
-4.382397e-07	-0.01876
-4.362397e-07	-0.01896
-4.342397e-07	-0.01854
-4.322397e-07	-0.01872
-4.302397e-07	-0.01836
-4.282397e-07	-0.0184
-4.262397e-07	-0.01836
-4.242397e-07	-0.01834
-4.222397e-07	-0.01772
-4.202397e-07	-0.01768
-4.182397e-07	-0.0176
-4.162397e-07	-0.01766
-4.142397e-07	-0.01768
-4.122397e-07	-0.01748
-4.102397e-07	-0.01738
-4.082397e-07	-0.0178
-4.062397e-07	-0.01782
-4.042397e-07	-0.01774
-4.022397e-07	-0.01734
-4.002397e-07	-0.0179
-3.982397e-07	-0.0183
-3.962397e-07	-0.01846
-3.942397e-07	-0.01756
-3.922397e-07	-0.01738
-3.902397e-07	-0.0175
-3.882397e-07	-0.01738
-3.862397e-07	-0.01744
-3.842397e-07	-0.0173
-3.822397e-07	-0.017
-3.802397e-07	-0.01706
-3.782397e-07	-0.01708
-3.762397e-07	-0.01714
-3.742397e-07	-0.01732
-3.722397e-07	-0.01762
-3.702397e-07	-0.0172
-3.682397e-07	-0.01736
-3.662397e-07	-0.01736
-3.642397e-07	-0.0177
-3.622397e-07	-0.01772
-3.602397e-07	-0.01786
-3.582397e-07	-0.01782
-3.562397e-07	-0.0179
-3.542397e-07	-0.01794
-3.522397e-07	-0.0185
-3.502397e-07	-0.01824
-3.482397e-07	-0.0183
-3.462397e-07	-0.01826
-3.442397e-07	-0.0185
-3.422397e-07	-0.0183
-3.402397e-07	-0.0183
-3.382397e-07	-0.0185
-3.362397e-07	-0.01822
-3.342397e-07	-0.01844
-3.322397e-07	-0.01844
-3.302397e-07	-0.01796
-3.282397e-07	-0.01808
-3.262397e-07	-0.01808
-3.242397e-07	-0.01806
-3.222397e-07	-0.0179
-3.202397e-07	-0.01776
-3.182397e-07	-0.0175
-3.162397e-07	-0.01738
-3.142397e-07	-0.0172
-3.122397e-07	-0.01708
-3.102397e-07	-0.01726
-3.082397e-07	-0.0172
-3.062397e-07	-0.0169
-3.042397e-07	-0.01698
-3.022397e-07	-0.017
-3.002397e-07	-0.01676
-2.982397e-07	-0.01652
-2.962397e-07	-0.01658
-2.942397e-07	-0.01674
-2.922397e-07	-0.01662
-2.902397e-07	-0.01656
-2.882397e-07	-0.01666
-2.862397e-07	-0.01666
-2.842397e-07	-0.01672
-2.822397e-07	-0.01664
-2.802397e-07	-0.01686
-2.782397e-07	-0.01698
-2.762397e-07	-0.01712
-2.742397e-07	-0.01712
-2.722397e-07	-0.01718
-2.702397e-07	-0.0173
-2.682397e-07	-0.01752
-2.662397e-07	-0.0175
-2.642397e-07	-0.01776
-2.622397e-07	-0.01824
-2.602397e-07	-0.01818
-2.582397e-07	-0.01816
-2.562397e-07	-0.01852
-2.542397e-07	-0.01858
-2.522397e-07	-0.01864
-2.502397e-07	-0.01866
-2.482397e-07	-0.01876
-2.462397e-07	-0.01908
-2.442397e-07	-0.01904
-2.422397e-07	-0.01902
-2.402397e-07	-0.0193
-2.382397e-07	-0.01928
-2.362397e-07	-0.01938
-2.342397e-07	-0.01952
-2.322397e-07	-0.0197
-2.302397e-07	-0.01958
-2.282397e-07	-0.01978
-2.262397e-07	-0.02006
-2.242397e-07	-0.02032
-2.222397e-07	-0.02028
-2.202397e-07	-0.02016
-2.182397e-07	-0.01992
-2.162397e-07	-0.02034
-2.142397e-07	-0.02024
-2.122397e-07	-0.02054
-2.102397e-07	-0.02024
-2.082397e-07	-0.02026
-2.062397e-07	-0.0201
-2.042397e-07	-0.0201
-2.022397e-07	-0.01994
-2.002397e-07	-0.02016
-1.982397e-07	-0.01982
-1.962397e-07	-0.01962
-1.942397e-07	-0.01936
-1.922397e-07	-0.0191
-1.902397e-07	-0.0189
-1.882397e-07	-0.01894
-1.862397e-07	-0.01888
-1.842397e-07	-0.01898
-1.822397e-07	-0.01852
-1.802397e-07	-0.01834
-1.782397e-07	-0.01852
-1.762397e-07	-0.0185
-1.742397e-07	-0.01852
-1.722397e-07	-0.01836
-1.702397e-07	-0.01838
-1.682397e-07	-0.01852
-1.662397e-07	-0.01862
-1.642397e-07	-0.01858
-1.622397e-07	-0.01844
-1.602397e-07	-0.0186
-1.582397e-07	-0.0183
-1.562397e-07	-0.0184
-1.542397e-07	-0.01838
-1.522397e-07	-0.01852
-1.502397e-07	-0.01856
-1.482397e-07	-0.0187
-1.462397e-07	-0.01852
-1.442397e-07	-0.0188
-1.422397e-07	-0.01866
-1.402397e-07	-0.01886
-1.382397e-07	-0.01854
-1.362397e-07	-0.01884
-1.342397e-07	-0.01872
-1.322397e-07	-0.01906
-1.302397e-07	-0.01922
-1.282397e-07	-0.01954
-1.262397e-07	-0.01958
-1.242397e-07	-0.0199
-1.222397e-07	-0.01982
-1.202397e-07	-0.02022
-1.182397e-07	-0.02022
-1.162397e-07	-0.0205
-1.142397e-07	-0.02066
-1.122397e-07	-0.02078
-1.102397e-07	-0.02074
-1.082397e-07	-0.0209
-1.062397e-07	-0.02068
-1.042397e-07	-0.02058
-1.022397e-07	-0.02044
-1.002397e-07	-0.02056
-9.823969e-08	-0.0205
-9.623969e-08	-0.02026
-9.423969e-08	-0.02024
-9.223969e-08	-0.02058
-9.023969e-08	-0.0205
-8.823969e-08	-0.02066
-8.623969e-08	-0.02054
-8.423969e-08	-0.02036
-8.223969e-08	-0.02026
-8.023969e-08	-0.02048
-7.823969e-08	-0.0203
-7.623969e-08	-0.02016
-7.423969e-08	-0.02006
-7.223969e-08	-0.02
-7.023969e-08	-0.01974
-6.823969e-08	-0.01968
-6.623969e-08	-0.0199
-6.423969e-08	-0.01956
-6.223969e-08	-0.01956
-6.023969e-08	-0.01928
-5.823969e-08	-0.01924
-5.623969e-08	-0.019
-5.423969e-08	-0.01886
-5.223969e-08	-0.01892
-5.023969e-08	-0.01852
-4.823969e-08	-0.01868
-4.623969e-08	-0.0185
-4.423969e-08	-0.0186
-4.223969e-08	-0.01856
-4.023969e-08	-0.01856
-3.823969e-08	-0.01832
-3.623969e-08	-0.01818
-3.423969e-08	-0.01774
-3.223969e-08	-0.01754
-3.023969e-08	-0.01744
-2.823969e-08	-0.01736
-2.623969e-08	-0.01738
-2.423969e-08	-0.01738
-2.223969e-08	-0.01754
-2.023969e-08	-0.0172
-1.823969e-08	-0.0173
-1.623969e-08	-0.01738
-1.423969e-08	-0.01738
-1.223969e-08	-0.0174
-1.023969e-08	-0.01714
-8.239686e-09	-0.01712
-6.239686e-09	-0.0174
-4.239686e-09	-0.01758
-2.239686e-09	-0.0173
-2.396859e-10	-0.01768
1.760314e-09	-0.01766
3.760314e-09	-0.01794
5.760314e-09	-0.01806
7.760314e-09	-0.01818
9.760314e-09	-0.0183
1.176031e-08	-0.01814
1.376031e-08	-0.0181
1.576031e-08	-0.01836
1.776031e-08	-0.01844
1.976031e-08	-0.01842
2.176031e-08	-0.01844
2.376031e-08	-0.01872
2.576031e-08	-0.01874
2.776031e-08	-0.0189
2.976031e-08	-0.01886
3.176031e-08	-0.01888
3.376031e-08	-0.0189
3.576031e-08	-0.01866
3.776031e-08	-0.0185
3.976031e-08	-0.01834
4.176031e-08	-0.01828
4.376031e-08	-0.01818
4.576031e-08	-0.01784
4.776031e-08	-0.01802
4.976031e-08	-0.01814
5.176031e-08	-0.01832
5.376031e-08	-0.01806
5.576031e-08	-0.01796
5.776031e-08	-0.01788
5.976031e-08	-0.0178
6.176031e-08	-0.0179
6.376031e-08	-0.01804
6.576031e-08	-0.01852
6.776031e-08	-0.01884
6.976031e-08	-0.01906
7.176031e-08	-0.0192
7.376031e-08	-0.01918
7.576031e-08	-0.01936
7.776031e-08	-0.01912
7.976031e-08	-0.01898
8.176031e-08	-0.0191
8.376031e-08	-0.01914
8.576031e-08	-0.01912
8.776031e-08	-0.01932
8.976031e-08	-0.01946
9.176031e-08	-0.0197
9.376031e-08	-0.02006
9.576031e-08	-0.02024
9.776031e-08	-0.02006
9.976031e-08	-0.02
1.017603e-07	-0.01988
1.037603e-07	-0.01956
1.057603e-07	-0.01928
1.077603e-07	-0.01902
1.097603e-07	-0.01882
1.117603e-07	-0.0188
1.137603e-07	-0.0184
1.157603e-07	-0.0182
1.177603e-07	-0.01778
1.197603e-07	-0.018
1.217603e-07	-0.01766
1.237603e-07	-0.01758
1.257603e-07	-0.01712
1.277603e-07	-0.01698
1.297603e-07	-0.01724
1.317603e-07	-0.01734
1.337603e-07	-0.01716
1.357603e-07	-0.01678
1.377603e-07	-0.01596
1.397603e-07	-0.01494
1.417603e-07	-0.01334
1.437603e-07	-0.01234
1.457603e-07	-0.01076
1.477603e-07	-0.0091
1.497603e-07	-0.00796
1.517603e-07	-0.00686
1.537603e-07	-0.00576
1.557603e-07	-0.00458
1.577603e-07	-0.0036
1.597603e-07	-0.00258
1.617603e-07	-0.00164
1.637603e-07	-0.00106
1.657603e-07	-0.00052
1.677603e-07	8e-05
1.697603e-07	2e-05
1.717603e-07	0.00018
1.737603e-07	0.00076
1.757603e-07	0.0011
1.777603e-07	0.001
1.797603e-07	0.00104
1.817603e-07	0.0011
1.837603e-07	0.00082
1.857603e-07	0.00074
1.877603e-07	0.00028
1.897603e-07	0.0003
1.917603e-07	-8e-05
1.937603e-07	-0.0001
1.957603e-07	-0.0005
1.977603e-07	-0.0006
1.997603e-07	-0.00146
2.017603e-07	-0.00196
2.037603e-07	-0.00226
2.057603e-07	-0.00276
2.077603e-07	-0.003
2.097603e-07	-0.00326
2.117603e-07	-0.00386
2.137603e-07	-0.00444
2.157603e-07	-0.00506
2.177603e-07	-0.00556
2.197603e-07	-0.006
2.217603e-07	-0.0063
2.237603e-07	-0.0061
2.257603e-07	-0.00668
2.277603e-07	-0.00706
2.297603e-07	-0.00744
2.317603e-07	-0.00732
2.337603e-07	-0.00792
2.357603e-07	-0.00808
2.377603e-07	-0.00808
2.397603e-07	-0.00864
2.417603e-07	-0.00892
2.437603e-07	-0.00882
2.457603e-07	-0.00882
2.477603e-07	-0.00912
2.497603e-07	-0.00912
2.517603e-07	-0.00926
2.537603e-07	-0.0092
2.557603e-07	-0.0096
2.577603e-07	-0.00958
2.597603e-07	-0.0099
2.617603e-07	-0.00984
2.637603e-07	-0.01042
2.657603e-07	-0.01062
2.677603e-07	-0.01058
2.697603e-07	-0.01066
2.717603e-07	-0.011
2.737603e-07	-0.01154
2.757603e-07	-0.01198
2.777603e-07	-0.01204
2.797603e-07	-0.01262
2.817603e-07	-0.01276
2.837603e-07	-0.01296
2.857603e-07	-0.01296
2.877603e-07	-0.013
2.897603e-07	-0.01296
2.917603e-07	-0.0133
2.937603e-07	-0.01356
2.957603e-07	-0.01332
2.977603e-07	-0.01358
2.997603e-07	-0.01384
3.017603e-07	-0.0137
3.037603e-07	-0.0138
3.057603e-07	-0.01366
3.077603e-07	-0.01414
3.097603e-07	-0.01408
3.117603e-07	-0.01424
3.137603e-07	-0.0146
3.157603e-07	-0.01496
3.177603e-07	-0.01474
3.197603e-07	-0.0151
3.217603e-07	-0.0153
3.237603e-07	-0.01484
3.257603e-07	-0.01466
3.277603e-07	-0.01502
3.297603e-07	-0.015
3.317603e-07	-0.0151
3.337603e-07	-0.01504
3.357603e-07	-0.01506
3.377603e-07	-0.01496
3.397603e-07	-0.01488
3.417603e-07	-0.0145
3.437603e-07	-0.01492
3.457603e-07	-0.01482
3.477603e-07	-0.0151
3.497603e-07	-0.01508
3.517603e-07	-0.01488
3.537603e-07	-0.01492
3.557603e-07	-0.01536
3.577603e-07	-0.0154
3.597603e-07	-0.0156
3.617603e-07	-0.0158
3.637603e-07	-0.0165
3.657603e-07	-0.01674
3.677603e-07	-0.01684
3.697603e-07	-0.01696
3.717603e-07	-0.01706
3.737603e-07	-0.01718
3.757603e-07	-0.01772
3.777603e-07	-0.0174
3.797603e-07	-0.01746
3.817603e-07	-0.01726
3.837603e-07	-0.01734
3.857603e-07	-0.01714
3.877603e-07	-0.0172
3.897603e-07	-0.01744
3.917603e-07	-0.01722
3.937603e-07	-0.01684
3.957603e-07	-0.01666
3.977603e-07	-0.0165
3.997603e-07	-0.0166
4.017603e-07	-0.01708
4.037603e-07	-0.01718
4.057603e-07	-0.01706
4.077603e-07	-0.01702
4.097603e-07	-0.01692
4.117603e-07	-0.01702
4.137603e-07	-0.01682
4.157603e-07	-0.01696
4.177603e-07	-0.01674
4.197603e-07	-0.01648
4.217603e-07	-0.01624
4.237603e-07	-0.01634
4.257603e-07	-0.01628
4.277603e-07	-0.01596
4.297603e-07	-0.016
4.317603e-07	-0.01592
4.337603e-07	-0.01588
4.357603e-07	-0.01536
4.377603e-07	-0.0149
4.397603e-07	-0.0149
4.417603e-07	-0.01494
4.437603e-07	-0.0149
4.457603e-07	-0.01514
4.477603e-07	-0.01512
4.497603e-07	-0.01502
4.517603e-07	-0.01484
4.537603e-07	-0.01498
4.557603e-07	-0.01534
4.577603e-07	-0.01548
4.597603e-07	-0.01514
4.617603e-07	-0.01478
4.637603e-07	-0.01494
4.657603e-07	-0.01502
4.677603e-07	-0.01526
4.697603e-07	-0.01528
4.717603e-07	-0.01598
4.737603e-07	-0.01642
4.757603e-07	-0.01632
4.777603e-07	-0.01566
4.797603e-07	-0.01582
4.817603e-07	-0.01606
4.837603e-07	-0.01598
4.857603e-07	-0.01566
4.877603e-07	-0.01572
4.897603e-07	-0.01582
4.917603e-07	-0.01582
4.937603e-07	-0.0159
4.957603e-07	-0.01604
4.977603e-07	-0.01622
4.997603e-07	-0.01682
5.017603e-07	-0.01682
5.037603e-07	-0.01688
5.057603e-07	-0.01718
5.077603e-07	-0.01752
5.097603e-07	-0.01766
5.117603e-07	-0.01752
5.137603e-07	-0.01768
5.157603e-07	-0.01794
5.177603e-07	-0.018
5.197603e-07	-0.01812
5.217603e-07	-0.0179
5.237603e-07	-0.01812
5.257603e-07	-0.01792
5.277603e-07	-0.01828
5.297603e-07	-0.0181
5.317603e-07	-0.01808
5.337603e-07	-0.01826
5.357603e-07	-0.01852
5.377603e-07	-0.01842
5.397603e-07	-0.01816
5.417603e-07	-0.018
5.437603e-07	-0.01858
5.457603e-07	-0.0185
5.477603e-07	-0.0185
5.497603e-07	-0.01858
5.517603e-07	-0.01872
5.537603e-07	-0.01892
5.557603e-07	-0.01858
5.577603e-07	-0.01852
5.597603e-07	-0.01872
5.617603e-07	-0.01852
5.637603e-07	-0.01866
5.657603e-07	-0.01838
5.677603e-07	-0.01862
5.697603e-07	-0.01844
5.717603e-07	-0.01844
5.737603e-07	-0.0184
5.757603e-07	-0.01808
5.777603e-07	-0.01782
5.797603e-07	-0.01772
5.817603e-07	-0.01734
5.837603e-07	-0.0173
5.857603e-07	-0.0175
5.877603e-07	-0.01734
5.897603e-07	-0.01746
5.917603e-07	-0.01768
5.937603e-07	-0.01752
5.957603e-07	-0.01746
5.977603e-07	-0.0172
5.997603e-07	-0.01752
6.017603e-07	-0.01718
6.037603e-07	-0.01684
6.057603e-07	-0.0166
6.077603e-07	-0.01668
6.097603e-07	-0.01662
6.117603e-07	-0.0168
6.137603e-07	-0.01682
6.157603e-07	-0.017
6.177603e-07	-0.01694
6.197603e-07	-0.01668
6.217603e-07	-0.0166
6.237603e-07	-0.01696
6.257603e-07	-0.01714
6.277603e-07	-0.0171
6.297603e-07	-0.01686
6.317603e-07	-0.01708
6.337603e-07	-0.0172
6.357603e-07	-0.0172
6.377603e-07	-0.01718
6.397603e-07	-0.017
6.417603e-07	-0.01712
6.437603e-07	-0.01712
6.457603e-07	-0.01724
6.477603e-07	-0.01788
6.497603e-07	-0.01804
6.517603e-07	-0.01816
6.537603e-07	-0.01824
6.557603e-07	-0.0188
6.577603e-07	-0.01864
6.597603e-07	-0.01872
6.617603e-07	-0.01872
6.637603e-07	-0.01898
6.657603e-07	-0.01912
6.677603e-07	-0.01908
6.697603e-07	-0.01868
6.717603e-07	-0.01886
6.737603e-07	-0.01874
6.757603e-07	-0.0189
6.777603e-07	-0.01926
6.797603e-07	-0.01946
6.817603e-07	-0.01934
6.837603e-07	-0.01914
6.857603e-07	-0.01932
6.877603e-07	-0.01964
6.897603e-07	-0.01962
6.917603e-07	-0.01944
6.937603e-07	-0.01986
6.957603e-07	-0.01998
6.977603e-07	-0.02002
6.997603e-07	-0.0202
7.017603e-07	-0.0199
7.037603e-07	-0.01984
7.057603e-07	-0.02004
7.077603e-07	-0.02008
7.097603e-07	-0.01976
7.117603e-07	-0.0201
7.137603e-07	-0.02042
7.157603e-07	-0.02088
7.177603e-07	-0.02048
7.197603e-07	-0.02042
7.217603e-07	-0.02038
7.237603e-07	-0.02022
7.257603e-07	-0.0201
7.277603e-07	-0.0201
7.297603e-07	-0.0198
7.317603e-07	-0.01972
7.337603e-07	-0.01978
7.357603e-07	-0.01976
7.377603e-07	-0.01962
7.397603e-07	-0.01962
7.417603e-07	-0.01944
7.437603e-07	-0.01964
7.457603e-07	-0.01984
7.477603e-07	-0.01972
7.497603e-07	-0.01966
7.517603e-07	-0.01996
7.537603e-07	-0.01976
7.557603e-07	-0.01994
7.577603e-07	-0.02016
7.597603e-07	-0.02024
7.617603e-07	-0.02022
7.637603e-07	-0.02032
7.657603e-07	-0.02016
7.677603e-07	-0.01996
7.697603e-07	-0.01974
7.717603e-07	-0.01984
7.737603e-07	-0.01952
7.757603e-07	-0.0194
7.777603e-07	-0.0192
7.797603e-07	-0.0187
7.817603e-07	-0.01868
7.837603e-07	-0.01876
7.857603e-07	-0.01874
7.877603e-07	-0.0183
7.897603e-07	-0.01782
7.917603e-07	-0.01738
7.937603e-07	-0.01698
7.957603e-07	-0.01724
7.977603e-07	-0.01664
7.997603e-07	-0.01652
8.017603e-07	-0.01582
8.037603e-07	-0.01568
8.057603e-07	-0.0152
8.077603e-07	-0.01522
8.097603e-07	-0.01508
8.117603e-07	-0.01482
8.137603e-07	-0.01448
8.157603e-07	-0.01454
8.177603e-07	-0.01426
8.197603e-07	-0.01398
8.217603e-07	-0.01368
8.237603e-07	-0.01352
8.257603e-07	-0.01372
8.277603e-07	-0.01364
8.297603e-07	-0.01368
8.317603e-07	-0.01386
8.337603e-07	-0.01386
8.357603e-07	-0.01396
8.377603e-07	-0.0139
8.397603e-07	-0.01362
8.417603e-07	-0.01322
8.437603e-07	-0.01368
8.457603e-07	-0.01352
8.477603e-07	-0.01384
8.497603e-07	-0.01382
8.517603e-07	-0.01384
8.537603e-07	-0.0137
8.557603e-07	-0.01354
8.577603e-07	-0.01336
8.597603e-07	-0.01362
8.617603e-07	-0.0132
8.637603e-07	-0.01346
8.657603e-07	-0.01348
8.677603e-07	-0.01372
8.697603e-07	-0.01378
8.717603e-07	-0.01392
8.737603e-07	-0.01408
8.757603e-07	-0.01428
8.777603e-07	-0.01426
8.797603e-07	-0.01494
8.817603e-07	-0.01502
8.837603e-07	-0.01514
8.857603e-07	-0.01508
8.877603e-07	-0.01524
8.897603e-07	-0.01538
8.917603e-07	-0.0155
8.937603e-07	-0.01544
8.957603e-07	-0.01594
8.977603e-07	-0.0161
8.997603e-07	-0.01602
9.017603e-07	-0.01588
9.037603e-07	-0.01606
9.057603e-07	-0.01588
9.077603e-07	-0.01592
9.097603e-07	-0.01596
9.117603e-07	-0.01588
9.137603e-07	-0.01608
9.157603e-07	-0.01626
9.177603e-07	-0.0164
9.197603e-07	-0.01604
9.217603e-07	-0.01586
9.237603e-07	-0.0166
9.257603e-07	-0.01696
9.277603e-07	-0.017
9.297603e-07	-0.01646
9.317603e-07	-0.01576
9.337603e-07	-0.01562
9.357603e-07	-0.01626
9.377603e-07	-0.01664
9.397603e-07	-0.01622
9.417603e-07	-0.01594
9.437603e-07	-0.0156
9.457603e-07	-0.01548
9.477603e-07	-0.01598
9.497603e-07	-0.01636
9.517603e-07	-0.01664
9.537603e-07	-0.01668
9.557603e-07	-0.0167
9.577603e-07	-0.0164
9.597603e-07	-0.0165
9.617603e-07	-0.01674
9.637603e-07	-0.0169
9.657603e-07	-0.01698
9.677603e-07	-0.01704
9.697603e-07	-0.01754
9.717603e-07	-0.0178
9.737603e-07	-0.01758
9.757603e-07	-0.01758
9.777603e-07	-0.0177
9.797603e-07	-0.0178
9.817603e-07	-0.0174
9.837603e-07	-0.0178
9.857603e-07	-0.01806
9.877603e-07	-0.0181
9.897603e-07	-0.0178
9.917603e-07	-0.0179
9.937603e-07	-0.01798
9.957603e-07	-0.01824
9.977603e-07	-0.018
9.997603e-07	-0.0181
1.00176e-06	-0.01762
1.00376e-06	-0.01784
1.00576e-06	-0.01772
1.00776e-06	-0.01766
1.00976e-06	-0.01754
1.01176e-06	-0.01738
1.01376e-06	-0.01752
1.01576e-06	-0.0175
1.01776e-06	-0.01796
1.01976e-06	-0.01832
1.02176e-06	-0.01826
1.02376e-06	-0.01854
1.02576e-06	-0.01876
1.02776e-06	-0.01876
1.02976e-06	-0.01862
1.03176e-06	-0.01878
1.03376e-06	-0.01898
1.03576e-06	-0.019
1.03776e-06	-0.01886
1.03976e-06	-0.01908
1.04176e-06	-0.01902
1.04376e-06	-0.01898
1.04576e-06	-0.01918
1.04776e-06	-0.01934
1.04976e-06	-0.0192
1.05176e-06	-0.01908
1.05376e-06	-0.01908
1.05576e-06	-0.01948
1.05776e-06	-0.01972
1.05976e-06	-0.02006
1.06176e-06	-0.02002
1.06376e-06	-0.02046
1.06576e-06	-0.0206
1.06776e-06	-0.02076
1.06976e-06	-0.02102
1.07176e-06	-0.021
1.07376e-06	-0.02086
1.07576e-06	-0.02086
1.07776e-06	-0.02058
1.07976e-06	-0.02058
1.08176e-06	-0.0204
1.08376e-06	-0.02026
1.08576e-06	-0.02024
1.08776e-06	-0.02018
1.08976e-06	-0.01996
1.09176e-06	-0.01978
1.09376e-06	-0.01984
1.09576e-06	-0.02018
1.09776e-06	-0.02052
1.09976e-06	-0.02044
1.10176e-06	-0.02058
1.10376e-06	-0.02094
1.10576e-06	-0.02094
1.10776e-06	-0.02104
1.10976e-06	-0.02104
1.11176e-06	-0.02102
1.11376e-06	-0.0212
1.11576e-06	-0.02096
1.11776e-06	-0.0206
1.11976e-06	-0.02024
1.12176e-06	-0.02044
1.12376e-06	-0.02078
1.12576e-06	-0.0203
1.12776e-06	-0.02028
1.12976e-06	-0.01998
1.13176e-06	-0.0197
1.13376e-06	-0.01942
1.13576e-06	-0.01978
1.13776e-06	-0.01992
1.13976e-06	-0.01998
1.14176e-06	-0.01944
1.14376e-06	-0.01944
1.14576e-06	-0.01948
1.14776e-06	-0.01982
1.14976e-06	-0.01962
1.15176e-06	-0.01954
1.15376e-06	-0.01916
1.15576e-06	-0.01902
1.15776e-06	-0.0187
1.15976e-06	-0.0191
1.16176e-06	-0.01916
1.16376e-06	-0.01922
1.16576e-06	-0.01922
1.16776e-06	-0.01948
1.16976e-06	-0.0194
1.17176e-06	-0.01916
1.17376e-06	-0.01936
1.17576e-06	-0.01954
1.17776e-06	-0.01926
1.17976e-06	-0.01946
1.18176e-06	-0.01932
1.18376e-06	-0.01938
1.18576e-06	-0.01964
1.18776e-06	-0.01974
1.18976e-06	-0.01974
1.19176e-06	-0.01956
1.19376e-06	-0.01916
1.19576e-06	-0.0188
1.19776e-06	-0.01884
1.19976e-06	-0.01864
1.20176e-06	-0.01892
1.20376e-06	-0.0189
1.20576e-06	-0.01882
1.20776e-06	-0.01872
1.20976e-06	-0.0185
1.21176e-06	-0.01876
1.21376e-06	-0.01882
1.21576e-06	-0.0187
1.21776e-06	-0.01838
1.21976e-06	-0.01874
1.22176e-06	-0.01874
1.22376e-06	-0.01874
1.22576e-06	-0.01896
1.22776e-06	-0.0191
1.22976e-06	-0.01882
1.23176e-06	-0.01946
1.23376e-06	-0.01962
1.23576e-06	-0.01978
1.23776e-06	-0.01976
1.23976e-06	-0.01972
1.24176e-06	-0.01982
1.24376e-06	-0.0199
1.24576e-06	-0.02004
1.24776e-06	-0.0203
1.24976e-06	-0.01988
1.25176e-06	-0.02004
1.25376e-06	-0.02018
1.25576e-06	-0.01996
1.25776e-06	-0.0199
1.25976e-06	-0.01944
1.26176e-06	-0.0193
1.26376e-06	-0.019
1.26576e-06	-0.01894
1.26776e-06	-0.01878
1.26976e-06	-0.0185
1.27176e-06	-0.01838
1.27376e-06	-0.01872
1.27576e-06	-0.01906
1.27776e-06	-0.01882
1.27976e-06	-0.01878
1.28176e-06	-0.0185
1.28376e-06	-0.0188
1.28576e-06	-0.01864
1.28776e-06	-0.0186
1.28976e-06	-0.0185
1.29176e-06	-0.01838
1.29376e-06	-0.0183
1.29576e-06	-0.01832
1.29776e-06	-0.01804
1.29976e-06	-0.0177
1.30176e-06	-0.01786
1.30376e-06	-0.01816
1.30576e-06	-0.01858
1.30776e-06	-0.01886
1.30976e-06	-0.01872
1.31176e-06	-0.01854
1.31376e-06	-0.01868
1.31576e-06	-0.01874
1.31776e-06	-0.01858
1.31976e-06	-0.01874
1.32176e-06	-0.01846
1.32376e-06	-0.01834
1.32576e-06	-0.0183
1.32776e-06	-0.01864
1.32976e-06	-0.0187
1.33176e-06	-0.01896
1.33376e-06	-0.01852
1.33576e-06	-0.01872
1.33776e-06	-0.01852
1.33976e-06	-0.01882
1.34176e-06	-0.01852
1.34376e-06	-0.0189
1.34576e-06	-0.01868
1.34776e-06	-0.019
1.34976e-06	-0.01912
1.35176e-06	-0.0193
1.35376e-06	-0.01952
1.35576e-06	-0.01958
1.35776e-06	-0.0197
1.35976e-06	-0.02002
1.36176e-06	-0.0198
1.36376e-06	-0.01994
1.36576e-06	-0.02014
1.36776e-06	-0.02036
1.36976e-06	-0.02028
1.37176e-06	-0.02022
1.37376e-06	-0.02012
1.37576e-06	-0.02028
1.37776e-06	-0.02048
1.37976e-06	-0.02038
1.38176e-06	-0.02016
1.38376e-06	-0.02066
1.38576e-06	-0.0206
1.38776e-06	-0.02074
1.38976e-06	-0.02076
1.39176e-06	-0.02068
1.39376e-06	-0.02022
1.39576e-06	-0.02028
1.39776e-06	-0.02032
1.39976e-06	-0.02006
1.40176e-06	-0.02028
1.40376e-06	-0.02
1.40576e-06	-0.01972
1.40776e-06	-0.01964
1.40976e-06	-0.01924
1.41176e-06	-0.01902
1.41376e-06	-0.01902
1.41576e-06	-0.01882
1.41776e-06	-0.01864
1.41976e-06	-0.01826
1.42176e-06	-0.01786
1.42376e-06	-0.01822
1.42576e-06	-0.0182
1.42776e-06	-0.01816
1.42976e-06	-0.01802
1.43176e-06	-0.01782
1.43376e-06	-0.01796
1.43576e-06	-0.01776
1.43776e-06	-0.01752
1.43976e-06	-0.01762
1.44176e-06	-0.01754
1.44376e-06	-0.01786
1.44576e-06	-0.0179
1.44776e-06	-0.01848
1.44976e-06	-0.01846
1.45176e-06	-0.01846
1.45376e-06	-0.01822
1.45576e-06	-0.01838
1.45776e-06	-0.018
1.45976e-06	-0.01804
1.46176e-06	-0.01778
1.46376e-06	-0.01772
1.46576e-06	-0.01724
1.46776e-06	-0.01712
1.46976e-06	-0.01716
1.47176e-06	-0.01738
1.47376e-06	-0.01754
1.47576e-06	-0.01734
1.47776e-06	-0.01758
1.47976e-06	-0.01812
1.48176e-06	-0.01824
1.48376e-06	-0.01836
1.48576e-06	-0.01808
1.48776e-06	-0.01832
1.48976e-06	-0.01824
1.49176e-06	-0.01832
1.49376e-06	-0.01802
1.49576e-06	-0.01834
1.49776e-06	-0.01866
1.49976e-06	-0.0187
1.50176e-06	-0.0184
1.50376e-06	-0.01868
1.50576e-06	-0.01844
1.50776e-06	-0.01858
1.50976e-06	-0.01882
1.51176e-06	-0.01894
1.51376e-06	-0.01888
1.51576e-06	-0.01846
1.51776e-06	-0.01838
1.51976e-06	-0.01844
1.52176e-06	-0.01816
1.52376e-06	-0.01814
1.52576e-06	-0.01758
1.52776e-06	-0.01792
1.52976e-06	-0.018
1.53176e-06	-0.01828
1.53376e-06	-0.01818
1.53576e-06	-0.01858
1.53776e-06	-0.01868
1.53976e-06	-0.01884
1.54176e-06	-0.01864
1.54376e-06	-0.01862
1.54576e-06	-0.01828
1.54776e-06	-0.01842
1.54976e-06	-0.01836
1.55176e-06	-0.01822
1.55376e-06	-0.01756
1.55576e-06	-0.0177
1.55776e-06	-0.01812
1.55976e-06	-0.01882
1.56176e-06	-0.01834
1.56376e-06	-0.01814
1.56576e-06	-0.01776
1.56776e-06	-0.01806
1.56976e-06	-0.01806
1.57176e-06	-0.01814
1.57376e-06	-0.01774
1.57576e-06	-0.01814
1.57776e-06	-0.01852
1.57976e-06	-0.0185
1.58176e-06	-0.018
1.58376e-06	-0.018
1.58576e-06	-0.01826
1.58776e-06	-0.01866
1.58976e-06	-0.01834
1.59176e-06	-0.01798
1.59376e-06	-0.018
1.59576e-06	-0.01814
1.59776e-06	-0.01802
1.59976e-06	-0.01802
1.60176e-06	-0.0182
1.60376e-06	-0.01824
1.60576e-06	-0.01792
1.60776e-06	-0.01762
1.60976e-06	-0.0174
1.61176e-06	-0.01728
1.61376e-06	-0.01724
1.61576e-06	-0.0173
1.61776e-06	-0.01722
1.61976e-06	-0.01744
1.62176e-06	-0.0174
1.62376e-06	-0.01776
1.62576e-06	-0.01776
1.62776e-06	-0.01806
1.62976e-06	-0.01806
1.63176e-06	-0.01824
1.63376e-06	-0.0182
1.63576e-06	-0.01774
1.63776e-06	-0.01762
1.63976e-06	-0.01784
1.64176e-06	-0.01796
1.64376e-06	-0.01816
1.64576e-06	-0.01796
1.64776e-06	-0.018
1.64976e-06	-0.01776
1.65176e-06	-0.01784
1.65376e-06	-0.01786
1.65576e-06	-0.01802
1.65776e-06	-0.01798
1.65976e-06	-0.01788
1.66176e-06	-0.01766
1.66376e-06	-0.01774
1.66576e-06	-0.01788
1.66776e-06	-0.01754
1.66976e-06	-0.01736
1.67176e-06	-0.01714
1.67376e-06	-0.01716
1.67576e-06	-0.01712
1.67776e-06	-0.01706
1.67976e-06	-0.01728
1.68176e-06	-0.01748
1.68376e-06	-0.01726
1.68576e-06	-0.01744
1.68776e-06	-0.0174
1.68976e-06	-0.01732
1.69176e-06	-0.01764
1.69376e-06	-0.01772
1.69576e-06	-0.01786
1.69776e-06	-0.01774
1.69976e-06	-0.0179
1.70176e-06	-0.01828
1.70376e-06	-0.01824
1.70576e-06	-0.01854
1.70776e-06	-0.01872
1.70976e-06	-0.01856
1.71176e-06	-0.0187
1.71376e-06	-0.01896
1.71576e-06	-0.0187
1.71776e-06	-0.01844
1.71976e-06	-0.01854
1.72176e-06	-0.01822
1.72376e-06	-0.018
1.72576e-06	-0.0179
1.72776e-06	-0.0186
1.72976e-06	-0.01828
1.73176e-06	-0.01836
1.73376e-06	-0.01834
1.73576e-06	-0.01852
1.73776e-06	-0.01842
1.73976e-06	-0.01858
1.74176e-06	-0.0184
1.74376e-06	-0.01828
1.74576e-06	-0.01794
1.74776e-06	-0.01814
1.74976e-06	-0.01784
1.75176e-06	-0.01788
1.75376e-06	-0.01798
1.75576e-06	-0.01824
1.75776e-06	-0.01808
1.75976e-06	-0.01788
1.76176e-06	-0.01768
1.76376e-06	-0.01758
1.76576e-06	-0.01712
1.76776e-06	-0.01736
1.76976e-06	-0.01762
1.77176e-06	-0.01748
1.77376e-06	-0.0173
1.77576e-06	-0.01746
1.77776e-06	-0.01772
1.77976e-06	-0.018
1.78176e-06	-0.01796
1.78376e-06	-0.01792
1.78576e-06	-0.0177
1.78776e-06	-0.0179
1.78976e-06	-0.01754
1.79176e-06	-0.01768
1.79376e-06	-0.01788
1.79576e-06	-0.01802
1.79776e-06	-0.01772
1.79976e-06	-0.0179
1.80176e-06	-0.01792
1.80376e-06	-0.01838
1.80576e-06	-0.01852
1.80776e-06	-0.01876
1.80976e-06	-0.01884
1.81176e-06	-0.01894
1.81376e-06	-0.01908
1.81576e-06	-0.01946
1.81776e-06	-0.01962
1.81976e-06	-0.01968
1.82176e-06	-0.01958
1.82376e-06	-0.01976
1.82576e-06	-0.01978
1.82776e-06	-0.01984
1.82976e-06	-0.0198
1.83176e-06	-0.01992
1.83376e-06	-0.01974
1.83576e-06	-0.01994
1.83776e-06	-0.02002
1.83976e-06	-0.02028
1.84176e-06	-0.02054
1.84376e-06	-0.02062
1.84576e-06	-0.02052
1.84776e-06	-0.02086
1.84976e-06	-0.02114
1.85176e-06	-0.02106
1.85376e-06	-0.02064
1.85576e-06	-0.02064
1.85776e-06	-0.02068
1.85976e-06	-0.02104
1.86176e-06	-0.02052
1.86376e-06	-0.0205
1.86576e-06	-0.02048
1.86776e-06	-0.02052
1.86976e-06	-0.02026
1.87176e-06	-0.02012
1.87376e-06	-0.02002
1.87576e-06	-0.02024
1.87776e-06	-0.0201
1.87976e-06	-0.0201
1.88176e-06	-0.02012
1.88376e-06	-0.02032
1.88576e-06	-0.02022
1.88776e-06	-0.01992
1.88976e-06	-0.01948
1.89176e-06	-0.01954
1.89376e-06	-0.01928
1.89576e-06	-0.01976
1.89776e-06	-0.0198
1.89976e-06	-0.02002
1.90176e-06	-0.02004
1.90376e-06	-0.02026
1.90576e-06	-0.02012
1.90776e-06	-0.01996
1.90976e-06	-0.01964
1.91176e-06	-0.01972
1.91376e-06	-0.01976
1.91576e-06	-0.01926
1.91776e-06	-0.0192
1.91976e-06	-0.0189
1.92176e-06	-0.01894
1.92376e-06	-0.01882
1.92576e-06	-0.0185
1.92776e-06	-0.01832
1.92976e-06	-0.01818
1.93176e-06	-0.01818
1.93376e-06	-0.01838
1.93576e-06	-0.0179
1.93776e-06	-0.0175
1.93976e-06	-0.01752
1.94176e-06	-0.01746
1.94376e-06	-0.01778
1.94576e-06	-0.01748
1.94776e-06	-0.01746
1.94976e-06	-0.01736
1.95176e-06	-0.01744
1.95376e-06	-0.01754
1.95576e-06	-0.01758
1.95776e-06	-0.01772
1.95976e-06	-0.01792
1.96176e-06	-0.0178
1.96376e-06	-0.0183
1.96576e-06	-0.01842
1.96776e-06	-0.0187
1.96976e-06	-0.0185
1.97176e-06	-0.01858
1.97376e-06	-0.01858
1.97576e-06	-0.01846
1.97776e-06	-0.01824
1.97976e-06	-0.01834
1.98176e-06	-0.0185
1.98376e-06	-0.01848
1.98576e-06	-0.01814
1.98776e-06	-0.01818
1.98976e-06	-0.01836
1.99176e-06	-0.01866
1.99376e-06	-0.0182
1.99576e-06	-0.01792
1.99776e-06	-0.01778
1.99976e-06	-0.01818
2.00176e-06	-0.01832
2.00376e-06	-0.01822
2.00576e-06	-0.01806
2.00776e-06	-0.01872
2.00976e-06	-0.01884
2.01176e-06	-0.01864
2.01376e-06	-0.01842
2.01576e-06	-0.01822
2.01776e-06	-0.01854
2.01976e-06	-0.01838
2.02176e-06	-0.01792
2.02376e-06	-0.01772
2.02576e-06	-0.0173
2.02776e-06	-0.01696
2.02976e-06	-0.01664
2.03176e-06	-0.01658
2.03376e-06	-0.01652
2.03576e-06	-0.01676
2.03776e-06	-0.01674
2.03976e-06	-0.01702
2.04176e-06	-0.0172
2.04376e-06	-0.01734
2.04576e-06	-0.01698
2.04776e-06	-0.01684
2.04976e-06	-0.017
2.05176e-06	-0.01722
2.05376e-06	-0.01702
2.05576e-06	-0.01686
2.05776e-06	-0.01678
2.05976e-06	-0.01692
2.06176e-06	-0.0166
2.06376e-06	-0.0165
2.06576e-06	-0.01682
2.06776e-06	-0.01674
2.06976e-06	-0.0168
2.07176e-06	-0.01692
2.07376e-06	-0.01684
2.07576e-06	-0.01692
2.07776e-06	-0.01712
2.07976e-06	-0.01708
2.08176e-06	-0.01736
2.08376e-06	-0.01744
2.08576e-06	-0.01718
2.08776e-06	-0.01704
2.08976e-06	-0.01704
2.09176e-06	-0.0172
2.09376e-06	-0.01726
2.09576e-06	-0.01732
2.09776e-06	-0.01738
2.09976e-06	-0.01772
2.10176e-06	-0.01718
2.10376e-06	-0.01724
2.10576e-06	-0.01722
2.10776e-06	-0.01708
2.10976e-06	-0.0172
2.11176e-06	-0.01734
2.11376e-06	-0.0175
2.11576e-06	-0.01766
2.11776e-06	-0.01752
2.11976e-06	-0.01728
2.12176e-06	-0.01736
2.12376e-06	-0.0173
2.12576e-06	-0.01716
2.12776e-06	-0.01724
2.12976e-06	-0.01722
2.13176e-06	-0.01742
2.13376e-06	-0.01712
2.13576e-06	-0.01752
2.13776e-06	-0.01754
2.13976e-06	-0.01766
2.14176e-06	-0.01762
2.14376e-06	-0.01758
2.14576e-06	-0.0176
2.14776e-06	-0.01738
2.14976e-06	-0.01754
2.15176e-06	-0.01762
2.15376e-06	-0.01798
2.15576e-06	-0.01822
2.15776e-06	-0.01804
2.15976e-06	-0.01844
2.16176e-06	-0.01818
2.16376e-06	-0.0186
2.16576e-06	-0.01802
2.16776e-06	-0.01808
2.16976e-06	-0.01768
2.17176e-06	-0.0174
2.17376e-06	-0.01758
2.17576e-06	-0.01756
2.17776e-06	-0.01742
2.17976e-06	-0.01754
2.18176e-06	-0.01704
2.18376e-06	-0.01686
2.18576e-06	-0.0168
2.18776e-06	-0.01696
2.18976e-06	-0.01682
2.19176e-06	-0.01686
2.19376e-06	-0.01666
2.19576e-06	-0.0168
2.19776e-06	-0.01704
2.19976e-06	-0.01686
2.20176e-06	-0.0168
2.20376e-06	-0.01692
2.20576e-06	-0.01676
2.20776e-06	-0.0168
2.20976e-06	-0.01682
2.21176e-06	-0.01674
2.21376e-06	-0.0164
2.21576e-06	-0.01596
2.21776e-06	-0.01596
2.21976e-06	-0.01574
2.22176e-06	-0.01574
2.22376e-06	-0.01596
2.22576e-06	-0.01606
2.22776e-06	-0.01614
2.22976e-06	-0.01612
2.23176e-06	-0.01634
2.23376e-06	-0.01672
2.23576e-06	-0.01662
2.23776e-06	-0.01644
2.23976e-06	-0.01666
2.24176e-06	-0.01666
2.24376e-06	-0.01654
2.24576e-06	-0.01632
2.24776e-06	-0.01654
2.24976e-06	-0.01654
2.25176e-06	-0.0165
2.25376e-06	-0.01674
2.25576e-06	-0.0168
2.25776e-06	-0.01734
2.25976e-06	-0.01748
2.26176e-06	-0.01776
2.26376e-06	-0.01796
2.26576e-06	-0.01798
2.26776e-06	-0.01806
2.26976e-06	-0.01792
2.27176e-06	-0.01808
2.27376e-06	-0.01814
2.27576e-06	-0.01818
2.27776e-06	-0.01806
2.27976e-06	-0.01844
2.28176e-06	-0.01874
2.28376e-06	-0.01878
2.28576e-06	-0.01872
2.28776e-06	-0.01916
2.28976e-06	-0.01916
2.29176e-06	-0.0192
2.29376e-06	-0.01924
2.29576e-06	-0.01942
2.29776e-06	-0.0196
2.29976e-06	-0.01946
2.30176e-06	-0.01968
2.30376e-06	-0.0194
2.30576e-06	-0.01952
2.30776e-06	-0.0194
2.30976e-06	-0.01902
2.31176e-06	-0.01902
2.31376e-06	-0.01866
2.31576e-06	-0.0189
2.31776e-06	-0.01872
2.31976e-06	-0.01896
2.32176e-06	-0.01884
2.32376e-06	-0.01872
2.32576e-06	-0.019
2.32776e-06	-0.019
2.32976e-06	-0.0189
2.33176e-06	-0.01894
2.33376e-06	-0.01894
2.33576e-06	-0.01886
2.33776e-06	-0.01906
2.33976e-06	-0.01914
2.34176e-06	-0.0191
2.34376e-06	-0.01948
2.34576e-06	-0.0193
2.34776e-06	-0.01926
2.34976e-06	-0.0192
2.35176e-06	-0.01924
2.35376e-06	-0.01924
2.35576e-06	-0.01912
2.35776e-06	-0.01902
2.35976e-06	-0.01916
2.36176e-06	-0.01898
2.36376e-06	-0.01902
2.36576e-06	-0.0189
2.36776e-06	-0.0188
2.36976e-06	-0.01852
2.37176e-06	-0.01866
2.37376e-06	-0.01864
2.37576e-06	-0.01878
2.37776e-06	-0.01856
2.37976e-06	-0.0185
2.38176e-06	-0.0182
2.38376e-06	-0.01818
2.38576e-06	-0.0181
2.38776e-06	-0.01842
2.38976e-06	-0.01834
2.39176e-06	-0.01858
2.39376e-06	-0.01884
2.39576e-06	-0.01868
2.39776e-06	-0.01848
2.39976e-06	-0.01868
2.40176e-06	-0.01838
2.40376e-06	-0.01834
2.40576e-06	-0.01808
2.40776e-06	-0.018
2.40976e-06	-0.01748
2.41176e-06	-0.01762
2.41376e-06	-0.01724
2.41576e-06	-0.01732
2.41776e-06	-0.01724
2.41976e-06	-0.01724
2.42176e-06	-0.0172
2.42376e-06	-0.01714
2.42576e-06	-0.01702
2.42776e-06	-0.01672
2.42976e-06	-0.01652
2.43176e-06	-0.01682
2.43376e-06	-0.01678
2.43576e-06	-0.01654
2.43776e-06	-0.01654
2.43976e-06	-0.01658
2.44176e-06	-0.01658
2.44376e-06	-0.01646
2.44576e-06	-0.01626
2.44776e-06	-0.01646
2.44976e-06	-0.01648
2.45176e-06	-0.0167
2.45376e-06	-0.01638
2.45576e-06	-0.0165
2.45776e-06	-0.0165
2.45976e-06	-0.01668
2.46176e-06	-0.01666
2.46376e-06	-0.017
2.46576e-06	-0.0174
2.46776e-06	-0.01748
2.46976e-06	-0.01756
2.47176e-06	-0.01798
2.47376e-06	-0.01778
2.47576e-06	-0.0178
2.47776e-06	-0.018
2.47976e-06	-0.01828
2.48176e-06	-0.01816
2.48376e-06	-0.0186
2.48576e-06	-0.01832
2.48776e-06	-0.01846
2.48976e-06	-0.01864
2.49176e-06	-0.0186
2.49376e-06	-0.01862
2.49576e-06	-0.01868
2.49776e-06	-0.01852
2.49976e-06	-0.01882
2.50176e-06	-0.01888
2.50376e-06	-0.01922
2.50576e-06	-0.01904
2.50776e-06	-0.01888
2.50976e-06	-0.01864
2.51176e-06	-0.01892
