LECROYHDO6104A	50809	Waveform
Segments	1	SegmentSize	2502
Segment	TrigTime	TimeSinceSegment1
#1	19-Dec-2022 19:58:21	0                 
Time	Ampl
-2.501392e-06	-0.0195356
-2.499392e-06	-0.0192584
-2.497392e-06	-0.0192892
-2.495392e-06	-0.0194124
-2.493392e-06	-0.0195664
-2.491392e-06	-0.019474
-2.489392e-06	-0.0194432
-2.487392e-06	-0.01932
-2.485392e-06	-0.0192584
-2.483392e-06	-0.0194432
-2.481392e-06	-0.019474
-2.479392e-06	-0.0192584
-2.477392e-06	-0.0190428
-2.475392e-06	-0.0191044
-2.473392e-06	-0.0191352
-2.471392e-06	-0.0192892
-2.469392e-06	-0.0189504
-2.467392e-06	-0.0189812
-2.465392e-06	-0.0187964
-2.463392e-06	-0.0188272
-2.461392e-06	-0.0188888
-2.459392e-06	-0.01855
-2.457392e-06	-0.0186424
-2.455392e-06	-0.0186116
-2.453392e-06	-0.0185808
-2.451392e-06	-0.018704
-2.449392e-06	-0.0189196
-2.447392e-06	-0.0189196
-2.445392e-06	-0.0189812
-2.443392e-06	-0.0191352
-2.441392e-06	-0.0185192
-2.439392e-06	-0.0184268
-2.437392e-06	-0.0186424
-2.435392e-06	-0.01855
-2.433392e-06	-0.018396
-2.431392e-06	-0.0182112
-2.429392e-06	-0.018396
-2.427392e-06	-0.0185192
-2.425392e-06	-0.0192276
-2.423392e-06	-0.0191352
-2.421392e-06	-0.0194432
-2.419392e-06	-0.019628
-2.417392e-06	-0.0196896
-2.415392e-06	-0.0200284
-2.413392e-06	-0.019936
-2.411392e-06	-0.0198744
-2.409392e-06	-0.0201516
-2.407392e-06	-0.0198128
-2.405392e-06	-0.0198744
-2.403392e-06	-0.0197512
-2.401392e-06	-0.0198128
-2.399392e-06	-0.0202132
-2.397392e-06	-0.0197512
-2.395392e-06	-0.020244
-2.393392e-06	-0.020244
-2.391392e-06	-0.0202132
-2.389392e-06	-0.0203672
-2.387392e-06	-0.0203056
-2.385392e-06	-0.0203364
-2.383392e-06	-0.0198436
-2.381392e-06	-0.0198436
-2.379392e-06	-0.0198128
-2.377392e-06	-0.0202132
-2.375392e-06	-0.0200592
-2.373392e-06	-0.02009
-2.371392e-06	-0.0204596
-2.369392e-06	-0.0206444
-2.367392e-06	-0.0203364
-2.365392e-06	-0.0203672
-2.363392e-06	-0.0199052
-2.361392e-06	-0.0198128
-2.359392e-06	-0.0195664
-2.357392e-06	-0.0196896
-2.355392e-06	-0.0198128
-2.353392e-06	-0.0197512
-2.351392e-06	-0.019628
-2.349392e-06	-0.0195972
-2.347392e-06	-0.0197204
-2.345392e-06	-0.02009
-2.343392e-06	-0.019782
-2.341392e-06	-0.0197204
-2.339392e-06	-0.019628
-2.337392e-06	-0.019628
-2.335392e-06	-0.0199976
-2.333392e-06	-0.0202132
-2.331392e-06	-0.0203364
-2.329392e-06	-0.0204904
-2.327392e-06	-0.0203364
-2.325392e-06	-0.0204904
-2.323392e-06	-0.02086
-2.321392e-06	-0.0206752
-2.319392e-06	-0.0209524
-2.317392e-06	-0.0210756
-2.315392e-06	-0.0208908
-2.313392e-06	-0.0211372
-2.311392e-06	-0.0212912
-2.309392e-06	-0.0211372
-2.307392e-06	-0.0212604
-2.305392e-06	-0.0212604
-2.303392e-06	-0.0210756
-2.301392e-06	-0.0206752
-2.299392e-06	-0.020552
-2.297392e-06	-0.020706
-2.295392e-06	-0.0204904
-2.293392e-06	-0.020552
-2.291392e-06	-0.0206752
-2.289392e-06	-0.0208292
-2.287392e-06	-0.0205212
-2.285392e-06	-0.0204288
-2.283392e-06	-0.0205212
-2.281392e-06	-0.0204288
-2.279392e-06	-0.0205212
-2.277392e-06	-0.0207368
-2.275392e-06	-0.0206444
-2.273392e-06	-0.0209524
-2.271392e-06	-0.0208908
-2.269392e-06	-0.0206444
-2.267392e-06	-0.0208908
-2.265392e-06	-0.0208292
-2.263392e-06	-0.021014
-2.261392e-06	-0.0208292
-2.259392e-06	-0.0210756
-2.257392e-06	-0.0213528
-2.255392e-06	-0.021322
-2.253392e-06	-0.0215376
-2.251392e-06	-0.0211372
-2.249392e-06	-0.0213528
-2.247392e-06	-0.0212604
-2.245392e-06	-0.021168
-2.243392e-06	-0.0212604
-2.241392e-06	-0.021168
-2.239392e-06	-0.0212912
-2.237392e-06	-0.0214452
-2.235392e-06	-0.0217532
-2.233392e-06	-0.0219072
-2.231392e-06	-0.0213528
-2.229392e-06	-0.0213528
-2.227392e-06	-0.021476
-2.225392e-06	-0.0214144
-2.223392e-06	-0.0207676
-2.221392e-06	-0.0207368
-2.219392e-06	-0.0206444
-2.217392e-06	-0.0207676
-2.215392e-06	-0.0209524
-2.213392e-06	-0.0209832
-2.211392e-06	-0.0212604
-2.209392e-06	-0.0211064
-2.207392e-06	-0.020706
-2.205392e-06	-0.0206444
-2.203392e-06	-0.020706
-2.201392e-06	-0.0205828
-2.199392e-06	-0.0208908
-2.197392e-06	-0.0205212
-2.195392e-06	-0.0204288
-2.193392e-06	-0.020398
-2.191392e-06	-0.0204596
-2.189392e-06	-0.0205828
-2.187392e-06	-0.020552
-2.185392e-06	-0.0207676
-2.183392e-06	-0.0208908
-2.181392e-06	-0.0209216
-2.179392e-06	-0.0209524
-2.177392e-06	-0.0212296
-2.175392e-06	-0.021168
-2.173392e-06	-0.021322
-2.171392e-06	-0.0213528
-2.169392e-06	-0.0215684
-2.167392e-06	-0.021476
-2.165392e-06	-0.0215684
-2.163392e-06	-0.021322
-2.161392e-06	-0.0213836
-2.159392e-06	-0.021168
-2.157392e-06	-0.0212604
-2.155392e-06	-0.0208292
-2.153392e-06	-0.0206752
-2.151392e-06	-0.020244
-2.149392e-06	-0.0203364
-2.147392e-06	-0.0205212
-2.145392e-06	-0.0206752
-2.143392e-06	-0.0204904
-2.141392e-06	-0.0203056
-2.139392e-06	-0.0201208
-2.137392e-06	-0.0205828
-2.135392e-06	-0.0203056
-2.133392e-06	-0.0201516
-2.131392e-06	-0.0203364
-2.129392e-06	-0.0204596
-2.127392e-06	-0.020552
-2.125392e-06	-0.020244
-2.123392e-06	-0.0201516
-2.121392e-06	-0.0203056
-2.119392e-06	-0.0199976
-2.117392e-06	-0.0198436
-2.115392e-06	-0.0201208
-2.113392e-06	-0.0201516
-2.111392e-06	-0.0200284
-2.109392e-06	-0.0200592
-2.107392e-06	-0.0199976
-2.105392e-06	-0.02009
-2.103392e-06	-0.0201824
-2.101392e-06	-0.0202748
-2.099392e-06	-0.0200284
-2.097392e-06	-0.02009
-2.095392e-06	-0.0201516
-2.093392e-06	-0.0201208
-2.091392e-06	-0.0198744
-2.089392e-06	-0.0199052
-2.087392e-06	-0.0192892
-2.085392e-06	-0.0188272
-2.083392e-06	-0.0187656
-2.081392e-06	-0.0183652
-2.079392e-06	-0.0180572
-2.077392e-06	-0.0178416
-2.075392e-06	-0.01778
-2.073392e-06	-0.0179956
-2.071392e-06	-0.0178416
-2.069392e-06	-0.0178108
-2.067392e-06	-0.0177492
-2.065392e-06	-0.0178416
-2.063392e-06	-0.0175952
-2.061392e-06	-0.0176568
-2.059392e-06	-0.0181804
-2.057392e-06	-0.0184268
-2.055392e-06	-0.0181496
-2.053392e-06	-0.0178416
-2.051392e-06	-0.0177492
-2.049392e-06	-0.01778
-2.047392e-06	-0.0177492
-2.045392e-06	-0.017934
-2.043392e-06	-0.017934
-2.041392e-06	-0.0179956
-2.039392e-06	-0.018088
-2.037392e-06	-0.0180572
-2.035392e-06	-0.0183344
-2.033392e-06	-0.0182728
-2.031392e-06	-0.0183344
-2.029392e-06	-0.0185808
-2.027392e-06	-0.018396
-2.025392e-06	-0.0184268
-2.023392e-06	-0.0183344
-2.021392e-06	-0.0181804
-2.019392e-06	-0.0182728
-2.017392e-06	-0.0180264
-2.015392e-06	-0.018088
-2.013392e-06	-0.0181496
-2.011392e-06	-0.0180264
-2.009392e-06	-0.0180264
-2.007392e-06	-0.0173796
-2.005392e-06	-0.0175644
-2.003392e-06	-0.0172872
-2.001392e-06	-0.0175644
-1.999392e-06	-0.0171332
-1.997392e-06	-0.0175336
-1.995392e-06	-0.0175336
-1.993392e-06	-0.0175028
-1.991392e-06	-0.0175028
-1.989392e-06	-0.0175336
-1.987392e-06	-0.0177184
-1.985392e-06	-0.0177184
-1.983392e-06	-0.0172872
-1.981392e-06	-0.0177184
-1.979392e-06	-0.0175336
-1.977392e-06	-0.0180264
-1.975392e-06	-0.018242
-1.973392e-06	-0.0184268
-1.971392e-06	-0.0185808
-1.969392e-06	-0.0187964
-1.967392e-06	-0.019166
-1.965392e-06	-0.0192276
-1.963392e-06	-0.0194432
-1.961392e-06	-0.019782
-1.959392e-06	-0.0195972
-1.957392e-06	-0.0195972
-1.955392e-06	-0.0197512
-1.953392e-06	-0.0199976
-1.951392e-06	-0.0199668
-1.949392e-06	-0.020244
-1.947392e-06	-0.020552
-1.945392e-06	-0.0207676
-1.943392e-06	-0.0208292
-1.941392e-06	-0.0210448
-1.939392e-06	-0.0208908
-1.937392e-06	-0.0211988
-1.935392e-06	-0.0208908
-1.933392e-06	-0.0209216
-1.931392e-06	-0.0209524
-1.929392e-06	-0.021014
-1.927392e-06	-0.021014
-1.925392e-06	-0.02086
-1.923392e-06	-0.0209216
-1.921392e-06	-0.0212604
-1.919392e-06	-0.021322
-1.917392e-06	-0.0212604
-1.915392e-06	-0.0215992
-1.913392e-06	-0.0219072
-1.911392e-06	-0.0219072
-1.909392e-06	-0.0218764
-1.907392e-06	-0.0222768
-1.905392e-06	-0.0220304
-1.903392e-06	-0.0218456
-1.901392e-06	-0.0217224
-1.899392e-06	-0.0217224
-1.897392e-06	-0.0217224
-1.895392e-06	-0.0216916
-1.893392e-06	-0.0220612
-1.891392e-06	-0.0219688
-1.889392e-06	-0.0221536
-1.887392e-06	-0.0219688
-1.885392e-06	-0.0219688
-1.883392e-06	-0.0220304
-1.881392e-06	-0.0223076
-1.879392e-06	-0.0219996
-1.877392e-06	-0.0218764
-1.875392e-06	-0.0221844
-1.873392e-06	-0.022246
-1.871392e-06	-0.0220612
-1.869392e-06	-0.0219996
-1.867392e-06	-0.0218764
-1.865392e-06	-0.0217532
-1.863392e-06	-0.0218764
-1.861392e-06	-0.0216608
-1.859392e-06	-0.0215992
-1.857392e-06	-0.0218456
-1.855392e-06	-0.0218456
-1.853392e-06	-0.0217224
-1.851392e-06	-0.0221228
-1.849392e-06	-0.0218456
-1.847392e-06	-0.0222768
-1.845392e-06	-0.022246
-1.843392e-06	-0.0224308
-1.841392e-06	-0.0226772
-1.839392e-06	-0.0232008
-1.837392e-06	-0.0228004
-1.835392e-06	-0.022708
-1.833392e-06	-0.0226156
-1.831392e-06	-0.0226772
-1.829392e-06	-0.0224308
-1.827392e-06	-0.0226156
-1.825392e-06	-0.0223692
-1.823392e-06	-0.0225848
-1.821392e-06	-0.0224
-1.819392e-06	-0.0224616
-1.817392e-06	-0.0226464
-1.815392e-06	-0.0223384
-1.813392e-06	-0.0223076
-1.811392e-06	-0.0219688
-1.809392e-06	-0.0217532
-1.807392e-06	-0.0214144
-1.805392e-06	-0.0211988
-1.803392e-06	-0.0213836
-1.801392e-06	-0.0209524
-1.799392e-06	-0.0206136
-1.797392e-06	-0.020244
-1.795392e-06	-0.020398
-1.793392e-06	-0.0206136
-1.791392e-06	-0.0205212
-1.789392e-06	-0.0204904
-1.787392e-06	-0.0203672
-1.785392e-06	-0.020552
-1.783392e-06	-0.0202748
-1.781392e-06	-0.020244
-1.779392e-06	-0.020706
-1.777392e-06	-0.0206752
-1.775392e-06	-0.0203056
-1.773392e-06	-0.0200284
-1.771392e-06	-0.019936
-1.769392e-06	-0.0195664
-1.767392e-06	-0.0192892
-1.765392e-06	-0.0192276
-1.763392e-06	-0.01932
-1.761392e-06	-0.019166
-1.759392e-06	-0.01932
-1.757392e-06	-0.0192892
-1.755392e-06	-0.0193508
-1.753392e-06	-0.0190428
-1.751392e-06	-0.0191968
-1.749392e-06	-0.0194124
-1.747392e-06	-0.0191968
-1.745392e-06	-0.0191044
-1.743392e-06	-0.0191044
-1.741392e-06	-0.0191044
-1.739392e-06	-0.0186732
-1.737392e-06	-0.0185192
-1.735392e-06	-0.0183344
-1.733392e-06	-0.0181188
-1.731392e-06	-0.0181804
-1.729392e-06	-0.018396
-1.727392e-06	-0.0185192
-1.725392e-06	-0.0188888
-1.723392e-06	-0.0193816
-1.721392e-06	-0.0192892
-1.719392e-06	-0.0191044
-1.717392e-06	-0.0191352
-1.715392e-06	-0.019012
-1.713392e-06	-0.0192584
-1.711392e-06	-0.0191968
-1.709392e-06	-0.0192276
-1.707392e-06	-0.0192892
-1.705392e-06	-0.0193508
-1.703392e-06	-0.019474
-1.701392e-06	-0.0197204
-1.699392e-06	-0.0195664
-1.697392e-06	-0.0193508
-1.695392e-06	-0.0192276
-1.693392e-06	-0.019166
-1.691392e-06	-0.0190428
-1.689392e-06	-0.0192584
-1.687392e-06	-0.019012
-1.685392e-06	-0.0192892
-1.683392e-06	-0.0193508
-1.681392e-06	-0.0196588
-1.679392e-06	-0.019782
-1.677392e-06	-0.0197512
-1.675392e-06	-0.0195048
-1.673392e-06	-0.0191044
-1.671392e-06	-0.0193816
-1.669392e-06	-0.0192276
-1.667392e-06	-0.019628
-1.665392e-06	-0.0195664
-1.663392e-06	-0.0190736
-1.661392e-06	-0.0188888
-1.659392e-06	-0.0186732
-1.657392e-06	-0.0184884
-1.655392e-06	-0.0177184
-1.653392e-06	-0.0178108
-1.651392e-06	-0.0181804
-1.649392e-06	-0.0181188
-1.647392e-06	-0.0179648
-1.645392e-06	-0.0178108
-1.643392e-06	-0.017626
-1.641392e-06	-0.0176568
-1.639392e-06	-0.0175336
-1.637392e-06	-0.01778
-1.635392e-06	-0.017472
-1.633392e-06	-0.0177184
-1.631392e-06	-0.0173796
-1.629392e-06	-0.0175336
-1.627392e-06	-0.0177184
-1.625392e-06	-0.0176876
-1.623392e-06	-0.0179032
-1.621392e-06	-0.0179956
-1.619392e-06	-0.0179956
-1.617392e-06	-0.018396
-1.615392e-06	-0.0184268
-1.613392e-06	-0.0186732
-1.611392e-06	-0.0187348
-1.609392e-06	-0.0188888
-1.607392e-06	-0.018858
-1.605392e-06	-0.0191968
-1.603392e-06	-0.0193508
-1.601392e-06	-0.0192892
-1.599392e-06	-0.0191044
-1.597392e-06	-0.018858
-1.595392e-06	-0.018858
-1.593392e-06	-0.0191968
-1.591392e-06	-0.0195356
-1.589392e-06	-0.0194432
-1.587392e-06	-0.0195356
-1.585392e-06	-0.0195048
-1.583392e-06	-0.0196588
-1.581392e-06	-0.019936
-1.579392e-06	-0.0199976
-1.577392e-06	-0.0203056
-1.575392e-06	-0.0202132
-1.573392e-06	-0.0201208
-1.571392e-06	-0.02009
-1.569392e-06	-0.0204288
-1.567392e-06	-0.0200592
-1.565392e-06	-0.0200284
-1.563392e-06	-0.0201208
-1.561392e-06	-0.020244
-1.559392e-06	-0.0199052
-1.557392e-06	-0.0191968
-1.555392e-06	-0.0189504
-1.553392e-06	-0.0190428
-1.551392e-06	-0.0185808
-1.549392e-06	-0.0189504
-1.547392e-06	-0.0188888
-1.545392e-06	-0.0190428
-1.543392e-06	-0.0187964
-1.541392e-06	-0.0184576
-1.539392e-06	-0.0184576
-1.537392e-06	-0.0186116
-1.535392e-06	-0.0187656
-1.533392e-06	-0.0188272
-1.531392e-06	-0.0184884
-1.529392e-06	-0.0183344
-1.527392e-06	-0.018396
-1.525392e-06	-0.0184884
-1.523392e-06	-0.018396
-1.521392e-06	-0.01855
-1.519392e-06	-0.017934
-1.517392e-06	-0.0181804
-1.515392e-06	-0.0181188
-1.513392e-06	-0.0181496
-1.511392e-06	-0.0180572
-1.509392e-06	-0.0185192
-1.507392e-06	-0.0184268
-1.505392e-06	-0.0188888
-1.503392e-06	-0.0189812
-1.501392e-06	-0.0189812
-1.499392e-06	-0.0191044
-1.497392e-06	-0.0187656
-1.495392e-06	-0.0190736
-1.493392e-06	-0.0191044
-1.491392e-06	-0.0189504
-1.489392e-06	-0.0189196
-1.487392e-06	-0.0187964
-1.485392e-06	-0.0186424
-1.483392e-06	-0.0184576
-1.481392e-06	-0.018396
-1.479392e-06	-0.0187348
-1.477392e-06	-0.018704
-1.475392e-06	-0.01855
-1.473392e-06	-0.0186732
-1.471392e-06	-0.0191044
-1.469392e-06	-0.0192892
-1.467392e-06	-0.0194432
-1.465392e-06	-0.0191968
-1.463392e-06	-0.0189196
-1.461392e-06	-0.0191968
-1.459392e-06	-0.0193508
-1.457392e-06	-0.0192892
-1.455392e-06	-0.01932
-1.453392e-06	-0.0194432
-1.451392e-06	-0.019936
-1.449392e-06	-0.0199668
-1.447392e-06	-0.0198744
-1.445392e-06	-0.0196588
-1.443392e-06	-0.02009
-1.441392e-06	-0.0199668
-1.439392e-06	-0.0197512
-1.437392e-06	-0.0198436
-1.435392e-06	-0.0199976
-1.433392e-06	-0.020398
-1.431392e-06	-0.0204904
-1.429392e-06	-0.0202132
-1.427392e-06	-0.0204904
-1.425392e-06	-0.0204596
-1.423392e-06	-0.020552
-1.421392e-06	-0.0208292
-1.419392e-06	-0.021014
-1.417392e-06	-0.0207984
-1.415392e-06	-0.0206752
-1.413392e-06	-0.0204596
-1.411392e-06	-0.0203672
-1.409392e-06	-0.0202748
-1.407392e-06	-0.0201824
-1.405392e-06	-0.0197204
-1.403392e-06	-0.0192276
-1.401392e-06	-0.019166
-1.399392e-06	-0.0187964
-1.397392e-06	-0.0187348
-1.395392e-06	-0.0186732
-1.393392e-06	-0.0185192
-1.391392e-06	-0.0183036
-1.389392e-06	-0.0179956
-1.387392e-06	-0.0181188
-1.385392e-06	-0.0183652
-1.383392e-06	-0.0183652
-1.381392e-06	-0.0186424
-1.379392e-06	-0.0184268
-1.377392e-06	-0.018396
-1.375392e-06	-0.0178724
-1.373392e-06	-0.017934
-1.371392e-06	-0.0181804
-1.369392e-06	-0.0181496
-1.367392e-06	-0.0180264
-1.365392e-06	-0.0175644
-1.363392e-06	-0.0174412
-1.361392e-06	-0.017472
-1.359392e-06	-0.017626
-1.357392e-06	-0.0174104
-1.355392e-06	-0.0175952
-1.353392e-06	-0.017626
-1.351392e-06	-0.01778
-1.349392e-06	-0.017626
-1.347392e-06	-0.0179032
-1.345392e-06	-0.017934
-1.343392e-06	-0.0180572
-1.341392e-06	-0.0182112
-1.339392e-06	-0.0185192
-1.337392e-06	-0.019012
-1.335392e-06	-0.019012
-1.333392e-06	-0.019166
-1.331392e-06	-0.0195048
-1.329392e-06	-0.0196588
-1.327392e-06	-0.0195356
-1.325392e-06	-0.0196588
-1.323392e-06	-0.0197512
-1.321392e-06	-0.02009
-1.319392e-06	-0.0200592
-1.317392e-06	-0.0198128
-1.315392e-06	-0.0196896
-1.313392e-06	-0.0193816
-1.311392e-06	-0.0194124
-1.309392e-06	-0.0194124
-1.307392e-06	-0.0192892
-1.305392e-06	-0.0195356
-1.303392e-06	-0.0195972
-1.301392e-06	-0.019782
-1.299392e-06	-0.020244
-1.297392e-06	-0.0203364
-1.295392e-06	-0.0201824
-1.293392e-06	-0.0203364
-1.291392e-06	-0.0204288
-1.289392e-06	-0.0203056
-1.287392e-06	-0.0202748
-1.285392e-06	-0.0202748
-1.283392e-06	-0.0206136
-1.281392e-06	-0.0207676
-1.279392e-06	-0.0207676
-1.277392e-06	-0.0209216
-1.275392e-06	-0.020706
-1.273392e-06	-0.0209216
-1.271392e-06	-0.021322
-1.269392e-06	-0.0215376
-1.267392e-06	-0.0215684
-1.265392e-06	-0.0215376
-1.263392e-06	-0.021476
-1.261392e-06	-0.0210756
-1.259392e-06	-0.0212604
-1.257392e-06	-0.021168
-1.255392e-06	-0.0208908
-1.253392e-06	-0.0208292
-1.251392e-06	-0.0206752
-1.249392e-06	-0.0206752
-1.247392e-06	-0.0206752
-1.245392e-06	-0.0206444
-1.243392e-06	-0.0209524
-1.241392e-06	-0.0209524
-1.239392e-06	-0.0209524
-1.237392e-06	-0.021014
-1.235392e-06	-0.0213836
-1.233392e-06	-0.0210756
-1.231392e-06	-0.0207984
-1.229392e-06	-0.0207984
-1.227392e-06	-0.0211372
-1.225392e-06	-0.0209832
-1.223392e-06	-0.0209524
-1.221392e-06	-0.0209216
-1.219392e-06	-0.0207368
-1.217392e-06	-0.02086
-1.215392e-06	-0.0208908
-1.213392e-06	-0.021168
-1.211392e-06	-0.0212296
-1.209392e-06	-0.021322
-1.207392e-06	-0.0212604
-1.205392e-06	-0.0212912
-1.203392e-06	-0.0212296
-1.201392e-06	-0.0211372
-1.199392e-06	-0.0211064
-1.197392e-06	-0.0208292
-1.195392e-06	-0.0210756
-1.193392e-06	-0.0207368
-1.191392e-06	-0.020706
-1.189392e-06	-0.020552
-1.187392e-06	-0.0201516
-1.185392e-06	-0.0198744
-1.183392e-06	-0.0195972
-1.181392e-06	-0.0196896
-1.179392e-06	-0.0195972
-1.177392e-06	-0.0196896
-1.175392e-06	-0.0195664
-1.173392e-06	-0.019628
-1.171392e-06	-0.0195972
-1.169392e-06	-0.0194432
-1.167392e-06	-0.0194124
-1.165392e-06	-0.0192892
-1.163392e-06	-0.0194432
-1.161392e-06	-0.0197512
-1.159392e-06	-0.0195972
-1.157392e-06	-0.0198128
-1.155392e-06	-0.0194432
-1.153392e-06	-0.0192892
-1.151392e-06	-0.0189812
-1.149392e-06	-0.0193508
-1.147392e-06	-0.0195972
-1.145392e-06	-0.0198128
-1.143392e-06	-0.0193816
-1.141392e-06	-0.01932
-1.139392e-06	-0.0194432
-1.137392e-06	-0.0192276
-1.135392e-06	-0.019012
-1.133392e-06	-0.0191968
-1.131392e-06	-0.0189196
-1.129392e-06	-0.019166
-1.127392e-06	-0.0188888
-1.125392e-06	-0.0187348
-1.123392e-06	-0.0181496
-1.121392e-06	-0.0188272
-1.119392e-06	-0.0190736
-1.117392e-06	-0.0188272
-1.115392e-06	-0.018858
-1.113392e-06	-0.0189504
-1.111392e-06	-0.0192892
-1.109392e-06	-0.019166
-1.107392e-06	-0.0194432
-1.105392e-06	-0.0194124
-1.103392e-06	-0.019782
-1.101392e-06	-0.019936
-1.099392e-06	-0.020244
-1.097392e-06	-0.0196896
-1.095392e-06	-0.0195664
-1.093392e-06	-0.0198128
-1.091392e-06	-0.0204288
-1.089392e-06	-0.0206136
-1.087392e-06	-0.0201824
-1.085392e-06	-0.0202132
-1.083392e-06	-0.0204288
-1.081392e-06	-0.0207676
-1.079392e-06	-0.0205212
-1.077392e-06	-0.0205828
-1.075392e-06	-0.021014
-1.073392e-06	-0.021014
-1.071392e-06	-0.0208908
-1.069392e-06	-0.0210756
-1.067392e-06	-0.02086
-1.065392e-06	-0.0209216
-1.063392e-06	-0.0212296
-1.061392e-06	-0.0208908
-1.059392e-06	-0.020706
-1.057392e-06	-0.0208908
-1.055392e-06	-0.020552
-1.053392e-06	-0.0204904
-1.051392e-06	-0.020706
-1.049392e-06	-0.020552
-1.047392e-06	-0.0206136
-1.045392e-06	-0.0204596
-1.043392e-06	-0.0204288
-1.041392e-06	-0.020552
-1.039392e-06	-0.0202748
-1.037392e-06	-0.0199668
-1.035392e-06	-0.0195972
-1.033392e-06	-0.0198128
-1.031392e-06	-0.0197204
-1.029392e-06	-0.0191968
-1.027392e-06	-0.019012
-1.025392e-06	-0.0190428
-1.023392e-06	-0.0188272
-1.021392e-06	-0.019012
-1.019392e-06	-0.0189196
-1.017392e-06	-0.0190736
-1.015392e-06	-0.0189504
-1.013392e-06	-0.018858
-1.011392e-06	-0.0189812
-1.009392e-06	-0.0191352
-1.007392e-06	-0.0190428
-1.005392e-06	-0.0190736
-1.003392e-06	-0.0193508
-1.001392e-06	-0.0194432
-9.993915e-07	-0.0195664
-9.973915e-07	-0.0195048
-9.953915e-07	-0.0197512
-9.933915e-07	-0.0198744
-9.913915e-07	-0.0192892
-9.893915e-07	-0.019012
-9.873915e-07	-0.0186116
-9.853915e-07	-0.0183036
-9.833915e-07	-0.018242
-9.813915e-07	-0.0180572
-9.793915e-07	-0.017626
-9.773915e-07	-0.0178416
-9.753915e-07	-0.0179648
-9.733915e-07	-0.0183344
-9.713915e-07	-0.0183036
-9.693915e-07	-0.0186732
-9.673915e-07	-0.0186732
-9.653915e-07	-0.0184884
-9.633915e-07	-0.0181496
-9.613915e-07	-0.0181804
-9.593915e-07	-0.0181804
-9.573915e-07	-0.0181804
-9.553915e-07	-0.0177184
-9.533915e-07	-0.0178724
-9.513915e-07	-0.0179956
-9.493915e-07	-0.0183652
-9.473915e-07	-0.0179648
-9.453915e-07	-0.0177184
-9.433915e-07	-0.0178416
-9.413915e-07	-0.0180572
-9.393915e-07	-0.0180572
-9.373915e-07	-0.0178416
-9.353915e-07	-0.0174412
-9.333915e-07	-0.0175644
-9.313915e-07	-0.0175336
-9.293915e-07	-0.0178416
-9.273915e-07	-0.0175336
-9.253915e-07	-0.0175644
-9.233915e-07	-0.0172564
-9.213915e-07	-0.0173796
-9.193915e-07	-0.017318
-9.173915e-07	-0.017472
-9.153915e-07	-0.0176876
-9.133915e-07	-0.017472
-9.113915e-07	-0.0172564
-9.093915e-07	-0.0172872
-9.073915e-07	-0.017472
-9.053915e-07	-0.0176876
-9.033915e-07	-0.017472
-9.013915e-07	-0.0178108
-8.993915e-07	-0.0179956
-8.973915e-07	-0.0184268
-8.953915e-07	-0.0181496
-8.933915e-07	-0.0184884
-8.913915e-07	-0.0185192
-8.893915e-07	-0.0184884
-8.873915e-07	-0.0187656
-8.853915e-07	-0.018858
-8.833915e-07	-0.0190736
-8.813915e-07	-0.019474
-8.793915e-07	-0.0194432
-8.773915e-07	-0.019474
-8.753915e-07	-0.0194432
-8.733915e-07	-0.0193816
-8.713915e-07	-0.0193816
-8.693915e-07	-0.01932
-8.673915e-07	-0.0195048
-8.653915e-07	-0.0196896
-8.633915e-07	-0.0198744
-8.613915e-07	-0.0198744
-8.593915e-07	-0.0199976
-8.573915e-07	-0.0202132
-8.553915e-07	-0.0200592
-8.533915e-07	-0.02009
-8.513915e-07	-0.02009
-8.493915e-07	-0.0201824
-8.473915e-07	-0.0202748
-8.453915e-07	-0.0204904
-8.433915e-07	-0.0208292
-8.413915e-07	-0.0211372
-8.393915e-07	-0.0211064
-8.373915e-07	-0.0212296
-8.353915e-07	-0.0212604
-8.333915e-07	-0.0214144
-8.313915e-07	-0.0212912
-8.293915e-07	-0.0212296
-8.273915e-07	-0.021784
-8.253915e-07	-0.0215992
-8.233915e-07	-0.0212912
-8.213915e-07	-0.0213836
-8.193915e-07	-0.0213836
-8.173915e-07	-0.0211988
-8.153915e-07	-0.0209524
-8.133915e-07	-0.0209524
-8.113915e-07	-0.0210448
-8.093915e-07	-0.0211372
-8.073915e-07	-0.0213528
-8.053915e-07	-0.0212296
-8.033915e-07	-0.0213836
-8.013915e-07	-0.0210448
-7.993915e-07	-0.0212296
-7.973915e-07	-0.021322
-7.953915e-07	-0.0215684
-7.933915e-07	-0.0215068
-7.913915e-07	-0.0214144
-7.893915e-07	-0.0215068
-7.873915e-07	-0.0215992
-7.853915e-07	-0.02163
-7.833915e-07	-0.0215376
-7.813915e-07	-0.0215068
-7.793915e-07	-0.0215992
-7.773915e-07	-0.0216916
-7.753915e-07	-0.02163
-7.733915e-07	-0.0215068
-7.713915e-07	-0.0215992
-7.693915e-07	-0.0218456
-7.673915e-07	-0.0219688
-7.653915e-07	-0.02163
-7.633915e-07	-0.021476
-7.613915e-07	-0.0215992
-7.593915e-07	-0.0215068
-7.573915e-07	-0.0214144
-7.553915e-07	-0.0212604
-7.533915e-07	-0.0209524
-7.513915e-07	-0.0209524
-7.493915e-07	-0.0209216
-7.473915e-07	-0.021014
-7.453915e-07	-0.0208908
-7.433915e-07	-0.0208908
-7.413915e-07	-0.020398
-7.393915e-07	-0.0202748
-7.373915e-07	-0.0202748
-7.353915e-07	-0.0200284
-7.333915e-07	-0.019782
-7.313915e-07	-0.0200592
-7.293915e-07	-0.020244
-7.273915e-07	-0.0199976
-7.253915e-07	-0.019782
-7.233915e-07	-0.0198436
-7.213915e-07	-0.0198128
-7.193915e-07	-0.0195972
-7.173915e-07	-0.0192892
-7.153915e-07	-0.0195356
-7.133915e-07	-0.0192584
-7.113915e-07	-0.0188272
-7.093915e-07	-0.0186732
-7.073915e-07	-0.0181804
-7.053915e-07	-0.0181496
-7.033915e-07	-0.0175952
-7.013915e-07	-0.0169792
-6.993915e-07	-0.0169792
-6.973915e-07	-0.0171948
-6.953915e-07	-0.0167636
-6.933915e-07	-0.0161168
-6.913915e-07	-0.016086
-6.893915e-07	-0.0161784
-6.873915e-07	-0.0159012
-6.853915e-07	-0.0158088
-6.833915e-07	-0.0158396
-6.813915e-07	-0.0158088
-6.793915e-07	-0.0157472
-6.773915e-07	-0.015932
-6.753915e-07	-0.016086
-6.733915e-07	-0.0159936
-6.713915e-07	-0.0159936
-6.693915e-07	-0.0160244
-6.673915e-07	-0.016086
-6.653915e-07	-0.0161784
-6.633915e-07	-0.0161476
-6.613915e-07	-0.0162092
-6.593915e-07	-0.0166404
-6.573915e-07	-0.0166712
-6.553915e-07	-0.0167328
-6.533915e-07	-0.017164
-6.513915e-07	-0.01701
-6.493915e-07	-0.0171332
-6.473915e-07	-0.0171332
-6.453915e-07	-0.0171332
-6.433915e-07	-0.0174412
-6.413915e-07	-0.0179032
-6.393915e-07	-0.017934
-6.373915e-07	-0.017934
-6.353915e-07	-0.018088
-6.333915e-07	-0.0181188
-6.313915e-07	-0.0184576
-6.293915e-07	-0.018396
-6.273915e-07	-0.0184884
-6.253915e-07	-0.018858
-6.233915e-07	-0.0187348
-6.213915e-07	-0.0188888
-6.193915e-07	-0.0189812
-6.173915e-07	-0.0195356
-6.153915e-07	-0.0191968
-6.133915e-07	-0.0192584
-6.113915e-07	-0.0195664
-6.093915e-07	-0.019628
-6.073915e-07	-0.0199976
-6.053915e-07	-0.0198744
-6.033915e-07	-0.0201516
-6.013915e-07	-0.0204288
-5.993915e-07	-0.0204596
-5.973915e-07	-0.0206136
-5.953915e-07	-0.0207368
-5.933915e-07	-0.0208908
-5.913915e-07	-0.0210448
-5.893915e-07	-0.021014
-5.873915e-07	-0.0212604
-5.853915e-07	-0.0211064
-5.833915e-07	-0.0207984
-5.813915e-07	-0.02086
-5.793915e-07	-0.0213528
-5.773915e-07	-0.0216916
-5.753915e-07	-0.02163
-5.733915e-07	-0.0214144
-5.713915e-07	-0.021322
-5.693915e-07	-0.02163
-5.673915e-07	-0.021784
-5.653915e-07	-0.0218456
-5.633915e-07	-0.0217224
-5.613915e-07	-0.0218764
-5.593915e-07	-0.0216608
-5.573915e-07	-0.021784
-5.553915e-07	-0.0215376
-5.533915e-07	-0.0215068
-5.513915e-07	-0.0214452
-5.493915e-07	-0.0212296
-5.473915e-07	-0.0215376
-5.453915e-07	-0.0215992
-5.433915e-07	-0.0215068
-5.413915e-07	-0.021322
-5.393915e-07	-0.0207984
-5.373915e-07	-0.0205828
-5.353915e-07	-0.0204596
-5.333915e-07	-0.0204288
-5.313915e-07	-0.0201516
-5.293915e-07	-0.0202132
-5.273915e-07	-0.0199976
-5.253915e-07	-0.0200284
-5.233915e-07	-0.0197512
-5.213915e-07	-0.0198744
-5.193915e-07	-0.0198744
-5.173915e-07	-0.0193508
-5.153915e-07	-0.0196588
-5.133915e-07	-0.0194432
-5.113915e-07	-0.0195356
-5.093915e-07	-0.0192584
-5.073915e-07	-0.0192892
-5.053915e-07	-0.019012
-5.033915e-07	-0.0189196
-5.013915e-07	-0.0189812
-4.993915e-07	-0.0192892
-4.973915e-07	-0.0192892
-4.953915e-07	-0.0192276
-4.933915e-07	-0.01932
-4.913915e-07	-0.0192276
-4.893915e-07	-0.0192276
-4.873915e-07	-0.0190428
-4.853915e-07	-0.019012
-4.833915e-07	-0.0189812
-4.813915e-07	-0.0187348
-4.793915e-07	-0.0185808
-4.773915e-07	-0.018704
-4.753915e-07	-0.0187348
-4.733915e-07	-0.0187964
-4.713915e-07	-0.0188272
-4.693915e-07	-0.0187656
-4.673915e-07	-0.0185192
-4.653915e-07	-0.0184884
-4.633915e-07	-0.0182728
-4.613915e-07	-0.0184268
-4.593915e-07	-0.0187348
-4.573915e-07	-0.0190428
-4.553915e-07	-0.0187964
-4.533915e-07	-0.0190428
-4.513915e-07	-0.0193508
-4.493915e-07	-0.0196588
-4.473915e-07	-0.0192892
-4.453915e-07	-0.0188888
-4.433915e-07	-0.018858
-4.413915e-07	-0.0191352
-4.393915e-07	-0.0191044
-4.373915e-07	-0.0187964
-4.353915e-07	-0.019012
-4.333915e-07	-0.0190428
-4.313915e-07	-0.0189812
-4.293915e-07	-0.019166
-4.273915e-07	-0.0194432
-4.253915e-07	-0.019782
-4.233915e-07	-0.0199668
-4.213915e-07	-0.0197512
-4.193915e-07	-0.019782
-4.173915e-07	-0.0198436
-4.153915e-07	-0.0197512
-4.133915e-07	-0.0197204
-4.113915e-07	-0.0194124
-4.093915e-07	-0.019474
-4.073915e-07	-0.0195972
-4.053915e-07	-0.019474
-4.033915e-07	-0.0193816
-4.013915e-07	-0.0193508
-3.993915e-07	-0.01932
-3.973915e-07	-0.0192584
-3.953915e-07	-0.019628
-3.933915e-07	-0.0194124
-3.913915e-07	-0.019628
-3.893915e-07	-0.0195048
-3.873915e-07	-0.0195972
-3.853915e-07	-0.0196896
-3.833915e-07	-0.0198436
-3.813915e-07	-0.019782
-3.793915e-07	-0.0200284
-3.773915e-07	-0.0201208
-3.753915e-07	-0.020244
-3.733915e-07	-0.0199668
-3.713915e-07	-0.020552
-3.693915e-07	-0.0204596
-3.673915e-07	-0.0201824
-3.653915e-07	-0.0202132
-3.633915e-07	-0.0203364
-3.613915e-07	-0.0205212
-3.593915e-07	-0.0202132
-3.573915e-07	-0.0204288
-3.553915e-07	-0.0207676
-3.533915e-07	-0.0207984
-3.513915e-07	-0.021168
-3.493915e-07	-0.0211064
-3.473915e-07	-0.0212604
-3.453915e-07	-0.0212296
-3.433915e-07	-0.0209832
-3.413915e-07	-0.0207368
-3.393915e-07	-0.0206444
-3.373915e-07	-0.020706
-3.353915e-07	-0.0202748
-3.333915e-07	-0.0204596
-3.313915e-07	-0.0206444
-3.293915e-07	-0.0205828
-3.273915e-07	-0.0204904
-3.253915e-07	-0.0203364
-3.233915e-07	-0.0198128
-3.213915e-07	-0.019474
-3.193915e-07	-0.0194124
-3.173915e-07	-0.0192276
-3.153915e-07	-0.0189504
-3.133915e-07	-0.0188272
-3.113915e-07	-0.0185808
-3.093915e-07	-0.0187656
-3.073915e-07	-0.0186732
-3.053915e-07	-0.0187348
-3.033915e-07	-0.01855
-3.013915e-07	-0.0187348
-2.993915e-07	-0.0187964
-2.973915e-07	-0.0189812
-2.953915e-07	-0.0186732
-2.933915e-07	-0.0187348
-2.913915e-07	-0.018242
-2.893915e-07	-0.0187964
-2.873915e-07	-0.0187656
-2.853915e-07	-0.019012
-2.833915e-07	-0.0191352
-2.813915e-07	-0.0192584
-2.793915e-07	-0.0196896
-2.773915e-07	-0.0195972
-2.753915e-07	-0.0195048
-2.733915e-07	-0.0199052
-2.713915e-07	-0.0200284
-2.693915e-07	-0.0201516
-2.673915e-07	-0.0203672
-2.653915e-07	-0.0204596
-2.633915e-07	-0.0203056
-2.613915e-07	-0.0202132
-2.593915e-07	-0.0202132
-2.573915e-07	-0.0201516
-2.553915e-07	-0.0201516
-2.533915e-07	-0.020552
-2.513915e-07	-0.0205212
-2.493915e-07	-0.0206136
-2.473915e-07	-0.0205828
-2.453915e-07	-0.0206444
-2.433915e-07	-0.0207676
-2.413915e-07	-0.021014
-2.393915e-07	-0.0206444
-2.373915e-07	-0.0207984
-2.353915e-07	-0.0207984
-2.333915e-07	-0.0211988
-2.313915e-07	-0.0212604
-2.293915e-07	-0.0216608
-2.273915e-07	-0.0220612
-2.253915e-07	-0.0221536
-2.233915e-07	-0.0220612
-2.213915e-07	-0.0221536
-2.193915e-07	-0.0225232
-2.173915e-07	-0.0224
-2.153915e-07	-0.022708
-2.133915e-07	-0.022708
-2.113915e-07	-0.0228004
-2.093915e-07	-0.0228312
-2.073915e-07	-0.0227388
-2.053915e-07	-0.022708
-2.033915e-07	-0.0225232
-2.013915e-07	-0.0224924
-1.993915e-07	-0.0219996
-1.973915e-07	-0.0221536
-1.953915e-07	-0.0221228
-1.933915e-07	-0.0221228
-1.913915e-07	-0.022092
-1.893915e-07	-0.021938
-1.873915e-07	-0.021784
-1.853915e-07	-0.0217224
-1.833915e-07	-0.0215068
-1.813915e-07	-0.0214452
-1.793915e-07	-0.021476
-1.773915e-07	-0.0211064
-1.753915e-07	-0.0211064
-1.733915e-07	-0.0209832
-1.713915e-07	-0.0204904
-1.693915e-07	-0.021014
-1.673915e-07	-0.0212912
-1.653915e-07	-0.0214452
-1.633915e-07	-0.0213836
-1.613915e-07	-0.0214144
-1.593915e-07	-0.0212912
-1.573915e-07	-0.0212912
-1.553915e-07	-0.0212604
-1.533915e-07	-0.0208908
-1.513915e-07	-0.0209216
-1.493915e-07	-0.0209524
-1.473915e-07	-0.0206752
-1.453915e-07	-0.0206444
-1.433915e-07	-0.0206444
-1.413915e-07	-0.0203672
-1.393915e-07	-0.0197512
-1.373915e-07	-0.0198744
-1.353915e-07	-0.0194432
-1.333915e-07	-0.019166
-1.313915e-07	-0.0190428
-1.293915e-07	-0.01932
-1.273915e-07	-0.0189196
-1.253915e-07	-0.0191968
-1.233915e-07	-0.0188888
-1.213915e-07	-0.018704
-1.193915e-07	-0.0187656
-1.173915e-07	-0.0186732
-1.153915e-07	-0.0185808
-1.133915e-07	-0.0183652
-1.113915e-07	-0.0181496
-1.093915e-07	-0.0180264
-1.073915e-07	-0.017934
-1.053915e-07	-0.0176568
-1.033915e-07	-0.0175952
-1.013915e-07	-0.0176876
-9.93915e-08	-0.0176876
-9.73915e-08	-0.0178724
-9.53915e-08	-0.0174412
-9.33915e-08	-0.0175644
-9.13915e-08	-0.0175644
-8.93915e-08	-0.0175644
-8.73915e-08	-0.0176876
-8.53915e-08	-0.017934
-8.33915e-08	-0.0180264
-8.13915e-08	-0.0180572
-7.93915e-08	-0.0179956
-7.73915e-08	-0.0183344
-7.53915e-08	-0.018242
-7.33915e-08	-0.0189812
-7.13915e-08	-0.0187656
-6.93915e-08	-0.0188272
-6.73915e-08	-0.0190736
-6.53915e-08	-0.0190428
-6.33915e-08	-0.0191352
-6.13915e-08	-0.01932
-5.93915e-08	-0.0192276
-5.73915e-08	-0.0194124
-5.53915e-08	-0.0194124
-5.33915e-08	-0.0194124
-5.13915e-08	-0.0202748
-4.93915e-08	-0.0201208
-4.73915e-08	-0.0204288
-4.53915e-08	-0.020398
-4.33915e-08	-0.020244
-4.13915e-08	-0.0202748
-3.93915e-08	-0.0203364
-3.73915e-08	-0.0206444
-3.53915e-08	-0.0206752
-3.33915e-08	-0.0213836
-3.13915e-08	-0.0210756
-2.93915e-08	-0.0213836
-2.73915e-08	-0.0215992
-2.53915e-08	-0.0219072
-2.33915e-08	-0.02163
-2.13915e-08	-0.021322
-1.93915e-08	-0.0215068
-1.73915e-08	-0.0214452
-1.53915e-08	-0.021168
-1.33915e-08	-0.021476
-1.13915e-08	-0.0211988
-9.391503e-09	-0.0210448
-7.391503e-09	-0.0206752
-5.391503e-09	-0.020706
-3.391503e-09	-0.0205212
-1.391503e-09	-0.0203672
6.084966e-10	-0.0201516
2.608497e-09	-0.0206444
4.608497e-09	-0.0205212
6.608497e-09	-0.0206444
8.608497e-09	-0.0207984
1.06085e-08	-0.0209524
1.26085e-08	-0.0209216
1.46085e-08	-0.0210756
1.66085e-08	-0.0210756
1.86085e-08	-0.021168
2.06085e-08	-0.0208908
2.26085e-08	-0.0208908
2.46085e-08	-0.0206752
2.66085e-08	-0.0206136
2.86085e-08	-0.0205212
3.06085e-08	-0.0206136
3.26085e-08	-0.0208908
3.46085e-08	-0.021014
3.66085e-08	-0.0209832
3.86085e-08	-0.021168
4.06085e-08	-0.0209524
4.26085e-08	-0.02086
4.46085e-08	-0.0210448
4.66085e-08	-0.0212604
4.86085e-08	-0.0211372
5.06085e-08	-0.0206444
5.26085e-08	-0.0206136
5.46085e-08	-0.0207368
5.66085e-08	-0.0211372
5.86085e-08	-0.0207984
6.06085e-08	-0.0209524
6.26085e-08	-0.0212604
6.46085e-08	-0.0207368
6.66085e-08	-0.0206752
6.86085e-08	-0.0207368
7.06085e-08	-0.0210756
7.26085e-08	-0.0210756
7.46085e-08	-0.021168
7.66085e-08	-0.021168
7.86085e-08	-0.0212296
8.06085e-08	-0.0213836
8.26085e-08	-0.0213836
8.46085e-08	-0.021476
8.66085e-08	-0.0216608
8.86085e-08	-0.0212912
9.06085e-08	-0.0208292
9.26085e-08	-0.0209832
9.46085e-08	-0.0211988
9.66085e-08	-0.0210756
9.86085e-08	-0.0208292
1.006085e-07	-0.0205212
1.026085e-07	-0.0203672
1.046085e-07	-0.0201824
1.066085e-07	-0.02009
1.086085e-07	-0.0202748
1.106085e-07	-0.020552
1.126085e-07	-0.0204904
1.146085e-07	-0.0206752
1.166085e-07	-0.0206444
1.186085e-07	-0.0205828
1.206085e-07	-0.020552
1.226085e-07	-0.020244
1.246085e-07	-0.0201516
1.266085e-07	-0.020552
1.286085e-07	-0.0206752
1.306085e-07	-0.0201824
1.326085e-07	-0.0199976
1.346085e-07	-0.0195664
1.366085e-07	-0.0183344
1.386085e-07	-0.0167636
1.406085e-07	-0.0142072
1.426085e-07	-0.011774
1.446085e-07	-0.0090636
1.466085e-07	-0.0067844
1.486085e-07	-0.004074
1.506085e-07	-0.0017332
1.526085e-07	0.0006692
1.546085e-07	0.00301
1.566085e-07	0.0050428
1.586085e-07	0.0063056
1.606085e-07	0.0075376
1.626085e-07	0.0086156
1.646085e-07	0.0098168
1.666085e-07	0.0107408
1.686085e-07	0.01148
1.706085e-07	0.0119728
1.726085e-07	0.0126812
1.746085e-07	0.0128044
1.766085e-07	0.0131124
1.786085e-07	0.012558
1.806085e-07	0.0127428
1.826085e-07	0.0122808
1.846085e-07	0.0120036
1.866085e-07	0.0112336
1.886085e-07	0.0112028
1.906085e-07	0.0104328
1.926085e-07	0.009632
1.946085e-07	0.0092316
1.966085e-07	0.0087388
1.986085e-07	0.008246
2.006085e-07	0.007784
2.026085e-07	0.0070448
2.046085e-07	0.0064904
2.066085e-07	0.0058436
2.086085e-07	0.0052584
2.106085e-07	0.0046424
2.126085e-07	0.0038416
2.146085e-07	0.0033488
2.166085e-07	0.0024556
2.186085e-07	0.0016548
2.206085e-07	0.001316
2.226085e-07	0.0006076
2.246085e-07	-0.0001316
2.266085e-07	-0.0012404
2.286085e-07	-0.0018564
2.306085e-07	-0.0024416
2.326085e-07	-0.0034272
2.346085e-07	-0.0038892
2.366085e-07	-0.00392
2.386085e-07	-0.0047824
2.406085e-07	-0.00546
2.426085e-07	-0.005922
2.446085e-07	-0.0063224
2.466085e-07	-0.0066612
2.486085e-07	-0.0066612
2.506085e-07	-0.007
2.526085e-07	-0.0074312
2.546085e-07	-0.0078624
2.566085e-07	-0.0080472
2.586085e-07	-0.0082628
2.606085e-07	-0.0084784
2.626085e-07	-0.00931
2.646085e-07	-0.0094948
2.666085e-07	-0.0098952
2.686085e-07	-0.0098028
2.706085e-07	-0.0102956
2.726085e-07	-0.010696
2.746085e-07	-0.011004
2.766085e-07	-0.0114044
2.786085e-07	-0.0116508
2.806085e-07	-0.0118048
2.826085e-07	-0.0120204
2.846085e-07	-0.0121436
2.866085e-07	-0.012236
2.886085e-07	-0.0121128
2.906085e-07	-0.0122668
2.926085e-07	-0.0123592
2.946085e-07	-0.0125748
2.966085e-07	-0.0127288
2.986085e-07	-0.0126672
3.006085e-07	-0.0126364
3.026085e-07	-0.0128212
3.046085e-07	-0.0126364
3.066085e-07	-0.0125132
3.086085e-07	-0.0124824
3.106085e-07	-0.0127904
3.126085e-07	-0.0126364
3.146085e-07	-0.0125748
3.166085e-07	-0.012698
3.186085e-07	-0.0130984
3.206085e-07	-0.012852
3.226085e-07	-0.0134064
3.246085e-07	-0.0134372
3.266085e-07	-0.0132832
3.286085e-07	-0.013006
3.306085e-07	-0.0127288
3.326085e-07	-0.0125132
3.346085e-07	-0.0127288
3.366085e-07	-0.0127288
3.386085e-07	-0.0126056
3.406085e-07	-0.0127596
3.426085e-07	-0.0132216
3.446085e-07	-0.0135296
3.466085e-07	-0.0136528
3.486085e-07	-0.0138376
3.506085e-07	-0.0143304
3.526085e-07	-0.014238
3.546085e-07	-0.0146076
3.566085e-07	-0.0147308
3.586085e-07	-0.0149156
3.606085e-07	-0.0151004
3.626085e-07	-0.0149772
3.646085e-07	-0.0151004
3.666085e-07	-0.0155624
3.686085e-07	-0.0155932
3.706085e-07	-0.0157164
3.726085e-07	-0.0158396
3.746085e-07	-0.0158396
3.766085e-07	-0.0158396
3.786085e-07	-0.0159012
3.806085e-07	-0.0161476
3.826085e-07	-0.01624
3.846085e-07	-0.016548
3.866085e-07	-0.0166712
3.886085e-07	-0.016702
3.906085e-07	-0.0169176
3.926085e-07	-0.0170716
3.946085e-07	-0.0171024
3.966085e-07	-0.017164
3.986085e-07	-0.0173796
4.006085e-07	-0.01701
4.026085e-07	-0.0171948
4.046085e-07	-0.0172872
4.066085e-07	-0.0170716
4.086085e-07	-0.0169792
4.106085e-07	-0.0171024
4.126085e-07	-0.016856
4.146085e-07	-0.0166712
4.166085e-07	-0.0165172
4.186085e-07	-0.016548
4.206085e-07	-0.016548
4.226085e-07	-0.0166096
4.246085e-07	-0.016086
4.266085e-07	-0.0160244
4.286085e-07	-0.0163016
4.306085e-07	-0.0164556
4.326085e-07	-0.0166404
4.346085e-07	-0.0165172
4.366085e-07	-0.016548
4.386085e-07	-0.0166712
4.406085e-07	-0.0164864
4.426085e-07	-0.0167328
4.446085e-07	-0.016702
4.466085e-07	-0.0169792
4.486085e-07	-0.0169484
4.506085e-07	-0.0170716
4.526085e-07	-0.0170408
4.546085e-07	-0.0171948
4.566085e-07	-0.0172564
4.586085e-07	-0.0172872
4.606085e-07	-0.0172256
4.626085e-07	-0.0174104
4.646085e-07	-0.0173796
4.666085e-07	-0.0175644
4.686085e-07	-0.0175028
4.706085e-07	-0.0179956
4.726085e-07	-0.0182728
4.746085e-07	-0.01855
4.766085e-07	-0.0187656
4.786085e-07	-0.0189196
4.806085e-07	-0.0191044
4.826085e-07	-0.0190736
4.846085e-07	-0.0188888
4.866085e-07	-0.0185808
4.886085e-07	-0.018704
4.906085e-07	-0.0186424
4.926085e-07	-0.0182728
4.946085e-07	-0.0185192
4.966085e-07	-0.0184884
4.986085e-07	-0.0184884
5.006085e-07	-0.01855
5.026085e-07	-0.0187656
5.046085e-07	-0.0189812
5.066085e-07	-0.0186424
5.086085e-07	-0.0187964
5.106085e-07	-0.0186424
5.126085e-07	-0.0189504
5.146085e-07	-0.0190736
5.166085e-07	-0.0191968
5.186085e-07	-0.0190736
5.206085e-07	-0.0189504
5.226085e-07	-0.0186732
5.246085e-07	-0.0188888
5.266085e-07	-0.0191044
5.286085e-07	-0.0191968
5.306085e-07	-0.0192892
5.326085e-07	-0.0192276
5.346085e-07	-0.0193508
5.366085e-07	-0.0195048
5.386085e-07	-0.0192276
5.406085e-07	-0.0194432
5.426085e-07	-0.019628
5.446085e-07	-0.0199052
5.466085e-07	-0.0199668
5.486085e-07	-0.0199668
5.506085e-07	-0.0199052
5.526085e-07	-0.0199668
5.546085e-07	-0.0199052
5.566085e-07	-0.02009
5.586085e-07	-0.0203056
5.606085e-07	-0.0200284
5.626085e-07	-0.0200592
5.646085e-07	-0.0197512
5.666085e-07	-0.0200284
5.686085e-07	-0.0195664
5.706085e-07	-0.0193508
5.726085e-07	-0.0191352
5.746085e-07	-0.0191968
5.766085e-07	-0.018858
5.786085e-07	-0.019012
5.806085e-07	-0.0189196
5.826085e-07	-0.0189196
5.846085e-07	-0.0191044
5.866085e-07	-0.0191044
5.886085e-07	-0.0191968
5.906085e-07	-0.01932
5.926085e-07	-0.0195048
5.946085e-07	-0.019166
5.966085e-07	-0.0193816
5.986085e-07	-0.019474
6.006085e-07	-0.0194124
6.026085e-07	-0.0193508
6.046085e-07	-0.0192584
6.066085e-07	-0.0191968
6.086085e-07	-0.0191044
6.106085e-07	-0.01932
6.126085e-07	-0.01932
6.146085e-07	-0.0198128
6.166085e-07	-0.0200592
6.186085e-07	-0.0199052
6.206085e-07	-0.0197512
6.226085e-07	-0.0200284
6.246085e-07	-0.0200592
6.266085e-07	-0.0203056
6.286085e-07	-0.0203056
6.306085e-07	-0.0203056
6.326085e-07	-0.0202132
6.346085e-07	-0.0201824
6.366085e-07	-0.0202748
6.386085e-07	-0.0204904
6.406085e-07	-0.020706
6.426085e-07	-0.0204596
6.446085e-07	-0.0203056
6.466085e-07	-0.0201516
6.486085e-07	-0.0203056
6.506085e-07	-0.0204904
6.526085e-07	-0.020398
6.546085e-07	-0.0204288
6.566085e-07	-0.0205212
6.586085e-07	-0.0207368
6.606085e-07	-0.0209832
6.626085e-07	-0.0212912
6.646085e-07	-0.0211372
6.666085e-07	-0.0209524
6.686085e-07	-0.0211372
6.706085e-07	-0.0212296
6.726085e-07	-0.0209216
6.746085e-07	-0.0211988
6.766085e-07	-0.0207368
6.786085e-07	-0.0209216
6.806085e-07	-0.0208292
6.826085e-07	-0.0208292
6.846085e-07	-0.0209832
6.866085e-07	-0.0207676
6.886085e-07	-0.020552
6.906085e-07	-0.0202748
6.926085e-07	-0.0201516
6.946085e-07	-0.0200284
6.966085e-07	-0.0198128
6.986085e-07	-0.0193508
7.006085e-07	-0.0191044
7.026085e-07	-0.0193508
7.046085e-07	-0.0197204
7.066085e-07	-0.0195356
7.086085e-07	-0.0198128
7.106085e-07	-0.02009
7.126085e-07	-0.0196896
7.146085e-07	-0.0196588
7.166085e-07	-0.0198128
7.186085e-07	-0.0198436
7.206085e-07	-0.0202748
7.226085e-07	-0.0199668
7.246085e-07	-0.0200284
7.266085e-07	-0.0204596
7.286085e-07	-0.0203364
7.306085e-07	-0.0201208
7.326085e-07	-0.0198128
7.346085e-07	-0.0197512
7.366085e-07	-0.0195664
7.386085e-07	-0.019628
7.406085e-07	-0.0196896
7.426085e-07	-0.019628
7.446085e-07	-0.0195356
7.466085e-07	-0.0189504
7.486085e-07	-0.0188888
7.506085e-07	-0.0189812
7.526085e-07	-0.0188888
7.546085e-07	-0.0186116
7.566085e-07	-0.0185192
7.586085e-07	-0.018858
7.606085e-07	-0.0185192
7.626085e-07	-0.0187348
7.646085e-07	-0.018858
7.666085e-07	-0.0188888
7.686085e-07	-0.0186732
7.706085e-07	-0.018858
7.726085e-07	-0.0188272
7.746085e-07	-0.019012
7.766085e-07	-0.0188272
7.786085e-07	-0.0188272
7.806085e-07	-0.018704
7.826085e-07	-0.0191968
7.846085e-07	-0.0189196
7.866085e-07	-0.0192276
7.886085e-07	-0.0192584
7.906085e-07	-0.01932
7.926085e-07	-0.0193816
7.946085e-07	-0.019166
7.966085e-07	-0.01932
7.986085e-07	-0.0192892
8.006085e-07	-0.0191968
8.026085e-07	-0.0192276
8.046085e-07	-0.0191968
8.066085e-07	-0.0198436
8.086085e-07	-0.0198436
8.106085e-07	-0.019782
8.126085e-07	-0.02009
8.146085e-07	-0.0203056
8.166085e-07	-0.020398
8.186085e-07	-0.0203056
8.206085e-07	-0.020398
8.226085e-07	-0.0206752
8.246085e-07	-0.0208908
8.266085e-07	-0.02086
8.286085e-07	-0.0210756
8.306085e-07	-0.0210448
8.326085e-07	-0.0209832
8.346085e-07	-0.02086
8.366085e-07	-0.0211064
8.386085e-07	-0.0211988
8.406085e-07	-0.0207984
8.426085e-07	-0.0207676
8.446085e-07	-0.020552
8.466085e-07	-0.0209524
8.486085e-07	-0.021014
8.506085e-07	-0.0207676
8.526085e-07	-0.021014
8.546085e-07	-0.0212604
8.566085e-07	-0.0212912
8.586085e-07	-0.0214144
8.606085e-07	-0.0210756
8.626085e-07	-0.0211064
8.646085e-07	-0.0207676
8.666085e-07	-0.021014
8.686085e-07	-0.0203672
8.706085e-07	-0.02009
8.726085e-07	-0.019782
8.746085e-07	-0.0194124
8.766085e-07	-0.0195048
8.786085e-07	-0.0194432
8.806085e-07	-0.0191352
8.826085e-07	-0.0195048
8.846085e-07	-0.0196588
8.866085e-07	-0.0195356
8.886085e-07	-0.0192276
8.906085e-07	-0.0189196
8.926085e-07	-0.0186732
8.946085e-07	-0.0187964
8.966085e-07	-0.018704
8.986085e-07	-0.0185192
9.006085e-07	-0.0187964
9.026085e-07	-0.0192584
9.046085e-07	-0.0194124
9.066085e-07	-0.0193508
9.086085e-07	-0.0195664
9.106085e-07	-0.019628
9.126085e-07	-0.0199976
9.146085e-07	-0.0198744
9.166085e-07	-0.0196896
9.186085e-07	-0.0199052
9.206085e-07	-0.0196896
9.226085e-07	-0.0197204
9.246085e-07	-0.0196896
9.266085e-07	-0.0198436
9.286085e-07	-0.0199052
9.306085e-07	-0.0196588
9.326085e-07	-0.019782
9.346085e-07	-0.0201208
9.366085e-07	-0.0199668
9.386085e-07	-0.0199668
9.406085e-07	-0.020398
9.426085e-07	-0.02009
9.446085e-07	-0.0199052
9.466085e-07	-0.0191968
9.486085e-07	-0.0192892
9.506085e-07	-0.019166
9.526085e-07	-0.0187656
9.546085e-07	-0.0188272
9.566085e-07	-0.0187964
9.586085e-07	-0.0188888
9.606085e-07	-0.0188888
9.626085e-07	-0.0185192
9.646085e-07	-0.0186116
9.666085e-07	-0.0187656
9.686085e-07	-0.0185192
9.706085e-07	-0.0186116
9.726085e-07	-0.0191352
9.746085e-07	-0.0191968
9.766085e-07	-0.0191352
9.786085e-07	-0.0190736
9.806085e-07	-0.0192584
9.826085e-07	-0.0190736
9.846085e-07	-0.0188272
9.866085e-07	-0.0188888
9.886085e-07	-0.0193508
9.906085e-07	-0.01932
9.926085e-07	-0.0194124
9.946085e-07	-0.01932
9.966085e-07	-0.0199668
9.986085e-07	-0.0198744
1.000608e-06	-0.0198436
1.002608e-06	-0.0201208
1.004608e-06	-0.0200592
1.006608e-06	-0.0205828
1.008608e-06	-0.0206444
1.010608e-06	-0.0202132
1.012608e-06	-0.0201824
1.014608e-06	-0.0207984
1.016608e-06	-0.0211064
1.018608e-06	-0.0206752
1.020608e-06	-0.0201208
1.022608e-06	-0.020244
1.024608e-06	-0.0202132
1.026608e-06	-0.0205212
1.028608e-06	-0.0204596
1.030608e-06	-0.019936
1.032608e-06	-0.019628
1.034608e-06	-0.0199052
1.036608e-06	-0.0198128
1.038608e-06	-0.019474
1.040608e-06	-0.0197204
1.042608e-06	-0.0201516
1.044608e-06	-0.0202748
1.046608e-06	-0.0199052
1.048608e-06	-0.019628
1.050608e-06	-0.0195048
1.052608e-06	-0.0194432
1.054608e-06	-0.0194124
1.056608e-06	-0.0193508
1.058608e-06	-0.0193816
1.060608e-06	-0.0195356
1.062608e-06	-0.0196896
1.064608e-06	-0.0191968
1.066608e-06	-0.0189812
1.068608e-06	-0.0189504
1.070608e-06	-0.0186116
1.072608e-06	-0.0183036
1.074608e-06	-0.0183036
1.076608e-06	-0.0179032
1.078608e-06	-0.0180572
1.080608e-06	-0.0180572
1.082608e-06	-0.018242
1.084608e-06	-0.0180572
1.086608e-06	-0.018088
1.088608e-06	-0.0177184
1.090608e-06	-0.0177184
1.092608e-06	-0.01778
1.094608e-06	-0.0178108
1.096608e-06	-0.0177184
1.098608e-06	-0.017934
1.100608e-06	-0.0180264
1.102608e-06	-0.01778
1.104608e-06	-0.0178108
1.106608e-06	-0.0181188
1.108608e-06	-0.0181496
1.110608e-06	-0.0186732
1.112608e-06	-0.018088
1.114608e-06	-0.0179956
1.116608e-06	-0.0181804
1.118608e-06	-0.01778
1.120608e-06	-0.0176876
1.122608e-06	-0.0179648
1.124608e-06	-0.0179956
1.126608e-06	-0.0181188
1.128608e-06	-0.017934
1.130608e-06	-0.017934
1.132608e-06	-0.0178416
1.134608e-06	-0.0175336
1.136608e-06	-0.0178108
1.138608e-06	-0.0179956
1.140608e-06	-0.018088
1.142608e-06	-0.0179032
1.144608e-06	-0.0180572
1.146608e-06	-0.0179032
1.148608e-06	-0.0178724
1.150608e-06	-0.0178416
1.152608e-06	-0.0175952
1.154608e-06	-0.017626
1.156608e-06	-0.0175644
1.158608e-06	-0.0179956
1.160608e-06	-0.0179956
1.162608e-06	-0.018088
1.164608e-06	-0.017626
1.166608e-06	-0.0179956
1.168608e-06	-0.0182112
1.170608e-06	-0.0178724
1.172608e-06	-0.0176568
1.174608e-06	-0.0177492
1.176608e-06	-0.0176876
1.178608e-06	-0.017934
1.180608e-06	-0.01778
1.182608e-06	-0.01778
1.184608e-06	-0.0175336
1.186608e-06	-0.0174104
1.188608e-06	-0.0176876
1.190608e-06	-0.0172564
1.192608e-06	-0.0173796
1.194608e-06	-0.0168868
1.196608e-06	-0.0168868
1.198608e-06	-0.0167636
1.200608e-06	-0.016702
1.202608e-06	-0.0169176
1.204608e-06	-0.0167944
1.206608e-06	-0.016856
1.208608e-06	-0.0164248
1.210608e-06	-0.0165172
1.212608e-06	-0.0163016
1.214608e-06	-0.016394
1.216608e-06	-0.0163632
1.218608e-06	-0.0161476
1.220608e-06	-0.01624
1.222608e-06	-0.016086
1.224608e-06	-0.0157164
1.226608e-06	-0.0151312
1.228608e-06	-0.0151004
1.230608e-06	-0.0151928
1.232608e-06	-0.0150388
1.234608e-06	-0.0148232
1.236608e-06	-0.0147
1.238608e-06	-0.0145152
1.240608e-06	-0.0146076
1.242608e-06	-0.0151004
1.244608e-06	-0.0149464
1.246608e-06	-0.0149156
1.248608e-06	-0.0149772
1.250608e-06	-0.0151004
1.252608e-06	-0.0153776
1.254608e-06	-0.0154084
1.256608e-06	-0.015778
1.258608e-06	-0.0156856
1.260608e-06	-0.015932
1.262608e-06	-0.0161784
1.264608e-06	-0.0160244
1.266608e-06	-0.0166404
1.268608e-06	-0.0166712
1.270608e-06	-0.0172872
1.272608e-06	-0.017318
1.274608e-06	-0.0173796
1.276608e-06	-0.0175336
1.278608e-06	-0.0176568
1.280608e-06	-0.0176876
1.282608e-06	-0.01778
1.284608e-06	-0.0178416
1.286608e-06	-0.017934
1.288608e-06	-0.0179032
1.290608e-06	-0.0181804
1.292608e-06	-0.0182112
1.294608e-06	-0.018088
1.296608e-06	-0.0182112
1.298608e-06	-0.0183652
1.300608e-06	-0.0181804
1.302608e-06	-0.0180264
1.304608e-06	-0.0180572
1.306608e-06	-0.0179648
1.308608e-06	-0.0181188
1.310608e-06	-0.0175644
1.312608e-06	-0.0176876
1.314608e-06	-0.0178724
1.316608e-06	-0.0183036
1.318608e-06	-0.0178108
1.320608e-06	-0.017626
1.322608e-06	-0.0175952
1.324608e-06	-0.017626
1.326608e-06	-0.0177492
1.328608e-06	-0.01778
1.330608e-06	-0.0178416
1.332608e-06	-0.0177492
1.334608e-06	-0.0178724
1.336608e-06	-0.0176568
1.338608e-06	-0.0177492
1.340608e-06	-0.018088
1.342608e-06	-0.0182112
1.344608e-06	-0.0178416
1.346608e-06	-0.017626
1.348608e-06	-0.0178416
1.350608e-06	-0.0183036
1.352608e-06	-0.0186424
1.354608e-06	-0.0186732
1.356608e-06	-0.0191044
1.358608e-06	-0.0192276
1.360608e-06	-0.019474
1.362608e-06	-0.0193816
1.364608e-06	-0.0195356
1.366608e-06	-0.0193508
1.368608e-06	-0.0192584
1.370608e-06	-0.0196896
1.372608e-06	-0.0195356
1.374608e-06	-0.0196588
1.376608e-06	-0.0199052
1.378608e-06	-0.0198744
1.380608e-06	-0.0195048
1.382608e-06	-0.0198436
1.384608e-06	-0.0198744
1.386608e-06	-0.0199052
1.388608e-06	-0.0198744
1.390608e-06	-0.0197512
1.392608e-06	-0.0194432
1.394608e-06	-0.019628
1.396608e-06	-0.0195972
1.398608e-06	-0.0196896
1.400608e-06	-0.0197512
1.402608e-06	-0.0199052
1.404608e-06	-0.0200284
1.406608e-06	-0.0201824
1.408608e-06	-0.0198128
1.410608e-06	-0.0199668
1.412608e-06	-0.0202748
1.414608e-06	-0.0203672
1.416608e-06	-0.0203672
1.418608e-06	-0.020244
1.420608e-06	-0.02009
1.422608e-06	-0.0201208
1.424608e-06	-0.019936
1.426608e-06	-0.0197512
1.428608e-06	-0.0196588
1.430608e-06	-0.0195972
1.432608e-06	-0.0195356
1.434608e-06	-0.0197204
1.436608e-06	-0.019936
1.438608e-06	-0.02009
1.440608e-06	-0.0198744
1.442608e-06	-0.020398
1.444608e-06	-0.02009
1.446608e-06	-0.020244
1.448608e-06	-0.02009
1.450608e-06	-0.0203056
1.452608e-06	-0.0202132
1.454608e-06	-0.0203056
1.456608e-06	-0.0201516
1.458608e-06	-0.020244
1.460608e-06	-0.0203672
1.462608e-06	-0.0206136
1.464608e-06	-0.020552
1.466608e-06	-0.0203056
1.468608e-06	-0.0206136
1.470608e-06	-0.0206136
1.472608e-06	-0.0209216
1.474608e-06	-0.0201208
1.476608e-06	-0.0201516
1.478608e-06	-0.0200284
1.480608e-06	-0.019628
1.482608e-06	-0.0198744
1.484608e-06	-0.0203056
1.486608e-06	-0.0204904
1.488608e-06	-0.020244
1.490608e-06	-0.0198436
1.492608e-06	-0.019936
1.494608e-06	-0.0200592
1.496608e-06	-0.019782
1.498608e-06	-0.0199976
1.500608e-06	-0.0200284
1.502608e-06	-0.0200592
1.504608e-06	-0.0202132
1.506608e-06	-0.0199976
1.508608e-06	-0.019936
1.510608e-06	-0.0198744
1.512608e-06	-0.0201208
1.514608e-06	-0.0201824
1.516608e-06	-0.0203672
1.518608e-06	-0.0205212
1.520608e-06	-0.0198744
1.522608e-06	-0.0195048
1.524608e-06	-0.019628
1.526608e-06	-0.0198128
1.528608e-06	-0.0198436
1.530608e-06	-0.0197512
1.532608e-06	-0.0199668
1.534608e-06	-0.0199052
1.536608e-06	-0.0197512
1.538608e-06	-0.019474
1.540608e-06	-0.0195048
1.542608e-06	-0.0195664
1.544608e-06	-0.0196588
1.546608e-06	-0.01932
1.548608e-06	-0.019474
1.550608e-06	-0.0195664
1.552608e-06	-0.0195356
1.554608e-06	-0.019166
1.556608e-06	-0.0195048
1.558608e-06	-0.0195356
1.560608e-06	-0.0191968
1.562608e-06	-0.0189504
1.564608e-06	-0.0187656
1.566608e-06	-0.019166
1.568608e-06	-0.0191968
1.570608e-06	-0.01932
1.572608e-06	-0.0194124
1.574608e-06	-0.01932
1.576608e-06	-0.0195664
1.578608e-06	-0.0193816
1.580608e-06	-0.0193816
1.582608e-06	-0.0192892
1.584608e-06	-0.0195048
1.586608e-06	-0.0193816
1.588608e-06	-0.0193816
1.590608e-06	-0.0191968
1.592608e-06	-0.019166
1.594608e-06	-0.0191044
1.596608e-06	-0.0189504
1.598608e-06	-0.0189504
1.600608e-06	-0.0187964
1.602608e-06	-0.0187964
1.604608e-06	-0.01855
1.606608e-06	-0.018704
1.608608e-06	-0.0188272
1.610608e-06	-0.0186116
1.612608e-06	-0.0184268
1.614608e-06	-0.0185192
1.616608e-06	-0.0183344
1.618608e-06	-0.0183652
1.620608e-06	-0.0184268
1.622608e-06	-0.0186116
1.624608e-06	-0.01855
1.626608e-06	-0.0186424
1.628608e-06	-0.0186424
1.630608e-06	-0.0188888
1.632608e-06	-0.0189812
1.634608e-06	-0.019166
1.636608e-06	-0.0192892
1.638608e-06	-0.0192892
1.640608e-06	-0.0195048
1.642608e-06	-0.0198436
1.644608e-06	-0.0201824
1.646608e-06	-0.0201516
1.648608e-06	-0.0204904
1.650608e-06	-0.020244
1.652608e-06	-0.0201824
1.654608e-06	-0.020244
1.656608e-06	-0.0203364
1.658608e-06	-0.0204288
1.660608e-06	-0.0204596
1.662608e-06	-0.0206136
1.664608e-06	-0.0206752
1.666608e-06	-0.020398
1.668608e-06	-0.0203364
1.670608e-06	-0.0203056
1.672608e-06	-0.0208292
1.674608e-06	-0.0206444
1.676608e-06	-0.0205828
1.678608e-06	-0.0207984
1.680608e-06	-0.0204596
1.682608e-06	-0.0202748
1.684608e-06	-0.0201824
1.686608e-06	-0.0203672
1.688608e-06	-0.0201208
1.690608e-06	-0.0202132
1.692608e-06	-0.0204596
1.694608e-06	-0.0199976
1.696608e-06	-0.0200284
1.698608e-06	-0.0199668
1.700608e-06	-0.0197204
1.702608e-06	-0.0198128
1.704608e-06	-0.0195664
1.706608e-06	-0.0195048
1.708608e-06	-0.0195972
1.710608e-06	-0.0195356
1.712608e-06	-0.0198744
1.714608e-06	-0.0200284
1.716608e-06	-0.0200284
1.718608e-06	-0.0199976
1.720608e-06	-0.0199668
1.722608e-06	-0.0198744
1.724608e-06	-0.0194432
1.726608e-06	-0.0194124
1.728608e-06	-0.019628
1.730608e-06	-0.0193508
1.732608e-06	-0.018704
1.734608e-06	-0.0192584
1.736608e-06	-0.01855
1.738608e-06	-0.0183652
1.740608e-06	-0.0181188
1.742608e-06	-0.0181496
1.744608e-06	-0.0181804
1.746608e-06	-0.0184884
1.748608e-06	-0.0185192
1.750608e-06	-0.0186424
1.752608e-06	-0.0181496
1.754608e-06	-0.0182112
1.756608e-06	-0.0181804
1.758608e-06	-0.0183344
1.760608e-06	-0.0180264
1.762608e-06	-0.0181188
1.764608e-06	-0.0180572
1.766608e-06	-0.0178108
1.768608e-06	-0.017934
1.770608e-06	-0.0180264
1.772608e-06	-0.0178724
1.774608e-06	-0.0179956
1.776608e-06	-0.0174412
1.778608e-06	-0.017626
1.780608e-06	-0.0173488
1.782608e-06	-0.0173796
1.784608e-06	-0.0171332
1.786608e-06	-0.0172256
1.788608e-06	-0.0173488
1.790608e-06	-0.0177492
1.792608e-06	-0.0172872
1.794608e-06	-0.017164
1.796608e-06	-0.0175644
1.798608e-06	-0.0179648
1.800608e-06	-0.0174104
1.802608e-06	-0.0174104
1.804608e-06	-0.0173796
1.806608e-06	-0.0178416
1.808608e-06	-0.01778
1.810608e-06	-0.0177184
1.812608e-06	-0.0179032
1.814608e-06	-0.018088
1.816608e-06	-0.0180264
1.818608e-06	-0.01778
1.820608e-06	-0.0177184
1.822608e-06	-0.0177492
1.824608e-06	-0.01778
1.826608e-06	-0.0173796
1.828608e-06	-0.01701
1.830608e-06	-0.016856
1.832608e-06	-0.0172872
1.834608e-06	-0.0171024
1.836608e-06	-0.0170716
1.838608e-06	-0.0169792
1.840608e-06	-0.0169792
1.842608e-06	-0.0169176
1.844608e-06	-0.0170716
1.846608e-06	-0.0171024
1.848608e-06	-0.0169176
1.850608e-06	-0.0167636
1.852608e-06	-0.0165788
1.854608e-06	-0.0164864
1.856608e-06	-0.0163324
1.858608e-06	-0.0161476
1.860608e-06	-0.0159628
1.862608e-06	-0.0155932
1.864608e-06	-0.01547
1.866608e-06	-0.015316
1.868608e-06	-0.0150696
1.870608e-06	-0.014854
1.872608e-06	-0.0152544
1.874608e-06	-0.0150388
1.876608e-06	-0.015008
1.878608e-06	-0.0152236
1.880608e-06	-0.015162
1.882608e-06	-0.015162
1.884608e-06	-0.0155932
1.886608e-06	-0.0157164
1.888608e-06	-0.0158704
1.890608e-06	-0.0158704
1.892608e-06	-0.0161168
1.894608e-06	-0.0163324
1.896608e-06	-0.0160552
1.898608e-06	-0.0164248
1.900608e-06	-0.0164556
1.902608e-06	-0.0166096
1.904608e-06	-0.0165788
1.906608e-06	-0.0164248
1.908608e-06	-0.0162708
1.910608e-06	-0.0165788
1.912608e-06	-0.016856
1.914608e-06	-0.0170408
1.916608e-06	-0.0172564
1.918608e-06	-0.0175336
1.920608e-06	-0.0174412
1.922608e-06	-0.0175644
1.924608e-06	-0.0174104
1.926608e-06	-0.0175644
1.928608e-06	-0.0175952
1.930608e-06	-0.01778
1.932608e-06	-0.0178724
1.934608e-06	-0.0178416
1.936608e-06	-0.0177184
1.938608e-06	-0.0178724
1.940608e-06	-0.018088
1.942608e-06	-0.0176876
1.944608e-06	-0.01778
1.946608e-06	-0.0179648
1.948608e-06	-0.017934
1.950608e-06	-0.0179648
1.952608e-06	-0.0179956
1.954608e-06	-0.0180264
1.956608e-06	-0.0179648
1.958608e-06	-0.0182112
1.960608e-06	-0.0180572
1.962608e-06	-0.0179648
1.964608e-06	-0.0179956
1.966608e-06	-0.0178108
1.968608e-06	-0.018088
1.970608e-06	-0.0180572
1.972608e-06	-0.0181496
1.974608e-06	-0.018396
1.976608e-06	-0.0181496
1.978608e-06	-0.0181188
1.980608e-06	-0.018088
1.982608e-06	-0.0177184
1.984608e-06	-0.0175644
1.986608e-06	-0.0177492
1.988608e-06	-0.0173488
1.990608e-06	-0.0175028
1.992608e-06	-0.0172872
1.994608e-06	-0.0175644
1.996608e-06	-0.0175952
1.998608e-06	-0.0178416
2.000608e-06	-0.0177492
2.002608e-06	-0.0179648
2.004608e-06	-0.0182728
2.006608e-06	-0.0183344
2.008608e-06	-0.01855
2.010608e-06	-0.0190736
2.012608e-06	-0.0189504
2.014608e-06	-0.0191044
2.016608e-06	-0.0192276
2.018608e-06	-0.0191968
2.020608e-06	-0.0192276
2.022608e-06	-0.019012
2.024608e-06	-0.0187348
2.026608e-06	-0.0187656
2.028608e-06	-0.0186424
2.030608e-06	-0.0187348
2.032608e-06	-0.0186732
2.034608e-06	-0.0188272
2.036608e-06	-0.0189196
2.038608e-06	-0.0189196
2.040608e-06	-0.0190736
2.042608e-06	-0.0189812
2.044608e-06	-0.018704
2.046608e-06	-0.0187964
2.048608e-06	-0.018704
2.050608e-06	-0.018396
2.052608e-06	-0.0183652
2.054608e-06	-0.0179956
2.056608e-06	-0.0179648
2.058608e-06	-0.018088
2.060608e-06	-0.0181496
2.062608e-06	-0.0185808
2.064608e-06	-0.0185808
2.066608e-06	-0.0184884
2.068608e-06	-0.018396
2.070608e-06	-0.0184884
2.072608e-06	-0.0186424
2.074608e-06	-0.0186732
2.076608e-06	-0.018704
2.078608e-06	-0.0184576
2.080608e-06	-0.0183344
2.082608e-06	-0.0182728
2.084608e-06	-0.0179648
2.086608e-06	-0.0178108
2.088608e-06	-0.0177492
2.090608e-06	-0.0173488
2.092608e-06	-0.0170408
2.094608e-06	-0.0168868
2.096608e-06	-0.0164864
2.098608e-06	-0.0161476
2.100608e-06	-0.015778
2.102608e-06	-0.0157472
2.104608e-06	-0.015932
2.106608e-06	-0.0158396
2.108608e-06	-0.0152544
2.110608e-06	-0.0150388
2.112608e-06	-0.015008
2.114608e-06	-0.0151928
2.116608e-06	-0.0155316
2.118608e-06	-0.0154392
2.120608e-06	-0.0148848
2.122608e-06	-0.0151312
2.124608e-06	-0.0156856
2.126608e-06	-0.0158704
2.128608e-06	-0.0157472
2.130608e-06	-0.0155624
2.132608e-06	-0.0151928
2.134608e-06	-0.0155008
2.136608e-06	-0.015624
2.138608e-06	-0.0156856
2.140608e-06	-0.0155624
2.142608e-06	-0.0153776
2.144608e-06	-0.015316
2.146608e-06	-0.0149464
2.148608e-06	-0.015008
2.150608e-06	-0.0149772
2.152608e-06	-0.0151928
2.154608e-06	-0.0148232
2.156608e-06	-0.0146692
2.158608e-06	-0.0148848
2.160608e-06	-0.0151928
2.162608e-06	-0.0155624
2.164608e-06	-0.0157472
2.166608e-06	-0.0156856
2.168608e-06	-0.0157472
2.170608e-06	-0.0157472
2.172608e-06	-0.0158088
2.174608e-06	-0.015778
2.176608e-06	-0.016086
2.178608e-06	-0.0166096
2.180608e-06	-0.0166404
2.182608e-06	-0.0170716
2.184608e-06	-0.0168868
2.186608e-06	-0.0169484
2.188608e-06	-0.0175336
2.190608e-06	-0.0176568
2.192608e-06	-0.01778
2.194608e-06	-0.0180264
2.196608e-06	-0.0181496
2.198608e-06	-0.018088
2.200608e-06	-0.0183344
2.202608e-06	-0.0185808
2.204608e-06	-0.0189196
2.206608e-06	-0.0187656
2.208608e-06	-0.0183652
2.210608e-06	-0.0187348
2.212608e-06	-0.0187964
2.214608e-06	-0.0189196
2.216608e-06	-0.0194432
2.218608e-06	-0.0197204
2.220608e-06	-0.0198128
2.222608e-06	-0.0196588
2.224608e-06	-0.0198436
2.226608e-06	-0.02009
2.228608e-06	-0.019936
2.230608e-06	-0.020244
2.232608e-06	-0.0199052
2.234608e-06	-0.02009
2.236608e-06	-0.0202748
2.238608e-06	-0.0204288
2.240608e-06	-0.0203364
2.242608e-06	-0.0201516
2.244608e-06	-0.020244
2.246608e-06	-0.0204288
2.248608e-06	-0.0203672
2.250608e-06	-0.0204288
2.252608e-06	-0.0203672
2.254608e-06	-0.0206136
2.256608e-06	-0.0207368
2.258608e-06	-0.0207368
2.260608e-06	-0.021014
2.262608e-06	-0.0210756
2.264608e-06	-0.0210756
2.266608e-06	-0.0212912
2.268608e-06	-0.0212912
2.270608e-06	-0.021014
2.272608e-06	-0.0208908
2.274608e-06	-0.0208292
2.276608e-06	-0.021168
2.278608e-06	-0.0211988
2.280608e-06	-0.0207984
2.282608e-06	-0.0205828
2.284608e-06	-0.0206444
2.286608e-06	-0.0204904
2.288608e-06	-0.0204288
2.290608e-06	-0.0201208
2.292608e-06	-0.019782
2.294608e-06	-0.0197204
2.296608e-06	-0.0191044
2.298608e-06	-0.019012
2.300608e-06	-0.01855
2.302608e-06	-0.0183036
2.304608e-06	-0.0183344
2.306608e-06	-0.018242
2.308608e-06	-0.0176876
2.310608e-06	-0.0174412
2.312608e-06	-0.0167636
2.314608e-06	-0.016702
2.316608e-06	-0.0163016
2.318608e-06	-0.0163016
2.320608e-06	-0.0161476
2.322608e-06	-0.0158396
2.324608e-06	-0.0158704
2.326608e-06	-0.0155316
2.328608e-06	-0.0153468
2.330608e-06	-0.0153776
2.332608e-06	-0.0153776
2.334608e-06	-0.0153776
2.336608e-06	-0.0153468
2.338608e-06	-0.0154392
2.340608e-06	-0.0153776
2.342608e-06	-0.0154084
2.344608e-06	-0.0155316
2.346608e-06	-0.015316
2.348608e-06	-0.015316
2.350608e-06	-0.0155316
2.352608e-06	-0.015778
2.354608e-06	-0.015932
2.356608e-06	-0.0161168
2.358608e-06	-0.0166096
2.360608e-06	-0.0165788
2.362608e-06	-0.0164864
2.364608e-06	-0.0164248
2.366608e-06	-0.0161476
2.368608e-06	-0.0161476
2.370608e-06	-0.0159628
2.372608e-06	-0.0159936
2.374608e-06	-0.0156856
2.376608e-06	-0.0156856
2.378608e-06	-0.0155316
2.380608e-06	-0.0152236
2.382608e-06	-0.0153468
2.384608e-06	-0.0154084
2.386608e-06	-0.0153776
2.388608e-06	-0.0156548
2.390608e-06	-0.0158704
2.392608e-06	-0.0155008
2.394608e-06	-0.0156548
2.396608e-06	-0.0159628
2.398608e-06	-0.0163016
2.400608e-06	-0.0162708
2.402608e-06	-0.0162708
2.404608e-06	-0.0163324
2.406608e-06	-0.0166712
2.408608e-06	-0.0164556
2.410608e-06	-0.0165788
2.412608e-06	-0.0167944
2.414608e-06	-0.0166096
2.416608e-06	-0.0165788
2.418608e-06	-0.0168252
2.420608e-06	-0.0164248
2.422608e-06	-0.0163016
2.424608e-06	-0.015932
2.426608e-06	-0.015932
2.428608e-06	-0.015932
2.430608e-06	-0.016086
2.432608e-06	-0.0161784
2.434608e-06	-0.0159628
2.436608e-06	-0.0159936
2.438608e-06	-0.0163324
2.440608e-06	-0.0164864
2.442608e-06	-0.0164556
2.444608e-06	-0.0166096
2.446608e-06	-0.0169792
2.448608e-06	-0.0168868
2.450608e-06	-0.01701
2.452608e-06	-0.0166096
2.454608e-06	-0.0163632
2.456608e-06	-0.01624
2.458608e-06	-0.01624
2.460608e-06	-0.0161476
2.462608e-06	-0.0158088
2.464608e-06	-0.0161168
2.466608e-06	-0.016394
2.468608e-06	-0.0164556
2.470608e-06	-0.016856
2.472608e-06	-0.0171332
2.474608e-06	-0.0171948
2.476608e-06	-0.0171024
2.478608e-06	-0.017318
2.480608e-06	-0.0171024
2.482608e-06	-0.017164
2.484608e-06	-0.0175952
2.486608e-06	-0.017472
2.488608e-06	-0.0171948
2.490608e-06	-0.017318
2.492608e-06	-0.0174412
2.494608e-06	-0.0175644
2.496608e-06	-0.0175028
2.498608e-06	-0.0176568
2.500608e-06	-0.0175952
