LECROYHDO6104A	50809	Waveform
Segments	1	SegmentSize	2502
Segment	TrigTime	TimeSinceSegment1
#1	19-Dec-2022 19:45:06	0                 
Time	Ampl
-2.500043e-06	-0.0207616
-2.498043e-06	-0.0205056
-2.496043e-06	-0.0205056
-2.494043e-06	-0.0200704
-2.492043e-06	-0.0198144
-2.490043e-06	-0.0201472
-2.488043e-06	-0.02048
-2.486043e-06	-0.0201472
-2.484043e-06	-0.0203008
-2.482043e-06	-0.0207872
-2.480043e-06	-0.0210432
-2.478043e-06	-0.0212992
-2.476043e-06	-0.0214272
-2.474043e-06	-0.0213248
-2.472043e-06	-0.0212992
-2.470043e-06	-0.0211968
-2.468043e-06	-0.0214016
-2.466043e-06	-0.0217088
-2.464043e-06	-0.021376
-2.462043e-06	-0.0208896
-2.460043e-06	-0.0210688
-2.458043e-06	-0.0209152
-2.456043e-06	-0.0210176
-2.454043e-06	-0.0208128
-2.452043e-06	-0.02112
-2.450043e-06	-0.0210944
-2.448043e-06	-0.0217344
-2.446043e-06	-0.021376
-2.444043e-06	-0.0208896
-2.442043e-06	-0.020864
-2.440043e-06	-0.021248
-2.438043e-06	-0.0213504
-2.436043e-06	-0.0213248
-2.434043e-06	-0.0212224
-2.432043e-06	-0.021376
-2.430043e-06	-0.0213248
-2.428043e-06	-0.0214272
-2.426043e-06	-0.020864
-2.424043e-06	-0.0205312
-2.422043e-06	-0.020352
-2.420043e-06	-0.020224
-2.418043e-06	-0.020224
-2.416043e-06	-0.0196864
-2.414043e-06	-0.0194304
-2.412043e-06	-0.0189184
-2.410043e-06	-0.01856
-2.408043e-06	-0.0180224
-2.406043e-06	-0.01792
-2.404043e-06	-0.0176384
-2.402043e-06	-0.0175616
-2.400043e-06	-0.0175104
-2.398043e-06	-0.017408
-2.396043e-06	-0.0175104
-2.394043e-06	-0.0175872
-2.392043e-06	-0.0175104
-2.390043e-06	-0.0170496
-2.388043e-06	-0.0174336
-2.386043e-06	-0.0175872
-2.384043e-06	-0.0176896
-2.382043e-06	-0.0174592
-2.380043e-06	-0.017536
-2.378043e-06	-0.0176384
-2.376043e-06	-0.0179456
-2.374043e-06	-0.0177152
-2.372043e-06	-0.017792
-2.370043e-06	-0.0178944
-2.368043e-06	-0.0180992
-2.366043e-06	-0.0182016
-2.364043e-06	-0.018304
-2.362043e-06	-0.018176
-2.360043e-06	-0.0185856
-2.358043e-06	-0.0186368
-2.356043e-06	-0.0187648
-2.354043e-06	-0.0187648
-2.352043e-06	-0.018816
-2.350043e-06	-0.0191744
-2.348043e-06	-0.0192256
-2.346043e-06	-0.0193792
-2.344043e-06	-0.0195584
-2.342043e-06	-0.0194304
-2.340043e-06	-0.0195072
-2.338043e-06	-0.0197376
-2.336043e-06	-0.0199424
-2.334043e-06	-0.0198656
-2.332043e-06	-0.0198144
-2.330043e-06	-0.0193536
-2.328043e-06	-0.019456
-2.326043e-06	-0.0195584
-2.324043e-06	-0.0194304
-2.322043e-06	-0.0195328
-2.320043e-06	-0.0192768
-2.318043e-06	-0.0189952
-2.316043e-06	-0.0188416
-2.314043e-06	-0.018432
-2.312043e-06	-0.018688
-2.310043e-06	-0.0185088
-2.308043e-06	-0.0186368
-2.306043e-06	-0.018688
-2.304043e-06	-0.019072
-2.302043e-06	-0.0187648
-2.300043e-06	-0.0191488
-2.298043e-06	-0.0189184
-2.296043e-06	-0.0190464
-2.294043e-06	-0.018944
-2.292043e-06	-0.0191744
-2.290043e-06	-0.0191232
-2.288043e-06	-0.0191744
-2.286043e-06	-0.0192256
-2.284043e-06	-0.0192512
-2.282043e-06	-0.0189952
-2.280043e-06	-0.0190208
-2.278043e-06	-0.0190208
-2.276043e-06	-0.0190208
-2.274043e-06	-0.0189952
-2.272043e-06	-0.0193024
-2.270043e-06	-0.0192512
-2.268043e-06	-0.0195328
-2.266043e-06	-0.0195584
-2.264043e-06	-0.0195584
-2.262043e-06	-0.0195328
-2.260043e-06	-0.0194816
-2.258043e-06	-0.0197376
-2.256043e-06	-0.01984
-2.254043e-06	-0.0197376
-2.252043e-06	-0.0203008
-2.250043e-06	-0.0204288
-2.248043e-06	-0.0208128
-2.246043e-06	-0.0209408
-2.244043e-06	-0.021248
-2.242043e-06	-0.0214784
-2.240043e-06	-0.0216576
-2.238043e-06	-0.0215552
-2.236043e-06	-0.0215552
-2.234043e-06	-0.021632
-2.232043e-06	-0.0219904
-2.230043e-06	-0.0219904
-2.228043e-06	-0.0220672
-2.226043e-06	-0.0220672
-2.224043e-06	-0.0218368
-2.222043e-06	-0.0216832
-2.220043e-06	-0.0216576
-2.218043e-06	-0.021632
-2.216043e-06	-0.0219136
-2.214043e-06	-0.022016
-2.212043e-06	-0.0224256
-2.210043e-06	-0.0223232
-2.208043e-06	-0.022528
-2.206043e-06	-0.0222464
-2.204043e-06	-0.0222464
-2.202043e-06	-0.0220672
-2.200043e-06	-0.0219392
-2.198043e-06	-0.0217856
-2.196043e-06	-0.022016
-2.194043e-06	-0.0219392
-2.192043e-06	-0.0218624
-2.190043e-06	-0.02176
-2.188043e-06	-0.0219648
-2.186043e-06	-0.0220928
-2.184043e-06	-0.0217856
-2.182043e-06	-0.0217344
-2.180043e-06	-0.0219392
-2.178043e-06	-0.0219904
-2.176043e-06	-0.0220672
-2.174043e-06	-0.0219136
-2.172043e-06	-0.0219648
-2.170043e-06	-0.0220928
-2.168043e-06	-0.0224256
-2.166043e-06	-0.0227072
-2.164043e-06	-0.0229888
-2.162043e-06	-0.0230656
-2.160043e-06	-0.02304
-2.158043e-06	-0.0230912
-2.156043e-06	-0.02368
-2.154043e-06	-0.0237056
-2.152043e-06	-0.0237568
-2.150043e-06	-0.0237312
-2.148043e-06	-0.0238592
-2.146043e-06	-0.0237568
-2.144043e-06	-0.0239872
-2.142043e-06	-0.023808
-2.140043e-06	-0.0240384
-2.138043e-06	-0.0238848
-2.136043e-06	-0.0237312
-2.134043e-06	-0.0235264
-2.132043e-06	-0.0236032
-2.130043e-06	-0.023424
-2.128043e-06	-0.0233728
-2.126043e-06	-0.023424
-2.124043e-06	-0.0233984
-2.122043e-06	-0.0233472
-2.120043e-06	-0.023424
-2.118043e-06	-0.0229888
-2.116043e-06	-0.0229888
-2.114043e-06	-0.0227328
-2.112043e-06	-0.0230144
-2.110043e-06	-0.022528
-2.108043e-06	-0.0226048
-2.106043e-06	-0.0227328
-2.104043e-06	-0.0229376
-2.102043e-06	-0.0227072
-2.100043e-06	-0.0226048
-2.098043e-06	-0.0224768
-2.096043e-06	-0.0227584
-2.094043e-06	-0.0228096
-2.092043e-06	-0.0228352
-2.090043e-06	-0.0227584
-2.088043e-06	-0.0225792
-2.086043e-06	-0.0225024
-2.084043e-06	-0.0224512
-2.082043e-06	-0.0223488
-2.080043e-06	-0.0223488
-2.078043e-06	-0.0222976
-2.076043e-06	-0.0225792
-2.074043e-06	-0.0224512
-2.072043e-06	-0.0224768
-2.070043e-06	-0.0229888
-2.068043e-06	-0.0231168
-2.066043e-06	-0.0232448
-2.064043e-06	-0.0232448
-2.062043e-06	-0.022912
-2.060043e-06	-0.0231424
-2.058043e-06	-0.0233472
-2.056043e-06	-0.0235264
-2.054043e-06	-0.0233728
-2.052043e-06	-0.0234752
-2.050043e-06	-0.0232192
-2.048043e-06	-0.0234752
-2.046043e-06	-0.0233472
-2.044043e-06	-0.0237056
-2.042043e-06	-0.0237056
-2.040043e-06	-0.023808
-2.038043e-06	-0.0240128
-2.036043e-06	-0.0241408
-2.034043e-06	-0.0237824
-2.032043e-06	-0.0239104
-2.030043e-06	-0.0240896
-2.028043e-06	-0.0240128
-2.026043e-06	-0.0241152
-2.024043e-06	-0.0241152
-2.022043e-06	-0.0242432
-2.020043e-06	-0.0244224
-2.018043e-06	-0.0244224
-2.016043e-06	-0.0248064
-2.014043e-06	-0.0250368
-2.012043e-06	-0.0252928
-2.010043e-06	-0.0252928
-2.008043e-06	-0.0253696
-2.006043e-06	-0.025344
-2.004043e-06	-0.0253696
-2.002043e-06	-0.0252672
-2.000043e-06	-0.0253696
-1.998043e-06	-0.025344
-1.996043e-06	-0.0252928
-1.994043e-06	-0.0250112
-1.992043e-06	-0.025088
-1.990043e-06	-0.0248832
-1.988043e-06	-0.02496
-1.986043e-06	-0.0246528
-1.984043e-06	-0.024576
-1.982043e-06	-0.0246528
-1.980043e-06	-0.0248576
-1.978043e-06	-0.0248832
-1.976043e-06	-0.0250624
-1.974043e-06	-0.0251904
-1.972043e-06	-0.0250112
-1.970043e-06	-0.024832
-1.968043e-06	-0.0246528
-1.966043e-06	-0.0246528
-1.964043e-06	-0.024576
-1.962043e-06	-0.0246016
-1.960043e-06	-0.0243712
-1.958043e-06	-0.024192
-1.956043e-06	-0.0241408
-1.954043e-06	-0.0237312
-1.952043e-06	-0.0239104
-1.950043e-06	-0.0240128
-1.948043e-06	-0.0241152
-1.946043e-06	-0.0238848
-1.944043e-06	-0.0239616
-1.942043e-06	-0.0239104
-1.940043e-06	-0.0237056
-1.938043e-06	-0.0234752
-1.936043e-06	-0.0234752
-1.934043e-06	-0.0237312
-1.932043e-06	-0.023552
-1.930043e-06	-0.023936
-1.928043e-06	-0.0242176
-1.926043e-06	-0.024064
-1.924043e-06	-0.0237056
-1.922043e-06	-0.023936
-1.920043e-06	-0.0237312
-1.918043e-06	-0.0237568
-1.916043e-06	-0.0238592
-1.914043e-06	-0.0237312
-1.912043e-06	-0.0234496
-1.910043e-06	-0.0234752
-1.908043e-06	-0.0236288
-1.906043e-06	-0.0238336
-1.904043e-06	-0.0240384
-1.902043e-06	-0.0242432
-1.900043e-06	-0.0244224
-1.898043e-06	-0.024704
-1.896043e-06	-0.0246272
-1.894043e-06	-0.0245504
-1.892043e-06	-0.0246016
-1.890043e-06	-0.0246784
-1.888043e-06	-0.024704
-1.886043e-06	-0.0246272
-1.884043e-06	-0.0248576
-1.882043e-06	-0.0246272
-1.880043e-06	-0.024448
-1.878043e-06	-0.0243456
-1.876043e-06	-0.02432
-1.874043e-06	-0.0240128
-1.872043e-06	-0.0234752
-1.870043e-06	-0.0232448
-1.868043e-06	-0.0233984
-1.866043e-06	-0.0231936
-1.864043e-06	-0.0227584
-1.862043e-06	-0.0228352
-1.860043e-06	-0.0228096
-1.858043e-06	-0.022656
-1.856043e-06	-0.0226048
-1.854043e-06	-0.0221696
-1.852043e-06	-0.0218112
-1.850043e-06	-0.0219392
-1.848043e-06	-0.0221952
-1.846043e-06	-0.0219648
-1.844043e-06	-0.0218112
-1.842043e-06	-0.0212736
-1.840043e-06	-0.0210944
-1.838043e-06	-0.0209664
-1.836043e-06	-0.0209664
-1.834043e-06	-0.0209152
-1.832043e-06	-0.0208128
-1.830043e-06	-0.0208896
-1.828043e-06	-0.0209664
-1.826043e-06	-0.0205312
-1.824043e-06	-0.0205312
-1.822043e-06	-0.0202752
-1.820043e-06	-0.020224
-1.818043e-06	-0.0203008
-1.816043e-06	-0.0199424
-1.814043e-06	-0.0198144
-1.812043e-06	-0.0200448
-1.810043e-06	-0.0197376
-1.808043e-06	-0.0196864
-1.806043e-06	-0.019328
-1.804043e-06	-0.0194816
-1.802043e-06	-0.0192512
-1.800043e-06	-0.0192768
-1.798043e-06	-0.0190976
-1.796043e-06	-0.0191232
-1.794043e-06	-0.0187136
-1.792043e-06	-0.01856
-1.790043e-06	-0.0183296
-1.788043e-06	-0.0182272
-1.786043e-06	-0.0180224
-1.784043e-06	-0.0179456
-1.782043e-06	-0.0176896
-1.780043e-06	-0.0176384
-1.778043e-06	-0.017792
-1.776043e-06	-0.0175616
-1.774043e-06	-0.0172544
-1.772043e-06	-0.017408
-1.770043e-06	-0.0178688
-1.768043e-06	-0.0183552
-1.766043e-06	-0.0180992
-1.764043e-06	-0.0179968
-1.762043e-06	-0.0178432
-1.760043e-06	-0.0177664
-1.758043e-06	-0.0180224
-1.756043e-06	-0.018048
-1.754043e-06	-0.0180736
-1.752043e-06	-0.018176
-1.750043e-06	-0.0181248
-1.748043e-06	-0.0183296
-1.746043e-06	-0.0184576
-1.744043e-06	-0.0187136
-1.742043e-06	-0.0186624
-1.740043e-06	-0.0188416
-1.738043e-06	-0.0189184
-1.736043e-06	-0.0192512
-1.734043e-06	-0.0192
-1.732043e-06	-0.0191488
-1.730043e-06	-0.018944
-1.728043e-06	-0.0188928
-1.726043e-06	-0.0187136
-1.724043e-06	-0.0187392
-1.722043e-06	-0.0188416
-1.720043e-06	-0.018944
-1.718043e-06	-0.0192768
-1.716043e-06	-0.0192512
-1.714043e-06	-0.0191232
-1.712043e-06	-0.0192256
-1.710043e-06	-0.0190208
-1.708043e-06	-0.018816
-1.706043e-06	-0.0187136
-1.704043e-06	-0.0189952
-1.702043e-06	-0.0188928
-1.700043e-06	-0.0188416
-1.698043e-06	-0.0187904
-1.696043e-06	-0.0188928
-1.694043e-06	-0.0189184
-1.692043e-06	-0.0190208
-1.690043e-06	-0.019328
-1.688043e-06	-0.019584
-1.686043e-06	-0.0192256
-1.684043e-06	-0.0193536
-1.682043e-06	-0.0194048
-1.680043e-06	-0.0191744
-1.678043e-06	-0.0191744
-1.676043e-06	-0.0192
-1.674043e-06	-0.0192256
-1.672043e-06	-0.0189696
-1.670043e-06	-0.0187648
-1.668043e-06	-0.0185088
-1.666043e-06	-0.018688
-1.664043e-06	-0.0190464
-1.662043e-06	-0.0190464
-1.660043e-06	-0.0192
-1.658043e-06	-0.0193024
-1.656043e-06	-0.0193536
-1.654043e-06	-0.0193024
-1.652043e-06	-0.019584
-1.650043e-06	-0.01984
-1.648043e-06	-0.0204032
-1.646043e-06	-0.0199168
-1.644043e-06	-0.0197888
-1.642043e-06	-0.0201728
-1.640043e-06	-0.0203264
-1.638043e-06	-0.0205056
-1.636043e-06	-0.0207104
-1.634043e-06	-0.0208384
-1.632043e-06	-0.0210432
-1.630043e-06	-0.0208896
-1.628043e-06	-0.0209152
-1.626043e-06	-0.0209664
-1.624043e-06	-0.0210944
-1.622043e-06	-0.0208384
-1.620043e-06	-0.0207616
-1.618043e-06	-0.020864
-1.616043e-06	-0.0208128
-1.614043e-06	-0.0206336
-1.612043e-06	-0.0210944
-1.610043e-06	-0.0212992
-1.608043e-06	-0.0212224
-1.606043e-06	-0.0212736
-1.604043e-06	-0.0213248
-1.602043e-06	-0.02176
-1.600043e-06	-0.0217856
-1.598043e-06	-0.0218624
-1.596043e-06	-0.022016
-1.594043e-06	-0.0218368
-1.592043e-06	-0.0215552
-1.590043e-06	-0.0215296
-1.588043e-06	-0.021632
-1.586043e-06	-0.0216064
-1.584043e-06	-0.02176
-1.582043e-06	-0.021888
-1.580043e-06	-0.0219648
-1.578043e-06	-0.0219648
-1.576043e-06	-0.0218368
-1.574043e-06	-0.0219136
-1.572043e-06	-0.0220672
-1.570043e-06	-0.022144
-1.568043e-06	-0.0224512
-1.566043e-06	-0.022272
-1.564043e-06	-0.0227584
-1.562043e-06	-0.0228608
-1.560043e-06	-0.0233984
-1.558043e-06	-0.023424
-1.556043e-06	-0.0237568
-1.554043e-06	-0.0236032
-1.552043e-06	-0.0236544
-1.550043e-06	-0.0237312
-1.548043e-06	-0.0236544
-1.546043e-06	-0.023552
-1.544043e-06	-0.0237312
-1.542043e-06	-0.0234752
-1.540043e-06	-0.02368
-1.538043e-06	-0.0235008
-1.536043e-06	-0.0235008
-1.534043e-06	-0.0231936
-1.532043e-06	-0.023296
-1.530043e-06	-0.0227584
-1.528043e-06	-0.0226816
-1.526043e-06	-0.0224
-1.524043e-06	-0.0225792
-1.522043e-06	-0.0224512
-1.520043e-06	-0.0225024
-1.518043e-06	-0.022656
-1.516043e-06	-0.0227584
-1.514043e-06	-0.0225024
-1.512043e-06	-0.0226816
-1.510043e-06	-0.0224512
-1.508043e-06	-0.0229632
-1.506043e-06	-0.0227328
-1.504043e-06	-0.0223744
-1.502043e-06	-0.0227584
-1.500043e-06	-0.022912
-1.498043e-06	-0.0227584
-1.496043e-06	-0.0228608
-1.494043e-06	-0.0222464
-1.492043e-06	-0.022144
-1.490043e-06	-0.0217088
-1.488043e-06	-0.0216064
-1.486043e-06	-0.0213248
-1.484043e-06	-0.0214528
-1.482043e-06	-0.0214528
-1.480043e-06	-0.0214016
-1.478043e-06	-0.0209664
-1.476043e-06	-0.0208896
-1.474043e-06	-0.0205056
-1.472043e-06	-0.0205312
-1.470043e-06	-0.0203264
-1.468043e-06	-0.0201216
-1.466043e-06	-0.0198656
-1.464043e-06	-0.0197632
-1.462043e-06	-0.0195072
-1.460043e-06	-0.019712
-1.458043e-06	-0.01984
-1.456043e-06	-0.0196608
-1.454043e-06	-0.019456
-1.452043e-06	-0.0192
-1.450043e-06	-0.0192512
-1.448043e-06	-0.018944
-1.446043e-06	-0.0187904
-1.444043e-06	-0.0188416
-1.442043e-06	-0.0187904
-1.440043e-06	-0.0188416
-1.438043e-06	-0.0189952
-1.436043e-06	-0.0188928
-1.434043e-06	-0.0192512
-1.432043e-06	-0.0195072
-1.430043e-06	-0.0194048
-1.428043e-06	-0.0197888
-1.426043e-06	-0.0198144
-1.424043e-06	-0.0195328
-1.422043e-06	-0.0196096
-1.420043e-06	-0.0195328
-1.418043e-06	-0.0195328
-1.416043e-06	-0.019456
-1.414043e-06	-0.0193024
-1.412043e-06	-0.0192768
-1.410043e-06	-0.0190976
-1.408043e-06	-0.0192
-1.406043e-06	-0.0188672
-1.404043e-06	-0.0192512
-1.402043e-06	-0.019328
-1.400043e-06	-0.019456
-1.398043e-06	-0.0192768
-1.396043e-06	-0.0195584
-1.394043e-06	-0.0195584
-1.392043e-06	-0.0198912
-1.390043e-06	-0.0202752
-1.388043e-06	-0.0204288
-1.386043e-06	-0.020224
-1.384043e-06	-0.0206336
-1.382043e-06	-0.020864
-1.380043e-06	-0.0209408
-1.378043e-06	-0.0210944
-1.376043e-06	-0.0209408
-1.374043e-06	-0.0207616
-1.372043e-06	-0.0210176
-1.370043e-06	-0.0208896
-1.368043e-06	-0.0210176
-1.366043e-06	-0.0207872
-1.364043e-06	-0.0210944
-1.362043e-06	-0.0209152
-1.360043e-06	-0.0210432
-1.358043e-06	-0.0209408
-1.356043e-06	-0.0213248
-1.354043e-06	-0.0212224
-1.352043e-06	-0.0212224
-1.350043e-06	-0.0210176
-1.348043e-06	-0.0210944
-1.346043e-06	-0.0209664
-1.344043e-06	-0.0210944
-1.342043e-06	-0.020992
-1.340043e-06	-0.0211712
-1.338043e-06	-0.0212736
-1.336043e-06	-0.0216064
-1.334043e-06	-0.0212736
-1.332043e-06	-0.0213248
-1.330043e-06	-0.0209664
-1.328043e-06	-0.020992
-1.326043e-06	-0.0209152
-1.324043e-06	-0.020864
-1.322043e-06	-0.0208128
-1.320043e-06	-0.02112
-1.318043e-06	-0.0209152
-1.316043e-06	-0.0208384
-1.314043e-06	-0.0206336
-1.312043e-06	-0.020224
-1.310043e-06	-0.0199168
-1.308043e-06	-0.0197632
-1.306043e-06	-0.0196608
-1.304043e-06	-0.0197376
-1.302043e-06	-0.019584
-1.300043e-06	-0.019456
-1.298043e-06	-0.0196608
-1.296043e-06	-0.019712
-1.294043e-06	-0.019456
-1.292043e-06	-0.0194304
-1.290043e-06	-0.0192256
-1.288043e-06	-0.019328
-1.286043e-06	-0.0192256
-1.284043e-06	-0.0195072
-1.282043e-06	-0.0193024
-1.280043e-06	-0.0193536
-1.278043e-06	-0.0193024
-1.276043e-06	-0.0193792
-1.274043e-06	-0.019328
-1.272043e-06	-0.0193024
-1.270043e-06	-0.0194048
-1.268043e-06	-0.0194048
-1.266043e-06	-0.019456
-1.264043e-06	-0.0193792
-1.262043e-06	-0.019456
-1.260043e-06	-0.0196096
-1.258043e-06	-0.0195584
-1.256043e-06	-0.0196608
-1.254043e-06	-0.019712
-1.252043e-06	-0.0199936
-1.250043e-06	-0.0200704
-1.248043e-06	-0.0199424
-1.246043e-06	-0.0196608
-1.244043e-06	-0.0196864
-1.242043e-06	-0.0198656
-1.240043e-06	-0.0202496
-1.238043e-06	-0.0201472
-1.236043e-06	-0.0200448
-1.234043e-06	-0.020096
-1.232043e-06	-0.020096
-1.230043e-06	-0.0199936
-1.228043e-06	-0.020096
-1.226043e-06	-0.0198912
-1.224043e-06	-0.0202752
-1.222043e-06	-0.020224
-1.220043e-06	-0.020224
-1.218043e-06	-0.0202752
-1.216043e-06	-0.0201216
-1.214043e-06	-0.0200448
-1.212043e-06	-0.0206336
-1.210043e-06	-0.020864
-1.208043e-06	-0.0209408
-1.206043e-06	-0.0208128
-1.204043e-06	-0.020864
-1.202043e-06	-0.0208128
-1.200043e-06	-0.0208128
-1.198043e-06	-0.0209152
-1.196043e-06	-0.0209664
-1.194043e-06	-0.0208128
-1.192043e-06	-0.0207872
-1.190043e-06	-0.0207616
-1.188043e-06	-0.020864
-1.186043e-06	-0.0205824
-1.184043e-06	-0.0208384
-1.182043e-06	-0.0208128
-1.180043e-06	-0.0205824
-1.178043e-06	-0.0205568
-1.176043e-06	-0.0204544
-1.174043e-06	-0.0204544
-1.172043e-06	-0.0204032
-1.170043e-06	-0.0201472
-1.168043e-06	-0.0202752
-1.166043e-06	-0.0203264
-1.164043e-06	-0.0204288
-1.162043e-06	-0.020352
-1.160043e-06	-0.0202752
-1.158043e-06	-0.020096
-1.156043e-06	-0.0200448
-1.154043e-06	-0.01984
-1.152043e-06	-0.019712
-1.150043e-06	-0.0194304
-1.148043e-06	-0.0192
-1.146043e-06	-0.0191232
-1.144043e-06	-0.0190208
-1.142043e-06	-0.0190208
-1.140043e-06	-0.0192
-1.138043e-06	-0.019072
-1.136043e-06	-0.0191744
-1.134043e-06	-0.0190464
-1.132043e-06	-0.018944
-1.130043e-06	-0.0187392
-1.128043e-06	-0.0187648
-1.126043e-06	-0.01856
-1.124043e-06	-0.018816
-1.122043e-06	-0.0188416
-1.120043e-06	-0.0187136
-1.118043e-06	-0.0183296
-1.116043e-06	-0.0184832
-1.114043e-06	-0.0185088
-1.112043e-06	-0.0183808
-1.110043e-06	-0.018176
-1.108043e-06	-0.0182528
-1.106043e-06	-0.0183808
-1.104043e-06	-0.0183552
-1.102043e-06	-0.0182016
-1.100043e-06	-0.0185344
-1.098043e-06	-0.018432
-1.096043e-06	-0.0185344
-1.094043e-06	-0.0182528
-1.092043e-06	-0.0185088
-1.090043e-06	-0.0185088
-1.088043e-06	-0.0184576
-1.086043e-06	-0.018304
-1.084043e-06	-0.0180992
-1.082043e-06	-0.0180992
-1.080043e-06	-0.018304
-1.078043e-06	-0.018176
-1.076043e-06	-0.0183552
-1.074043e-06	-0.018304
-1.072043e-06	-0.018816
-1.070043e-06	-0.0186368
-1.068043e-06	-0.0191232
-1.066043e-06	-0.0194048
-1.064043e-06	-0.0196608
-1.062043e-06	-0.0195584
-1.060043e-06	-0.01984
-1.058043e-06	-0.0198656
-1.056043e-06	-0.0201216
-1.054043e-06	-0.020096
-1.052043e-06	-0.0201472
-1.050043e-06	-0.0199168
-1.048043e-06	-0.0198656
-1.046043e-06	-0.01984
-1.044043e-06	-0.01984
-1.042043e-06	-0.0197376
-1.040043e-06	-0.0195072
-1.038043e-06	-0.0190464
-1.036043e-06	-0.0189952
-1.034043e-06	-0.0188928
-1.032043e-06	-0.0192256
-1.030043e-06	-0.0192512
-1.028043e-06	-0.019456
-1.026043e-06	-0.019584
-1.024043e-06	-0.0196608
-1.022043e-06	-0.0193792
-1.020043e-06	-0.0192768
-1.018043e-06	-0.0191744
-1.016043e-06	-0.0191488
-1.014043e-06	-0.0190464
-1.012043e-06	-0.0192
-1.010043e-06	-0.0189696
-1.008043e-06	-0.0192768
-1.006043e-06	-0.0189696
-1.004043e-06	-0.0190464
-1.002043e-06	-0.018688
-1.000043e-06	-0.018432
-9.98043e-07	-0.0179456
-9.96043e-07	-0.0183296
-9.94043e-07	-0.0182016
-9.92043e-07	-0.0183552
-9.90043e-07	-0.0181504
-9.88043e-07	-0.0180992
-9.86043e-07	-0.0185856
-9.84043e-07	-0.0185344
-9.82043e-07	-0.0182784
-9.80043e-07	-0.0181504
-9.78043e-07	-0.0180992
-9.76043e-07	-0.017792
-9.74043e-07	-0.0180736
-9.72043e-07	-0.0184832
-9.70043e-07	-0.0186112
-9.68043e-07	-0.0186112
-9.66043e-07	-0.0183296
-9.64043e-07	-0.0185344
-9.62043e-07	-0.0187136
-9.60043e-07	-0.0189952
-9.58043e-07	-0.0187648
-9.56043e-07	-0.0186624
-9.54043e-07	-0.019072
-9.52043e-07	-0.0196096
-9.50043e-07	-0.0196096
-9.48043e-07	-0.0192512
-9.46043e-07	-0.0190464
-9.44043e-07	-0.0194304
-9.42043e-07	-0.0191744
-9.40043e-07	-0.0192768
-9.38043e-07	-0.0187904
-9.36043e-07	-0.0193024
-9.34043e-07	-0.0193024
-9.32043e-07	-0.0196608
-9.30043e-07	-0.0194816
-9.28043e-07	-0.0197888
-9.26043e-07	-0.0194816
-9.24043e-07	-0.0195584
-9.22043e-07	-0.0194304
-9.20043e-07	-0.0200192
-9.18043e-07	-0.0203008
-9.16043e-07	-0.020224
-9.14043e-07	-0.0197888
-9.12043e-07	-0.0200448
-9.10043e-07	-0.0201728
-9.08043e-07	-0.0204032
-9.06043e-07	-0.0204544
-9.04043e-07	-0.0203264
-9.02043e-07	-0.0201984
-9.00043e-07	-0.020608
-8.98043e-07	-0.0209408
-8.96043e-07	-0.0210176
-8.94043e-07	-0.020992
-8.92043e-07	-0.02112
-8.90043e-07	-0.0212992
-8.88043e-07	-0.0213504
-8.86043e-07	-0.021248
-8.84043e-07	-0.021248
-8.82043e-07	-0.0211456
-8.80043e-07	-0.0214272
-8.78043e-07	-0.0214784
-8.76043e-07	-0.0217088
-8.74043e-07	-0.0217088
-8.72043e-07	-0.0218112
-8.70043e-07	-0.0214016
-8.68043e-07	-0.0218368
-8.66043e-07	-0.021632
-8.64043e-07	-0.0217344
-8.62043e-07	-0.021888
-8.60043e-07	-0.0222208
-8.58043e-07	-0.0221952
-8.56043e-07	-0.0221952
-8.54043e-07	-0.0222464
-8.52043e-07	-0.0221952
-8.50043e-07	-0.0221952
-8.48043e-07	-0.0221696
-8.46043e-07	-0.0221696
-8.44043e-07	-0.0224
-8.42043e-07	-0.0223488
-8.40043e-07	-0.0225536
-8.38043e-07	-0.0223488
-8.36043e-07	-0.0220416
-8.34043e-07	-0.0217856
-8.32043e-07	-0.0217344
-8.30043e-07	-0.0215808
-8.28043e-07	-0.0218112
-8.26043e-07	-0.02176
-8.24043e-07	-0.0216064
-8.22043e-07	-0.021376
-8.20043e-07	-0.0216576
-8.18043e-07	-0.0217088
-8.16043e-07	-0.022016
-8.14043e-07	-0.0216576
-8.12043e-07	-0.0214016
-8.10043e-07	-0.021504
-8.08043e-07	-0.0217344
-8.06043e-07	-0.0214784
-8.04043e-07	-0.0218368
-8.02043e-07	-0.0220416
-8.00043e-07	-0.0216832
-7.98043e-07	-0.0214016
-7.96043e-07	-0.0214016
-7.94043e-07	-0.0210432
-7.92043e-07	-0.0213248
-7.90043e-07	-0.0211968
-7.88043e-07	-0.0213248
-7.86043e-07	-0.020736
-7.84043e-07	-0.0204032
-7.82043e-07	-0.020352
-7.80043e-07	-0.0203008
-7.78043e-07	-0.0199424
-7.76043e-07	-0.020096
-7.74043e-07	-0.0200704
-7.72043e-07	-0.0200192
-7.70043e-07	-0.0202752
-7.68043e-07	-0.0203776
-7.66043e-07	-0.0201984
-7.64043e-07	-0.0204032
-7.62043e-07	-0.0204032
-7.60043e-07	-0.0202752
-7.58043e-07	-0.0201216
-7.56043e-07	-0.0202752
-7.54043e-07	-0.020224
-7.52043e-07	-0.020096
-7.50043e-07	-0.0198912
-7.48043e-07	-0.0199168
-7.46043e-07	-0.0197376
-7.44043e-07	-0.0199936
-7.42043e-07	-0.0201472
-7.40043e-07	-0.0202752
-7.38043e-07	-0.020224
-7.36043e-07	-0.0205824
-7.34043e-07	-0.0206336
-7.32043e-07	-0.020992
-7.30043e-07	-0.0207872
-7.28043e-07	-0.0208896
-7.26043e-07	-0.0204544
-7.24043e-07	-0.020736
-7.22043e-07	-0.0206336
-7.20043e-07	-0.0206848
-7.18043e-07	-0.020352
-7.16043e-07	-0.0203776
-7.14043e-07	-0.0202752
-7.12043e-07	-0.0200704
-7.10043e-07	-0.019968
-7.08043e-07	-0.0196864
-7.06043e-07	-0.019328
-7.04043e-07	-0.0192256
-7.02043e-07	-0.0190976
-7.00043e-07	-0.019712
-6.98043e-07	-0.0198912
-6.96043e-07	-0.0200448
-6.94043e-07	-0.0199424
-6.92043e-07	-0.0201216
-6.90043e-07	-0.0205312
-6.88043e-07	-0.0205056
-6.86043e-07	-0.0199424
-6.84043e-07	-0.0198144
-6.82043e-07	-0.0198656
-6.80043e-07	-0.0201472
-6.78043e-07	-0.020224
-6.76043e-07	-0.0200704
-6.74043e-07	-0.0198144
-6.72043e-07	-0.0201216
-6.70043e-07	-0.01984
-6.68043e-07	-0.0201728
-6.66043e-07	-0.0204544
-6.64043e-07	-0.0205824
-6.62043e-07	-0.0202752
-6.60043e-07	-0.0204032
-6.58043e-07	-0.0206336
-6.56043e-07	-0.0207616
-6.54043e-07	-0.0207104
-6.52043e-07	-0.0208896
-6.50043e-07	-0.0208896
-6.48043e-07	-0.020992
-6.46043e-07	-0.020864
-6.44043e-07	-0.0203776
-6.42043e-07	-0.0205312
-6.40043e-07	-0.020992
-6.38043e-07	-0.0210688
-6.36043e-07	-0.021376
-6.34043e-07	-0.0214016
-6.32043e-07	-0.0218112
-6.30043e-07	-0.0219648
-6.28043e-07	-0.0223232
-6.26043e-07	-0.022272
-6.24043e-07	-0.0221184
-6.22043e-07	-0.0220672
-6.20043e-07	-0.022016
-6.18043e-07	-0.0219136
-6.16043e-07	-0.0219904
-6.14043e-07	-0.0219136
-6.12043e-07	-0.0221952
-6.10043e-07	-0.0218368
-6.08043e-07	-0.0216064
-6.06043e-07	-0.0216064
-6.04043e-07	-0.0219392
-6.02043e-07	-0.0219392
-6.00043e-07	-0.0220928
-5.98043e-07	-0.0214016
-5.96043e-07	-0.0215296
-5.94043e-07	-0.0218112
-5.92043e-07	-0.0218368
-5.90043e-07	-0.021248
-5.88043e-07	-0.0212736
-5.86043e-07	-0.0213504
-5.84043e-07	-0.0214272
-5.82043e-07	-0.0210944
-5.80043e-07	-0.0212736
-5.78043e-07	-0.0213248
-5.76043e-07	-0.0213248
-5.74043e-07	-0.0212224
-5.72043e-07	-0.0209664
-5.70043e-07	-0.0205568
-5.68043e-07	-0.0207104
-5.66043e-07	-0.0206592
-5.64043e-07	-0.0207872
-5.62043e-07	-0.0210688
-5.60043e-07	-0.0209408
-5.58043e-07	-0.02048
-5.56043e-07	-0.0206336
-5.54043e-07	-0.0202752
-5.52043e-07	-0.0204032
-5.50043e-07	-0.0201984
-5.48043e-07	-0.0199424
-5.46043e-07	-0.0199936
-5.44043e-07	-0.0203264
-5.42043e-07	-0.0204032
-5.40043e-07	-0.020352
-5.38043e-07	-0.01984
-5.36043e-07	-0.019712
-5.34043e-07	-0.0195328
-5.32043e-07	-0.019584
-5.30043e-07	-0.0196608
-5.28043e-07	-0.0194816
-5.26043e-07	-0.0193024
-5.24043e-07	-0.0192512
-5.22043e-07	-0.0189952
-5.20043e-07	-0.0192768
-5.18043e-07	-0.0189696
-5.16043e-07	-0.0186112
-5.14043e-07	-0.0186624
-5.12043e-07	-0.0188672
-5.10043e-07	-0.0187648
-5.08043e-07	-0.0184832
-5.06043e-07	-0.0183808
-5.04043e-07	-0.0183552
-5.02043e-07	-0.01792
-5.00043e-07	-0.0179712
-4.98043e-07	-0.0178176
-4.96043e-07	-0.0175872
-4.94043e-07	-0.0175616
-4.92043e-07	-0.0175616
-4.90043e-07	-0.017536
-4.88043e-07	-0.0176896
-4.86043e-07	-0.017408
-4.84043e-07	-0.0174848
-4.82043e-07	-0.0173824
-4.80043e-07	-0.0173056
-4.78043e-07	-0.0173568
-4.76043e-07	-0.017792
-4.74043e-07	-0.0179712
-4.72043e-07	-0.0182272
-4.70043e-07	-0.0181504
-4.68043e-07	-0.0182784
-4.66043e-07	-0.0182016
-4.64043e-07	-0.018304
-4.62043e-07	-0.0178944
-4.60043e-07	-0.0182272
-4.58043e-07	-0.018304
-4.56043e-07	-0.0187648
-4.54043e-07	-0.0184576
-4.52043e-07	-0.0184832
-4.50043e-07	-0.0184576
-4.48043e-07	-0.018432
-4.46043e-07	-0.0182784
-4.44043e-07	-0.0180224
-4.42043e-07	-0.0179968
-4.40043e-07	-0.017792
-4.38043e-07	-0.0174592
-4.36043e-07	-0.017664
-4.34043e-07	-0.0176384
-4.32043e-07	-0.0176384
-4.30043e-07	-0.0173056
-4.28043e-07	-0.0172032
-4.26043e-07	-0.0173312
-4.24043e-07	-0.0173824
-4.22043e-07	-0.0175104
-4.20043e-07	-0.0178432
-4.18043e-07	-0.0175616
-4.16043e-07	-0.0174592
-4.14043e-07	-0.0174592
-4.12043e-07	-0.0176128
-4.10043e-07	-0.017536
-4.08043e-07	-0.0176128
-4.06043e-07	-0.0175616
-4.04043e-07	-0.0175616
-4.02043e-07	-0.0174336
-4.00043e-07	-0.0173568
-3.98043e-07	-0.0173056
-3.96043e-07	-0.0173824
-3.94043e-07	-0.0171776
-3.92043e-07	-0.0175872
-3.90043e-07	-0.0176384
-3.88043e-07	-0.0178432
-3.86043e-07	-0.0177408
-3.84043e-07	-0.0182528
-3.82043e-07	-0.0181248
-3.80043e-07	-0.018432
-3.78043e-07	-0.0186112
-3.76043e-07	-0.0187136
-3.74043e-07	-0.01856
-3.72043e-07	-0.0188672
-3.70043e-07	-0.0188416
-3.68043e-07	-0.018944
-3.66043e-07	-0.0190464
-3.64043e-07	-0.0192512
-3.62043e-07	-0.0194048
-3.60043e-07	-0.0195072
-3.58043e-07	-0.0196608
-3.56043e-07	-0.0196352
-3.54043e-07	-0.019712
-3.52043e-07	-0.0199424
-3.50043e-07	-0.0196096
-3.48043e-07	-0.020096
-3.46043e-07	-0.0203008
-3.44043e-07	-0.0205056
-3.42043e-07	-0.0204288
-3.40043e-07	-0.0207104
-3.38043e-07	-0.0209152
-3.36043e-07	-0.020736
-3.34043e-07	-0.020736
-3.32043e-07	-0.0205824
-3.30043e-07	-0.0203264
-3.28043e-07	-0.020608
-3.26043e-07	-0.0207872
-3.24043e-07	-0.0205568
-3.22043e-07	-0.0205056
-3.20043e-07	-0.0205824
-3.18043e-07	-0.0205824
-3.16043e-07	-0.0204288
-3.14043e-07	-0.02048
-3.12043e-07	-0.0205568
-3.10043e-07	-0.0205568
-3.08043e-07	-0.020096
-3.06043e-07	-0.0205312
-3.04043e-07	-0.0206848
-3.02043e-07	-0.0204032
-3.00043e-07	-0.0204544
-2.98043e-07	-0.0203264
-2.96043e-07	-0.0202496
-2.94043e-07	-0.0201728
-2.92043e-07	-0.0205056
-2.90043e-07	-0.0201984
-2.88043e-07	-0.020224
-2.86043e-07	-0.0200448
-2.84043e-07	-0.0202752
-2.82043e-07	-0.020352
-2.80043e-07	-0.0204032
-2.78043e-07	-0.020352
-2.76043e-07	-0.0208384
-2.74043e-07	-0.0207104
-2.72043e-07	-0.0207616
-2.70043e-07	-0.0203776
-2.68043e-07	-0.02048
-2.66043e-07	-0.0209152
-2.64043e-07	-0.0209408
-2.62043e-07	-0.0207616
-2.60043e-07	-0.0206848
-2.58043e-07	-0.0205568
-2.56043e-07	-0.020608
-2.54043e-07	-0.0207104
-2.52043e-07	-0.0209664
-2.50043e-07	-0.0208384
-2.48043e-07	-0.02112
-2.46043e-07	-0.0208128
-2.44043e-07	-0.0208128
-2.42043e-07	-0.0207104
-2.40043e-07	-0.0209152
-2.38043e-07	-0.0209664
-2.36043e-07	-0.0213504
-2.34043e-07	-0.0209408
-2.32043e-07	-0.0210688
-2.30043e-07	-0.0206848
-2.28043e-07	-0.0207616
-2.26043e-07	-0.020864
-2.24043e-07	-0.0208384
-2.22043e-07	-0.0208384
-2.20043e-07	-0.02112
-2.18043e-07	-0.0208128
-2.16043e-07	-0.0207872
-2.14043e-07	-0.0200448
-2.12043e-07	-0.0193792
-2.10043e-07	-0.019584
-2.08043e-07	-0.0192512
-2.06043e-07	-0.0194816
-2.04043e-07	-0.0195584
-2.02043e-07	-0.0196352
-2.00043e-07	-0.0197376
-1.98043e-07	-0.0197888
-1.96043e-07	-0.019968
-1.94043e-07	-0.0201216
-1.92043e-07	-0.0196096
-1.90043e-07	-0.019584
-1.88043e-07	-0.0193536
-1.86043e-07	-0.0196352
-1.84043e-07	-0.0196608
-1.82043e-07	-0.0194304
-1.80043e-07	-0.0195584
-1.78043e-07	-0.0198144
-1.76043e-07	-0.0200192
-1.74043e-07	-0.0198144
-1.72043e-07	-0.0201216
-1.70043e-07	-0.0198912
-1.68043e-07	-0.0198912
-1.66043e-07	-0.0199168
-1.64043e-07	-0.0197376
-1.62043e-07	-0.0194304
-1.60043e-07	-0.0195328
-1.58043e-07	-0.0196864
-1.56043e-07	-0.0200192
-1.54043e-07	-0.0199424
-1.52043e-07	-0.0201728
-1.50043e-07	-0.0196864
-1.48043e-07	-0.0197888
-1.46043e-07	-0.0194816
-1.44043e-07	-0.0196096
-1.42043e-07	-0.019456
-1.40043e-07	-0.0194816
-1.38043e-07	-0.0196096
-1.36043e-07	-0.019328
-1.34043e-07	-0.0188928
-1.32043e-07	-0.0187392
-1.30043e-07	-0.0187136
-1.28043e-07	-0.0186112
-1.26043e-07	-0.0186368
-1.24043e-07	-0.0187136
-1.22043e-07	-0.0188672
-1.20043e-07	-0.0190976
-1.18043e-07	-0.019072
-1.16043e-07	-0.0187392
-1.14043e-07	-0.0182784
-1.12043e-07	-0.0183808
-1.10043e-07	-0.0183808
-1.08043e-07	-0.0183296
-1.06043e-07	-0.0181504
-1.04043e-07	-0.0182784
-1.02043e-07	-0.018176
-1.00043e-07	-0.0182784
-9.804296e-08	-0.0182272
-9.604296e-08	-0.0184064
-9.404296e-08	-0.0180992
-9.204296e-08	-0.018048
-9.004296e-08	-0.0179456
-8.804296e-08	-0.0182272
-8.604296e-08	-0.0181504
-8.404296e-08	-0.0182784
-8.204296e-08	-0.0184064
-8.004296e-08	-0.0187648
-7.804296e-08	-0.018816
-7.604296e-08	-0.0189184
-7.404296e-08	-0.0189952
-7.204296e-08	-0.0193536
-7.004296e-08	-0.0191232
-6.804296e-08	-0.0187648
-6.604296e-08	-0.0187136
-6.404296e-08	-0.0190208
-6.204296e-08	-0.0191744
-6.004296e-08	-0.019328
-5.804296e-08	-0.0192512
-5.604296e-08	-0.018944
-5.404296e-08	-0.018816
-5.204296e-08	-0.0188416
-5.004296e-08	-0.0187136
-4.804296e-08	-0.0186368
-4.604296e-08	-0.0186368
-4.404296e-08	-0.0184064
-4.204296e-08	-0.0182272
-4.004296e-08	-0.0182272
-3.804296e-08	-0.0179712
-3.604296e-08	-0.0178944
-3.404296e-08	-0.0174336
-3.204296e-08	-0.0171264
-3.004296e-08	-0.0168448
-2.804296e-08	-0.0168704
-2.604296e-08	-0.0168704
-2.404296e-08	-0.0168448
-2.204296e-08	-0.017024
-2.004296e-08	-0.0168704
-1.804296e-08	-0.0166144
-1.604296e-08	-0.0167424
-1.404296e-08	-0.0165376
-1.204296e-08	-0.0166912
-1.004296e-08	-0.0169216
-8.042965e-09	-0.0168448
-6.042965e-09	-0.0168192
-4.042965e-09	-0.0168192
-2.042965e-09	-0.0168192
-4.296454e-11	-0.0171008
1.957035e-09	-0.0172032
3.957035e-09	-0.0176128
5.957035e-09	-0.01792
7.957035e-09	-0.0178944
9.957035e-09	-0.0179712
1.195704e-08	-0.018048
1.395704e-08	-0.018432
1.595704e-08	-0.0184576
1.795704e-08	-0.0184064
1.995704e-08	-0.0186624
2.195704e-08	-0.0188928
2.395704e-08	-0.0190976
2.595704e-08	-0.0190208
2.795704e-08	-0.0192256
2.995704e-08	-0.0190976
3.195704e-08	-0.0194816
3.395704e-08	-0.0192512
3.595704e-08	-0.0193792
3.795704e-08	-0.0195328
3.995704e-08	-0.0196864
4.195704e-08	-0.0196864
4.395704e-08	-0.0194304
4.595704e-08	-0.0198912
4.795704e-08	-0.0201216
4.995704e-08	-0.0198656
5.195704e-08	-0.019712
5.395704e-08	-0.0196608
5.595704e-08	-0.0200192
5.795704e-08	-0.0200448
5.995704e-08	-0.0199936
6.195704e-08	-0.0200192
6.395704e-08	-0.0204288
6.595704e-08	-0.02048
6.795704e-08	-0.0200448
6.995704e-08	-0.0201728
7.195704e-08	-0.0201472
7.395704e-08	-0.0203008
7.595704e-08	-0.0207104
7.795704e-08	-0.0204288
7.995704e-08	-0.0205312
8.195704e-08	-0.0205056
8.395704e-08	-0.0206592
8.595704e-08	-0.0204032
8.795704e-08	-0.0199168
8.995704e-08	-0.0198912
9.195704e-08	-0.0196608
9.395704e-08	-0.0195072
9.595704e-08	-0.0192
9.795704e-08	-0.0187904
9.995704e-08	-0.0189696
1.01957e-07	-0.0190208
1.03957e-07	-0.0190208
1.05957e-07	-0.0189184
1.07957e-07	-0.0185856
1.09957e-07	-0.0187392
1.11957e-07	-0.0187136
1.13957e-07	-0.0184064
1.15957e-07	-0.01856
1.17957e-07	-0.0186368
1.19957e-07	-0.0186624
1.21957e-07	-0.0185088
1.23957e-07	-0.0187904
1.25957e-07	-0.0188672
1.27957e-07	-0.0184832
1.29957e-07	-0.0181504
1.31957e-07	-0.018176
1.33957e-07	-0.0179712
1.35957e-07	-0.0169472
1.37957e-07	-0.0153088
1.39957e-07	-0.0130048
1.41957e-07	-0.010496
1.43957e-07	-0.0081408
1.45957e-07	-0.0058112
1.47957e-07	-0.0036864
1.49957e-07	-0.0014336
1.51957e-07	0.0006144
1.53957e-07	0.002816
1.55957e-07	0.0048128
1.57957e-07	0.0065792
1.59957e-07	0.0080896
1.61957e-07	0.0094208
1.63957e-07	0.0107008
1.65957e-07	0.0115968
1.67957e-07	0.0123136
1.69957e-07	0.013312
1.71957e-07	0.013568
1.73957e-07	0.0143872
1.75957e-07	0.0145152
1.77957e-07	0.0147456
1.79957e-07	0.0150272
1.81957e-07	0.0154112
1.83957e-07	0.0154368
1.85957e-07	0.015872
1.87957e-07	0.0158976
1.89957e-07	0.0160512
1.91957e-07	0.0153856
1.93957e-07	0.015616
1.95957e-07	0.0154368
1.97957e-07	0.0151552
1.99957e-07	0.0147456
2.01957e-07	0.0144384
2.03957e-07	0.0140288
2.05957e-07	0.0140032
2.07957e-07	0.0136704
2.09957e-07	0.0135424
2.11957e-07	0.013184
2.13957e-07	0.0131584
2.15957e-07	0.0129024
2.17957e-07	0.012672
2.19957e-07	0.012032
2.21957e-07	0.0118016
2.23957e-07	0.011008
2.25957e-07	0.0111104
2.27957e-07	0.0106496
2.29957e-07	0.0102656
2.31957e-07	0.0097792
2.33957e-07	0.0093696
2.35957e-07	0.0090112
2.37957e-07	0.0084736
2.39957e-07	0.0077312
2.41957e-07	0.0070912
2.43957e-07	0.0065792
2.45957e-07	0.0059648
2.47957e-07	0.0054272
2.49957e-07	0.0050944
2.51957e-07	0.0044288
2.53957e-07	0.003968
2.55957e-07	0.0033024
2.57957e-07	0.0026368
2.59957e-07	0.0022272
2.61957e-07	0.0017664
2.63957e-07	0.0011264
2.65957e-07	0.0008448
2.67957e-07	0.0006144
2.69957e-07	0.0003584
2.71957e-07	-0.0002816
2.73957e-07	-0.000768
2.75957e-07	-0.0011776
2.77957e-07	-0.0016384
2.79957e-07	-0.0021504
2.81957e-07	-0.0025856
2.83957e-07	-0.0027904
2.85957e-07	-0.0031232
2.87957e-07	-0.003456
2.89957e-07	-0.0038656
2.91957e-07	-0.0045824
2.93957e-07	-0.0048384
2.95957e-07	-0.0051712
2.97957e-07	-0.0055808
2.99957e-07	-0.005888
3.01957e-07	-0.0061696
3.03957e-07	-0.0065792
3.05957e-07	-0.0065536
3.07957e-07	-0.0068352
3.09957e-07	-0.007296
3.11957e-07	-0.0077824
3.13957e-07	-0.0080128
3.15957e-07	-0.0084992
3.17957e-07	-0.008832
3.19957e-07	-0.0092416
3.21957e-07	-0.009472
3.23957e-07	-0.0099328
3.25957e-07	-0.0104704
3.27957e-07	-0.0110336
3.29957e-07	-0.0113664
3.31957e-07	-0.0114688
3.33957e-07	-0.0116736
3.35957e-07	-0.0114944
3.37957e-07	-0.011136
3.39957e-07	-0.0113152
3.41957e-07	-0.0114432
3.43957e-07	-0.0113152
3.45957e-07	-0.0114432
3.47957e-07	-0.0116992
3.49957e-07	-0.011776
3.51957e-07	-0.0117248
3.53957e-07	-0.0117248
3.55957e-07	-0.0119552
3.57957e-07	-0.0121088
3.59957e-07	-0.01216
3.61957e-07	-0.0124672
3.63957e-07	-0.013056
3.65957e-07	-0.0131328
3.67957e-07	-0.0134912
3.69957e-07	-0.0134912
3.71957e-07	-0.013312
3.73957e-07	-0.013184
3.75957e-07	-0.0132352
3.77957e-07	-0.0130816
3.79957e-07	-0.0134656
3.81957e-07	-0.0137728
3.83957e-07	-0.0137216
3.85957e-07	-0.0137728
3.87957e-07	-0.0142336
3.89957e-07	-0.0143616
3.91957e-07	-0.0142848
3.93957e-07	-0.0143872
3.95957e-07	-0.014848
3.97957e-07	-0.0153344
3.99957e-07	-0.0152064
4.01957e-07	-0.0151296
4.03957e-07	-0.01536
4.05957e-07	-0.0153344
4.07957e-07	-0.0155136
4.09957e-07	-0.0153344
4.11957e-07	-0.0156672
4.13957e-07	-0.0156672
4.15957e-07	-0.0158208
4.17957e-07	-0.0157184
4.19957e-07	-0.015488
4.21957e-07	-0.0150016
4.23957e-07	-0.0152064
4.25957e-07	-0.0151808
4.27957e-07	-0.01536
4.29957e-07	-0.0154368
4.31957e-07	-0.0154368
4.33957e-07	-0.0155904
4.35957e-07	-0.0157696
4.37957e-07	-0.0158208
4.39957e-07	-0.0158976
4.41957e-07	-0.015616
4.43957e-07	-0.0160512
4.45957e-07	-0.016128
4.47957e-07	-0.0164352
4.49957e-07	-0.0162816
4.51957e-07	-0.0164352
4.53957e-07	-0.0165632
4.55957e-07	-0.0170752
4.57957e-07	-0.0172032
4.59957e-07	-0.0171264
4.61957e-07	-0.0170496
4.63957e-07	-0.0169728
4.65957e-07	-0.0169728
4.67957e-07	-0.01728
4.69957e-07	-0.0171264
4.71957e-07	-0.0175104
4.73957e-07	-0.0172544
4.75957e-07	-0.0173312
4.77957e-07	-0.0173056
4.79957e-07	-0.0171776
4.81957e-07	-0.0169216
4.83957e-07	-0.0173568
4.85957e-07	-0.0172544
4.87957e-07	-0.017408
4.89957e-07	-0.0168704
4.91957e-07	-0.0169472
4.93957e-07	-0.01664
4.95957e-07	-0.0164608
4.97957e-07	-0.016
4.99957e-07	-0.0159744
5.01957e-07	-0.0156928
5.03957e-07	-0.015232
5.05957e-07	-0.015104
5.07957e-07	-0.0153856
5.09957e-07	-0.0152832
5.11957e-07	-0.0152576
5.13957e-07	-0.0153344
5.15957e-07	-0.0151296
5.17957e-07	-0.015488
5.19957e-07	-0.0155136
5.21957e-07	-0.0156672
5.23957e-07	-0.0155392
5.25957e-07	-0.0155136
5.27957e-07	-0.015488
5.29957e-07	-0.01536
5.31957e-07	-0.0155136
5.33957e-07	-0.0157184
5.35957e-07	-0.0160512
5.37957e-07	-0.0163072
5.39957e-07	-0.0165888
5.41957e-07	-0.0168448
5.43957e-07	-0.0167936
5.45957e-07	-0.0166912
5.47957e-07	-0.0168448
5.49957e-07	-0.0166912
5.51957e-07	-0.017024
5.53957e-07	-0.0167936
5.55957e-07	-0.016768
5.57957e-07	-0.0168448
5.59957e-07	-0.0166912
5.61957e-07	-0.0167168
5.63957e-07	-0.0168448
5.65957e-07	-0.0171264
5.67957e-07	-0.0173056
5.69957e-07	-0.0172288
5.71957e-07	-0.01728
5.73957e-07	-0.0171776
5.75957e-07	-0.0173824
5.77957e-07	-0.0176128
5.79957e-07	-0.0174592
5.81957e-07	-0.0177664
5.83957e-07	-0.0177408
5.85957e-07	-0.0175872
5.87957e-07	-0.0176384
5.89957e-07	-0.0176896
5.91957e-07	-0.0176896
5.93957e-07	-0.0175872
5.95957e-07	-0.0175872
5.97957e-07	-0.0174592
5.99957e-07	-0.0173568
6.01957e-07	-0.0172032
6.03957e-07	-0.0174848
6.05957e-07	-0.0176384
6.07957e-07	-0.0174592
6.09957e-07	-0.017408
6.11957e-07	-0.0173312
6.13957e-07	-0.0174336
6.15957e-07	-0.0176384
6.17957e-07	-0.0174336
6.19957e-07	-0.017664
6.21957e-07	-0.0177408
6.23957e-07	-0.0177664
6.25957e-07	-0.0175872
6.27957e-07	-0.017792
6.29957e-07	-0.01792
6.31957e-07	-0.0178432
6.33957e-07	-0.0176128
6.35957e-07	-0.0175616
6.37957e-07	-0.0175616
6.39957e-07	-0.0177152
6.41957e-07	-0.0177152
6.43957e-07	-0.0178944
6.45957e-07	-0.0178432
6.47957e-07	-0.0180224
6.49957e-07	-0.0177664
6.51957e-07	-0.0180224
6.53957e-07	-0.018048
6.55957e-07	-0.0182784
6.57957e-07	-0.0185344
6.59957e-07	-0.0185856
6.61957e-07	-0.0188416
6.63957e-07	-0.0188416
6.65957e-07	-0.0185088
6.67957e-07	-0.0186112
6.69957e-07	-0.0183552
6.71957e-07	-0.0183808
6.73957e-07	-0.0179968
6.75957e-07	-0.0180736
6.77957e-07	-0.0182528
6.79957e-07	-0.0182528
6.81957e-07	-0.0181504
6.83957e-07	-0.0181504
6.85957e-07	-0.0178944
6.87957e-07	-0.0178688
6.89957e-07	-0.0177664
6.91957e-07	-0.0178432
6.93957e-07	-0.0178176
6.95957e-07	-0.017664
6.97957e-07	-0.0173824
6.99957e-07	-0.0175104
7.01957e-07	-0.0174848
7.03957e-07	-0.0169984
7.05957e-07	-0.0168192
7.07957e-07	-0.016768
7.09957e-07	-0.016896
7.11957e-07	-0.0169216
7.13957e-07	-0.0167168
7.15957e-07	-0.0165888
7.17957e-07	-0.016512
7.19957e-07	-0.016768
7.21957e-07	-0.0166656
7.23957e-07	-0.0166912
7.25957e-07	-0.0169728
7.27957e-07	-0.0173312
7.29957e-07	-0.0174592
7.31957e-07	-0.0175104
7.33957e-07	-0.0178432
7.35957e-07	-0.0179712
7.37957e-07	-0.0179456
7.39957e-07	-0.0179968
7.41957e-07	-0.0179456
7.43957e-07	-0.0181504
7.45957e-07	-0.018048
7.47957e-07	-0.0182528
7.49957e-07	-0.018304
7.51957e-07	-0.018432
7.53957e-07	-0.0182528
7.55957e-07	-0.0182528
7.57957e-07	-0.0183808
7.59957e-07	-0.0186368
7.61957e-07	-0.0186112
7.63957e-07	-0.0188416
7.65957e-07	-0.0190976
7.67957e-07	-0.0191232
7.69957e-07	-0.0191488
7.71957e-07	-0.0192512
7.73957e-07	-0.0196352
7.75957e-07	-0.0195072
7.77957e-07	-0.0194816
7.79957e-07	-0.0196352
7.81957e-07	-0.0197632
7.83957e-07	-0.0196864
7.85957e-07	-0.0197632
7.87957e-07	-0.0200704
7.89957e-07	-0.0196864
7.91957e-07	-0.0201472
7.93957e-07	-0.0202496
7.95957e-07	-0.0204544
7.97957e-07	-0.0205056
7.99957e-07	-0.0208384
8.01957e-07	-0.0205824
8.03957e-07	-0.0209664
8.05957e-07	-0.0208128
8.07957e-07	-0.0210944
8.09957e-07	-0.0210432
8.11957e-07	-0.021248
8.13957e-07	-0.0211456
8.15957e-07	-0.0215808
8.17957e-07	-0.021248
8.19957e-07	-0.021376
8.21957e-07	-0.021376
8.23957e-07	-0.0216064
8.25957e-07	-0.0216832
8.27957e-07	-0.0217344
8.29957e-07	-0.021504
8.31957e-07	-0.0214272
8.33957e-07	-0.0215808
8.35957e-07	-0.02176
8.37957e-07	-0.021504
8.39957e-07	-0.0214016
8.41957e-07	-0.0210176
8.43957e-07	-0.021376
8.45957e-07	-0.0214272
8.47957e-07	-0.0214016
8.49957e-07	-0.0207616
8.51957e-07	-0.0211968
8.53957e-07	-0.0212992
8.55957e-07	-0.0211456
8.57957e-07	-0.0208384
8.59957e-07	-0.0209152
8.61957e-07	-0.0208896
8.63957e-07	-0.0208128
8.65957e-07	-0.0205312
8.67957e-07	-0.0207872
8.69957e-07	-0.0206592
8.71957e-07	-0.0206848
8.73957e-07	-0.0203776
8.75957e-07	-0.0203264
8.77957e-07	-0.0205056
8.79957e-07	-0.02048
8.81957e-07	-0.0201984
8.83957e-07	-0.020352
8.85957e-07	-0.0205824
8.87957e-07	-0.0205568
8.89957e-07	-0.0203008
8.91957e-07	-0.0204032
8.93957e-07	-0.020608
8.95957e-07	-0.02048
8.97957e-07	-0.0201984
8.99957e-07	-0.0198912
9.01957e-07	-0.0198912
9.03957e-07	-0.0197888
9.05957e-07	-0.01984
9.07957e-07	-0.0200448
9.09957e-07	-0.0200704
9.11957e-07	-0.020224
9.13957e-07	-0.020224
9.15957e-07	-0.0208128
9.17957e-07	-0.0206848
9.19957e-07	-0.0206336
9.21957e-07	-0.0203008
9.23957e-07	-0.0204288
9.25957e-07	-0.0204544
9.27957e-07	-0.0206336
9.29957e-07	-0.0205056
9.31957e-07	-0.0207104
9.33957e-07	-0.0205312
9.35957e-07	-0.020096
9.37957e-07	-0.0196352
9.39957e-07	-0.0194304
9.41957e-07	-0.0192768
9.43957e-07	-0.0193536
9.45957e-07	-0.018688
9.47957e-07	-0.0184576
9.49957e-07	-0.0183808
9.51957e-07	-0.0182784
9.53957e-07	-0.0180224
9.55957e-07	-0.017664
9.57957e-07	-0.0172032
9.59957e-07	-0.0174336
9.61957e-07	-0.01728
9.63957e-07	-0.0170752
9.65957e-07	-0.0168704
9.67957e-07	-0.0166656
9.69957e-07	-0.0164096
9.71957e-07	-0.016128
9.73957e-07	-0.0163072
9.75957e-07	-0.016384
9.77957e-07	-0.0163584
9.79957e-07	-0.016512
9.81957e-07	-0.0164864
9.83957e-07	-0.016512
9.85957e-07	-0.0164608
9.87957e-07	-0.0167936
9.89957e-07	-0.0168448
9.91957e-07	-0.0171008
9.93957e-07	-0.017024
9.95957e-07	-0.0172032
9.97957e-07	-0.016896
9.99957e-07	-0.0166144
1.001957e-06	-0.0163584
1.003957e-06	-0.016512
1.005957e-06	-0.0165376
1.007957e-06	-0.0166912
1.009957e-06	-0.0160768
1.011957e-06	-0.0164352
1.013957e-06	-0.0168448
1.015957e-06	-0.017024
1.017957e-06	-0.01664
1.019957e-06	-0.0164096
1.021957e-06	-0.016896
1.023957e-06	-0.0168704
1.025957e-06	-0.0169728
1.027957e-06	-0.0168448
1.029957e-06	-0.0172032
1.031957e-06	-0.0175104
1.033957e-06	-0.0174336
1.035957e-06	-0.0173568
1.037957e-06	-0.0172288
1.039957e-06	-0.01728
1.041957e-06	-0.017152
1.043957e-06	-0.0172032
1.045957e-06	-0.017024
1.047957e-06	-0.0173824
1.049957e-06	-0.01728
1.051957e-06	-0.0170752
1.053957e-06	-0.017152
1.055957e-06	-0.0172544
1.057957e-06	-0.0169472
1.059957e-06	-0.0171264
1.061957e-06	-0.01728
1.063957e-06	-0.0171776
1.065957e-06	-0.0172544
1.067957e-06	-0.0176128
1.069957e-06	-0.017664
1.071957e-06	-0.0177664
1.073957e-06	-0.0175872
1.075957e-06	-0.017408
1.077957e-06	-0.0172288
1.079957e-06	-0.017024
1.081957e-06	-0.0166912
1.083957e-06	-0.0169216
1.085957e-06	-0.0168192
1.087957e-06	-0.0166656
1.089957e-06	-0.0164864
1.091957e-06	-0.0166912
1.093957e-06	-0.016512
1.095957e-06	-0.0165632
1.097957e-06	-0.0166912
1.099957e-06	-0.0169472
1.101957e-06	-0.0167424
1.103957e-06	-0.0165632
1.105957e-06	-0.0166912
1.107957e-06	-0.0166656
1.109957e-06	-0.0165888
1.111957e-06	-0.0165376
1.113957e-06	-0.0164864
1.115957e-06	-0.0164608
1.117957e-06	-0.016512
1.119957e-06	-0.0167424
1.121957e-06	-0.016512
1.123957e-06	-0.0167424
1.125957e-06	-0.0164608
1.127957e-06	-0.0169728
1.129957e-06	-0.016896
1.131957e-06	-0.0167936
1.133957e-06	-0.0167168
1.135957e-06	-0.0168192
1.137957e-06	-0.0166912
1.139957e-06	-0.0172288
1.141957e-06	-0.0173824
1.143957e-06	-0.0174592
1.145957e-06	-0.0172288
1.147957e-06	-0.0173568
1.149957e-06	-0.017152
1.151957e-06	-0.0169984
1.153957e-06	-0.0167936
1.155957e-06	-0.0167424
1.157957e-06	-0.01664
1.159957e-06	-0.0163584
1.161957e-06	-0.0162304
1.163957e-06	-0.016
1.165957e-06	-0.016
1.167957e-06	-0.0156672
1.169957e-06	-0.0153856
1.171957e-06	-0.0154368
1.173957e-06	-0.0153856
1.175957e-06	-0.015232
1.177957e-06	-0.0152064
1.179957e-06	-0.0153344
1.181957e-06	-0.0154368
1.183957e-06	-0.015872
1.185957e-06	-0.015744
1.187957e-06	-0.0159488
1.189957e-06	-0.0156928
1.191957e-06	-0.0160768
1.193957e-06	-0.0162304
1.195957e-06	-0.0164096
1.197957e-06	-0.0166656
1.199957e-06	-0.0167424
1.201957e-06	-0.0163328
1.203957e-06	-0.0164864
1.205957e-06	-0.016128
1.207957e-06	-0.0161536
1.209957e-06	-0.016128
1.211957e-06	-0.0163328
1.213957e-06	-0.016384
1.215957e-06	-0.0163584
1.217957e-06	-0.0164096
1.219957e-06	-0.0164352
1.221957e-06	-0.0162304
1.223957e-06	-0.0164352
1.225957e-06	-0.0161792
1.227957e-06	-0.016768
1.229957e-06	-0.0169472
1.231957e-06	-0.0169984
1.233957e-06	-0.016896
1.235957e-06	-0.0168704
1.237957e-06	-0.017152
1.239957e-06	-0.0172544
1.241957e-06	-0.0173312
1.243957e-06	-0.0172032
1.245957e-06	-0.0172544
1.247957e-06	-0.0171008
1.249957e-06	-0.016896
1.251957e-06	-0.0170496
1.253957e-06	-0.017024
1.255957e-06	-0.0169984
1.257957e-06	-0.0169216
1.259957e-06	-0.0172544
1.261957e-06	-0.0172288
1.263957e-06	-0.0173824
1.265957e-06	-0.0169984
1.267957e-06	-0.0173056
1.269957e-06	-0.0176128
1.271957e-06	-0.0173568
1.273957e-06	-0.0168448
1.275957e-06	-0.0166912
1.277957e-06	-0.0168704
1.279957e-06	-0.0167936
1.281957e-06	-0.0165376
1.283957e-06	-0.0166912
1.285957e-06	-0.0165376
1.287957e-06	-0.0164352
1.289957e-06	-0.0164096
1.291957e-06	-0.0163328
1.293957e-06	-0.0158464
1.295957e-06	-0.0158464
1.297957e-06	-0.0156416
1.299957e-06	-0.0154112
1.301957e-06	-0.0150528
1.303957e-06	-0.0146176
1.305957e-06	-0.0143872
1.307957e-06	-0.0144896
1.309957e-06	-0.0142592
1.311957e-06	-0.0141568
1.313957e-06	-0.013696
1.315957e-06	-0.013696
1.317957e-06	-0.0134144
1.319957e-06	-0.013056
1.321957e-06	-0.0127488
1.323957e-06	-0.0130816
1.325957e-06	-0.0128256
1.327957e-06	-0.012416
1.329957e-06	-0.0122368
1.331957e-06	-0.0129536
1.333957e-06	-0.0130048
1.335957e-06	-0.0125184
1.337957e-06	-0.0120576
1.339957e-06	-0.0119552
1.341957e-06	-0.012416
1.343957e-06	-0.013056
1.345957e-06	-0.0131072
1.347957e-06	-0.013568
1.349957e-06	-0.0135168
1.351957e-06	-0.0136704
1.353957e-06	-0.0135168
1.355957e-06	-0.0133888
1.357957e-06	-0.0132608
1.359957e-06	-0.0131584
1.361957e-06	-0.013184
1.363957e-06	-0.0133888
1.365957e-06	-0.0129536
1.367957e-06	-0.0132352
1.369957e-06	-0.0131072
1.371957e-06	-0.0137984
1.373957e-06	-0.01408
1.375957e-06	-0.0143872
1.377957e-06	-0.0142848
1.379957e-06	-0.0143104
1.381957e-06	-0.0145408
1.383957e-06	-0.0145664
1.385957e-06	-0.0145664
1.387957e-06	-0.0150016
1.389957e-06	-0.0148736
1.391957e-06	-0.0149248
1.393957e-06	-0.014848
1.395957e-06	-0.0150272
1.397957e-06	-0.0148736
1.399957e-06	-0.0150272
1.401957e-06	-0.0154112
1.403957e-06	-0.0155904
1.405957e-06	-0.0154368
1.407957e-06	-0.0157184
1.409957e-06	-0.015616
1.411957e-06	-0.015616
1.413957e-06	-0.0154368
1.415957e-06	-0.0156416
1.417957e-06	-0.0156672
1.419957e-06	-0.0161024
1.421957e-06	-0.0160512
1.423957e-06	-0.016128
1.425957e-06	-0.0158464
1.427957e-06	-0.015872
1.429957e-06	-0.0156416
1.431957e-06	-0.0154624
1.433957e-06	-0.0155904
1.435957e-06	-0.0160512
1.437957e-06	-0.0159232
1.439957e-06	-0.0159488
1.441957e-06	-0.0155904
1.443957e-06	-0.0160768
1.445957e-06	-0.0159232
1.447957e-06	-0.0160768
1.449957e-06	-0.0159744
1.451957e-06	-0.0164864
1.453957e-06	-0.0165888
1.455957e-06	-0.0165888
1.457957e-06	-0.0164864
1.459957e-06	-0.0164096
1.461957e-06	-0.0165632
1.463957e-06	-0.0166656
1.465957e-06	-0.0165376
1.467957e-06	-0.0169728
1.469957e-06	-0.0171008
1.471957e-06	-0.0174592
1.473957e-06	-0.0173568
1.475957e-06	-0.0173312
1.477957e-06	-0.0173056
1.479957e-06	-0.0176896
1.481957e-06	-0.0177408
1.483957e-06	-0.0176128
1.485957e-06	-0.017664
1.487957e-06	-0.0175872
1.489957e-06	-0.0174848
1.491957e-06	-0.0176896
1.493957e-06	-0.0174336
1.495957e-06	-0.0176384
1.497957e-06	-0.0175104
1.499957e-06	-0.0173312
1.501957e-06	-0.0173568
1.503957e-06	-0.0178432
1.505957e-06	-0.0174592
1.507957e-06	-0.0172544
1.509957e-06	-0.0173824
1.511957e-06	-0.0178432
1.513957e-06	-0.0177408
1.515957e-06	-0.0179456
1.517957e-06	-0.0178432
1.519957e-06	-0.0179968
1.521957e-06	-0.0179456
1.523957e-06	-0.0179968
1.525957e-06	-0.0177664
1.527957e-06	-0.0179456
1.529957e-06	-0.0178432
1.531957e-06	-0.0183552
1.533957e-06	-0.018432
1.535957e-06	-0.018688
1.537957e-06	-0.0185856
1.539957e-06	-0.0184832
1.541957e-06	-0.0182272
1.543957e-06	-0.01792
1.545957e-06	-0.0176384
1.547957e-06	-0.017408
1.549957e-06	-0.0172032
1.551957e-06	-0.0168192
1.553957e-06	-0.016512
1.555957e-06	-0.016256
1.557957e-06	-0.015744
1.559957e-06	-0.0154112
1.561957e-06	-0.0148992
1.563957e-06	-0.0150272
1.565957e-06	-0.014976
1.567957e-06	-0.014848
1.569957e-06	-0.0148224
1.571957e-06	-0.0146176
1.573957e-06	-0.0146176
1.575957e-06	-0.014592
1.577957e-06	-0.0143104
1.579957e-06	-0.0144896
1.581957e-06	-0.0144384
1.583957e-06	-0.0145664
1.585957e-06	-0.01408
1.587957e-06	-0.0142336
1.589957e-06	-0.0140288
1.591957e-06	-0.0141312
1.593957e-06	-0.0137984
1.595957e-06	-0.0136448
1.597957e-06	-0.0135424
1.599957e-06	-0.0137728
1.601957e-06	-0.0130816
1.603957e-06	-0.0132864
1.605957e-06	-0.013312
1.607957e-06	-0.0135424
1.609957e-06	-0.0133888
1.611957e-06	-0.0135424
1.613957e-06	-0.013568
1.615957e-06	-0.013568
1.617957e-06	-0.0136704
1.619957e-06	-0.0136704
1.621957e-06	-0.0135936
1.623957e-06	-0.0136448
1.625957e-06	-0.0136192
1.627957e-06	-0.013568
1.629957e-06	-0.0137472
1.631957e-06	-0.0137472
1.633957e-06	-0.0136448
1.635957e-06	-0.013824
1.637957e-06	-0.0140288
1.639957e-06	-0.0140544
1.641957e-06	-0.0138752
1.643957e-06	-0.0142592
1.645957e-06	-0.0145152
1.647957e-06	-0.0150528
1.649957e-06	-0.01472
1.651957e-06	-0.0147968
1.653957e-06	-0.0149248
1.655957e-06	-0.015232
1.657957e-06	-0.0154624
1.659957e-06	-0.0154368
1.661957e-06	-0.0153856
1.663957e-06	-0.0155392
1.665957e-06	-0.0155392
1.667957e-06	-0.0156416
1.669957e-06	-0.0156672
1.671957e-06	-0.0156672
1.673957e-06	-0.0154624
1.675957e-06	-0.0157952
1.677957e-06	-0.0157952
1.679957e-06	-0.0157952
1.681957e-06	-0.0158464
1.683957e-06	-0.0164608
1.685957e-06	-0.0165376
1.687957e-06	-0.0169472
1.689957e-06	-0.0166144
1.691957e-06	-0.0168704
1.693957e-06	-0.017024
1.695957e-06	-0.0172288
1.697957e-06	-0.0173312
1.699957e-06	-0.017152
1.701957e-06	-0.016768
1.703957e-06	-0.016896
1.705957e-06	-0.0166656
1.707957e-06	-0.0169472
1.709957e-06	-0.0166912
1.711957e-06	-0.0173568
1.713957e-06	-0.0173312
1.715957e-06	-0.0175104
1.717957e-06	-0.0175104
1.719957e-06	-0.0178944
1.721957e-06	-0.0176896
1.723957e-06	-0.0179456
1.725957e-06	-0.0182528
1.727957e-06	-0.0187904
1.729957e-06	-0.0188672
1.731957e-06	-0.0191744
1.733957e-06	-0.0193024
1.735957e-06	-0.0194304
1.737957e-06	-0.0191488
1.739957e-06	-0.0191488
1.741957e-06	-0.0195072
1.743957e-06	-0.0197376
1.745957e-06	-0.0195328
1.747957e-06	-0.020096
1.749957e-06	-0.0200704
1.751957e-06	-0.0199168
1.753957e-06	-0.0196864
1.755957e-06	-0.0197888
1.757957e-06	-0.0198912
1.759957e-06	-0.0199168
1.761957e-06	-0.0196864
1.763957e-06	-0.0196608
1.765957e-06	-0.0196352
1.767957e-06	-0.019584
1.769957e-06	-0.0194816
1.771957e-06	-0.019328
1.773957e-06	-0.0192512
1.775957e-06	-0.0193536
1.777957e-06	-0.0192512
1.779957e-06	-0.0193536
1.781957e-06	-0.0195584
1.783957e-06	-0.0195584
1.785957e-06	-0.0192512
1.787957e-06	-0.0191232
1.789957e-06	-0.0192256
1.791957e-06	-0.019328
1.793957e-06	-0.0192256
1.795957e-06	-0.0192
1.797957e-06	-0.0190208
1.799957e-06	-0.0194048
1.801957e-06	-0.0190208
1.803957e-06	-0.0190464
1.805957e-06	-0.0192256
1.807957e-06	-0.0192512
1.809957e-06	-0.019072
1.811957e-06	-0.0190464
1.813957e-06	-0.018816
1.815957e-06	-0.018688
1.817957e-06	-0.0186368
1.819957e-06	-0.0187392
1.821957e-06	-0.0185856
1.823957e-06	-0.0189696
1.825957e-06	-0.0190464
1.827957e-06	-0.0187904
1.829957e-06	-0.0184832
1.831957e-06	-0.0185088
1.833957e-06	-0.0180736
1.835957e-06	-0.018176
1.837957e-06	-0.0181248
1.839957e-06	-0.018432
1.841957e-06	-0.0181248
1.843957e-06	-0.0182016
1.845957e-06	-0.0181248
1.847957e-06	-0.018048
1.849957e-06	-0.0178432
1.851957e-06	-0.0182528
1.853957e-06	-0.018304
1.855957e-06	-0.0183808
1.857957e-06	-0.0182272
1.859957e-06	-0.018048
1.861957e-06	-0.0182528
1.863957e-06	-0.018176
1.865957e-06	-0.0181248
1.867957e-06	-0.018176
1.869957e-06	-0.0185344
1.871957e-06	-0.018816
1.873957e-06	-0.0187904
1.875957e-06	-0.0185856
1.877957e-06	-0.0186624
1.879957e-06	-0.0188416
1.881957e-06	-0.0191232
1.883957e-06	-0.0190464
1.885957e-06	-0.0190208
1.887957e-06	-0.0192512
1.889957e-06	-0.0192512
1.891957e-06	-0.0193536
1.893957e-06	-0.0193024
1.895957e-06	-0.0196352
1.897957e-06	-0.0196352
1.899957e-06	-0.0195328
1.901957e-06	-0.0192256
1.903957e-06	-0.019456
1.905957e-06	-0.0192768
1.907957e-06	-0.0194304
1.909957e-06	-0.0193792
1.911957e-06	-0.0195328
1.913957e-06	-0.0193536
1.915957e-06	-0.019712
1.917957e-06	-0.0201728
1.919957e-06	-0.020608
1.921957e-06	-0.020224
1.923957e-06	-0.0199168
1.925957e-06	-0.0202496
1.927957e-06	-0.0202752
1.929957e-06	-0.019968
1.931957e-06	-0.019968
1.933957e-06	-0.0201728
1.935957e-06	-0.0203008
1.937957e-06	-0.020224
1.939957e-06	-0.0203264
1.941957e-06	-0.020096
1.943957e-06	-0.0199168
1.945957e-06	-0.0196608
1.947957e-06	-0.019712
1.949957e-06	-0.0197632
1.951957e-06	-0.0198144
1.953957e-06	-0.0196864
1.955957e-06	-0.0194816
1.957957e-06	-0.019072
1.959957e-06	-0.0193792
1.961957e-06	-0.0191232
1.963957e-06	-0.0189952
1.965957e-06	-0.019072
1.967957e-06	-0.0194048
1.969957e-06	-0.0192768
1.971957e-06	-0.0191488
1.973957e-06	-0.0193024
1.975957e-06	-0.0191744
1.977957e-06	-0.0192256
1.979957e-06	-0.0193792
1.981957e-06	-0.019584
1.983957e-06	-0.0196096
1.985957e-06	-0.0196352
1.987957e-06	-0.0196864
1.989957e-06	-0.020096
1.991957e-06	-0.020224
1.993957e-06	-0.0201472
1.995957e-06	-0.0204544
1.997957e-06	-0.020864
1.999957e-06	-0.020608
2.001957e-06	-0.0207104
2.003957e-06	-0.02048
2.005957e-06	-0.0204544
2.007957e-06	-0.0204544
2.009957e-06	-0.0200704
2.011957e-06	-0.0197888
2.013957e-06	-0.0191744
2.015957e-06	-0.019328
2.017957e-06	-0.0194304
2.019957e-06	-0.0193024
2.021957e-06	-0.0192
2.023957e-06	-0.019456
2.025957e-06	-0.019456
2.027957e-06	-0.019456
2.029957e-06	-0.0197888
2.031957e-06	-0.0198912
2.033957e-06	-0.0196608
2.035957e-06	-0.0197888
2.037957e-06	-0.0200448
2.039957e-06	-0.0202752
2.041957e-06	-0.0201984
2.043957e-06	-0.0201984
2.045957e-06	-0.0200448
2.047957e-06	-0.0200704
2.049957e-06	-0.0200448
2.051957e-06	-0.0202752
2.053957e-06	-0.0199936
2.055957e-06	-0.0199424
2.057957e-06	-0.0199936
2.059957e-06	-0.0200448
2.061957e-06	-0.0205824
2.063957e-06	-0.0207616
2.065957e-06	-0.0207104
2.067957e-06	-0.020992
2.069957e-06	-0.0209664
2.071957e-06	-0.0208128
2.073957e-06	-0.0204288
2.075957e-06	-0.0202496
2.077957e-06	-0.02048
2.079957e-06	-0.0203264
2.081957e-06	-0.0201728
2.083957e-06	-0.0203008
2.085957e-06	-0.0203008
2.087957e-06	-0.0202496
2.089957e-06	-0.0202752
2.091957e-06	-0.0205824
2.093957e-06	-0.0205056
2.095957e-06	-0.0201728
2.097957e-06	-0.01984
2.099957e-06	-0.01984
2.101957e-06	-0.0197376
2.103957e-06	-0.0196608
2.105957e-06	-0.0196096
2.107957e-06	-0.0193792
2.109957e-06	-0.0190464
2.111957e-06	-0.0193024
2.113957e-06	-0.019072
2.115957e-06	-0.0185856
2.117957e-06	-0.0185856
2.119957e-06	-0.01856
2.121957e-06	-0.018176
2.123957e-06	-0.0182784
2.125957e-06	-0.0183296
2.127957e-06	-0.0183296
2.129957e-06	-0.0184064
2.131957e-06	-0.01856
2.133957e-06	-0.0183808
2.135957e-06	-0.01856
2.137957e-06	-0.0183552
2.139957e-06	-0.0185344
2.141957e-06	-0.0187904
2.143957e-06	-0.0190208
2.145957e-06	-0.0190976
2.147957e-06	-0.0190976
2.149957e-06	-0.0190464
2.151957e-06	-0.0193792
2.153957e-06	-0.0193024
2.155957e-06	-0.0195072
2.157957e-06	-0.019968
2.159957e-06	-0.0201984
2.161957e-06	-0.0200704
2.163957e-06	-0.019968
2.165957e-06	-0.020224
2.167957e-06	-0.020352
2.169957e-06	-0.0203264
2.171957e-06	-0.0202496
2.173957e-06	-0.0200448
2.175957e-06	-0.0198912
2.177957e-06	-0.0198912
2.179957e-06	-0.0203008
2.181957e-06	-0.0206336
2.183957e-06	-0.0207616
2.185957e-06	-0.0204544
2.187957e-06	-0.0203776
2.189957e-06	-0.0204544
2.191957e-06	-0.0204544
2.193957e-06	-0.0203264
2.195957e-06	-0.0205056
2.197957e-06	-0.020608
2.199957e-06	-0.020992
2.201957e-06	-0.0210688
2.203957e-06	-0.0211456
2.205957e-06	-0.0214528
2.207957e-06	-0.0214016
2.209957e-06	-0.021248
2.211957e-06	-0.0210944
2.213957e-06	-0.0211456
2.215957e-06	-0.021376
2.217957e-06	-0.0214272
2.219957e-06	-0.0218112
2.221957e-06	-0.0216064
2.223957e-06	-0.0218112
2.225957e-06	-0.0218112
2.227957e-06	-0.0220416
2.229957e-06	-0.0222208
2.231957e-06	-0.022272
2.233957e-06	-0.0220416
2.235957e-06	-0.0216832
2.237957e-06	-0.0215296
2.239957e-06	-0.0214016
2.241957e-06	-0.0211968
2.243957e-06	-0.0213248
2.245957e-06	-0.0212224
2.247957e-06	-0.0210432
2.249957e-06	-0.0210944
2.251957e-06	-0.0212224
2.253957e-06	-0.0216832
2.255957e-06	-0.02176
2.257957e-06	-0.0219904
2.259957e-06	-0.0219392
2.261957e-06	-0.02176
2.263957e-06	-0.0219648
2.265957e-06	-0.02176
2.267957e-06	-0.0218112
2.269957e-06	-0.021632
2.271957e-06	-0.0217088
2.273957e-06	-0.0215296
2.275957e-06	-0.0217088
2.277957e-06	-0.0220416
2.279957e-06	-0.022144
2.281957e-06	-0.0219648
2.283957e-06	-0.0220672
2.285957e-06	-0.0222464
2.287957e-06	-0.022272
2.289957e-06	-0.0220928
2.291957e-06	-0.0226048
2.293957e-06	-0.0226048
2.295957e-06	-0.0227328
2.297957e-06	-0.0226816
2.299957e-06	-0.0228352
2.301957e-06	-0.0231424
2.303957e-06	-0.0236032
2.305957e-06	-0.0233216
2.307957e-06	-0.0233728
2.309957e-06	-0.0234752
2.311957e-06	-0.0235776
2.313957e-06	-0.0236032
2.315957e-06	-0.02368
2.317957e-06	-0.0233728
2.319957e-06	-0.0230912
2.321957e-06	-0.0230912
2.323957e-06	-0.0230912
2.325957e-06	-0.0232448
2.327957e-06	-0.0233472
2.329957e-06	-0.0232448
2.331957e-06	-0.0236288
2.333957e-06	-0.0237312
2.335957e-06	-0.0238592
2.337957e-06	-0.0238336
2.339957e-06	-0.0236288
2.341957e-06	-0.023552
2.343957e-06	-0.0231424
2.345957e-06	-0.022528
2.347957e-06	-0.0226048
2.349957e-06	-0.0228608
2.351957e-06	-0.0225536
2.353957e-06	-0.0226816
2.355957e-06	-0.0226048
2.357957e-06	-0.0223488
2.359957e-06	-0.0222464
2.361957e-06	-0.0223744
2.363957e-06	-0.022144
2.365957e-06	-0.0219648
2.367957e-06	-0.0220416
2.369957e-06	-0.02176
2.371957e-06	-0.021632
2.373957e-06	-0.02176
2.375957e-06	-0.0217856
2.377957e-06	-0.0214784
2.379957e-06	-0.0216064
2.381957e-06	-0.0215808
2.383957e-06	-0.0216064
2.385957e-06	-0.0211712
2.387957e-06	-0.0213504
2.389957e-06	-0.0214784
2.391957e-06	-0.0214784
2.393957e-06	-0.021376
2.395957e-06	-0.0212736
2.397957e-06	-0.0210432
2.399957e-06	-0.02112
2.401957e-06	-0.0207872
2.403957e-06	-0.0209152
2.405957e-06	-0.0208128
2.407957e-06	-0.0208128
2.409957e-06	-0.020352
2.411957e-06	-0.0200448
2.413957e-06	-0.0199424
2.415957e-06	-0.019584
2.417957e-06	-0.0195328
2.419957e-06	-0.0196096
2.421957e-06	-0.0190976
2.423957e-06	-0.0185856
2.425957e-06	-0.0181504
2.427957e-06	-0.018048
2.429957e-06	-0.0179456
2.431957e-06	-0.017536
2.433957e-06	-0.017408
2.435957e-06	-0.0174336
2.437957e-06	-0.0175616
2.439957e-06	-0.0174848
2.441957e-06	-0.0172288
2.443957e-06	-0.0169472
2.445957e-06	-0.0166656
2.447957e-06	-0.016768
2.449957e-06	-0.0167936
2.451957e-06	-0.0166144
2.453957e-06	-0.016768
2.455957e-06	-0.0166144
2.457957e-06	-0.0164352
2.459957e-06	-0.016384
2.461957e-06	-0.016384
2.463957e-06	-0.0163584
2.465957e-06	-0.0162048
2.467957e-06	-0.0163328
2.469957e-06	-0.0166656
2.471957e-06	-0.0168448
2.473957e-06	-0.0166656
2.475957e-06	-0.01664
2.477957e-06	-0.0167424
2.479957e-06	-0.0169728
2.481957e-06	-0.0167936
2.483957e-06	-0.0169984
2.485957e-06	-0.017152
2.487957e-06	-0.0173568
2.489957e-06	-0.0168704
2.491957e-06	-0.01664
2.493957e-06	-0.0163328
2.495957e-06	-0.0162048
2.497957e-06	-0.0164352
2.499957e-06	-0.016128
2.501957e-06	-0.0162304
